Nucleotide	Sequence	Modified_mutations	Modified_read_depth	Modified_effective_depth	Modified_rate	Modified_off_target_mapped_depth	Modified_low_mapq_mapped_depth	Modified_primer_pair_1_mapped_depth	Untreated_mutations	Untreated_read_depth	Untreated_effective_depth	Untreated_rate	Untreated_off_target_mapped_depth	Untreated_low_mapq_mapped_depth	Untreated_primer_pair_1_mapped_depth	Denatured_mutations	Denatured_read_depth	Denatured_effective_depth	Denatured_rate	Denatured_off_target_mapped_depth	Denatured_low_mapq_mapped_depth	Denatured_primer_pair_1_mapped_depth	Reactivity_profile	Std_err	HQ_profile	HQ_stderr	Norm_profile	Norm_stderr
1	g	0	17562	0	nan	2586	0	17562	0	0	0	nan	0	0	0	0	0	0	nan	0	0	0	nan	nan	nan	nan	nan	nan
2	g	0	17572	0	nan	2586	0	17572	0	0	0	nan	0	0	0	0	0	0	nan	0	0	0	nan	nan	nan	nan	nan	nan
3	a	0	17581	0	nan	2588	0	17581	0	0	0	nan	0	0	0	0	0	0	nan	0	0	0	nan	nan	nan	nan	nan	nan
4	u	0	17581	0	nan	2588	0	17581	0	0	0	nan	0	0	0	0	0	0	nan	0	0	0	nan	nan	nan	nan	nan	nan
5	a	0	17585	0	nan	2588	0	17585	0	0	0	nan	0	0	0	0	0	0	nan	0	0	0	nan	nan	nan	nan	nan	nan
6	a	0	17585	0	nan	2588	0	17585	0	0	0	nan	0	0	0	0	0	0	nan	0	0	0	nan	nan	nan	nan	nan	nan
7	u	0	17585	0	nan	2588	0	17585	0	0	0	nan	0	0	0	0	0	0	nan	0	0	0	nan	nan	nan	nan	nan	nan
8	c	0	17585	0	nan	2588	0	17585	0	0	0	nan	0	0	0	0	0	0	nan	0	0	0	nan	nan	nan	nan	nan	nan
9	c	0	17585	0	nan	2588	0	17585	0	0	0	nan	0	0	0	0	0	0	nan	0	0	0	nan	nan	nan	nan	nan	nan
10	a	0	17585	0	nan	2588	0	17585	0	0	0	nan	0	0	0	0	0	0	nan	0	0	0	nan	nan	nan	nan	nan	nan
11	a	0	17585	0	nan	2588	0	17585	0	0	0	nan	0	0	0	0	0	0	nan	0	0	0	nan	nan	nan	nan	nan	nan
12	a	0	17585	0	nan	2588	0	17585	0	0	0	nan	0	0	0	0	0	0	nan	0	0	0	nan	nan	nan	nan	nan	nan
13	a	0	17585	0	nan	2588	0	17585	0	0	0	nan	0	0	0	0	0	0	nan	0	0	0	nan	nan	nan	nan	nan	nan
14	c	0	17585	0	nan	2588	0	17585	0	0	0	nan	0	0	0	0	0	0	nan	0	0	0	nan	nan	nan	nan	nan	nan
15	a	0	17585	0	nan	2588	0	17585	0	0	0	nan	0	0	0	0	0	0	nan	0	0	0	nan	nan	nan	nan	nan	nan
16	a	0	17585	0	nan	2588	0	17585	0	0	0	nan	0	0	0	0	0	0	nan	0	0	0	nan	nan	nan	nan	nan	nan
17	c	0	17585	0	nan	2588	0	17585	0	0	0	nan	0	0	0	0	0	0	nan	0	0	0	nan	nan	nan	nan	nan	nan
18	a	0	17585	0	nan	2588	0	17585	0	0	0	nan	0	0	0	0	0	0	nan	0	0	0	nan	nan	nan	nan	nan	nan
19	a	0	17585	0	nan	2588	0	17585	0	0	0	nan	0	0	0	0	0	0	nan	0	0	0	nan	nan	nan	nan	nan	nan
20	c	0	17585	0	nan	2588	0	17585	0	0	0	nan	0	0	0	0	0	0	nan	0	0	0	nan	nan	nan	nan	nan	nan
21	c	0	17585	0	nan	2588	0	17585	0	0	0	nan	0	0	0	0	0	0	nan	0	0	0	nan	nan	nan	nan	nan	nan
22	A	0	17585	0	nan	2588	0	17585	0	0	0	nan	0	0	0	0	0	0	nan	0	0	0	nan	nan	nan	nan	nan	nan
23	A	0	17585	0	nan	2588	0	17585	0	0	0	nan	0	0	0	0	0	0	nan	0	0	0	nan	nan	nan	nan	nan	nan
24	A	0	17585	0	nan	2588	0	17585	0	0	0	nan	0	0	0	0	0	0	nan	0	0	0	nan	nan	nan	nan	nan	nan
25	G	0	17585	14970	0.000000	2588	0	17585	0	0	0	nan	0	0	0	0	0	0	nan	0	0	0	0.000000	0.000000	0.000000	0.000000	0.000000	0.000000
26	G	38	17585	13364	0.002843	2588	0	17583	0	0	0	nan	0	0	0	0	0	0	nan	0	0	0	0.002843	0.000461	0.002843	0.000461	1.008156	0.163475
27	A	9	17585	13163	0.000684	2588	0	17583	0	0	0	nan	0	0	0	0	0	0	nan	0	0	0	0.000684	0.000228	0.000684	0.000228	nan	nan
28	A	8	17585	13165	0.000608	2587	0	17583	0	0	0	nan	0	0	0	0	0	0	nan	0	0	0	0.000608	0.000215	0.000608	0.000215	nan	nan
29	U	18	17585	15878	0.001134	2587	0	17582	0	0	0	nan	0	0	0	0	0	0	nan	0	0	0	0.001134	0.000267	0.001134	0.000267	0.459574	0.108207
30	U	27	17585	16298	0.001657	2587	0	17579	0	0	0	nan	0	0	0	0	0	0	nan	0	0	0	0.001657	0.000319	0.001657	0.000319	0.671530	0.129281
31	G	14	17585	16527	0.000847	2586	0	17578	0	0	0	nan	0	0	0	0	0	0	nan	0	0	0	0.000847	0.000226	0.000847	0.000226	0.300355	0.080142
32	C	41	17585	16655	0.002462	2586	0	17576	0	0	0	nan	0	0	0	0	0	0	nan	0	0	0	0.002462	0.000384	0.002462	0.000384	0.810535	0.126420
33	G	28	17585	16382	0.001709	2585	0	17572	0	0	0	nan	0	0	0	0	0	0	nan	0	0	0	0.001709	0.000323	0.001709	0.000323	0.606028	0.114539
34	G	27	17585	16240	0.001663	2585	0	17569	0	0	0	nan	0	0	0	0	0	0	nan	0	0	0	0.001663	0.000320	0.001663	0.000320	0.589716	0.113475
35	G	28	17585	14428	0.001941	2584	0	17563	0	0	0	nan	0	0	0	0	0	0	nan	0	0	0	0.001941	0.000367	0.001941	0.000367	0.688298	0.130142
36	A	11	17583	13510	0.000814	2582	0	17553	0	0	0	nan	0	0	0	0	0	0	nan	0	0	0	0.000814	0.000245	0.000814	0.000245	nan	nan
37	A	17	17583	12786	0.001330	2582	0	17548	0	0	0	nan	0	0	0	0	0	0	nan	0	0	0	0.001330	0.000322	0.001330	0.000322	nan	nan
38	A	18	17583	14232	0.001265	2582	0	17548	0	0	0	nan	0	0	0	0	0	0	nan	0	0	0	0.001265	0.000298	0.001265	0.000298	nan	nan
39	G	49	17583	15182	0.003228	2581	0	17548	0	0	0	nan	0	0	0	0	0	0	nan	0	0	0	0.003228	0.000461	0.003228	0.000461	1.144681	0.163475
40	G	23	17583	15754	0.001460	2580	0	17548	0	0	0	nan	0	0	0	0	0	0	nan	0	0	0	0.001460	0.000304	0.001460	0.000304	0.517730	0.107801
41	G	16	17583	15754	0.001016	2580	0	17545	0	0	0	nan	0	0	0	0	0	0	nan	0	0	0	0.001016	0.000254	0.001016	0.000254	0.360284	0.090071
42	G	25	17583	16077	0.001555	2580	0	17542	0	0	0	nan	0	0	0	0	0	0	nan	0	0	0	0.001555	0.000311	0.001555	0.000311	0.551418	0.110284
43	U	25	17583	16456	0.001519	2580	0	17541	0	0	0	nan	0	0	0	0	0	0	nan	0	0	0	0.001519	0.000304	0.001519	0.000304	0.615603	0.123202
44	C	20	17583	15226	0.001314	2579	0	17540	0	0	0	nan	0	0	0	0	0	0	nan	0	0	0	0.001314	0.000294	0.001314	0.000294	0.432593	0.096790
45	A	10	17582	13834	0.000723	2578	0	17534	0	0	0	nan	0	0	0	0	0	0	nan	0	0	0	0.000723	0.000229	0.000723	0.000229	nan	nan
46	A	17	17582	13980	0.001216	2578	0	17533	0	0	0	nan	0	0	0	0	0	0	nan	0	0	0	0.001216	0.000295	0.001216	0.000295	nan	nan
47	C	22	17582	14724	0.001494	2577	0	17532	0	0	0	nan	0	0	0	0	0	0	nan	0	0	0	0.001494	0.000319	0.001494	0.000319	0.491852	0.105021
48	A	28	17582	16137	0.001735	2576	0	17531	0	0	0	nan	0	0	0	0	0	0	nan	0	0	0	0.001735	0.000328	0.001735	0.000328	nan	nan
49	G	31	17582	15918	0.001947	2575	0	17528	0	0	0	nan	0	0	0	0	0	0	nan	0	0	0	0.001947	0.000350	0.001947	0.000350	0.690426	0.124113
50	C	31	17582	15818	0.001960	2575	0	17528	0	0	0	nan	0	0	0	0	0	0	nan	0	0	0	0.001960	0.000352	0.001960	0.000352	0.645267	0.115885
51	C	20	17582	15782	0.001267	2575	0	17526	0	0	0	nan	0	0	0	0	0	0	nan	0	0	0	0.001267	0.000283	0.001267	0.000283	0.417119	0.093169
52	G	20	17582	15388	0.001300	2573	0	17526	0	0	0	nan	0	0	0	0	0	0	nan	0	0	0	0.001300	0.000291	0.001300	0.000291	0.460993	0.103191
53	U	30	17582	15794	0.001899	2573	0	17526	0	0	0	nan	0	0	0	0	0	0	nan	0	0	0	0.001899	0.000347	0.001899	0.000347	0.769605	0.140628
54	U	18	17581	15589	0.001155	2572	0	17522	0	0	0	nan	0	0	0	0	0	0	nan	0	0	0	0.001155	0.000272	0.001155	0.000272	0.468085	0.110233
55	C	29	17581	16082	0.001803	2572	0	17521	0	0	0	nan	0	0	0	0	0	0	nan	0	0	0	0.001803	0.000335	0.001803	0.000335	0.593580	0.110288
56	A	4	17580	16130	0.000248	2572	0	17518	0	0	0	nan	0	0	0	0	0	0	nan	0	0	0	0.000248	0.000124	0.000248	0.000124	nan	nan
57	G	40	17580	16393	0.002440	2572	0	17517	0	0	0	nan	0	0	0	0	0	0	nan	0	0	0	0.002440	0.000386	0.002440	0.000386	0.865248	0.136879
58	U	15	17580	16077	0.000933	2572	0	17517	0	0	0	nan	0	0	0	0	0	0	nan	0	0	0	0.000933	0.000241	0.000933	0.000241	0.378116	0.097670
59	A	6	17580	16067	0.000373	2606	0	17517	0	0	0	nan	0	0	0	0	0	0	nan	0	0	0	0.000373	0.000152	0.000373	0.000152	nan	nan
60	C	30	17580	16212	0.001850	2606	0	17517	0	0	0	nan	0	0	0	0	0	0	nan	0	0	0	0.001850	0.000338	0.001850	0.000338	0.609053	0.111276
61	C	21	17580	16556	0.001268	2606	0	17517	0	0	0	nan	0	0	0	0	0	0	nan	0	0	0	0.001268	0.000277	0.001268	0.000277	0.417449	0.091193
62	A	5	17580	16061	0.000311	2606	0	17515	0	0	0	nan	0	0	0	0	0	0	nan	0	0	0	0.000311	0.000139	0.000311	0.000139	nan	nan
63	A	9	17580	15989	0.000563	2606	0	17515	0	0	0	nan	0	0	0	0	0	0	nan	0	0	0	0.000563	0.000188	0.000563	0.000188	nan	nan
64	G	18	17580	16221	0.001110	2606	0	17514	0	0	0	nan	0	0	0	0	0	0	nan	0	0	0	0.001110	0.000262	0.001110	0.000262	0.393617	0.092908
65	U	18	17580	15376	0.001171	2606	0	17512	0	0	0	nan	0	0	0	0	0	0	nan	0	0	0	0.001171	0.000276	0.001171	0.000276	0.474569	0.111854
66	C	14	17580	15407	0.000909	2606	0	17511	0	0	0	nan	0	0	0	0	0	0	nan	0	0	0	0.000909	0.000243	0.000909	0.000243	0.299259	0.080000
67	U	12	17580	11710	0.001025	2606	0	17509	0	0	0	nan	0	0	0	0	0	0	nan	0	0	0	0.001025	0.000296	0.001025	0.000296	0.415400	0.119959
68	C	23	17580	12016	0.001914	2606	0	17507	0	0	0	nan	0	0	0	0	0	0	nan	0	0	0	0.001914	0.000399	0.001914	0.000399	0.630123	0.131358
69	A	11	17581	11898	0.000925	2607	0	17505	0	0	0	nan	0	0	0	0	0	0	nan	0	0	0	0.000925	0.000279	0.000925	0.000279	nan	nan
70	G	45	17581	15526	0.002898	2607	0	17504	0	0	0	nan	0	0	0	0	0	0	nan	0	0	0	0.002898	0.000432	0.002898	0.000432	1.027660	0.153191
71	G	95	17581	16210	0.005861	2607	0	17504	0	0	0	nan	0	0	0	0	0	0	nan	0	0	0	0.005861	0.000601	0.005861	0.000601	2.078369	0.213121
72	G	29	17581	16295	0.001780	2607	0	17502	0	0	0	nan	0	0	0	0	0	0	nan	0	0	0	0.001780	0.000330	0.001780	0.000330	0.631206	0.117021
73	G	16	17581	16246	0.000985	2608	0	17498	0	0	0	nan	0	0	0	0	0	0	nan	0	0	0	0.000985	0.000246	0.000985	0.000246	0.349291	0.087234
74	A	7	17581	15938	0.000439	2608	0	17497	0	0	0	nan	0	0	0	0	0	0	nan	0	0	0	0.000439	0.000166	0.000439	0.000166	nan	nan
75	A	11	17579	15677	0.000702	2608	0	17495	0	0	0	nan	0	0	0	0	0	0	nan	0	0	0	0.000702	0.000212	0.000702	0.000212	nan	nan
76	A	4	17578	15641	0.000256	2608	0	17491	0	0	0	nan	0	0	0	0	0	0	nan	0	0	0	0.000256	0.000128	0.000256	0.000128	nan	nan
77	C	28	17577	15965	0.001754	2608	0	17489	0	0	0	nan	0	0	0	0	0	0	nan	0	0	0	0.001754	0.000331	0.001754	0.000331	0.577449	0.108971
78	U	30	17575	15472	0.001939	2608	0	17486	0	0	0	nan	0	0	0	0	0	0	nan	0	0	0	0.001939	0.000354	0.001939	0.000354	0.785816	0.143465
79	U	50	17575	15624	0.003200	2608	0	17484	0	0	0	nan	0	0	0	0	0	0	nan	0	0	0	0.003200	0.000453	0.003200	0.000453	1.296859	0.183587
80	U	23	17576	15756	0.001460	2608	0	17482	0	0	0	nan	0	0	0	0	0	0	nan	0	0	0	0.001460	0.000304	0.001460	0.000304	0.591692	0.123202
81	G	20	17575	15260	0.001311	2608	0	17472	0	0	0	nan	0	0	0	0	0	0	nan	0	0	0	0.001311	0.000293	0.001311	0.000293	0.464894	0.103901
82	A	13	17575	15272	0.000851	2607	0	17466	0	0	0	nan	0	0	0	0	0	0	nan	0	0	0	0.000851	0.000236	0.000851	0.000236	nan	nan
83	G	17	17575	14908	0.001140	2607	0	17465	0	0	0	nan	0	0	0	0	0	0	nan	0	0	0	0.001140	0.000277	0.001140	0.000277	0.404255	0.098227
84	A	10	17575	16175	0.000618	2607	0	17462	0	0	0	nan	0	0	0	0	0	0	nan	0	0	0	0.000618	0.000196	0.000618	0.000196	nan	nan
85	U	10	17574	16258	0.000615	2607	0	17461	0	0	0	nan	0	0	0	0	0	0	nan	0	0	0	0.000615	0.000195	0.000615	0.000195	0.249240	0.079027
86	G	14	17574	16669	0.000840	2607	0	17458	0	0	0	nan	0	0	0	0	0	0	nan	0	0	0	0.000840	0.000224	0.000840	0.000224	0.297872	0.079433
87	G	8	17574	16369	0.000489	2607	0	17455	0	0	0	nan	0	0	0	0	0	0	nan	0	0	0	0.000489	0.000173	0.000489	0.000173	0.173404	0.061348
88	C	17	17574	9317	0.001825	2606	0	17453	0	0	0	nan	0	0	0	0	0	0	nan	0	0	0	0.001825	0.000443	0.001825	0.000443	0.600823	0.145844
89	C	229	17574	9287	0.024658	2606	0	17451	0	0	0	nan	0	0	0	0	0	0	nan	0	0	0	0.024658	0.001629	0.024658	0.001629	8.117860	0.536296
90	U	18	17574	9295	0.001937	2606	0	17451	0	0	0	nan	0	0	0	0	0	0	nan	0	0	0	0.001937	0.000456	0.001937	0.000456	0.785005	0.184802
91	U	15	17574	16276	0.000922	2606	0	17448	0	0	0	nan	0	0	0	0	0	0	nan	0	0	0	0.000922	0.000238	0.000922	0.000238	0.373658	0.096454
92	G	17	17574	15963	0.001065	2606	0	17444	0	0	0	nan	0	0	0	0	0	0	nan	0	0	0	0.001065	0.000258	0.001065	0.000258	0.377660	0.091489
93	C	22	17574	15557	0.001414	2607	0	17441	0	0	0	nan	0	0	0	0	0	0	nan	0	0	0	0.001414	0.000301	0.001414	0.000301	0.465514	0.099095
94	A	9	17574	14135	0.000637	2607	0	17437	0	0	0	nan	0	0	0	0	0	0	nan	0	0	0	0.000637	0.000212	0.000637	0.000212	nan	nan
95	A	13	17577	14509	0.000896	2607	0	17441	0	0	0	nan	0	0	0	0	0	0	nan	0	0	0	0.000896	0.000249	0.000896	0.000249	nan	nan
96	A	5	17756	15561	0.000321	2607	0	17719	0	0	0	nan	0	0	0	0	0	0	nan	0	0	0	0.000321	0.000144	0.000321	0.000144	nan	nan
97	G	49	17770	17521	0.002797	2607	0	17739	0	0	0	nan	0	0	0	0	0	0	nan	0	0	0	0.002797	0.000400	0.002797	0.000400	0.991844	0.141844
98	G	26	17770	17554	0.001481	2608	0	17740	0	0	0	nan	0	0	0	0	0	0	nan	0	0	0	0.001481	0.000290	0.001481	0.000290	0.525177	0.102837
99	G	33	17770	17529	0.001883	2608	0	17740	0	0	0	nan	0	0	0	0	0	0	nan	0	0	0	0.001883	0.000328	0.001883	0.000328	0.667730	0.116312
100	U	40	17770	17523	0.002283	2608	0	17740	0	0	0	nan	0	0	0	0	0	0	nan	0	0	0	0.002283	0.000361	0.002283	0.000361	0.925228	0.146302
101	A	38	17770	17536	0.002167	2608	0	17740	0	0	0	nan	0	0	0	0	0	0	nan	0	0	0	0.002167	0.000352	0.002167	0.000352	nan	nan
102	U	35	17770	17581	0.001991	2608	0	17740	0	0	0	nan	0	0	0	0	0	0	nan	0	0	0	0.001991	0.000337	0.001991	0.000337	0.806890	0.136575
103	G	41	17770	17454	0.002349	2608	0	17740	0	0	0	nan	0	0	0	0	0	0	nan	0	0	0	0.002349	0.000367	0.002349	0.000367	0.832979	0.130142
104	G	44	17770	17455	0.002521	2608	0	17739	0	0	0	nan	0	0	0	0	0	0	nan	0	0	0	0.002521	0.000380	0.002521	0.000380	0.893972	0.134752
105	U	17	17770	17439	0.000975	2608	0	17739	0	0	0	nan	0	0	0	0	0	0	nan	0	0	0	0.000975	0.000236	0.000975	0.000236	0.395137	0.095643
106	A	35	17769	17545	0.001995	2608	0	17733	0	0	0	nan	0	0	0	0	0	0	nan	0	0	0	0.001995	0.000337	0.001995	0.000337	nan	nan
107	A	31	17769	17519	0.001770	2608	0	17733	0	0	0	nan	0	0	0	0	0	0	nan	0	0	0	0.001770	0.000318	0.001770	0.000318	nan	nan
108	U	46	17769	17513	0.002627	2608	0	17733	0	0	0	nan	0	0	0	0	0	0	nan	0	0	0	0.002627	0.000387	0.002627	0.000387	1.064640	0.156839
109	A	8	17769	17491	0.000457	2609	0	17733	0	0	0	nan	0	0	0	0	0	0	nan	0	0	0	0.000457	0.000162	0.000457	0.000162	nan	nan
110	A	10	17769	17504	0.000571	2609	0	17733	0	0	0	nan	0	0	0	0	0	0	nan	0	0	0	0.000571	0.000181	0.000571	0.000181	nan	nan
111	G	40	17769	17497	0.002286	2609	0	17732	0	0	0	nan	0	0	0	0	0	0	nan	0	0	0	0.002286	0.000361	0.002286	0.000361	0.810638	0.128014
112	C	32	17769	17557	0.001823	2609	0	17732	0	0	0	nan	0	0	0	0	0	0	nan	0	0	0	0.001823	0.000322	0.001823	0.000322	0.600165	0.106008
113	U	30	17769	17541	0.001710	2609	0	17732	0	0	0	nan	0	0	0	0	0	0	nan	0	0	0	0.001710	0.000312	0.001710	0.000312	0.693009	0.126444
114	G	32	17769	17492	0.001829	2609	0	17732	0	0	0	nan	0	0	0	0	0	0	nan	0	0	0	0.001829	0.000323	0.001829	0.000323	0.648582	0.114539
115	A	15	17769	17513	0.000857	2609	0	17731	0	0	0	nan	0	0	0	0	0	0	nan	0	0	0	0.000857	0.000221	0.000857	0.000221	nan	nan
116	C	24	17769	17535	0.001369	2609	0	17731	0	0	0	nan	0	0	0	0	0	0	nan	0	0	0	0.001369	0.000279	0.001369	0.000279	0.450700	0.091852
117	G	45	17769	17481	0.002574	2609	0	17731	0	0	0	nan	0	0	0	0	0	0	nan	0	0	0	0.002574	0.000384	0.002574	0.000384	0.912766	0.136170
118	G	31	17770	17518	0.001770	2609	0	17734	0	0	0	nan	0	0	0	0	0	0	nan	0	0	0	0.001770	0.000318	0.001770	0.000318	0.627660	0.112766
119	A	12	17770	17518	0.000685	2609	0	17735	0	0	0	nan	0	0	0	0	0	0	nan	0	0	0	0.000685	0.000198	0.000685	0.000198	nan	nan
120	C	22	17770	17574	0.001252	2609	0	17735	0	0	0	nan	0	0	0	0	0	0	nan	0	0	0	0.001252	0.000267	0.001252	0.000267	0.412181	0.087901
121	A	20	17770	17560	0.001139	2609	0	17734	0	0	0	nan	0	0	0	0	0	0	nan	0	0	0	0.001139	0.000255	0.001139	0.000255	nan	nan
122	U	38	17770	17553	0.002165	2609	0	17731	0	0	0	nan	0	0	0	0	0	0	nan	0	0	0	0.002165	0.000351	0.002165	0.000351	0.877406	0.142249
123	G	22	17770	17523	0.001255	2609	0	17731	0	0	0	nan	0	0	0	0	0	0	nan	0	0	0	0.001255	0.000268	0.001255	0.000268	0.445035	0.095035
124	G	20	17770	17518	0.001142	2609	0	17731	0	0	0	nan	0	0	0	0	0	0	nan	0	0	0	0.001142	0.000255	0.001142	0.000255	0.404965	0.090426
125	U	38	17771	17459	0.002177	2610	0	17732	0	0	0	nan	0	0	0	0	0	0	nan	0	0	0	0.002177	0.000353	0.002177	0.000353	0.882270	0.143060
126	C	27	17770	17468	0.001546	2610	0	17731	0	0	0	nan	0	0	0	0	0	0	nan	0	0	0	0.001546	0.000297	0.001546	0.000297	0.508971	0.097778
127	C	28	17770	17456	0.001604	2610	0	17730	0	0	0	nan	0	0	0	0	0	0	nan	0	0	0	0.001604	0.000303	0.001604	0.000303	0.528066	0.099753
128	U	21	17769	17461	0.001203	2610	0	17728	0	0	0	nan	0	0	0	0	0	0	nan	0	0	0	0.001203	0.000262	0.001203	0.000262	0.487538	0.106180
129	A	4	17691	17273	0.000232	2607	0	17519	0	0	0	nan	0	0	0	0	0	0	nan	0	0	0	0.000232	0.000116	0.000232	0.000116	nan	nan
130	A	8	17690	17182	0.000466	2607	0	17518	0	0	0	nan	0	0	0	0	0	0	nan	0	0	0	0.000466	0.000165	0.000466	0.000165	nan	nan
131	C	38	17690	17075	0.002225	2607	0	17519	0	0	0	nan	0	0	0	0	0	0	nan	0	0	0	0.002225	0.000361	0.002225	0.000361	0.732510	0.118848
132	C	27	17690	17058	0.001583	2608	0	17519	0	0	0	nan	0	0	0	0	0	0	nan	0	0	0	0.001583	0.000305	0.001583	0.000305	0.521152	0.100412
133	A	14	17690	16995	0.000824	2608	0	17521	0	0	0	nan	0	0	0	0	0	0	nan	0	0	0	0.000824	0.000220	0.000824	0.000220	nan	nan
134	C	22	17690	16929	0.001300	2607	0	17521	0	0	0	nan	0	0	0	0	0	0	nan	0	0	0	0.001300	0.000277	0.001300	0.000277	0.427984	0.091193
135	G	12	17690	16848	0.000712	2607	0	17522	0	0	0	nan	0	0	0	0	0	0	nan	0	0	0	0.000712	0.000206	0.000712	0.000206	0.252482	0.073050
136	C	39	17690	16816	0.002319	2607	0	17522	0	0	0	nan	0	0	0	0	0	0	nan	0	0	0	0.002319	0.000371	0.002319	0.000371	0.763457	0.122140
137	A	15	17690	16903	0.000887	2607	0	17524	0	0	0	nan	0	0	0	0	0	0	nan	0	0	0	0.000887	0.000229	0.000887	0.000229	nan	nan
138	G	19	17690	16917	0.001123	2607	0	17524	0	0	0	nan	0	0	0	0	0	0	nan	0	0	0	0.001123	0.000258	0.001123	0.000258	0.398227	0.091489
139	C	29	17690	17035	0.001702	2607	0	17525	0	0	0	nan	0	0	0	0	0	0	nan	0	0	0	0.001702	0.000316	0.001702	0.000316	0.560329	0.104033
140	C	26	17690	17067	0.001523	2607	0	17526	0	0	0	nan	0	0	0	0	0	0	nan	0	0	0	0.001523	0.000299	0.001523	0.000299	0.501399	0.098436
141	A	10	17691	16981	0.000589	2607	0	17528	0	0	0	nan	0	0	0	0	0	0	nan	0	0	0	0.000589	0.000186	0.000589	0.000186	nan	nan
142	A	6	17691	16822	0.000357	2607	0	17528	0	0	0	nan	0	0	0	0	0	0	nan	0	0	0	0.000357	0.000146	0.000357	0.000146	nan	nan
143	G	21	17691	16598	0.001265	2607	0	17528	0	0	0	nan	0	0	0	0	0	0	nan	0	0	0	0.001265	0.000276	0.001265	0.000276	0.448582	0.097872
144	U	34	17691	16731	0.002032	2607	0	17528	0	0	0	nan	0	0	0	0	0	0	nan	0	0	0	0.002032	0.000349	0.002032	0.000349	0.823506	0.141439
145	C	24	17691	16853	0.001424	2607	0	17530	0	0	0	nan	0	0	0	0	0	0	nan	0	0	0	0.001424	0.000291	0.001424	0.000291	0.468807	0.095802
146	C	29	17691	16220	0.001788	2607	0	17530	0	0	0	nan	0	0	0	0	0	0	nan	0	0	0	0.001788	0.000332	0.001788	0.000332	0.588642	0.109300
147	U	14	17691	16104	0.000869	2607	0	17530	0	0	0	nan	0	0	0	0	0	0	nan	0	0	0	0.000869	0.000232	0.000869	0.000232	0.352178	0.094022
148	A	7	17691	16101	0.000435	2607	0	17531	0	0	0	nan	0	0	0	0	0	0	nan	0	0	0	0.000435	0.000164	0.000435	0.000164	nan	nan
149	A	0	17691	16520	0.000000	2607	0	17532	0	0	0	nan	0	0	0	0	0	0	nan	0	0	0	0.000000	0.000000	0.000000	0.000000	nan	nan
150	G	13	17692	16288	0.000798	2607	0	17534	0	0	0	nan	0	0	0	0	0	0	nan	0	0	0	0.000798	0.000221	0.000798	0.000221	0.282979	0.078369
151	U	28	17692	16272	0.001721	2607	0	17538	0	0	0	nan	0	0	0	0	0	0	nan	0	0	0	0.001721	0.000325	0.001721	0.000325	0.697467	0.131712
152	C	25	17692	16682	0.001499	2607	0	17538	0	0	0	nan	0	0	0	0	0	0	nan	0	0	0	0.001499	0.000300	0.001499	0.000300	0.493498	0.098765
153	A	2	17692	16891	0.000118	2607	0	17539	0	0	0	nan	0	0	0	0	0	0	nan	0	0	0	0.000118	0.000084	0.000118	0.000084	nan	nan
154	A	4	17692	16909	0.000237	2607	0	17539	0	0	0	nan	0	0	0	0	0	0	nan	0	0	0	0.000237	0.000118	0.000237	0.000118	nan	nan
155	C	20	17692	16598	0.001205	2607	0	17539	0	0	0	nan	0	0	0	0	0	0	nan	0	0	0	0.001205	0.000269	0.001205	0.000269	0.396708	0.088560
156	A	6	17692	15233	0.000394	2607	0	17539	0	0	0	nan	0	0	0	0	0	0	nan	0	0	0	0.000394	0.000161	0.000394	0.000161	nan	nan
157	G	24	17692	15106	0.001589	2607	0	17545	0	0	0	nan	0	0	0	0	0	0	nan	0	0	0	0.001589	0.000324	0.001589	0.000324	0.563475	0.114894
158	A	8	17693	14854	0.000539	2608	0	17546	0	0	0	nan	0	0	0	0	0	0	nan	0	0	0	0.000539	0.000190	0.000539	0.000190	nan	nan
159	U	25	17694	16215	0.001542	2608	0	17552	0	0	0	nan	0	0	0	0	0	0	nan	0	0	0	0.001542	0.000308	0.001542	0.000308	0.624924	0.124823
160	C	48	17694	16284	0.002948	2608	0	17554	0	0	0	nan	0	0	0	0	0	0	nan	0	0	0	0.002948	0.000425	0.002948	0.000425	0.970535	0.139918
161	U	32	17694	16481	0.001942	2608	0	17558	0	0	0	nan	0	0	0	0	0	0	nan	0	0	0	0.001942	0.000343	0.001942	0.000343	0.787031	0.139007
162	U	38	17694	16467	0.002308	2608	0	17559	0	0	0	nan	0	0	0	0	0	0	nan	0	0	0	0.002308	0.000374	0.002308	0.000374	0.935360	0.151570
163	C	36	17695	16486	0.002184	2608	0	17563	0	0	0	nan	0	0	0	0	0	0	nan	0	0	0	0.002184	0.000364	0.002184	0.000364	0.719012	0.119835
164	U	11	17695	16330	0.000674	2608	0	17564	0	0	0	nan	0	0	0	0	0	0	nan	0	0	0	0.000674	0.000203	0.000674	0.000203	0.273151	0.082270
165	G	10	17696	15144	0.000660	2610	0	17565	0	0	0	nan	0	0	0	0	0	0	nan	0	0	0	0.000660	0.000209	0.000660	0.000209	0.234043	0.074113
166	U	19	17696	15069	0.001261	2611	0	17566	0	0	0	nan	0	0	0	0	0	0	nan	0	0	0	0.001261	0.000289	0.001261	0.000289	0.511044	0.117123
167	U	27	17696	15599	0.001731	2611	0	17571	0	0	0	nan	0	0	0	0	0	0	nan	0	0	0	0.001731	0.000333	0.001731	0.000333	0.701520	0.134954
168	G	22	17697	16895	0.001302	2611	0	17576	0	0	0	nan	0	0	0	0	0	0	nan	0	0	0	0.001302	0.000278	0.001302	0.000278	0.461702	0.098582
169	A	9	17697	16946	0.000531	2613	0	17579	0	0	0	nan	0	0	0	0	0	0	nan	0	0	0	0.000531	0.000177	0.000531	0.000177	nan	nan
170	U	7	17697	16900	0.000414	2613	0	17579	0	0	0	nan	0	0	0	0	0	0	nan	0	0	0	0.000414	0.000157	0.000414	0.000157	0.167781	0.063627
171	A	6	17697	16600	0.000361	2613	0	17580	0	0	0	nan	0	0	0	0	0	0	nan	0	0	0	0.000361	0.000148	0.000361	0.000148	nan	nan
172	U	36	17697	16116	0.002234	2613	0	17580	0	0	0	nan	0	0	0	0	0	0	nan	0	0	0	0.002234	0.000372	0.002234	0.000372	0.905370	0.150760
173	G	14	17698	16140	0.000867	2613	0	17583	0	0	0	nan	0	0	0	0	0	0	nan	0	0	0	0.000867	0.000232	0.000867	0.000232	0.307447	0.082270
174	G	37	17698	16430	0.002252	2613	0	17586	0	0	0	nan	0	0	0	0	0	0	nan	0	0	0	0.002252	0.000370	0.002252	0.000370	0.798582	0.131206
175	A	15	17698	16347	0.000918	2613	0	17586	0	0	0	nan	0	0	0	0	0	0	nan	0	0	0	0.000918	0.000237	0.000918	0.000237	nan	nan
176	U	22	17698	16325	0.001348	2613	0	17586	0	0	0	nan	0	0	0	0	0	0	nan	0	0	0	0.001348	0.000287	0.001348	0.000287	0.546302	0.116312
177	G	27	17698	16225	0.001664	2613	0	17587	0	0	0	nan	0	0	0	0	0	0	nan	0	0	0	0.001664	0.000320	0.001664	0.000320	0.590071	0.113475
178	C	32	17698	16952	0.001888	2613	0	17587	0	0	0	nan	0	0	0	0	0	0	nan	0	0	0	0.001888	0.000334	0.001888	0.000334	0.621564	0.109959
179	A	11	17698	16951	0.000649	2613	0	17587	0	0	0	nan	0	0	0	0	0	0	nan	0	0	0	0.000649	0.000196	0.000649	0.000196	nan	nan
180	G	28	17698	16431	0.001704	2613	0	17590	0	0	0	nan	0	0	0	0	0	0	nan	0	0	0	0.001704	0.000322	0.001704	0.000322	0.604255	0.114184
181	U	32	17698	16215	0.001973	2613	0	17591	0	0	0	nan	0	0	0	0	0	0	nan	0	0	0	0.001973	0.000349	0.001973	0.000349	0.799595	0.141439
182	U	49	17698	16122	0.003039	2613	0	17591	0	0	0	nan	0	0	0	0	0	0	nan	0	0	0	0.003039	0.000434	0.003039	0.000434	1.231611	0.175887
183	C	60	17699	16664	0.003601	2613	0	17593	0	0	0	nan	0	0	0	0	0	0	nan	0	0	0	0.003601	0.000465	0.003601	0.000465	1.185514	0.153086
184	A	14	17699	16959	0.000826	2613	0	17596	0	0	0	nan	0	0	0	0	0	0	nan	0	0	0	0.000826	0.000221	0.000826	0.000221	nan	nan
185	A	21	17699	16986	0.001236	2613	0	17597	0	0	0	nan	0	0	0	0	0	0	nan	0	0	0	0.001236	0.000270	0.001236	0.000270	nan	nan
186	C	44	17699	16738	0.002629	2613	0	17597	0	0	0	nan	0	0	0	0	0	0	nan	0	0	0	0.002629	0.000396	0.002629	0.000396	0.865514	0.130370
187	C	21	17699	16739	0.001255	2613	0	17598	0	0	0	nan	0	0	0	0	0	0	nan	0	0	0	0.001255	0.000274	0.001255	0.000274	0.413169	0.090206
188	A	11	17699	16722	0.000658	2613	0	17601	0	0	0	nan	0	0	0	0	0	0	nan	0	0	0	0.000658	0.000198	0.000658	0.000198	nan	nan
189	A	10	17700	16796	0.000595	2613	0	17603	0	0	0	nan	0	0	0	0	0	0	nan	0	0	0	0.000595	0.000188	0.000595	0.000188	nan	nan
190	A	10	17700	16057	0.000623	2613	0	17604	0	0	0	nan	0	0	0	0	0	0	nan	0	0	0	0.000623	0.000197	0.000623	0.000197	nan	nan
191	U	44	17700	16027	0.002745	2613	0	17605	0	0	0	nan	0	0	0	0	0	0	nan	0	0	0	0.002745	0.000414	0.002745	0.000414	1.112462	0.167781
192	C	18	17700	16216	0.001110	2613	0	17606	0	0	0	nan	0	0	0	0	0	0	nan	0	0	0	0.001110	0.000262	0.001110	0.000262	0.365432	0.086255
193	A	3	17700	17040	0.000176	2613	0	17612	0	0	0	nan	0	0	0	0	0	0	nan	0	0	0	0.000176	0.000102	0.000176	0.000102	nan	nan
194	A	9	17700	17142	0.000525	2613	0	17613	0	0	0	nan	0	0	0	0	0	0	nan	0	0	0	0.000525	0.000175	0.000525	0.000175	nan	nan
195	A	9	17700	17075	0.000527	2613	0	17614	0	0	0	nan	0	0	0	0	0	0	nan	0	0	0	0.000527	0.000176	0.000527	0.000176	nan	nan
196	A	2	17700	16765	0.000119	2611	0	17614	0	0	0	nan	0	0	0	0	0	0	nan	0	0	0	0.000119	0.000084	0.000119	0.000084	nan	nan
197	A	2	17700	16486	0.000121	2611	0	17615	0	0	0	nan	0	0	0	0	0	0	nan	0	0	0	0.000121	0.000086	0.000121	0.000086	nan	nan
198	A	6	17700	16422	0.000365	2611	0	17615	0	0	0	nan	0	0	0	0	0	0	nan	0	0	0	0.000365	0.000149	0.000365	0.000149	nan	nan
199	C	52	17701	16632	0.003127	2601	0	17617	0	0	0	nan	0	0	0	0	0	0	nan	0	0	0	0.003127	0.000434	0.003127	0.000434	1.029465	0.142881
200	C	31	17701	16213	0.001912	324	0	17619	0	0	0	nan	0	0	0	0	0	0	nan	0	0	0	0.001912	0.000343	0.001912	0.000343	0.629465	0.112922
201	G	27	17701	16185	0.001668	298	0	17621	0	0	0	nan	0	0	0	0	0	0	nan	0	0	0	0.001668	0.000321	0.001668	0.000321	0.591489	0.113830
202	C	32	17702	16150	0.001981	298	0	17625	0	0	0	nan	0	0	0	0	0	0	nan	0	0	0	0.001981	0.000350	0.001981	0.000350	0.652181	0.115226
203	C	31	17702	16287	0.001903	296	0	17628	0	0	0	nan	0	0	0	0	0	0	nan	0	0	0	0.001903	0.000342	0.001903	0.000342	0.626502	0.112593
204	U	14	17702	16046	0.000872	140	0	17630	0	0	0	nan	0	0	0	0	0	0	nan	0	0	0	0.000872	0.000233	0.000872	0.000233	0.353394	0.094428
205	A	12	17702	15618	0.000768	8	0	17639	0	0	0	nan	0	0	0	0	0	0	nan	0	0	0	0.000768	0.000222	0.000768	0.000222	nan	nan
206	G	17	17703	15282	0.001112	8	0	17646	0	0	0	nan	0	0	0	0	0	0	nan	0	0	0	0.001112	0.000270	0.001112	0.000270	0.394326	0.095745
207	U	29	17704	15174	0.001911	8	0	17654	0	0	0	nan	0	0	0	0	0	0	nan	0	0	0	0.001911	0.000355	0.001911	0.000355	0.774468	0.143870
208	U	34	17704	15536	0.002188	8	0	17656	0	0	0	nan	0	0	0	0	0	0	nan	0	0	0	0.002188	0.000375	0.002188	0.000375	0.886727	0.151976
209	C	24	17705	16212	0.001480	7	0	17658	0	0	0	nan	0	0	0	0	0	0	nan	0	0	0	0.001480	0.000302	0.001480	0.000302	0.487243	0.099424
210	G	32	17708	16327	0.001960	0	0	17664	0	0	0	nan	0	0	0	0	0	0	nan	0	0	0	0.001960	0.000346	0.001960	0.000346	0.695035	0.122695
211	C	54	17709	15223	0.003547	0	0	17671	0	0	0	nan	0	0	0	0	0	0	nan	0	0	0	0.003547	0.000483	0.003547	0.000483	1.167737	0.159012
212	U	28	17710	15322	0.001827	0	0	17677	0	0	0	nan	0	0	0	0	0	0	nan	0	0	0	0.001827	0.000345	0.001827	0.000345	0.740426	0.139818
213	A	16	17711	14848	0.001078	0	0	17683	0	0	0	nan	0	0	0	0	0	0	nan	0	0	0	0.001078	0.000269	0.001078	0.000269	nan	nan
214	G	40	17712	3563	0.011226	0	0	17687	0	0	0	nan	0	0	0	0	0	0	nan	0	0	0	0.011226	0.001775	nan	nan	nan	nan
215	G	24	17712	3558	0.006745	0	0	17688	0	0	0	nan	0	0	0	0	0	0	nan	0	0	0	0.006745	0.001377	nan	nan	nan	nan
216	C	9	17712	3633	0.002477	0	0	17695	0	0	0	nan	0	0	0	0	0	0	nan	0	0	0	0.002477	0.000826	nan	nan	nan	nan
217	G	44	17713	16834	0.002614	0	0	17710	0	0	0	nan	0	0	0	0	0	0	nan	0	0	0	0.002614	0.000394	0.002614	0.000394	0.926950	0.139716
218	G	19	17715	17056	0.001114	0	0	17715	0	0	0	nan	0	0	0	0	0	0	nan	0	0	0	0.001114	0.000256	0.001114	0.000256	0.395035	0.090780
219	A	0	17715	16962	0.000000	0	0	17715	0	0	0	nan	0	0	0	0	0	0	nan	0	0	0	0.000000	0.000000	0.000000	0.000000	nan	nan
220	A	0	17715	0	nan	0	0	17715	0	0	0	nan	0	0	0	0	0	0	nan	0	0	0	nan	nan	nan	nan	nan	nan
221	A	0	17715	0	nan	0	0	17715	0	0	0	nan	0	0	0	0	0	0	nan	0	0	0	nan	nan	nan	nan	nan	nan
222	A	0	17715	0	nan	0	0	17715	0	0	0	nan	0	0	0	0	0	0	nan	0	0	0	nan	nan	nan	nan	nan	nan
223	c	0	17715	0	nan	0	0	17715	0	0	0	nan	0	0	0	0	0	0	nan	0	0	0	nan	nan	nan	nan	nan	nan
224	c	0	17715	0	nan	0	0	17715	0	0	0	nan	0	0	0	0	0	0	nan	0	0	0	nan	nan	nan	nan	nan	nan
225	a	0	17715	0	nan	0	0	17715	0	0	0	nan	0	0	0	0	0	0	nan	0	0	0	nan	nan	nan	nan	nan	nan
226	a	0	17715	0	nan	0	0	17715	0	0	0	nan	0	0	0	0	0	0	nan	0	0	0	nan	nan	nan	nan	nan	nan
227	a	0	17715	0	nan	0	0	17715	0	0	0	nan	0	0	0	0	0	0	nan	0	0	0	nan	nan	nan	nan	nan	nan
228	c	0	17715	0	nan	0	0	17715	0	0	0	nan	0	0	0	0	0	0	nan	0	0	0	nan	nan	nan	nan	nan	nan
229	c	0	17715	0	nan	0	0	17715	0	0	0	nan	0	0	0	0	0	0	nan	0	0	0	nan	nan	nan	nan	nan	nan
230	a	0	17715	0	nan	0	0	17715	0	0	0	nan	0	0	0	0	0	0	nan	0	0	0	nan	nan	nan	nan	nan	nan
231	a	0	17715	0	nan	0	0	17715	0	0	0	nan	0	0	0	0	0	0	nan	0	0	0	nan	nan	nan	nan	nan	nan
232	a	0	17715	0	nan	0	0	17715	0	0	0	nan	0	0	0	0	0	0	nan	0	0	0	nan	nan	nan	nan	nan	nan
233	g	0	17715	0	nan	0	0	17715	0	0	0	nan	0	0	0	0	0	0	nan	0	0	0	nan	nan	nan	nan	nan	nan
234	a	0	17715	0	nan	0	0	17715	0	0	0	nan	0	0	0	0	0	0	nan	0	0	0	nan	nan	nan	nan	nan	nan
235	a	0	17715	0	nan	0	0	17715	0	0	0	nan	0	0	0	0	0	0	nan	0	0	0	nan	nan	nan	nan	nan	nan
236	a	0	17715	0	nan	0	0	17715	0	0	0	nan	0	0	0	0	0	0	nan	0	0	0	nan	nan	nan	nan	nan	nan
237	c	0	17715	0	nan	0	0	17715	0	0	0	nan	0	0	0	0	0	0	nan	0	0	0	nan	nan	nan	nan	nan	nan
238	a	0	17715	0	nan	0	0	17715	0	0	0	nan	0	0	0	0	0	0	nan	0	0	0	nan	nan	nan	nan	nan	nan
239	a	0	17713	0	nan	0	0	17713	0	0	0	nan	0	0	0	0	0	0	nan	0	0	0	nan	nan	nan	nan	nan	nan
240	c	0	17705	0	nan	0	0	17705	0	0	0	nan	0	0	0	0	0	0	nan	0	0	0	nan	nan	nan	nan	nan	nan
241	c	0	17691	0	nan	0	0	17691	0	0	0	nan	0	0	0	0	0	0	nan	0	0	0	nan	nan	nan	nan	nan	nan