Nucleotide	Sequence	Modified_mutations	Modified_read_depth	Modified_effective_depth	Modified_rate	Modified_off_target_mapped_depth	Modified_low_mapq_mapped_depth	Modified_primer_pair_1_mapped_depth	Untreated_mutations	Untreated_read_depth	Untreated_effective_depth	Untreated_rate	Untreated_off_target_mapped_depth	Untreated_low_mapq_mapped_depth	Untreated_primer_pair_1_mapped_depth	Denatured_mutations	Denatured_read_depth	Denatured_effective_depth	Denatured_rate	Denatured_off_target_mapped_depth	Denatured_low_mapq_mapped_depth	Denatured_primer_pair_1_mapped_depth	Reactivity_profile	Std_err	HQ_profile	HQ_stderr	Norm_profile	Norm_stderr
1	g	0	181041	0	nan	26	2	181041	0	0	0	nan	0	0	0	0	0	0	nan	0	0	0	nan	nan	nan	nan	nan	nan
2	g	0	181425	0	nan	26	2	181425	0	0	0	nan	0	0	0	0	0	0	nan	0	0	0	nan	nan	nan	nan	nan	nan
3	c	0	181524	0	nan	26	2	181524	0	0	0	nan	0	0	0	0	0	0	nan	0	0	0	nan	nan	nan	nan	nan	nan
4	a	0	185534	0	nan	41	2	185534	0	0	0	nan	0	0	0	0	0	0	nan	0	0	0	nan	nan	nan	nan	nan	nan
5	c	0	185600	0	nan	41	2	185600	0	0	0	nan	0	0	0	0	0	0	nan	0	0	0	nan	nan	nan	nan	nan	nan
6	c	0	185617	0	nan	41	2	185617	0	0	0	nan	0	0	0	0	0	0	nan	0	0	0	nan	nan	nan	nan	nan	nan
7	u	0	185622	0	nan	41	2	185622	0	0	0	nan	0	0	0	0	0	0	nan	0	0	0	nan	nan	nan	nan	nan	nan
8	c	0	185624	0	nan	41	2	185624	0	0	0	nan	0	0	0	0	0	0	nan	0	0	0	nan	nan	nan	nan	nan	nan
9	a	0	185626	0	nan	41	2	185626	0	0	0	nan	0	0	0	0	0	0	nan	0	0	0	nan	nan	nan	nan	nan	nan
10	u	0	185637	0	nan	41	2	185637	0	0	0	nan	0	0	0	0	0	0	nan	0	0	0	nan	nan	nan	nan	nan	nan
11	a	0	185655	0	nan	41	2	185655	0	0	0	nan	0	0	0	0	0	0	nan	0	0	0	nan	nan	nan	nan	nan	nan
12	a	0	185660	0	nan	41	2	185660	0	0	0	nan	0	0	0	0	0	0	nan	0	0	0	nan	nan	nan	nan	nan	nan
13	c	0	185667	0	nan	41	2	185667	0	0	0	nan	0	0	0	0	0	0	nan	0	0	0	nan	nan	nan	nan	nan	nan
14	a	0	185670	0	nan	42	2	185670	0	0	0	nan	0	0	0	0	0	0	nan	0	0	0	nan	nan	nan	nan	nan	nan
15	u	0	185671	0	nan	42	2	185671	0	0	0	nan	0	0	0	0	0	0	nan	0	0	0	nan	nan	nan	nan	nan	nan
16	a	0	185677	0	nan	42	2	185677	0	0	0	nan	0	0	0	0	0	0	nan	0	0	0	nan	nan	nan	nan	nan	nan
17	a	0	185682	0	nan	42	2	185682	0	0	0	nan	0	0	0	0	0	0	nan	0	0	0	nan	nan	nan	nan	nan	nan
18	c	0	185687	0	nan	42	2	185687	0	0	0	nan	0	0	0	0	0	0	nan	0	0	0	nan	nan	nan	nan	nan	nan
19	U	0	185688	1	0.000000	42	2	185688	0	0	0	nan	0	0	0	0	0	0	nan	0	0	0	0.000000	0.000000	nan	nan	nan	nan
20	A	0	185694	3	0.000000	42	2	185694	0	0	0	nan	0	0	0	0	0	0	nan	0	0	0	0.000000	0.000000	nan	nan	nan	nan
21	A	0	185697	5	0.000000	42	2	185697	0	0	0	nan	0	0	0	0	0	0	nan	0	0	0	0.000000	0.000000	nan	nan	nan	nan
22	G	0	185699	184055	0.000000	42	2	185699	0	0	0	nan	0	0	0	0	0	0	nan	0	0	0	0.000000	0.000000	0.000000	0.000000	0.000000	0.000000
23	G	443	185702	183233	0.002418	42	2	185702	0	0	0	nan	0	0	0	0	0	0	nan	0	0	0	0.002418	0.000115	0.002418	0.000115	1.018105	0.048421
24	C	920	185712	184194	0.004995	42	2	185712	0	0	0	nan	0	0	0	0	0	0	nan	0	0	0	0.004995	0.000165	0.004995	0.000165	0.953244	0.031489
25	A	635	185722	184658	0.003439	42	2	185722	0	0	0	nan	0	0	0	0	0	0	nan	0	0	0	0.003439	0.000136	0.003439	0.000136	0.408093	0.016139
26	G	315	185728	184639	0.001706	42	2	185728	0	0	0	nan	0	0	0	0	0	0	nan	0	0	0	0.001706	0.000096	0.001706	0.000096	0.718316	0.040421
27	A	1557	185733	184762	0.008427	42	2	185733	0	0	0	nan	0	0	0	0	0	0	nan	0	0	0	0.008427	0.000214	0.008427	0.000214	1.000000	0.025395
28	U	376	185741	184496	0.002038	42	2	185740	0	0	0	nan	0	0	0	0	0	0	nan	0	0	0	0.002038	0.000105	0.002038	0.000105	0.933578	0.048099
29	C	2628	185744	184761	0.014224	42	2	185742	0	0	0	nan	0	0	0	0	0	0	nan	0	0	0	0.014224	0.000277	0.014224	0.000277	2.714504	0.052863
30	U	351	185746	184685	0.001901	42	2	185744	0	0	0	nan	0	0	0	0	0	0	nan	0	0	0	0.001901	0.000101	0.001901	0.000101	0.870820	0.046267
31	G	254	185750	184566	0.001376	42	2	185748	0	0	0	nan	0	0	0	0	0	0	nan	0	0	0	0.001376	0.000086	0.001376	0.000086	0.579368	0.036211
32	A	353	185752	184761	0.001911	42	2	185750	0	0	0	nan	0	0	0	0	0	0	nan	0	0	0	0.001911	0.000102	0.001911	0.000102	0.226771	0.012104
33	G	313	185754	184182	0.001699	42	2	185751	0	0	0	nan	0	0	0	0	0	0	nan	0	0	0	0.001699	0.000096	0.001699	0.000096	0.715368	0.040421
34	C	348	185757	184233	0.001889	42	2	185750	0	0	0	nan	0	0	0	0	0	0	nan	0	0	0	0.001889	0.000101	0.001889	0.000101	0.360496	0.019275
35	U	451	185762	183879	0.002453	42	2	185749	0	0	0	nan	0	0	0	0	0	0	nan	0	0	0	0.002453	0.000115	0.002453	0.000115	1.123683	0.052680
36	U	330	185765	183375	0.001800	42	2	185745	0	0	0	nan	0	0	0	0	0	0	nan	0	0	0	0.001800	0.000099	0.001800	0.000099	0.824553	0.045350
37	G	319	185771	183109	0.001742	42	2	185743	0	0	0	nan	0	0	0	0	0	0	nan	0	0	0	0.001742	0.000098	0.001742	0.000098	0.733474	0.041263
38	G	313	185771	178507	0.001753	42	2	185741	0	0	0	nan	0	0	0	0	0	0	nan	0	0	0	0.001753	0.000099	0.001753	0.000099	0.738105	0.041684
39	G	385	185773	178091	0.002162	42	2	185751	0	0	0	nan	0	0	0	0	0	0	nan	0	0	0	0.002162	0.000110	0.002162	0.000110	0.910316	0.046316
40	A	1065	185772	179466	0.005934	42	2	185756	0	0	0	nan	0	0	0	0	0	0	nan	0	0	0	0.005934	0.000182	0.005934	0.000182	0.704165	0.021597
41	G	436	185777	183588	0.002375	42	2	185767	0	0	0	nan	0	0	0	0	0	0	nan	0	0	0	0.002375	0.000114	0.002375	0.000114	1.000000	0.048000
42	C	342	185779	184785	0.001851	33	2	185771	0	0	0	nan	0	0	0	0	0	0	nan	0	0	0	0.001851	0.000100	0.001851	0.000100	0.353244	0.019084
43	U	286	185780	184966	0.001546	33	2	185772	0	0	0	nan	0	0	0	0	0	0	nan	0	0	0	0.001546	0.000091	0.001546	0.000091	0.708200	0.041686
44	C	309	185781	185015	0.001670	33	2	185773	0	0	0	nan	0	0	0	0	0	0	nan	0	0	0	0.001670	0.000095	0.001670	0.000095	0.318702	0.018130
45	U	354	185781	185091	0.001913	33	2	185773	0	0	0	nan	0	0	0	0	0	0	nan	0	0	0	0.001913	0.000102	0.001913	0.000102	0.876317	0.046725
46	C	501	185779	184387	0.002717	33	2	185771	0	0	0	nan	0	0	0	0	0	0	nan	0	0	0	0.002717	0.000121	0.002717	0.000121	0.518511	0.023092
47	U	429	185778	184293	0.002328	33	2	185772	0	0	0	nan	0	0	0	0	0	0	nan	0	0	0	0.002328	0.000112	0.002328	0.000112	1.066422	0.051306
48	G	621	185777	183707	0.003380	33	2	185771	0	0	0	nan	0	0	0	0	0	0	nan	0	0	0	0.003380	0.000136	0.003380	0.000136	1.423158	0.057263
49	C	1102	185777	184446	0.005975	33	2	185774	0	0	0	nan	0	0	0	0	0	0	nan	0	0	0	0.005975	0.000180	0.005975	0.000180	1.140267	0.034351
50	C	891	185780	184463	0.004830	33	2	185779	0	0	0	nan	0	0	0	0	0	0	nan	0	0	0	0.004830	0.000162	0.004830	0.000162	0.921756	0.030916
51	A	2308	185782	184611	0.012502	33	2	185781	0	0	0	nan	0	0	0	0	0	0	nan	0	0	0	0.012502	0.000260	0.012502	0.000260	1.483565	0.030853
52	A	0	185781	183572	0.000000	33	2	185781	0	0	0	nan	0	0	0	0	0	0	nan	0	0	0	0.000000	0.000000	0.000000	0.000000	0.000000	0.000000
53	U	0	185777	146	0.000000	27	2	185777	0	0	0	nan	0	0	0	0	0	0	nan	0	0	0	0.000000	0.000000	nan	nan	nan	nan
54	C	0	185596	3	0.000000	21	2	185596	0	0	0	nan	0	0	0	0	0	0	nan	0	0	0	0.000000	0.000000	nan	nan	nan	nan
55	C	0	185595	2	0.000000	21	2	185595	0	0	0	nan	0	0	0	0	0	0	nan	0	0	0	0.000000	0.000000	nan	nan	nan	nan
56	a	0	185593	0	nan	21	2	185593	0	0	0	nan	0	0	0	0	0	0	nan	0	0	0	nan	nan	nan	nan	nan	nan
57	c	0	185593	0	nan	21	2	185593	0	0	0	nan	0	0	0	0	0	0	nan	0	0	0	nan	nan	nan	nan	nan	nan
58	u	0	185593	0	nan	21	2	185593	0	0	0	nan	0	0	0	0	0	0	nan	0	0	0	nan	nan	nan	nan	nan	nan
59	a	0	185593	0	nan	21	2	185593	0	0	0	nan	0	0	0	0	0	0	nan	0	0	0	nan	nan	nan	nan	nan	nan
60	a	0	185593	0	nan	21	2	185593	0	0	0	nan	0	0	0	0	0	0	nan	0	0	0	nan	nan	nan	nan	nan	nan
61	c	0	185593	0	nan	11	2	185593	0	0	0	nan	0	0	0	0	0	0	nan	0	0	0	nan	nan	nan	nan	nan	nan
62	c	0	185593	0	nan	11	2	185593	0	0	0	nan	0	0	0	0	0	0	nan	0	0	0	nan	nan	nan	nan	nan	nan
63	u	0	185593	0	nan	1	2	185593	0	0	0	nan	0	0	0	0	0	0	nan	0	0	0	nan	nan	nan	nan	nan	nan
64	c	0	185593	0	nan	1	2	185593	0	0	0	nan	0	0	0	0	0	0	nan	0	0	0	nan	nan	nan	nan	nan	nan
65	a	0	185593	0	nan	1	2	185593	0	0	0	nan	0	0	0	0	0	0	nan	0	0	0	nan	nan	nan	nan	nan	nan
66	c	0	185592	0	nan	1	2	185592	0	0	0	nan	0	0	0	0	0	0	nan	0	0	0	nan	nan	nan	nan	nan	nan
67	u	0	185592	0	nan	1	2	185592	0	0	0	nan	0	0	0	0	0	0	nan	0	0	0	nan	nan	nan	nan	nan	nan
68	c	0	185592	0	nan	1	2	185592	0	0	0	nan	0	0	0	0	0	0	nan	0	0	0	nan	nan	nan	nan	nan	nan
69	a	0	185591	0	nan	1	2	185591	0	0	0	nan	0	0	0	0	0	0	nan	0	0	0	nan	nan	nan	nan	nan	nan
70	c	0	185584	0	nan	1	2	185584	0	0	0	nan	0	0	0	0	0	0	nan	0	0	0	nan	nan	nan	nan	nan	nan
71	a	0	185581	0	nan	1	2	185581	0	0	0	nan	0	0	0	0	0	0	nan	0	0	0	nan	nan	nan	nan	nan	nan
72	a	0	185526	0	nan	1	2	185526	0	0	0	nan	0	0	0	0	0	0	nan	0	0	0	nan	nan	nan	nan	nan	nan
73	u	0	185449	0	nan	1	2	185449	0	0	0	nan	0	0	0	0	0	0	nan	0	0	0	nan	nan	nan	nan	nan	nan
74	c	0	185173	0	nan	1	2	185173	0	0	0	nan	0	0	0	0	0	0	nan	0	0	0	nan	nan	nan	nan	nan	nan