Nucleotide	Sequence	Modified_mutations	Modified_read_depth	Modified_effective_depth	Modified_rate	Modified_off_target_mapped_depth	Modified_low_mapq_mapped_depth	Modified_primer_pair_1_mapped_depth	Untreated_mutations	Untreated_read_depth	Untreated_effective_depth	Untreated_rate	Untreated_off_target_mapped_depth	Untreated_low_mapq_mapped_depth	Untreated_primer_pair_1_mapped_depth	Denatured_mutations	Denatured_read_depth	Denatured_effective_depth	Denatured_rate	Denatured_off_target_mapped_depth	Denatured_low_mapq_mapped_depth	Denatured_primer_pair_1_mapped_depth	Reactivity_profile	Std_err	HQ_profile	HQ_stderr	Norm_profile	Norm_stderr
1	g	0	656872	0	nan	3	18	656872	0	0	0	nan	0	0	0	0	0	0	nan	0	0	0	nan	nan	nan	nan	nan	nan
2	g	0	657378	0	nan	3	18	657378	0	0	0	nan	0	0	0	0	0	0	nan	0	0	0	nan	nan	nan	nan	nan	nan
3	u	0	657538	0	nan	3	18	657538	0	0	0	nan	0	0	0	0	0	0	nan	0	0	0	nan	nan	nan	nan	nan	nan
4	g	0	657650	0	nan	3	18	657650	0	0	0	nan	0	0	0	0	0	0	nan	0	0	0	nan	nan	nan	nan	nan	nan
5	u	0	657712	0	nan	3	18	657712	0	0	0	nan	0	0	0	0	0	0	nan	0	0	0	nan	nan	nan	nan	nan	nan
6	a	0	657716	0	nan	3	18	657716	0	0	0	nan	0	0	0	0	0	0	nan	0	0	0	nan	nan	nan	nan	nan	nan
7	a	0	657721	0	nan	3	18	657721	0	0	0	nan	0	0	0	0	0	0	nan	0	0	0	nan	nan	nan	nan	nan	nan
8	g	0	657726	0	nan	3	18	657726	0	0	0	nan	0	0	0	0	0	0	nan	0	0	0	nan	nan	nan	nan	nan	nan
9	g	0	657787	0	nan	3	18	657787	0	0	0	nan	0	0	0	0	0	0	nan	0	0	0	nan	nan	nan	nan	nan	nan
10	g	0	665907	0	nan	3	18	665907	0	0	0	nan	0	0	0	0	0	0	nan	0	0	0	nan	nan	nan	nan	nan	nan
11	u	0	665999	0	nan	3	18	665999	0	0	0	nan	0	0	0	0	0	0	nan	0	0	0	nan	nan	nan	nan	nan	nan
12	g	0	666050	0	nan	3	18	666050	0	0	0	nan	0	0	0	0	0	0	nan	0	0	0	nan	nan	nan	nan	nan	nan
13	a	0	666052	0	nan	8	18	666052	0	0	0	nan	0	0	0	0	0	0	nan	0	0	0	nan	nan	nan	nan	nan	nan
14	a	0	666053	0	nan	8	18	666053	0	0	0	nan	0	0	0	0	0	0	nan	0	0	0	nan	nan	nan	nan	nan	nan
15	g	0	666058	0	nan	119	18	666058	0	0	0	nan	0	0	0	0	0	0	nan	0	0	0	nan	nan	nan	nan	nan	nan
16	u	0	666060	0	nan	124	18	666060	0	0	0	nan	0	0	0	0	0	0	nan	0	0	0	nan	nan	nan	nan	nan	nan
17	g	0	666062	0	nan	124	18	666062	0	0	0	nan	0	0	0	0	0	0	nan	0	0	0	nan	nan	nan	nan	nan	nan
18	u	0	666064	0	nan	128	18	666064	0	0	0	nan	0	0	0	0	0	0	nan	0	0	0	nan	nan	nan	nan	nan	nan
19	a	0	666072	0	nan	128	18	666072	0	0	0	nan	0	0	0	0	0	0	nan	0	0	0	nan	nan	nan	nan	nan	nan
20	A	0	666084	6	0.000000	134	18	666084	0	0	0	nan	0	0	0	0	0	0	nan	0	0	0	0.000000	0.000000	nan	nan	nan	nan
21	G	0	666103	20	0.000000	145	18	666103	0	0	0	nan	0	0	0	0	0	0	nan	0	0	0	0.000000	0.000000	nan	nan	nan	nan
22	G	0	666105	19	0.000000	145	18	666105	0	0	0	nan	0	0	0	0	0	0	nan	0	0	0	0.000000	0.000000	nan	nan	nan	nan
23	U	0	666109	664878	0.000000	166	18	666109	0	0	0	nan	0	0	0	0	0	0	nan	0	0	0	0.000000	0.000000	0.000000	0.000000	nan	nan
24	U	622	666109	664877	0.000936	166	18	666109	0	0	0	nan	0	0	0	0	0	0	nan	0	0	0	0.000936	0.000038	0.000936	0.000038	nan	nan
25	G	353	666110	664321	0.000531	166	18	666110	0	0	0	nan	0	0	0	0	0	0	nan	0	0	0	0.000531	0.000028	0.000531	0.000028	nan	nan
26	A	5297	666111	664679	0.007969	166	18	666111	0	0	0	nan	0	0	0	0	0	0	nan	0	0	0	0.007969	0.000109	0.007969	0.000109	0.898194	0.012285
27	A	5755	666112	664288	0.008663	166	18	666112	0	0	0	nan	0	0	0	0	0	0	nan	0	0	0	0.008663	0.000114	0.008663	0.000114	0.976415	0.012849
28	C	6838	666115	663328	0.010309	166	18	666114	0	0	0	nan	0	0	0	0	0	0	nan	0	0	0	0.010309	0.000125	0.010309	0.000125	0.884153	0.010721
29	U	774	666117	663481	0.001167	166	18	666116	0	0	0	nan	0	0	0	0	0	0	nan	0	0	0	0.001167	0.000042	0.001167	0.000042	nan	nan
30	U	794	666120	663920	0.001196	165	18	666118	0	0	0	nan	0	0	0	0	0	0	nan	0	0	0	0.001196	0.000042	0.001196	0.000042	nan	nan
31	U	1001	666127	664268	0.001507	165	18	666124	0	0	0	nan	0	0	0	0	0	0	nan	0	0	0	0.001507	0.000048	0.001507	0.000048	nan	nan
32	U	547	666136	664745	0.000823	165	18	666131	0	0	0	nan	0	0	0	0	0	0	nan	0	0	0	0.000823	0.000035	0.000823	0.000035	nan	nan
33	G	203	666195	664054	0.000306	165	18	666189	0	0	0	nan	0	0	0	0	0	0	nan	0	0	0	0.000306	0.000021	0.000306	0.000021	nan	nan
34	A	5941	666224	664428	0.008942	165	18	666216	0	0	0	nan	0	0	0	0	0	0	nan	0	0	0	0.008942	0.000116	0.008942	0.000116	1.007862	0.013074
35	A	5327	666226	664050	0.008022	165	18	666217	0	0	0	nan	0	0	0	0	0	0	nan	0	0	0	0.008022	0.000110	0.008022	0.000110	0.904167	0.012398
36	U	473	666225	664152	0.000712	165	18	666217	0	0	0	nan	0	0	0	0	0	0	nan	0	0	0	0.000712	0.000033	0.000712	0.000033	nan	nan
37	A	5628	666226	664445	0.008470	166	18	666215	0	0	0	nan	0	0	0	0	0	0	nan	0	0	0	0.008470	0.000113	0.008470	0.000113	0.954662	0.012736
38	G	413	666226	663104	0.000623	166	18	666217	0	0	0	nan	0	0	0	0	0	0	nan	0	0	0	0.000623	0.000031	0.000623	0.000031	nan	nan
39	U	711	666226	664790	0.001070	166	18	666214	0	0	0	nan	0	0	0	0	0	0	nan	0	0	0	0.001070	0.000040	0.001070	0.000040	nan	nan
40	G	600	666228	663688	0.000904	166	18	666216	0	0	0	nan	0	0	0	0	0	0	nan	0	0	0	0.000904	0.000037	0.000904	0.000037	nan	nan
41	A	7057	666232	664196	0.010625	166	18	666220	0	0	0	nan	0	0	0	0	0	0	nan	0	0	0	0.010625	0.000126	0.010625	0.000126	1.197554	0.014202
42	U	1202	666232	663853	0.001811	166	18	666221	0	0	0	nan	0	0	0	0	0	0	nan	0	0	0	0.001811	0.000052	0.001811	0.000052	nan	nan
43	U	910	666237	664084	0.001370	169	18	666225	0	0	0	nan	0	0	0	0	0	0	nan	0	0	0	0.001370	0.000045	0.001370	0.000045	nan	nan
44	C	8039	666248	663858	0.012110	169	18	666238	0	0	0	nan	0	0	0	0	0	0	nan	0	0	0	0.012110	0.000135	0.012110	0.000135	1.038616	0.011578
45	A	6417	666255	664252	0.009660	169	18	666242	0	0	0	nan	0	0	0	0	0	0	nan	0	0	0	0.009660	0.000121	0.009660	0.000121	1.088788	0.013638
46	G	363	666277	663535	0.000547	169	18	666270	0	0	0	nan	0	0	0	0	0	0	nan	0	0	0	0.000547	0.000029	0.000547	0.000029	nan	nan
47	G	367	666288	663719	0.000553	169	18	666280	0	0	0	nan	0	0	0	0	0	0	nan	0	0	0	0.000553	0.000029	0.000553	0.000029	nan	nan
48	A	5704	666289	664388	0.008585	169	18	666281	0	0	0	nan	0	0	0	0	0	0	nan	0	0	0	0.008585	0.000114	0.008585	0.000114	0.967624	0.012849
49	G	409	666294	663894	0.000616	170	18	666287	0	0	0	nan	0	0	0	0	0	0	nan	0	0	0	0.000616	0.000030	0.000616	0.000030	nan	nan
50	G	456	666296	651310	0.000700	170	18	666291	0	0	0	nan	0	0	0	0	0	0	nan	0	0	0	0.000700	0.000033	0.000700	0.000033	nan	nan
51	U	712	666299	651871	0.001092	170	18	666295	0	0	0	nan	0	0	0	0	0	0	nan	0	0	0	0.001092	0.000041	0.001092	0.000041	nan	nan
52	U	642	666301	651492	0.000985	170	18	666297	0	0	0	nan	0	0	0	0	0	0	nan	0	0	0	0.000985	0.000039	0.000985	0.000039	nan	nan
53	A	5437	666302	663077	0.008200	170	18	666291	0	0	0	nan	0	0	0	0	0	0	nan	0	0	0	0.008200	0.000111	0.008200	0.000111	0.924230	0.012511
54	A	4925	666042	661518	0.007445	113	18	665414	0	0	0	nan	0	0	0	0	0	0	nan	0	0	0	0.007445	0.000106	0.007445	0.000106	0.839133	0.011947
55	U	737	666042	660812	0.001115	112	18	665509	0	0	0	nan	0	0	0	0	0	0	nan	0	0	0	0.001115	0.000041	0.001115	0.000041	nan	nan
56	G	577	666045	660987	0.000873	112	18	665564	0	0	0	nan	0	0	0	0	0	0	nan	0	0	0	0.000873	0.000036	0.000873	0.000036	nan	nan
57	G	0	666072	661000	0.000000	112	18	666027	0	0	0	nan	0	0	0	0	0	0	nan	0	0	0	0.000000	0.000000	0.000000	0.000000	nan	nan
58	A	0	666074	0	nan	112	18	666074	0	0	0	nan	0	0	0	0	0	0	nan	0	0	0	nan	nan	nan	nan	nan	nan
59	A	0	666074	0	nan	112	18	666074	0	0	0	nan	0	0	0	0	0	0	nan	0	0	0	nan	nan	nan	nan	nan	nan
60	G	0	666074	0	nan	112	18	666074	0	0	0	nan	0	0	0	0	0	0	nan	0	0	0	nan	nan	nan	nan	nan	nan
61	u	0	666074	0	nan	112	18	666074	0	0	0	nan	0	0	0	0	0	0	nan	0	0	0	nan	nan	nan	nan	nan	nan
62	a	0	666074	0	nan	112	18	666074	0	0	0	nan	0	0	0	0	0	0	nan	0	0	0	nan	nan	nan	nan	nan	nan
63	a	0	666074	0	nan	112	18	666074	0	0	0	nan	0	0	0	0	0	0	nan	0	0	0	nan	nan	nan	nan	nan	nan
64	a	0	666074	0	nan	112	18	666074	0	0	0	nan	0	0	0	0	0	0	nan	0	0	0	nan	nan	nan	nan	nan	nan
65	g	0	666074	0	nan	111	18	666074	0	0	0	nan	0	0	0	0	0	0	nan	0	0	0	nan	nan	nan	nan	nan	nan
66	g	0	666074	0	nan	111	18	666074	0	0	0	nan	0	0	0	0	0	0	nan	0	0	0	nan	nan	nan	nan	nan	nan
67	u	0	666074	0	nan	109	18	666074	0	0	0	nan	0	0	0	0	0	0	nan	0	0	0	nan	nan	nan	nan	nan	nan
68	a	0	666074	0	nan	108	18	666074	0	0	0	nan	0	0	0	0	0	0	nan	0	0	0	nan	nan	nan	nan	nan	nan
69	a	0	666074	0	nan	107	18	666074	0	0	0	nan	0	0	0	0	0	0	nan	0	0	0	nan	nan	nan	nan	nan	nan
70	u	0	666074	0	nan	107	18	666074	0	0	0	nan	0	0	0	0	0	0	nan	0	0	0	nan	nan	nan	nan	nan	nan
71	g	0	666074	0	nan	107	18	666074	0	0	0	nan	0	0	0	0	0	0	nan	0	0	0	nan	nan	nan	nan	nan	nan
72	a	0	666073	0	nan	107	18	666073	0	0	0	nan	0	0	0	0	0	0	nan	0	0	0	nan	nan	nan	nan	nan	nan
73	a	0	666073	0	nan	107	18	666073	0	0	0	nan	0	0	0	0	0	0	nan	0	0	0	nan	nan	nan	nan	nan	nan
74	g	0	666070	0	nan	107	18	666070	0	0	0	nan	0	0	0	0	0	0	nan	0	0	0	nan	nan	nan	nan	nan	nan
75	g	0	666067	0	nan	107	18	666067	0	0	0	nan	0	0	0	0	0	0	nan	0	0	0	nan	nan	nan	nan	nan	nan
76	u	0	666044	0	nan	107	18	666044	0	0	0	nan	0	0	0	0	0	0	nan	0	0	0	nan	nan	nan	nan	nan	nan
77	g	0	666025	0	nan	107	18	666025	0	0	0	nan	0	0	0	0	0	0	nan	0	0	0	nan	nan	nan	nan	nan	nan
78	a	0	666015	0	nan	107	18	666015	0	0	0	nan	0	0	0	0	0	0	nan	0	0	0	nan	nan	nan	nan	nan	nan
79	a	0	665873	0	nan	107	18	665873	0	0	0	nan	0	0	0	0	0	0	nan	0	0	0	nan	nan	nan	nan	nan	nan
80	g	0	665627	0	nan	107	18	665627	0	0	0	nan	0	0	0	0	0	0	nan	0	0	0	nan	nan	nan	nan	nan	nan