Nucleotide	Sequence	Modified_mutations	Modified_read_depth	Modified_effective_depth	Modified_rate	Modified_off_target_mapped_depth	Modified_low_mapq_mapped_depth	Modified_primer_pair_1_mapped_depth	Untreated_mutations	Untreated_read_depth	Untreated_effective_depth	Untreated_rate	Untreated_off_target_mapped_depth	Untreated_low_mapq_mapped_depth	Untreated_primer_pair_1_mapped_depth	Denatured_mutations	Denatured_read_depth	Denatured_effective_depth	Denatured_rate	Denatured_off_target_mapped_depth	Denatured_low_mapq_mapped_depth	Denatured_primer_pair_1_mapped_depth	Reactivity_profile	Std_err	HQ_profile	HQ_stderr	Norm_profile	Norm_stderr
1	g	0	28065	0	nan	6	0	28065	0	0	0	nan	0	0	0	0	0	0	nan	0	0	0	nan	nan	nan	nan	nan	nan
2	g	0	28104	0	nan	6	0	28104	0	0	0	nan	0	0	0	0	0	0	nan	0	0	0	nan	nan	nan	nan	nan	nan
3	u	0	28130	0	nan	6	0	28130	0	0	0	nan	0	0	0	0	0	0	nan	0	0	0	nan	nan	nan	nan	nan	nan
4	g	0	28156	0	nan	6	0	28156	0	0	0	nan	0	0	0	0	0	0	nan	0	0	0	nan	nan	nan	nan	nan	nan
5	u	0	28196	0	nan	6	0	28196	0	0	0	nan	0	0	0	0	0	0	nan	0	0	0	nan	nan	nan	nan	nan	nan
6	a	0	28234	0	nan	6	0	28234	0	0	0	nan	0	0	0	0	0	0	nan	0	0	0	nan	nan	nan	nan	nan	nan
7	a	0	28326	0	nan	6	0	28326	0	0	0	nan	0	0	0	0	0	0	nan	0	0	0	nan	nan	nan	nan	nan	nan
8	g	0	28559	0	nan	6	0	28559	0	0	0	nan	0	0	0	0	0	0	nan	0	0	0	nan	nan	nan	nan	nan	nan
9	g	0	30383	0	nan	6	0	30383	0	0	0	nan	0	0	0	0	0	0	nan	0	0	0	nan	nan	nan	nan	nan	nan
10	g	0	170697	0	nan	6	0	170697	0	0	0	nan	0	0	0	0	0	0	nan	0	0	0	nan	nan	nan	nan	nan	nan
11	u	0	176971	0	nan	6	0	176971	0	0	0	nan	0	0	0	0	0	0	nan	0	0	0	nan	nan	nan	nan	nan	nan
12	g	0	177200	0	nan	6	0	177200	0	0	0	nan	0	0	0	0	0	0	nan	0	0	0	nan	nan	nan	nan	nan	nan
13	a	0	177222	0	nan	6	0	177222	0	0	0	nan	0	0	0	0	0	0	nan	0	0	0	nan	nan	nan	nan	nan	nan
14	a	0	177231	0	nan	6	0	177231	0	0	0	nan	0	0	0	0	0	0	nan	0	0	0	nan	nan	nan	nan	nan	nan
15	g	0	177275	0	nan	11	0	177275	0	0	0	nan	0	0	0	0	0	0	nan	0	0	0	nan	nan	nan	nan	nan	nan
16	u	0	177290	0	nan	11	0	177290	0	0	0	nan	0	0	0	0	0	0	nan	0	0	0	nan	nan	nan	nan	nan	nan
17	g	0	177311	0	nan	11	0	177311	0	0	0	nan	0	0	0	0	0	0	nan	0	0	0	nan	nan	nan	nan	nan	nan
18	u	0	177318	0	nan	11	0	177318	0	0	0	nan	0	0	0	0	0	0	nan	0	0	0	nan	nan	nan	nan	nan	nan
19	a	0	177392	0	nan	11	0	177392	0	0	0	nan	0	0	0	0	0	0	nan	0	0	0	nan	nan	nan	nan	nan	nan
20	A	0	177412	12	0.000000	11	0	177412	0	0	0	nan	0	0	0	0	0	0	nan	0	0	0	0.000000	0.000000	nan	nan	nan	nan
21	G	0	177460	37	0.000000	11	0	177460	0	0	0	nan	0	0	0	0	0	0	nan	0	0	0	0.000000	0.000000	nan	nan	nan	nan
22	G	0	177480	38	0.000000	11	0	177480	0	0	0	nan	0	0	0	0	0	0	nan	0	0	0	0.000000	0.000000	nan	nan	nan	nan
23	U	0	177493	170066	0.000000	11	0	177493	0	0	0	nan	0	0	0	0	0	0	nan	0	0	0	0.000000	0.000000	0.000000	0.000000	0.000000	0.000000
24	U	295	177504	174632	0.001689	11	0	177504	0	0	0	nan	0	0	0	0	0	0	nan	0	0	0	0.001689	0.000098	0.001689	0.000098	0.804286	0.046667
25	G	666	177512	174055	0.003826	11	0	177512	0	0	0	nan	0	0	0	0	0	0	nan	0	0	0	0.003826	0.000148	0.003826	0.000148	0.728901	0.028196
26	A	5383	177515	172895	0.031135	11	0	177515	0	0	0	nan	0	0	0	0	0	0	nan	0	0	0	0.031135	0.000424	0.031135	0.000424	0.912201	0.012422
27	A	5855	177517	171349	0.034170	11	0	177517	0	0	0	nan	0	0	0	0	0	0	nan	0	0	0	0.034170	0.000447	0.034170	0.000447	1.001121	0.013096
28	C	8091	177522	170237	0.047528	11	0	177520	0	0	0	nan	0	0	0	0	0	0	nan	0	0	0	0.047528	0.000528	0.047528	0.000528	1.037231	0.011523
29	U	159	177536	171200	0.000929	11	0	177534	0	0	0	nan	0	0	0	0	0	0	nan	0	0	0	0.000929	0.000074	0.000929	0.000074	0.442381	0.035238
30	U	186	177560	171841	0.001082	9	0	177551	0	0	0	nan	0	0	0	0	0	0	nan	0	0	0	0.001082	0.000079	0.001082	0.000079	0.515238	0.037619
31	U	252	177580	172650	0.001460	9	0	177571	0	0	0	nan	0	0	0	0	0	0	nan	0	0	0	0.001460	0.000092	0.001460	0.000092	0.695238	0.043810
32	U	204	177611	173782	0.001174	9	0	177602	0	0	0	nan	0	0	0	0	0	0	nan	0	0	0	0.001174	0.000082	0.001174	0.000082	0.559048	0.039048
33	G	855	177649	173057	0.004941	9	0	177640	0	0	0	nan	0	0	0	0	0	0	nan	0	0	0	0.004941	0.000169	0.004941	0.000169	0.941322	0.032197
34	A	5866	177661	172441	0.034017	9	0	177651	0	0	0	nan	0	0	0	0	0	0	nan	0	0	0	0.034017	0.000444	0.034017	0.000444	0.996638	0.013008
35	A	5323	177671	171025	0.031124	9	0	177661	0	0	0	nan	0	0	0	0	0	0	nan	0	0	0	0.031124	0.000427	0.031124	0.000427	0.911878	0.012510
36	U	252	177676	170743	0.001476	9	0	177666	0	0	0	nan	0	0	0	0	0	0	nan	0	0	0	0.001476	0.000093	0.001476	0.000093	0.702857	0.044286
37	A	5833	177678	171789	0.033954	9	0	177668	0	0	0	nan	0	0	0	0	0	0	nan	0	0	0	0.033954	0.000445	0.033954	0.000445	0.994792	0.013038
38	G	508	177698	171591	0.002961	9	1	177688	0	0	0	nan	0	0	0	0	0	0	nan	0	0	0	0.002961	0.000131	0.002961	0.000131	0.564107	0.024957
39	U	365	177710	173839	0.002100	9	1	177700	0	0	0	nan	0	0	0	0	0	0	nan	0	0	0	0.002100	0.000110	0.002100	0.000110	1.000000	0.052381
40	G	943	177744	172245	0.005475	9	2	177733	0	0	0	nan	0	0	0	0	0	0	nan	0	0	0	0.005475	0.000178	0.005475	0.000178	1.043056	0.033911
41	A	6260	177773	173104	0.036163	9	2	177763	0	0	0	nan	0	0	0	0	0	0	nan	0	0	0	0.036163	0.000457	0.036163	0.000457	1.059512	0.013389
42	U	263	177821	172061	0.001529	8	2	177813	0	0	0	nan	0	0	0	0	0	0	nan	0	0	0	0.001529	0.000094	0.001529	0.000094	0.728095	0.044762
43	U	306	177848	172098	0.001778	8	2	177840	0	0	0	nan	0	0	0	0	0	0	nan	0	0	0	0.001778	0.000102	0.001778	0.000102	0.846667	0.048571
44	C	6960	177862	170989	0.040704	8	2	177854	0	0	0	nan	0	0	0	0	0	0	nan	0	0	0	0.040704	0.000488	0.040704	0.000488	0.888307	0.010650
45	A	6044	177893	172092	0.035121	8	2	177884	0	0	0	nan	0	0	0	0	0	0	nan	0	0	0	0.035121	0.000452	0.035121	0.000452	1.028983	0.013243
46	G	899	177930	173185	0.005191	8	2	177924	0	0	0	nan	0	0	0	0	0	0	nan	0	0	0	0.005191	0.000173	0.005191	0.000173	0.988950	0.032959
47	G	829	177945	173034	0.004791	8	2	177940	0	0	0	nan	0	0	0	0	0	0	nan	0	0	0	0.004791	0.000166	0.004791	0.000166	0.912745	0.031625
48	A	5059	177949	169783	0.029797	8	2	177944	0	0	0	nan	0	0	0	0	0	0	nan	0	0	0	0.029797	0.000419	0.029797	0.000419	0.872999	0.012276
49	G	1011	178021	169724	0.005957	8	2	178021	0	0	0	nan	0	0	0	0	0	0	nan	0	0	0	0.005957	0.000187	0.005957	0.000187	1.134883	0.035626
50	G	544	178040	170686	0.003187	8	2	178040	0	0	0	nan	0	0	0	0	0	0	nan	0	0	0	0.003187	0.000137	0.003187	0.000137	0.607163	0.026100
51	U	171	178043	170655	0.001002	8	2	178043	0	0	0	nan	0	0	0	0	0	0	nan	0	0	0	0.001002	0.000077	0.001002	0.000077	0.477143	0.036667
52	U	335	178050	173316	0.001933	8	2	178050	0	0	0	nan	0	0	0	0	0	0	nan	0	0	0	0.001933	0.000106	0.001933	0.000106	0.920476	0.050476
53	A	5505	178056	173178	0.031788	7	2	178055	0	0	0	nan	0	0	0	0	0	0	nan	0	0	0	0.031788	0.000428	0.031788	0.000428	0.931332	0.012540
54	A	4752	178052	173885	0.027328	7	2	178050	0	0	0	nan	0	0	0	0	0	0	nan	0	0	0	0.027328	0.000396	0.027328	0.000396	0.800662	0.011602
55	U	552	178058	175049	0.003153	7	2	178057	0	0	0	nan	0	0	0	0	0	0	nan	0	0	0	0.003153	0.000134	0.003153	0.000134	1.501429	0.063810
56	G	922	178067	175663	0.005249	7	2	178066	0	0	0	nan	0	0	0	0	0	0	nan	0	0	0	0.005249	0.000173	0.005249	0.000173	1.000000	0.032959
57	G	0	178071	174676	0.000000	7	2	178071	0	0	0	nan	0	0	0	0	0	0	nan	0	0	0	0.000000	0.000000	0.000000	0.000000	0.000000	0.000000
58	A	0	178072	0	nan	7	2	178072	0	0	0	nan	0	0	0	0	0	0	nan	0	0	0	nan	nan	nan	nan	nan	nan
59	A	0	178072	0	nan	7	2	178072	0	0	0	nan	0	0	0	0	0	0	nan	0	0	0	nan	nan	nan	nan	nan	nan
60	G	0	178072	0	nan	7	2	178072	0	0	0	nan	0	0	0	0	0	0	nan	0	0	0	nan	nan	nan	nan	nan	nan
61	u	0	178072	0	nan	7	2	178072	0	0	0	nan	0	0	0	0	0	0	nan	0	0	0	nan	nan	nan	nan	nan	nan
62	a	0	178072	0	nan	7	2	178072	0	0	0	nan	0	0	0	0	0	0	nan	0	0	0	nan	nan	nan	nan	nan	nan
63	a	0	178072	0	nan	7	2	178072	0	0	0	nan	0	0	0	0	0	0	nan	0	0	0	nan	nan	nan	nan	nan	nan
64	a	0	178072	0	nan	7	2	178072	0	0	0	nan	0	0	0	0	0	0	nan	0	0	0	nan	nan	nan	nan	nan	nan
65	g	0	178072	0	nan	7	2	178072	0	0	0	nan	0	0	0	0	0	0	nan	0	0	0	nan	nan	nan	nan	nan	nan
66	g	0	178072	0	nan	6	2	178072	0	0	0	nan	0	0	0	0	0	0	nan	0	0	0	nan	nan	nan	nan	nan	nan
67	u	0	178072	0	nan	6	2	178072	0	0	0	nan	0	0	0	0	0	0	nan	0	0	0	nan	nan	nan	nan	nan	nan
68	a	0	178072	0	nan	5	2	178072	0	0	0	nan	0	0	0	0	0	0	nan	0	0	0	nan	nan	nan	nan	nan	nan
69	a	0	178072	0	nan	5	2	178072	0	0	0	nan	0	0	0	0	0	0	nan	0	0	0	nan	nan	nan	nan	nan	nan
70	u	0	178072	0	nan	5	2	178072	0	0	0	nan	0	0	0	0	0	0	nan	0	0	0	nan	nan	nan	nan	nan	nan
71	g	0	178070	0	nan	5	2	178070	0	0	0	nan	0	0	0	0	0	0	nan	0	0	0	nan	nan	nan	nan	nan	nan
72	a	0	178069	0	nan	5	2	178069	0	0	0	nan	0	0	0	0	0	0	nan	0	0	0	nan	nan	nan	nan	nan	nan
73	a	0	178069	0	nan	5	2	178069	0	0	0	nan	0	0	0	0	0	0	nan	0	0	0	nan	nan	nan	nan	nan	nan
74	g	0	178069	0	nan	5	2	178069	0	0	0	nan	0	0	0	0	0	0	nan	0	0	0	nan	nan	nan	nan	nan	nan
75	g	0	178068	0	nan	5	2	178068	0	0	0	nan	0	0	0	0	0	0	nan	0	0	0	nan	nan	nan	nan	nan	nan
76	u	0	178064	0	nan	5	2	178064	0	0	0	nan	0	0	0	0	0	0	nan	0	0	0	nan	nan	nan	nan	nan	nan
77	g	0	178063	0	nan	5	2	178063	0	0	0	nan	0	0	0	0	0	0	nan	0	0	0	nan	nan	nan	nan	nan	nan
78	a	0	178052	0	nan	5	2	178052	0	0	0	nan	0	0	0	0	0	0	nan	0	0	0	nan	nan	nan	nan	nan	nan
79	a	0	178036	0	nan	5	2	178036	0	0	0	nan	0	0	0	0	0	0	nan	0	0	0	nan	nan	nan	nan	nan	nan
80	g	0	177921	0	nan	4	2	177921	0	0	0	nan	0	0	0	0	0	0	nan	0	0	0	nan	nan	nan	nan	nan	nan