Nucleotide	Sequence	Modified_mutations	Modified_read_depth	Modified_effective_depth	Modified_rate	Modified_off_target_mapped_depth	Modified_low_mapq_mapped_depth	Modified_primer_pair_1_mapped_depth	Untreated_mutations	Untreated_read_depth	Untreated_effective_depth	Untreated_rate	Untreated_off_target_mapped_depth	Untreated_low_mapq_mapped_depth	Untreated_primer_pair_1_mapped_depth	Denatured_mutations	Denatured_read_depth	Denatured_effective_depth	Denatured_rate	Denatured_off_target_mapped_depth	Denatured_low_mapq_mapped_depth	Denatured_primer_pair_1_mapped_depth	Reactivity_profile	Std_err	HQ_profile	HQ_stderr	Norm_profile	Norm_stderr
1	g	0	43342	0	nan	6	0	43342	0	0	0	nan	0	0	0	0	0	0	nan	0	0	0	nan	nan	nan	nan	nan	nan
2	g	0	43377	0	nan	6	0	43377	0	0	0	nan	0	0	0	0	0	0	nan	0	0	0	nan	nan	nan	nan	nan	nan
3	u	0	43416	0	nan	6	0	43416	0	0	0	nan	0	0	0	0	0	0	nan	0	0	0	nan	nan	nan	nan	nan	nan
4	g	0	43449	0	nan	6	0	43449	0	0	0	nan	0	0	0	0	0	0	nan	0	0	0	nan	nan	nan	nan	nan	nan
5	u	0	43476	0	nan	6	0	43476	0	0	0	nan	0	0	0	0	0	0	nan	0	0	0	nan	nan	nan	nan	nan	nan
6	a	0	43525	0	nan	6	0	43525	0	0	0	nan	0	0	0	0	0	0	nan	0	0	0	nan	nan	nan	nan	nan	nan
7	a	0	43658	0	nan	6	0	43658	0	0	0	nan	0	0	0	0	0	0	nan	0	0	0	nan	nan	nan	nan	nan	nan
8	g	0	43956	0	nan	7	0	43956	0	0	0	nan	0	0	0	0	0	0	nan	0	0	0	nan	nan	nan	nan	nan	nan
9	g	0	46613	0	nan	7	0	46613	0	0	0	nan	0	0	0	0	0	0	nan	0	0	0	nan	nan	nan	nan	nan	nan
10	g	0	264333	0	nan	7	0	264333	0	0	0	nan	0	0	0	0	0	0	nan	0	0	0	nan	nan	nan	nan	nan	nan
11	u	0	274128	0	nan	7	0	274128	0	0	0	nan	0	0	0	0	0	0	nan	0	0	0	nan	nan	nan	nan	nan	nan
12	g	0	274480	0	nan	7	0	274480	0	0	0	nan	0	0	0	0	0	0	nan	0	0	0	nan	nan	nan	nan	nan	nan
13	a	0	274512	0	nan	7	0	274512	0	0	0	nan	0	0	0	0	0	0	nan	0	0	0	nan	nan	nan	nan	nan	nan
14	a	0	274523	0	nan	7	0	274523	0	0	0	nan	0	0	0	0	0	0	nan	0	0	0	nan	nan	nan	nan	nan	nan
15	g	0	274608	0	nan	21	0	274608	0	0	0	nan	0	0	0	0	0	0	nan	0	0	0	nan	nan	nan	nan	nan	nan
16	u	0	274633	0	nan	21	0	274633	0	0	0	nan	0	0	0	0	0	0	nan	0	0	0	nan	nan	nan	nan	nan	nan
17	g	0	274663	0	nan	21	0	274663	0	0	0	nan	0	0	0	0	0	0	nan	0	0	0	nan	nan	nan	nan	nan	nan
18	u	0	274672	0	nan	21	0	274672	0	0	0	nan	0	0	0	0	0	0	nan	0	0	0	nan	nan	nan	nan	nan	nan
19	a	0	274799	0	nan	21	0	274799	0	0	0	nan	0	0	0	0	0	0	nan	0	0	0	nan	nan	nan	nan	nan	nan
20	A	0	274839	21	0.000000	21	0	274839	0	0	0	nan	0	0	0	0	0	0	nan	0	0	0	0.000000	0.000000	nan	nan	nan	nan
21	G	0	274915	47	0.000000	21	0	274915	0	0	0	nan	0	0	0	0	0	0	nan	0	0	0	0.000000	0.000000	nan	nan	nan	nan
22	G	0	274938	45	0.000000	21	0	274938	0	0	0	nan	0	0	0	0	0	0	nan	0	0	0	0.000000	0.000000	nan	nan	nan	nan
23	U	0	274972	263937	0.000000	21	0	274972	0	0	0	nan	0	0	0	0	0	0	nan	0	0	0	0.000000	0.000000	0.000000	0.000000	nan	nan
24	U	214	274980	270999	0.000790	21	0	274980	0	0	0	nan	0	0	0	0	0	0	nan	0	0	0	0.000790	0.000054	0.000790	0.000054	nan	nan
25	G	248	274998	269437	0.000920	21	0	274998	0	0	0	nan	0	0	0	0	0	0	nan	0	0	0	0.000920	0.000058	0.000920	0.000058	nan	nan
26	A	11236	275010	267187	0.042053	21	0	275010	0	0	0	nan	0	0	0	0	0	0	nan	0	0	0	0.042053	0.000397	0.042053	0.000397	1.022671	0.009654
27	A	12035	275025	265127	0.045393	21	0	275025	0	0	0	nan	0	0	0	0	0	0	nan	0	0	0	0.045393	0.000414	0.045393	0.000414	1.103895	0.010068
28	C	7741	275032	265030	0.029208	21	0	275032	0	0	0	nan	0	0	0	0	0	0	nan	0	0	0	0.029208	0.000332	0.029208	0.000332	1.199396	0.013633
29	U	136	275054	267208	0.000509	21	0	275054	0	0	0	nan	0	0	0	0	0	0	nan	0	0	0	0.000509	0.000044	0.000509	0.000044	nan	nan
30	U	153	275095	268362	0.000570	21	0	275084	0	0	0	nan	0	0	0	0	0	0	nan	0	0	0	0.000570	0.000046	0.000570	0.000046	nan	nan
31	U	138	275124	269593	0.000512	21	0	275113	0	0	0	nan	0	0	0	0	0	0	nan	0	0	0	0.000512	0.000044	0.000512	0.000044	nan	nan
32	U	161	275172	270867	0.000594	21	0	275162	0	0	0	nan	0	0	0	0	0	0	nan	0	0	0	0.000594	0.000047	0.000594	0.000047	nan	nan
33	G	327	275217	270139	0.001210	21	0	275207	0	0	0	nan	0	0	0	0	0	0	nan	0	0	0	0.001210	0.000067	0.001210	0.000067	nan	nan
34	A	5000	275235	269978	0.018520	21	0	275225	0	0	0	nan	0	0	0	0	0	0	nan	0	0	0	0.018520	0.000262	0.018520	0.000262	0.450381	0.006371
35	A	4330	275245	268413	0.016132	21	0	275235	0	0	0	nan	0	0	0	0	0	0	nan	0	0	0	0.016132	0.000245	0.016132	0.000245	0.392308	0.005958
36	U	146	275249	266472	0.000548	21	0	275239	0	0	0	nan	0	0	0	0	0	0	nan	0	0	0	0.000548	0.000045	0.000548	0.000045	nan	nan
37	A	21887	275255	267140	0.081931	21	0	275245	0	0	0	nan	0	0	0	0	0	0	nan	0	0	0	0.081931	0.000554	0.081931	0.000554	1.992449	0.013473
38	G	374	275272	266861	0.001401	21	0	275262	0	0	0	nan	0	0	0	0	0	0	nan	0	0	0	0.001401	0.000072	0.001401	0.000072	nan	nan
39	U	351	275280	271389	0.001293	21	0	275270	0	0	0	nan	0	0	0	0	0	0	nan	0	0	0	0.001293	0.000069	0.001293	0.000069	nan	nan
40	G	493	275308	268937	0.001833	21	0	275298	0	0	0	nan	0	0	0	0	0	0	nan	0	0	0	0.001833	0.000083	0.001833	0.000083	nan	nan
41	A	6267	275344	269569	0.023248	21	0	275334	0	0	0	nan	0	0	0	0	0	0	nan	0	0	0	0.023248	0.000294	0.023248	0.000294	0.565359	0.007150
42	U	218	275393	267572	0.000815	20	0	275386	0	0	0	nan	0	0	0	0	0	0	nan	0	0	0	0.000815	0.000055	0.000815	0.000055	nan	nan
43	U	158	275429	268242	0.000589	20	0	275422	0	0	0	nan	0	0	0	0	0	0	nan	0	0	0	0.000589	0.000047	0.000589	0.000047	nan	nan
44	C	2622	275456	267959	0.009785	20	0	275450	0	0	0	nan	0	0	0	0	0	0	nan	0	0	0	0.009785	0.000191	0.009785	0.000191	0.401811	0.007843
45	A	4225	275498	270089	0.015643	20	0	275493	0	0	0	nan	0	0	0	0	0	0	nan	0	0	0	0.015643	0.000241	0.015643	0.000241	0.380416	0.005861
46	G	293	275557	271390	0.001080	20	0	275553	0	0	0	nan	0	0	0	0	0	0	nan	0	0	0	0.001080	0.000063	0.001080	0.000063	nan	nan
47	G	252	275585	270754	0.000931	20	0	275582	0	0	0	nan	0	0	0	0	0	0	nan	0	0	0	0.000931	0.000059	0.000931	0.000059	nan	nan
48	A	3388	275594	264429	0.012813	19	0	275591	0	0	0	nan	0	0	0	0	0	0	nan	0	0	0	0.012813	0.000220	0.012813	0.000220	0.311595	0.005350
49	G	306	275702	263921	0.001159	19	0	275701	0	0	0	nan	0	0	0	0	0	0	nan	0	0	0	0.001159	0.000066	0.001159	0.000066	nan	nan
50	G	452	275725	264906	0.001706	19	0	275724	0	0	0	nan	0	0	0	0	0	0	nan	0	0	0	0.001706	0.000080	0.001706	0.000080	nan	nan
51	U	183	275741	264681	0.000691	19	0	275740	0	0	0	nan	0	0	0	0	0	0	nan	0	0	0	0.000691	0.000051	0.000691	0.000051	nan	nan
52	U	232	275752	268941	0.000863	18	0	275751	0	0	0	nan	0	0	0	0	0	0	nan	0	0	0	0.000863	0.000057	0.000863	0.000057	nan	nan
53	A	10266	275756	267871	0.038324	17	0	275754	0	0	0	nan	0	0	0	0	0	0	nan	0	0	0	0.038324	0.000378	0.038324	0.000378	0.931987	0.009192
54	A	8771	275746	268831	0.032626	17	0	275740	0	0	0	nan	0	0	0	0	0	0	nan	0	0	0	0.032626	0.000348	0.032626	0.000348	0.793419	0.008463
55	U	343	275760	270908	0.001266	17	0	275757	0	0	0	nan	0	0	0	0	0	0	nan	0	0	0	0.001266	0.000068	0.001266	0.000068	nan	nan
56	G	450	275770	272082	0.001654	17	0	275767	0	0	0	nan	0	0	0	0	0	0	nan	0	0	0	0.001654	0.000078	0.001654	0.000078	nan	nan
57	G	0	275779	269865	0.000000	17	0	275777	0	0	0	nan	0	0	0	0	0	0	nan	0	0	0	0.000000	0.000000	0.000000	0.000000	nan	nan
58	A	0	275782	0	nan	17	0	275782	0	0	0	nan	0	0	0	0	0	0	nan	0	0	0	nan	nan	nan	nan	nan	nan
59	A	0	275782	0	nan	17	0	275782	0	0	0	nan	0	0	0	0	0	0	nan	0	0	0	nan	nan	nan	nan	nan	nan
60	G	0	275782	0	nan	17	0	275782	0	0	0	nan	0	0	0	0	0	0	nan	0	0	0	nan	nan	nan	nan	nan	nan
61	u	0	275782	0	nan	17	0	275782	0	0	0	nan	0	0	0	0	0	0	nan	0	0	0	nan	nan	nan	nan	nan	nan
62	a	0	275782	0	nan	17	0	275782	0	0	0	nan	0	0	0	0	0	0	nan	0	0	0	nan	nan	nan	nan	nan	nan
63	a	0	275782	0	nan	17	0	275782	0	0	0	nan	0	0	0	0	0	0	nan	0	0	0	nan	nan	nan	nan	nan	nan
64	a	0	275782	0	nan	17	0	275782	0	0	0	nan	0	0	0	0	0	0	nan	0	0	0	nan	nan	nan	nan	nan	nan
65	g	0	275782	0	nan	17	0	275782	0	0	0	nan	0	0	0	0	0	0	nan	0	0	0	nan	nan	nan	nan	nan	nan
66	g	0	275782	0	nan	17	0	275782	0	0	0	nan	0	0	0	0	0	0	nan	0	0	0	nan	nan	nan	nan	nan	nan
67	u	0	275782	0	nan	17	0	275782	0	0	0	nan	0	0	0	0	0	0	nan	0	0	0	nan	nan	nan	nan	nan	nan
68	a	0	275782	0	nan	13	0	275782	0	0	0	nan	0	0	0	0	0	0	nan	0	0	0	nan	nan	nan	nan	nan	nan
69	a	0	275782	0	nan	13	0	275782	0	0	0	nan	0	0	0	0	0	0	nan	0	0	0	nan	nan	nan	nan	nan	nan
70	u	0	275782	0	nan	13	0	275782	0	0	0	nan	0	0	0	0	0	0	nan	0	0	0	nan	nan	nan	nan	nan	nan
71	g	0	275781	0	nan	13	0	275781	0	0	0	nan	0	0	0	0	0	0	nan	0	0	0	nan	nan	nan	nan	nan	nan
72	a	0	275779	0	nan	13	0	275779	0	0	0	nan	0	0	0	0	0	0	nan	0	0	0	nan	nan	nan	nan	nan	nan
73	a	0	275777	0	nan	13	0	275777	0	0	0	nan	0	0	0	0	0	0	nan	0	0	0	nan	nan	nan	nan	nan	nan
74	g	0	275776	0	nan	13	0	275776	0	0	0	nan	0	0	0	0	0	0	nan	0	0	0	nan	nan	nan	nan	nan	nan
75	g	0	275776	0	nan	13	0	275776	0	0	0	nan	0	0	0	0	0	0	nan	0	0	0	nan	nan	nan	nan	nan	nan
76	u	0	275768	0	nan	13	0	275768	0	0	0	nan	0	0	0	0	0	0	nan	0	0	0	nan	nan	nan	nan	nan	nan
77	g	0	275764	0	nan	13	0	275764	0	0	0	nan	0	0	0	0	0	0	nan	0	0	0	nan	nan	nan	nan	nan	nan
78	a	0	275749	0	nan	13	0	275749	0	0	0	nan	0	0	0	0	0	0	nan	0	0	0	nan	nan	nan	nan	nan	nan
79	a	0	275716	0	nan	13	0	275716	0	0	0	nan	0	0	0	0	0	0	nan	0	0	0	nan	nan	nan	nan	nan	nan
80	g	0	275530	0	nan	13	0	275530	0	0	0	nan	0	0	0	0	0	0	nan	0	0	0	nan	nan	nan	nan	nan	nan