Nucleotide	Sequence	Modified_mutations	Modified_read_depth	Modified_effective_depth	Modified_rate	Modified_off_target_mapped_depth	Modified_low_mapq_mapped_depth	Modified_primer_pair_1_mapped_depth	Untreated_mutations	Untreated_read_depth	Untreated_effective_depth	Untreated_rate	Untreated_off_target_mapped_depth	Untreated_low_mapq_mapped_depth	Untreated_primer_pair_1_mapped_depth	Denatured_mutations	Denatured_read_depth	Denatured_effective_depth	Denatured_rate	Denatured_off_target_mapped_depth	Denatured_low_mapq_mapped_depth	Denatured_primer_pair_1_mapped_depth	Reactivity_profile	Std_err	HQ_profile	HQ_stderr	Norm_profile	Norm_stderr
1	g	0	635552	0	nan	4	10	635552	0	0	0	nan	0	0	0	0	0	0	nan	0	0	0	nan	nan	nan	nan	nan	nan
2	g	0	636016	0	nan	4	10	636016	0	0	0	nan	0	0	0	0	0	0	nan	0	0	0	nan	nan	nan	nan	nan	nan
3	u	0	636200	0	nan	4	10	636200	0	0	0	nan	0	0	0	0	0	0	nan	0	0	0	nan	nan	nan	nan	nan	nan
4	g	0	636279	0	nan	4	10	636279	0	0	0	nan	0	0	0	0	0	0	nan	0	0	0	nan	nan	nan	nan	nan	nan
5	u	0	636340	0	nan	4	10	636340	0	0	0	nan	0	0	0	0	0	0	nan	0	0	0	nan	nan	nan	nan	nan	nan
6	a	0	636347	0	nan	4	10	636347	0	0	0	nan	0	0	0	0	0	0	nan	0	0	0	nan	nan	nan	nan	nan	nan
7	a	0	636354	0	nan	4	10	636354	0	0	0	nan	0	0	0	0	0	0	nan	0	0	0	nan	nan	nan	nan	nan	nan
8	g	0	636357	0	nan	4	10	636357	0	0	0	nan	0	0	0	0	0	0	nan	0	0	0	nan	nan	nan	nan	nan	nan
9	g	0	636427	0	nan	4	10	636427	0	0	0	nan	0	0	0	0	0	0	nan	0	0	0	nan	nan	nan	nan	nan	nan
10	g	0	646978	0	nan	4	10	646978	0	0	0	nan	0	0	0	0	0	0	nan	0	0	0	nan	nan	nan	nan	nan	nan
11	u	0	647069	0	nan	4	10	647069	0	0	0	nan	0	0	0	0	0	0	nan	0	0	0	nan	nan	nan	nan	nan	nan
12	g	0	647141	0	nan	4	10	647141	0	0	0	nan	0	0	0	0	0	0	nan	0	0	0	nan	nan	nan	nan	nan	nan
13	a	0	647143	0	nan	7	10	647143	0	0	0	nan	0	0	0	0	0	0	nan	0	0	0	nan	nan	nan	nan	nan	nan
14	a	0	647143	0	nan	9	10	647143	0	0	0	nan	0	0	0	0	0	0	nan	0	0	0	nan	nan	nan	nan	nan	nan
15	g	0	647147	0	nan	117	10	647147	0	0	0	nan	0	0	0	0	0	0	nan	0	0	0	nan	nan	nan	nan	nan	nan
16	u	0	647150	0	nan	126	10	647150	0	0	0	nan	0	0	0	0	0	0	nan	0	0	0	nan	nan	nan	nan	nan	nan
17	g	0	647150	0	nan	126	10	647150	0	0	0	nan	0	0	0	0	0	0	nan	0	0	0	nan	nan	nan	nan	nan	nan
18	u	0	647150	0	nan	132	10	647150	0	0	0	nan	0	0	0	0	0	0	nan	0	0	0	nan	nan	nan	nan	nan	nan
19	a	0	647154	0	nan	132	10	647154	0	0	0	nan	0	0	0	0	0	0	nan	0	0	0	nan	nan	nan	nan	nan	nan
20	A	0	647168	9	0.000000	137	10	647168	0	0	0	nan	0	0	0	0	0	0	nan	0	0	0	0.000000	0.000000	nan	nan	nan	nan
21	G	0	647181	16	0.000000	158	10	647181	0	0	0	nan	0	0	0	0	0	0	nan	0	0	0	0.000000	0.000000	nan	nan	nan	nan
22	G	0	647182	17	0.000000	158	10	647182	0	0	0	nan	0	0	0	0	0	0	nan	0	0	0	0.000000	0.000000	nan	nan	nan	nan
23	U	0	647186	645425	0.000000	166	10	647186	0	0	0	nan	0	0	0	0	0	0	nan	0	0	0	0.000000	0.000000	0.000000	0.000000	nan	nan
24	U	476	647187	645386	0.000738	166	10	647187	0	0	0	nan	0	0	0	0	0	0	nan	0	0	0	0.000738	0.000034	0.000738	0.000034	nan	nan
25	G	295	647187	645457	0.000457	166	10	647187	0	0	0	nan	0	0	0	0	0	0	nan	0	0	0	0.000457	0.000027	0.000457	0.000027	nan	nan
26	A	248	647187	645851	0.000384	166	10	647187	0	0	0	nan	0	0	0	0	0	0	nan	0	0	0	0.000384	0.000024	0.000384	0.000024	nan	nan
27	A	340	647190	645342	0.000527	166	10	647187	0	0	0	nan	0	0	0	0	0	0	nan	0	0	0	0.000527	0.000029	0.000527	0.000029	nan	nan
28	C	641	647192	644915	0.000994	166	10	647189	0	0	0	nan	0	0	0	0	0	0	nan	0	0	0	0.000994	0.000039	0.000994	0.000039	nan	nan
29	U	703	647199	644068	0.001091	166	10	647194	0	0	0	nan	0	0	0	0	0	0	nan	0	0	0	0.001091	0.000041	0.001091	0.000041	nan	nan
30	U	770	647203	644370	0.001195	166	10	647196	0	0	0	nan	0	0	0	0	0	0	nan	0	0	0	0.001195	0.000043	0.001195	0.000043	nan	nan
31	U	926	647213	644836	0.001436	166	10	647206	0	0	0	nan	0	0	0	0	0	0	nan	0	0	0	0.001436	0.000047	0.001436	0.000047	nan	nan
32	U	447	647228	645603	0.000692	166	10	647219	0	0	0	nan	0	0	0	0	0	0	nan	0	0	0	0.000692	0.000033	0.000692	0.000033	nan	nan
33	G	309	647425	645826	0.000478	166	10	647415	0	0	0	nan	0	0	0	0	0	0	nan	0	0	0	0.000478	0.000027	0.000478	0.000027	nan	nan
34	A	312	647562	646119	0.000483	166	10	647550	0	0	0	nan	0	0	0	0	0	0	nan	0	0	0	0.000483	0.000027	0.000483	0.000027	nan	nan
35	A	430	647566	645474	0.000666	166	10	647555	0	0	0	nan	0	0	0	0	0	0	nan	0	0	0	0.000666	0.000032	0.000666	0.000032	nan	nan
36	U	437	647569	645607	0.000677	166	10	647557	0	0	0	nan	0	0	0	0	0	0	nan	0	0	0	0.000677	0.000032	0.000677	0.000032	nan	nan
37	A	373	647571	645879	0.000578	166	10	647555	0	0	0	nan	0	0	0	0	0	0	nan	0	0	0	0.000578	0.000030	0.000578	0.000030	nan	nan
38	G	421	647575	645445	0.000652	169	10	647558	0	0	0	nan	0	0	0	0	0	0	nan	0	0	0	0.000652	0.000032	0.000652	0.000032	nan	nan
39	U	585	647575	646229	0.000905	169	10	647558	0	0	0	nan	0	0	0	0	0	0	nan	0	0	0	0.000905	0.000037	0.000905	0.000037	nan	nan
40	G	545	647578	645578	0.000844	169	10	647561	0	0	0	nan	0	0	0	0	0	0	nan	0	0	0	0.000844	0.000036	0.000844	0.000036	nan	nan
41	A	676	647578	645847	0.001047	169	10	647562	0	0	0	nan	0	0	0	0	0	0	nan	0	0	0	0.001047	0.000040	0.001047	0.000040	nan	nan
42	U	1144	647587	645324	0.001773	170	10	647575	0	0	0	nan	0	0	0	0	0	0	nan	0	0	0	0.001773	0.000052	0.001773	0.000052	nan	nan
43	U	767	647592	645485	0.001188	172	10	647580	0	0	0	nan	0	0	0	0	0	0	nan	0	0	0	0.001188	0.000043	0.001188	0.000043	nan	nan
44	C	827	647598	645684	0.001281	172	10	647586	0	0	0	nan	0	0	0	0	0	0	nan	0	0	0	0.001281	0.000045	0.001281	0.000045	nan	nan
45	A	514	647608	646251	0.000795	172	10	647595	0	0	0	nan	0	0	0	0	0	0	nan	0	0	0	0.000795	0.000035	0.000795	0.000035	nan	nan
46	G	356	647618	645915	0.000551	172	10	647607	0	0	0	nan	0	0	0	0	0	0	nan	0	0	0	0.000551	0.000029	0.000551	0.000029	nan	nan
47	G	298	647623	645984	0.000461	172	10	647613	0	0	0	nan	0	0	0	0	0	0	nan	0	0	0	0.000461	0.000027	0.000461	0.000027	nan	nan
48	A	335	647627	646154	0.000518	172	10	647615	0	0	0	nan	0	0	0	0	0	0	nan	0	0	0	0.000518	0.000028	0.000518	0.000028	nan	nan
49	G	428	647636	645822	0.000663	172	10	647627	0	0	0	nan	0	0	0	0	0	0	nan	0	0	0	0.000663	0.000032	0.000663	0.000032	nan	nan
50	G	482	647637	632666	0.000762	172	10	647629	0	0	0	nan	0	0	0	0	0	0	nan	0	0	0	0.000762	0.000035	0.000762	0.000035	nan	nan
51	U	682	647640	632568	0.001078	172	10	647633	0	0	0	nan	0	0	0	0	0	0	nan	0	0	0	0.001078	0.000041	0.001078	0.000041	nan	nan
52	U	566	647642	632344	0.000895	173	10	647635	0	0	0	nan	0	0	0	0	0	0	nan	0	0	0	0.000895	0.000038	0.000895	0.000038	nan	nan
53	A	327	647641	645289	0.000507	172	10	647630	0	0	0	nan	0	0	0	0	0	0	nan	0	0	0	0.000507	0.000028	0.000507	0.000028	nan	nan
54	A	353	647306	643261	0.000549	109	10	646709	0	0	0	nan	0	0	0	0	0	0	nan	0	0	0	0.000549	0.000029	0.000549	0.000029	nan	nan
55	U	673	647309	642473	0.001048	106	10	646802	0	0	0	nan	0	0	0	0	0	0	nan	0	0	0	0.001048	0.000040	0.001048	0.000040	nan	nan
56	G	648	647311	642503	0.001009	106	10	646865	0	0	0	nan	0	0	0	0	0	0	nan	0	0	0	0.001009	0.000040	0.001009	0.000040	nan	nan
57	G	0	647325	642768	0.000000	106	10	647284	0	0	0	nan	0	0	0	0	0	0	nan	0	0	0	0.000000	0.000000	0.000000	0.000000	nan	nan
58	A	0	647327	0	nan	106	10	647327	0	0	0	nan	0	0	0	0	0	0	nan	0	0	0	nan	nan	nan	nan	nan	nan
59	A	0	647327	0	nan	106	10	647327	0	0	0	nan	0	0	0	0	0	0	nan	0	0	0	nan	nan	nan	nan	nan	nan
60	G	0	647327	0	nan	104	10	647327	0	0	0	nan	0	0	0	0	0	0	nan	0	0	0	nan	nan	nan	nan	nan	nan
61	u	0	647327	0	nan	104	10	647327	0	0	0	nan	0	0	0	0	0	0	nan	0	0	0	nan	nan	nan	nan	nan	nan
62	a	0	647327	0	nan	104	10	647327	0	0	0	nan	0	0	0	0	0	0	nan	0	0	0	nan	nan	nan	nan	nan	nan
63	a	0	647327	0	nan	104	10	647327	0	0	0	nan	0	0	0	0	0	0	nan	0	0	0	nan	nan	nan	nan	nan	nan
64	a	0	647327	0	nan	104	10	647327	0	0	0	nan	0	0	0	0	0	0	nan	0	0	0	nan	nan	nan	nan	nan	nan
65	g	0	647327	0	nan	103	10	647327	0	0	0	nan	0	0	0	0	0	0	nan	0	0	0	nan	nan	nan	nan	nan	nan
66	g	0	647327	0	nan	102	10	647327	0	0	0	nan	0	0	0	0	0	0	nan	0	0	0	nan	nan	nan	nan	nan	nan
67	u	0	647327	0	nan	99	10	647327	0	0	0	nan	0	0	0	0	0	0	nan	0	0	0	nan	nan	nan	nan	nan	nan
68	a	0	647327	0	nan	99	10	647327	0	0	0	nan	0	0	0	0	0	0	nan	0	0	0	nan	nan	nan	nan	nan	nan
69	a	0	647327	0	nan	99	10	647327	0	0	0	nan	0	0	0	0	0	0	nan	0	0	0	nan	nan	nan	nan	nan	nan
70	u	0	647327	0	nan	99	10	647327	0	0	0	nan	0	0	0	0	0	0	nan	0	0	0	nan	nan	nan	nan	nan	nan
71	g	0	647327	0	nan	99	10	647327	0	0	0	nan	0	0	0	0	0	0	nan	0	0	0	nan	nan	nan	nan	nan	nan
72	a	0	647324	0	nan	99	10	647324	0	0	0	nan	0	0	0	0	0	0	nan	0	0	0	nan	nan	nan	nan	nan	nan
73	a	0	647324	0	nan	99	10	647324	0	0	0	nan	0	0	0	0	0	0	nan	0	0	0	nan	nan	nan	nan	nan	nan
74	g	0	647324	0	nan	99	10	647324	0	0	0	nan	0	0	0	0	0	0	nan	0	0	0	nan	nan	nan	nan	nan	nan
75	g	0	647318	0	nan	99	10	647318	0	0	0	nan	0	0	0	0	0	0	nan	0	0	0	nan	nan	nan	nan	nan	nan
76	u	0	647295	0	nan	99	10	647295	0	0	0	nan	0	0	0	0	0	0	nan	0	0	0	nan	nan	nan	nan	nan	nan
77	g	0	647280	0	nan	99	10	647280	0	0	0	nan	0	0	0	0	0	0	nan	0	0	0	nan	nan	nan	nan	nan	nan
78	a	0	647273	0	nan	99	10	647273	0	0	0	nan	0	0	0	0	0	0	nan	0	0	0	nan	nan	nan	nan	nan	nan
79	a	0	647102	0	nan	99	10	647102	0	0	0	nan	0	0	0	0	0	0	nan	0	0	0	nan	nan	nan	nan	nan	nan
80	g	0	646836	0	nan	99	10	646836	0	0	0	nan	0	0	0	0	0	0	nan	0	0	0	nan	nan	nan	nan	nan	nan