Nucleotide	Sequence	Modified_mutations	Modified_read_depth	Modified_effective_depth	Modified_rate	Modified_off_target_mapped_depth	Modified_low_mapq_mapped_depth	Modified_primer_pair_1_mapped_depth	Untreated_mutations	Untreated_read_depth	Untreated_effective_depth	Untreated_rate	Untreated_off_target_mapped_depth	Untreated_low_mapq_mapped_depth	Untreated_primer_pair_1_mapped_depth	Denatured_mutations	Denatured_read_depth	Denatured_effective_depth	Denatured_rate	Denatured_off_target_mapped_depth	Denatured_low_mapq_mapped_depth	Denatured_primer_pair_1_mapped_depth	Reactivity_profile	Std_err	HQ_profile	HQ_stderr	Norm_profile	Norm_stderr
1	g	0	58903	0	nan	0	9	58903	0	0	0	nan	0	0	0	0	0	0	nan	0	0	0	nan	nan	nan	nan	nan	nan
2	g	0	58938	0	nan	0	9	58938	0	0	0	nan	0	0	0	0	0	0	nan	0	0	0	nan	nan	nan	nan	nan	nan
3	u	0	58959	0	nan	0	9	58959	0	0	0	nan	0	0	0	0	0	0	nan	0	0	0	nan	nan	nan	nan	nan	nan
4	g	0	58977	0	nan	0	9	58977	0	0	0	nan	0	0	0	0	0	0	nan	0	0	0	nan	nan	nan	nan	nan	nan
5	u	0	59001	0	nan	0	9	59001	0	0	0	nan	0	0	0	0	0	0	nan	0	0	0	nan	nan	nan	nan	nan	nan
6	a	0	59024	0	nan	0	9	59024	0	0	0	nan	0	0	0	0	0	0	nan	0	0	0	nan	nan	nan	nan	nan	nan
7	a	0	59068	0	nan	0	9	59068	0	0	0	nan	0	0	0	0	0	0	nan	0	0	0	nan	nan	nan	nan	nan	nan
8	g	0	59196	0	nan	0	9	59196	0	0	0	nan	0	0	0	0	0	0	nan	0	0	0	nan	nan	nan	nan	nan	nan
9	g	0	60932	0	nan	0	9	60932	0	0	0	nan	0	0	0	0	0	0	nan	0	0	0	nan	nan	nan	nan	nan	nan
10	g	0	240656	0	nan	0	9	240656	0	0	0	nan	0	0	0	0	0	0	nan	0	0	0	nan	nan	nan	nan	nan	nan
11	u	0	251976	0	nan	0	9	251976	0	0	0	nan	0	0	0	0	0	0	nan	0	0	0	nan	nan	nan	nan	nan	nan
12	g	0	252672	0	nan	0	9	252672	0	0	0	nan	0	0	0	0	0	0	nan	0	0	0	nan	nan	nan	nan	nan	nan
13	a	0	252738	0	nan	0	9	252738	0	0	0	nan	0	0	0	0	0	0	nan	0	0	0	nan	nan	nan	nan	nan	nan
14	a	0	252761	0	nan	0	9	252761	0	0	0	nan	0	0	0	0	0	0	nan	0	0	0	nan	nan	nan	nan	nan	nan
15	g	0	252779	0	nan	2	9	252779	0	0	0	nan	0	0	0	0	0	0	nan	0	0	0	nan	nan	nan	nan	nan	nan
16	u	0	252794	0	nan	2	9	252794	0	0	0	nan	0	0	0	0	0	0	nan	0	0	0	nan	nan	nan	nan	nan	nan
17	g	0	252872	0	nan	2	9	252872	0	0	0	nan	0	0	0	0	0	0	nan	0	0	0	nan	nan	nan	nan	nan	nan
18	u	0	252889	0	nan	2	9	252889	0	0	0	nan	0	0	0	0	0	0	nan	0	0	0	nan	nan	nan	nan	nan	nan
19	a	0	253015	0	nan	2	9	253015	0	0	0	nan	0	0	0	0	0	0	nan	0	0	0	nan	nan	nan	nan	nan	nan
20	A	0	253078	30	0.000000	2	16	253078	0	0	0	nan	0	0	0	0	0	0	nan	0	0	0	0.000000	0.000000	nan	nan	nan	nan
21	G	0	253157	55	0.000000	2	16	253157	0	0	0	nan	0	0	0	0	0	0	nan	0	0	0	0.000000	0.000000	nan	nan	nan	nan
22	G	0	253172	57	0.000000	2	16	253172	0	0	0	nan	0	0	0	0	0	0	nan	0	0	0	0.000000	0.000000	nan	nan	nan	nan
23	U	0	253192	250067	0.000000	2	16	253192	0	0	0	nan	0	0	0	0	0	0	nan	0	0	0	0.000000	0.000000	0.000000	0.000000	nan	nan
24	U	355	253202	249918	0.001420	2	16	253202	0	0	0	nan	0	0	0	0	0	0	nan	0	0	0	0.001420	0.000075	0.001420	0.000075	nan	nan
25	G	477	253208	248500	0.001920	2	16	253208	0	0	0	nan	0	0	0	0	0	0	nan	0	0	0	0.001920	0.000088	0.001920	0.000088	0.677010	0.031030
26	A	4184	253206	242930	0.017223	2	14	253153	0	0	0	nan	0	0	0	0	0	0	nan	0	0	0	0.017223	0.000266	0.017223	0.000266	1.000000	0.015444
27	C	6271	253215	241788	0.025936	2	14	253151	0	0	0	nan	0	0	0	0	0	0	nan	0	0	0	0.025936	0.000328	0.025936	0.000328	1.081455	0.013677
28	C	3406	253241	242720	0.014033	2	14	253182	0	0	0	nan	0	0	0	0	0	0	nan	0	0	0	0.014033	0.000240	0.014033	0.000240	0.585135	0.010007
29	U	253	253333	246972	0.001024	2	14	253282	0	0	0	nan	0	0	0	0	0	0	nan	0	0	0	0.001024	0.000064	0.001024	0.000064	nan	nan
30	U	267	253377	248098	0.001076	2	14	253332	0	0	0	nan	0	0	0	0	0	0	nan	0	0	0	0.001076	0.000066	0.001076	0.000066	nan	nan
31	U	315	253414	249087	0.001265	2	14	253374	0	0	0	nan	0	0	0	0	0	0	nan	0	0	0	0.001265	0.000071	0.001265	0.000071	nan	nan
32	U	218	253489	250396	0.000871	2	14	253453	0	0	0	nan	0	0	0	0	0	0	nan	0	0	0	0.000871	0.000059	0.000871	0.000059	nan	nan
33	G	988	253538	248906	0.003969	2	14	253502	0	0	0	nan	0	0	0	0	0	0	nan	0	0	0	0.003969	0.000126	0.003969	0.000126	1.399506	0.044429
34	A	4292	253583	248360	0.017281	2	14	253548	0	0	0	nan	0	0	0	0	0	0	nan	0	0	0	0.017281	0.000264	0.017281	0.000264	1.003368	0.015328
35	A	3508	253604	247273	0.014187	2	14	253570	0	0	0	nan	0	0	0	0	0	0	nan	0	0	0	0.014187	0.000240	0.014187	0.000240	0.823724	0.013935
36	U	265	253621	247434	0.001071	2	16	253588	0	0	0	nan	0	0	0	0	0	0	nan	0	0	0	0.001071	0.000066	0.001071	0.000066	nan	nan
37	A	3850	253666	248528	0.015491	2	22	253636	0	0	0	nan	0	0	0	0	0	0	nan	0	0	0	0.015491	0.000250	0.015491	0.000250	0.899437	0.014515
38	G	350	253699	248085	0.001411	2	25	253673	0	0	0	nan	0	0	0	0	0	0	nan	0	0	0	0.001411	0.000075	0.001411	0.000075	0.497532	0.026446
39	U	393	253730	250471	0.001569	2	27	253711	0	0	0	nan	0	0	0	0	0	0	nan	0	0	0	0.001569	0.000079	0.001569	0.000079	nan	nan
40	G	705	253754	248592	0.002836	2	31	253737	0	0	0	nan	0	0	0	0	0	0	nan	0	0	0	0.002836	0.000107	0.002836	0.000107	1.000000	0.037729
41	A	4465	253782	249161	0.017920	2	34	253766	0	0	0	nan	0	0	0	0	0	0	nan	0	0	0	0.017920	0.000268	0.017920	0.000268	1.040469	0.015561
42	U	419	253826	248226	0.001688	2	34	253811	0	0	0	nan	0	0	0	0	0	0	nan	0	0	0	0.001688	0.000082	0.001688	0.000082	nan	nan
43	U	366	253851	248092	0.001475	2	35	253837	0	0	0	nan	0	0	0	0	0	0	nan	0	0	0	0.001475	0.000077	0.001475	0.000077	nan	nan
44	C	5455	253864	247632	0.022029	2	35	253850	0	0	0	nan	0	0	0	0	0	0	nan	0	0	0	0.022029	0.000298	0.022029	0.000298	0.918545	0.012426
45	A	4279	253887	248634	0.017210	2	35	253875	0	0	0	nan	0	0	0	0	0	0	nan	0	0	0	0.017210	0.000263	0.017210	0.000263	0.999245	0.015270
46	G	536	253915	250196	0.002142	2	35	253904	0	0	0	nan	0	0	0	0	0	0	nan	0	0	0	0.002142	0.000093	0.002142	0.000093	0.755289	0.032793
47	G	515	253923	249748	0.002062	2	35	253912	0	0	0	nan	0	0	0	0	0	0	nan	0	0	0	0.002062	0.000091	0.002062	0.000091	0.727080	0.032087
48	A	4016	253926	250039	0.016061	2	35	253916	0	0	0	nan	0	0	0	0	0	0	nan	0	0	0	0.016061	0.000253	0.016061	0.000253	0.932532	0.014690
49	G	1623	253980	249892	0.006495	2	35	253973	0	0	0	nan	0	0	0	0	0	0	nan	0	0	0	0.006495	0.000161	0.006495	0.000161	2.290197	0.056770
50	G	354	253991	250072	0.001416	2	35	253988	0	0	0	nan	0	0	0	0	0	0	nan	0	0	0	0.001416	0.000075	0.001416	0.000075	0.499295	0.026446
51	U	278	254002	250116	0.001111	2	35	254000	0	0	0	nan	0	0	0	0	0	0	nan	0	0	0	0.001111	0.000067	0.001111	0.000067	nan	nan
52	U	424	254007	249058	0.001702	3	35	254005	0	0	0	nan	0	0	0	0	0	0	nan	0	0	0	0.001702	0.000083	0.001702	0.000083	nan	nan
53	A	3859	254008	249878	0.015444	3	35	254007	0	0	0	nan	0	0	0	0	0	0	nan	0	0	0	0.015444	0.000249	0.015444	0.000249	0.896708	0.014457
54	A	2950	254008	250043	0.011798	3	35	254007	0	0	0	nan	0	0	0	0	0	0	nan	0	0	0	0.011798	0.000217	0.011798	0.000217	0.685014	0.012599
55	U	729	254010	250800	0.002907	3	35	254009	0	0	0	nan	0	0	0	0	0	0	nan	0	0	0	0.002907	0.000108	0.002907	0.000108	nan	nan
56	G	686	254014	251158	0.002731	3	35	254014	0	0	0	nan	0	0	0	0	0	0	nan	0	0	0	0.002731	0.000104	0.002731	0.000104	0.962976	0.036671
57	G	0	254014	250165	0.000000	3	35	254014	0	0	0	nan	0	0	0	0	0	0	nan	0	0	0	0.000000	0.000000	0.000000	0.000000	0.000000	0.000000
58	A	0	254014	0	nan	3	35	254014	0	0	0	nan	0	0	0	0	0	0	nan	0	0	0	nan	nan	nan	nan	nan	nan
59	A	0	254014	0	nan	3	35	254014	0	0	0	nan	0	0	0	0	0	0	nan	0	0	0	nan	nan	nan	nan	nan	nan
60	G	0	254014	0	nan	3	35	254014	0	0	0	nan	0	0	0	0	0	0	nan	0	0	0	nan	nan	nan	nan	nan	nan
61	u	0	254014	0	nan	3	35	254014	0	0	0	nan	0	0	0	0	0	0	nan	0	0	0	nan	nan	nan	nan	nan	nan
62	a	0	254014	0	nan	3	35	254014	0	0	0	nan	0	0	0	0	0	0	nan	0	0	0	nan	nan	nan	nan	nan	nan
63	a	0	254014	0	nan	3	35	254014	0	0	0	nan	0	0	0	0	0	0	nan	0	0	0	nan	nan	nan	nan	nan	nan
64	a	0	254014	0	nan	3	35	254014	0	0	0	nan	0	0	0	0	0	0	nan	0	0	0	nan	nan	nan	nan	nan	nan
65	g	0	254014	0	nan	3	35	254014	0	0	0	nan	0	0	0	0	0	0	nan	0	0	0	nan	nan	nan	nan	nan	nan
66	g	0	254014	0	nan	3	35	254014	0	0	0	nan	0	0	0	0	0	0	nan	0	0	0	nan	nan	nan	nan	nan	nan
67	u	0	254014	0	nan	3	35	254014	0	0	0	nan	0	0	0	0	0	0	nan	0	0	0	nan	nan	nan	nan	nan	nan
68	a	0	254014	0	nan	3	35	254014	0	0	0	nan	0	0	0	0	0	0	nan	0	0	0	nan	nan	nan	nan	nan	nan
69	a	0	254014	0	nan	3	35	254014	0	0	0	nan	0	0	0	0	0	0	nan	0	0	0	nan	nan	nan	nan	nan	nan
70	u	0	254014	0	nan	3	35	254014	0	0	0	nan	0	0	0	0	0	0	nan	0	0	0	nan	nan	nan	nan	nan	nan
71	g	0	254014	0	nan	3	35	254014	0	0	0	nan	0	0	0	0	0	0	nan	0	0	0	nan	nan	nan	nan	nan	nan
72	a	0	254014	0	nan	3	35	254014	0	0	0	nan	0	0	0	0	0	0	nan	0	0	0	nan	nan	nan	nan	nan	nan
73	a	0	254011	0	nan	3	35	254011	0	0	0	nan	0	0	0	0	0	0	nan	0	0	0	nan	nan	nan	nan	nan	nan
74	g	0	254011	0	nan	3	35	254011	0	0	0	nan	0	0	0	0	0	0	nan	0	0	0	nan	nan	nan	nan	nan	nan
75	g	0	254010	0	nan	3	35	254010	0	0	0	nan	0	0	0	0	0	0	nan	0	0	0	nan	nan	nan	nan	nan	nan
76	u	0	254005	0	nan	3	35	254005	0	0	0	nan	0	0	0	0	0	0	nan	0	0	0	nan	nan	nan	nan	nan	nan
77	g	0	253999	0	nan	3	35	253999	0	0	0	nan	0	0	0	0	0	0	nan	0	0	0	nan	nan	nan	nan	nan	nan
78	a	0	253994	0	nan	3	35	253994	0	0	0	nan	0	0	0	0	0	0	nan	0	0	0	nan	nan	nan	nan	nan	nan
79	a	0	253941	0	nan	3	35	253941	0	0	0	nan	0	0	0	0	0	0	nan	0	0	0	nan	nan	nan	nan	nan	nan
80	g	0	253837	0	nan	3	35	253837	0	0	0	nan	0	0	0	0	0	0	nan	0	0	0	nan	nan	nan	nan	nan	nan