Nucleotide	Sequence	Modified_mutations	Modified_read_depth	Modified_effective_depth	Modified_rate	Modified_off_target_mapped_depth	Modified_low_mapq_mapped_depth	Modified_primer_pair_1_mapped_depth	Untreated_mutations	Untreated_read_depth	Untreated_effective_depth	Untreated_rate	Untreated_off_target_mapped_depth	Untreated_low_mapq_mapped_depth	Untreated_primer_pair_1_mapped_depth	Denatured_mutations	Denatured_read_depth	Denatured_effective_depth	Denatured_rate	Denatured_off_target_mapped_depth	Denatured_low_mapq_mapped_depth	Denatured_primer_pair_1_mapped_depth	Reactivity_profile	Std_err	HQ_profile	HQ_stderr	Norm_profile	Norm_stderr
1	g	0	6544475	0	nan	67	710	6544475	0	0	0	nan	0	0	0	0	0	0	nan	0	0	0	nan	nan	nan	nan	nan	nan
2	g	0	6601096	0	nan	68	721	6601096	0	0	0	nan	0	0	0	0	0	0	nan	0	0	0	nan	nan	nan	nan	nan	nan
3	u	0	6609682	0	nan	68	733	6609682	0	0	0	nan	0	0	0	0	0	0	nan	0	0	0	nan	nan	nan	nan	nan	nan
4	g	0	6615017	0	nan	68	765	6615017	0	0	0	nan	0	0	0	0	0	0	nan	0	0	0	nan	nan	nan	nan	nan	nan
5	u	0	6625293	0	nan	68	779	6625293	0	0	0	nan	0	0	0	0	0	0	nan	0	0	0	nan	nan	nan	nan	nan	nan
6	a	0	6629293	0	nan	68	823	6629293	0	0	0	nan	0	0	0	0	0	0	nan	0	0	0	nan	nan	nan	nan	nan	nan
7	a	0	6630283	0	nan	68	824	6630283	0	0	0	nan	0	0	0	0	0	0	nan	0	0	0	nan	nan	nan	nan	nan	nan
8	g	0	6630862	0	nan	68	824	6630862	0	0	0	nan	0	0	0	0	0	0	nan	0	0	0	nan	nan	nan	nan	nan	nan
9	g	0	6631503	0	nan	68	826	6631503	0	0	0	nan	0	0	0	0	0	0	nan	0	0	0	nan	nan	nan	nan	nan	nan
10	g	0	6632958	0	nan	68	858	6632958	0	0	0	nan	0	0	0	0	0	0	nan	0	0	0	nan	nan	nan	nan	nan	nan
11	u	0	6636310	0	nan	68	863	6636310	0	0	0	nan	0	0	0	0	0	0	nan	0	0	0	nan	nan	nan	nan	nan	nan
12	g	0	6649166	0	nan	100	934	6649166	0	0	0	nan	0	0	0	0	0	0	nan	0	0	0	nan	nan	nan	nan	nan	nan
13	a	0	6662255	0	nan	110	953	6662255	0	0	0	nan	0	0	0	0	0	0	nan	0	0	0	nan	nan	nan	nan	nan	nan
14	a	0	6669665	0	nan	125	958	6669665	0	0	0	nan	0	0	0	0	0	0	nan	0	0	0	nan	nan	nan	nan	nan	nan
15	g	0	6673767	0	nan	449	966	6673767	0	0	0	nan	0	0	0	0	0	0	nan	0	0	0	nan	nan	nan	nan	nan	nan
16	u	0	6678422	0	nan	449	966	6678422	0	0	0	nan	0	0	0	0	0	0	nan	0	0	0	nan	nan	nan	nan	nan	nan
17	g	0	6680266	0	nan	449	983	6680266	0	0	0	nan	0	0	0	0	0	0	nan	0	0	0	nan	nan	nan	nan	nan	nan
18	u	0	6681756	0	nan	449	999	6681756	0	0	0	nan	0	0	0	0	0	0	nan	0	0	0	nan	nan	nan	nan	nan	nan
19	a	0	6682988	0	nan	450	1053	6682988	0	0	0	nan	0	0	0	0	0	0	nan	0	0	0	nan	nan	nan	nan	nan	nan
20	A	0	6684592	681	0.000000	450	1053	6684592	0	0	0	nan	0	0	0	0	0	0	nan	0	0	0	0.000000	0.000000	nan	nan	nan	nan
21	G	0	6685672	792	0.000000	450	1053	6685672	0	0	0	nan	0	0	0	0	0	0	nan	0	0	0	0.000000	0.000000	nan	nan	nan	nan
22	G	0	6686429	831	0.000000	450	1053	6686429	0	0	0	nan	0	0	0	0	0	0	nan	0	0	0	0.000000	0.000000	nan	nan	nan	nan
23	U	0	6688209	6053722	0.000000	450	1053	6688209	0	0	0	nan	0	0	0	0	0	0	nan	0	0	0	0.000000	0.000000	0.000000	0.000000	0.000000	0.000000
24	U	11064	6689441	6104053	0.001813	450	1053	6689441	0	0	0	nan	0	0	0	0	0	0	nan	0	0	0	0.001813	0.000017	0.001813	0.000017	0.615620	0.005772
25	G	8478	6693740	6053112	0.001401	450	1053	6693740	0	0	0	nan	0	0	0	0	0	0	nan	0	0	0	0.001401	0.000015	0.001401	0.000015	nan	nan
26	A	33354	6700396	6201006	0.005379	450	1053	6700347	0	0	0	nan	0	0	0	0	0	0	nan	0	0	0	0.005379	0.000029	0.005379	0.000029	1.000000	0.005391
27	C	10813	6703019	5974211	0.001810	450	1053	6702928	0	0	0	nan	0	0	0	0	0	0	nan	0	0	0	0.001810	0.000017	0.001810	0.000017	0.779668	0.007323
28	C	16463	6704224	5965490	0.002760	450	1053	6704112	0	0	0	nan	0	0	0	0	0	0	nan	0	0	0	0.002760	0.000022	0.002760	0.000022	1.188886	0.009477
29	U	20735	6707182	5932914	0.003495	450	1053	6707055	0	0	0	nan	0	0	0	0	0	0	nan	0	0	0	0.003495	0.000024	0.003495	0.000024	1.186757	0.008149
30	U	7574	6712464	6025750	0.001257	450	1053	6712327	0	0	0	nan	0	0	0	0	0	0	nan	0	0	0	0.001257	0.000014	0.001257	0.000014	0.426825	0.004754
31	U	7857	6717827	6036907	0.001301	450	1053	6717661	0	0	0	nan	0	0	0	0	0	0	nan	0	0	0	0.001301	0.000015	0.001301	0.000015	0.441766	0.005093
32	U	11975	6723161	6092391	0.001966	450	1053	6722969	0	0	0	nan	0	0	0	0	0	0	nan	0	0	0	0.001966	0.000018	0.001966	0.000018	0.667572	0.006112
33	G	2686	6755477	6171596	0.000435	450	1053	6755264	0	0	0	nan	0	0	0	0	0	0	nan	0	0	0	0.000435	0.000008	0.000435	0.000008	nan	nan
34	A	25790	6769360	6543928	0.003941	450	1053	6769155	0	0	0	nan	0	0	0	0	0	0	nan	0	0	0	0.003941	0.000025	0.003941	0.000025	0.732664	0.004648
35	A	23874	6772771	6531762	0.003655	450	1053	6772556	0	0	0	nan	0	0	0	0	0	0	nan	0	0	0	0.003655	0.000024	0.003655	0.000024	0.679494	0.004462
36	U	3667	6773715	6473812	0.000566	450	1053	6773483	0	0	0	nan	0	0	0	0	0	0	nan	0	0	0	0.000566	0.000009	0.000566	0.000009	0.192190	0.003056
37	A	676977	6774218	6268354	0.107999	450	1053	6773953	0	0	0	nan	0	0	0	0	0	0	nan	0	0	0	0.107999	0.000131	0.107999	0.000131	20.077896	0.024354
38	G	9225	6775387	6186388	0.001491	455	1053	6775133	0	0	0	nan	0	0	0	0	0	0	nan	0	0	0	0.001491	0.000016	0.001491	0.000016	nan	nan
39	U	10481	6775955	6222559	0.001684	455	1053	6775686	0	0	0	nan	0	0	0	0	0	0	nan	0	0	0	0.001684	0.000016	0.001684	0.000016	0.571817	0.005433
40	G	11955	6776607	6315062	0.001893	458	1053	6776325	0	0	0	nan	0	0	0	0	0	0	nan	0	0	0	0.001893	0.000017	0.001893	0.000017	nan	nan
41	A	113613	6779518	6300264	0.018033	459	1053	6779226	0	0	0	nan	0	0	0	0	0	0	nan	0	0	0	0.018033	0.000054	0.018033	0.000054	3.352482	0.010039
42	U	15123	6780358	6264601	0.002414	459	1053	6780074	0	0	0	nan	0	0	0	0	0	0	nan	0	0	0	0.002414	0.000020	0.002414	0.000020	0.819694	0.006791
43	U	7688	6782326	6211446	0.001238	460	1053	6782026	0	0	0	nan	0	0	0	0	0	0	nan	0	0	0	0.001238	0.000014	0.001238	0.000014	0.420374	0.004754
44	C	11693	6785738	6211409	0.001883	460	1053	6785410	0	0	0	nan	0	0	0	0	0	0	nan	0	0	0	0.001883	0.000017	0.001883	0.000017	0.811114	0.007323
45	A	27642	6788219	6221685	0.004443	460	1053	6787875	0	0	0	nan	0	0	0	0	0	0	nan	0	0	0	0.004443	0.000027	0.004443	0.000027	0.825990	0.005020
46	G	5565	6790034	6073667	0.000916	457	1053	6789697	0	0	0	nan	0	0	0	0	0	0	nan	0	0	0	0.000916	0.000012	0.000916	0.000012	nan	nan
47	G	11002	6794313	6138254	0.001792	458	1053	6793972	0	0	0	nan	0	0	0	0	0	0	nan	0	0	0	0.001792	0.000017	0.001792	0.000017	nan	nan
48	A	11734	6802128	6039389	0.001943	461	1053	6801781	0	0	0	nan	0	0	0	0	0	0	nan	0	0	0	0.001943	0.000018	0.001943	0.000018	0.361220	0.003346
49	G	21653	6803709	6101682	0.003549	459	1053	6803370	0	0	0	nan	0	0	0	0	0	0	nan	0	0	0	0.003549	0.000024	0.003549	0.000024	nan	nan
50	G	5609	6814923	5951793	0.000942	460	1053	6814629	0	0	0	nan	0	0	0	0	0	0	nan	0	0	0	0.000942	0.000013	0.000942	0.000013	nan	nan
51	U	18043	6819434	6126640	0.002945	460	1053	6819195	0	0	0	nan	0	0	0	0	0	0	nan	0	0	0	0.002945	0.000022	0.002945	0.000022	1.000000	0.007470
52	U	15279	6827332	6128745	0.002493	461	1053	6827160	0	0	0	nan	0	0	0	0	0	0	nan	0	0	0	0.002493	0.000020	0.002493	0.000020	0.846520	0.006791
53	A	13835	6832469	6375542	0.002170	461	1053	6832312	0	0	0	nan	0	0	0	0	0	0	nan	0	0	0	0.002170	0.000018	0.002170	0.000018	0.403421	0.003346
54	A	27245	6835717	6515344	0.004182	461	1053	6835592	0	0	0	nan	0	0	0	0	0	0	nan	0	0	0	0.004182	0.000025	0.004182	0.000025	0.777468	0.004648
55	U	9584	6836651	6434687	0.001489	461	1053	6836557	0	0	0	nan	0	0	0	0	0	0	nan	0	0	0	0.001489	0.000015	0.001489	0.000015	0.505603	0.005093
56	G	7636	6837376	6209086	0.001230	460	1053	6837302	0	0	0	nan	0	0	0	0	0	0	nan	0	0	0	0.001230	0.000014	0.001230	0.000014	nan	nan
57	G	0	6838395	6230895	0.000000	460	1053	6838348	0	0	0	nan	0	0	0	0	0	0	nan	0	0	0	0.000000	0.000000	0.000000	0.000000	nan	nan
58	A	0	6840259	44	0.000000	460	1053	6840259	0	0	0	nan	0	0	0	0	0	0	nan	0	0	0	0.000000	0.000000	nan	nan	nan	nan
59	A	0	6840202	29	0.000000	460	1053	6840202	0	0	0	nan	0	0	0	0	0	0	nan	0	0	0	0.000000	0.000000	nan	nan	nan	nan
60	G	0	6840152	10	0.000000	460	1053	6840152	0	0	0	nan	0	0	0	0	0	0	nan	0	0	0	0.000000	0.000000	nan	nan	nan	nan
61	u	0	6840125	0	nan	460	1053	6840125	0	0	0	nan	0	0	0	0	0	0	nan	0	0	0	nan	nan	nan	nan	nan	nan
62	a	0	6840016	0	nan	456	1053	6840016	0	0	0	nan	0	0	0	0	0	0	nan	0	0	0	nan	nan	nan	nan	nan	nan
63	a	0	6839959	0	nan	453	1052	6839959	0	0	0	nan	0	0	0	0	0	0	nan	0	0	0	nan	nan	nan	nan	nan	nan
64	a	0	6839930	0	nan	451	1051	6839930	0	0	0	nan	0	0	0	0	0	0	nan	0	0	0	nan	nan	nan	nan	nan	nan
65	g	0	6839903	0	nan	426	922	6839903	0	0	0	nan	0	0	0	0	0	0	nan	0	0	0	nan	nan	nan	nan	nan	nan
66	g	0	6839883	0	nan	398	900	6839883	0	0	0	nan	0	0	0	0	0	0	nan	0	0	0	nan	nan	nan	nan	nan	nan
67	u	0	6839852	0	nan	389	890	6839852	0	0	0	nan	0	0	0	0	0	0	nan	0	0	0	nan	nan	nan	nan	nan	nan
68	a	0	6839822	0	nan	389	851	6839822	0	0	0	nan	0	0	0	0	0	0	nan	0	0	0	nan	nan	nan	nan	nan	nan
69	a	0	6839799	0	nan	388	844	6839799	0	0	0	nan	0	0	0	0	0	0	nan	0	0	0	nan	nan	nan	nan	nan	nan
70	u	0	6839784	0	nan	386	821	6839784	0	0	0	nan	0	0	0	0	0	0	nan	0	0	0	nan	nan	nan	nan	nan	nan
71	g	0	6839728	0	nan	386	818	6839728	0	0	0	nan	0	0	0	0	0	0	nan	0	0	0	nan	nan	nan	nan	nan	nan
72	a	0	6839672	0	nan	386	814	6839672	0	0	0	nan	0	0	0	0	0	0	nan	0	0	0	nan	nan	nan	nan	nan	nan
73	a	0	6839641	0	nan	386	811	6839641	0	0	0	nan	0	0	0	0	0	0	nan	0	0	0	nan	nan	nan	nan	nan	nan
74	g	0	6839620	0	nan	386	809	6839620	0	0	0	nan	0	0	0	0	0	0	nan	0	0	0	nan	nan	nan	nan	nan	nan
75	g	0	6839572	0	nan	385	807	6839572	0	0	0	nan	0	0	0	0	0	0	nan	0	0	0	nan	nan	nan	nan	nan	nan
76	u	0	6839458	0	nan	384	803	6839458	0	0	0	nan	0	0	0	0	0	0	nan	0	0	0	nan	nan	nan	nan	nan	nan
77	g	0	6839328	0	nan	383	796	6839328	0	0	0	nan	0	0	0	0	0	0	nan	0	0	0	nan	nan	nan	nan	nan	nan
78	a	0	6839219	0	nan	382	793	6839219	0	0	0	nan	0	0	0	0	0	0	nan	0	0	0	nan	nan	nan	nan	nan	nan
79	a	0	6834273	0	nan	378	790	6834273	0	0	0	nan	0	0	0	0	0	0	nan	0	0	0	nan	nan	nan	nan	nan	nan
80	g	0	6831633	0	nan	377	783	6831633	0	0	0	nan	0	0	0	0	0	0	nan	0	0	0	nan	nan	nan	nan	nan	nan