Nucleotide	Sequence	Modified_mutations	Modified_read_depth	Modified_effective_depth	Modified_rate	Modified_off_target_mapped_depth	Modified_low_mapq_mapped_depth	Modified_primer_pair_1_mapped_depth	Untreated_mutations	Untreated_read_depth	Untreated_effective_depth	Untreated_rate	Untreated_off_target_mapped_depth	Untreated_low_mapq_mapped_depth	Untreated_primer_pair_1_mapped_depth	Denatured_mutations	Denatured_read_depth	Denatured_effective_depth	Denatured_rate	Denatured_off_target_mapped_depth	Denatured_low_mapq_mapped_depth	Denatured_primer_pair_1_mapped_depth	Reactivity_profile	Std_err	HQ_profile	HQ_stderr	Norm_profile	Norm_stderr
1	g	0	522156	0	nan	2	4	522156	0	0	0	nan	0	0	0	0	0	0	nan	0	0	0	nan	nan	nan	nan	nan	nan
2	g	0	523191	0	nan	2	4	523191	0	0	0	nan	0	0	0	0	0	0	nan	0	0	0	nan	nan	nan	nan	nan	nan
3	u	0	523498	0	nan	2	4	523498	0	0	0	nan	0	0	0	0	0	0	nan	0	0	0	nan	nan	nan	nan	nan	nan
4	g	0	523627	0	nan	2	4	523627	0	0	0	nan	0	0	0	0	0	0	nan	0	0	0	nan	nan	nan	nan	nan	nan
5	u	0	523821	0	nan	2	4	523821	0	0	0	nan	0	0	0	0	0	0	nan	0	0	0	nan	nan	nan	nan	nan	nan
6	a	0	523834	0	nan	2	4	523834	0	0	0	nan	0	0	0	0	0	0	nan	0	0	0	nan	nan	nan	nan	nan	nan
7	a	0	523851	0	nan	2	4	523851	0	0	0	nan	0	0	0	0	0	0	nan	0	0	0	nan	nan	nan	nan	nan	nan
8	g	0	523866	0	nan	2	4	523866	0	0	0	nan	0	0	0	0	0	0	nan	0	0	0	nan	nan	nan	nan	nan	nan
9	g	0	523932	0	nan	2	4	523932	0	0	0	nan	0	0	0	0	0	0	nan	0	0	0	nan	nan	nan	nan	nan	nan
10	g	0	541957	0	nan	2	4	541957	0	0	0	nan	0	0	0	0	0	0	nan	0	0	0	nan	nan	nan	nan	nan	nan
11	u	0	542074	0	nan	2	4	542074	0	0	0	nan	0	0	0	0	0	0	nan	0	0	0	nan	nan	nan	nan	nan	nan
12	g	0	542307	0	nan	3	4	542307	0	0	0	nan	0	0	0	0	0	0	nan	0	0	0	nan	nan	nan	nan	nan	nan
13	a	0	542322	0	nan	14	4	542322	0	0	0	nan	0	0	0	0	0	0	nan	0	0	0	nan	nan	nan	nan	nan	nan
14	a	0	542324	0	nan	21	4	542324	0	0	0	nan	0	0	0	0	0	0	nan	0	0	0	nan	nan	nan	nan	nan	nan
15	g	0	542326	0	nan	31	4	542326	0	0	0	nan	0	0	0	0	0	0	nan	0	0	0	nan	nan	nan	nan	nan	nan
16	u	0	542380	0	nan	33	4	542380	0	0	0	nan	0	0	0	0	0	0	nan	0	0	0	nan	nan	nan	nan	nan	nan
17	g	0	542427	0	nan	34	4	542427	0	0	0	nan	0	0	0	0	0	0	nan	0	0	0	nan	nan	nan	nan	nan	nan
18	u	0	542503	0	nan	47	4	542503	0	0	0	nan	0	0	0	0	0	0	nan	0	0	0	nan	nan	nan	nan	nan	nan
19	a	0	542568	0	nan	64	4	542568	0	0	0	nan	0	0	0	0	0	0	nan	0	0	0	nan	nan	nan	nan	nan	nan
20	A	0	542602	25	0.000000	66	4	542602	0	0	0	nan	0	0	0	0	0	0	nan	0	0	0	0.000000	0.000000	nan	nan	nan	nan
21	G	0	542644	45	0.000000	71	4	542644	0	0	0	nan	0	0	0	0	0	0	nan	0	0	0	0.000000	0.000000	nan	nan	nan	nan
22	G	0	542675	61	0.000000	73	4	542675	0	0	0	nan	0	0	0	0	0	0	nan	0	0	0	0.000000	0.000000	nan	nan	nan	nan
23	U	0	542715	540974	0.000000	84	4	542715	0	0	0	nan	0	0	0	0	0	0	nan	0	0	0	0.000000	0.000000	0.000000	0.000000	nan	nan
24	U	562	542742	540496	0.001040	87	4	542742	0	0	0	nan	0	0	0	0	0	0	nan	0	0	0	0.001040	0.000044	0.001040	0.000044	nan	nan
25	G	333	542757	539934	0.000617	87	4	542757	0	0	0	nan	0	0	0	0	0	0	nan	0	0	0	0.000617	0.000034	0.000617	0.000034	nan	nan
26	A	170	542771	537138	0.000316	87	4	542758	0	0	0	nan	0	0	0	0	0	0	nan	0	0	0	0.000316	0.000024	0.000316	0.000024	0.093408	0.007094
27	A	1817	542792	537033	0.003383	89	4	542771	0	0	0	nan	0	0	0	0	0	0	nan	0	0	0	0.003383	0.000079	0.003383	0.000079	1.000000	0.023352
28	C	339	542838	536682	0.000632	90	4	542810	0	0	0	nan	0	0	0	0	0	0	nan	0	0	0	0.000632	0.000034	0.000632	0.000034	nan	nan
29	U	522	542886	539499	0.000968	93	4	542857	0	0	0	nan	0	0	0	0	0	0	nan	0	0	0	0.000968	0.000042	0.000968	0.000042	nan	nan
30	U	638	543003	540052	0.001181	95	4	542972	0	0	0	nan	0	0	0	0	0	0	nan	0	0	0	0.001181	0.000047	0.001181	0.000047	nan	nan
31	U	869	543074	540620	0.001607	97	4	543042	0	0	0	nan	0	0	0	0	0	0	nan	0	0	0	0.001607	0.000055	0.001607	0.000055	nan	nan
32	U	457	543152	540995	0.000845	100	4	543122	0	0	0	nan	0	0	0	0	0	0	nan	0	0	0	0.000845	0.000040	0.000845	0.000040	nan	nan
33	G	468	543274	540625	0.000866	102	4	543246	0	0	0	nan	0	0	0	0	0	0	nan	0	0	0	0.000866	0.000040	0.000866	0.000040	nan	nan
34	A	236	543351	541169	0.000436	107	4	543321	0	0	0	nan	0	0	0	0	0	0	nan	0	0	0	0.000436	0.000028	0.000436	0.000028	0.128880	0.008277
35	A	247	543392	540957	0.000457	109	4	543365	0	0	0	nan	0	0	0	0	0	0	nan	0	0	0	0.000457	0.000029	0.000457	0.000029	0.135087	0.008572
36	U	395	543424	541114	0.000730	109	4	543392	0	0	0	nan	0	0	0	0	0	0	nan	0	0	0	0.000730	0.000037	0.000730	0.000037	nan	nan
37	A	315	543463	541258	0.000582	112	4	543434	0	0	0	nan	0	0	0	0	0	0	nan	0	0	0	0.000582	0.000033	0.000582	0.000033	0.172037	0.009755
38	G	405	543552	540844	0.000749	113	4	543521	0	0	0	nan	0	0	0	0	0	0	nan	0	0	0	0.000749	0.000037	0.000749	0.000037	nan	nan
39	U	493	543649	542024	0.000910	114	4	543617	0	0	0	nan	0	0	0	0	0	0	nan	0	0	0	0.000910	0.000041	0.000910	0.000041	nan	nan
40	G	512	543694	541628	0.000945	115	4	543658	0	0	0	nan	0	0	0	0	0	0	nan	0	0	0	0.000945	0.000042	0.000945	0.000042	nan	nan
41	A	452	543823	541456	0.000835	119	4	543790	0	0	0	nan	0	0	0	0	0	0	nan	0	0	0	0.000835	0.000039	0.000835	0.000039	0.246822	0.011528
42	U	947	543905	540781	0.001751	132	4	543871	0	0	0	nan	0	0	0	0	0	0	nan	0	0	0	0.001751	0.000057	0.001751	0.000057	nan	nan
43	U	649	544004	540821	0.001200	134	4	543975	0	0	0	nan	0	0	0	0	0	0	nan	0	0	0	0.001200	0.000047	0.001200	0.000047	nan	nan
44	C	688	544087	541312	0.001271	135	4	544060	0	0	0	nan	0	0	0	0	0	0	nan	0	0	0	0.001271	0.000048	0.001271	0.000048	nan	nan
45	A	425	544186	542136	0.000784	135	4	544163	0	0	0	nan	0	0	0	0	0	0	nan	0	0	0	0.000784	0.000038	0.000784	0.000038	0.231747	0.011233
46	G	479	544253	542340	0.000883	135	4	544236	0	0	0	nan	0	0	0	0	0	0	nan	0	0	0	0.000883	0.000040	0.000883	0.000040	nan	nan
47	G	415	544366	542802	0.000765	135	4	544353	0	0	0	nan	0	0	0	0	0	0	nan	0	0	0	0.000765	0.000038	0.000765	0.000038	nan	nan
48	A	208	544408	543142	0.000383	135	4	544394	0	0	0	nan	0	0	0	0	0	0	nan	0	0	0	0.000383	0.000027	0.000383	0.000027	0.113213	0.007981
49	G	234	544432	542685	0.000431	135	4	544422	0	0	0	nan	0	0	0	0	0	0	nan	0	0	0	0.000431	0.000028	0.000431	0.000028	nan	nan
50	G	281	544448	541844	0.000519	137	4	544440	0	0	0	nan	0	0	0	0	0	0	nan	0	0	0	0.000519	0.000031	0.000519	0.000031	nan	nan
51	U	600	544466	541672	0.001108	139	4	544460	0	0	0	nan	0	0	0	0	0	0	nan	0	0	0	0.001108	0.000045	0.001108	0.000045	nan	nan
52	U	448	544478	541418	0.000827	140	4	544474	0	0	0	nan	0	0	0	0	0	0	nan	0	0	0	0.000827	0.000039	0.000827	0.000039	nan	nan
53	A	196	544492	542040	0.000362	144	4	544489	0	0	0	nan	0	0	0	0	0	0	nan	0	0	0	0.000362	0.000026	0.000362	0.000026	0.107006	0.007685
54	A	220	544346	541742	0.000406	139	4	544336	0	0	0	nan	0	0	0	0	0	0	nan	0	0	0	0.000406	0.000027	0.000406	0.000027	0.120012	0.007981
55	U	543	544387	541612	0.001003	139	4	544380	0	0	0	nan	0	0	0	0	0	0	nan	0	0	0	0.001003	0.000043	0.001003	0.000043	nan	nan
56	G	448	544404	541616	0.000827	137	4	544399	0	0	0	nan	0	0	0	0	0	0	nan	0	0	0	0.000827	0.000039	0.000827	0.000039	nan	nan
57	G	0	544423	540868	0.000000	137	4	544421	0	0	0	nan	0	0	0	0	0	0	nan	0	0	0	0.000000	0.000000	0.000000	0.000000	nan	nan
58	A	0	544432	0	nan	137	4	544432	0	0	0	nan	0	0	0	0	0	0	nan	0	0	0	nan	nan	nan	nan	nan	nan
59	A	0	544432	0	nan	137	4	544432	0	0	0	nan	0	0	0	0	0	0	nan	0	0	0	nan	nan	nan	nan	nan	nan
60	G	0	544432	0	nan	137	4	544432	0	0	0	nan	0	0	0	0	0	0	nan	0	0	0	nan	nan	nan	nan	nan	nan
61	u	0	544432	0	nan	137	4	544432	0	0	0	nan	0	0	0	0	0	0	nan	0	0	0	nan	nan	nan	nan	nan	nan
62	a	0	544432	0	nan	137	4	544432	0	0	0	nan	0	0	0	0	0	0	nan	0	0	0	nan	nan	nan	nan	nan	nan
63	a	0	544432	0	nan	137	4	544432	0	0	0	nan	0	0	0	0	0	0	nan	0	0	0	nan	nan	nan	nan	nan	nan
64	a	0	544432	0	nan	137	4	544432	0	0	0	nan	0	0	0	0	0	0	nan	0	0	0	nan	nan	nan	nan	nan	nan
65	g	0	544432	0	nan	137	4	544432	0	0	0	nan	0	0	0	0	0	0	nan	0	0	0	nan	nan	nan	nan	nan	nan
66	g	0	544432	0	nan	137	4	544432	0	0	0	nan	0	0	0	0	0	0	nan	0	0	0	nan	nan	nan	nan	nan	nan
67	u	0	544432	0	nan	137	4	544432	0	0	0	nan	0	0	0	0	0	0	nan	0	0	0	nan	nan	nan	nan	nan	nan
68	a	0	544432	0	nan	137	4	544432	0	0	0	nan	0	0	0	0	0	0	nan	0	0	0	nan	nan	nan	nan	nan	nan
69	a	0	544432	0	nan	136	4	544432	0	0	0	nan	0	0	0	0	0	0	nan	0	0	0	nan	nan	nan	nan	nan	nan
70	u	0	544432	0	nan	135	4	544432	0	0	0	nan	0	0	0	0	0	0	nan	0	0	0	nan	nan	nan	nan	nan	nan
71	g	0	544432	0	nan	134	4	544432	0	0	0	nan	0	0	0	0	0	0	nan	0	0	0	nan	nan	nan	nan	nan	nan
72	a	0	544431	0	nan	134	4	544431	0	0	0	nan	0	0	0	0	0	0	nan	0	0	0	nan	nan	nan	nan	nan	nan
73	a	0	544427	0	nan	134	4	544427	0	0	0	nan	0	0	0	0	0	0	nan	0	0	0	nan	nan	nan	nan	nan	nan
74	g	0	544425	0	nan	134	4	544425	0	0	0	nan	0	0	0	0	0	0	nan	0	0	0	nan	nan	nan	nan	nan	nan
75	g	0	544416	0	nan	134	4	544416	0	0	0	nan	0	0	0	0	0	0	nan	0	0	0	nan	nan	nan	nan	nan	nan
76	u	0	544406	0	nan	134	4	544406	0	0	0	nan	0	0	0	0	0	0	nan	0	0	0	nan	nan	nan	nan	nan	nan
77	g	0	544403	0	nan	134	4	544403	0	0	0	nan	0	0	0	0	0	0	nan	0	0	0	nan	nan	nan	nan	nan	nan
78	a	0	544394	0	nan	134	4	544394	0	0	0	nan	0	0	0	0	0	0	nan	0	0	0	nan	nan	nan	nan	nan	nan
79	a	0	544272	0	nan	134	4	544272	0	0	0	nan	0	0	0	0	0	0	nan	0	0	0	nan	nan	nan	nan	nan	nan
80	g	0	543950	0	nan	134	4	543950	0	0	0	nan	0	0	0	0	0	0	nan	0	0	0	nan	nan	nan	nan	nan	nan