Nucleotide	Sequence	Modified_mutations	Modified_read_depth	Modified_effective_depth	Modified_rate	Modified_off_target_mapped_depth	Modified_low_mapq_mapped_depth	Modified_primer_pair_1_mapped_depth	Untreated_mutations	Untreated_read_depth	Untreated_effective_depth	Untreated_rate	Untreated_off_target_mapped_depth	Untreated_low_mapq_mapped_depth	Untreated_primer_pair_1_mapped_depth	Denatured_mutations	Denatured_read_depth	Denatured_effective_depth	Denatured_rate	Denatured_off_target_mapped_depth	Denatured_low_mapq_mapped_depth	Denatured_primer_pair_1_mapped_depth	Reactivity_profile	Std_err	HQ_profile	HQ_stderr	Norm_profile	Norm_stderr
1	g	0	44358	0	nan	3	1	44358	0	0	0	nan	0	0	0	0	0	0	nan	0	0	0	nan	nan	nan	nan	nan	nan
2	g	0	44405	0	nan	3	1	44405	0	0	0	nan	0	0	0	0	0	0	nan	0	0	0	nan	nan	nan	nan	nan	nan
3	u	0	44431	0	nan	3	1	44431	0	0	0	nan	0	0	0	0	0	0	nan	0	0	0	nan	nan	nan	nan	nan	nan
4	g	0	44454	0	nan	3	1	44454	0	0	0	nan	0	0	0	0	0	0	nan	0	0	0	nan	nan	nan	nan	nan	nan
5	u	0	44474	0	nan	3	1	44474	0	0	0	nan	0	0	0	0	0	0	nan	0	0	0	nan	nan	nan	nan	nan	nan
6	a	0	44504	0	nan	3	1	44504	0	0	0	nan	0	0	0	0	0	0	nan	0	0	0	nan	nan	nan	nan	nan	nan
7	a	0	44593	0	nan	3	1	44593	0	0	0	nan	0	0	0	0	0	0	nan	0	0	0	nan	nan	nan	nan	nan	nan
8	g	0	44829	0	nan	3	1	44829	0	0	0	nan	0	0	0	0	0	0	nan	0	0	0	nan	nan	nan	nan	nan	nan
9	g	0	47532	0	nan	3	1	47532	0	0	0	nan	0	0	0	0	0	0	nan	0	0	0	nan	nan	nan	nan	nan	nan
10	g	0	271986	0	nan	4	1	271986	0	0	0	nan	0	0	0	0	0	0	nan	0	0	0	nan	nan	nan	nan	nan	nan
11	u	0	281964	0	nan	4	1	281964	0	0	0	nan	0	0	0	0	0	0	nan	0	0	0	nan	nan	nan	nan	nan	nan
12	g	0	282306	0	nan	4	1	282306	0	0	0	nan	0	0	0	0	0	0	nan	0	0	0	nan	nan	nan	nan	nan	nan
13	a	0	282344	0	nan	4	1	282344	0	0	0	nan	0	0	0	0	0	0	nan	0	0	0	nan	nan	nan	nan	nan	nan
14	a	0	282362	0	nan	4	1	282362	0	0	0	nan	0	0	0	0	0	0	nan	0	0	0	nan	nan	nan	nan	nan	nan
15	g	0	282453	0	nan	16	1	282453	0	0	0	nan	0	0	0	0	0	0	nan	0	0	0	nan	nan	nan	nan	nan	nan
16	u	0	282471	0	nan	16	1	282471	0	0	0	nan	0	0	0	0	0	0	nan	0	0	0	nan	nan	nan	nan	nan	nan
17	g	0	282503	0	nan	16	1	282503	0	0	0	nan	0	0	0	0	0	0	nan	0	0	0	nan	nan	nan	nan	nan	nan
18	u	0	282510	0	nan	16	1	282510	0	0	0	nan	0	0	0	0	0	0	nan	0	0	0	nan	nan	nan	nan	nan	nan
19	a	0	282606	0	nan	16	1	282606	0	0	0	nan	0	0	0	0	0	0	nan	0	0	0	nan	nan	nan	nan	nan	nan
20	A	0	282652	19	0.000000	16	1	282652	0	0	0	nan	0	0	0	0	0	0	nan	0	0	0	0.000000	0.000000	nan	nan	nan	nan
21	G	0	282720	50	0.000000	16	1	282720	0	0	0	nan	0	0	0	0	0	0	nan	0	0	0	0.000000	0.000000	nan	nan	nan	nan
22	G	0	282745	51	0.000000	16	1	282745	0	0	0	nan	0	0	0	0	0	0	nan	0	0	0	0.000000	0.000000	nan	nan	nan	nan
23	U	0	282770	271608	0.000000	16	1	282770	0	0	0	nan	0	0	0	0	0	0	nan	0	0	0	0.000000	0.000000	0.000000	0.000000	nan	nan
24	U	245	282788	278748	0.000879	16	1	282788	0	0	0	nan	0	0	0	0	0	0	nan	0	0	0	0.000879	0.000056	0.000879	0.000056	nan	nan
25	G	330	282807	277386	0.001190	16	1	282807	0	0	0	nan	0	0	0	0	0	0	nan	0	0	0	0.001190	0.000065	0.001190	0.000065	0.590864	0.032274
26	A	11799	282815	275123	0.042886	16	1	282815	0	0	0	nan	0	0	0	0	0	0	nan	0	0	0	0.042886	0.000395	0.042886	0.000395	1.012710	0.009328
27	A	12679	282822	273856	0.046298	16	1	282822	0	0	0	nan	0	0	0	0	0	0	nan	0	0	0	0.046298	0.000411	0.046298	0.000411	1.093281	0.009705
28	C	7803	282832	273141	0.028568	16	1	282832	0	0	0	nan	0	0	0	0	0	0	nan	0	0	0	0.028568	0.000323	0.028568	0.000323	1.196265	0.013525
29	U	184	282858	275595	0.000668	16	1	282858	0	0	0	nan	0	0	0	0	0	0	nan	0	0	0	0.000668	0.000049	0.000668	0.000049	nan	nan
30	U	162	282882	276142	0.000587	16	1	282869	0	0	0	nan	0	0	0	0	0	0	nan	0	0	0	0.000587	0.000046	0.000587	0.000046	nan	nan
31	U	195	282913	277771	0.000702	16	1	282900	0	0	0	nan	0	0	0	0	0	0	nan	0	0	0	0.000702	0.000050	0.000702	0.000050	nan	nan
32	U	257	282954	279159	0.000921	16	1	282941	0	0	0	nan	0	0	0	0	0	0	nan	0	0	0	0.000921	0.000057	0.000921	0.000057	nan	nan
33	G	327	282998	278166	0.001176	16	1	282985	0	0	0	nan	0	0	0	0	0	0	nan	0	0	0	0.001176	0.000065	0.001176	0.000065	0.583913	0.032274
34	A	5296	283014	278115	0.019042	16	1	283001	0	0	0	nan	0	0	0	0	0	0	nan	0	0	0	0.019042	0.000262	0.019042	0.000262	0.449658	0.006187
35	A	4351	283018	276589	0.015731	16	1	283005	0	0	0	nan	0	0	0	0	0	0	nan	0	0	0	0.015731	0.000238	0.015731	0.000238	0.371472	0.005620
36	U	196	283020	275209	0.000712	16	1	283007	0	0	0	nan	0	0	0	0	0	0	nan	0	0	0	0.000712	0.000051	0.000712	0.000051	nan	nan
37	A	22098	283024	275668	0.080162	16	1	283010	0	0	0	nan	0	0	0	0	0	0	nan	0	0	0	0.080162	0.000539	0.080162	0.000539	1.892946	0.012728
38	G	437	283047	275063	0.001589	16	1	283038	0	0	0	nan	0	0	0	0	0	0	nan	0	0	0	0.001589	0.000076	0.001589	0.000076	0.788977	0.037736
39	U	400	283061	279198	0.001433	16	1	283052	0	0	0	nan	0	0	0	0	0	0	nan	0	0	0	0.001433	0.000072	0.001433	0.000072	nan	nan
40	G	611	283073	277148	0.002205	16	1	283063	0	0	0	nan	0	0	0	0	0	0	nan	0	0	0	0.002205	0.000089	0.002205	0.000089	1.094836	0.044191
41	A	6491	283086	277651	0.023378	16	1	283076	0	0	0	nan	0	0	0	0	0	0	nan	0	0	0	0.023378	0.000290	0.023378	0.000290	0.552048	0.006848
42	U	275	283135	276007	0.000996	16	1	283128	0	0	0	nan	0	0	0	0	0	0	nan	0	0	0	0.000996	0.000060	0.000996	0.000060	nan	nan
43	U	237	283158	276608	0.000857	16	1	283151	0	0	0	nan	0	0	0	0	0	0	nan	0	0	0	0.000857	0.000056	0.000857	0.000056	nan	nan
44	C	2717	283192	276672	0.009820	16	1	283185	0	0	0	nan	0	0	0	0	0	0	nan	0	0	0	0.009820	0.000188	0.009820	0.000188	0.411206	0.007872
45	A	4277	283235	278469	0.015359	16	1	283229	0	0	0	nan	0	0	0	0	0	0	nan	0	0	0	0.015359	0.000235	0.015359	0.000235	0.362688	0.005549
46	G	325	283283	279344	0.001163	16	1	283278	0	0	0	nan	0	0	0	0	0	0	nan	0	0	0	0.001163	0.000065	0.001163	0.000065	0.577458	0.032274
47	G	332	283304	278800	0.001191	16	1	283299	0	0	0	nan	0	0	0	0	0	0	nan	0	0	0	0.001191	0.000065	0.001191	0.000065	0.591360	0.032274
48	A	3543	283311	272508	0.013001	16	1	283307	0	0	0	nan	0	0	0	0	0	0	nan	0	0	0	0.013001	0.000218	0.013001	0.000218	0.307006	0.005148
49	G	383	283400	271856	0.001409	16	1	283398	0	0	0	nan	0	0	0	0	0	0	nan	0	0	0	0.001409	0.000072	0.001409	0.000072	0.699603	0.035750
50	G	549	283429	272563	0.002014	16	1	283429	0	0	0	nan	0	0	0	0	0	0	nan	0	0	0	0.002014	0.000086	0.002014	0.000086	1.000000	0.042701
51	U	241	283437	272313	0.000885	16	1	283437	0	0	0	nan	0	0	0	0	0	0	nan	0	0	0	0.000885	0.000057	0.000885	0.000057	nan	nan
52	U	388	283446	277056	0.001400	16	1	283445	0	0	0	nan	0	0	0	0	0	0	nan	0	0	0	0.001400	0.000071	0.001400	0.000071	nan	nan
53	A	11264	283447	276535	0.040733	16	1	283447	0	0	0	nan	0	0	0	0	0	0	nan	0	0	0	0.040733	0.000384	0.040733	0.000384	0.961869	0.009068
54	A	9546	283434	277553	0.034393	16	1	283433	0	0	0	nan	0	0	0	0	0	0	nan	0	0	0	0.034393	0.000352	0.034393	0.000352	0.812156	0.008312
55	U	395	283439	279113	0.001415	16	1	283438	0	0	0	nan	0	0	0	0	0	0	nan	0	0	0	0.001415	0.000071	0.001415	0.000071	nan	nan
56	G	612	283443	279787	0.002187	16	1	283443	0	0	0	nan	0	0	0	0	0	0	nan	0	0	0	0.002187	0.000088	0.002187	0.000088	1.085899	0.043694
57	G	0	283451	277912	0.000000	16	1	283451	0	0	0	nan	0	0	0	0	0	0	nan	0	0	0	0.000000	0.000000	0.000000	0.000000	0.000000	0.000000
58	A	0	283452	0	nan	16	1	283452	0	0	0	nan	0	0	0	0	0	0	nan	0	0	0	nan	nan	nan	nan	nan	nan
59	A	0	283452	0	nan	16	1	283452	0	0	0	nan	0	0	0	0	0	0	nan	0	0	0	nan	nan	nan	nan	nan	nan
60	G	0	283452	0	nan	16	1	283452	0	0	0	nan	0	0	0	0	0	0	nan	0	0	0	nan	nan	nan	nan	nan	nan
61	u	0	283452	0	nan	16	1	283452	0	0	0	nan	0	0	0	0	0	0	nan	0	0	0	nan	nan	nan	nan	nan	nan
62	a	0	283452	0	nan	16	1	283452	0	0	0	nan	0	0	0	0	0	0	nan	0	0	0	nan	nan	nan	nan	nan	nan
63	a	0	283452	0	nan	16	1	283452	0	0	0	nan	0	0	0	0	0	0	nan	0	0	0	nan	nan	nan	nan	nan	nan
64	a	0	283452	0	nan	16	1	283452	0	0	0	nan	0	0	0	0	0	0	nan	0	0	0	nan	nan	nan	nan	nan	nan
65	g	0	283452	0	nan	16	1	283452	0	0	0	nan	0	0	0	0	0	0	nan	0	0	0	nan	nan	nan	nan	nan	nan
66	g	0	283452	0	nan	16	1	283452	0	0	0	nan	0	0	0	0	0	0	nan	0	0	0	nan	nan	nan	nan	nan	nan
67	u	0	283452	0	nan	15	1	283452	0	0	0	nan	0	0	0	0	0	0	nan	0	0	0	nan	nan	nan	nan	nan	nan
68	a	0	283452	0	nan	11	1	283452	0	0	0	nan	0	0	0	0	0	0	nan	0	0	0	nan	nan	nan	nan	nan	nan
69	a	0	283452	0	nan	11	1	283452	0	0	0	nan	0	0	0	0	0	0	nan	0	0	0	nan	nan	nan	nan	nan	nan
70	u	0	283452	0	nan	11	1	283452	0	0	0	nan	0	0	0	0	0	0	nan	0	0	0	nan	nan	nan	nan	nan	nan
71	g	0	283451	0	nan	11	1	283451	0	0	0	nan	0	0	0	0	0	0	nan	0	0	0	nan	nan	nan	nan	nan	nan
72	a	0	283450	0	nan	11	1	283450	0	0	0	nan	0	0	0	0	0	0	nan	0	0	0	nan	nan	nan	nan	nan	nan
73	a	0	283446	0	nan	11	1	283446	0	0	0	nan	0	0	0	0	0	0	nan	0	0	0	nan	nan	nan	nan	nan	nan
74	g	0	283444	0	nan	11	1	283444	0	0	0	nan	0	0	0	0	0	0	nan	0	0	0	nan	nan	nan	nan	nan	nan
75	g	0	283443	0	nan	11	1	283443	0	0	0	nan	0	0	0	0	0	0	nan	0	0	0	nan	nan	nan	nan	nan	nan
76	u	0	283433	0	nan	11	1	283433	0	0	0	nan	0	0	0	0	0	0	nan	0	0	0	nan	nan	nan	nan	nan	nan
77	g	0	283427	0	nan	11	1	283427	0	0	0	nan	0	0	0	0	0	0	nan	0	0	0	nan	nan	nan	nan	nan	nan
78	a	0	283418	0	nan	11	1	283418	0	0	0	nan	0	0	0	0	0	0	nan	0	0	0	nan	nan	nan	nan	nan	nan
79	a	0	283381	0	nan	11	1	283381	0	0	0	nan	0	0	0	0	0	0	nan	0	0	0	nan	nan	nan	nan	nan	nan
80	g	0	283196	0	nan	11	1	283196	0	0	0	nan	0	0	0	0	0	0	nan	0	0	0	nan	nan	nan	nan	nan	nan