Nucleotide	Sequence	Modified_mutations	Modified_read_depth	Modified_effective_depth	Modified_rate	Modified_off_target_mapped_depth	Modified_low_mapq_mapped_depth	Modified_primer_pair_1_mapped_depth	Untreated_mutations	Untreated_read_depth	Untreated_effective_depth	Untreated_rate	Untreated_off_target_mapped_depth	Untreated_low_mapq_mapped_depth	Untreated_primer_pair_1_mapped_depth	Denatured_mutations	Denatured_read_depth	Denatured_effective_depth	Denatured_rate	Denatured_off_target_mapped_depth	Denatured_low_mapq_mapped_depth	Denatured_primer_pair_1_mapped_depth	Reactivity_profile	Std_err	HQ_profile	HQ_stderr	Norm_profile	Norm_stderr
1	g	0	210088	0	nan	10	0	210088	0	0	0	nan	0	0	0	0	0	0	nan	0	0	0	nan	nan	nan	nan	nan	nan
2	g	0	211476	0	nan	10	0	211476	0	0	0	nan	0	0	0	0	0	0	nan	0	0	0	nan	nan	nan	nan	nan	nan
3	u	0	212336	0	nan	10	0	212336	0	0	0	nan	0	0	0	0	0	0	nan	0	0	0	nan	nan	nan	nan	nan	nan
4	g	0	213321	0	nan	10	0	213321	0	0	0	nan	0	0	0	0	0	0	nan	0	0	0	nan	nan	nan	nan	nan	nan
5	u	0	214536	0	nan	10	0	214536	0	0	0	nan	0	0	0	0	0	0	nan	0	0	0	nan	nan	nan	nan	nan	nan
6	a	0	219735	0	nan	10	0	219735	0	0	0	nan	0	0	0	0	0	0	nan	0	0	0	nan	nan	nan	nan	nan	nan
7	a	0	222182	0	nan	10	0	222182	0	0	0	nan	0	0	0	0	0	0	nan	0	0	0	nan	nan	nan	nan	nan	nan
8	g	0	223237	0	nan	10	0	223237	0	0	0	nan	0	0	0	0	0	0	nan	0	0	0	nan	nan	nan	nan	nan	nan
9	g	0	228778	0	nan	10	0	228778	0	0	0	nan	0	0	0	0	0	0	nan	0	0	0	nan	nan	nan	nan	nan	nan
10	g	0	880526	0	nan	10	0	880526	0	0	0	nan	0	0	0	0	0	0	nan	0	0	0	nan	nan	nan	nan	nan	nan
11	u	0	887570	0	nan	10	0	887570	0	0	0	nan	0	0	0	0	0	0	nan	0	0	0	nan	nan	nan	nan	nan	nan
12	g	0	889669	0	nan	364	0	889669	0	0	0	nan	0	0	0	0	0	0	nan	0	0	0	nan	nan	nan	nan	nan	nan
13	a	0	897079	0	nan	3113	0	897079	0	0	0	nan	0	0	0	0	0	0	nan	0	0	0	nan	nan	nan	nan	nan	nan
14	a	0	905519	0	nan	5933	0	905519	0	0	0	nan	0	0	0	0	0	0	nan	0	0	0	nan	nan	nan	nan	nan	nan
15	g	0	905811	0	nan	5987	0	905811	0	0	0	nan	0	0	0	0	0	0	nan	0	0	0	nan	nan	nan	nan	nan	nan
16	u	0	908959	0	nan	6664	0	908959	0	0	0	nan	0	0	0	0	0	0	nan	0	0	0	nan	nan	nan	nan	nan	nan
17	g	0	911720	0	nan	7322	0	911720	0	0	0	nan	0	0	0	0	0	0	nan	0	0	0	nan	nan	nan	nan	nan	nan
18	u	0	918061	0	nan	9036	0	918061	0	0	0	nan	0	0	0	0	0	0	nan	0	0	0	nan	nan	nan	nan	nan	nan
19	a	0	942998	0	nan	16776	0	942998	0	0	0	nan	0	0	0	0	0	0	nan	0	0	0	nan	nan	nan	nan	nan	nan
20	A	0	947032	3825	0.000000	18192	0	947032	0	0	0	nan	0	0	0	0	0	0	nan	0	0	0	0.000000	0.000000	nan	nan	nan	nan
21	G	0	949434	5961	0.000000	18859	0	949434	0	0	0	nan	0	0	0	0	0	0	nan	0	0	0	0.000000	0.000000	0.000000	0.000000	nan	nan
22	G	0	951122	7391	0.000000	19359	0	951122	0	0	0	nan	0	0	0	0	0	0	nan	0	0	0	0.000000	0.000000	0.000000	0.000000	nan	nan
23	U	0	954482	940875	0.000000	20407	0	954482	0	0	0	nan	0	0	0	0	0	0	nan	0	0	0	0.000000	0.000000	0.000000	0.000000	nan	nan
24	U	323	955535	938907	0.000344	20588	1	955535	0	0	0	nan	0	0	0	0	0	0	nan	0	0	0	0.000344	0.000019	0.000344	0.000019	nan	nan
25	G	564	956129	937500	0.000602	20675	1	956129	0	0	0	nan	0	0	0	0	0	0	nan	0	0	0	0.000602	0.000025	0.000602	0.000025	nan	nan
26	A	365	957366	887466	0.000411	21064	1	957356	0	0	0	nan	0	0	0	0	0	0	nan	0	0	0	0.000411	0.000022	0.000411	0.000022	0.156303	0.008367
27	C	9780	958267	882190	0.011086	21338	1	958250	0	0	0	nan	0	0	0	0	0	0	nan	0	0	0	0.011086	0.000112	0.011086	0.000112	1.716232	0.017339
28	C	1619	962670	883421	0.001833	22085	1	962652	0	0	0	nan	0	0	0	0	0	0	nan	0	0	0	0.001833	0.000046	0.001833	0.000046	0.283768	0.007121
29	U	1175	964761	931920	0.001261	22547	1	964742	0	0	0	nan	0	0	0	0	0	0	nan	0	0	0	0.001261	0.000037	0.001261	0.000037	nan	nan
30	U	227	966370	937979	0.000242	22621	1	966347	0	0	0	nan	0	0	0	0	0	0	nan	0	0	0	0.000242	0.000016	0.000242	0.000016	nan	nan
31	U	222	979653	956028	0.000232	23313	1	979629	0	0	0	nan	0	0	0	0	0	0	nan	0	0	0	0.000232	0.000016	0.000232	0.000016	nan	nan
32	U	1634	982453	965142	0.001693	25543	1	982427	0	0	0	nan	0	0	0	0	0	0	nan	0	0	0	0.001693	0.000042	0.001693	0.000042	nan	nan
33	G	118	983581	963183	0.000123	25684	1	983554	0	0	0	nan	0	0	0	0	0	0	nan	0	0	0	0.000123	0.000011	0.000123	0.000011	nan	nan
34	A	803	985318	965684	0.000832	26157	1	985292	0	0	0	nan	0	0	0	0	0	0	nan	0	0	0	0.000832	0.000029	0.000832	0.000029	0.316410	0.011029
35	A	892	988292	964088	0.000925	27039	1	988266	0	0	0	nan	0	0	0	0	0	0	nan	0	0	0	0.000925	0.000031	0.000925	0.000031	0.351778	0.011789
36	U	258	988721	956519	0.000270	27042	1	988694	0	0	0	nan	0	0	0	0	0	0	nan	0	0	0	0.000270	0.000017	0.000270	0.000017	nan	nan
37	A	3886	994372	964275	0.004030	28768	1	994346	0	0	0	nan	0	0	0	0	0	0	nan	0	0	0	0.004030	0.000065	0.004030	0.000065	1.532611	0.024720
38	G	235	995750	968368	0.000243	28847	3	995722	0	0	0	nan	0	0	0	0	0	0	nan	0	0	0	0.000243	0.000016	0.000243	0.000016	nan	nan
39	U	381	997106	974677	0.000391	29191	3	997073	0	0	0	nan	0	0	0	0	0	0	nan	0	0	0	0.000391	0.000020	0.000391	0.000020	nan	nan
40	G	332	998359	972361	0.000341	29453	3	998330	0	0	0	nan	0	0	0	0	0	0	nan	0	0	0	0.000341	0.000019	0.000341	0.000019	nan	nan
41	A	853	1000952	974565	0.000875	30325	3	1000923	0	0	0	nan	0	0	0	0	0	0	nan	0	0	0	0.000875	0.000030	0.000875	0.000030	0.332763	0.011409
42	U	251	1002095	972176	0.000258	31689	3	1002072	0	0	0	nan	0	0	0	0	0	0	nan	0	0	0	0.000258	0.000016	0.000258	0.000016	nan	nan
43	U	214	1002771	972208	0.000220	31784	3	1002747	0	0	0	nan	0	0	0	0	0	0	nan	0	0	0	0.000220	0.000015	0.000220	0.000015	nan	nan
44	C	1337	1003443	975017	0.001371	31917	4	1003418	0	0	0	nan	0	0	0	0	0	0	nan	0	0	0	0.001371	0.000038	0.001371	0.000038	0.212246	0.005883
45	A	1125	1004653	983584	0.001144	31948	4	1004632	0	0	0	nan	0	0	0	0	0	0	nan	0	0	0	0.001144	0.000034	0.001144	0.000034	0.435064	0.012930
46	G	409	1005200	990649	0.000413	31934	4	1005183	0	0	0	nan	0	0	0	0	0	0	nan	0	0	0	0.000413	0.000020	0.000413	0.000020	nan	nan
47	G	209	1005472	989829	0.000211	31936	4	1005456	0	0	0	nan	0	0	0	0	0	0	nan	0	0	0	0.000211	0.000015	0.000211	0.000015	nan	nan
48	A	290	1005872	992686	0.000292	32009	4	1005856	0	0	0	nan	0	0	0	0	0	0	nan	0	0	0	0.000292	0.000017	0.000292	0.000017	0.111048	0.006465
49	G	92	1006241	993266	0.000093	32010	4	1006229	0	0	0	nan	0	0	0	0	0	0	nan	0	0	0	0.000093	0.000010	0.000093	0.000010	nan	nan
50	G	77	1006545	993412	0.000078	32068	4	1006537	0	0	0	nan	0	0	0	0	0	0	nan	0	0	0	0.000078	0.000009	0.000078	0.000009	nan	nan
51	U	197	1007327	991644	0.000199	32166	4	1007319	0	0	0	nan	0	0	0	0	0	0	nan	0	0	0	0.000199	0.000014	0.000199	0.000014	nan	nan
52	U	1064	1007668	991074	0.001074	32166	4	1007663	0	0	0	nan	0	0	0	0	0	0	nan	0	0	0	0.001074	0.000033	0.001074	0.000033	nan	nan
53	A	511	1008439	995640	0.000513	32257	4	1008432	0	0	0	nan	0	0	0	0	0	0	nan	0	0	0	0.000513	0.000023	0.000513	0.000023	0.195094	0.008747
54	A	1227	1008717	998652	0.001229	32251	4	1008710	0	0	0	nan	0	0	0	0	0	0	nan	0	0	0	0.001229	0.000035	0.001229	0.000035	0.467389	0.013311
55	U	249	1008839	1001255	0.000249	32251	4	1008833	0	0	0	nan	0	0	0	0	0	0	nan	0	0	0	0.000249	0.000016	0.000249	0.000016	nan	nan
56	G	258	1009003	1002591	0.000257	32247	4	1009000	0	0	0	nan	0	0	0	0	0	0	nan	0	0	0	0.000257	0.000016	0.000257	0.000016	nan	nan
57	G	0	1009135	1002831	0.000000	32246	4	1009135	0	0	0	nan	0	0	0	0	0	0	nan	0	0	0	0.000000	0.000000	0.000000	0.000000	nan	nan
58	A	0	1009264	0	nan	32237	4	1009264	0	0	0	nan	0	0	0	0	0	0	nan	0	0	0	nan	nan	nan	nan	nan	nan
59	A	0	1009264	1	0.000000	32234	4	1009264	0	0	0	nan	0	0	0	0	0	0	nan	0	0	0	0.000000	0.000000	nan	nan	nan	nan
60	G	0	1009264	1	0.000000	32229	4	1009264	0	0	0	nan	0	0	0	0	0	0	nan	0	0	0	0.000000	0.000000	nan	nan	nan	nan
61	u	0	1009263	0	nan	32217	4	1009263	0	0	0	nan	0	0	0	0	0	0	nan	0	0	0	nan	nan	nan	nan	nan	nan
62	a	0	1009262	0	nan	32213	4	1009262	0	0	0	nan	0	0	0	0	0	0	nan	0	0	0	nan	nan	nan	nan	nan	nan
63	a	0	1009262	0	nan	32212	4	1009262	0	0	0	nan	0	0	0	0	0	0	nan	0	0	0	nan	nan	nan	nan	nan	nan
64	a	0	1009258	0	nan	32211	4	1009258	0	0	0	nan	0	0	0	0	0	0	nan	0	0	0	nan	nan	nan	nan	nan	nan
65	g	0	1009258	0	nan	32208	4	1009258	0	0	0	nan	0	0	0	0	0	0	nan	0	0	0	nan	nan	nan	nan	nan	nan
66	g	0	1009258	0	nan	32189	4	1009258	0	0	0	nan	0	0	0	0	0	0	nan	0	0	0	nan	nan	nan	nan	nan	nan
67	u	0	1009258	0	nan	32158	4	1009258	0	0	0	nan	0	0	0	0	0	0	nan	0	0	0	nan	nan	nan	nan	nan	nan
68	a	0	1009258	0	nan	32129	4	1009258	0	0	0	nan	0	0	0	0	0	0	nan	0	0	0	nan	nan	nan	nan	nan	nan
69	a	0	1009258	0	nan	32120	4	1009258	0	0	0	nan	0	0	0	0	0	0	nan	0	0	0	nan	nan	nan	nan	nan	nan
70	u	0	1009258	0	nan	32110	4	1009258	0	0	0	nan	0	0	0	0	0	0	nan	0	0	0	nan	nan	nan	nan	nan	nan
71	g	0	1009254	0	nan	32096	4	1009254	0	0	0	nan	0	0	0	0	0	0	nan	0	0	0	nan	nan	nan	nan	nan	nan
72	a	0	1009246	0	nan	32072	4	1009246	0	0	0	nan	0	0	0	0	0	0	nan	0	0	0	nan	nan	nan	nan	nan	nan
73	a	0	1009233	0	nan	32045	4	1009233	0	0	0	nan	0	0	0	0	0	0	nan	0	0	0	nan	nan	nan	nan	nan	nan
74	g	0	1009225	0	nan	32016	3	1009225	0	0	0	nan	0	0	0	0	0	0	nan	0	0	0	nan	nan	nan	nan	nan	nan
75	g	0	1009197	0	nan	31999	3	1009197	0	0	0	nan	0	0	0	0	0	0	nan	0	0	0	nan	nan	nan	nan	nan	nan
76	u	0	1009165	0	nan	31985	3	1009165	0	0	0	nan	0	0	0	0	0	0	nan	0	0	0	nan	nan	nan	nan	nan	nan
77	g	0	1009125	0	nan	31977	3	1009125	0	0	0	nan	0	0	0	0	0	0	nan	0	0	0	nan	nan	nan	nan	nan	nan
78	a	0	1009086	0	nan	31972	3	1009086	0	0	0	nan	0	0	0	0	0	0	nan	0	0	0	nan	nan	nan	nan	nan	nan
79	a	0	1008809	0	nan	31949	3	1008809	0	0	0	nan	0	0	0	0	0	0	nan	0	0	0	nan	nan	nan	nan	nan	nan
80	g	0	978569	0	nan	31909	3	978569	0	0	0	nan	0	0	0	0	0	0	nan	0	0	0	nan	nan	nan	nan	nan	nan