Nucleotide	Sequence	Modified_mutations	Modified_read_depth	Modified_effective_depth	Modified_rate	Modified_off_target_mapped_depth	Modified_low_mapq_mapped_depth	Modified_primer_pair_1_mapped_depth	Untreated_mutations	Untreated_read_depth	Untreated_effective_depth	Untreated_rate	Untreated_off_target_mapped_depth	Untreated_low_mapq_mapped_depth	Untreated_primer_pair_1_mapped_depth	Denatured_mutations	Denatured_read_depth	Denatured_effective_depth	Denatured_rate	Denatured_off_target_mapped_depth	Denatured_low_mapq_mapped_depth	Denatured_primer_pair_1_mapped_depth	Reactivity_profile	Std_err	HQ_profile	HQ_stderr	Norm_profile	Norm_stderr
1	g	0	5002452	0	nan	10	510	5002452	0	0	0	nan	0	0	0	0	0	0	nan	0	0	0	nan	nan	nan	nan	nan	nan
2	g	0	5115492	0	nan	10	510	5115492	0	0	0	nan	0	0	0	0	0	0	nan	0	0	0	nan	nan	nan	nan	nan	nan
3	u	0	5148620	0	nan	10	513	5148620	0	0	0	nan	0	0	0	0	0	0	nan	0	0	0	nan	nan	nan	nan	nan	nan
4	g	0	5159258	0	nan	10	517	5159258	0	0	0	nan	0	0	0	0	0	0	nan	0	0	0	nan	nan	nan	nan	nan	nan
5	u	0	5165493	0	nan	10	522	5165493	0	0	0	nan	0	0	0	0	0	0	nan	0	0	0	nan	nan	nan	nan	nan	nan
6	a	0	5174245	0	nan	10	531	5174245	0	0	0	nan	0	0	0	0	0	0	nan	0	0	0	nan	nan	nan	nan	nan	nan
7	a	0	5178040	0	nan	10	531	5178040	0	0	0	nan	0	0	0	0	0	0	nan	0	0	0	nan	nan	nan	nan	nan	nan
8	g	0	5179969	0	nan	10	532	5179969	0	0	0	nan	0	0	0	0	0	0	nan	0	0	0	nan	nan	nan	nan	nan	nan
9	g	0	5182615	0	nan	10	539	5182615	0	0	0	nan	0	0	0	0	0	0	nan	0	0	0	nan	nan	nan	nan	nan	nan
10	g	0	5186516	0	nan	10	542	5186516	0	0	0	nan	0	0	0	0	0	0	nan	0	0	0	nan	nan	nan	nan	nan	nan
11	u	0	5193497	0	nan	10	543	5193497	0	0	0	nan	0	0	0	0	0	0	nan	0	0	0	nan	nan	nan	nan	nan	nan
12	g	0	5210539	0	nan	141	546	5210539	0	0	0	nan	0	0	0	0	0	0	nan	0	0	0	nan	nan	nan	nan	nan	nan
13	a	0	5232301	0	nan	168	548	5232301	0	0	0	nan	0	0	0	0	0	0	nan	0	0	0	nan	nan	nan	nan	nan	nan
14	a	0	5256178	0	nan	236	548	5256178	0	0	0	nan	0	0	0	0	0	0	nan	0	0	0	nan	nan	nan	nan	nan	nan
15	g	0	5276018	0	nan	468	548	5276018	0	0	0	nan	0	0	0	0	0	0	nan	0	0	0	nan	nan	nan	nan	nan	nan
16	u	0	5292163	0	nan	476	549	5292163	0	0	0	nan	0	0	0	0	0	0	nan	0	0	0	nan	nan	nan	nan	nan	nan
17	g	0	5299309	0	nan	485	554	5299309	0	0	0	nan	0	0	0	0	0	0	nan	0	0	0	nan	nan	nan	nan	nan	nan
18	u	0	5303481	0	nan	487	560	5303481	0	0	0	nan	0	0	0	0	0	0	nan	0	0	0	nan	nan	nan	nan	nan	nan
19	a	0	5306806	0	nan	487	570	5306806	0	0	0	nan	0	0	0	0	0	0	nan	0	0	0	nan	nan	nan	nan	nan	nan
20	A	0	5308168	293	0.000000	487	572	5308168	0	0	0	nan	0	0	0	0	0	0	nan	0	0	0	0.000000	0.000000	nan	nan	nan	nan
21	G	0	5308733	299	0.000000	487	572	5308733	0	0	0	nan	0	0	0	0	0	0	nan	0	0	0	0.000000	0.000000	nan	nan	nan	nan
22	G	0	5309578	477	0.000000	487	572	5309578	0	0	0	nan	0	0	0	0	0	0	nan	0	0	0	0.000000	0.000000	nan	nan	nan	nan
23	U	0	5311827	4444748	0.000000	488	572	5311827	0	0	0	nan	0	0	0	0	0	0	nan	0	0	0	0.000000	0.000000	0.000000	0.000000	0.000000	0.000000
24	U	10360	5313515	4527210	0.002288	488	572	5313515	0	0	0	nan	0	0	0	0	0	0	nan	0	0	0	0.002288	0.000022	0.002288	0.000022	0.492997	0.004740
25	G	3841	5320546	4616655	0.000832	488	572	5320546	0	0	0	nan	0	0	0	0	0	0	nan	0	0	0	0.000832	0.000013	0.000832	0.000013	0.203013	0.003172
26	A	9631	5335189	4831859	0.001993	488	572	5335143	0	0	0	nan	0	0	0	0	0	0	nan	0	0	0	0.001993	0.000020	0.001993	0.000020	0.947919	0.009512
27	A	13826	5338742	4646002	0.002976	488	572	5338664	0	0	0	nan	0	0	0	0	0	0	nan	0	0	0	0.002976	0.000025	0.002976	0.000025	1.415458	0.011891
28	C	18140	5339393	4440154	0.004085	488	572	5339291	0	0	0	nan	0	0	0	0	0	0	nan	0	0	0	0.004085	0.000030	0.004085	0.000030	1.168228	0.008579
29	U	15929	5340802	4372604	0.003643	488	572	5340695	0	0	0	nan	0	0	0	0	0	0	nan	0	0	0	0.003643	0.000029	0.003643	0.000029	0.784960	0.006249
30	U	7577	5342857	4410555	0.001718	491	572	5342742	0	0	0	nan	0	0	0	0	0	0	nan	0	0	0	0.001718	0.000020	0.001718	0.000020	0.370179	0.004309
31	U	5885	5345116	4342343	0.001355	491	572	5344983	0	0	0	nan	0	0	0	0	0	0	nan	0	0	0	0.001355	0.000018	0.001355	0.000018	0.291963	0.003878
32	U	31310	5348244	4449445	0.007037	491	572	5348100	0	0	0	nan	0	0	0	0	0	0	nan	0	0	0	0.007037	0.000040	0.007037	0.000040	1.516268	0.008619
33	G	3575	5389050	4580727	0.000780	491	572	5388897	0	0	0	nan	0	0	0	0	0	0	nan	0	0	0	0.000780	0.000013	0.000780	0.000013	0.190325	0.003172
34	A	2302	5414319	5124277	0.000449	491	572	5414212	0	0	0	nan	0	0	0	0	0	0	nan	0	0	0	0.000449	0.000009	0.000449	0.000009	0.213555	0.004281
35	A	6736	5422369	5145888	0.001309	491	572	5422266	0	0	0	nan	0	0	0	0	0	0	nan	0	0	0	0.001309	0.000016	0.001309	0.000016	0.622592	0.007610
36	U	2741	5423647	5126929	0.000535	491	572	5423544	0	0	0	nan	0	0	0	0	0	0	nan	0	0	0	0.000535	0.000010	0.000535	0.000010	0.115277	0.002155
37	A	7616	5425274	4951162	0.001538	491	572	5425165	0	0	0	nan	0	0	0	0	0	0	nan	0	0	0	0.001538	0.000018	0.001538	0.000018	0.731510	0.008561
38	G	2781	5425614	4801524	0.000579	494	572	5425505	0	0	0	nan	0	0	0	0	0	0	nan	0	0	0	0.000579	0.000011	0.000579	0.000011	0.141280	0.002684
39	U	5916	5426088	4670144	0.001267	494	572	5425977	0	0	0	nan	0	0	0	0	0	0	nan	0	0	0	0.001267	0.000016	0.001267	0.000016	0.273002	0.003448
40	G	5274	5427180	4696949	0.001123	494	572	5427061	0	0	0	nan	0	0	0	0	0	0	nan	0	0	0	0.001123	0.000015	0.001123	0.000015	0.274019	0.003660
41	A	9917	5430824	4637292	0.002139	494	572	5430703	0	0	0	nan	0	0	0	0	0	0	nan	0	0	0	0.002139	0.000021	0.002139	0.000021	1.017360	0.009988
42	U	20051	5431852	4496240	0.004460	494	572	5431736	0	0	0	nan	0	0	0	0	0	0	nan	0	0	0	0.004460	0.000031	0.004460	0.000031	0.961000	0.006680
43	U	8220	5434340	4462110	0.001842	497	572	5434221	0	0	0	nan	0	0	0	0	0	0	nan	0	0	0	0.001842	0.000020	0.001842	0.000020	0.396897	0.004309
44	C	7826	5442779	4518487	0.001732	496	572	5442660	0	0	0	nan	0	0	0	0	0	0	nan	0	0	0	0.001732	0.000020	0.001732	0.000020	0.495317	0.005720
45	A	5731	5450124	4584366	0.001250	491	572	5449994	0	0	0	nan	0	0	0	0	0	0	nan	0	0	0	0.001250	0.000017	0.001250	0.000017	0.594530	0.008086
46	G	3126	5455236	4452721	0.000702	484	572	5455106	0	0	0	nan	0	0	0	0	0	0	nan	0	0	0	0.000702	0.000013	0.000702	0.000013	0.171293	0.003172
47	G	9311	5467758	4529288	0.002056	479	572	5467632	0	0	0	nan	0	0	0	0	0	0	nan	0	0	0	0.002056	0.000021	0.002056	0.000021	0.501678	0.005124
48	A	2351	5485663	4331842	0.000543	478	572	5485535	0	0	0	nan	0	0	0	0	0	0	nan	0	0	0	0.000543	0.000011	0.000543	0.000011	0.258264	0.005232
49	G	45347	5489052	4435120	0.010225	475	572	5488940	0	0	0	nan	0	0	0	0	0	0	nan	0	0	0	0.010225	0.000048	0.010225	0.000048	2.494967	0.011712
50	G	2659	5503684	4241011	0.000627	475	572	5503615	0	0	0	nan	0	0	0	0	0	0	nan	0	0	0	0.000627	0.000012	0.000627	0.000012	0.152992	0.002928
51	U	20728	5509206	4466754	0.004641	474	572	5509149	0	0	0	nan	0	0	0	0	0	0	nan	0	0	0	0.004641	0.000032	0.004641	0.000032	1.000000	0.006895
52	U	14517	5520618	4507953	0.003220	474	572	5520570	0	0	0	nan	0	0	0	0	0	0	nan	0	0	0	0.003220	0.000027	0.003220	0.000027	0.693816	0.005818
53	A	2264	5531354	4920061	0.000460	471	572	5531319	0	0	0	nan	0	0	0	0	0	0	nan	0	0	0	0.000460	0.000010	0.000460	0.000010	0.218787	0.004756
54	A	2674	5537997	4962238	0.000539	471	572	5537971	0	0	0	nan	0	0	0	0	0	0	nan	0	0	0	0.000539	0.000010	0.000539	0.000010	0.256361	0.004756
55	U	15898	5538994	4772597	0.003331	470	572	5538975	0	0	0	nan	0	0	0	0	0	0	nan	0	0	0	0.003331	0.000026	0.003331	0.000026	0.717733	0.005602
56	G	4807	5541193	4499358	0.001068	464	572	5541181	0	0	0	nan	0	0	0	0	0	0	nan	0	0	0	0.001068	0.000015	0.001068	0.000015	0.260599	0.003660
57	G	0	5543010	4645776	0.000000	464	572	5543002	0	0	0	nan	0	0	0	0	0	0	nan	0	0	0	0.000000	0.000000	0.000000	0.000000	0.000000	0.000000
58	A	0	5545366	78	0.000000	460	572	5545366	0	0	0	nan	0	0	0	0	0	0	nan	0	0	0	0.000000	0.000000	nan	nan	nan	nan
59	A	0	5545314	66	0.000000	459	572	5545314	0	0	0	nan	0	0	0	0	0	0	nan	0	0	0	0.000000	0.000000	nan	nan	nan	nan
60	G	0	5545248	49	0.000000	459	572	5545248	0	0	0	nan	0	0	0	0	0	0	nan	0	0	0	0.000000	0.000000	nan	nan	nan	nan
61	u	0	5545169	0	nan	457	572	5545169	0	0	0	nan	0	0	0	0	0	0	nan	0	0	0	nan	nan	nan	nan	nan	nan
62	a	0	5545004	0	nan	450	571	5545004	0	0	0	nan	0	0	0	0	0	0	nan	0	0	0	nan	nan	nan	nan	nan	nan
63	a	0	5544894	0	nan	446	568	5544894	0	0	0	nan	0	0	0	0	0	0	nan	0	0	0	nan	nan	nan	nan	nan	nan
64	a	0	5544857	0	nan	442	565	5544857	0	0	0	nan	0	0	0	0	0	0	nan	0	0	0	nan	nan	nan	nan	nan	nan
65	g	0	5544825	0	nan	439	563	5544825	0	0	0	nan	0	0	0	0	0	0	nan	0	0	0	nan	nan	nan	nan	nan	nan
66	g	0	5544814	0	nan	438	558	5544814	0	0	0	nan	0	0	0	0	0	0	nan	0	0	0	nan	nan	nan	nan	nan	nan
67	u	0	5544799	0	nan	438	558	5544799	0	0	0	nan	0	0	0	0	0	0	nan	0	0	0	nan	nan	nan	nan	nan	nan
68	a	0	5544775	0	nan	437	558	5544775	0	0	0	nan	0	0	0	0	0	0	nan	0	0	0	nan	nan	nan	nan	nan	nan
69	a	0	5544763	0	nan	435	558	5544763	0	0	0	nan	0	0	0	0	0	0	nan	0	0	0	nan	nan	nan	nan	nan	nan
70	u	0	5544727	0	nan	431	556	5544727	0	0	0	nan	0	0	0	0	0	0	nan	0	0	0	nan	nan	nan	nan	nan	nan
71	g	0	5544646	0	nan	429	555	5544646	0	0	0	nan	0	0	0	0	0	0	nan	0	0	0	nan	nan	nan	nan	nan	nan
72	a	0	5544508	0	nan	422	554	5544508	0	0	0	nan	0	0	0	0	0	0	nan	0	0	0	nan	nan	nan	nan	nan	nan
73	a	0	5544472	0	nan	421	553	5544472	0	0	0	nan	0	0	0	0	0	0	nan	0	0	0	nan	nan	nan	nan	nan	nan
74	g	0	5544435	0	nan	419	540	5544435	0	0	0	nan	0	0	0	0	0	0	nan	0	0	0	nan	nan	nan	nan	nan	nan
75	g	0	5544375	0	nan	414	534	5544375	0	0	0	nan	0	0	0	0	0	0	nan	0	0	0	nan	nan	nan	nan	nan	nan
76	u	0	5544286	0	nan	413	531	5544286	0	0	0	nan	0	0	0	0	0	0	nan	0	0	0	nan	nan	nan	nan	nan	nan
77	g	0	5544203	0	nan	412	527	5544203	0	0	0	nan	0	0	0	0	0	0	nan	0	0	0	nan	nan	nan	nan	nan	nan
78	a	0	5544056	0	nan	378	526	5544056	0	0	0	nan	0	0	0	0	0	0	nan	0	0	0	nan	nan	nan	nan	nan	nan
79	a	0	5540706	0	nan	376	519	5540706	0	0	0	nan	0	0	0	0	0	0	nan	0	0	0	nan	nan	nan	nan	nan	nan
80	g	0	5538286	0	nan	374	489	5538286	0	0	0	nan	0	0	0	0	0	0	nan	0	0	0	nan	nan	nan	nan	nan	nan