Nucleotide	Sequence	Modified_mutations	Modified_read_depth	Modified_effective_depth	Modified_rate	Modified_off_target_mapped_depth	Modified_low_mapq_mapped_depth	Modified_primer_pair_1_mapped_depth	Untreated_mutations	Untreated_read_depth	Untreated_effective_depth	Untreated_rate	Untreated_off_target_mapped_depth	Untreated_low_mapq_mapped_depth	Untreated_primer_pair_1_mapped_depth	Denatured_mutations	Denatured_read_depth	Denatured_effective_depth	Denatured_rate	Denatured_off_target_mapped_depth	Denatured_low_mapq_mapped_depth	Denatured_primer_pair_1_mapped_depth	Reactivity_profile	Std_err	HQ_profile	HQ_stderr	Norm_profile	Norm_stderr
1	g	0	6682143	0	nan	76	1939	6682143	0	0	0	nan	0	0	0	0	0	0	nan	0	0	0	nan	nan	nan	nan	nan	nan
2	g	0	6752495	0	nan	78	1948	6752495	0	0	0	nan	0	0	0	0	0	0	nan	0	0	0	nan	nan	nan	nan	nan	nan
3	u	0	6763365	0	nan	78	1956	6763365	0	0	0	nan	0	0	0	0	0	0	nan	0	0	0	nan	nan	nan	nan	nan	nan
4	g	0	6769638	0	nan	78	1994	6769638	0	0	0	nan	0	0	0	0	0	0	nan	0	0	0	nan	nan	nan	nan	nan	nan
5	u	0	6780450	0	nan	78	2005	6780450	0	0	0	nan	0	0	0	0	0	0	nan	0	0	0	nan	nan	nan	nan	nan	nan
6	a	0	6785385	0	nan	78	2172	6785385	0	0	0	nan	0	0	0	0	0	0	nan	0	0	0	nan	nan	nan	nan	nan	nan
7	a	0	6786442	0	nan	78	2172	6786442	0	0	0	nan	0	0	0	0	0	0	nan	0	0	0	nan	nan	nan	nan	nan	nan
8	g	0	6787150	0	nan	78	2172	6787150	0	0	0	nan	0	0	0	0	0	0	nan	0	0	0	nan	nan	nan	nan	nan	nan
9	g	0	6787897	0	nan	78	2174	6787897	0	0	0	nan	0	0	0	0	0	0	nan	0	0	0	nan	nan	nan	nan	nan	nan
10	g	0	6789634	0	nan	78	2185	6789634	0	0	0	nan	0	0	0	0	0	0	nan	0	0	0	nan	nan	nan	nan	nan	nan
11	u	0	6793079	0	nan	78	2188	6793079	0	0	0	nan	0	0	0	0	0	0	nan	0	0	0	nan	nan	nan	nan	nan	nan
12	g	0	6806545	0	nan	121	2297	6806545	0	0	0	nan	0	0	0	0	0	0	nan	0	0	0	nan	nan	nan	nan	nan	nan
13	a	0	6818723	0	nan	125	2310	6818723	0	0	0	nan	0	0	0	0	0	0	nan	0	0	0	nan	nan	nan	nan	nan	nan
14	a	0	6825495	0	nan	142	2311	6825495	0	0	0	nan	0	0	0	0	0	0	nan	0	0	0	nan	nan	nan	nan	nan	nan
15	g	0	6829194	0	nan	370	2311	6829194	0	0	0	nan	0	0	0	0	0	0	nan	0	0	0	nan	nan	nan	nan	nan	nan
16	u	0	6833655	0	nan	370	2311	6833655	0	0	0	nan	0	0	0	0	0	0	nan	0	0	0	nan	nan	nan	nan	nan	nan
17	g	0	6835402	0	nan	370	2346	6835402	0	0	0	nan	0	0	0	0	0	0	nan	0	0	0	nan	nan	nan	nan	nan	nan
18	u	0	6836887	0	nan	370	2359	6836887	0	0	0	nan	0	0	0	0	0	0	nan	0	0	0	nan	nan	nan	nan	nan	nan
19	a	0	6838225	0	nan	372	2605	6838225	0	0	0	nan	0	0	0	0	0	0	nan	0	0	0	nan	nan	nan	nan	nan	nan
20	A	0	6839851	708	0.000000	372	2605	6839851	0	0	0	nan	0	0	0	0	0	0	nan	0	0	0	0.000000	0.000000	nan	nan	nan	nan
21	G	0	6840941	885	0.000000	372	2605	6840941	0	0	0	nan	0	0	0	0	0	0	nan	0	0	0	0.000000	0.000000	nan	nan	nan	nan
22	G	0	6841667	873	0.000000	372	2605	6841667	0	0	0	nan	0	0	0	0	0	0	nan	0	0	0	0.000000	0.000000	nan	nan	nan	nan
23	U	0	6843364	6201743	0.000000	372	2605	6843364	0	0	0	nan	0	0	0	0	0	0	nan	0	0	0	0.000000	0.000000	0.000000	0.000000	0.000000	0.000000
24	U	13842	6844496	6251235	0.002214	372	2605	6844496	0	0	0	nan	0	0	0	0	0	0	nan	0	0	0	0.002214	0.000019	0.002214	0.000019	0.625247	0.005366
25	G	7642	6848702	6198852	0.001233	372	2605	6848702	0	0	0	nan	0	0	0	0	0	0	nan	0	0	0	0.001233	0.000014	0.001233	0.000014	0.560837	0.006368
26	A	36902	6854954	6340829	0.005820	372	2605	6854893	0	0	0	nan	0	0	0	0	0	0	nan	0	0	0	0.005820	0.000030	0.005820	0.000030	0.566478	0.002920
27	C	12884	6857424	6105081	0.002110	372	2605	6857308	0	0	0	nan	0	0	0	0	0	0	nan	0	0	0	0.002110	0.000019	0.002110	0.000019	0.742043	0.006682
28	C	18733	6858594	6098020	0.003072	372	2605	6858452	0	0	0	nan	0	0	0	0	0	0	nan	0	0	0	0.003072	0.000022	0.003072	0.000022	1.080359	0.007737
29	U	22873	6861780	6064921	0.003771	372	2605	6861618	0	0	0	nan	0	0	0	0	0	0	nan	0	0	0	0.003771	0.000025	0.003771	0.000025	1.064953	0.007060
30	U	10216	6867719	6165036	0.001657	372	2605	6867548	0	0	0	nan	0	0	0	0	0	0	nan	0	0	0	0.001657	0.000016	0.001657	0.000016	0.467947	0.004518
31	U	11267	6873645	6186040	0.001821	373	2605	6873456	0	0	0	nan	0	0	0	0	0	0	nan	0	0	0	0.001821	0.000017	0.001821	0.000017	0.514262	0.004801
32	U	13131	6879458	6253628	0.002100	373	2605	6879256	0	0	0	nan	0	0	0	0	0	0	nan	0	0	0	0.002100	0.000018	0.002100	0.000018	0.593053	0.005083
33	G	2650	6913786	6328351	0.000419	373	2605	6913580	0	0	0	nan	0	0	0	0	0	0	nan	0	0	0	0.000419	0.000008	0.000419	0.000008	0.190584	0.003639
34	A	28110	6926803	6691304	0.004201	373	2605	6926597	0	0	0	nan	0	0	0	0	0	0	nan	0	0	0	0.004201	0.000025	0.004201	0.000025	0.408896	0.002433
35	A	31241	6930201	6647652	0.004700	373	2605	6929999	0	0	0	nan	0	0	0	0	0	0	nan	0	0	0	0.004700	0.000027	0.004700	0.000027	0.457465	0.002628
36	U	4945	6931229	6588314	0.000751	373	2605	6931023	0	0	0	nan	0	0	0	0	0	0	nan	0	0	0	0.000751	0.000011	0.000751	0.000011	0.212087	0.003106
37	A	320540	6931858	6251552	0.051274	373	2605	6931621	0	0	0	nan	0	0	0	0	0	0	nan	0	0	0	0.051274	0.000091	0.051274	0.000091	4.990656	0.008857
38	G	14624	6932597	6162111	0.002373	379	2605	6932372	0	0	0	nan	0	0	0	0	0	0	nan	0	0	0	0.002373	0.000020	0.002373	0.000020	1.079372	0.009097
39	U	12488	6933601	6235180	0.002003	379	2605	6933364	0	0	0	nan	0	0	0	0	0	0	nan	0	0	0	0.002003	0.000018	0.002003	0.000018	0.565659	0.005083
40	G	10031	6934580	6452680	0.001555	380	2605	6934329	0	0	0	nan	0	0	0	0	0	0	nan	0	0	0	0.001555	0.000016	0.001555	0.000016	0.707300	0.007278
41	A	72848	6939007	6447168	0.011299	380	2605	6938742	0	0	0	nan	0	0	0	0	0	0	nan	0	0	0	0.011299	0.000042	0.011299	0.000042	1.099766	0.004088
42	U	18998	6940072	6415938	0.002961	380	2605	6939819	0	0	0	nan	0	0	0	0	0	0	nan	0	0	0	0.002961	0.000021	0.002961	0.000021	0.836204	0.005931
43	U	10541	6942647	6358461	0.001658	380	2605	6942383	0	0	0	nan	0	0	0	0	0	0	nan	0	0	0	0.001658	0.000016	0.001658	0.000016	0.468229	0.004518
44	C	16643	6946535	6363278	0.002615	382	2605	6946252	0	0	0	nan	0	0	0	0	0	0	nan	0	0	0	0.002615	0.000020	0.002615	0.000020	0.919641	0.007034
45	A	28956	6949329	6374943	0.004542	383	2605	6949024	0	0	0	nan	0	0	0	0	0	0	nan	0	0	0	0.004542	0.000027	0.004542	0.000027	0.442087	0.002628
46	G	4518	6951510	6236697	0.000724	382	2605	6951214	0	0	0	nan	0	0	0	0	0	0	nan	0	0	0	0.000724	0.000011	0.000724	0.000011	0.329315	0.005003
47	G	10562	6956206	6306717	0.001675	385	2605	6955915	0	0	0	nan	0	0	0	0	0	0	nan	0	0	0	0.001675	0.000016	0.001675	0.000016	0.761883	0.007278
48	A	13221	6963833	6215387	0.002127	385	2605	6963538	0	0	0	nan	0	0	0	0	0	0	nan	0	0	0	0.002127	0.000018	0.002127	0.000018	0.207027	0.001752
49	G	17404	6965387	6295220	0.002765	382	2605	6965108	0	0	0	nan	0	0	0	0	0	0	nan	0	0	0	0.002765	0.000021	0.002765	0.000021	1.257676	0.009552
50	G	4088	6976312	6112485	0.000669	393	2605	6976072	0	0	0	nan	0	0	0	0	0	0	nan	0	0	0	0.000669	0.000010	0.000669	0.000010	0.304298	0.004549
51	U	22153	6980046	6255530	0.003541	393	2605	6979843	0	0	0	nan	0	0	0	0	0	0	nan	0	0	0	0.003541	0.000024	0.003541	0.000024	1.000000	0.006778
52	U	18451	6985970	6244220	0.002955	397	2605	6985810	0	0	0	nan	0	0	0	0	0	0	nan	0	0	0	0.002955	0.000022	0.002955	0.000022	0.834510	0.006213
53	A	47201	6990524	6484839	0.007279	396	2605	6990377	0	0	0	nan	0	0	0	0	0	0	nan	0	0	0	0.007279	0.000034	0.007279	0.000034	0.708487	0.003309
54	A	68257	6993609	6643561	0.010274	397	2605	6993481	0	0	0	nan	0	0	0	0	0	0	nan	0	0	0	0.010274	0.000039	0.010274	0.000039	1.000000	0.003796
55	U	12564	6994628	6578082	0.001910	396	2605	6994522	0	0	0	nan	0	0	0	0	0	0	nan	0	0	0	0.001910	0.000017	0.001910	0.000017	0.539396	0.004801
56	G	7988	6995609	6374176	0.001253	393	2605	6995524	0	0	0	nan	0	0	0	0	0	0	nan	0	0	0	0.001253	0.000014	0.001253	0.000014	0.569934	0.006368
57	G	0	6996723	6408135	0.000000	393	2605	6996679	0	0	0	nan	0	0	0	0	0	0	nan	0	0	0	0.000000	0.000000	0.000000	0.000000	0.000000	0.000000
58	A	0	6998977	49	0.000000	393	2605	6998977	0	0	0	nan	0	0	0	0	0	0	nan	0	0	0	0.000000	0.000000	nan	nan	nan	nan
59	A	0	6998911	47	0.000000	393	2605	6998911	0	0	0	nan	0	0	0	0	0	0	nan	0	0	0	0.000000	0.000000	nan	nan	nan	nan
60	G	0	6998846	17	0.000000	392	2605	6998846	0	0	0	nan	0	0	0	0	0	0	nan	0	0	0	0.000000	0.000000	nan	nan	nan	nan
61	u	0	6998804	0	nan	392	2603	6998804	0	0	0	nan	0	0	0	0	0	0	nan	0	0	0	nan	nan	nan	nan	nan	nan
62	a	0	6998701	0	nan	388	2603	6998701	0	0	0	nan	0	0	0	0	0	0	nan	0	0	0	nan	nan	nan	nan	nan	nan
63	a	0	6998633	0	nan	385	2603	6998633	0	0	0	nan	0	0	0	0	0	0	nan	0	0	0	nan	nan	nan	nan	nan	nan
64	a	0	6998608	0	nan	379	2600	6998608	0	0	0	nan	0	0	0	0	0	0	nan	0	0	0	nan	nan	nan	nan	nan	nan
65	g	0	6998580	0	nan	346	2094	6998580	0	0	0	nan	0	0	0	0	0	0	nan	0	0	0	nan	nan	nan	nan	nan	nan
66	g	0	6998558	0	nan	321	2036	6998558	0	0	0	nan	0	0	0	0	0	0	nan	0	0	0	nan	nan	nan	nan	nan	nan
67	u	0	6998528	0	nan	313	2035	6998528	0	0	0	nan	0	0	0	0	0	0	nan	0	0	0	nan	nan	nan	nan	nan	nan
68	a	0	6998498	0	nan	309	1867	6998498	0	0	0	nan	0	0	0	0	0	0	nan	0	0	0	nan	nan	nan	nan	nan	nan
69	a	0	6998471	0	nan	309	1865	6998471	0	0	0	nan	0	0	0	0	0	0	nan	0	0	0	nan	nan	nan	nan	nan	nan
70	u	0	6998451	0	nan	308	1836	6998451	0	0	0	nan	0	0	0	0	0	0	nan	0	0	0	nan	nan	nan	nan	nan	nan
71	g	0	6998375	0	nan	307	1829	6998375	0	0	0	nan	0	0	0	0	0	0	nan	0	0	0	nan	nan	nan	nan	nan	nan
72	a	0	6998318	0	nan	306	1824	6998318	0	0	0	nan	0	0	0	0	0	0	nan	0	0	0	nan	nan	nan	nan	nan	nan
73	a	0	6998287	0	nan	306	1823	6998287	0	0	0	nan	0	0	0	0	0	0	nan	0	0	0	nan	nan	nan	nan	nan	nan
74	g	0	6998267	0	nan	306	1820	6998267	0	0	0	nan	0	0	0	0	0	0	nan	0	0	0	nan	nan	nan	nan	nan	nan
75	g	0	6998206	0	nan	305	1819	6998206	0	0	0	nan	0	0	0	0	0	0	nan	0	0	0	nan	nan	nan	nan	nan	nan
76	u	0	6998092	0	nan	305	1818	6998092	0	0	0	nan	0	0	0	0	0	0	nan	0	0	0	nan	nan	nan	nan	nan	nan
77	g	0	6997965	0	nan	305	1788	6997965	0	0	0	nan	0	0	0	0	0	0	nan	0	0	0	nan	nan	nan	nan	nan	nan
78	a	0	6997856	0	nan	305	1787	6997856	0	0	0	nan	0	0	0	0	0	0	nan	0	0	0	nan	nan	nan	nan	nan	nan
79	a	0	6992546	0	nan	301	1779	6992546	0	0	0	nan	0	0	0	0	0	0	nan	0	0	0	nan	nan	nan	nan	nan	nan
80	g	0	6989805	0	nan	301	1746	6989805	0	0	0	nan	0	0	0	0	0	0	nan	0	0	0	nan	nan	nan	nan	nan	nan