Nucleotide	Sequence	Modified_mutations	Modified_read_depth	Modified_effective_depth	Modified_rate	Modified_off_target_mapped_depth	Modified_low_mapq_mapped_depth	Modified_primer_pair_1_mapped_depth	Untreated_mutations	Untreated_read_depth	Untreated_effective_depth	Untreated_rate	Untreated_off_target_mapped_depth	Untreated_low_mapq_mapped_depth	Untreated_primer_pair_1_mapped_depth	Denatured_mutations	Denatured_read_depth	Denatured_effective_depth	Denatured_rate	Denatured_off_target_mapped_depth	Denatured_low_mapq_mapped_depth	Denatured_primer_pair_1_mapped_depth	Reactivity_profile	Std_err	HQ_profile	HQ_stderr	Norm_profile	Norm_stderr
1	g	0	264485	0	nan	28	0	264485	0	0	0	nan	0	0	0	0	0	0	nan	0	0	0	nan	nan	nan	nan	nan	nan
2	g	0	265012	0	nan	28	0	265012	0	0	0	nan	0	0	0	0	0	0	nan	0	0	0	nan	nan	nan	nan	nan	nan
3	c	0	265185	0	nan	29	0	265185	0	0	0	nan	0	0	0	0	0	0	nan	0	0	0	nan	nan	nan	nan	nan	nan
4	a	0	269704	0	nan	63	0	269704	0	0	0	nan	0	0	0	0	0	0	nan	0	0	0	nan	nan	nan	nan	nan	nan
5	c	0	269810	0	nan	63	0	269810	0	0	0	nan	0	0	0	0	0	0	nan	0	0	0	nan	nan	nan	nan	nan	nan
6	c	0	269848	0	nan	63	0	269848	0	0	0	nan	0	0	0	0	0	0	nan	0	0	0	nan	nan	nan	nan	nan	nan
7	u	0	269856	0	nan	63	0	269856	0	0	0	nan	0	0	0	0	0	0	nan	0	0	0	nan	nan	nan	nan	nan	nan
8	c	0	269862	0	nan	63	0	269862	0	0	0	nan	0	0	0	0	0	0	nan	0	0	0	nan	nan	nan	nan	nan	nan
9	a	0	269862	0	nan	63	0	269862	0	0	0	nan	0	0	0	0	0	0	nan	0	0	0	nan	nan	nan	nan	nan	nan
10	u	0	269893	0	nan	63	0	269893	0	0	0	nan	0	0	0	0	0	0	nan	0	0	0	nan	nan	nan	nan	nan	nan
11	a	0	269908	0	nan	63	0	269908	0	0	0	nan	0	0	0	0	0	0	nan	0	0	0	nan	nan	nan	nan	nan	nan
12	a	0	269918	0	nan	63	0	269918	0	0	0	nan	0	0	0	0	0	0	nan	0	0	0	nan	nan	nan	nan	nan	nan
13	c	0	269922	0	nan	63	0	269922	0	0	0	nan	0	0	0	0	0	0	nan	0	0	0	nan	nan	nan	nan	nan	nan
14	a	0	269927	0	nan	63	0	269927	0	0	0	nan	0	0	0	0	0	0	nan	0	0	0	nan	nan	nan	nan	nan	nan
15	u	0	269932	0	nan	63	0	269932	0	0	0	nan	0	0	0	0	0	0	nan	0	0	0	nan	nan	nan	nan	nan	nan
16	a	0	269937	0	nan	63	0	269937	0	0	0	nan	0	0	0	0	0	0	nan	0	0	0	nan	nan	nan	nan	nan	nan
17	a	0	269944	0	nan	63	0	269944	0	0	0	nan	0	0	0	0	0	0	nan	0	0	0	nan	nan	nan	nan	nan	nan
18	c	0	269952	0	nan	63	0	269952	0	0	0	nan	0	0	0	0	0	0	nan	0	0	0	nan	nan	nan	nan	nan	nan
19	U	0	269958	4	0.000000	63	0	269958	0	0	0	nan	0	0	0	0	0	0	nan	0	0	0	0.000000	0.000000	nan	nan	nan	nan
20	A	0	269967	11	0.000000	63	0	269967	0	0	0	nan	0	0	0	0	0	0	nan	0	0	0	0.000000	0.000000	nan	nan	nan	nan
21	A	0	269972	14	0.000000	63	0	269972	0	0	0	nan	0	0	0	0	0	0	nan	0	0	0	0.000000	0.000000	nan	nan	nan	nan
22	G	0	269976	267755	0.000000	63	0	269976	0	0	0	nan	0	0	0	0	0	0	nan	0	0	0	0.000000	0.000000	0.000000	0.000000	nan	nan
23	G	264	269980	266374	0.000991	63	0	269980	0	0	0	nan	0	0	0	0	0	0	nan	0	0	0	0.000991	0.000061	0.000991	0.000061	nan	nan
24	C	6933	269988	266876	0.025978	63	0	269988	0	0	0	nan	0	0	0	0	0	0	nan	0	0	0	0.025978	0.000312	0.025978	0.000312	0.954591	0.011465
25	A	5145	270009	267380	0.019242	63	0	270009	0	0	0	nan	0	0	0	0	0	0	nan	0	0	0	0.019242	0.000268	0.019242	0.000268	1.000000	0.013928
26	G	268	270015	267360	0.001002	63	0	270014	0	0	0	nan	0	0	0	0	0	0	nan	0	0	0	0.001002	0.000061	0.001002	0.000061	nan	nan
27	A	4488	270030	268072	0.016742	63	0	270028	0	0	0	nan	0	0	0	0	0	0	nan	0	0	0	0.016742	0.000250	0.016742	0.000250	0.870076	0.012992
28	U	442	270035	267522	0.001652	63	0	270035	0	0	0	nan	0	0	0	0	0	0	nan	0	0	0	0.001652	0.000079	0.001652	0.000079	nan	nan
29	C	6202	270041	268089	0.023134	63	0	270039	0	0	0	nan	0	0	0	0	0	0	nan	0	0	0	0.023134	0.000294	0.023134	0.000294	0.850085	0.010803
30	U	514	270045	268007	0.001918	63	0	270040	0	0	0	nan	0	0	0	0	0	0	nan	0	0	0	0.001918	0.000085	0.001918	0.000085	nan	nan
31	G	223	270053	267646	0.000833	63	0	270049	0	0	0	nan	0	0	0	0	0	0	nan	0	0	0	0.000833	0.000056	0.000833	0.000056	nan	nan
32	A	4905	270056	267940	0.018306	63	0	270052	0	0	0	nan	0	0	0	0	0	0	nan	0	0	0	0.018306	0.000261	0.018306	0.000261	0.951356	0.013564
33	G	225	270067	266659	0.000844	63	0	270062	0	0	0	nan	0	0	0	0	0	0	nan	0	0	0	0.000844	0.000056	0.000844	0.000056	nan	nan
34	C	6412	270068	267140	0.024002	63	0	270058	0	0	0	nan	0	0	0	0	0	0	nan	0	0	0	0.024002	0.000300	0.024002	0.000300	0.881981	0.011024
35	U	731	270077	266834	0.002740	63	0	270063	0	0	0	nan	0	0	0	0	0	0	nan	0	0	0	0.002740	0.000101	0.002740	0.000101	nan	nan
36	U	475	270085	266734	0.001781	63	0	270060	0	0	0	nan	0	0	0	0	0	0	nan	0	0	0	0.001781	0.000082	0.001781	0.000082	nan	nan
37	G	266	270089	266240	0.000999	63	0	270036	0	0	0	nan	0	0	0	0	0	0	nan	0	0	0	0.000999	0.000061	0.000999	0.000061	nan	nan
38	G	283	270092	259721	0.001090	63	0	270041	0	0	0	nan	0	0	0	0	0	0	nan	0	0	0	0.001090	0.000065	0.001090	0.000065	nan	nan
39	G	311	270093	259235	0.001200	63	0	270056	0	0	0	nan	0	0	0	0	0	0	nan	0	0	0	0.001200	0.000068	0.001200	0.000068	nan	nan
40	A	5630	270102	260629	0.021602	63	0	270073	0	0	0	nan	0	0	0	0	0	0	nan	0	0	0	0.021602	0.000288	0.021602	0.000288	1.122648	0.014967
41	G	328	270105	266212	0.001232	63	0	270092	0	0	0	nan	0	0	0	0	0	0	nan	0	0	0	0.001232	0.000068	0.001232	0.000068	nan	nan
42	C	7021	270111	267455	0.026251	32	0	270103	0	0	0	nan	0	0	0	0	0	0	nan	0	0	0	0.026251	0.000313	0.026251	0.000313	0.964623	0.011502
43	U	351	270113	267433	0.001312	32	0	270106	0	0	0	nan	0	0	0	0	0	0	nan	0	0	0	0.001312	0.000070	0.001312	0.000070	nan	nan
44	C	6412	270112	267667	0.023955	32	0	270105	0	0	0	nan	0	0	0	0	0	0	nan	0	0	0	0.023955	0.000299	0.023955	0.000299	0.880254	0.010987
45	U	395	270113	267226	0.001478	32	0	270106	0	0	0	nan	0	0	0	0	0	0	nan	0	0	0	0.001478	0.000074	0.001478	0.000074	nan	nan
46	C	6434	270109	263637	0.024405	32	0	270102	0	0	0	nan	0	0	0	0	0	0	nan	0	0	0	0.024405	0.000304	0.024405	0.000304	0.896789	0.011171
47	U	463	270108	263664	0.001756	32	0	270101	0	0	0	nan	0	0	0	0	0	0	nan	0	0	0	0.001756	0.000082	0.001756	0.000082	nan	nan
48	G	290	270108	263019	0.001103	32	0	270100	0	0	0	nan	0	0	0	0	0	0	nan	0	0	0	0.001103	0.000065	0.001103	0.000065	nan	nan
49	C	8043	270110	267188	0.030102	31	0	270104	0	0	0	nan	0	0	0	0	0	0	nan	0	0	0	0.030102	0.000336	0.030102	0.000336	1.106132	0.012347
50	C	8103	270112	267683	0.030271	31	0	270108	0	0	0	nan	0	0	0	0	0	0	nan	0	0	0	0.030271	0.000336	0.030271	0.000336	1.112342	0.012347
51	A	4450	270116	268245	0.016589	31	0	270116	0	0	0	nan	0	0	0	0	0	0	nan	0	0	0	0.016589	0.000249	0.016589	0.000249	0.862125	0.012940
52	A	0	270117	267518	0.000000	31	0	270117	0	0	0	nan	0	0	0	0	0	0	nan	0	0	0	0.000000	0.000000	0.000000	0.000000	0.000000	0.000000
53	U	0	270109	273	0.000000	28	0	270109	0	0	0	nan	0	0	0	0	0	0	nan	0	0	0	0.000000	0.000000	nan	nan	nan	nan
54	C	0	269802	3	0.000000	23	0	269802	0	0	0	nan	0	0	0	0	0	0	nan	0	0	0	0.000000	0.000000	nan	nan	nan	nan
55	C	0	269799	0	nan	23	0	269799	0	0	0	nan	0	0	0	0	0	0	nan	0	0	0	nan	nan	nan	nan	nan	nan
56	a	0	269799	0	nan	23	0	269799	0	0	0	nan	0	0	0	0	0	0	nan	0	0	0	nan	nan	nan	nan	nan	nan
57	c	0	269799	0	nan	23	0	269799	0	0	0	nan	0	0	0	0	0	0	nan	0	0	0	nan	nan	nan	nan	nan	nan
58	u	0	269799	0	nan	23	0	269799	0	0	0	nan	0	0	0	0	0	0	nan	0	0	0	nan	nan	nan	nan	nan	nan
59	a	0	269799	0	nan	23	0	269799	0	0	0	nan	0	0	0	0	0	0	nan	0	0	0	nan	nan	nan	nan	nan	nan
60	a	0	269799	0	nan	23	0	269799	0	0	0	nan	0	0	0	0	0	0	nan	0	0	0	nan	nan	nan	nan	nan	nan
61	c	0	269799	0	nan	9	0	269799	0	0	0	nan	0	0	0	0	0	0	nan	0	0	0	nan	nan	nan	nan	nan	nan
62	c	0	269799	0	nan	8	0	269799	0	0	0	nan	0	0	0	0	0	0	nan	0	0	0	nan	nan	nan	nan	nan	nan
63	u	0	269799	0	nan	0	0	269799	0	0	0	nan	0	0	0	0	0	0	nan	0	0	0	nan	nan	nan	nan	nan	nan
64	c	0	269799	0	nan	0	0	269799	0	0	0	nan	0	0	0	0	0	0	nan	0	0	0	nan	nan	nan	nan	nan	nan
65	a	0	269799	0	nan	0	0	269799	0	0	0	nan	0	0	0	0	0	0	nan	0	0	0	nan	nan	nan	nan	nan	nan
66	c	0	269796	0	nan	0	0	269796	0	0	0	nan	0	0	0	0	0	0	nan	0	0	0	nan	nan	nan	nan	nan	nan
67	u	0	269796	0	nan	0	0	269796	0	0	0	nan	0	0	0	0	0	0	nan	0	0	0	nan	nan	nan	nan	nan	nan
68	c	0	269795	0	nan	0	0	269795	0	0	0	nan	0	0	0	0	0	0	nan	0	0	0	nan	nan	nan	nan	nan	nan
69	a	0	269794	0	nan	0	0	269794	0	0	0	nan	0	0	0	0	0	0	nan	0	0	0	nan	nan	nan	nan	nan	nan
70	c	0	269784	0	nan	0	0	269784	0	0	0	nan	0	0	0	0	0	0	nan	0	0	0	nan	nan	nan	nan	nan	nan
71	a	0	269783	0	nan	0	0	269783	0	0	0	nan	0	0	0	0	0	0	nan	0	0	0	nan	nan	nan	nan	nan	nan
72	a	0	269715	0	nan	0	0	269715	0	0	0	nan	0	0	0	0	0	0	nan	0	0	0	nan	nan	nan	nan	nan	nan
73	u	0	269580	0	nan	0	0	269580	0	0	0	nan	0	0	0	0	0	0	nan	0	0	0	nan	nan	nan	nan	nan	nan
74	c	0	269191	0	nan	0	0	269191	0	0	0	nan	0	0	0	0	0	0	nan	0	0	0	nan	nan	nan	nan	nan	nan