Nucleotide	Sequence	Modified_mutations	Modified_read_depth	Modified_effective_depth	Modified_rate	Modified_off_target_mapped_depth	Modified_low_mapq_mapped_depth	Modified_primer_pair_1_mapped_depth	Untreated_mutations	Untreated_read_depth	Untreated_effective_depth	Untreated_rate	Untreated_off_target_mapped_depth	Untreated_low_mapq_mapped_depth	Untreated_primer_pair_1_mapped_depth	Denatured_mutations	Denatured_read_depth	Denatured_effective_depth	Denatured_rate	Denatured_off_target_mapped_depth	Denatured_low_mapq_mapped_depth	Denatured_primer_pair_1_mapped_depth	Reactivity_profile	Std_err	HQ_profile	HQ_stderr	Norm_profile	Norm_stderr
1	g	0	168186	0	nan	13	0	168186	0	0	0	nan	0	0	0	0	0	0	nan	0	0	0	nan	nan	nan	nan	nan	nan
2	g	0	181102	0	nan	43	0	181102	0	0	0	nan	0	0	0	0	0	0	nan	0	0	0	nan	nan	nan	nan	nan	nan
3	c	0	181462	0	nan	43	0	181462	0	0	0	nan	0	0	0	0	0	0	nan	0	0	0	nan	nan	nan	nan	nan	nan
4	a	0	181545	0	nan	44	0	181545	0	0	0	nan	0	0	0	0	0	0	nan	0	0	0	nan	nan	nan	nan	nan	nan
5	c	0	181560	0	nan	44	0	181560	0	0	0	nan	0	0	0	0	0	0	nan	0	0	0	nan	nan	nan	nan	nan	nan
6	c	0	181569	0	nan	44	0	181569	0	0	0	nan	0	0	0	0	0	0	nan	0	0	0	nan	nan	nan	nan	nan	nan
7	u	0	181569	0	nan	44	0	181569	0	0	0	nan	0	0	0	0	0	0	nan	0	0	0	nan	nan	nan	nan	nan	nan
8	c	0	181588	0	nan	44	0	181588	0	0	0	nan	0	0	0	0	0	0	nan	0	0	0	nan	nan	nan	nan	nan	nan
9	a	0	181609	0	nan	44	0	181609	0	0	0	nan	0	0	0	0	0	0	nan	0	0	0	nan	nan	nan	nan	nan	nan
10	u	0	181627	0	nan	44	0	181627	0	0	0	nan	0	0	0	0	0	0	nan	0	0	0	nan	nan	nan	nan	nan	nan
11	a	0	181663	0	nan	44	0	181663	0	0	0	nan	0	0	0	0	0	0	nan	0	0	0	nan	nan	nan	nan	nan	nan
12	a	0	181681	0	nan	44	0	181681	0	0	0	nan	0	0	0	0	0	0	nan	0	0	0	nan	nan	nan	nan	nan	nan
13	c	0	181689	0	nan	44	0	181689	0	0	0	nan	0	0	0	0	0	0	nan	0	0	0	nan	nan	nan	nan	nan	nan
14	a	0	181698	0	nan	44	0	181698	0	0	0	nan	0	0	0	0	0	0	nan	0	0	0	nan	nan	nan	nan	nan	nan
15	u	0	181705	0	nan	44	0	181705	0	0	0	nan	0	0	0	0	0	0	nan	0	0	0	nan	nan	nan	nan	nan	nan
16	a	0	181708	0	nan	44	0	181708	0	0	0	nan	0	0	0	0	0	0	nan	0	0	0	nan	nan	nan	nan	nan	nan
17	a	0	181715	0	nan	44	0	181715	0	0	0	nan	0	0	0	0	0	0	nan	0	0	0	nan	nan	nan	nan	nan	nan
18	c	0	181717	0	nan	44	0	181717	0	0	0	nan	0	0	0	0	0	0	nan	0	0	0	nan	nan	nan	nan	nan	nan
19	U	0	181717	0	nan	44	0	181717	0	0	0	nan	0	0	0	0	0	0	nan	0	0	0	nan	nan	nan	nan	nan	nan
20	A	0	181727	5	0.000000	44	0	181727	0	0	0	nan	0	0	0	0	0	0	nan	0	0	0	0.000000	0.000000	nan	nan	nan	nan
21	A	0	181742	13	0.000000	44	0	181742	0	0	0	nan	0	0	0	0	0	0	nan	0	0	0	0.000000	0.000000	nan	nan	nan	nan
22	G	0	181752	177956	0.000000	44	0	181752	0	0	0	nan	0	0	0	0	0	0	nan	0	0	0	0.000000	0.000000	0.000000	0.000000	nan	nan
23	G	160	181756	175562	0.000911	44	0	181756	0	0	0	nan	0	0	0	0	0	0	nan	0	0	0	0.000911	0.000072	0.000911	0.000072	nan	nan
24	C	4363	181786	177580	0.024569	44	0	181786	0	0	0	nan	0	0	0	0	0	0	nan	0	0	0	0.024569	0.000372	0.024569	0.000372	1.000000	0.015141
25	A	1875	181881	179611	0.010439	44	0	181881	0	0	0	nan	0	0	0	0	0	0	nan	0	0	0	0.010439	0.000241	0.010439	0.000241	0.909875	0.021006
26	G	117	181900	179756	0.000651	44	0	181898	0	0	0	nan	0	0	0	0	0	0	nan	0	0	0	0.000651	0.000060	0.000651	0.000060	nan	nan
27	A	1771	181918	180233	0.009826	44	0	181915	0	0	0	nan	0	0	0	0	0	0	nan	0	0	0	0.009826	0.000233	0.009826	0.000233	0.856446	0.020309
28	U	736	181936	179663	0.004097	44	0	181930	0	0	0	nan	0	0	0	0	0	0	nan	0	0	0	0.004097	0.000151	0.004097	0.000151	1.088759	0.040128
29	C	3126	181939	179764	0.017389	44	0	181928	0	0	0	nan	0	0	0	0	0	0	nan	0	0	0	0.017389	0.000311	0.017389	0.000311	0.707762	0.012658
30	U	570	181943	179702	0.003172	44	0	181931	0	0	0	nan	0	0	0	0	0	0	nan	0	0	0	0.003172	0.000133	0.003172	0.000133	0.842944	0.035344
31	G	143	181950	179465	0.000797	44	0	181937	0	0	0	nan	0	0	0	0	0	0	nan	0	0	0	0.000797	0.000067	0.000797	0.000067	nan	nan
32	A	2618	181952	179620	0.014575	44	0	181937	0	0	0	nan	0	0	0	0	0	0	nan	0	0	0	0.014575	0.000285	0.014575	0.000285	1.270374	0.024841
33	G	156	181953	177528	0.000879	44	0	181922	0	0	0	nan	0	0	0	0	0	0	nan	0	0	0	0.000879	0.000070	0.000879	0.000070	nan	nan
34	C	3615	181955	175839	0.020559	36	0	181908	0	0	0	nan	0	0	0	0	0	0	nan	0	0	0	0.020559	0.000342	0.020559	0.000342	0.836786	0.013920
35	U	784	181967	175358	0.004471	35	0	181892	0	0	0	nan	0	0	0	0	0	0	nan	0	0	0	0.004471	0.000160	0.004471	0.000160	1.188148	0.042519
36	U	601	181971	175248	0.003429	35	0	181876	0	0	0	nan	0	0	0	0	0	0	nan	0	0	0	0.003429	0.000140	0.003429	0.000140	0.911241	0.037204
37	C	3689	181990	176075	0.020951	35	0	181769	0	0	0	nan	0	0	0	0	0	0	nan	0	0	0	0.020951	0.000345	0.020951	0.000345	0.852741	0.014042
38	G	127	182041	176083	0.000721	35	0	181830	0	0	0	nan	0	0	0	0	0	0	nan	0	0	0	0.000721	0.000064	0.000721	0.000064	nan	nan
39	G	138	182305	177830	0.000776	34	0	182193	0	0	0	nan	0	0	0	0	0	0	nan	0	0	0	0.000776	0.000066	0.000776	0.000066	nan	nan
40	C	3055	182471	180529	0.016922	30	0	182456	0	0	0	nan	0	0	0	0	0	0	nan	0	0	0	0.016922	0.000306	0.016922	0.000306	0.688754	0.012455
41	U	469	182494	180586	0.002597	30	0	182492	0	0	0	nan	0	0	0	0	0	0	nan	0	0	0	0.002597	0.000120	0.002597	0.000120	0.690141	0.031889
42	C	3252	182496	180752	0.017992	28	0	182495	0	0	0	nan	0	0	0	0	0	0	nan	0	0	0	0.017992	0.000315	0.017992	0.000315	0.732305	0.012821
43	U	612	182497	180861	0.003384	28	0	182496	0	0	0	nan	0	0	0	0	0	0	nan	0	0	0	0.003384	0.000137	0.003384	0.000137	0.899282	0.036407
44	C	3480	182499	180973	0.019229	26	0	182496	0	0	0	nan	0	0	0	0	0	0	nan	0	0	0	0.019229	0.000326	0.019229	0.000326	0.782653	0.013269
45	U	476	182498	180852	0.002632	26	0	182493	0	0	0	nan	0	0	0	0	0	0	nan	0	0	0	0.002632	0.000121	0.002632	0.000121	0.699442	0.032155
46	G	182	182497	179097	0.001016	26	0	182487	0	0	0	nan	0	0	0	0	0	0	nan	0	0	0	0.001016	0.000075	0.001016	0.000075	nan	nan
47	C	6394	182497	179742	0.035573	25	0	182488	0	0	0	nan	0	0	0	0	0	0	nan	0	0	0	0.035573	0.000445	0.035573	0.000445	1.447881	0.018112
48	C	5880	182498	180152	0.032639	25	0	182490	0	0	0	nan	0	0	0	0	0	0	nan	0	0	0	0.032639	0.000426	0.032639	0.000426	1.328463	0.017339
49	A	1629	182503	180805	0.009010	25	0	182502	0	0	0	nan	0	0	0	0	0	0	nan	0	0	0	0.009010	0.000223	0.009010	0.000223	0.785322	0.019437
50	A	0	182506	181431	0.000000	25	0	182506	0	0	0	nan	0	0	0	0	0	0	nan	0	0	0	0.000000	0.000000	0.000000	0.000000	0.000000	0.000000
51	U	0	182505	102	0.000000	17	0	182505	0	0	0	nan	0	0	0	0	0	0	nan	0	0	0	0.000000	0.000000	nan	nan	nan	nan
52	C	0	182503	97	0.000000	15	0	182503	0	0	0	nan	0	0	0	0	0	0	nan	0	0	0	0.000000	0.000000	nan	nan	nan	nan
53	C	0	182500	97	0.000000	15	0	182500	0	0	0	nan	0	0	0	0	0	0	nan	0	0	0	0.000000	0.000000	nan	nan	nan	nan
54	a	0	182382	0	nan	15	0	182382	0	0	0	nan	0	0	0	0	0	0	nan	0	0	0	nan	nan	nan	nan	nan	nan
55	c	0	182378	0	nan	15	0	182378	0	0	0	nan	0	0	0	0	0	0	nan	0	0	0	nan	nan	nan	nan	nan	nan
56	u	0	182371	0	nan	15	0	182371	0	0	0	nan	0	0	0	0	0	0	nan	0	0	0	nan	nan	nan	nan	nan	nan
57	a	0	182369	0	nan	15	0	182369	0	0	0	nan	0	0	0	0	0	0	nan	0	0	0	nan	nan	nan	nan	nan	nan
58	a	0	182369	0	nan	15	0	182369	0	0	0	nan	0	0	0	0	0	0	nan	0	0	0	nan	nan	nan	nan	nan	nan
59	c	0	182369	0	nan	5	0	182369	0	0	0	nan	0	0	0	0	0	0	nan	0	0	0	nan	nan	nan	nan	nan	nan
60	c	0	182368	0	nan	5	0	182368	0	0	0	nan	0	0	0	0	0	0	nan	0	0	0	nan	nan	nan	nan	nan	nan
61	u	0	182368	0	nan	0	0	182368	0	0	0	nan	0	0	0	0	0	0	nan	0	0	0	nan	nan	nan	nan	nan	nan
62	c	0	182367	0	nan	0	0	182367	0	0	0	nan	0	0	0	0	0	0	nan	0	0	0	nan	nan	nan	nan	nan	nan
63	a	0	182367	0	nan	0	0	182367	0	0	0	nan	0	0	0	0	0	0	nan	0	0	0	nan	nan	nan	nan	nan	nan
64	c	0	182367	0	nan	0	0	182367	0	0	0	nan	0	0	0	0	0	0	nan	0	0	0	nan	nan	nan	nan	nan	nan
65	u	0	182366	0	nan	0	0	182366	0	0	0	nan	0	0	0	0	0	0	nan	0	0	0	nan	nan	nan	nan	nan	nan
66	c	0	182365	0	nan	0	0	182365	0	0	0	nan	0	0	0	0	0	0	nan	0	0	0	nan	nan	nan	nan	nan	nan
67	a	0	182363	0	nan	0	0	182363	0	0	0	nan	0	0	0	0	0	0	nan	0	0	0	nan	nan	nan	nan	nan	nan
68	c	0	182352	0	nan	0	0	182352	0	0	0	nan	0	0	0	0	0	0	nan	0	0	0	nan	nan	nan	nan	nan	nan
69	a	0	182347	0	nan	0	0	182347	0	0	0	nan	0	0	0	0	0	0	nan	0	0	0	nan	nan	nan	nan	nan	nan
70	a	0	182293	0	nan	0	0	182293	0	0	0	nan	0	0	0	0	0	0	nan	0	0	0	nan	nan	nan	nan	nan	nan
71	u	0	182201	0	nan	0	0	182201	0	0	0	nan	0	0	0	0	0	0	nan	0	0	0	nan	nan	nan	nan	nan	nan
72	c	0	181947	0	nan	0	0	181947	0	0	0	nan	0	0	0	0	0	0	nan	0	0	0	nan	nan	nan	nan	nan	nan