Nucleotide	Sequence	Modified_mutations	Modified_read_depth	Modified_effective_depth	Modified_rate	Modified_off_target_mapped_depth	Modified_low_mapq_mapped_depth	Modified_primer_pair_1_mapped_depth	Untreated_mutations	Untreated_read_depth	Untreated_effective_depth	Untreated_rate	Untreated_off_target_mapped_depth	Untreated_low_mapq_mapped_depth	Untreated_primer_pair_1_mapped_depth	Denatured_mutations	Denatured_read_depth	Denatured_effective_depth	Denatured_rate	Denatured_off_target_mapped_depth	Denatured_low_mapq_mapped_depth	Denatured_primer_pair_1_mapped_depth	Reactivity_profile	Std_err	HQ_profile	HQ_stderr	Norm_profile	Norm_stderr
1	g	0	34175	0	nan	0	0	34175	0	0	0	nan	0	0	0	0	0	0	nan	0	0	0	nan	nan	nan	nan	nan	nan
2	g	0	34203	0	nan	0	0	34203	0	0	0	nan	0	0	0	0	0	0	nan	0	0	0	nan	nan	nan	nan	nan	nan
3	u	0	34212	0	nan	0	0	34212	0	0	0	nan	0	0	0	0	0	0	nan	0	0	0	nan	nan	nan	nan	nan	nan
4	g	0	34217	0	nan	0	0	34217	0	0	0	nan	0	0	0	0	0	0	nan	0	0	0	nan	nan	nan	nan	nan	nan
5	u	0	34229	0	nan	0	0	34229	0	0	0	nan	0	0	0	0	0	0	nan	0	0	0	nan	nan	nan	nan	nan	nan
6	a	0	34236	0	nan	0	0	34236	0	0	0	nan	0	0	0	0	0	0	nan	0	0	0	nan	nan	nan	nan	nan	nan
7	a	0	34243	0	nan	0	0	34243	0	0	0	nan	0	0	0	0	0	0	nan	0	0	0	nan	nan	nan	nan	nan	nan
8	g	0	34265	0	nan	0	0	34265	0	0	0	nan	0	0	0	0	0	0	nan	0	0	0	nan	nan	nan	nan	nan	nan
9	g	0	35169	0	nan	0	0	35169	0	0	0	nan	0	0	0	0	0	0	nan	0	0	0	nan	nan	nan	nan	nan	nan
10	g	0	216872	0	nan	1	0	216872	0	0	0	nan	0	0	0	0	0	0	nan	0	0	0	nan	nan	nan	nan	nan	nan
11	u	0	223663	0	nan	1	0	223663	0	0	0	nan	0	0	0	0	0	0	nan	0	0	0	nan	nan	nan	nan	nan	nan
12	g	0	223872	0	nan	1	0	223872	0	0	0	nan	0	0	0	0	0	0	nan	0	0	0	nan	nan	nan	nan	nan	nan
13	a	0	223885	0	nan	1	0	223885	0	0	0	nan	0	0	0	0	0	0	nan	0	0	0	nan	nan	nan	nan	nan	nan
14	a	0	223890	0	nan	1	0	223890	0	0	0	nan	0	0	0	0	0	0	nan	0	0	0	nan	nan	nan	nan	nan	nan
15	g	0	223897	0	nan	1	0	223897	0	0	0	nan	0	0	0	0	0	0	nan	0	0	0	nan	nan	nan	nan	nan	nan
16	u	0	223908	0	nan	1	0	223908	0	0	0	nan	0	0	0	0	0	0	nan	0	0	0	nan	nan	nan	nan	nan	nan
17	g	0	223925	0	nan	1	0	223925	0	0	0	nan	0	0	0	0	0	0	nan	0	0	0	nan	nan	nan	nan	nan	nan
18	u	0	223930	0	nan	1	0	223930	0	0	0	nan	0	0	0	0	0	0	nan	0	0	0	nan	nan	nan	nan	nan	nan
19	a	0	223983	0	nan	1	0	223983	0	0	0	nan	0	0	0	0	0	0	nan	0	0	0	nan	nan	nan	nan	nan	nan
20	A	0	224007	14	0.000000	1	0	224007	0	0	0	nan	0	0	0	0	0	0	nan	0	0	0	0.000000	0.000000	nan	nan	nan	nan
21	G	0	224047	26	0.000000	1	0	224047	0	0	0	nan	0	0	0	0	0	0	nan	0	0	0	0.000000	0.000000	nan	nan	nan	nan
22	G	0	224054	22	0.000000	1	0	224054	0	0	0	nan	0	0	0	0	0	0	nan	0	0	0	0.000000	0.000000	nan	nan	nan	nan
23	U	0	224064	214993	0.000000	1	0	224064	0	0	0	nan	0	0	0	0	0	0	nan	0	0	0	0.000000	0.000000	0.000000	0.000000	nan	nan
24	U	169	224077	220994	0.000765	1	0	224077	0	0	0	nan	0	0	0	0	0	0	nan	0	0	0	0.000765	0.000059	0.000765	0.000059	nan	nan
25	G	105	224088	221073	0.000475	1	0	224088	0	0	0	nan	0	0	0	0	0	0	nan	0	0	0	0.000475	0.000046	0.000475	0.000046	nan	nan
26	A	119	224089	196882	0.000604	1	0	224089	0	0	0	nan	0	0	0	0	0	0	nan	0	0	0	0.000604	0.000055	0.000604	0.000055	nan	nan
27	C	2860	224096	195661	0.014617	1	0	224096	0	0	0	nan	0	0	0	0	0	0	nan	0	0	0	0.014617	0.000273	0.014617	0.000273	1.000000	0.018677
28	C	160	224110	195265	0.000819	1	0	224110	0	0	0	nan	0	0	0	0	0	0	nan	0	0	0	0.000819	0.000065	0.000819	0.000065	0.056031	0.004447
29	U	166	224135	218007	0.000761	1	0	224135	0	0	0	nan	0	0	0	0	0	0	nan	0	0	0	0.000761	0.000059	0.000761	0.000059	nan	nan
30	U	185	224168	219125	0.000844	1	0	224165	0	0	0	nan	0	0	0	0	0	0	nan	0	0	0	0.000844	0.000062	0.000844	0.000062	nan	nan
31	U	229	224207	220569	0.001038	1	0	224203	0	0	0	nan	0	0	0	0	0	0	nan	0	0	0	0.001038	0.000069	0.001038	0.000069	nan	nan
32	U	100	224282	222046	0.000450	1	0	224278	0	0	0	nan	0	0	0	0	0	0	nan	0	0	0	0.000450	0.000045	0.000450	0.000045	nan	nan
33	G	68	224326	222242	0.000306	1	0	224322	0	0	0	nan	0	0	0	0	0	0	nan	0	0	0	0.000306	0.000037	0.000306	0.000037	nan	nan
34	A	105	224335	222142	0.000473	1	0	224331	0	0	0	nan	0	0	0	0	0	0	nan	0	0	0	0.000473	0.000046	0.000473	0.000046	nan	nan
35	A	122	224343	220666	0.000553	1	0	224339	0	0	0	nan	0	0	0	0	0	0	nan	0	0	0	0.000553	0.000050	0.000553	0.000050	nan	nan
36	U	144	224346	220443	0.000653	1	0	224342	0	0	0	nan	0	0	0	0	0	0	nan	0	0	0	0.000653	0.000054	0.000653	0.000054	nan	nan
37	A	150	224359	220853	0.000679	1	0	224354	0	0	0	nan	0	0	0	0	0	0	nan	0	0	0	0.000679	0.000055	0.000679	0.000055	nan	nan
38	G	106	224374	220847	0.000480	1	0	224370	0	0	0	nan	0	0	0	0	0	0	nan	0	0	0	0.000480	0.000047	0.000480	0.000047	nan	nan
39	U	185	224386	222097	0.000833	1	0	224382	0	0	0	nan	0	0	0	0	0	0	nan	0	0	0	0.000833	0.000061	0.000833	0.000061	nan	nan
40	G	148	224405	221391	0.000669	1	0	224402	0	0	0	nan	0	0	0	0	0	0	nan	0	0	0	0.000669	0.000055	0.000669	0.000055	nan	nan
41	A	214	224428	221939	0.000964	1	0	224425	0	0	0	nan	0	0	0	0	0	0	nan	0	0	0	0.000964	0.000066	0.000964	0.000066	nan	nan
42	U	287	224452	220520	0.001301	1	0	224449	0	0	0	nan	0	0	0	0	0	0	nan	0	0	0	0.001301	0.000077	0.001301	0.000077	nan	nan
43	U	242	224475	220078	0.001100	1	0	224474	0	0	0	nan	0	0	0	0	0	0	nan	0	0	0	0.001100	0.000071	0.001100	0.000071	nan	nan
44	C	208	224488	220629	0.000943	1	0	224487	0	0	0	nan	0	0	0	0	0	0	nan	0	0	0	0.000943	0.000065	0.000943	0.000065	0.064514	0.004447
45	A	114	224508	222114	0.000513	1	0	224507	0	0	0	nan	0	0	0	0	0	0	nan	0	0	0	0.000513	0.000048	0.000513	0.000048	nan	nan
46	G	66	224530	223318	0.000296	1	0	224529	0	0	0	nan	0	0	0	0	0	0	nan	0	0	0	0.000296	0.000036	0.000296	0.000036	nan	nan
47	G	68	224539	222807	0.000305	1	0	224538	0	0	0	nan	0	0	0	0	0	0	nan	0	0	0	0.000305	0.000037	0.000305	0.000037	nan	nan
48	A	81	224540	217324	0.000373	1	0	224539	0	0	0	nan	0	0	0	0	0	0	nan	0	0	0	0.000373	0.000041	0.000373	0.000041	nan	nan
49	G	114	224586	217222	0.000525	1	0	224586	0	0	0	nan	0	0	0	0	0	0	nan	0	0	0	0.000525	0.000049	0.000525	0.000049	nan	nan
50	G	92	224598	216877	0.000424	1	0	224598	0	0	0	nan	0	0	0	0	0	0	nan	0	0	0	0.000424	0.000044	0.000424	0.000044	nan	nan
51	U	200	224603	216239	0.000925	1	0	224603	0	0	0	nan	0	0	0	0	0	0	nan	0	0	0	0.000925	0.000065	0.000925	0.000065	nan	nan
52	U	187	224609	221264	0.000845	1	0	224609	0	0	0	nan	0	0	0	0	0	0	nan	0	0	0	0.000845	0.000062	0.000845	0.000062	nan	nan
53	A	103	224616	222057	0.000464	1	0	224616	0	0	0	nan	0	0	0	0	0	0	nan	0	0	0	0.000464	0.000046	0.000464	0.000046	nan	nan
54	A	84	224603	221945	0.000378	1	0	224602	0	0	0	nan	0	0	0	0	0	0	nan	0	0	0	0.000378	0.000041	0.000378	0.000041	nan	nan
55	U	216	224605	222447	0.000971	1	0	224604	0	0	0	nan	0	0	0	0	0	0	nan	0	0	0	0.000971	0.000066	0.000971	0.000066	nan	nan
56	G	144	224610	222702	0.000647	1	0	224610	0	0	0	nan	0	0	0	0	0	0	nan	0	0	0	0.000647	0.000054	0.000647	0.000054	nan	nan
57	G	0	224614	222674	0.000000	1	0	224614	0	0	0	nan	0	0	0	0	0	0	nan	0	0	0	0.000000	0.000000	0.000000	0.000000	nan	nan
58	A	0	224615	0	nan	1	0	224615	0	0	0	nan	0	0	0	0	0	0	nan	0	0	0	nan	nan	nan	nan	nan	nan
59	A	0	224615	0	nan	1	0	224615	0	0	0	nan	0	0	0	0	0	0	nan	0	0	0	nan	nan	nan	nan	nan	nan
60	G	0	224615	0	nan	1	0	224615	0	0	0	nan	0	0	0	0	0	0	nan	0	0	0	nan	nan	nan	nan	nan	nan
61	u	0	224615	0	nan	1	0	224615	0	0	0	nan	0	0	0	0	0	0	nan	0	0	0	nan	nan	nan	nan	nan	nan
62	a	0	224615	0	nan	1	0	224615	0	0	0	nan	0	0	0	0	0	0	nan	0	0	0	nan	nan	nan	nan	nan	nan
63	a	0	224615	0	nan	1	0	224615	0	0	0	nan	0	0	0	0	0	0	nan	0	0	0	nan	nan	nan	nan	nan	nan
64	a	0	224615	0	nan	1	0	224615	0	0	0	nan	0	0	0	0	0	0	nan	0	0	0	nan	nan	nan	nan	nan	nan
65	g	0	224615	0	nan	1	0	224615	0	0	0	nan	0	0	0	0	0	0	nan	0	0	0	nan	nan	nan	nan	nan	nan
66	g	0	224615	0	nan	1	0	224615	0	0	0	nan	0	0	0	0	0	0	nan	0	0	0	nan	nan	nan	nan	nan	nan
67	u	0	224615	0	nan	1	0	224615	0	0	0	nan	0	0	0	0	0	0	nan	0	0	0	nan	nan	nan	nan	nan	nan
68	a	0	224615	0	nan	0	0	224615	0	0	0	nan	0	0	0	0	0	0	nan	0	0	0	nan	nan	nan	nan	nan	nan
69	a	0	224615	0	nan	0	0	224615	0	0	0	nan	0	0	0	0	0	0	nan	0	0	0	nan	nan	nan	nan	nan	nan
70	u	0	224615	0	nan	0	0	224615	0	0	0	nan	0	0	0	0	0	0	nan	0	0	0	nan	nan	nan	nan	nan	nan
71	g	0	224615	0	nan	0	0	224615	0	0	0	nan	0	0	0	0	0	0	nan	0	0	0	nan	nan	nan	nan	nan	nan
72	a	0	224613	0	nan	0	0	224613	0	0	0	nan	0	0	0	0	0	0	nan	0	0	0	nan	nan	nan	nan	nan	nan
73	a	0	224613	0	nan	0	0	224613	0	0	0	nan	0	0	0	0	0	0	nan	0	0	0	nan	nan	nan	nan	nan	nan
74	g	0	224612	0	nan	0	0	224612	0	0	0	nan	0	0	0	0	0	0	nan	0	0	0	nan	nan	nan	nan	nan	nan
75	g	0	224612	0	nan	0	0	224612	0	0	0	nan	0	0	0	0	0	0	nan	0	0	0	nan	nan	nan	nan	nan	nan
76	u	0	224606	0	nan	0	0	224606	0	0	0	nan	0	0	0	0	0	0	nan	0	0	0	nan	nan	nan	nan	nan	nan
77	g	0	224599	0	nan	0	0	224599	0	0	0	nan	0	0	0	0	0	0	nan	0	0	0	nan	nan	nan	nan	nan	nan
78	a	0	224590	0	nan	0	0	224590	0	0	0	nan	0	0	0	0	0	0	nan	0	0	0	nan	nan	nan	nan	nan	nan
79	a	0	224561	0	nan	0	0	224561	0	0	0	nan	0	0	0	0	0	0	nan	0	0	0	nan	nan	nan	nan	nan	nan
80	g	0	224402	0	nan	0	0	224402	0	0	0	nan	0	0	0	0	0	0	nan	0	0	0	nan	nan	nan	nan	nan	nan