Nucleotide	Sequence	Modified_mutations	Modified_read_depth	Modified_effective_depth	Modified_rate	Modified_off_target_mapped_depth	Modified_low_mapq_mapped_depth	Modified_primer_pair_1_mapped_depth	Untreated_mutations	Untreated_read_depth	Untreated_effective_depth	Untreated_rate	Untreated_off_target_mapped_depth	Untreated_low_mapq_mapped_depth	Untreated_primer_pair_1_mapped_depth	Denatured_mutations	Denatured_read_depth	Denatured_effective_depth	Denatured_rate	Denatured_off_target_mapped_depth	Denatured_low_mapq_mapped_depth	Denatured_primer_pair_1_mapped_depth	Reactivity_profile	Std_err	HQ_profile	HQ_stderr	Norm_profile	Norm_stderr
1	g	0	590096	0	nan	0	8	590096	0	0	0	nan	0	0	0	0	0	0	nan	0	0	0	nan	nan	nan	nan	nan	nan
2	g	0	590479	0	nan	0	8	590479	0	0	0	nan	0	0	0	0	0	0	nan	0	0	0	nan	nan	nan	nan	nan	nan
3	u	0	590649	0	nan	0	8	590649	0	0	0	nan	0	0	0	0	0	0	nan	0	0	0	nan	nan	nan	nan	nan	nan
4	g	0	590748	0	nan	0	8	590748	0	0	0	nan	0	0	0	0	0	0	nan	0	0	0	nan	nan	nan	nan	nan	nan
5	u	0	590803	0	nan	0	8	590803	0	0	0	nan	0	0	0	0	0	0	nan	0	0	0	nan	nan	nan	nan	nan	nan
6	a	0	590808	0	nan	0	8	590808	0	0	0	nan	0	0	0	0	0	0	nan	0	0	0	nan	nan	nan	nan	nan	nan
7	a	0	590813	0	nan	0	8	590813	0	0	0	nan	0	0	0	0	0	0	nan	0	0	0	nan	nan	nan	nan	nan	nan
8	g	0	590817	0	nan	0	8	590817	0	0	0	nan	0	0	0	0	0	0	nan	0	0	0	nan	nan	nan	nan	nan	nan
9	g	0	590865	0	nan	0	8	590865	0	0	0	nan	0	0	0	0	0	0	nan	0	0	0	nan	nan	nan	nan	nan	nan
10	g	0	597150	0	nan	0	8	597150	0	0	0	nan	0	0	0	0	0	0	nan	0	0	0	nan	nan	nan	nan	nan	nan
11	u	0	597214	0	nan	0	8	597214	0	0	0	nan	0	0	0	0	0	0	nan	0	0	0	nan	nan	nan	nan	nan	nan
12	g	0	597320	0	nan	0	8	597320	0	0	0	nan	0	0	0	0	0	0	nan	0	0	0	nan	nan	nan	nan	nan	nan
13	a	0	597321	0	nan	8	8	597321	0	0	0	nan	0	0	0	0	0	0	nan	0	0	0	nan	nan	nan	nan	nan	nan
14	a	0	597322	0	nan	8	8	597322	0	0	0	nan	0	0	0	0	0	0	nan	0	0	0	nan	nan	nan	nan	nan	nan
15	g	0	597323	0	nan	85	8	597323	0	0	0	nan	0	0	0	0	0	0	nan	0	0	0	nan	nan	nan	nan	nan	nan
16	u	0	597325	0	nan	97	8	597325	0	0	0	nan	0	0	0	0	0	0	nan	0	0	0	nan	nan	nan	nan	nan	nan
17	g	0	597328	0	nan	97	8	597328	0	0	0	nan	0	0	0	0	0	0	nan	0	0	0	nan	nan	nan	nan	nan	nan
18	u	0	597330	0	nan	102	8	597330	0	0	0	nan	0	0	0	0	0	0	nan	0	0	0	nan	nan	nan	nan	nan	nan
19	a	0	597332	0	nan	102	8	597332	0	0	0	nan	0	0	0	0	0	0	nan	0	0	0	nan	nan	nan	nan	nan	nan
20	A	0	597340	6	0.000000	108	8	597340	0	0	0	nan	0	0	0	0	0	0	nan	0	0	0	0.000000	0.000000	nan	nan	nan	nan
21	G	0	597348	11	0.000000	128	8	597348	0	0	0	nan	0	0	0	0	0	0	nan	0	0	0	0.000000	0.000000	nan	nan	nan	nan
22	G	0	597349	10	0.000000	128	8	597349	0	0	0	nan	0	0	0	0	0	0	nan	0	0	0	0.000000	0.000000	nan	nan	nan	nan
23	U	0	597350	596277	0.000000	152	8	597350	0	0	0	nan	0	0	0	0	0	0	nan	0	0	0	0.000000	0.000000	0.000000	0.000000	nan	nan
24	U	495	597350	596284	0.000830	152	8	597350	0	0	0	nan	0	0	0	0	0	0	nan	0	0	0	0.000830	0.000037	0.000830	0.000037	nan	nan
25	G	221	597350	596180	0.000371	152	8	597350	0	0	0	nan	0	0	0	0	0	0	nan	0	0	0	0.000371	0.000025	0.000371	0.000025	nan	nan
26	A	227	597350	596423	0.000381	152	8	597348	0	0	0	nan	0	0	0	0	0	0	nan	0	0	0	0.000381	0.000025	0.000381	0.000025	nan	nan
27	A	329	597350	596140	0.000552	152	8	597345	0	0	0	nan	0	0	0	0	0	0	nan	0	0	0	0.000552	0.000030	0.000552	0.000030	nan	nan
28	C	730	597350	595807	0.001225	152	8	597346	0	0	0	nan	0	0	0	0	0	0	nan	0	0	0	0.001225	0.000045	0.001225	0.000045	nan	nan
29	U	622	597354	595145	0.001045	152	8	597348	0	0	0	nan	0	0	0	0	0	0	nan	0	0	0	0.001045	0.000042	0.001045	0.000042	nan	nan
30	U	644	597356	595459	0.001082	152	8	597350	0	0	0	nan	0	0	0	0	0	0	nan	0	0	0	0.001082	0.000043	0.001082	0.000043	nan	nan
31	U	762	597368	595754	0.001279	152	8	597363	0	0	0	nan	0	0	0	0	0	0	nan	0	0	0	0.001279	0.000046	0.001279	0.000046	nan	nan
32	U	420	597380	596245	0.000704	152	8	597373	0	0	0	nan	0	0	0	0	0	0	nan	0	0	0	0.000704	0.000034	0.000704	0.000034	nan	nan
33	G	240	597431	596120	0.000403	152	8	597424	0	0	0	nan	0	0	0	0	0	0	nan	0	0	0	0.000403	0.000026	0.000403	0.000026	nan	nan
34	A	313	597462	596254	0.000525	152	8	597454	0	0	0	nan	0	0	0	0	0	0	nan	0	0	0	0.000525	0.000030	0.000525	0.000030	nan	nan
35	A	313	597465	595837	0.000525	152	8	597458	0	0	0	nan	0	0	0	0	0	0	nan	0	0	0	0.000525	0.000030	0.000525	0.000030	nan	nan
36	U	356	597467	595914	0.000597	152	8	597459	0	0	0	nan	0	0	0	0	0	0	nan	0	0	0	0.000597	0.000032	0.000597	0.000032	nan	nan
37	A	332	597470	596156	0.000557	152	8	597461	0	0	0	nan	0	0	0	0	0	0	nan	0	0	0	0.000557	0.000031	0.000557	0.000031	nan	nan
38	G	316	597473	595733	0.000530	155	8	597464	0	0	0	nan	0	0	0	0	0	0	nan	0	0	0	0.000530	0.000030	0.000530	0.000030	nan	nan
39	U	529	597478	596371	0.000887	155	8	597467	0	0	0	nan	0	0	0	0	0	0	nan	0	0	0	0.000887	0.000039	0.000887	0.000039	nan	nan
40	G	482	597484	595875	0.000809	155	8	597475	0	0	0	nan	0	0	0	0	0	0	nan	0	0	0	0.000809	0.000037	0.000809	0.000037	nan	nan
41	A	581	597488	596125	0.000975	155	8	597477	0	0	0	nan	0	0	0	0	0	0	nan	0	0	0	0.000975	0.000040	0.000975	0.000040	nan	nan
42	U	913	597493	595721	0.001533	155	8	597483	0	0	0	nan	0	0	0	0	0	0	nan	0	0	0	0.001533	0.000051	0.001533	0.000051	nan	nan
43	U	703	597495	595881	0.001180	156	8	597485	0	0	0	nan	0	0	0	0	0	0	nan	0	0	0	0.001180	0.000044	0.001180	0.000044	nan	nan
44	C	856	597508	596095	0.001436	156	8	597499	0	0	0	nan	0	0	0	0	0	0	nan	0	0	0	0.001436	0.000049	0.001436	0.000049	nan	nan
45	A	457	597520	596507	0.000766	156	8	597509	0	0	0	nan	0	0	0	0	0	0	nan	0	0	0	0.000766	0.000036	0.000766	0.000036	nan	nan
46	G	291	597534	596102	0.000488	156	8	597524	0	0	0	nan	0	0	0	0	0	0	nan	0	0	0	0.000488	0.000029	0.000488	0.000029	nan	nan
47	G	205	597537	596194	0.000344	156	8	597528	0	0	0	nan	0	0	0	0	0	0	nan	0	0	0	0.000344	0.000024	0.000344	0.000024	nan	nan
48	A	305	597540	596386	0.000511	156	8	597531	0	0	0	nan	0	0	0	0	0	0	nan	0	0	0	0.000511	0.000029	0.000511	0.000029	nan	nan
49	G	256	597543	596118	0.000429	156	8	597535	0	0	0	nan	0	0	0	0	0	0	nan	0	0	0	0.000429	0.000027	0.000429	0.000027	nan	nan
50	G	399	597544	583667	0.000684	156	8	597536	0	0	0	nan	0	0	0	0	0	0	nan	0	0	0	0.000684	0.000034	0.000684	0.000034	nan	nan
51	U	565	597544	583508	0.000968	156	8	597536	0	0	0	nan	0	0	0	0	0	0	nan	0	0	0	0.000968	0.000041	0.000968	0.000041	nan	nan
52	U	499	597544	583324	0.000855	156	8	597536	0	0	0	nan	0	0	0	0	0	0	nan	0	0	0	0.000855	0.000038	0.000855	0.000038	nan	nan
53	A	303	597545	595555	0.000509	156	8	597533	0	0	0	nan	0	0	0	0	0	0	nan	0	0	0	0.000509	0.000029	0.000509	0.000029	nan	nan
54	A	269	597293	593870	0.000453	64	8	596735	0	0	0	nan	0	0	0	0	0	0	nan	0	0	0	0.000453	0.000028	0.000453	0.000028	nan	nan
55	U	523	597293	593126	0.000882	64	8	596815	0	0	0	nan	0	0	0	0	0	0	nan	0	0	0	0.000882	0.000039	0.000882	0.000039	nan	nan
56	G	416	597296	593053	0.000701	64	8	596868	0	0	0	nan	0	0	0	0	0	0	nan	0	0	0	0.000701	0.000034	0.000701	0.000034	nan	nan
57	G	0	597314	593238	0.000000	64	8	597266	0	0	0	nan	0	0	0	0	0	0	nan	0	0	0	0.000000	0.000000	0.000000	0.000000	nan	nan
58	A	0	597316	0	nan	64	8	597316	0	0	0	nan	0	0	0	0	0	0	nan	0	0	0	nan	nan	nan	nan	nan	nan
59	A	0	597316	0	nan	64	8	597316	0	0	0	nan	0	0	0	0	0	0	nan	0	0	0	nan	nan	nan	nan	nan	nan
60	G	0	597316	0	nan	64	8	597316	0	0	0	nan	0	0	0	0	0	0	nan	0	0	0	nan	nan	nan	nan	nan	nan
61	u	0	597316	0	nan	64	8	597316	0	0	0	nan	0	0	0	0	0	0	nan	0	0	0	nan	nan	nan	nan	nan	nan
62	a	0	597316	0	nan	64	8	597316	0	0	0	nan	0	0	0	0	0	0	nan	0	0	0	nan	nan	nan	nan	nan	nan
63	a	0	597316	0	nan	64	8	597316	0	0	0	nan	0	0	0	0	0	0	nan	0	0	0	nan	nan	nan	nan	nan	nan
64	a	0	597316	0	nan	64	8	597316	0	0	0	nan	0	0	0	0	0	0	nan	0	0	0	nan	nan	nan	nan	nan	nan
65	g	0	597316	0	nan	64	8	597316	0	0	0	nan	0	0	0	0	0	0	nan	0	0	0	nan	nan	nan	nan	nan	nan
66	g	0	597316	0	nan	64	8	597316	0	0	0	nan	0	0	0	0	0	0	nan	0	0	0	nan	nan	nan	nan	nan	nan
67	u	0	597316	0	nan	64	8	597316	0	0	0	nan	0	0	0	0	0	0	nan	0	0	0	nan	nan	nan	nan	nan	nan
68	a	0	597316	0	nan	63	8	597316	0	0	0	nan	0	0	0	0	0	0	nan	0	0	0	nan	nan	nan	nan	nan	nan
69	a	0	597316	0	nan	63	8	597316	0	0	0	nan	0	0	0	0	0	0	nan	0	0	0	nan	nan	nan	nan	nan	nan
70	u	0	597316	0	nan	63	8	597316	0	0	0	nan	0	0	0	0	0	0	nan	0	0	0	nan	nan	nan	nan	nan	nan
71	g	0	597316	0	nan	63	8	597316	0	0	0	nan	0	0	0	0	0	0	nan	0	0	0	nan	nan	nan	nan	nan	nan
72	a	0	597316	0	nan	63	8	597316	0	0	0	nan	0	0	0	0	0	0	nan	0	0	0	nan	nan	nan	nan	nan	nan
73	a	0	597316	0	nan	63	8	597316	0	0	0	nan	0	0	0	0	0	0	nan	0	0	0	nan	nan	nan	nan	nan	nan
74	g	0	597316	0	nan	63	8	597316	0	0	0	nan	0	0	0	0	0	0	nan	0	0	0	nan	nan	nan	nan	nan	nan
75	g	0	597313	0	nan	63	8	597313	0	0	0	nan	0	0	0	0	0	0	nan	0	0	0	nan	nan	nan	nan	nan	nan
76	u	0	597295	0	nan	63	8	597295	0	0	0	nan	0	0	0	0	0	0	nan	0	0	0	nan	nan	nan	nan	nan	nan
77	g	0	597277	0	nan	63	8	597277	0	0	0	nan	0	0	0	0	0	0	nan	0	0	0	nan	nan	nan	nan	nan	nan
78	a	0	597268	0	nan	63	8	597268	0	0	0	nan	0	0	0	0	0	0	nan	0	0	0	nan	nan	nan	nan	nan	nan
79	a	0	597158	0	nan	63	8	597158	0	0	0	nan	0	0	0	0	0	0	nan	0	0	0	nan	nan	nan	nan	nan	nan
80	g	0	596922	0	nan	63	8	596922	0	0	0	nan	0	0	0	0	0	0	nan	0	0	0	nan	nan	nan	nan	nan	nan