Nucleotide	Sequence	Modified_mutations	Modified_read_depth	Modified_effective_depth	Modified_rate	Modified_off_target_mapped_depth	Modified_low_mapq_mapped_depth	Modified_primer_pair_1_mapped_depth	Untreated_mutations	Untreated_read_depth	Untreated_effective_depth	Untreated_rate	Untreated_off_target_mapped_depth	Untreated_low_mapq_mapped_depth	Untreated_primer_pair_1_mapped_depth	Denatured_mutations	Denatured_read_depth	Denatured_effective_depth	Denatured_rate	Denatured_off_target_mapped_depth	Denatured_low_mapq_mapped_depth	Denatured_primer_pair_1_mapped_depth	Reactivity_profile	Std_err	HQ_profile	HQ_stderr	Norm_profile	Norm_stderr
1	g	0	207686	0	nan	3	0	207686	0	0	0	nan	0	0	0	0	0	0	nan	0	0	0	nan	nan	nan	nan	nan	nan
2	g	0	208128	0	nan	3	0	208128	0	0	0	nan	0	0	0	0	0	0	nan	0	0	0	nan	nan	nan	nan	nan	nan
3	c	0	208235	0	nan	3	0	208235	0	0	0	nan	0	0	0	0	0	0	nan	0	0	0	nan	nan	nan	nan	nan	nan
4	a	0	209745	0	nan	6	0	209745	0	0	0	nan	0	0	0	0	0	0	nan	0	0	0	nan	nan	nan	nan	nan	nan
5	c	0	209788	0	nan	6	0	209788	0	0	0	nan	0	0	0	0	0	0	nan	0	0	0	nan	nan	nan	nan	nan	nan
6	c	0	209803	0	nan	6	0	209803	0	0	0	nan	0	0	0	0	0	0	nan	0	0	0	nan	nan	nan	nan	nan	nan
7	u	0	209806	0	nan	6	0	209806	0	0	0	nan	0	0	0	0	0	0	nan	0	0	0	nan	nan	nan	nan	nan	nan
8	c	0	209809	0	nan	6	0	209809	0	0	0	nan	0	0	0	0	0	0	nan	0	0	0	nan	nan	nan	nan	nan	nan
9	a	0	209811	0	nan	6	0	209811	0	0	0	nan	0	0	0	0	0	0	nan	0	0	0	nan	nan	nan	nan	nan	nan
10	u	0	209823	0	nan	6	0	209823	0	0	0	nan	0	0	0	0	0	0	nan	0	0	0	nan	nan	nan	nan	nan	nan
11	a	0	209841	0	nan	6	0	209841	0	0	0	nan	0	0	0	0	0	0	nan	0	0	0	nan	nan	nan	nan	nan	nan
12	a	0	209849	0	nan	6	0	209849	0	0	0	nan	0	0	0	0	0	0	nan	0	0	0	nan	nan	nan	nan	nan	nan
13	c	0	209853	0	nan	6	0	209853	0	0	0	nan	0	0	0	0	0	0	nan	0	0	0	nan	nan	nan	nan	nan	nan
14	a	0	209856	0	nan	6	0	209856	0	0	0	nan	0	0	0	0	0	0	nan	0	0	0	nan	nan	nan	nan	nan	nan
15	u	0	209859	0	nan	6	0	209859	0	0	0	nan	0	0	0	0	0	0	nan	0	0	0	nan	nan	nan	nan	nan	nan
16	a	0	209865	0	nan	6	0	209865	0	0	0	nan	0	0	0	0	0	0	nan	0	0	0	nan	nan	nan	nan	nan	nan
17	a	0	209865	0	nan	6	0	209865	0	0	0	nan	0	0	0	0	0	0	nan	0	0	0	nan	nan	nan	nan	nan	nan
18	c	0	209870	0	nan	6	0	209870	0	0	0	nan	0	0	0	0	0	0	nan	0	0	0	nan	nan	nan	nan	nan	nan
19	U	0	209872	0	nan	6	0	209872	0	0	0	nan	0	0	0	0	0	0	nan	0	0	0	nan	nan	nan	nan	nan	nan
20	A	0	209875	3	0.000000	6	0	209875	0	0	0	nan	0	0	0	0	0	0	nan	0	0	0	0.000000	0.000000	nan	nan	nan	nan
21	A	0	209880	6	0.000000	6	0	209880	0	0	0	nan	0	0	0	0	0	0	nan	0	0	0	0.000000	0.000000	nan	nan	nan	nan
22	G	0	209887	207463	0.000000	6	0	209887	0	0	0	nan	0	0	0	0	0	0	nan	0	0	0	0.000000	0.000000	0.000000	0.000000	0.000000	0.000000
23	G	376	209894	198280	0.001896	6	0	209894	0	0	0	nan	0	0	0	0	0	0	nan	0	0	0	0.001896	0.000098	0.001896	0.000098	0.825784	0.042683
24	C	1771	209905	201514	0.008788	6	0	209905	0	0	0	nan	0	0	0	0	0	0	nan	0	0	0	0.008788	0.000209	0.008788	0.000209	1.411954	0.033580
25	A	2555	209926	202158	0.012639	6	0	209926	0	0	0	nan	0	0	0	0	0	0	nan	0	0	0	0.012639	0.000250	0.012639	0.000250	0.426507	0.008436
26	G	286	209941	199953	0.001430	6	0	209939	0	0	0	nan	0	0	0	0	0	0	nan	0	0	0	0.001430	0.000085	0.001430	0.000085	0.622822	0.037021
27	A	6111	209944	207006	0.029521	6	0	209943	0	0	0	nan	0	0	0	0	0	0	nan	0	0	0	0.029521	0.000378	0.029521	0.000378	0.996195	0.012756
28	U	1139	209948	206803	0.005508	6	0	209947	0	0	0	nan	0	0	0	0	0	0	nan	0	0	0	0.005508	0.000163	0.005508	0.000163	1.134501	0.033574
29	C	10447	209948	207255	0.050407	6	0	209945	0	0	0	nan	0	0	0	0	0	0	nan	0	0	0	0.050407	0.000493	0.050407	0.000493	8.098811	0.079210
30	U	1032	209949	207095	0.004983	6	0	209944	0	0	0	nan	0	0	0	0	0	0	nan	0	0	0	0.004983	0.000155	0.004983	0.000155	1.026365	0.031926
31	G	316	209958	204380	0.001546	6	0	209952	0	0	0	nan	0	0	0	0	0	0	nan	0	0	0	0.001546	0.000087	0.001546	0.000087	0.673345	0.037892
32	A	1697	209958	206853	0.008204	6	0	209952	0	0	0	nan	0	0	0	0	0	0	nan	0	0	0	0.008204	0.000199	0.008204	0.000199	0.276847	0.006715
33	G	331	209958	194157	0.001705	6	0	209951	0	0	0	nan	0	0	0	0	0	0	nan	0	0	0	0.001705	0.000094	0.001705	0.000094	0.742596	0.040941
34	C	1020	209958	197276	0.005170	6	0	209948	0	0	0	nan	0	0	0	0	0	0	nan	0	0	0	0.005170	0.000162	0.005170	0.000162	0.830656	0.026028
35	C	844	209964	197419	0.004275	6	0	209944	0	0	0	nan	0	0	0	0	0	0	nan	0	0	0	0.004275	0.000147	0.004275	0.000147	0.686857	0.023618
36	U	897	209967	200614	0.004471	6	0	209933	0	0	0	nan	0	0	0	0	0	0	nan	0	0	0	0.004471	0.000149	0.004471	0.000149	0.920906	0.030690
37	G	458	209992	201025	0.002278	6	0	209941	0	0	0	nan	0	0	0	0	0	0	nan	0	0	0	0.002278	0.000106	0.002278	0.000106	0.992160	0.046167
38	G	221	210030	201694	0.001096	6	0	210007	0	0	0	nan	0	0	0	0	0	0	nan	0	0	0	0.001096	0.000074	0.001096	0.000074	0.477352	0.032230
39	G	405	210030	201707	0.002008	6	0	210012	0	0	0	nan	0	0	0	0	0	0	nan	0	0	0	0.002008	0.000100	0.002008	0.000100	0.874564	0.043554
40	G	315	210033	202331	0.001557	6	0	210015	0	0	0	nan	0	0	0	0	0	0	nan	0	0	0	0.001557	0.000088	0.001557	0.000088	0.678136	0.038328
41	G	455	210035	198210	0.002296	6	0	210025	0	0	0	nan	0	0	0	0	0	0	nan	0	0	0	0.002296	0.000108	0.002296	0.000108	1.000000	0.047038
42	C	679	210038	208676	0.003254	6	0	210030	0	0	0	nan	0	0	0	0	0	0	nan	0	0	0	0.003254	0.000125	0.003254	0.000125	0.522815	0.020084
43	U	718	210038	209025	0.003435	6	0	210030	0	0	0	nan	0	0	0	0	0	0	nan	0	0	0	0.003435	0.000128	0.003435	0.000128	0.707518	0.026365
44	C	490	210039	209125	0.002343	6	0	210031	0	0	0	nan	0	0	0	0	0	0	nan	0	0	0	0.002343	0.000106	0.002343	0.000106	0.376446	0.017031
45	U	933	210040	209190	0.004460	6	0	210033	0	0	0	nan	0	0	0	0	0	0	nan	0	0	0	0.004460	0.000146	0.004460	0.000146	0.918641	0.030072
46	C	935	210040	209189	0.004470	6	0	210035	0	0	0	nan	0	0	0	0	0	0	nan	0	0	0	0.004470	0.000146	0.004470	0.000146	0.718188	0.023458
47	U	860	210037	209052	0.004114	6	0	210033	0	0	0	nan	0	0	0	0	0	0	nan	0	0	0	0.004114	0.000140	0.004114	0.000140	0.847374	0.028836
48	G	503	210034	204638	0.002458	6	0	210027	0	0	0	nan	0	0	0	0	0	0	nan	0	0	0	0.002458	0.000110	0.002458	0.000110	1.070557	0.047909
49	C	1295	210037	208061	0.006224	6	0	210031	0	0	0	nan	0	0	0	0	0	0	nan	0	0	0	0.006224	0.000173	0.006224	0.000173	1.000000	0.027796
50	C	1086	210040	207577	0.005232	6	0	210035	0	0	0	nan	0	0	0	0	0	0	nan	0	0	0	0.005232	0.000159	0.005232	0.000159	0.840617	0.025546
51	A	6242	210044	208260	0.029972	6	0	210042	0	0	0	nan	0	0	0	0	0	0	nan	0	0	0	0.029972	0.000379	0.029972	0.000379	1.011414	0.012789
52	A	0	210046	208398	0.000000	6	0	210046	0	0	0	nan	0	0	0	0	0	0	nan	0	0	0	0.000000	0.000000	0.000000	0.000000	0.000000	0.000000
53	U	0	210040	76	0.000000	3	0	210040	0	0	0	nan	0	0	0	0	0	0	nan	0	0	0	0.000000	0.000000	nan	nan	nan	nan
54	C	0	209943	0	nan	3	0	209943	0	0	0	nan	0	0	0	0	0	0	nan	0	0	0	nan	nan	nan	nan	nan	nan
55	C	0	209943	0	nan	3	0	209943	0	0	0	nan	0	0	0	0	0	0	nan	0	0	0	nan	nan	nan	nan	nan	nan
56	a	0	209943	0	nan	3	0	209943	0	0	0	nan	0	0	0	0	0	0	nan	0	0	0	nan	nan	nan	nan	nan	nan
57	c	0	209943	0	nan	3	0	209943	0	0	0	nan	0	0	0	0	0	0	nan	0	0	0	nan	nan	nan	nan	nan	nan
58	u	0	209943	0	nan	3	0	209943	0	0	0	nan	0	0	0	0	0	0	nan	0	0	0	nan	nan	nan	nan	nan	nan
59	a	0	209943	0	nan	3	0	209943	0	0	0	nan	0	0	0	0	0	0	nan	0	0	0	nan	nan	nan	nan	nan	nan
60	a	0	209943	0	nan	3	0	209943	0	0	0	nan	0	0	0	0	0	0	nan	0	0	0	nan	nan	nan	nan	nan	nan
61	c	0	209943	0	nan	0	0	209943	0	0	0	nan	0	0	0	0	0	0	nan	0	0	0	nan	nan	nan	nan	nan	nan
62	c	0	209943	0	nan	0	0	209943	0	0	0	nan	0	0	0	0	0	0	nan	0	0	0	nan	nan	nan	nan	nan	nan
63	u	0	209943	0	nan	0	0	209943	0	0	0	nan	0	0	0	0	0	0	nan	0	0	0	nan	nan	nan	nan	nan	nan
64	c	0	209943	0	nan	0	0	209943	0	0	0	nan	0	0	0	0	0	0	nan	0	0	0	nan	nan	nan	nan	nan	nan
65	a	0	209943	0	nan	0	0	209943	0	0	0	nan	0	0	0	0	0	0	nan	0	0	0	nan	nan	nan	nan	nan	nan
66	c	0	209943	0	nan	0	0	209943	0	0	0	nan	0	0	0	0	0	0	nan	0	0	0	nan	nan	nan	nan	nan	nan
67	u	0	209943	0	nan	0	0	209943	0	0	0	nan	0	0	0	0	0	0	nan	0	0	0	nan	nan	nan	nan	nan	nan
68	c	0	209943	0	nan	0	0	209943	0	0	0	nan	0	0	0	0	0	0	nan	0	0	0	nan	nan	nan	nan	nan	nan
69	a	0	209940	0	nan	0	0	209940	0	0	0	nan	0	0	0	0	0	0	nan	0	0	0	nan	nan	nan	nan	nan	nan
70	c	0	209924	0	nan	0	0	209924	0	0	0	nan	0	0	0	0	0	0	nan	0	0	0	nan	nan	nan	nan	nan	nan
71	a	0	209920	0	nan	0	0	209920	0	0	0	nan	0	0	0	0	0	0	nan	0	0	0	nan	nan	nan	nan	nan	nan
72	a	0	209858	0	nan	0	0	209858	0	0	0	nan	0	0	0	0	0	0	nan	0	0	0	nan	nan	nan	nan	nan	nan
73	u	0	209762	0	nan	0	0	209762	0	0	0	nan	0	0	0	0	0	0	nan	0	0	0	nan	nan	nan	nan	nan	nan
74	c	0	209503	0	nan	0	0	209503	0	0	0	nan	0	0	0	0	0	0	nan	0	0	0	nan	nan	nan	nan	nan	nan