Nucleotide	Sequence	Modified_mutations	Modified_read_depth	Modified_effective_depth	Modified_rate	Modified_off_target_mapped_depth	Modified_low_mapq_mapped_depth	Modified_primer_pair_1_mapped_depth	Untreated_mutations	Untreated_read_depth	Untreated_effective_depth	Untreated_rate	Untreated_off_target_mapped_depth	Untreated_low_mapq_mapped_depth	Untreated_primer_pair_1_mapped_depth	Denatured_mutations	Denatured_read_depth	Denatured_effective_depth	Denatured_rate	Denatured_off_target_mapped_depth	Denatured_low_mapq_mapped_depth	Denatured_primer_pair_1_mapped_depth	Reactivity_profile	Std_err	HQ_profile	HQ_stderr	Norm_profile	Norm_stderr
1	g	0	22435	0	nan	1	136	22435	0	0	0	nan	0	0	0	0	0	0	nan	0	0	0	nan	nan	nan	nan	nan	nan
2	g	0	22470	0	nan	1	136	22470	0	0	0	nan	0	0	0	0	0	0	nan	0	0	0	nan	nan	nan	nan	nan	nan
3	u	0	22479	0	nan	1	136	22479	0	0	0	nan	0	0	0	0	0	0	nan	0	0	0	nan	nan	nan	nan	nan	nan
4	g	0	22490	0	nan	1	136	22490	0	0	0	nan	0	0	0	0	0	0	nan	0	0	0	nan	nan	nan	nan	nan	nan
5	u	0	22534	0	nan	1	136	22534	0	0	0	nan	0	0	0	0	0	0	nan	0	0	0	nan	nan	nan	nan	nan	nan
6	a	0	22534	0	nan	1	136	22534	0	0	0	nan	0	0	0	0	0	0	nan	0	0	0	nan	nan	nan	nan	nan	nan
7	a	0	22535	0	nan	1	136	22535	0	0	0	nan	0	0	0	0	0	0	nan	0	0	0	nan	nan	nan	nan	nan	nan
8	g	0	22535	0	nan	1	136	22535	0	0	0	nan	0	0	0	0	0	0	nan	0	0	0	nan	nan	nan	nan	nan	nan
9	g	0	22536	0	nan	1	136	22536	0	0	0	nan	0	0	0	0	0	0	nan	0	0	0	nan	nan	nan	nan	nan	nan
10	g	0	22537	0	nan	1	136	22537	0	0	0	nan	0	0	0	0	0	0	nan	0	0	0	nan	nan	nan	nan	nan	nan
11	u	0	22537	0	nan	1	136	22537	0	0	0	nan	0	0	0	0	0	0	nan	0	0	0	nan	nan	nan	nan	nan	nan
12	g	0	22537	0	nan	1	136	22537	0	0	0	nan	0	0	0	0	0	0	nan	0	0	0	nan	nan	nan	nan	nan	nan
13	a	0	22537	0	nan	1	136	22537	0	0	0	nan	0	0	0	0	0	0	nan	0	0	0	nan	nan	nan	nan	nan	nan
14	a	0	22537	0	nan	1	136	22537	0	0	0	nan	0	0	0	0	0	0	nan	0	0	0	nan	nan	nan	nan	nan	nan
15	g	0	22537	0	nan	1	136	22537	0	0	0	nan	0	0	0	0	0	0	nan	0	0	0	nan	nan	nan	nan	nan	nan
16	u	0	22537	0	nan	1	136	22537	0	0	0	nan	0	0	0	0	0	0	nan	0	0	0	nan	nan	nan	nan	nan	nan
17	g	0	22537	0	nan	1	136	22537	0	0	0	nan	0	0	0	0	0	0	nan	0	0	0	nan	nan	nan	nan	nan	nan
18	u	0	22537	0	nan	1	136	22537	0	0	0	nan	0	0	0	0	0	0	nan	0	0	0	nan	nan	nan	nan	nan	nan
19	a	0	22537	0	nan	1	136	22537	0	0	0	nan	0	0	0	0	0	0	nan	0	0	0	nan	nan	nan	nan	nan	nan
20	A	0	22538	0	nan	1	136	22538	0	0	0	nan	0	0	0	0	0	0	nan	0	0	0	nan	nan	nan	nan	nan	nan
21	G	0	22538	0	nan	1	136	22538	0	0	0	nan	0	0	0	0	0	0	nan	0	0	0	nan	nan	nan	nan	nan	nan
22	G	0	22538	0	nan	1	136	22538	0	0	0	nan	0	0	0	0	0	0	nan	0	0	0	nan	nan	nan	nan	nan	nan
23	U	0	22538	22425	0.000000	1	136	22538	0	0	0	nan	0	0	0	0	0	0	nan	0	0	0	0.000000	0.000000	0.000000	0.000000	0.000000	0.000000
24	U	34	22538	22426	0.001516	1	136	22538	0	0	0	nan	0	0	0	0	0	0	nan	0	0	0	0.001516	0.000260	0.001516	0.000260	0.628003	0.107705
25	G	31	22538	22470	0.001380	1	136	22538	0	0	0	nan	0	0	0	0	0	0	nan	0	0	0	0.001380	0.000248	0.001380	0.000248	nan	nan
26	A	11	22538	22477	0.000489	1	136	22538	0	0	0	nan	0	0	0	0	0	0	nan	0	0	0	0.000489	0.000148	0.000489	0.000148	nan	nan
27	A	12	22538	22478	0.000534	1	136	22538	0	0	0	nan	0	0	0	0	0	0	nan	0	0	0	0.000534	0.000154	0.000534	0.000154	nan	nan
28	C	14	22538	22476	0.000623	1	136	22538	0	0	0	nan	0	0	0	0	0	0	nan	0	0	0	0.000623	0.000166	0.000623	0.000166	nan	nan
29	U	34	22538	22477	0.001513	1	136	22538	0	0	0	nan	0	0	0	0	0	0	nan	0	0	0	0.001513	0.000259	0.001513	0.000259	0.626761	0.107291
30	U	38	22538	22466	0.001691	1	136	22538	0	0	0	nan	0	0	0	0	0	0	nan	0	0	0	0.001691	0.000274	0.001691	0.000274	0.700497	0.113505
31	U	57	22538	22467	0.002537	1	136	22538	0	0	0	nan	0	0	0	0	0	0	nan	0	0	0	0.002537	0.000336	0.002537	0.000336	1.050953	0.139188
32	U	38	22538	22488	0.001690	1	136	22538	0	0	0	nan	0	0	0	0	0	0	nan	0	0	0	0.001690	0.000274	0.001690	0.000274	0.700083	0.113505
33	G	10	22538	22473	0.000445	1	136	22538	0	0	0	nan	0	0	0	0	0	0	nan	0	0	0	0.000445	0.000141	0.000445	0.000141	nan	nan
34	A	10	22538	22467	0.000445	1	136	22538	0	0	0	nan	0	0	0	0	0	0	nan	0	0	0	0.000445	0.000141	0.000445	0.000141	nan	nan
35	A	17	22538	22436	0.000758	1	136	22538	0	0	0	nan	0	0	0	0	0	0	nan	0	0	0	0.000758	0.000184	0.000758	0.000184	nan	nan
36	U	21	22538	22443	0.000936	1	136	22538	0	0	0	nan	0	0	0	0	0	0	nan	0	0	0	0.000936	0.000204	0.000936	0.000204	0.387738	0.084507
37	A	16	22538	22483	0.000712	1	136	22538	0	0	0	nan	0	0	0	0	0	0	nan	0	0	0	0.000712	0.000178	0.000712	0.000178	nan	nan
38	G	15	22538	22448	0.000668	1	136	22538	0	0	0	nan	0	0	0	0	0	0	nan	0	0	0	0.000668	0.000173	0.000668	0.000173	nan	nan
39	U	31	22538	22493	0.001378	1	136	22537	0	0	0	nan	0	0	0	0	0	0	nan	0	0	0	0.001378	0.000248	0.001378	0.000248	0.570837	0.102734
40	G	15	22538	22425	0.000669	1	136	22537	0	0	0	nan	0	0	0	0	0	0	nan	0	0	0	0.000669	0.000173	0.000669	0.000173	nan	nan
41	A	33	22538	22425	0.001472	1	136	22537	0	0	0	nan	0	0	0	0	0	0	nan	0	0	0	0.001472	0.000256	0.001472	0.000256	nan	nan
42	U	54	22538	22372	0.002414	1	136	22537	0	0	0	nan	0	0	0	0	0	0	nan	0	0	0	0.002414	0.000328	0.002414	0.000328	1.000000	0.135874
43	U	40	22539	22420	0.001784	1	136	22538	0	0	0	nan	0	0	0	0	0	0	nan	0	0	0	0.001784	0.000282	0.001784	0.000282	0.739022	0.116819
44	C	34	22539	22449	0.001515	1	136	22539	0	0	0	nan	0	0	0	0	0	0	nan	0	0	0	0.001515	0.000260	0.001515	0.000260	nan	nan
45	A	24	22539	22502	0.001067	1	136	22539	0	0	0	nan	0	0	0	0	0	0	nan	0	0	0	0.001067	0.000218	0.001067	0.000218	nan	nan
46	G	10	22539	22457	0.000445	1	136	22539	0	0	0	nan	0	0	0	0	0	0	nan	0	0	0	0.000445	0.000141	0.000445	0.000141	nan	nan
47	G	12	22540	22463	0.000534	1	136	22540	0	0	0	nan	0	0	0	0	0	0	nan	0	0	0	0.000534	0.000154	0.000534	0.000154	nan	nan
48	A	20	22540	22474	0.000890	1	136	22540	0	0	0	nan	0	0	0	0	0	0	nan	0	0	0	0.000890	0.000199	0.000890	0.000199	nan	nan
49	G	12	22540	22454	0.000534	1	136	22540	0	0	0	nan	0	0	0	0	0	0	nan	0	0	0	0.000534	0.000154	0.000534	0.000154	nan	nan
50	G	18	22540	22391	0.000804	1	136	22540	0	0	0	nan	0	0	0	0	0	0	nan	0	0	0	0.000804	0.000189	0.000804	0.000189	nan	nan
51	U	48	22540	22360	0.002147	1	136	22540	0	0	0	nan	0	0	0	0	0	0	nan	0	0	0	0.002147	0.000310	0.002147	0.000310	0.889395	0.128418
52	U	28	22540	22343	0.001253	1	136	22540	0	0	0	nan	0	0	0	0	0	0	nan	0	0	0	0.001253	0.000237	0.001253	0.000237	0.519056	0.098177
53	A	23	22540	22350	0.001029	1	136	22540	0	0	0	nan	0	0	0	0	0	0	nan	0	0	0	0.001029	0.000215	0.001029	0.000215	nan	nan
54	A	21	22541	22361	0.000939	1	136	22541	0	0	0	nan	0	0	0	0	0	0	nan	0	0	0	0.000939	0.000205	0.000939	0.000205	nan	nan
55	U	37	22541	22355	0.001655	1	136	22541	0	0	0	nan	0	0	0	0	0	0	nan	0	0	0	0.001655	0.000272	0.001655	0.000272	0.685584	0.112676
56	G	19	22541	22438	0.000847	1	136	22541	0	0	0	nan	0	0	0	0	0	0	nan	0	0	0	0.000847	0.000194	0.000847	0.000194	nan	nan
57	G	0	22541	22475	0.000000	1	136	22541	0	0	0	nan	0	0	0	0	0	0	nan	0	0	0	0.000000	0.000000	0.000000	0.000000	nan	nan
58	A	0	22541	0	nan	1	136	22541	0	0	0	nan	0	0	0	0	0	0	nan	0	0	0	nan	nan	nan	nan	nan	nan
59	A	0	22541	0	nan	1	136	22541	0	0	0	nan	0	0	0	0	0	0	nan	0	0	0	nan	nan	nan	nan	nan	nan
60	G	0	22541	0	nan	1	136	22541	0	0	0	nan	0	0	0	0	0	0	nan	0	0	0	nan	nan	nan	nan	nan	nan
61	u	0	22541	0	nan	1	136	22541	0	0	0	nan	0	0	0	0	0	0	nan	0	0	0	nan	nan	nan	nan	nan	nan
62	a	0	22541	0	nan	1	136	22541	0	0	0	nan	0	0	0	0	0	0	nan	0	0	0	nan	nan	nan	nan	nan	nan
63	a	0	22541	0	nan	1	136	22541	0	0	0	nan	0	0	0	0	0	0	nan	0	0	0	nan	nan	nan	nan	nan	nan
64	a	0	22541	0	nan	1	136	22541	0	0	0	nan	0	0	0	0	0	0	nan	0	0	0	nan	nan	nan	nan	nan	nan
65	g	0	22541	0	nan	1	136	22541	0	0	0	nan	0	0	0	0	0	0	nan	0	0	0	nan	nan	nan	nan	nan	nan
66	g	0	22541	0	nan	1	136	22541	0	0	0	nan	0	0	0	0	0	0	nan	0	0	0	nan	nan	nan	nan	nan	nan
67	u	0	22541	0	nan	1	136	22541	0	0	0	nan	0	0	0	0	0	0	nan	0	0	0	nan	nan	nan	nan	nan	nan
68	a	0	22541	0	nan	1	136	22541	0	0	0	nan	0	0	0	0	0	0	nan	0	0	0	nan	nan	nan	nan	nan	nan
69	a	0	22541	0	nan	1	136	22541	0	0	0	nan	0	0	0	0	0	0	nan	0	0	0	nan	nan	nan	nan	nan	nan
70	u	0	22541	0	nan	0	136	22541	0	0	0	nan	0	0	0	0	0	0	nan	0	0	0	nan	nan	nan	nan	nan	nan
71	g	0	22541	0	nan	0	136	22541	0	0	0	nan	0	0	0	0	0	0	nan	0	0	0	nan	nan	nan	nan	nan	nan
72	a	0	22541	0	nan	0	136	22541	0	0	0	nan	0	0	0	0	0	0	nan	0	0	0	nan	nan	nan	nan	nan	nan
73	a	0	22541	0	nan	0	136	22541	0	0	0	nan	0	0	0	0	0	0	nan	0	0	0	nan	nan	nan	nan	nan	nan
74	g	0	22540	0	nan	0	136	22540	0	0	0	nan	0	0	0	0	0	0	nan	0	0	0	nan	nan	nan	nan	nan	nan
75	g	0	22539	0	nan	0	136	22539	0	0	0	nan	0	0	0	0	0	0	nan	0	0	0	nan	nan	nan	nan	nan	nan
76	u	0	22538	0	nan	0	136	22538	0	0	0	nan	0	0	0	0	0	0	nan	0	0	0	nan	nan	nan	nan	nan	nan
77	g	0	22536	0	nan	0	136	22536	0	0	0	nan	0	0	0	0	0	0	nan	0	0	0	nan	nan	nan	nan	nan	nan
78	a	0	22536	0	nan	0	136	22536	0	0	0	nan	0	0	0	0	0	0	nan	0	0	0	nan	nan	nan	nan	nan	nan
79	a	0	22514	0	nan	0	135	22514	0	0	0	nan	0	0	0	0	0	0	nan	0	0	0	nan	nan	nan	nan	nan	nan
80	g	0	22488	0	nan	0	132	22488	0	0	0	nan	0	0	0	0	0	0	nan	0	0	0	nan	nan	nan	nan	nan	nan