Nucleotide	Sequence	Modified_mutations	Modified_read_depth	Modified_effective_depth	Modified_rate	Modified_off_target_mapped_depth	Modified_low_mapq_mapped_depth	Modified_primer_pair_1_mapped_depth	Untreated_mutations	Untreated_read_depth	Untreated_effective_depth	Untreated_rate	Untreated_off_target_mapped_depth	Untreated_low_mapq_mapped_depth	Untreated_primer_pair_1_mapped_depth	Denatured_mutations	Denatured_read_depth	Denatured_effective_depth	Denatured_rate	Denatured_off_target_mapped_depth	Denatured_low_mapq_mapped_depth	Denatured_primer_pair_1_mapped_depth	Reactivity_profile	Std_err	HQ_profile	HQ_stderr	Norm_profile	Norm_stderr
1	g	0	184978	0	nan	0	4	184978	0	0	0	nan	0	0	0	0	0	0	nan	0	0	0	nan	nan	nan	nan	nan	nan
2	g	0	185096	0	nan	0	4	185096	0	0	0	nan	0	0	0	0	0	0	nan	0	0	0	nan	nan	nan	nan	nan	nan
3	u	0	185158	0	nan	0	4	185158	0	0	0	nan	0	0	0	0	0	0	nan	0	0	0	nan	nan	nan	nan	nan	nan
4	g	0	185185	0	nan	0	4	185185	0	0	0	nan	0	0	0	0	0	0	nan	0	0	0	nan	nan	nan	nan	nan	nan
5	u	0	185206	0	nan	0	4	185206	0	0	0	nan	0	0	0	0	0	0	nan	0	0	0	nan	nan	nan	nan	nan	nan
6	a	0	185209	0	nan	0	4	185209	0	0	0	nan	0	0	0	0	0	0	nan	0	0	0	nan	nan	nan	nan	nan	nan
7	a	0	185211	0	nan	0	4	185211	0	0	0	nan	0	0	0	0	0	0	nan	0	0	0	nan	nan	nan	nan	nan	nan
8	g	0	185212	0	nan	0	4	185212	0	0	0	nan	0	0	0	0	0	0	nan	0	0	0	nan	nan	nan	nan	nan	nan
9	g	0	185212	0	nan	0	4	185212	0	0	0	nan	0	0	0	0	0	0	nan	0	0	0	nan	nan	nan	nan	nan	nan
10	g	0	185213	0	nan	0	4	185213	0	0	0	nan	0	0	0	0	0	0	nan	0	0	0	nan	nan	nan	nan	nan	nan
11	u	0	185213	0	nan	0	4	185213	0	0	0	nan	0	0	0	0	0	0	nan	0	0	0	nan	nan	nan	nan	nan	nan
12	g	0	185213	0	nan	0	4	185213	0	0	0	nan	0	0	0	0	0	0	nan	0	0	0	nan	nan	nan	nan	nan	nan
13	a	0	185213	0	nan	2	5	185213	0	0	0	nan	0	0	0	0	0	0	nan	0	0	0	nan	nan	nan	nan	nan	nan
14	a	0	185214	0	nan	2	5	185214	0	0	0	nan	0	0	0	0	0	0	nan	0	0	0	nan	nan	nan	nan	nan	nan
15	g	0	185214	0	nan	20	5	185214	0	0	0	nan	0	0	0	0	0	0	nan	0	0	0	nan	nan	nan	nan	nan	nan
16	u	0	185214	0	nan	20	5	185214	0	0	0	nan	0	0	0	0	0	0	nan	0	0	0	nan	nan	nan	nan	nan	nan
17	g	0	185214	0	nan	20	5	185214	0	0	0	nan	0	0	0	0	0	0	nan	0	0	0	nan	nan	nan	nan	nan	nan
18	u	0	185214	0	nan	20	5	185214	0	0	0	nan	0	0	0	0	0	0	nan	0	0	0	nan	nan	nan	nan	nan	nan
19	a	0	185214	0	nan	20	5	185214	0	0	0	nan	0	0	0	0	0	0	nan	0	0	0	nan	nan	nan	nan	nan	nan
20	A	0	185214	0	nan	20	5	185214	0	0	0	nan	0	0	0	0	0	0	nan	0	0	0	nan	nan	nan	nan	nan	nan
21	G	0	185215	1	0.000000	20	5	185215	0	0	0	nan	0	0	0	0	0	0	nan	0	0	0	0.000000	0.000000	nan	nan	nan	nan
22	G	0	185215	0	nan	20	5	185215	0	0	0	nan	0	0	0	0	0	0	nan	0	0	0	nan	nan	nan	nan	nan	nan
23	U	0	185215	184912	0.000000	20	5	185215	0	0	0	nan	0	0	0	0	0	0	nan	0	0	0	0.000000	0.000000	0.000000	0.000000	nan	nan
24	U	164	185215	184879	0.000887	20	5	185215	0	0	0	nan	0	0	0	0	0	0	nan	0	0	0	0.000887	0.000069	0.000887	0.000069	nan	nan
25	G	77	185216	184788	0.000417	20	5	185216	0	0	0	nan	0	0	0	0	0	0	nan	0	0	0	0.000417	0.000047	0.000417	0.000047	nan	nan
26	A	805	185216	184929	0.004353	20	5	185216	0	0	0	nan	0	0	0	0	0	0	nan	0	0	0	0.004353	0.000153	0.004353	0.000153	0.844259	0.029674
27	A	893	185216	184918	0.004829	20	5	185216	0	0	0	nan	0	0	0	0	0	0	nan	0	0	0	0.004829	0.000162	0.004829	0.000162	0.936579	0.031420
28	C	929	185216	184826	0.005026	21	5	185216	0	0	0	nan	0	0	0	0	0	0	nan	0	0	0	0.005026	0.000165	0.005026	0.000165	0.798602	0.026218
29	U	177	185216	184797	0.000958	21	5	185216	0	0	0	nan	0	0	0	0	0	0	nan	0	0	0	0.000958	0.000072	0.000958	0.000072	nan	nan
30	U	207	185217	184869	0.001120	21	5	185217	0	0	0	nan	0	0	0	0	0	0	nan	0	0	0	0.001120	0.000078	0.001120	0.000078	nan	nan
31	U	247	185219	184849	0.001336	21	5	185219	0	0	0	nan	0	0	0	0	0	0	nan	0	0	0	0.001336	0.000085	0.001336	0.000085	nan	nan
32	U	203	185220	184898	0.001098	21	5	185220	0	0	0	nan	0	0	0	0	0	0	nan	0	0	0	0.001098	0.000077	0.001098	0.000077	nan	nan
33	G	59	185222	184727	0.000319	21	5	185221	0	0	0	nan	0	0	0	0	0	0	nan	0	0	0	0.000319	0.000042	0.000319	0.000042	nan	nan
34	A	939	185222	184928	0.005078	21	5	185221	0	0	0	nan	0	0	0	0	0	0	nan	0	0	0	0.005078	0.000166	0.005078	0.000166	0.984872	0.032196
35	A	866	185222	184844	0.004685	21	5	185221	0	0	0	nan	0	0	0	0	0	0	nan	0	0	0	0.004685	0.000159	0.004685	0.000159	0.908650	0.030838
36	U	234	185222	184839	0.001266	21	5	185221	0	0	0	nan	0	0	0	0	0	0	nan	0	0	0	0.001266	0.000083	0.001266	0.000083	nan	nan
37	A	958	185223	184884	0.005182	21	5	185222	0	0	0	nan	0	0	0	0	0	0	nan	0	0	0	0.005182	0.000167	0.005182	0.000167	1.005043	0.032389
38	G	98	185223	184638	0.000531	22	5	185222	0	0	0	nan	0	0	0	0	0	0	nan	0	0	0	0.000531	0.000054	0.000531	0.000054	nan	nan
39	U	332	185223	184921	0.001795	22	5	185222	0	0	0	nan	0	0	0	0	0	0	nan	0	0	0	0.001795	0.000099	0.001795	0.000099	nan	nan
40	G	170	185223	184715	0.000920	22	5	185222	0	0	0	nan	0	0	0	0	0	0	nan	0	0	0	0.000920	0.000071	0.000920	0.000071	nan	nan
41	A	1071	185223	184844	0.005794	22	5	185221	0	0	0	nan	0	0	0	0	0	0	nan	0	0	0	0.005794	0.000177	0.005794	0.000177	1.123739	0.034329
42	U	283	185223	184742	0.001532	23	5	185221	0	0	0	nan	0	0	0	0	0	0	nan	0	0	0	0.001532	0.000091	0.001532	0.000091	nan	nan
43	U	307	185224	184821	0.001661	23	5	185222	0	0	0	nan	0	0	0	0	0	0	nan	0	0	0	0.001661	0.000095	0.001661	0.000095	nan	nan
44	C	1241	185226	184792	0.006716	23	5	185224	0	0	0	nan	0	0	0	0	0	0	nan	0	0	0	0.006716	0.000191	0.006716	0.000191	1.067133	0.030349
45	A	1012	185226	184837	0.005475	23	5	185224	0	0	0	nan	0	0	0	0	0	0	nan	0	0	0	0.005475	0.000172	0.005475	0.000172	1.061870	0.033359
46	G	131	185226	184670	0.000709	23	5	185224	0	0	0	nan	0	0	0	0	0	0	nan	0	0	0	0.000709	0.000062	0.000709	0.000062	nan	nan
47	G	115	185227	184780	0.000622	23	5	185227	0	0	0	nan	0	0	0	0	0	0	nan	0	0	0	0.000622	0.000058	0.000622	0.000058	nan	nan
48	A	845	185227	184869	0.004571	23	5	185227	0	0	0	nan	0	0	0	0	0	0	nan	0	0	0	0.004571	0.000157	0.004571	0.000157	0.886540	0.030450
49	G	107	185232	184790	0.000579	23	5	185232	0	0	0	nan	0	0	0	0	0	0	nan	0	0	0	0.000579	0.000056	0.000579	0.000056	nan	nan
50	G	133	185232	184719	0.000720	23	5	185232	0	0	0	nan	0	0	0	0	0	0	nan	0	0	0	0.000720	0.000062	0.000720	0.000062	nan	nan
51	U	178	185232	184627	0.000964	23	5	185232	0	0	0	nan	0	0	0	0	0	0	nan	0	0	0	0.000964	0.000072	0.000964	0.000072	nan	nan
52	U	143	185232	184687	0.000774	23	5	185232	0	0	0	nan	0	0	0	0	0	0	nan	0	0	0	0.000774	0.000065	0.000774	0.000065	nan	nan
53	A	732	185232	184716	0.003963	23	5	185232	0	0	0	nan	0	0	0	0	0	0	nan	0	0	0	0.003963	0.000146	0.003963	0.000146	0.768619	0.028317
54	A	728	185232	163516	0.004452	23	5	185232	0	0	0	nan	0	0	0	0	0	0	nan	0	0	0	0.004452	0.000165	0.004452	0.000165	0.863460	0.032002
55	U	332	185232	163456	0.002031	23	5	185232	0	0	0	nan	0	0	0	0	0	0	nan	0	0	0	0.002031	0.000111	0.002031	0.000111	nan	nan
56	G	173	185232	163399	0.001059	23	5	185232	0	0	0	nan	0	0	0	0	0	0	nan	0	0	0	0.001059	0.000080	0.001059	0.000080	nan	nan
57	G	0	185232	184815	0.000000	23	5	185232	0	0	0	nan	0	0	0	0	0	0	nan	0	0	0	0.000000	0.000000	0.000000	0.000000	nan	nan
58	A	0	185232	2	0.000000	23	5	185232	0	0	0	nan	0	0	0	0	0	0	nan	0	0	0	0.000000	0.000000	nan	nan	nan	nan
59	A	0	185232	2	0.000000	23	5	185232	0	0	0	nan	0	0	0	0	0	0	nan	0	0	0	0.000000	0.000000	nan	nan	nan	nan
60	G	0	185232	2	0.000000	23	5	185232	0	0	0	nan	0	0	0	0	0	0	nan	0	0	0	0.000000	0.000000	nan	nan	nan	nan
61	u	0	185230	0	nan	23	5	185230	0	0	0	nan	0	0	0	0	0	0	nan	0	0	0	nan	nan	nan	nan	nan	nan
62	a	0	185230	0	nan	23	5	185230	0	0	0	nan	0	0	0	0	0	0	nan	0	0	0	nan	nan	nan	nan	nan	nan
63	a	0	185229	0	nan	23	5	185229	0	0	0	nan	0	0	0	0	0	0	nan	0	0	0	nan	nan	nan	nan	nan	nan
64	a	0	185229	0	nan	23	5	185229	0	0	0	nan	0	0	0	0	0	0	nan	0	0	0	nan	nan	nan	nan	nan	nan
65	g	0	185229	0	nan	23	5	185229	0	0	0	nan	0	0	0	0	0	0	nan	0	0	0	nan	nan	nan	nan	nan	nan
66	g	0	185229	0	nan	23	5	185229	0	0	0	nan	0	0	0	0	0	0	nan	0	0	0	nan	nan	nan	nan	nan	nan
67	u	0	185229	0	nan	23	5	185229	0	0	0	nan	0	0	0	0	0	0	nan	0	0	0	nan	nan	nan	nan	nan	nan
68	a	0	185229	0	nan	23	5	185229	0	0	0	nan	0	0	0	0	0	0	nan	0	0	0	nan	nan	nan	nan	nan	nan
69	a	0	185229	0	nan	23	5	185229	0	0	0	nan	0	0	0	0	0	0	nan	0	0	0	nan	nan	nan	nan	nan	nan
70	u	0	185229	0	nan	23	5	185229	0	0	0	nan	0	0	0	0	0	0	nan	0	0	0	nan	nan	nan	nan	nan	nan
71	g	0	185229	0	nan	23	5	185229	0	0	0	nan	0	0	0	0	0	0	nan	0	0	0	nan	nan	nan	nan	nan	nan
72	a	0	185229	0	nan	23	5	185229	0	0	0	nan	0	0	0	0	0	0	nan	0	0	0	nan	nan	nan	nan	nan	nan
73	a	0	185229	0	nan	23	5	185229	0	0	0	nan	0	0	0	0	0	0	nan	0	0	0	nan	nan	nan	nan	nan	nan
74	g	0	185227	0	nan	23	5	185227	0	0	0	nan	0	0	0	0	0	0	nan	0	0	0	nan	nan	nan	nan	nan	nan
75	g	0	185226	0	nan	23	5	185226	0	0	0	nan	0	0	0	0	0	0	nan	0	0	0	nan	nan	nan	nan	nan	nan
76	u	0	185199	0	nan	23	5	185199	0	0	0	nan	0	0	0	0	0	0	nan	0	0	0	nan	nan	nan	nan	nan	nan
77	g	0	185190	0	nan	23	5	185190	0	0	0	nan	0	0	0	0	0	0	nan	0	0	0	nan	nan	nan	nan	nan	nan
78	a	0	185183	0	nan	23	5	185183	0	0	0	nan	0	0	0	0	0	0	nan	0	0	0	nan	nan	nan	nan	nan	nan
79	a	0	184992	0	nan	23	4	184992	0	0	0	nan	0	0	0	0	0	0	nan	0	0	0	nan	nan	nan	nan	nan	nan
80	g	0	184884	0	nan	22	4	184884	0	0	0	nan	0	0	0	0	0	0	nan	0	0	0	nan	nan	nan	nan	nan	nan