Nucleotide	Sequence	Modified_mutations	Modified_read_depth	Modified_effective_depth	Modified_rate	Modified_off_target_mapped_depth	Modified_low_mapq_mapped_depth	Modified_primer_pair_1_mapped_depth	Untreated_mutations	Untreated_read_depth	Untreated_effective_depth	Untreated_rate	Untreated_off_target_mapped_depth	Untreated_low_mapq_mapped_depth	Untreated_primer_pair_1_mapped_depth	Denatured_mutations	Denatured_read_depth	Denatured_effective_depth	Denatured_rate	Denatured_off_target_mapped_depth	Denatured_low_mapq_mapped_depth	Denatured_primer_pair_1_mapped_depth	Reactivity_profile	Std_err	HQ_profile	HQ_stderr	Norm_profile	Norm_stderr
1	g	0	443502	0	nan	0	13	443502	0	0	0	nan	0	0	0	0	0	0	nan	0	0	0	nan	nan	nan	nan	nan	nan
2	g	0	443901	0	nan	0	13	443901	0	0	0	nan	0	0	0	0	0	0	nan	0	0	0	nan	nan	nan	nan	nan	nan
3	u	0	444046	0	nan	0	13	444046	0	0	0	nan	0	0	0	0	0	0	nan	0	0	0	nan	nan	nan	nan	nan	nan
4	g	0	444106	0	nan	0	13	444106	0	0	0	nan	0	0	0	0	0	0	nan	0	0	0	nan	nan	nan	nan	nan	nan
5	u	0	444186	0	nan	0	13	444186	0	0	0	nan	0	0	0	0	0	0	nan	0	0	0	nan	nan	nan	nan	nan	nan
6	a	0	444189	0	nan	0	13	444189	0	0	0	nan	0	0	0	0	0	0	nan	0	0	0	nan	nan	nan	nan	nan	nan
7	a	0	444196	0	nan	0	13	444196	0	0	0	nan	0	0	0	0	0	0	nan	0	0	0	nan	nan	nan	nan	nan	nan
8	g	0	444210	0	nan	0	13	444210	0	0	0	nan	0	0	0	0	0	0	nan	0	0	0	nan	nan	nan	nan	nan	nan
9	g	0	444565	0	nan	0	13	444565	0	0	0	nan	0	0	0	0	0	0	nan	0	0	0	nan	nan	nan	nan	nan	nan
10	g	0	530913	0	nan	1	13	530913	0	0	0	nan	0	0	0	0	0	0	nan	0	0	0	nan	nan	nan	nan	nan	nan
11	u	0	531467	0	nan	1	13	531467	0	0	0	nan	0	0	0	0	0	0	nan	0	0	0	nan	nan	nan	nan	nan	nan
12	g	0	531924	0	nan	1	13	531924	0	0	0	nan	0	0	0	0	0	0	nan	0	0	0	nan	nan	nan	nan	nan	nan
13	a	0	531974	0	nan	1	13	531974	0	0	0	nan	0	0	0	0	0	0	nan	0	0	0	nan	nan	nan	nan	nan	nan
14	a	0	531976	0	nan	1	13	531976	0	0	0	nan	0	0	0	0	0	0	nan	0	0	0	nan	nan	nan	nan	nan	nan
15	g	0	531977	0	nan	2	13	531977	0	0	0	nan	0	0	0	0	0	0	nan	0	0	0	nan	nan	nan	nan	nan	nan
16	u	0	531995	0	nan	2	13	531995	0	0	0	nan	0	0	0	0	0	0	nan	0	0	0	nan	nan	nan	nan	nan	nan
17	g	0	532029	0	nan	2	13	532029	0	0	0	nan	0	0	0	0	0	0	nan	0	0	0	nan	nan	nan	nan	nan	nan
18	u	0	532109	0	nan	2	13	532109	0	0	0	nan	0	0	0	0	0	0	nan	0	0	0	nan	nan	nan	nan	nan	nan
19	a	0	532243	0	nan	2	13	532243	0	0	0	nan	0	0	0	0	0	0	nan	0	0	0	nan	nan	nan	nan	nan	nan
20	A	0	532513	264	0.000000	2	13	532513	0	0	0	nan	0	0	0	0	0	0	nan	0	0	0	0.000000	0.000000	nan	nan	nan	nan
21	G	0	532797	538	0.000000	3	13	532797	0	0	0	nan	0	0	0	0	0	0	nan	0	0	0	0.000000	0.000000	nan	nan	nan	nan
22	G	0	533019	745	0.000000	3	13	533019	0	0	0	nan	0	0	0	0	0	0	nan	0	0	0	0.000000	0.000000	nan	nan	nan	nan
23	U	0	533043	532010	0.000000	3	13	533043	0	0	0	nan	0	0	0	0	0	0	nan	0	0	0	0.000000	0.000000	0.000000	0.000000	nan	nan
24	U	458	533043	531985	0.000861	3	13	533043	0	0	0	nan	0	0	0	0	0	0	nan	0	0	0	0.000861	0.000040	0.000861	0.000040	nan	nan
25	G	307	533043	531905	0.000577	3	13	533043	0	0	0	nan	0	0	0	0	0	0	nan	0	0	0	0.000577	0.000033	0.000577	0.000033	nan	nan
26	A	328	533044	522322	0.000628	3	13	533044	0	0	0	nan	0	0	0	0	0	0	nan	0	0	0	0.000628	0.000035	0.000628	0.000035	nan	nan
27	C	4020	533045	521903	0.007703	3	13	533045	0	0	0	nan	0	0	0	0	0	0	nan	0	0	0	0.007703	0.000121	0.007703	0.000121	1.667858	0.026199
28	C	526	533049	521569	0.001008	3	13	533049	0	0	0	nan	0	0	0	0	0	0	nan	0	0	0	0.001008	0.000044	0.001008	0.000044	0.218253	0.009527
29	U	435	533057	530339	0.000820	3	13	533057	0	0	0	nan	0	0	0	0	0	0	nan	0	0	0	0.000820	0.000039	0.000820	0.000039	nan	nan
30	U	643	533069	530900	0.001211	3	13	533069	0	0	0	nan	0	0	0	0	0	0	nan	0	0	0	0.001211	0.000048	0.001211	0.000048	nan	nan
31	U	785	533105	531615	0.001477	3	13	533105	0	0	0	nan	0	0	0	0	0	0	nan	0	0	0	0.001477	0.000053	0.001477	0.000053	nan	nan
32	U	358	533198	532333	0.000673	3	13	533198	0	0	0	nan	0	0	0	0	0	0	nan	0	0	0	0.000673	0.000036	0.000673	0.000036	nan	nan
33	G	197	533277	532346	0.000370	3	13	533277	0	0	0	nan	0	0	0	0	0	0	nan	0	0	0	0.000370	0.000026	0.000370	0.000026	nan	nan
34	A	272	533328	532627	0.000511	3	13	533328	0	0	0	nan	0	0	0	0	0	0	nan	0	0	0	0.000511	0.000031	0.000511	0.000031	nan	nan
35	A	280	533329	532194	0.000526	3	13	533329	0	0	0	nan	0	0	0	0	0	0	nan	0	0	0	0.000526	0.000031	0.000526	0.000031	nan	nan
36	U	323	533331	532151	0.000607	3	13	533331	0	0	0	nan	0	0	0	0	0	0	nan	0	0	0	0.000607	0.000034	0.000607	0.000034	nan	nan
37	A	356	533332	532267	0.000669	3	13	533332	0	0	0	nan	0	0	0	0	0	0	nan	0	0	0	0.000669	0.000035	0.000669	0.000035	nan	nan
38	G	282	533335	531872	0.000530	3	13	533334	0	0	0	nan	0	0	0	0	0	0	nan	0	0	0	0.000530	0.000032	0.000530	0.000032	nan	nan
39	U	457	533337	532402	0.000858	3	13	533337	0	0	0	nan	0	0	0	0	0	0	nan	0	0	0	0.000858	0.000040	0.000858	0.000040	nan	nan
40	G	293	533343	532018	0.000551	3	13	533343	0	0	0	nan	0	0	0	0	0	0	nan	0	0	0	0.000551	0.000032	0.000551	0.000032	nan	nan
41	A	556	533345	532183	0.001045	3	13	533345	0	0	0	nan	0	0	0	0	0	0	nan	0	0	0	0.001045	0.000044	0.001045	0.000044	nan	nan
42	U	890	533351	531693	0.001674	3	13	533351	0	0	0	nan	0	0	0	0	0	0	nan	0	0	0	0.001674	0.000056	0.001674	0.000056	nan	nan
43	U	679	533357	531701	0.001277	3	13	533356	0	0	0	nan	0	0	0	0	0	0	nan	0	0	0	0.001277	0.000049	0.001277	0.000049	nan	nan
44	C	816	533364	531928	0.001534	3	13	533364	0	0	0	nan	0	0	0	0	0	0	nan	0	0	0	0.001534	0.000054	0.001534	0.000054	0.332142	0.011692
45	A	440	533372	532410	0.000826	3	13	533372	0	0	0	nan	0	0	0	0	0	0	nan	0	0	0	0.000826	0.000039	0.000826	0.000039	nan	nan
46	G	319	533391	532367	0.000599	3	13	533391	0	0	0	nan	0	0	0	0	0	0	nan	0	0	0	0.000599	0.000034	0.000599	0.000034	nan	nan
47	G	242	533398	532573	0.000454	3	13	533398	0	0	0	nan	0	0	0	0	0	0	nan	0	0	0	0.000454	0.000029	0.000454	0.000029	nan	nan
48	A	282	533402	532727	0.000529	4	13	533402	0	0	0	nan	0	0	0	0	0	0	nan	0	0	0	0.000529	0.000032	0.000529	0.000032	nan	nan
49	G	315	533415	532559	0.000591	4	13	533415	0	0	0	nan	0	0	0	0	0	0	nan	0	0	0	0.000591	0.000033	0.000591	0.000033	nan	nan
50	G	246	533416	532204	0.000462	5	13	533416	0	0	0	nan	0	0	0	0	0	0	nan	0	0	0	0.000462	0.000029	0.000462	0.000029	nan	nan
51	U	626	533419	532070	0.001177	5	13	533419	0	0	0	nan	0	0	0	0	0	0	nan	0	0	0	0.001177	0.000047	0.001177	0.000047	nan	nan
52	U	570	533423	531969	0.001071	6	13	533423	0	0	0	nan	0	0	0	0	0	0	nan	0	0	0	0.001071	0.000045	0.001071	0.000045	nan	nan
53	A	202	533423	532169	0.000380	6	13	533423	0	0	0	nan	0	0	0	0	0	0	nan	0	0	0	0.000380	0.000027	0.000380	0.000027	nan	nan
54	A	249	533238	531524	0.000468	6	13	533235	0	0	0	nan	0	0	0	0	0	0	nan	0	0	0	0.000468	0.000030	0.000468	0.000030	nan	nan
55	U	441	533239	531312	0.000830	6	13	533236	0	0	0	nan	0	0	0	0	0	0	nan	0	0	0	0.000830	0.000040	0.000830	0.000040	nan	nan
56	G	311	533242	531428	0.000585	5	13	533240	0	0	0	nan	0	0	0	0	0	0	nan	0	0	0	0.000585	0.000033	0.000585	0.000033	nan	nan
57	G	0	533243	531731	0.000000	5	13	533243	0	0	0	nan	0	0	0	0	0	0	nan	0	0	0	0.000000	0.000000	0.000000	0.000000	nan	nan
58	A	0	533243	0	nan	5	13	533243	0	0	0	nan	0	0	0	0	0	0	nan	0	0	0	nan	nan	nan	nan	nan	nan
59	A	0	533243	0	nan	5	13	533243	0	0	0	nan	0	0	0	0	0	0	nan	0	0	0	nan	nan	nan	nan	nan	nan
60	G	0	533243	0	nan	5	13	533243	0	0	0	nan	0	0	0	0	0	0	nan	0	0	0	nan	nan	nan	nan	nan	nan
61	u	0	533243	0	nan	5	13	533243	0	0	0	nan	0	0	0	0	0	0	nan	0	0	0	nan	nan	nan	nan	nan	nan
62	a	0	533243	0	nan	4	13	533243	0	0	0	nan	0	0	0	0	0	0	nan	0	0	0	nan	nan	nan	nan	nan	nan
63	a	0	533243	0	nan	4	13	533243	0	0	0	nan	0	0	0	0	0	0	nan	0	0	0	nan	nan	nan	nan	nan	nan
64	a	0	533243	0	nan	4	13	533243	0	0	0	nan	0	0	0	0	0	0	nan	0	0	0	nan	nan	nan	nan	nan	nan
65	g	0	533243	0	nan	4	13	533243	0	0	0	nan	0	0	0	0	0	0	nan	0	0	0	nan	nan	nan	nan	nan	nan
66	g	0	533243	0	nan	4	13	533243	0	0	0	nan	0	0	0	0	0	0	nan	0	0	0	nan	nan	nan	nan	nan	nan
67	u	0	533243	0	nan	4	13	533243	0	0	0	nan	0	0	0	0	0	0	nan	0	0	0	nan	nan	nan	nan	nan	nan
68	a	0	533243	0	nan	4	13	533243	0	0	0	nan	0	0	0	0	0	0	nan	0	0	0	nan	nan	nan	nan	nan	nan
69	a	0	533243	0	nan	4	13	533243	0	0	0	nan	0	0	0	0	0	0	nan	0	0	0	nan	nan	nan	nan	nan	nan
70	u	0	533243	0	nan	4	13	533243	0	0	0	nan	0	0	0	0	0	0	nan	0	0	0	nan	nan	nan	nan	nan	nan
71	g	0	533243	0	nan	4	13	533243	0	0	0	nan	0	0	0	0	0	0	nan	0	0	0	nan	nan	nan	nan	nan	nan
72	a	0	533242	0	nan	4	13	533242	0	0	0	nan	0	0	0	0	0	0	nan	0	0	0	nan	nan	nan	nan	nan	nan
73	a	0	533242	0	nan	4	13	533242	0	0	0	nan	0	0	0	0	0	0	nan	0	0	0	nan	nan	nan	nan	nan	nan
74	g	0	533242	0	nan	4	13	533242	0	0	0	nan	0	0	0	0	0	0	nan	0	0	0	nan	nan	nan	nan	nan	nan
75	g	0	533238	0	nan	4	13	533238	0	0	0	nan	0	0	0	0	0	0	nan	0	0	0	nan	nan	nan	nan	nan	nan
76	u	0	533230	0	nan	4	13	533230	0	0	0	nan	0	0	0	0	0	0	nan	0	0	0	nan	nan	nan	nan	nan	nan
77	g	0	533227	0	nan	4	13	533227	0	0	0	nan	0	0	0	0	0	0	nan	0	0	0	nan	nan	nan	nan	nan	nan
78	a	0	533222	0	nan	4	13	533222	0	0	0	nan	0	0	0	0	0	0	nan	0	0	0	nan	nan	nan	nan	nan	nan
79	a	0	533131	0	nan	4	13	533131	0	0	0	nan	0	0	0	0	0	0	nan	0	0	0	nan	nan	nan	nan	nan	nan
80	g	0	532897	0	nan	4	13	532897	0	0	0	nan	0	0	0	0	0	0	nan	0	0	0	nan	nan	nan	nan	nan	nan