Nucleotide	Sequence	Modified_mutations	Modified_read_depth	Modified_effective_depth	Modified_rate	Modified_off_target_mapped_depth	Modified_low_mapq_mapped_depth	Modified_primer_pair_1_mapped_depth	Untreated_mutations	Untreated_read_depth	Untreated_effective_depth	Untreated_rate	Untreated_off_target_mapped_depth	Untreated_low_mapq_mapped_depth	Untreated_primer_pair_1_mapped_depth	Denatured_mutations	Denatured_read_depth	Denatured_effective_depth	Denatured_rate	Denatured_off_target_mapped_depth	Denatured_low_mapq_mapped_depth	Denatured_primer_pair_1_mapped_depth	Reactivity_profile	Std_err	HQ_profile	HQ_stderr	Norm_profile	Norm_stderr
1	g	0	273120	0	nan	30	0	273120	0	0	0	nan	0	0	0	0	0	0	nan	0	0	0	nan	nan	nan	nan	nan	nan
2	g	0	273677	0	nan	30	0	273677	0	0	0	nan	0	0	0	0	0	0	nan	0	0	0	nan	nan	nan	nan	nan	nan
3	c	0	273846	0	nan	30	0	273846	0	0	0	nan	0	0	0	0	0	0	nan	0	0	0	nan	nan	nan	nan	nan	nan
4	a	0	279034	0	nan	68	0	279034	0	0	0	nan	0	0	0	0	0	0	nan	0	0	0	nan	nan	nan	nan	nan	nan
5	c	0	279149	0	nan	69	0	279149	0	0	0	nan	0	0	0	0	0	0	nan	0	0	0	nan	nan	nan	nan	nan	nan
6	c	0	279181	0	nan	69	0	279181	0	0	0	nan	0	0	0	0	0	0	nan	0	0	0	nan	nan	nan	nan	nan	nan
7	u	0	279187	0	nan	69	0	279187	0	0	0	nan	0	0	0	0	0	0	nan	0	0	0	nan	nan	nan	nan	nan	nan
8	c	0	279193	0	nan	69	0	279193	0	0	0	nan	0	0	0	0	0	0	nan	0	0	0	nan	nan	nan	nan	nan	nan
9	a	0	279194	0	nan	69	0	279194	0	0	0	nan	0	0	0	0	0	0	nan	0	0	0	nan	nan	nan	nan	nan	nan
10	u	0	279251	0	nan	69	0	279251	0	0	0	nan	0	0	0	0	0	0	nan	0	0	0	nan	nan	nan	nan	nan	nan
11	a	0	279361	0	nan	69	0	279361	0	0	0	nan	0	0	0	0	0	0	nan	0	0	0	nan	nan	nan	nan	nan	nan
12	a	0	279373	0	nan	69	0	279373	0	0	0	nan	0	0	0	0	0	0	nan	0	0	0	nan	nan	nan	nan	nan	nan
13	c	0	279376	0	nan	69	0	279376	0	0	0	nan	0	0	0	0	0	0	nan	0	0	0	nan	nan	nan	nan	nan	nan
14	a	0	279378	0	nan	69	0	279378	0	0	0	nan	0	0	0	0	0	0	nan	0	0	0	nan	nan	nan	nan	nan	nan
15	u	0	279381	0	nan	69	0	279381	0	0	0	nan	0	0	0	0	0	0	nan	0	0	0	nan	nan	nan	nan	nan	nan
16	a	0	279388	0	nan	69	0	279388	0	0	0	nan	0	0	0	0	0	0	nan	0	0	0	nan	nan	nan	nan	nan	nan
17	a	0	279390	0	nan	69	0	279390	0	0	0	nan	0	0	0	0	0	0	nan	0	0	0	nan	nan	nan	nan	nan	nan
18	c	0	279394	0	nan	69	1	279394	0	0	0	nan	0	0	0	0	0	0	nan	0	0	0	nan	nan	nan	nan	nan	nan
19	U	0	279398	4	0.000000	69	1	279398	0	0	0	nan	0	0	0	0	0	0	nan	0	0	0	0.000000	0.000000	nan	nan	nan	nan
20	A	0	279447	47	0.000000	69	1	279447	0	0	0	nan	0	0	0	0	0	0	nan	0	0	0	0.000000	0.000000	nan	nan	nan	nan
21	A	0	279458	55	0.000000	69	1	279458	0	0	0	nan	0	0	0	0	0	0	nan	0	0	0	0.000000	0.000000	nan	nan	nan	nan
22	G	0	279469	277033	0.000000	69	1	279469	0	0	0	nan	0	0	0	0	0	0	nan	0	0	0	0.000000	0.000000	0.000000	0.000000	0.000000	0.000000
23	G	1071	279474	275548	0.003887	69	1	279474	0	0	0	nan	0	0	0	0	0	0	nan	0	0	0	0.003887	0.000119	0.003887	0.000119	1.318074	0.040353
24	C	6955	279485	276067	0.025193	69	1	279485	0	0	0	nan	0	0	0	0	0	0	nan	0	0	0	0.025193	0.000302	0.025193	0.000302	0.918866	0.011015
25	A	4423	279505	276694	0.015985	69	1	279505	0	0	0	nan	0	0	0	0	0	0	nan	0	0	0	0.015985	0.000240	0.015985	0.000240	1.000000	0.015014
26	G	633	279518	276885	0.002286	69	1	279518	0	0	0	nan	0	0	0	0	0	0	nan	0	0	0	0.002286	0.000091	0.002286	0.000091	0.775178	0.030858
27	A	3920	279529	277520	0.014125	69	1	279529	0	0	0	nan	0	0	0	0	0	0	nan	0	0	0	0.014125	0.000226	0.014125	0.000226	0.883641	0.014138
28	U	735	279539	276783	0.002656	69	1	279539	0	0	0	nan	0	0	0	0	0	0	nan	0	0	0	0.002656	0.000098	0.002656	0.000098	0.873397	0.032226
29	C	5584	279540	277307	0.020137	69	1	279539	0	0	0	nan	0	0	0	0	0	0	nan	0	0	0	0.020137	0.000269	0.020137	0.000269	0.734458	0.009811
30	U	707	279545	277141	0.002551	69	1	279544	0	0	0	nan	0	0	0	0	0	0	nan	0	0	0	0.002551	0.000096	0.002551	0.000096	0.838869	0.031569
31	G	650	279552	277016	0.002346	69	1	279552	0	0	0	nan	0	0	0	0	0	0	nan	0	0	0	0.002346	0.000092	0.002346	0.000092	0.795524	0.031197
32	A	4098	279554	277457	0.014770	69	1	279553	0	0	0	nan	0	0	0	0	0	0	nan	0	0	0	0.014770	0.000231	0.014770	0.000231	0.923991	0.014451
33	G	593	279556	276250	0.002147	69	1	279553	0	0	0	nan	0	0	0	0	0	0	nan	0	0	0	0.002147	0.000088	0.002147	0.000088	0.728043	0.029841
34	C	5720	279562	276520	0.020686	69	1	279553	0	0	0	nan	0	0	0	0	0	0	nan	0	0	0	0.020686	0.000274	0.020686	0.000274	0.754482	0.009994
35	U	947	279564	276171	0.003429	69	1	279551	0	0	0	nan	0	0	0	0	0	0	nan	0	0	0	0.003429	0.000111	0.003429	0.000111	1.127590	0.036501
36	U	752	279568	275841	0.002726	69	1	279539	0	0	0	nan	0	0	0	0	0	0	nan	0	0	0	0.002726	0.000099	0.002726	0.000099	0.896416	0.032555
37	G	805	279572	275166	0.002926	69	1	279488	0	0	0	nan	0	0	0	0	0	0	nan	0	0	0	0.002926	0.000103	0.002926	0.000103	0.992201	0.034927
38	G	697	279574	268168	0.002599	69	1	279493	0	0	0	nan	0	0	0	0	0	0	nan	0	0	0	0.002599	0.000098	0.002599	0.000098	0.881316	0.033232
39	G	789	279576	267593	0.002949	69	1	279507	0	0	0	nan	0	0	0	0	0	0	nan	0	0	0	0.002949	0.000105	0.002949	0.000105	1.000000	0.035605
40	A	4649	279579	269183	0.017271	69	1	279532	0	0	0	nan	0	0	0	0	0	0	nan	0	0	0	0.017271	0.000253	0.017271	0.000253	1.080450	0.015827
41	G	717	279588	275686	0.002601	69	1	279569	0	0	0	nan	0	0	0	0	0	0	nan	0	0	0	0.002601	0.000097	0.002601	0.000097	0.881994	0.032893
42	C	5904	279592	276608	0.021344	35	1	279582	0	0	0	nan	0	0	0	0	0	0	nan	0	0	0	0.021344	0.000278	0.021344	0.000278	0.778481	0.010140
43	U	553	279593	276533	0.002000	34	1	279587	0	0	0	nan	0	0	0	0	0	0	nan	0	0	0	0.002000	0.000085	0.002000	0.000085	0.657678	0.027951
44	C	5365	279595	276646	0.019393	34	1	279589	0	0	0	nan	0	0	0	0	0	0	nan	0	0	0	0.019393	0.000265	0.019393	0.000265	0.707322	0.009665
45	U	649	279597	276835	0.002344	34	1	279590	0	0	0	nan	0	0	0	0	0	0	nan	0	0	0	0.002344	0.000092	0.002344	0.000092	0.770799	0.030253
46	C	5458	279595	276754	0.019721	34	1	279587	0	0	0	nan	0	0	0	0	0	0	nan	0	0	0	0.019721	0.000267	0.019721	0.000267	0.719285	0.009738
47	U	929	279594	276788	0.003356	34	1	279587	0	0	0	nan	0	0	0	0	0	0	nan	0	0	0	0.003356	0.000110	0.003356	0.000110	1.103584	0.036172
48	G	1416	279595	275670	0.005137	34	1	279588	0	0	0	nan	0	0	0	0	0	0	nan	0	0	0	0.005137	0.000137	0.005137	0.000137	1.741946	0.046456
49	C	9706	279595	276340	0.035123	34	1	279591	0	0	0	nan	0	0	0	0	0	0	nan	0	0	0	0.035123	0.000357	0.035123	0.000357	1.281043	0.013021
50	C	9443	279599	276993	0.034091	34	1	279595	0	0	0	nan	0	0	0	0	0	0	nan	0	0	0	0.034091	0.000351	0.034091	0.000351	1.243403	0.012802
51	A	3416	279605	277438	0.012313	34	1	279605	0	0	0	nan	0	0	0	0	0	0	nan	0	0	0	0.012313	0.000211	0.012313	0.000211	0.770285	0.013200
52	A	0	279605	276503	0.000000	34	1	279605	0	0	0	nan	0	0	0	0	0	0	nan	0	0	0	0.000000	0.000000	0.000000	0.000000	0.000000	0.000000
53	U	0	279597	252	0.000000	28	1	279597	0	0	0	nan	0	0	0	0	0	0	nan	0	0	0	0.000000	0.000000	nan	nan	nan	nan
54	C	0	279290	3	0.000000	23	1	279290	0	0	0	nan	0	0	0	0	0	0	nan	0	0	0	0.000000	0.000000	nan	nan	nan	nan
55	C	0	279288	1	0.000000	23	1	279288	0	0	0	nan	0	0	0	0	0	0	nan	0	0	0	0.000000	0.000000	nan	nan	nan	nan
56	a	0	279287	0	nan	23	1	279287	0	0	0	nan	0	0	0	0	0	0	nan	0	0	0	nan	nan	nan	nan	nan	nan
57	c	0	279287	0	nan	23	1	279287	0	0	0	nan	0	0	0	0	0	0	nan	0	0	0	nan	nan	nan	nan	nan	nan
58	u	0	279287	0	nan	23	1	279287	0	0	0	nan	0	0	0	0	0	0	nan	0	0	0	nan	nan	nan	nan	nan	nan
59	a	0	279287	0	nan	23	1	279287	0	0	0	nan	0	0	0	0	0	0	nan	0	0	0	nan	nan	nan	nan	nan	nan
60	a	0	279287	0	nan	23	1	279287	0	0	0	nan	0	0	0	0	0	0	nan	0	0	0	nan	nan	nan	nan	nan	nan
61	c	0	279287	0	nan	12	1	279287	0	0	0	nan	0	0	0	0	0	0	nan	0	0	0	nan	nan	nan	nan	nan	nan
62	c	0	279287	0	nan	10	1	279287	0	0	0	nan	0	0	0	0	0	0	nan	0	0	0	nan	nan	nan	nan	nan	nan
63	u	0	279287	0	nan	0	1	279287	0	0	0	nan	0	0	0	0	0	0	nan	0	0	0	nan	nan	nan	nan	nan	nan
64	c	0	279287	0	nan	0	1	279287	0	0	0	nan	0	0	0	0	0	0	nan	0	0	0	nan	nan	nan	nan	nan	nan
65	a	0	279287	0	nan	0	1	279287	0	0	0	nan	0	0	0	0	0	0	nan	0	0	0	nan	nan	nan	nan	nan	nan
66	c	0	279287	0	nan	0	1	279287	0	0	0	nan	0	0	0	0	0	0	nan	0	0	0	nan	nan	nan	nan	nan	nan
67	u	0	279287	0	nan	0	1	279287	0	0	0	nan	0	0	0	0	0	0	nan	0	0	0	nan	nan	nan	nan	nan	nan
68	c	0	279287	0	nan	0	1	279287	0	0	0	nan	0	0	0	0	0	0	nan	0	0	0	nan	nan	nan	nan	nan	nan
69	a	0	279287	0	nan	0	1	279287	0	0	0	nan	0	0	0	0	0	0	nan	0	0	0	nan	nan	nan	nan	nan	nan
70	c	0	279277	0	nan	0	1	279277	0	0	0	nan	0	0	0	0	0	0	nan	0	0	0	nan	nan	nan	nan	nan	nan
71	a	0	279273	0	nan	0	1	279273	0	0	0	nan	0	0	0	0	0	0	nan	0	0	0	nan	nan	nan	nan	nan	nan
72	a	0	279198	0	nan	0	1	279198	0	0	0	nan	0	0	0	0	0	0	nan	0	0	0	nan	nan	nan	nan	nan	nan
73	u	0	279062	0	nan	0	1	279062	0	0	0	nan	0	0	0	0	0	0	nan	0	0	0	nan	nan	nan	nan	nan	nan
74	c	0	278664	0	nan	0	1	278664	0	0	0	nan	0	0	0	0	0	0	nan	0	0	0	nan	nan	nan	nan	nan	nan