Nucleotide	Sequence	Modified_mutations	Modified_read_depth	Modified_effective_depth	Modified_rate	Modified_off_target_mapped_depth	Modified_low_mapq_mapped_depth	Modified_primer_pair_1_mapped_depth	Untreated_mutations	Untreated_read_depth	Untreated_effective_depth	Untreated_rate	Untreated_off_target_mapped_depth	Untreated_low_mapq_mapped_depth	Untreated_primer_pair_1_mapped_depth	Denatured_mutations	Denatured_read_depth	Denatured_effective_depth	Denatured_rate	Denatured_off_target_mapped_depth	Denatured_low_mapq_mapped_depth	Denatured_primer_pair_1_mapped_depth	Reactivity_profile	Std_err	HQ_profile	HQ_stderr	Norm_profile	Norm_stderr
1	g	0	185274	0	nan	1	0	185274	0	0	0	nan	0	0	0	0	0	0	nan	0	0	0	nan	nan	nan	nan	nan	nan
2	g	0	185431	0	nan	1	1	185431	0	0	0	nan	0	0	0	0	0	0	nan	0	0	0	nan	nan	nan	nan	nan	nan
3	u	0	185528	0	nan	1	1	185528	0	0	0	nan	0	0	0	0	0	0	nan	0	0	0	nan	nan	nan	nan	nan	nan
4	g	0	185542	0	nan	1	1	185542	0	0	0	nan	0	0	0	0	0	0	nan	0	0	0	nan	nan	nan	nan	nan	nan
5	u	0	185548	0	nan	1	1	185548	0	0	0	nan	0	0	0	0	0	0	nan	0	0	0	nan	nan	nan	nan	nan	nan
6	a	0	185551	0	nan	1	1	185551	0	0	0	nan	0	0	0	0	0	0	nan	0	0	0	nan	nan	nan	nan	nan	nan
7	a	0	185552	0	nan	1	1	185552	0	0	0	nan	0	0	0	0	0	0	nan	0	0	0	nan	nan	nan	nan	nan	nan
8	g	0	185552	0	nan	1	1	185552	0	0	0	nan	0	0	0	0	0	0	nan	0	0	0	nan	nan	nan	nan	nan	nan
9	g	0	185561	0	nan	1	1	185561	0	0	0	nan	0	0	0	0	0	0	nan	0	0	0	nan	nan	nan	nan	nan	nan
10	g	0	186489	0	nan	2	1	186489	0	0	0	nan	0	0	0	0	0	0	nan	0	0	0	nan	nan	nan	nan	nan	nan
11	u	0	186494	0	nan	2	1	186494	0	0	0	nan	0	0	0	0	0	0	nan	0	0	0	nan	nan	nan	nan	nan	nan
12	g	0	186516	0	nan	2	1	186516	0	0	0	nan	0	0	0	0	0	0	nan	0	0	0	nan	nan	nan	nan	nan	nan
13	a	0	186517	0	nan	2	1	186517	0	0	0	nan	0	0	0	0	0	0	nan	0	0	0	nan	nan	nan	nan	nan	nan
14	a	0	186517	0	nan	2	1	186517	0	0	0	nan	0	0	0	0	0	0	nan	0	0	0	nan	nan	nan	nan	nan	nan
15	g	0	186517	0	nan	14	1	186517	0	0	0	nan	0	0	0	0	0	0	nan	0	0	0	nan	nan	nan	nan	nan	nan
16	u	0	186517	0	nan	14	1	186517	0	0	0	nan	0	0	0	0	0	0	nan	0	0	0	nan	nan	nan	nan	nan	nan
17	g	0	186518	0	nan	14	1	186518	0	0	0	nan	0	0	0	0	0	0	nan	0	0	0	nan	nan	nan	nan	nan	nan
18	u	0	186520	0	nan	14	1	186520	0	0	0	nan	0	0	0	0	0	0	nan	0	0	0	nan	nan	nan	nan	nan	nan
19	a	0	186526	0	nan	14	1	186526	0	0	0	nan	0	0	0	0	0	0	nan	0	0	0	nan	nan	nan	nan	nan	nan
20	A	0	186530	4	0.000000	14	1	186530	0	0	0	nan	0	0	0	0	0	0	nan	0	0	0	0.000000	0.000000	nan	nan	nan	nan
21	G	0	186536	9	0.000000	14	1	186536	0	0	0	nan	0	0	0	0	0	0	nan	0	0	0	0.000000	0.000000	nan	nan	nan	nan
22	G	0	186539	10	0.000000	14	1	186539	0	0	0	nan	0	0	0	0	0	0	nan	0	0	0	0.000000	0.000000	nan	nan	nan	nan
23	U	0	186544	186338	0.000000	14	1	186544	0	0	0	nan	0	0	0	0	0	0	nan	0	0	0	0.000000	0.000000	0.000000	0.000000	0.000000	0.000000
24	U	228	186553	186318	0.001224	14	1	186553	0	0	0	nan	0	0	0	0	0	0	nan	0	0	0	0.001224	0.000081	0.001224	0.000081	0.602956	0.039901
25	G	122	186553	185619	0.000657	14	1	186553	0	0	0	nan	0	0	0	0	0	0	nan	0	0	0	0.000657	0.000060	0.000657	0.000060	nan	nan
26	A	2778	186553	186081	0.014929	14	1	186553	0	0	0	nan	0	0	0	0	0	0	nan	0	0	0	0.014929	0.000283	0.014929	0.000283	1.335749	0.025321
27	A	2097	186553	186022	0.011273	14	1	186553	0	0	0	nan	0	0	0	0	0	0	nan	0	0	0	0.011273	0.000246	0.011273	0.000246	1.008634	0.022010
28	C	1675	186553	185862	0.009012	14	1	186553	0	0	0	nan	0	0	0	0	0	0	nan	0	0	0	0.009012	0.000220	0.009012	0.000220	1.259055	0.030736
29	U	210	186554	186044	0.001129	14	1	186554	0	0	0	nan	0	0	0	0	0	0	nan	0	0	0	0.001129	0.000078	0.001129	0.000078	0.556158	0.038424
30	U	329	186554	186187	0.001767	14	1	186553	0	0	0	nan	0	0	0	0	0	0	nan	0	0	0	0.001767	0.000097	0.001767	0.000097	0.870443	0.047783
31	U	378	186554	186246	0.002030	14	1	186550	0	0	0	nan	0	0	0	0	0	0	nan	0	0	0	0.002030	0.000104	0.002030	0.000104	1.000000	0.051232
32	U	217	186557	186187	0.001165	14	1	186526	0	0	0	nan	0	0	0	0	0	0	nan	0	0	0	0.001165	0.000079	0.001165	0.000079	0.573892	0.038916
33	G	124	186570	185475	0.000669	14	1	186530	0	0	0	nan	0	0	0	0	0	0	nan	0	0	0	0.000669	0.000060	0.000669	0.000060	nan	nan
34	A	1026	186579	186031	0.005515	14	1	186534	0	0	0	nan	0	0	0	0	0	0	nan	0	0	0	0.005515	0.000172	0.005515	0.000172	0.493446	0.015389
35	A	764	186580	185976	0.004108	14	1	186535	0	0	0	nan	0	0	0	0	0	0	nan	0	0	0	0.004108	0.000149	0.004108	0.000149	0.367557	0.013332
36	U	195	186581	185777	0.001050	14	1	186536	0	0	0	nan	0	0	0	0	0	0	nan	0	0	0	0.001050	0.000075	0.001050	0.000075	0.517241	0.036946
37	A	8128	186583	185731	0.043762	14	1	186536	0	0	0	nan	0	0	0	0	0	0	nan	0	0	0	0.043762	0.000485	0.043762	0.000485	3.915537	0.043395
38	G	162	186607	184399	0.000879	14	1	186591	0	0	0	nan	0	0	0	0	0	0	nan	0	0	0	0.000879	0.000069	0.000879	0.000069	nan	nan
39	U	374	186609	186092	0.002010	14	1	186594	0	0	0	nan	0	0	0	0	0	0	nan	0	0	0	0.002010	0.000104	0.002010	0.000104	0.990148	0.051232
40	G	171	186611	185573	0.000921	14	1	186597	0	0	0	nan	0	0	0	0	0	0	nan	0	0	0	0.000921	0.000070	0.000921	0.000070	nan	nan
41	A	2025	186612	186008	0.010887	14	1	186600	0	0	0	nan	0	0	0	0	0	0	nan	0	0	0	0.010887	0.000242	0.010887	0.000242	0.974097	0.021653
42	U	393	186615	186020	0.002113	14	1	186606	0	0	0	nan	0	0	0	0	0	0	nan	0	0	0	0.002113	0.000107	0.002113	0.000107	1.040887	0.052709
43	U	347	186616	186209	0.001863	14	1	186607	0	0	0	nan	0	0	0	0	0	0	nan	0	0	0	0.001863	0.000100	0.001863	0.000100	0.917734	0.049261
44	C	297	186627	186227	0.001595	14	1	186620	0	0	0	nan	0	0	0	0	0	0	nan	0	0	0	0.001595	0.000093	0.001595	0.000093	0.222835	0.012993
45	A	563	186641	186261	0.003023	14	1	186634	0	0	0	nan	0	0	0	0	0	0	nan	0	0	0	0.003023	0.000127	0.003023	0.000127	0.270478	0.011363
46	G	150	186654	185764	0.000807	14	1	186648	0	0	0	nan	0	0	0	0	0	0	nan	0	0	0	0.000807	0.000066	0.000807	0.000066	nan	nan
47	G	146	186658	185817	0.000786	14	1	186652	0	0	0	nan	0	0	0	0	0	0	nan	0	0	0	0.000786	0.000065	0.000786	0.000065	nan	nan
48	A	487	186658	186254	0.002615	14	1	186652	0	0	0	nan	0	0	0	0	0	0	nan	0	0	0	0.002615	0.000118	0.002615	0.000118	0.233973	0.010558
49	G	153	186660	185779	0.000824	14	1	186654	0	0	0	nan	0	0	0	0	0	0	nan	0	0	0	0.000824	0.000067	0.000824	0.000067	nan	nan
50	G	199	186662	185694	0.001072	14	1	186657	0	0	0	nan	0	0	0	0	0	0	nan	0	0	0	0.001072	0.000076	0.001072	0.000076	nan	nan
51	U	282	186664	186149	0.001515	14	1	186661	0	0	0	nan	0	0	0	0	0	0	nan	0	0	0	0.001515	0.000090	0.001515	0.000090	0.746305	0.044335
52	U	216	186665	186062	0.001161	14	1	186664	0	0	0	nan	0	0	0	0	0	0	nan	0	0	0	0.001161	0.000079	0.001161	0.000079	0.571921	0.038916
53	A	769	186664	185734	0.004140	14	1	186663	0	0	0	nan	0	0	0	0	0	0	nan	0	0	0	0.004140	0.000149	0.004140	0.000149	0.370420	0.013332
54	A	739	186535	185351	0.003987	14	1	186526	0	0	0	nan	0	0	0	0	0	0	nan	0	0	0	0.003987	0.000147	0.003987	0.000147	0.356731	0.013153
55	U	315	186536	185174	0.001701	14	1	186529	0	0	0	nan	0	0	0	0	0	0	nan	0	0	0	0.001701	0.000096	0.001701	0.000096	0.837931	0.047291
56	G	210	186547	184922	0.001136	14	1	186542	0	0	0	nan	0	0	0	0	0	0	nan	0	0	0	0.001136	0.000078	0.001136	0.000078	nan	nan
57	G	0	186572	184583	0.000000	14	1	186572	0	0	0	nan	0	0	0	0	0	0	nan	0	0	0	0.000000	0.000000	0.000000	0.000000	nan	nan
58	A	0	186584	0	nan	14	1	186584	0	0	0	nan	0	0	0	0	0	0	nan	0	0	0	nan	nan	nan	nan	nan	nan
59	A	0	186584	0	nan	14	1	186584	0	0	0	nan	0	0	0	0	0	0	nan	0	0	0	nan	nan	nan	nan	nan	nan
60	G	0	186584	0	nan	14	1	186584	0	0	0	nan	0	0	0	0	0	0	nan	0	0	0	nan	nan	nan	nan	nan	nan
61	u	0	186584	0	nan	14	1	186584	0	0	0	nan	0	0	0	0	0	0	nan	0	0	0	nan	nan	nan	nan	nan	nan
62	a	0	186584	0	nan	14	1	186584	0	0	0	nan	0	0	0	0	0	0	nan	0	0	0	nan	nan	nan	nan	nan	nan
63	a	0	186584	0	nan	14	1	186584	0	0	0	nan	0	0	0	0	0	0	nan	0	0	0	nan	nan	nan	nan	nan	nan
64	a	0	186584	0	nan	12	1	186584	0	0	0	nan	0	0	0	0	0	0	nan	0	0	0	nan	nan	nan	nan	nan	nan
65	g	0	186584	0	nan	12	1	186584	0	0	0	nan	0	0	0	0	0	0	nan	0	0	0	nan	nan	nan	nan	nan	nan
66	g	0	186584	0	nan	12	1	186584	0	0	0	nan	0	0	0	0	0	0	nan	0	0	0	nan	nan	nan	nan	nan	nan
67	u	0	186584	0	nan	12	1	186584	0	0	0	nan	0	0	0	0	0	0	nan	0	0	0	nan	nan	nan	nan	nan	nan
68	a	0	186584	0	nan	12	1	186584	0	0	0	nan	0	0	0	0	0	0	nan	0	0	0	nan	nan	nan	nan	nan	nan
69	a	0	186584	0	nan	12	1	186584	0	0	0	nan	0	0	0	0	0	0	nan	0	0	0	nan	nan	nan	nan	nan	nan
70	u	0	186584	0	nan	12	1	186584	0	0	0	nan	0	0	0	0	0	0	nan	0	0	0	nan	nan	nan	nan	nan	nan
71	g	0	186584	0	nan	12	1	186584	0	0	0	nan	0	0	0	0	0	0	nan	0	0	0	nan	nan	nan	nan	nan	nan
72	a	0	186584	0	nan	12	1	186584	0	0	0	nan	0	0	0	0	0	0	nan	0	0	0	nan	nan	nan	nan	nan	nan
73	a	0	186584	0	nan	12	1	186584	0	0	0	nan	0	0	0	0	0	0	nan	0	0	0	nan	nan	nan	nan	nan	nan
74	g	0	186583	0	nan	12	1	186583	0	0	0	nan	0	0	0	0	0	0	nan	0	0	0	nan	nan	nan	nan	nan	nan
75	g	0	186583	0	nan	12	1	186583	0	0	0	nan	0	0	0	0	0	0	nan	0	0	0	nan	nan	nan	nan	nan	nan
76	u	0	186575	0	nan	12	1	186575	0	0	0	nan	0	0	0	0	0	0	nan	0	0	0	nan	nan	nan	nan	nan	nan
77	g	0	186570	0	nan	12	1	186570	0	0	0	nan	0	0	0	0	0	0	nan	0	0	0	nan	nan	nan	nan	nan	nan
78	a	0	186568	0	nan	12	1	186568	0	0	0	nan	0	0	0	0	0	0	nan	0	0	0	nan	nan	nan	nan	nan	nan
79	a	0	186538	0	nan	12	1	186538	0	0	0	nan	0	0	0	0	0	0	nan	0	0	0	nan	nan	nan	nan	nan	nan
80	g	0	186445	0	nan	12	1	186445	0	0	0	nan	0	0	0	0	0	0	nan	0	0	0	nan	nan	nan	nan	nan	nan