Nucleotide	Sequence	Modified_mutations	Modified_read_depth	Modified_effective_depth	Modified_rate	Modified_off_target_mapped_depth	Modified_low_mapq_mapped_depth	Modified_primer_pair_1_mapped_depth	Untreated_mutations	Untreated_read_depth	Untreated_effective_depth	Untreated_rate	Untreated_off_target_mapped_depth	Untreated_low_mapq_mapped_depth	Untreated_primer_pair_1_mapped_depth	Denatured_mutations	Denatured_read_depth	Denatured_effective_depth	Denatured_rate	Denatured_off_target_mapped_depth	Denatured_low_mapq_mapped_depth	Denatured_primer_pair_1_mapped_depth	Reactivity_profile	Std_err	HQ_profile	HQ_stderr	Norm_profile	Norm_stderr
1	g	0	77915	0	nan	14060	1	77915	0	0	0	nan	0	0	0	0	0	0	nan	0	0	0	nan	nan	nan	nan	nan	nan
2	g	0	77987	0	nan	14075	1	77987	0	0	0	nan	0	0	0	0	0	0	nan	0	0	0	nan	nan	nan	nan	nan	nan
3	a	0	78029	0	nan	14080	1	78029	0	0	0	nan	0	0	0	0	0	0	nan	0	0	0	nan	nan	nan	nan	nan	nan
4	u	0	78032	0	nan	14080	1	78032	0	0	0	nan	0	0	0	0	0	0	nan	0	0	0	nan	nan	nan	nan	nan	nan
5	a	0	78037	0	nan	14080	1	78037	0	0	0	nan	0	0	0	0	0	0	nan	0	0	0	nan	nan	nan	nan	nan	nan
6	a	0	78037	0	nan	14080	1	78037	0	0	0	nan	0	0	0	0	0	0	nan	0	0	0	nan	nan	nan	nan	nan	nan
7	u	0	78038	0	nan	14080	1	78038	0	0	0	nan	0	0	0	0	0	0	nan	0	0	0	nan	nan	nan	nan	nan	nan
8	c	0	78039	0	nan	14080	1	78039	0	0	0	nan	0	0	0	0	0	0	nan	0	0	0	nan	nan	nan	nan	nan	nan
9	c	0	78039	0	nan	14080	1	78039	0	0	0	nan	0	0	0	0	0	0	nan	0	0	0	nan	nan	nan	nan	nan	nan
10	a	0	78039	0	nan	14080	1	78039	0	0	0	nan	0	0	0	0	0	0	nan	0	0	0	nan	nan	nan	nan	nan	nan
11	a	0	78039	0	nan	14080	1	78039	0	0	0	nan	0	0	0	0	0	0	nan	0	0	0	nan	nan	nan	nan	nan	nan
12	a	0	78039	0	nan	14080	1	78039	0	0	0	nan	0	0	0	0	0	0	nan	0	0	0	nan	nan	nan	nan	nan	nan
13	a	0	78039	0	nan	14080	1	78039	0	0	0	nan	0	0	0	0	0	0	nan	0	0	0	nan	nan	nan	nan	nan	nan
14	c	0	78039	0	nan	14080	1	78039	0	0	0	nan	0	0	0	0	0	0	nan	0	0	0	nan	nan	nan	nan	nan	nan
15	a	0	78039	0	nan	14080	1	78039	0	0	0	nan	0	0	0	0	0	0	nan	0	0	0	nan	nan	nan	nan	nan	nan
16	a	0	78039	0	nan	14080	1	78039	0	0	0	nan	0	0	0	0	0	0	nan	0	0	0	nan	nan	nan	nan	nan	nan
17	c	0	78039	0	nan	14080	1	78039	0	0	0	nan	0	0	0	0	0	0	nan	0	0	0	nan	nan	nan	nan	nan	nan
18	a	0	78039	0	nan	14080	1	78039	0	0	0	nan	0	0	0	0	0	0	nan	0	0	0	nan	nan	nan	nan	nan	nan
19	a	0	78039	0	nan	14080	1	78039	0	0	0	nan	0	0	0	0	0	0	nan	0	0	0	nan	nan	nan	nan	nan	nan
20	c	0	78039	0	nan	14080	1	78039	0	0	0	nan	0	0	0	0	0	0	nan	0	0	0	nan	nan	nan	nan	nan	nan
21	c	0	78039	0	nan	14080	1	78039	0	0	0	nan	0	0	0	0	0	0	nan	0	0	0	nan	nan	nan	nan	nan	nan
22	A	0	78039	0	nan	14080	1	78039	0	0	0	nan	0	0	0	0	0	0	nan	0	0	0	nan	nan	nan	nan	nan	nan
23	A	0	78039	0	nan	14080	1	78039	0	0	0	nan	0	0	0	0	0	0	nan	0	0	0	nan	nan	nan	nan	nan	nan
24	A	0	78039	0	nan	14081	1	78039	0	0	0	nan	0	0	0	0	0	0	nan	0	0	0	nan	nan	nan	nan	nan	nan
25	G	0	78039	65977	0.000000	14081	1	78039	0	0	0	nan	0	0	0	0	0	0	nan	0	0	0	0.000000	0.000000	0.000000	0.000000	0.000000	0.000000
26	G	156	78039	58993	0.002644	14080	1	78037	0	0	0	nan	0	0	0	0	0	0	nan	0	0	0	0.002644	0.000212	0.002644	0.000212	0.569787	0.045686
27	A	732	78039	58496	0.012514	14079	1	78035	0	0	0	nan	0	0	0	0	0	0	nan	0	0	0	0.012514	0.000463	0.012514	0.000463	0.527601	0.019520
28	A	681	78038	57819	0.011778	14078	1	78033	0	0	0	nan	0	0	0	0	0	0	nan	0	0	0	0.011778	0.000451	0.011778	0.000451	0.496571	0.019015
29	U	205	78038	69349	0.002956	14076	1	78032	0	0	0	nan	0	0	0	0	0	0	nan	0	0	0	0.002956	0.000206	0.002956	0.000206	0.710833	0.049537
30	U	132	78037	70498	0.001872	14071	1	78013	0	0	0	nan	0	0	0	0	0	0	nan	0	0	0	0.001872	0.000163	0.001872	0.000163	0.450162	0.039197
31	G	65	78036	72128	0.000901	14071	1	78009	0	0	0	nan	0	0	0	0	0	0	nan	0	0	0	0.000901	0.000112	0.000901	0.000112	0.194167	0.024136
32	C	188	78036	73059	0.002573	14071	1	78005	0	0	0	nan	0	0	0	0	0	0	nan	0	0	0	0.002573	0.000188	0.002573	0.000188	0.090142	0.006586
33	G	109	78036	71879	0.001516	14070	1	77996	0	0	0	nan	0	0	0	0	0	0	nan	0	0	0	0.001516	0.000145	0.001516	0.000145	0.326701	0.031248
34	G	98	78036	72095	0.001359	14069	1	77972	0	0	0	nan	0	0	0	0	0	0	nan	0	0	0	0.001359	0.000137	0.001359	0.000137	0.292867	0.029524
35	G	105	78035	63710	0.001648	14066	1	77958	0	0	0	nan	0	0	0	0	0	0	nan	0	0	0	0.001648	0.000161	0.001648	0.000161	0.355147	0.034696
36	A	540	78035	60186	0.008972	14065	1	77940	0	0	0	nan	0	0	0	0	0	0	nan	0	0	0	0.008972	0.000386	0.008972	0.000386	0.378267	0.016274
37	A	1486	78035	57208	0.025975	14062	1	77914	0	0	0	nan	0	0	0	0	0	0	nan	0	0	0	0.025975	0.000674	0.025975	0.000674	1.095129	0.028416
38	A	1447	78033	64106	0.022572	14061	1	77907	0	0	0	nan	0	0	0	0	0	0	nan	0	0	0	0.022572	0.000593	0.022572	0.000593	0.951656	0.025001
39	G	190	78033	68039	0.002793	14061	1	77904	0	0	0	nan	0	0	0	0	0	0	nan	0	0	0	0.002793	0.000203	0.002793	0.000203	0.601896	0.043747
40	G	154	78033	70351	0.002189	14060	1	77901	0	0	0	nan	0	0	0	0	0	0	nan	0	0	0	0.002189	0.000176	0.002189	0.000176	0.471733	0.037928
41	G	152	78033	70048	0.002170	14058	1	77897	0	0	0	nan	0	0	0	0	0	0	nan	0	0	0	0.002170	0.000176	0.002170	0.000176	0.467639	0.037928
42	G	101	78033	71364	0.001415	14055	1	77891	0	0	0	nan	0	0	0	0	0	0	nan	0	0	0	0.001415	0.000141	0.001415	0.000141	0.304935	0.030386
43	U	148	78033	72093	0.002053	14054	1	77884	0	0	0	nan	0	0	0	0	0	0	nan	0	0	0	0.002053	0.000169	0.002053	0.000169	0.493688	0.040640
44	C	117	78030	65921	0.001775	14048	1	77864	0	0	0	nan	0	0	0	0	0	0	nan	0	0	0	0.001775	0.000164	0.001775	0.000164	0.062185	0.005746
45	A	603	78028	61018	0.009882	14045	1	77837	0	0	0	nan	0	0	0	0	0	0	nan	0	0	0	0.009882	0.000402	0.009882	0.000402	0.416634	0.016949
46	A	965	78028	61642	0.015655	14044	1	77833	0	0	0	nan	0	0	0	0	0	0	nan	0	0	0	0.015655	0.000504	0.015655	0.000504	0.660029	0.021249
47	C	2082	78028	66059	0.031517	14042	1	77830	0	0	0	nan	0	0	0	0	0	0	nan	0	0	0	0.031517	0.000691	0.031517	0.000691	1.104155	0.024208
48	A	1583	78026	71006	0.022294	14043	1	77819	0	0	0	nan	0	0	0	0	0	0	nan	0	0	0	0.022294	0.000560	0.022294	0.000560	0.939935	0.023610
49	G	144	78025	70593	0.002040	14042	1	77804	0	0	0	nan	0	0	0	0	0	0	nan	0	0	0	0.002040	0.000170	0.002040	0.000170	0.439624	0.036635
50	C	206	78025	68701	0.002999	14038	1	77801	0	0	0	nan	0	0	0	0	0	0	nan	0	0	0	0.002999	0.000209	0.002999	0.000209	0.105066	0.007322
51	C	177	78025	68362	0.002589	14037	1	77790	0	0	0	nan	0	0	0	0	0	0	nan	0	0	0	0.002589	0.000195	0.002589	0.000195	0.090702	0.006832
52	G	137	78023	65980	0.002076	14035	1	77780	0	0	0	nan	0	0	0	0	0	0	nan	0	0	0	0.002076	0.000177	0.002076	0.000177	0.447382	0.038144
53	U	260	78023	68912	0.003773	14033	1	77775	0	0	0	nan	0	0	0	0	0	0	nan	0	0	0	0.003773	0.000234	0.003773	0.000234	0.907298	0.056270
54	U	256	78023	67762	0.003778	14030	1	77758	0	0	0	nan	0	0	0	0	0	0	nan	0	0	0	0.003778	0.000236	0.003778	0.000236	0.908501	0.056751
55	C	249	78023	70542	0.003530	14032	1	77754	0	0	0	nan	0	0	0	0	0	0	nan	0	0	0	0.003530	0.000224	0.003530	0.000224	0.123669	0.007848
56	A	114	78022	70978	0.001606	14030	1	77740	0	0	0	nan	0	0	0	0	0	0	nan	0	0	0	0.001606	0.000150	0.001606	0.000150	0.067710	0.006324
57	G	188	78022	72191	0.002604	14030	1	77739	0	0	0	nan	0	0	0	0	0	0	nan	0	0	0	0.002604	0.000190	0.002604	0.000190	0.561167	0.040945
58	U	119	78021	71484	0.001665	14031	1	77737	0	0	0	nan	0	0	0	0	0	0	nan	0	0	0	0.001665	0.000153	0.001665	0.000153	0.400385	0.036792
59	A	140	78021	71062	0.001970	14256	1	77734	0	0	0	nan	0	0	0	0	0	0	nan	0	0	0	0.001970	0.000167	0.001970	0.000167	0.083057	0.007041
60	C	193	78021	71525	0.002698	14261	1	77733	0	0	0	nan	0	0	0	0	0	0	nan	0	0	0	0.002698	0.000194	0.002698	0.000194	0.094521	0.006797
61	C	143	78021	72127	0.001983	14262	1	77733	0	0	0	nan	0	0	0	0	0	0	nan	0	0	0	0.001983	0.000166	0.001983	0.000166	0.069472	0.005816
62	A	1439	78021	70697	0.020354	14261	1	77724	0	0	0	nan	0	0	0	0	0	0	nan	0	0	0	0.020354	0.000537	0.020354	0.000537	0.858143	0.022640
63	A	1124	78021	70622	0.015916	14261	1	77720	0	0	0	nan	0	0	0	0	0	0	nan	0	0	0	0.015916	0.000475	0.015916	0.000475	0.671033	0.020026
64	G	144	78020	71798	0.002006	14257	1	77715	0	0	0	nan	0	0	0	0	0	0	nan	0	0	0	0.002006	0.000167	0.002006	0.000167	0.432297	0.035989
65	U	125	78020	66162	0.001889	14257	1	77704	0	0	0	nan	0	0	0	0	0	0	nan	0	0	0	0.001889	0.000169	0.001889	0.000169	0.454250	0.040640
66	C	115	78019	66300	0.001735	14256	1	77689	0	0	0	nan	0	0	0	0	0	0	nan	0	0	0	0.001735	0.000162	0.001735	0.000162	0.060783	0.005675
67	U	56	78018	47663	0.001175	14257	1	77681	0	0	0	nan	0	0	0	0	0	0	nan	0	0	0	0.001175	0.000157	0.001175	0.000157	0.282554	0.037754
68	C	127	78011	49602	0.002560	14258	1	77652	0	0	0	nan	0	0	0	0	0	0	nan	0	0	0	0.002560	0.000227	0.002560	0.000227	0.089686	0.007953
69	A	111	78011	49164	0.002258	14258	1	77644	0	0	0	nan	0	0	0	0	0	0	nan	0	0	0	0.002258	0.000214	0.002258	0.000214	0.095199	0.009022
70	G	297	78011	68346	0.004346	14258	0	77641	0	0	0	nan	0	0	0	0	0	0	nan	0	0	0	0.004346	0.000252	0.004346	0.000252	0.936571	0.054306
71	G	726	78012	71854	0.010104	14259	0	77639	0	0	0	nan	0	0	0	0	0	0	nan	0	0	0	0.010104	0.000375	0.010104	0.000375	2.177430	0.080813
72	G	153	78014	72270	0.002117	14260	0	77635	0	0	0	nan	0	0	0	0	0	0	nan	0	0	0	0.002117	0.000171	0.002117	0.000171	0.456217	0.036851
73	G	171	78014	72146	0.002370	14260	0	77631	0	0	0	nan	0	0	0	0	0	0	nan	0	0	0	0.002370	0.000181	0.002370	0.000181	0.510739	0.039006
74	A	808	78013	70398	0.011478	14261	0	77621	0	0	0	nan	0	0	0	0	0	0	nan	0	0	0	0.011478	0.000404	0.011478	0.000404	0.483923	0.017033
75	A	916	78012	69231	0.013231	14262	0	77611	0	0	0	nan	0	0	0	0	0	0	nan	0	0	0	0.013231	0.000437	0.013231	0.000437	0.557831	0.018424
76	A	1126	78012	68480	0.016443	14263	0	77605	0	0	0	nan	0	0	0	0	0	0	nan	0	0	0	0.016443	0.000490	0.016443	0.000490	0.693251	0.020659
77	C	157	78011	69558	0.002257	14264	0	77601	0	0	0	nan	0	0	0	0	0	0	nan	0	0	0	0.002257	0.000180	0.002257	0.000180	0.079071	0.006306
78	U	113	78011	66912	0.001689	14263	0	77596	0	0	0	nan	0	0	0	0	0	0	nan	0	0	0	0.001689	0.000159	0.001689	0.000159	0.406156	0.038235
79	U	200	78011	67950	0.002943	14263	0	77590	0	0	0	nan	0	0	0	0	0	0	nan	0	0	0	0.002943	0.000208	0.002943	0.000208	0.707707	0.050018
80	U	104	78008	68882	0.001510	14263	0	77563	0	0	0	nan	0	0	0	0	0	0	nan	0	0	0	0.001510	0.000148	0.001510	0.000148	0.363112	0.035590
81	G	306	78005	67921	0.004505	14261	0	77533	0	0	0	nan	0	0	0	0	0	0	nan	0	0	0	0.004505	0.000258	0.004505	0.000258	0.970835	0.055599
82	A	159	78002	68080	0.002335	14261	0	77496	0	0	0	nan	0	0	0	0	0	0	nan	0	0	0	0.002335	0.000185	0.002335	0.000185	0.098446	0.007800
83	G	254	78001	65989	0.003849	14262	0	77493	0	0	0	nan	0	0	0	0	0	0	nan	0	0	0	0.003849	0.000242	0.003849	0.000242	0.829466	0.052151
84	A	126	78001	70881	0.001778	14261	0	77482	0	0	0	nan	0	0	0	0	0	0	nan	0	0	0	0.001778	0.000158	0.001778	0.000158	0.074962	0.006661
85	U	71	77999	71135	0.000998	14262	0	77470	0	0	0	nan	0	0	0	0	0	0	nan	0	0	0	0.000998	0.000118	0.000998	0.000118	0.239990	0.028376
86	G	166	77997	73276	0.002265	14262	0	77451	0	0	0	nan	0	0	0	0	0	0	nan	0	0	0	0.002265	0.000176	0.002265	0.000176	0.488111	0.037928
87	G	131	77996	71525	0.001832	14262	0	77444	0	0	0	nan	0	0	0	0	0	0	nan	0	0	0	0.001832	0.000160	0.001832	0.000160	0.394799	0.034480
88	C	110	77997	39195	0.002806	14262	0	77432	0	0	0	nan	0	0	0	0	0	0	nan	0	0	0	0.002806	0.000268	0.002806	0.000268	0.098304	0.009389
89	C	1137	77995	38796	0.029307	14262	0	77419	0	0	0	nan	0	0	0	0	0	0	nan	0	0	0	0.029307	0.000869	0.029307	0.000869	1.026731	0.030444
90	U	69	77997	39106	0.001764	14264	0	77415	0	0	0	nan	0	0	0	0	0	0	nan	0	0	0	0.001764	0.000212	0.001764	0.000212	0.424191	0.050980
91	U	35	77997	70781	0.000494	14263	0	77408	0	0	0	nan	0	0	0	0	0	0	nan	0	0	0	0.000494	0.000084	0.000494	0.000084	0.118793	0.020200
92	G	113	77998	69588	0.001624	14263	0	77390	0	0	0	nan	0	0	0	0	0	0	nan	0	0	0	0.001624	0.000153	0.001624	0.000153	0.349975	0.032972
93	C	1586	77998	68160	0.023269	14263	0	77388	0	0	0	nan	0	0	0	0	0	0	nan	0	0	0	0.023269	0.000584	0.023269	0.000584	0.815198	0.020460
94	A	644	77999	62518	0.010301	14264	0	77382	0	0	0	nan	0	0	0	0	0	0	nan	0	0	0	0.010301	0.000406	0.010301	0.000406	0.434299	0.017117
95	A	927	78016	64327	0.014411	14264	0	77406	0	0	0	nan	0	0	0	0	0	0	nan	0	0	0	0.014411	0.000473	0.014411	0.000473	0.607581	0.019942
96	A	287	78904	69288	0.004142	14264	0	78671	0	0	0	nan	0	0	0	0	0	0	nan	0	0	0	0.004142	0.000245	0.004142	0.000245	0.174630	0.010329
97	G	366	78989	77459	0.004725	14264	0	78806	0	0	0	nan	0	0	0	0	0	0	nan	0	0	0	0.004725	0.000247	0.004725	0.000247	1.018246	0.053229
98	G	140	79008	77956	0.001796	14264	0	78832	0	0	0	nan	0	0	0	0	0	0	nan	0	0	0	0.001796	0.000152	0.001796	0.000152	0.387041	0.032756
99	G	222	79011	77552	0.002863	14264	0	78835	0	0	0	nan	0	0	0	0	0	0	nan	0	0	0	0.002863	0.000192	0.002863	0.000192	0.616982	0.041376
100	U	140	79012	77847	0.001798	14264	0	78836	0	0	0	nan	0	0	0	0	0	0	nan	0	0	0	0.001798	0.000152	0.001798	0.000152	0.432367	0.036552
101	A	1485	79011	77672	0.019119	14266	0	78833	0	0	0	nan	0	0	0	0	0	0	nan	0	0	0	0.019119	0.000496	0.019119	0.000496	0.806074	0.020912
102	U	300	79010	77886	0.003852	14266	0	78833	0	0	0	nan	0	0	0	0	0	0	nan	0	0	0	0.003852	0.000222	0.003852	0.000222	0.926296	0.053385
103	G	362	79013	77177	0.004691	14267	0	78834	0	0	0	nan	0	0	0	0	0	0	nan	0	0	0	0.004691	0.000247	0.004691	0.000247	1.010919	0.053229
104	G	225	79012	77051	0.002920	14267	0	78833	0	0	0	nan	0	0	0	0	0	0	nan	0	0	0	0.002920	0.000195	0.002920	0.000195	0.629265	0.042023
105	U	106	79012	77272	0.001372	14267	0	78835	0	0	0	nan	0	0	0	0	0	0	nan	0	0	0	0.001372	0.000133	0.001372	0.000133	0.329927	0.031983
106	A	1976	79010	77802	0.025398	14267	0	78826	0	0	0	nan	0	0	0	0	0	0	nan	0	0	0	0.025398	0.000571	0.025398	0.000571	1.070802	0.024074
107	A	1173	79010	77710	0.015095	14266	0	78825	0	0	0	nan	0	0	0	0	0	0	nan	0	0	0	0.015095	0.000441	0.015095	0.000441	0.636419	0.018593
108	U	313	79010	77629	0.004032	14266	0	78825	0	0	0	nan	0	0	0	0	0	0	nan	0	0	0	0.004032	0.000228	0.004032	0.000228	0.969580	0.054827
109	A	1321	79011	77567	0.017030	14267	0	78830	0	0	0	nan	0	0	0	0	0	0	nan	0	0	0	0.017030	0.000469	0.017030	0.000469	0.718000	0.019773
110	A	1357	79011	77739	0.017456	14268	0	78830	0	0	0	nan	0	0	0	0	0	0	nan	0	0	0	0.017456	0.000474	0.017456	0.000474	0.735960	0.019984
111	G	299	79011	77652	0.003851	14268	0	78830	0	0	0	nan	0	0	0	0	0	0	nan	0	0	0	0.003851	0.000223	0.003851	0.000223	0.829897	0.048057
112	C	234	79011	77891	0.003004	14268	0	78830	0	0	0	nan	0	0	0	0	0	0	nan	0	0	0	0.003004	0.000196	0.003004	0.000196	0.105241	0.006867
113	U	167	79011	77886	0.002144	14269	0	78829	0	0	0	nan	0	0	0	0	0	0	nan	0	0	0	0.002144	0.000166	0.002144	0.000166	0.515571	0.039918
114	G	217	79013	77574	0.002797	14269	0	78830	0	0	0	nan	0	0	0	0	0	0	nan	0	0	0	0.002797	0.000190	0.002797	0.000190	0.602758	0.040945
115	A	200	79013	77843	0.002569	14269	0	78830	0	0	0	nan	0	0	0	0	0	0	nan	0	0	0	0.002569	0.000182	0.002569	0.000182	0.108311	0.007673
116	C	218	79013	77899	0.002798	14269	0	78830	0	0	0	nan	0	0	0	0	0	0	nan	0	0	0	0.002798	0.000190	0.002798	0.000190	0.098024	0.006656
117	G	315	79013	77534	0.004063	14269	0	78831	0	0	0	nan	0	0	0	0	0	0	nan	0	0	0	0.004063	0.000229	0.004063	0.000229	0.875584	0.049350
118	G	196	79014	77657	0.002524	14271	0	78832	0	0	0	nan	0	0	0	0	0	0	nan	0	0	0	0.002524	0.000180	0.002524	0.000180	0.543926	0.038790
119	A	764	79014	77704	0.009832	14272	0	78833	0	0	0	nan	0	0	0	0	0	0	nan	0	0	0	0.009832	0.000356	0.009832	0.000356	0.414526	0.015009
120	C	1555	79013	78089	0.019913	14272	0	78831	0	0	0	nan	0	0	0	0	0	0	nan	0	0	0	0.019913	0.000505	0.019913	0.000505	0.697625	0.017692
121	A	1568	79012	78068	0.020085	14273	0	78829	0	0	0	nan	0	0	0	0	0	0	nan	0	0	0	0.020085	0.000507	0.020085	0.000507	0.846801	0.021376
122	U	181	79013	78000	0.002321	14273	0	78828	0	0	0	nan	0	0	0	0	0	0	nan	0	0	0	0.002321	0.000172	0.002321	0.000172	0.558134	0.041361
123	G	171	79012	77724	0.002200	14273	0	78823	0	0	0	nan	0	0	0	0	0	0	nan	0	0	0	0.002200	0.000168	0.002200	0.000168	0.474104	0.036204
124	G	107	79012	77739	0.001376	14273	0	78823	0	0	0	nan	0	0	0	0	0	0	nan	0	0	0	0.001376	0.000133	0.001376	0.000133	0.296530	0.028662
125	U	219	79012	77491	0.002826	14273	0	78823	0	0	0	nan	0	0	0	0	0	0	nan	0	0	0	0.002826	0.000191	0.002826	0.000191	0.679572	0.045930
126	C	196	79010	77575	0.002527	14274	0	78821	0	0	0	nan	0	0	0	0	0	0	nan	0	0	0	0.002527	0.000180	0.002527	0.000180	0.088530	0.006306
127	C	151	79010	77511	0.001948	14276	0	78819	0	0	0	nan	0	0	0	0	0	0	nan	0	0	0	0.001948	0.000159	0.001948	0.000159	0.068246	0.005570
128	U	141	78996	77414	0.001821	14276	0	78792	0	0	0	nan	0	0	0	0	0	0	nan	0	0	0	0.001821	0.000153	0.001821	0.000153	0.437898	0.036792
129	A	1635	78653	76400	0.021401	14264	0	77889	0	0	0	nan	0	0	0	0	0	0	nan	0	0	0	0.021401	0.000529	0.021401	0.000529	0.902285	0.022303
130	A	2685	78639	76084	0.035290	14264	0	77869	0	0	0	nan	0	0	0	0	0	0	nan	0	0	0	0.035290	0.000681	0.035290	0.000681	1.487858	0.028712
131	C	737	78640	75673	0.009739	14264	0	77875	0	0	0	nan	0	0	0	0	0	0	nan	0	0	0	0.009739	0.000359	0.009739	0.000359	0.341193	0.012577
132	C	242	78640	75557	0.003203	14264	0	77877	0	0	0	nan	0	0	0	0	0	0	nan	0	0	0	0.003203	0.000206	0.003203	0.000206	0.112213	0.007217
133	A	901	78643	75227	0.011977	14265	0	77884	0	0	0	nan	0	0	0	0	0	0	nan	0	0	0	0.011977	0.000399	0.011977	0.000399	0.504961	0.016822
134	C	293	78642	74743	0.003920	14256	0	77884	0	0	0	nan	0	0	0	0	0	0	nan	0	0	0	0.003920	0.000229	0.003920	0.000229	0.137332	0.008023
135	G	153	78644	73961	0.002069	14256	0	77889	0	0	0	nan	0	0	0	0	0	0	nan	0	0	0	0.002069	0.000167	0.002069	0.000167	0.445873	0.035989
136	C	199	78643	74309	0.002678	14256	0	77893	0	0	0	nan	0	0	0	0	0	0	nan	0	0	0	0.002678	0.000190	0.002678	0.000190	0.093820	0.006656
137	A	389	78643	74788	0.005201	14257	0	77900	0	0	0	nan	0	0	0	0	0	0	nan	0	0	0	0.005201	0.000264	0.005201	0.000264	0.219279	0.011130
138	G	164	78644	74828	0.002192	14259	0	77909	0	0	0	nan	0	0	0	0	0	0	nan	0	0	0	0.002192	0.000171	0.002192	0.000171	0.472380	0.036851
139	C	843	78645	75406	0.011179	14261	0	77915	0	0	0	nan	0	0	0	0	0	0	nan	0	0	0	0.011179	0.000385	0.011179	0.000385	0.391641	0.013488
140	C	839	78645	75741	0.011077	14261	0	77920	0	0	0	nan	0	0	0	0	0	0	nan	0	0	0	0.011077	0.000382	0.011077	0.000382	0.388068	0.013383
141	A	1745	78646	75261	0.023186	14263	0	77929	0	0	0	nan	0	0	0	0	0	0	nan	0	0	0	0.023186	0.000555	0.023186	0.000555	0.977542	0.023399
142	A	1083	78646	74830	0.014473	14263	0	77930	0	0	0	nan	0	0	0	0	0	0	nan	0	0	0	0.014473	0.000440	0.014473	0.000440	0.610195	0.018551
143	G	157	78646	73636	0.002132	14264	0	77935	0	0	0	nan	0	0	0	0	0	0	nan	0	0	0	0.002132	0.000170	0.002132	0.000170	0.459450	0.036635
144	U	137	78646	74324	0.001843	14265	0	77936	0	0	0	nan	0	0	0	0	0	0	nan	0	0	0	0.001843	0.000157	0.001843	0.000157	0.443189	0.037754
145	C	191	78647	74627	0.002559	14267	0	77937	0	0	0	nan	0	0	0	0	0	0	nan	0	0	0	0.002559	0.000185	0.002559	0.000185	0.089651	0.006481
146	C	185	78647	71833	0.002575	14267	0	77939	0	0	0	nan	0	0	0	0	0	0	nan	0	0	0	0.002575	0.000189	0.002575	0.000189	0.090212	0.006621
147	U	157	78647	71440	0.002198	14268	0	77943	0	0	0	nan	0	0	0	0	0	0	nan	0	0	0	0.002198	0.000175	0.002198	0.000175	0.528556	0.042082
148	A	660	78647	71422	0.009241	14270	0	77951	0	0	0	nan	0	0	0	0	0	0	nan	0	0	0	0.009241	0.000360	0.009241	0.000360	0.389609	0.015178
149	A	1093	78651	73045	0.014963	14271	0	77960	0	0	0	nan	0	0	0	0	0	0	nan	0	0	0	0.014963	0.000453	0.014963	0.000453	0.630853	0.019099
150	G	125	78652	71953	0.001737	14273	0	77963	0	0	0	nan	0	0	0	0	0	0	nan	0	0	0	0.001737	0.000155	0.001737	0.000155	0.374327	0.033403
151	U	122	78654	72066	0.001693	14274	0	77969	0	0	0	nan	0	0	0	0	0	0	nan	0	0	0	0.001693	0.000153	0.001693	0.000153	0.407118	0.036792
152	C	195	78654	74211	0.002628	14274	0	77978	0	0	0	nan	0	0	0	0	0	0	nan	0	0	0	0.002628	0.000188	0.002628	0.000188	0.092068	0.006586
153	A	95	78655	74781	0.001270	14274	0	77983	0	0	0	nan	0	0	0	0	0	0	nan	0	0	0	0.001270	0.000130	0.001270	0.000130	0.053544	0.005481
154	A	78	78655	74708	0.001044	14274	0	77985	0	0	0	nan	0	0	0	0	0	0	nan	0	0	0	0.001044	0.000118	0.001044	0.000118	0.044016	0.004975
155	C	203	78656	73078	0.002778	14274	0	77991	0	0	0	nan	0	0	0	0	0	0	nan	0	0	0	0.002778	0.000195	0.002778	0.000195	0.097323	0.006832
156	A	97	78657	66528	0.001458	14274	0	77996	0	0	0	nan	0	0	0	0	0	0	nan	0	0	0	0.001458	0.000148	0.001458	0.000148	0.061471	0.006240
157	G	173	78658	65669	0.002634	14275	0	78003	0	0	0	nan	0	0	0	0	0	0	nan	0	0	0	0.002634	0.000200	0.002634	0.000200	0.567632	0.043100
158	A	896	78659	64793	0.013829	14275	0	78005	0	0	0	nan	0	0	0	0	0	0	nan	0	0	0	0.013829	0.000462	0.013829	0.000462	0.583043	0.019478
159	U	307	78659	71643	0.004285	14276	0	78014	0	0	0	nan	0	0	0	0	0	0	nan	0	0	0	0.004285	0.000245	0.004285	0.000245	1.030420	0.058915
160	C	2007	78660	72244	0.027781	14276	0	78025	0	0	0	nan	0	0	0	0	0	0	nan	0	0	0	0.027781	0.000620	0.027781	0.000620	0.973269	0.021721
161	U	340	78664	73664	0.004616	14278	0	78040	0	0	0	nan	0	0	0	0	0	0	nan	0	0	0	0.004616	0.000250	0.004616	0.000250	1.110016	0.060118
162	U	296	78668	73610	0.004021	14279	0	78051	0	0	0	nan	0	0	0	0	0	0	nan	0	0	0	0.004021	0.000234	0.004021	0.000234	0.966935	0.056270
163	C	196	78668	73459	0.002668	14280	0	78063	0	0	0	nan	0	0	0	0	0	0	nan	0	0	0	0.002668	0.000191	0.002668	0.000191	0.093470	0.006691
164	U	104	78669	73462	0.001416	14282	0	78075	0	0	0	nan	0	0	0	0	0	0	nan	0	0	0	0.001416	0.000139	0.001416	0.000139	0.340507	0.033426
165	G	112	78671	66618	0.001681	14286	0	78081	0	0	0	nan	0	0	0	0	0	0	nan	0	0	0	0.001681	0.000159	0.001681	0.000159	0.362258	0.034265
166	U	118	78672	66415	0.001777	14287	0	78084	0	0	0	nan	0	0	0	0	0	0	nan	0	0	0	0.001777	0.000164	0.001777	0.000164	0.427318	0.039437
167	U	81	78672	67626	0.001198	14287	0	78090	0	0	0	nan	0	0	0	0	0	0	nan	0	0	0	0.001198	0.000133	0.001198	0.000133	0.288085	0.031983
168	G	176	78673	74614	0.002359	14290	0	78107	0	0	0	nan	0	0	0	0	0	0	nan	0	0	0	0.002359	0.000178	0.002359	0.000178	0.508369	0.038359
169	A	134	78674	75070	0.001785	14290	0	78115	0	0	0	nan	0	0	0	0	0	0	nan	0	0	0	0.001785	0.000154	0.001785	0.000154	0.075257	0.006493
170	U	60	78674	74654	0.000804	14290	0	78115	0	0	0	nan	0	0	0	0	0	0	nan	0	0	0	0.000804	0.000104	0.000804	0.000104	0.193339	0.025009
171	A	1924	78675	73211	0.026280	14290	0	78119	0	0	0	nan	0	0	0	0	0	0	nan	0	0	0	0.026280	0.000599	0.026280	0.000599	1.107988	0.025254
172	U	163	78675	71276	0.002287	14290	0	78120	0	0	0	nan	0	0	0	0	0	0	nan	0	0	0	0.002287	0.000179	0.002287	0.000179	0.549958	0.043044
173	G	103	78676	71389	0.001443	14290	0	78128	0	0	0	nan	0	0	0	0	0	0	nan	0	0	0	0.001443	0.000142	0.001443	0.000142	0.310969	0.030601
174	G	234	78676	72637	0.003221	14290	0	78143	0	0	0	nan	0	0	0	0	0	0	nan	0	0	0	0.003221	0.000211	0.003221	0.000211	0.694131	0.045471
175	A	176	78680	71857	0.002449	14290	0	78155	0	0	0	nan	0	0	0	0	0	0	nan	0	0	0	0.002449	0.000185	0.002449	0.000185	0.103252	0.007800
176	U	93	78680	71659	0.001298	14290	0	78155	0	0	0	nan	0	0	0	0	0	0	nan	0	0	0	0.001298	0.000135	0.001298	0.000135	0.312132	0.032464
177	G	165	78680	71168	0.002318	14290	0	78166	0	0	0	nan	0	0	0	0	0	0	nan	0	0	0	0.002318	0.000180	0.002318	0.000180	0.499533	0.038790
178	C	2346	78680	74699	0.031406	14290	0	78168	0	0	0	nan	0	0	0	0	0	0	nan	0	0	0	0.031406	0.000648	0.031406	0.000648	1.100266	0.022702
179	A	1213	78680	74830	0.016210	14290	0	78169	0	0	0	nan	0	0	0	0	0	0	nan	0	0	0	0.016210	0.000465	0.016210	0.000465	0.683428	0.019605
180	G	198	78681	72445	0.002733	14290	0	78205	0	0	0	nan	0	0	0	0	0	0	nan	0	0	0	0.002733	0.000194	0.002733	0.000194	0.588966	0.041807
181	U	202	78682	71488	0.002826	14290	0	78214	0	0	0	nan	0	0	0	0	0	0	nan	0	0	0	0.002826	0.000199	0.002826	0.000199	0.679572	0.047854
182	U	282	78682	70790	0.003984	14290	0	78217	0	0	0	nan	0	0	0	0	0	0	nan	0	0	0	0.003984	0.000237	0.003984	0.000237	0.958038	0.056992
183	C	1865	78684	72821	0.025611	14290	0	78222	0	0	0	nan	0	0	0	0	0	0	nan	0	0	0	0.025611	0.000593	0.025611	0.000593	0.897246	0.020775
184	A	1372	78685	74327	0.018459	14290	0	78227	0	0	0	nan	0	0	0	0	0	0	nan	0	0	0	0.018459	0.000498	0.018459	0.000498	0.778248	0.020996
185	A	1331	78685	74555	0.017853	14294	0	78230	0	0	0	nan	0	0	0	0	0	0	nan	0	0	0	0.017853	0.000489	0.017853	0.000489	0.752698	0.020617
186	C	2662	78688	73161	0.036386	14294	0	78239	0	0	0	nan	0	0	0	0	0	0	nan	0	0	0	0.036386	0.000705	0.036386	0.000705	1.274734	0.024699
187	C	2016	78688	72984	0.027622	14294	0	78242	0	0	0	nan	0	0	0	0	0	0	nan	0	0	0	0.027622	0.000615	0.027622	0.000615	0.967699	0.021546
188	A	677	78689	72891	0.009288	14294	0	78248	0	0	0	nan	0	0	0	0	0	0	nan	0	0	0	0.009288	0.000357	0.009288	0.000357	0.391590	0.015051
189	A	1264	78690	73616	0.017170	14294	0	78250	0	0	0	nan	0	0	0	0	0	0	nan	0	0	0	0.017170	0.000483	0.017170	0.000483	0.723902	0.020364
190	A	1056	78691	70560	0.014966	14294	0	78257	0	0	0	nan	0	0	0	0	0	0	nan	0	0	0	0.014966	0.000461	0.014966	0.000461	0.630980	0.019436
191	U	358	78691	70075	0.005109	14294	0	78260	0	0	0	nan	0	0	0	0	0	0	nan	0	0	0	0.005109	0.000270	0.005109	0.000270	1.228568	0.064927
192	C	1397	78694	70307	0.019870	14294	0	78266	0	0	0	nan	0	0	0	0	0	0	nan	0	0	0	0.019870	0.000532	0.019870	0.000532	0.696118	0.018638
193	A	59	78704	74766	0.000789	14295	0	78329	0	0	0	nan	0	0	0	0	0	0	nan	0	0	0	0.000789	0.000103	0.000789	0.000103	0.033265	0.004343
194	A	631	78705	75598	0.008347	14295	0	78335	0	0	0	nan	0	0	0	0	0	0	nan	0	0	0	0.008347	0.000332	0.008347	0.000332	0.351917	0.013997
195	A	752	78705	75243	0.009994	14295	0	78337	0	0	0	nan	0	0	0	0	0	0	nan	0	0	0	0.009994	0.000364	0.009994	0.000364	0.421356	0.015347
196	A	434	78705	73894	0.005873	14253	0	78338	0	0	0	nan	0	0	0	0	0	0	nan	0	0	0	0.005873	0.000282	0.005873	0.000282	0.247611	0.011889
197	A	1039	78705	72388	0.014353	14238	0	78339	0	0	0	nan	0	0	0	0	0	0	nan	0	0	0	0.014353	0.000445	0.014353	0.000445	0.605135	0.018762
198	A	1268	78705	72237	0.017553	14234	0	78341	0	0	0	nan	0	0	0	0	0	0	nan	0	0	0	0.017553	0.000493	0.017553	0.000493	0.740050	0.020785
199	C	295	78705	73137	0.004034	14192	0	78346	0	0	0	nan	0	0	0	0	0	0	nan	0	0	0	0.004034	0.000235	0.004034	0.000235	0.141326	0.008233
200	C	243	78707	71503	0.003398	1837	0	78362	0	0	0	nan	0	0	0	0	0	0	nan	0	0	0	0.003398	0.000218	0.003398	0.000218	0.119044	0.007637
201	G	173	78711	71368	0.002424	1594	0	78374	0	0	0	nan	0	0	0	0	0	0	nan	0	0	0	0.002424	0.000184	0.002424	0.000184	0.522376	0.039652
202	C	167	78714	71389	0.002339	1577	0	78392	0	0	0	nan	0	0	0	0	0	0	nan	0	0	0	0.002339	0.000181	0.002339	0.000181	0.081944	0.006341
203	C	183	78717	71662	0.002554	1551	0	78399	0	0	0	nan	0	0	0	0	0	0	nan	0	0	0	0.002554	0.000189	0.002554	0.000189	0.089476	0.006621
204	U	109	78720	70760	0.001540	704	0	78411	0	0	0	nan	0	0	0	0	0	0	nan	0	0	0	0.001540	0.000148	0.001540	0.000148	0.370326	0.035590
205	A	95	78726	68544	0.001386	60	0	78438	0	0	0	nan	0	0	0	0	0	0	nan	0	0	0	0.001386	0.000142	0.001386	0.000142	0.058435	0.005987
206	G	105	78728	66538	0.001578	59	0	78461	0	0	0	nan	0	0	0	0	0	0	nan	0	0	0	0.001578	0.000154	0.001578	0.000154	0.340062	0.033187
207	U	174	78731	65775	0.002645	59	0	78491	0	0	0	nan	0	0	0	0	0	0	nan	0	0	0	0.002645	0.000201	0.002645	0.000201	0.636047	0.048335
208	U	309	78735	67474	0.004580	57	0	78506	0	0	0	nan	0	0	0	0	0	0	nan	0	0	0	0.004580	0.000261	0.004580	0.000261	1.101359	0.062763
209	C	1033	78741	71171	0.014514	53	0	78523	0	0	0	nan	0	0	0	0	0	0	nan	0	0	0	0.014514	0.000452	0.014514	0.000452	0.508478	0.015835
210	G	166	78744	71968	0.002307	15	0	78542	0	0	0	nan	0	0	0	0	0	0	nan	0	0	0	0.002307	0.000179	0.002307	0.000179	0.497163	0.038575
211	C	312	78745	66998	0.004657	14	0	78564	0	0	0	nan	0	0	0	0	0	0	nan	0	0	0	0.004657	0.000264	0.004657	0.000264	0.163152	0.009249
212	U	105	78752	67094	0.001565	14	0	78583	0	0	0	nan	0	0	0	0	0	0	nan	0	0	0	0.001565	0.000153	0.001565	0.000153	0.376338	0.036792
213	A	90	78760	64323	0.001399	14	0	78626	0	0	0	nan	0	0	0	0	0	0	nan	0	0	0	0.001399	0.000147	0.001399	0.000147	0.058983	0.006198
214	G	317	78762	15814	0.020046	14	0	78651	0	0	0	nan	0	0	0	0	0	0	nan	0	0	0	0.020046	0.001126	0.020046	0.001126	4.319948	0.242655
215	G	194	78762	15583	0.012449	14	0	78654	0	0	0	nan	0	0	0	0	0	0	nan	0	0	0	0.012449	0.000894	0.012449	0.000894	2.682781	0.192659
216	C	60	78767	16253	0.003692	14	0	78671	0	0	0	nan	0	0	0	0	0	0	nan	0	0	0	0.003692	0.000477	0.003692	0.000477	0.129344	0.016711
217	G	327	78782	74057	0.004416	14	0	78757	0	0	0	nan	0	0	0	0	0	0	nan	0	0	0	0.004416	0.000244	0.004416	0.000244	0.951656	0.052582
218	G	96	78784	74998	0.001280	14	0	78775	0	0	0	nan	0	0	0	0	0	0	nan	0	0	0	0.001280	0.000131	0.001280	0.000131	0.275842	0.028231
219	A	0	78792	74490	0.000000	13	0	78792	0	0	0	nan	0	0	0	0	0	0	nan	0	0	0	0.000000	0.000000	0.000000	0.000000	0.000000	0.000000
220	A	0	78792	0	nan	13	0	78792	0	0	0	nan	0	0	0	0	0	0	nan	0	0	0	nan	nan	nan	nan	nan	nan
221	A	0	78792	0	nan	13	0	78792	0	0	0	nan	0	0	0	0	0	0	nan	0	0	0	nan	nan	nan	nan	nan	nan
222	A	0	78792	0	nan	13	0	78792	0	0	0	nan	0	0	0	0	0	0	nan	0	0	0	nan	nan	nan	nan	nan	nan
223	c	0	78792	0	nan	13	0	78792	0	0	0	nan	0	0	0	0	0	0	nan	0	0	0	nan	nan	nan	nan	nan	nan
224	c	0	78792	0	nan	13	0	78792	0	0	0	nan	0	0	0	0	0	0	nan	0	0	0	nan	nan	nan	nan	nan	nan
225	a	0	78792	0	nan	13	0	78792	0	0	0	nan	0	0	0	0	0	0	nan	0	0	0	nan	nan	nan	nan	nan	nan
226	a	0	78792	0	nan	13	0	78792	0	0	0	nan	0	0	0	0	0	0	nan	0	0	0	nan	nan	nan	nan	nan	nan
227	a	0	78792	0	nan	13	0	78792	0	0	0	nan	0	0	0	0	0	0	nan	0	0	0	nan	nan	nan	nan	nan	nan
228	c	0	78792	0	nan	13	0	78792	0	0	0	nan	0	0	0	0	0	0	nan	0	0	0	nan	nan	nan	nan	nan	nan
229	c	0	78792	0	nan	13	0	78792	0	0	0	nan	0	0	0	0	0	0	nan	0	0	0	nan	nan	nan	nan	nan	nan
230	a	0	78792	0	nan	13	0	78792	0	0	0	nan	0	0	0	0	0	0	nan	0	0	0	nan	nan	nan	nan	nan	nan
231	a	0	78792	0	nan	13	0	78792	0	0	0	nan	0	0	0	0	0	0	nan	0	0	0	nan	nan	nan	nan	nan	nan
232	a	0	78791	0	nan	13	0	78791	0	0	0	nan	0	0	0	0	0	0	nan	0	0	0	nan	nan	nan	nan	nan	nan
233	g	0	78788	0	nan	13	0	78788	0	0	0	nan	0	0	0	0	0	0	nan	0	0	0	nan	nan	nan	nan	nan	nan
234	a	0	78788	0	nan	13	0	78788	0	0	0	nan	0	0	0	0	0	0	nan	0	0	0	nan	nan	nan	nan	nan	nan
235	a	0	78788	0	nan	13	0	78788	0	0	0	nan	0	0	0	0	0	0	nan	0	0	0	nan	nan	nan	nan	nan	nan
236	a	0	78788	0	nan	13	0	78788	0	0	0	nan	0	0	0	0	0	0	nan	0	0	0	nan	nan	nan	nan	nan	nan
237	c	0	78786	0	nan	13	0	78786	0	0	0	nan	0	0	0	0	0	0	nan	0	0	0	nan	nan	nan	nan	nan	nan
238	a	0	78780	0	nan	13	0	78780	0	0	0	nan	0	0	0	0	0	0	nan	0	0	0	nan	nan	nan	nan	nan	nan
239	a	0	78763	0	nan	13	0	78763	0	0	0	nan	0	0	0	0	0	0	nan	0	0	0	nan	nan	nan	nan	nan	nan
240	c	0	78741	0	nan	13	0	78741	0	0	0	nan	0	0	0	0	0	0	nan	0	0	0	nan	nan	nan	nan	nan	nan
241	c	0	78689	0	nan	13	0	78689	0	0	0	nan	0	0	0	0	0	0	nan	0	0	0	nan	nan	nan	nan	nan	nan