Nucleotide	Sequence	Modified_mutations	Modified_read_depth	Modified_effective_depth	Modified_rate	Modified_off_target_mapped_depth	Modified_low_mapq_mapped_depth	Modified_primer_pair_1_mapped_depth	Untreated_mutations	Untreated_read_depth	Untreated_effective_depth	Untreated_rate	Untreated_off_target_mapped_depth	Untreated_low_mapq_mapped_depth	Untreated_primer_pair_1_mapped_depth	Denatured_mutations	Denatured_read_depth	Denatured_effective_depth	Denatured_rate	Denatured_off_target_mapped_depth	Denatured_low_mapq_mapped_depth	Denatured_primer_pair_1_mapped_depth	Reactivity_profile	Std_err	HQ_profile	HQ_stderr	Norm_profile	Norm_stderr
1	g	0	225755	0	nan	5	0	225755	0	0	0	nan	0	0	0	0	0	0	nan	0	0	0	nan	nan	nan	nan	nan	nan
2	g	0	226218	0	nan	5	0	226218	0	0	0	nan	0	0	0	0	0	0	nan	0	0	0	nan	nan	nan	nan	nan	nan
3	c	0	226340	0	nan	5	0	226340	0	0	0	nan	0	0	0	0	0	0	nan	0	0	0	nan	nan	nan	nan	nan	nan
4	a	0	227835	0	nan	7	0	227835	0	0	0	nan	0	0	0	0	0	0	nan	0	0	0	nan	nan	nan	nan	nan	nan
5	c	0	227908	0	nan	7	0	227908	0	0	0	nan	0	0	0	0	0	0	nan	0	0	0	nan	nan	nan	nan	nan	nan
6	c	0	227923	0	nan	7	0	227923	0	0	0	nan	0	0	0	0	0	0	nan	0	0	0	nan	nan	nan	nan	nan	nan
7	u	0	227923	0	nan	7	0	227923	0	0	0	nan	0	0	0	0	0	0	nan	0	0	0	nan	nan	nan	nan	nan	nan
8	c	0	227926	0	nan	7	0	227926	0	0	0	nan	0	0	0	0	0	0	nan	0	0	0	nan	nan	nan	nan	nan	nan
9	a	0	227927	0	nan	7	0	227927	0	0	0	nan	0	0	0	0	0	0	nan	0	0	0	nan	nan	nan	nan	nan	nan
10	u	0	227940	0	nan	7	0	227940	0	0	0	nan	0	0	0	0	0	0	nan	0	0	0	nan	nan	nan	nan	nan	nan
11	a	0	227951	0	nan	7	0	227951	0	0	0	nan	0	0	0	0	0	0	nan	0	0	0	nan	nan	nan	nan	nan	nan
12	a	0	227962	0	nan	7	0	227962	0	0	0	nan	0	0	0	0	0	0	nan	0	0	0	nan	nan	nan	nan	nan	nan
13	c	0	227970	0	nan	7	0	227970	0	0	0	nan	0	0	0	0	0	0	nan	0	0	0	nan	nan	nan	nan	nan	nan
14	a	0	227972	0	nan	7	0	227972	0	0	0	nan	0	0	0	0	0	0	nan	0	0	0	nan	nan	nan	nan	nan	nan
15	u	0	227973	0	nan	7	0	227973	0	0	0	nan	0	0	0	0	0	0	nan	0	0	0	nan	nan	nan	nan	nan	nan
16	a	0	227979	0	nan	7	0	227979	0	0	0	nan	0	0	0	0	0	0	nan	0	0	0	nan	nan	nan	nan	nan	nan
17	a	0	227981	0	nan	7	0	227981	0	0	0	nan	0	0	0	0	0	0	nan	0	0	0	nan	nan	nan	nan	nan	nan
18	c	0	227989	0	nan	7	0	227989	0	0	0	nan	0	0	0	0	0	0	nan	0	0	0	nan	nan	nan	nan	nan	nan
19	U	0	227989	0	nan	7	0	227989	0	0	0	nan	0	0	0	0	0	0	nan	0	0	0	nan	nan	nan	nan	nan	nan
20	A	0	228003	6	0.000000	7	0	228003	0	0	0	nan	0	0	0	0	0	0	nan	0	0	0	0.000000	0.000000	nan	nan	nan	nan
21	A	0	228011	11	0.000000	7	0	228011	0	0	0	nan	0	0	0	0	0	0	nan	0	0	0	0.000000	0.000000	nan	nan	nan	nan
22	G	0	228019	225601	0.000000	7	0	228019	0	0	0	nan	0	0	0	0	0	0	nan	0	0	0	0.000000	0.000000	0.000000	0.000000	0.000000	0.000000
23	G	356	228024	213257	0.001669	7	0	228024	0	0	0	nan	0	0	0	0	0	0	nan	0	0	0	0.001669	0.000088	0.001669	0.000088	0.777726	0.041007
24	C	1754	228035	218621	0.008023	7	0	228035	0	0	0	nan	0	0	0	0	0	0	nan	0	0	0	0.008023	0.000192	0.008023	0.000192	1.643384	0.039328
25	A	2693	228049	219150	0.012288	7	0	228049	0	0	0	nan	0	0	0	0	0	0	nan	0	0	0	0.012288	0.000237	0.012288	0.000237	0.404590	0.007803
26	G	286	228053	216286	0.001322	7	0	228053	0	0	0	nan	0	0	0	0	0	0	nan	0	0	0	0.001322	0.000078	0.001322	0.000078	0.616030	0.036347
27	A	6716	228059	224437	0.029924	7	0	228059	0	0	0	nan	0	0	0	0	0	0	nan	0	0	0	0.029924	0.000365	0.029924	0.000365	0.985266	0.012018
28	U	1275	228065	224109	0.005689	7	0	228065	0	0	0	nan	0	0	0	0	0	0	nan	0	0	0	0.005689	0.000159	0.005689	0.000159	1.133210	0.031672
29	C	12574	228066	224648	0.055972	7	0	228064	0	0	0	nan	0	0	0	0	0	0	nan	0	0	0	0.055972	0.000499	0.055972	0.000499	11.464973	0.102212
30	U	1155	228068	224658	0.005141	7	0	228063	0	0	0	nan	0	0	0	0	0	0	nan	0	0	0	0.005141	0.000151	0.005141	0.000151	1.024053	0.030078
31	G	324	228073	221680	0.001462	7	0	228067	0	0	0	nan	0	0	0	0	0	0	nan	0	0	0	0.001462	0.000081	0.001462	0.000081	0.681267	0.037745
32	A	1877	228074	224497	0.008361	7	0	228068	0	0	0	nan	0	0	0	0	0	0	nan	0	0	0	0.008361	0.000193	0.008361	0.000193	0.275291	0.006355
33	G	370	228075	209724	0.001764	7	0	228069	0	0	0	nan	0	0	0	0	0	0	nan	0	0	0	0.001764	0.000092	0.001764	0.000092	0.821994	0.042870
34	C	951	228077	214645	0.004431	7	0	228069	0	0	0	nan	0	0	0	0	0	0	nan	0	0	0	0.004431	0.000144	0.004431	0.000144	0.907620	0.029496
35	C	726	228080	214568	0.003384	7	0	228055	0	0	0	nan	0	0	0	0	0	0	nan	0	0	0	0.003384	0.000126	0.003384	0.000126	0.693159	0.025809
36	U	1000	228084	217908	0.004589	7	0	228039	0	0	0	nan	0	0	0	0	0	0	nan	0	0	0	0.004589	0.000145	0.004589	0.000145	0.914098	0.028883
37	G	444	228108	217700	0.002040	7	0	228056	0	0	0	nan	0	0	0	0	0	0	nan	0	0	0	0.002040	0.000097	0.002040	0.000097	0.950606	0.045200
38	G	256	228132	218508	0.001172	7	0	228105	0	0	0	nan	0	0	0	0	0	0	nan	0	0	0	0.001172	0.000073	0.001172	0.000073	0.546132	0.034017
39	G	431	228137	218388	0.001974	7	0	228117	0	0	0	nan	0	0	0	0	0	0	nan	0	0	0	0.001974	0.000095	0.001974	0.000095	0.919851	0.044268
40	G	368	228139	219178	0.001679	7	0	228123	0	0	0	nan	0	0	0	0	0	0	nan	0	0	0	0.001679	0.000088	0.001679	0.000088	0.782386	0.041007
41	G	460	228141	214388	0.002146	7	0	228129	0	0	0	nan	0	0	0	0	0	0	nan	0	0	0	0.002146	0.000100	0.002146	0.000100	1.000000	0.046598
42	C	643	228140	226541	0.002838	6	0	228131	0	0	0	nan	0	0	0	0	0	0	nan	0	0	0	0.002838	0.000112	0.002838	0.000112	0.581319	0.022941
43	U	674	228143	226927	0.002970	6	0	228134	0	0	0	nan	0	0	0	0	0	0	nan	0	0	0	0.002970	0.000114	0.002970	0.000114	0.591604	0.022708
44	C	518	228143	227026	0.002282	6	0	228135	0	0	0	nan	0	0	0	0	0	0	nan	0	0	0	0.002282	0.000100	0.002282	0.000100	0.467431	0.020483
45	U	1058	228144	227128	0.004658	6	0	228137	0	0	0	nan	0	0	0	0	0	0	nan	0	0	0	0.004658	0.000143	0.004658	0.000143	0.927842	0.028485
46	C	914	228145	227136	0.004024	6	0	228140	0	0	0	nan	0	0	0	0	0	0	nan	0	0	0	0.004024	0.000133	0.004024	0.000133	0.824252	0.027243
47	U	860	228145	226991	0.003789	6	0	228131	0	0	0	nan	0	0	0	0	0	0	nan	0	0	0	0.003789	0.000129	0.003789	0.000129	0.754743	0.025696
48	G	492	228150	221481	0.002221	6	0	228130	0	0	0	nan	0	0	0	0	0	0	nan	0	0	0	0.002221	0.000100	0.002221	0.000100	1.034949	0.046598
49	C	1103	228151	225941	0.004882	6	0	228134	0	0	0	nan	0	0	0	0	0	0	nan	0	0	0	0.004882	0.000147	0.004882	0.000147	1.000000	0.030111
50	C	968	228155	225394	0.004295	6	0	228142	0	0	0	nan	0	0	0	0	0	0	nan	0	0	0	0.004295	0.000138	0.004295	0.000138	0.879762	0.028267
51	A	7171	228157	226118	0.031714	6	0	228152	0	0	0	nan	0	0	0	0	0	0	nan	0	0	0	0.031714	0.000375	0.031714	0.000375	1.044203	0.012347
52	A	0	228156	226406	0.000000	6	0	228156	0	0	0	nan	0	0	0	0	0	0	nan	0	0	0	0.000000	0.000000	0.000000	0.000000	0.000000	0.000000
53	U	0	228143	70	0.000000	5	0	228143	0	0	0	nan	0	0	0	0	0	0	nan	0	0	0	0.000000	0.000000	nan	nan	nan	nan
54	C	0	228047	1	0.000000	5	0	228047	0	0	0	nan	0	0	0	0	0	0	nan	0	0	0	0.000000	0.000000	nan	nan	nan	nan
55	C	0	228046	0	nan	5	0	228046	0	0	0	nan	0	0	0	0	0	0	nan	0	0	0	nan	nan	nan	nan	nan	nan
56	a	0	228046	0	nan	5	0	228046	0	0	0	nan	0	0	0	0	0	0	nan	0	0	0	nan	nan	nan	nan	nan	nan
57	c	0	228046	0	nan	5	0	228046	0	0	0	nan	0	0	0	0	0	0	nan	0	0	0	nan	nan	nan	nan	nan	nan
58	u	0	228046	0	nan	5	0	228046	0	0	0	nan	0	0	0	0	0	0	nan	0	0	0	nan	nan	nan	nan	nan	nan
59	a	0	228046	0	nan	5	0	228046	0	0	0	nan	0	0	0	0	0	0	nan	0	0	0	nan	nan	nan	nan	nan	nan
60	a	0	228046	0	nan	5	0	228046	0	0	0	nan	0	0	0	0	0	0	nan	0	0	0	nan	nan	nan	nan	nan	nan
61	c	0	228046	0	nan	0	0	228046	0	0	0	nan	0	0	0	0	0	0	nan	0	0	0	nan	nan	nan	nan	nan	nan
62	c	0	228046	0	nan	0	0	228046	0	0	0	nan	0	0	0	0	0	0	nan	0	0	0	nan	nan	nan	nan	nan	nan
63	u	0	228046	0	nan	0	0	228046	0	0	0	nan	0	0	0	0	0	0	nan	0	0	0	nan	nan	nan	nan	nan	nan
64	c	0	228046	0	nan	0	0	228046	0	0	0	nan	0	0	0	0	0	0	nan	0	0	0	nan	nan	nan	nan	nan	nan
65	a	0	228046	0	nan	0	0	228046	0	0	0	nan	0	0	0	0	0	0	nan	0	0	0	nan	nan	nan	nan	nan	nan
66	c	0	228046	0	nan	0	0	228046	0	0	0	nan	0	0	0	0	0	0	nan	0	0	0	nan	nan	nan	nan	nan	nan
67	u	0	228045	0	nan	0	0	228045	0	0	0	nan	0	0	0	0	0	0	nan	0	0	0	nan	nan	nan	nan	nan	nan
68	c	0	228043	0	nan	0	0	228043	0	0	0	nan	0	0	0	0	0	0	nan	0	0	0	nan	nan	nan	nan	nan	nan
69	a	0	228041	0	nan	0	0	228041	0	0	0	nan	0	0	0	0	0	0	nan	0	0	0	nan	nan	nan	nan	nan	nan
70	c	0	228025	0	nan	0	0	228025	0	0	0	nan	0	0	0	0	0	0	nan	0	0	0	nan	nan	nan	nan	nan	nan
71	a	0	228022	0	nan	0	0	228022	0	0	0	nan	0	0	0	0	0	0	nan	0	0	0	nan	nan	nan	nan	nan	nan
72	a	0	227962	0	nan	0	0	227962	0	0	0	nan	0	0	0	0	0	0	nan	0	0	0	nan	nan	nan	nan	nan	nan
73	u	0	227851	0	nan	0	0	227851	0	0	0	nan	0	0	0	0	0	0	nan	0	0	0	nan	nan	nan	nan	nan	nan
74	c	0	227514	0	nan	0	0	227514	0	0	0	nan	0	0	0	0	0	0	nan	0	0	0	nan	nan	nan	nan	nan	nan