Nucleotide	Sequence	Modified_mutations	Modified_read_depth	Modified_effective_depth	Modified_rate	Modified_off_target_mapped_depth	Modified_low_mapq_mapped_depth	Modified_primer_pair_1_mapped_depth	Untreated_mutations	Untreated_read_depth	Untreated_effective_depth	Untreated_rate	Untreated_off_target_mapped_depth	Untreated_low_mapq_mapped_depth	Untreated_primer_pair_1_mapped_depth	Denatured_mutations	Denatured_read_depth	Denatured_effective_depth	Denatured_rate	Denatured_off_target_mapped_depth	Denatured_low_mapq_mapped_depth	Denatured_primer_pair_1_mapped_depth	Reactivity_profile	Std_err	HQ_profile	HQ_stderr	Norm_profile	Norm_stderr
1	g	0	43036	0	nan	8	0	43036	0	0	0	nan	0	0	0	0	0	0	nan	0	0	0	nan	nan	nan	nan	nan	nan
2	g	0	43071	0	nan	8	0	43071	0	0	0	nan	0	0	0	0	0	0	nan	0	0	0	nan	nan	nan	nan	nan	nan
3	u	0	43103	0	nan	8	0	43103	0	0	0	nan	0	0	0	0	0	0	nan	0	0	0	nan	nan	nan	nan	nan	nan
4	g	0	43143	0	nan	8	0	43143	0	0	0	nan	0	0	0	0	0	0	nan	0	0	0	nan	nan	nan	nan	nan	nan
5	u	0	43195	0	nan	8	0	43195	0	0	0	nan	0	0	0	0	0	0	nan	0	0	0	nan	nan	nan	nan	nan	nan
6	a	0	43240	0	nan	8	0	43240	0	0	0	nan	0	0	0	0	0	0	nan	0	0	0	nan	nan	nan	nan	nan	nan
7	a	0	43341	0	nan	8	0	43341	0	0	0	nan	0	0	0	0	0	0	nan	0	0	0	nan	nan	nan	nan	nan	nan
8	g	0	43581	0	nan	8	0	43581	0	0	0	nan	0	0	0	0	0	0	nan	0	0	0	nan	nan	nan	nan	nan	nan
9	g	0	46197	0	nan	8	0	46197	0	0	0	nan	0	0	0	0	0	0	nan	0	0	0	nan	nan	nan	nan	nan	nan
10	g	0	259913	0	nan	8	0	259913	0	0	0	nan	0	0	0	0	0	0	nan	0	0	0	nan	nan	nan	nan	nan	nan
11	u	0	270928	0	nan	8	0	270928	0	0	0	nan	0	0	0	0	0	0	nan	0	0	0	nan	nan	nan	nan	nan	nan
12	g	0	271428	0	nan	8	0	271428	0	0	0	nan	0	0	0	0	0	0	nan	0	0	0	nan	nan	nan	nan	nan	nan
13	a	0	271468	0	nan	8	0	271468	0	0	0	nan	0	0	0	0	0	0	nan	0	0	0	nan	nan	nan	nan	nan	nan
14	a	0	271485	0	nan	8	0	271485	0	0	0	nan	0	0	0	0	0	0	nan	0	0	0	nan	nan	nan	nan	nan	nan
15	g	0	271539	0	nan	12	0	271539	0	0	0	nan	0	0	0	0	0	0	nan	0	0	0	nan	nan	nan	nan	nan	nan
16	u	0	271557	0	nan	12	0	271557	0	0	0	nan	0	0	0	0	0	0	nan	0	0	0	nan	nan	nan	nan	nan	nan
17	g	0	271582	0	nan	12	0	271582	0	0	0	nan	0	0	0	0	0	0	nan	0	0	0	nan	nan	nan	nan	nan	nan
18	u	0	271586	0	nan	12	0	271586	0	0	0	nan	0	0	0	0	0	0	nan	0	0	0	nan	nan	nan	nan	nan	nan
19	a	0	271678	0	nan	12	0	271678	0	0	0	nan	0	0	0	0	0	0	nan	0	0	0	nan	nan	nan	nan	nan	nan
20	A	0	271722	20	0.000000	12	0	271722	0	0	0	nan	0	0	0	0	0	0	nan	0	0	0	0.000000	0.000000	nan	nan	nan	nan
21	G	0	271786	36	0.000000	12	0	271786	0	0	0	nan	0	0	0	0	0	0	nan	0	0	0	0.000000	0.000000	nan	nan	nan	nan
22	G	0	271803	34	0.000000	12	0	271803	0	0	0	nan	0	0	0	0	0	0	nan	0	0	0	0.000000	0.000000	nan	nan	nan	nan
23	U	0	271824	260600	0.000000	12	0	271824	0	0	0	nan	0	0	0	0	0	0	nan	0	0	0	0.000000	0.000000	0.000000	0.000000	nan	nan
24	U	417	271849	267657	0.001558	12	0	271849	0	0	0	nan	0	0	0	0	0	0	nan	0	0	0	0.001558	0.000076	0.001558	0.000076	nan	nan
25	G	530	271866	266604	0.001988	12	0	271866	0	0	0	nan	0	0	0	0	0	0	nan	0	0	0	0.001988	0.000086	0.001988	0.000086	0.674355	0.029172
26	A	8370	271873	264959	0.031590	12	0	271873	0	0	0	nan	0	0	0	0	0	0	nan	0	0	0	0.031590	0.000345	0.031590	0.000345	0.926780	0.010122
27	A	8953	271880	262989	0.034043	12	0	271880	0	0	0	nan	0	0	0	0	0	0	nan	0	0	0	0.034043	0.000360	0.034043	0.000360	0.998746	0.010562
28	C	11018	271883	261132	0.042193	12	0	271882	0	0	0	nan	0	0	0	0	0	0	nan	0	0	0	0.042193	0.000402	0.042193	0.000402	0.953816	0.009088
29	U	312	271904	263356	0.001185	12	0	271903	0	0	0	nan	0	0	0	0	0	0	nan	0	0	0	0.001185	0.000067	0.001185	0.000067	nan	nan
30	U	339	271932	264202	0.001283	9	0	271916	0	0	0	nan	0	0	0	0	0	0	nan	0	0	0	0.001283	0.000070	0.001283	0.000070	nan	nan
31	U	520	271963	265490	0.001959	9	0	271947	0	0	0	nan	0	0	0	0	0	0	nan	0	0	0	0.001959	0.000086	0.001959	0.000086	nan	nan
32	U	399	271993	266822	0.001495	9	0	271976	0	0	0	nan	0	0	0	0	0	0	nan	0	0	0	0.001495	0.000075	0.001495	0.000075	nan	nan
33	G	770	272064	265587	0.002899	9	0	272045	0	0	0	nan	0	0	0	0	0	0	nan	0	0	0	0.002899	0.000104	0.002899	0.000104	0.983379	0.035278
34	A	9175	272086	264933	0.034631	9	0	272066	0	0	0	nan	0	0	0	0	0	0	nan	0	0	0	0.034631	0.000362	0.034631	0.000362	1.015996	0.010620
35	A	7819	272101	263171	0.029711	9	0	272081	0	0	0	nan	0	0	0	0	0	0	nan	0	0	0	0.029711	0.000336	0.029711	0.000336	0.871655	0.009857
36	U	416	272106	262723	0.001583	9	0	272087	0	0	0	nan	0	0	0	0	0	0	nan	0	0	0	0.001583	0.000078	0.001583	0.000078	nan	nan
37	A	8210	272119	264011	0.031097	9	0	272100	0	0	0	nan	0	0	0	0	0	0	nan	0	0	0	0.031097	0.000343	0.031097	0.000343	0.912317	0.010063
38	G	534	272148	263019	0.002030	9	0	272133	0	0	0	nan	0	0	0	0	0	0	nan	0	0	0	0.002030	0.000088	0.002030	0.000088	0.688602	0.029851
39	U	451	272169	266992	0.001689	9	0	272155	0	0	0	nan	0	0	0	0	0	0	nan	0	0	0	0.001689	0.000080	0.001689	0.000080	nan	nan
40	G	780	272213	264611	0.002948	9	0	272200	0	0	0	nan	0	0	0	0	0	0	nan	0	0	0	0.002948	0.000106	0.002948	0.000106	1.000000	0.035957
41	A	10099	272244	265477	0.038041	9	0	272231	0	0	0	nan	0	0	0	0	0	0	nan	0	0	0	0.038041	0.000379	0.038041	0.000379	1.116038	0.011119
42	U	520	272303	263787	0.001971	6	0	272292	0	0	0	nan	0	0	0	0	0	0	nan	0	0	0	0.001971	0.000086	0.001971	0.000086	nan	nan
43	U	500	272340	263810	0.001895	6	0	272329	0	0	0	nan	0	0	0	0	0	0	nan	0	0	0	0.001895	0.000085	0.001895	0.000085	nan	nan
44	C	11778	272380	262219	0.044917	6	0	272369	0	0	0	nan	0	0	0	0	0	0	nan	0	0	0	0.044917	0.000414	0.044917	0.000414	1.015395	0.009359
45	A	9001	272425	263958	0.034100	6	0	272414	0	0	0	nan	0	0	0	0	0	0	nan	0	0	0	0.034100	0.000359	0.034100	0.000359	1.000418	0.010532
46	G	760	272474	265403	0.002864	6	0	272466	0	0	0	nan	0	0	0	0	0	0	nan	0	0	0	0.002864	0.000104	0.002864	0.000104	0.971506	0.035278
47	G	672	272495	265080	0.002535	6	0	272488	0	0	0	nan	0	0	0	0	0	0	nan	0	0	0	0.002535	0.000098	0.002535	0.000098	0.859905	0.033243
48	A	7962	272502	260584	0.030554	6	0	272495	0	0	0	nan	0	0	0	0	0	0	nan	0	0	0	0.030554	0.000342	0.030554	0.000342	0.896386	0.010034
49	G	848	272572	260213	0.003259	6	0	272570	0	0	0	nan	0	0	0	0	0	0	nan	0	0	0	0.003259	0.000112	0.003259	0.000112	1.105495	0.037992
50	G	534	272605	261491	0.002042	6	0	272605	0	0	0	nan	0	0	0	0	0	0	nan	0	0	0	0.002042	0.000088	0.002042	0.000088	0.692673	0.029851
51	U	386	272621	261911	0.001474	6	0	272621	0	0	0	nan	0	0	0	0	0	0	nan	0	0	0	0.001474	0.000075	0.001474	0.000075	nan	nan
52	U	494	272626	266171	0.001856	6	0	272626	0	0	0	nan	0	0	0	0	0	0	nan	0	0	0	0.001856	0.000084	0.001856	0.000084	nan	nan
53	A	8793	272629	265944	0.033063	5	0	272629	0	0	0	nan	0	0	0	0	0	0	nan	0	0	0	0.033063	0.000353	0.033063	0.000353	0.969995	0.010356
54	A	7343	272618	266940	0.027508	5	0	272618	0	0	0	nan	0	0	0	0	0	0	nan	0	0	0	0.027508	0.000321	0.027508	0.000321	0.807023	0.009417
55	U	690	272621	268437	0.002570	5	0	272621	0	0	0	nan	0	0	0	0	0	0	nan	0	0	0	0.002570	0.000098	0.002570	0.000098	nan	nan
56	G	870	272632	269038	0.003234	5	0	272632	0	0	0	nan	0	0	0	0	0	0	nan	0	0	0	0.003234	0.000110	0.003234	0.000110	1.097015	0.037313
57	G	0	272636	267906	0.000000	5	0	272636	0	0	0	nan	0	0	0	0	0	0	nan	0	0	0	0.000000	0.000000	0.000000	0.000000	0.000000	0.000000
58	A	0	272636	0	nan	5	0	272636	0	0	0	nan	0	0	0	0	0	0	nan	0	0	0	nan	nan	nan	nan	nan	nan
59	A	0	272636	0	nan	5	0	272636	0	0	0	nan	0	0	0	0	0	0	nan	0	0	0	nan	nan	nan	nan	nan	nan
60	G	0	272636	0	nan	5	0	272636	0	0	0	nan	0	0	0	0	0	0	nan	0	0	0	nan	nan	nan	nan	nan	nan
61	u	0	272636	0	nan	5	0	272636	0	0	0	nan	0	0	0	0	0	0	nan	0	0	0	nan	nan	nan	nan	nan	nan
62	a	0	272636	0	nan	5	0	272636	0	0	0	nan	0	0	0	0	0	0	nan	0	0	0	nan	nan	nan	nan	nan	nan
63	a	0	272636	0	nan	5	0	272636	0	0	0	nan	0	0	0	0	0	0	nan	0	0	0	nan	nan	nan	nan	nan	nan
64	a	0	272636	0	nan	5	0	272636	0	0	0	nan	0	0	0	0	0	0	nan	0	0	0	nan	nan	nan	nan	nan	nan
65	g	0	272636	0	nan	5	0	272636	0	0	0	nan	0	0	0	0	0	0	nan	0	0	0	nan	nan	nan	nan	nan	nan
66	g	0	272636	0	nan	4	0	272636	0	0	0	nan	0	0	0	0	0	0	nan	0	0	0	nan	nan	nan	nan	nan	nan
67	u	0	272636	0	nan	4	0	272636	0	0	0	nan	0	0	0	0	0	0	nan	0	0	0	nan	nan	nan	nan	nan	nan
68	a	0	272636	0	nan	4	0	272636	0	0	0	nan	0	0	0	0	0	0	nan	0	0	0	nan	nan	nan	nan	nan	nan
69	a	0	272636	0	nan	4	0	272636	0	0	0	nan	0	0	0	0	0	0	nan	0	0	0	nan	nan	nan	nan	nan	nan
70	u	0	272636	0	nan	4	0	272636	0	0	0	nan	0	0	0	0	0	0	nan	0	0	0	nan	nan	nan	nan	nan	nan
71	g	0	272636	0	nan	4	0	272636	0	0	0	nan	0	0	0	0	0	0	nan	0	0	0	nan	nan	nan	nan	nan	nan
72	a	0	272634	0	nan	4	0	272634	0	0	0	nan	0	0	0	0	0	0	nan	0	0	0	nan	nan	nan	nan	nan	nan
73	a	0	272633	0	nan	4	0	272633	0	0	0	nan	0	0	0	0	0	0	nan	0	0	0	nan	nan	nan	nan	nan	nan
74	g	0	272633	0	nan	4	0	272633	0	0	0	nan	0	0	0	0	0	0	nan	0	0	0	nan	nan	nan	nan	nan	nan
75	g	0	272627	0	nan	4	0	272627	0	0	0	nan	0	0	0	0	0	0	nan	0	0	0	nan	nan	nan	nan	nan	nan
76	u	0	272621	0	nan	4	0	272621	0	0	0	nan	0	0	0	0	0	0	nan	0	0	0	nan	nan	nan	nan	nan	nan
77	g	0	272613	0	nan	4	0	272613	0	0	0	nan	0	0	0	0	0	0	nan	0	0	0	nan	nan	nan	nan	nan	nan
78	a	0	272598	0	nan	4	0	272598	0	0	0	nan	0	0	0	0	0	0	nan	0	0	0	nan	nan	nan	nan	nan	nan
79	a	0	272566	0	nan	4	0	272566	0	0	0	nan	0	0	0	0	0	0	nan	0	0	0	nan	nan	nan	nan	nan	nan
80	g	0	272390	0	nan	4	0	272390	0	0	0	nan	0	0	0	0	0	0	nan	0	0	0	nan	nan	nan	nan	nan	nan