Nucleotide	Sequence	Modified_mutations	Modified_read_depth	Modified_effective_depth	Modified_rate	Modified_off_target_mapped_depth	Modified_low_mapq_mapped_depth	Modified_primer_pair_1_mapped_depth	Untreated_mutations	Untreated_read_depth	Untreated_effective_depth	Untreated_rate	Untreated_off_target_mapped_depth	Untreated_low_mapq_mapped_depth	Untreated_primer_pair_1_mapped_depth	Denatured_mutations	Denatured_read_depth	Denatured_effective_depth	Denatured_rate	Denatured_off_target_mapped_depth	Denatured_low_mapq_mapped_depth	Denatured_primer_pair_1_mapped_depth	Reactivity_profile	Std_err	HQ_profile	HQ_stderr	Norm_profile	Norm_stderr
1	g	0	185719	0	nan	4	0	185719	0	0	0	nan	0	0	0	0	0	0	nan	0	0	0	nan	nan	nan	nan	nan	nan
2	g	0	186054	0	nan	4	0	186054	0	0	0	nan	0	0	0	0	0	0	nan	0	0	0	nan	nan	nan	nan	nan	nan
3	c	0	186160	0	nan	4	0	186160	0	0	0	nan	0	0	0	0	0	0	nan	0	0	0	nan	nan	nan	nan	nan	nan
4	a	0	187441	0	nan	8	0	187441	0	0	0	nan	0	0	0	0	0	0	nan	0	0	0	nan	nan	nan	nan	nan	nan
5	c	0	187497	0	nan	8	0	187497	0	0	0	nan	0	0	0	0	0	0	nan	0	0	0	nan	nan	nan	nan	nan	nan
6	c	0	187503	0	nan	8	0	187503	0	0	0	nan	0	0	0	0	0	0	nan	0	0	0	nan	nan	nan	nan	nan	nan
7	u	0	187504	0	nan	8	0	187504	0	0	0	nan	0	0	0	0	0	0	nan	0	0	0	nan	nan	nan	nan	nan	nan
8	c	0	187505	0	nan	8	0	187505	0	0	0	nan	0	0	0	0	0	0	nan	0	0	0	nan	nan	nan	nan	nan	nan
9	a	0	187506	0	nan	8	0	187506	0	0	0	nan	0	0	0	0	0	0	nan	0	0	0	nan	nan	nan	nan	nan	nan
10	u	0	187518	0	nan	8	0	187518	0	0	0	nan	0	0	0	0	0	0	nan	0	0	0	nan	nan	nan	nan	nan	nan
11	a	0	187525	0	nan	8	0	187525	0	0	0	nan	0	0	0	0	0	0	nan	0	0	0	nan	nan	nan	nan	nan	nan
12	a	0	187534	0	nan	8	0	187534	0	0	0	nan	0	0	0	0	0	0	nan	0	0	0	nan	nan	nan	nan	nan	nan
13	c	0	187535	0	nan	8	0	187535	0	0	0	nan	0	0	0	0	0	0	nan	0	0	0	nan	nan	nan	nan	nan	nan
14	a	0	187536	0	nan	8	0	187536	0	0	0	nan	0	0	0	0	0	0	nan	0	0	0	nan	nan	nan	nan	nan	nan
15	u	0	187536	0	nan	8	0	187536	0	0	0	nan	0	0	0	0	0	0	nan	0	0	0	nan	nan	nan	nan	nan	nan
16	a	0	187537	0	nan	8	0	187537	0	0	0	nan	0	0	0	0	0	0	nan	0	0	0	nan	nan	nan	nan	nan	nan
17	a	0	187538	0	nan	8	0	187538	0	0	0	nan	0	0	0	0	0	0	nan	0	0	0	nan	nan	nan	nan	nan	nan
18	c	0	187541	0	nan	8	0	187541	0	0	0	nan	0	0	0	0	0	0	nan	0	0	0	nan	nan	nan	nan	nan	nan
19	U	0	187543	1	0.000000	8	0	187543	0	0	0	nan	0	0	0	0	0	0	nan	0	0	0	0.000000	0.000000	nan	nan	nan	nan
20	A	0	187551	7	0.000000	8	0	187551	0	0	0	nan	0	0	0	0	0	0	nan	0	0	0	0.000000	0.000000	nan	nan	nan	nan
21	A	0	187555	8	0.000000	8	0	187555	0	0	0	nan	0	0	0	0	0	0	nan	0	0	0	0.000000	0.000000	nan	nan	nan	nan
22	G	0	187563	185948	0.000000	8	0	187563	0	0	0	nan	0	0	0	0	0	0	nan	0	0	0	0.000000	0.000000	0.000000	0.000000	nan	nan
23	G	176	187563	183344	0.000960	8	0	187563	0	0	0	nan	0	0	0	0	0	0	nan	0	0	0	0.000960	0.000072	0.000960	0.000072	nan	nan
24	C	2746	187565	181280	0.015148	8	0	187565	0	0	0	nan	0	0	0	0	0	0	nan	0	0	0	0.015148	0.000289	0.015148	0.000289	1.000000	0.019078
25	A	1410	187582	181874	0.007753	8	0	187582	0	0	0	nan	0	0	0	0	0	0	nan	0	0	0	0.007753	0.000206	0.007753	0.000206	0.992670	0.026376
26	G	139	187589	181300	0.000767	8	0	187589	0	0	0	nan	0	0	0	0	0	0	nan	0	0	0	0.000767	0.000065	0.000767	0.000065	nan	nan
27	A	1490	187592	186681	0.007982	8	0	187591	0	0	0	nan	0	0	0	0	0	0	nan	0	0	0	0.007982	0.000207	0.007982	0.000207	1.021990	0.026504
28	U	1072	187596	186613	0.005745	8	0	187595	0	0	0	nan	0	0	0	0	0	0	nan	0	0	0	0.005745	0.000175	0.005745	0.000175	1.286890	0.039200
29	C	2556	187597	186735	0.013688	8	0	187595	0	0	0	nan	0	0	0	0	0	0	nan	0	0	0	0.013688	0.000271	0.013688	0.000271	0.903618	0.017890
30	U	678	187597	186589	0.003634	8	0	187594	0	0	0	nan	0	0	0	0	0	0	nan	0	0	0	0.003634	0.000140	0.003634	0.000140	0.814023	0.031360
31	G	127	187598	186053	0.000683	8	0	187595	0	0	0	nan	0	0	0	0	0	0	nan	0	0	0	0.000683	0.000061	0.000683	0.000061	nan	nan
32	A	841	187598	186310	0.004514	8	0	187595	0	0	0	nan	0	0	0	0	0	0	nan	0	0	0	0.004514	0.000156	0.004514	0.000156	0.577958	0.019974
33	G	167	187599	180116	0.000927	8	0	187596	0	0	0	nan	0	0	0	0	0	0	nan	0	0	0	0.000927	0.000072	0.000927	0.000072	nan	nan
34	C	1320	187599	177186	0.007450	8	0	187595	0	0	0	nan	0	0	0	0	0	0	nan	0	0	0	0.007450	0.000205	0.007450	0.000205	0.491814	0.013533
35	C	1190	187601	177204	0.006715	8	0	187590	0	0	0	nan	0	0	0	0	0	0	nan	0	0	0	0.006715	0.000195	0.006715	0.000195	0.443293	0.012873
36	U	669	187603	180529	0.003706	8	0	187577	0	0	0	nan	0	0	0	0	0	0	nan	0	0	0	0.003706	0.000143	0.003706	0.000143	0.830151	0.032032
37	G	259	187625	183334	0.001413	8	0	187599	0	0	0	nan	0	0	0	0	0	0	nan	0	0	0	0.001413	0.000088	0.001413	0.000088	nan	nan
38	G	139	187654	183475	0.000758	8	0	187643	0	0	0	nan	0	0	0	0	0	0	nan	0	0	0	0.000758	0.000064	0.000758	0.000064	nan	nan
39	G	221	187656	183675	0.001203	8	0	187649	0	0	0	nan	0	0	0	0	0	0	nan	0	0	0	0.001203	0.000081	0.001203	0.000081	nan	nan
40	G	131	187656	184071	0.000712	8	0	187649	0	0	0	nan	0	0	0	0	0	0	nan	0	0	0	0.000712	0.000062	0.000712	0.000062	nan	nan
41	G	208	187659	183508	0.001133	8	0	187655	0	0	0	nan	0	0	0	0	0	0	nan	0	0	0	0.001133	0.000079	0.001133	0.000079	nan	nan
42	C	1072	187659	186718	0.005741	8	0	187655	0	0	0	nan	0	0	0	0	0	0	nan	0	0	0	0.005741	0.000175	0.005741	0.000175	0.378994	0.011553
43	U	567	187659	186778	0.003036	8	0	187655	0	0	0	nan	0	0	0	0	0	0	nan	0	0	0	0.003036	0.000127	0.003036	0.000127	0.680069	0.028448
44	C	1338	187659	186865	0.007160	8	0	187654	0	0	0	nan	0	0	0	0	0	0	nan	0	0	0	0.007160	0.000196	0.007160	0.000196	0.472670	0.012939
45	U	881	187661	186778	0.004717	8	0	187658	0	0	0	nan	0	0	0	0	0	0	nan	0	0	0	0.004717	0.000159	0.004717	0.000159	1.056616	0.035616
46	C	2661	187661	186801	0.014245	8	0	187659	0	0	0	nan	0	0	0	0	0	0	nan	0	0	0	0.014245	0.000276	0.014245	0.000276	0.940388	0.018220
47	U	656	187663	186792	0.003512	8	0	187659	0	0	0	nan	0	0	0	0	0	0	nan	0	0	0	0.003512	0.000137	0.003512	0.000137	0.786694	0.030688
48	G	194	187659	184767	0.001050	7	0	187650	0	0	0	nan	0	0	0	0	0	0	nan	0	0	0	0.001050	0.000075	0.001050	0.000075	nan	nan
49	C	3346	187662	186032	0.017986	7	0	187654	0	0	0	nan	0	0	0	0	0	0	nan	0	0	0	0.017986	0.000311	0.017986	0.000311	1.187351	0.020531
50	C	2906	187665	186125	0.015613	7	0	187660	0	0	0	nan	0	0	0	0	0	0	nan	0	0	0	0.015613	0.000290	0.015613	0.000290	1.030697	0.019144
51	A	1114	187670	186593	0.005970	7	0	187669	0	0	0	nan	0	0	0	0	0	0	nan	0	0	0	0.005970	0.000179	0.005970	0.000179	0.764380	0.022919
52	A	0	187670	186897	0.000000	7	0	187670	0	0	0	nan	0	0	0	0	0	0	nan	0	0	0	0.000000	0.000000	0.000000	0.000000	0.000000	0.000000
53	U	0	187661	63	0.000000	4	0	187661	0	0	0	nan	0	0	0	0	0	0	nan	0	0	0	0.000000	0.000000	nan	nan	nan	nan
54	C	0	187581	1	0.000000	3	0	187581	0	0	0	nan	0	0	0	0	0	0	nan	0	0	0	0.000000	0.000000	nan	nan	nan	nan
55	C	0	187581	1	0.000000	3	0	187581	0	0	0	nan	0	0	0	0	0	0	nan	0	0	0	0.000000	0.000000	nan	nan	nan	nan
56	a	0	187580	0	nan	3	0	187580	0	0	0	nan	0	0	0	0	0	0	nan	0	0	0	nan	nan	nan	nan	nan	nan
57	c	0	187580	0	nan	3	0	187580	0	0	0	nan	0	0	0	0	0	0	nan	0	0	0	nan	nan	nan	nan	nan	nan
58	u	0	187580	0	nan	3	0	187580	0	0	0	nan	0	0	0	0	0	0	nan	0	0	0	nan	nan	nan	nan	nan	nan
59	a	0	187580	0	nan	3	0	187580	0	0	0	nan	0	0	0	0	0	0	nan	0	0	0	nan	nan	nan	nan	nan	nan
60	a	0	187580	0	nan	3	0	187580	0	0	0	nan	0	0	0	0	0	0	nan	0	0	0	nan	nan	nan	nan	nan	nan
61	c	0	187580	0	nan	0	0	187580	0	0	0	nan	0	0	0	0	0	0	nan	0	0	0	nan	nan	nan	nan	nan	nan
62	c	0	187580	0	nan	0	0	187580	0	0	0	nan	0	0	0	0	0	0	nan	0	0	0	nan	nan	nan	nan	nan	nan
63	u	0	187580	0	nan	0	0	187580	0	0	0	nan	0	0	0	0	0	0	nan	0	0	0	nan	nan	nan	nan	nan	nan
64	c	0	187580	0	nan	0	0	187580	0	0	0	nan	0	0	0	0	0	0	nan	0	0	0	nan	nan	nan	nan	nan	nan
65	a	0	187580	0	nan	0	0	187580	0	0	0	nan	0	0	0	0	0	0	nan	0	0	0	nan	nan	nan	nan	nan	nan
66	c	0	187580	0	nan	0	0	187580	0	0	0	nan	0	0	0	0	0	0	nan	0	0	0	nan	nan	nan	nan	nan	nan
67	u	0	187578	0	nan	0	0	187578	0	0	0	nan	0	0	0	0	0	0	nan	0	0	0	nan	nan	nan	nan	nan	nan
68	c	0	187577	0	nan	0	0	187577	0	0	0	nan	0	0	0	0	0	0	nan	0	0	0	nan	nan	nan	nan	nan	nan
69	a	0	187574	0	nan	0	0	187574	0	0	0	nan	0	0	0	0	0	0	nan	0	0	0	nan	nan	nan	nan	nan	nan
70	c	0	187563	0	nan	0	0	187563	0	0	0	nan	0	0	0	0	0	0	nan	0	0	0	nan	nan	nan	nan	nan	nan
71	a	0	187560	0	nan	0	0	187560	0	0	0	nan	0	0	0	0	0	0	nan	0	0	0	nan	nan	nan	nan	nan	nan
72	a	0	187506	0	nan	0	0	187506	0	0	0	nan	0	0	0	0	0	0	nan	0	0	0	nan	nan	nan	nan	nan	nan
73	u	0	187400	0	nan	0	0	187400	0	0	0	nan	0	0	0	0	0	0	nan	0	0	0	nan	nan	nan	nan	nan	nan
74	c	0	187175	0	nan	0	0	187175	0	0	0	nan	0	0	0	0	0	0	nan	0	0	0	nan	nan	nan	nan	nan	nan