Nucleotide	Sequence	Modified_mutations	Modified_read_depth	Modified_effective_depth	Modified_rate	Modified_off_target_mapped_depth	Modified_low_mapq_mapped_depth	Modified_primer_pair_1_mapped_depth	Untreated_mutations	Untreated_read_depth	Untreated_effective_depth	Untreated_rate	Untreated_off_target_mapped_depth	Untreated_low_mapq_mapped_depth	Untreated_primer_pair_1_mapped_depth	Denatured_mutations	Denatured_read_depth	Denatured_effective_depth	Denatured_rate	Denatured_off_target_mapped_depth	Denatured_low_mapq_mapped_depth	Denatured_primer_pair_1_mapped_depth	Reactivity_profile	Std_err	HQ_profile	HQ_stderr	Norm_profile	Norm_stderr
1	g	0	55832	0	nan	0	2	55832	0	0	0	nan	0	0	0	0	0	0	nan	0	0	0	nan	nan	nan	nan	nan	nan
2	g	0	55880	0	nan	0	2	55880	0	0	0	nan	0	0	0	0	0	0	nan	0	0	0	nan	nan	nan	nan	nan	nan
3	u	0	55905	0	nan	0	2	55905	0	0	0	nan	0	0	0	0	0	0	nan	0	0	0	nan	nan	nan	nan	nan	nan
4	g	0	55922	0	nan	0	2	55922	0	0	0	nan	0	0	0	0	0	0	nan	0	0	0	nan	nan	nan	nan	nan	nan
5	u	0	55932	0	nan	0	2	55932	0	0	0	nan	0	0	0	0	0	0	nan	0	0	0	nan	nan	nan	nan	nan	nan
6	a	0	55943	0	nan	0	2	55943	0	0	0	nan	0	0	0	0	0	0	nan	0	0	0	nan	nan	nan	nan	nan	nan
7	a	0	55972	0	nan	0	2	55972	0	0	0	nan	0	0	0	0	0	0	nan	0	0	0	nan	nan	nan	nan	nan	nan
8	g	0	56071	0	nan	0	2	56071	0	0	0	nan	0	0	0	0	0	0	nan	0	0	0	nan	nan	nan	nan	nan	nan
9	g	0	57602	0	nan	0	2	57602	0	0	0	nan	0	0	0	0	0	0	nan	0	0	0	nan	nan	nan	nan	nan	nan
10	g	0	233320	0	nan	0	2	233320	0	0	0	nan	0	0	0	0	0	0	nan	0	0	0	nan	nan	nan	nan	nan	nan
11	u	0	243497	0	nan	0	2	243497	0	0	0	nan	0	0	0	0	0	0	nan	0	0	0	nan	nan	nan	nan	nan	nan
12	g	0	243864	0	nan	0	2	243864	0	0	0	nan	0	0	0	0	0	0	nan	0	0	0	nan	nan	nan	nan	nan	nan
13	a	0	243894	0	nan	0	2	243894	0	0	0	nan	0	0	0	0	0	0	nan	0	0	0	nan	nan	nan	nan	nan	nan
14	a	0	243900	0	nan	0	2	243900	0	0	0	nan	0	0	0	0	0	0	nan	0	0	0	nan	nan	nan	nan	nan	nan
15	g	0	243911	0	nan	4	2	243911	0	0	0	nan	0	0	0	0	0	0	nan	0	0	0	nan	nan	nan	nan	nan	nan
16	u	0	243922	0	nan	4	2	243922	0	0	0	nan	0	0	0	0	0	0	nan	0	0	0	nan	nan	nan	nan	nan	nan
17	g	0	243948	0	nan	4	2	243948	0	0	0	nan	0	0	0	0	0	0	nan	0	0	0	nan	nan	nan	nan	nan	nan
18	u	0	243958	0	nan	4	2	243958	0	0	0	nan	0	0	0	0	0	0	nan	0	0	0	nan	nan	nan	nan	nan	nan
19	a	0	244052	0	nan	4	2	244052	0	0	0	nan	0	0	0	0	0	0	nan	0	0	0	nan	nan	nan	nan	nan	nan
20	A	0	244103	25	0.000000	4	2	244103	0	0	0	nan	0	0	0	0	0	0	nan	0	0	0	0.000000	0.000000	nan	nan	nan	nan
21	G	0	244171	52	0.000000	4	2	244171	0	0	0	nan	0	0	0	0	0	0	nan	0	0	0	0.000000	0.000000	nan	nan	nan	nan
22	G	0	244186	48	0.000000	4	2	244186	0	0	0	nan	0	0	0	0	0	0	nan	0	0	0	0.000000	0.000000	nan	nan	nan	nan
23	U	0	244196	241309	0.000000	4	2	244196	0	0	0	nan	0	0	0	0	0	0	nan	0	0	0	0.000000	0.000000	0.000000	0.000000	0.000000	0.000000
24	U	418	244201	241019	0.001734	4	2	244201	0	0	0	nan	0	0	0	0	0	0	nan	0	0	0	0.001734	0.000085	0.001734	0.000085	0.812178	0.039813
25	G	638	244202	240031	0.002658	4	2	244202	0	0	0	nan	0	0	0	0	0	0	nan	0	0	0	0.002658	0.000105	0.002658	0.000105	0.982262	0.038803
26	A	3392	244197	235226	0.014420	4	2	244169	0	0	0	nan	0	0	0	0	0	0	nan	0	0	0	0.014420	0.000248	0.014420	0.000248	0.941991	0.016201
27	C	11859	244206	234249	0.050626	4	2	244167	0	0	0	nan	0	0	0	0	0	0	nan	0	0	0	0.050626	0.000465	0.050626	0.000465	1.415815	0.013004
28	C	3071	244219	234928	0.013072	4	2	244186	0	0	0	nan	0	0	0	0	0	0	nan	0	0	0	0.013072	0.000236	0.013072	0.000236	0.365574	0.006600
29	U	240	244280	238541	0.001006	4	2	244251	0	0	0	nan	0	0	0	0	0	0	nan	0	0	0	0.001006	0.000065	0.001006	0.000065	0.471194	0.030445
30	U	328	244298	239462	0.001370	4	2	244271	0	0	0	nan	0	0	0	0	0	0	nan	0	0	0	0.001370	0.000076	0.001370	0.000076	0.641686	0.035597
31	U	436	244329	240349	0.001814	4	2	244303	0	0	0	nan	0	0	0	0	0	0	nan	0	0	0	0.001814	0.000087	0.001814	0.000087	0.849649	0.040749
32	U	300	244394	241657	0.001241	4	3	244370	0	0	0	nan	0	0	0	0	0	0	nan	0	0	0	0.001241	0.000072	0.001241	0.000072	0.581265	0.033724
33	G	709	244424	240575	0.002947	4	3	244400	0	0	0	nan	0	0	0	0	0	0	nan	0	0	0	0.002947	0.000111	0.002947	0.000111	1.089061	0.041020
34	A	3679	244449	240329	0.015308	4	3	244425	0	0	0	nan	0	0	0	0	0	0	nan	0	0	0	0.015308	0.000252	0.015308	0.000252	1.000000	0.016462
35	A	2979	244462	239346	0.012446	4	3	244439	0	0	0	nan	0	0	0	0	0	0	nan	0	0	0	0.012446	0.000228	0.012446	0.000228	0.813039	0.014894
36	U	288	244473	239198	0.001204	4	3	244450	0	0	0	nan	0	0	0	0	0	0	nan	0	0	0	0.001204	0.000071	0.001204	0.000071	0.563934	0.033255
37	A	3182	244492	240062	0.013255	4	3	244472	0	0	0	nan	0	0	0	0	0	0	nan	0	0	0	0.013255	0.000235	0.013255	0.000235	0.865887	0.015351
38	G	362	244519	239466	0.001512	4	3	244499	0	0	0	nan	0	0	0	0	0	0	nan	0	0	0	0.001512	0.000079	0.001512	0.000079	0.558758	0.029194
39	U	390	244539	241696	0.001614	4	3	244520	0	0	0	nan	0	0	0	0	0	0	nan	0	0	0	0.001614	0.000082	0.001614	0.000082	0.755972	0.038407
40	G	571	244565	240110	0.002378	4	4	244549	0	0	0	nan	0	0	0	0	0	0	nan	0	0	0	0.002378	0.000100	0.002378	0.000100	0.878788	0.036955
41	A	3774	244583	240760	0.015675	4	5	244570	0	0	0	nan	0	0	0	0	0	0	nan	0	0	0	0.015675	0.000255	0.015675	0.000255	1.023974	0.016658
42	U	512	244621	239834	0.002135	4	5	244612	0	0	0	nan	0	0	0	0	0	0	nan	0	0	0	0.002135	0.000094	0.002135	0.000094	1.000000	0.044028
43	U	507	244645	239705	0.002115	4	5	244637	0	0	0	nan	0	0	0	0	0	0	nan	0	0	0	0.002115	0.000094	0.002115	0.000094	0.990632	0.044028
44	C	5002	244658	239456	0.020889	4	6	244650	0	0	0	nan	0	0	0	0	0	0	nan	0	0	0	0.020889	0.000295	0.020889	0.000295	0.584185	0.008250
45	A	3686	244675	240367	0.015335	4	7	244670	0	0	0	nan	0	0	0	0	0	0	nan	0	0	0	0.015335	0.000253	0.015335	0.000253	1.001764	0.016527
46	G	654	244696	241695	0.002706	4	7	244691	0	0	0	nan	0	0	0	0	0	0	nan	0	0	0	0.002706	0.000106	0.002706	0.000106	1.000000	0.039172
47	G	595	244706	241166	0.002467	4	7	244701	0	0	0	nan	0	0	0	0	0	0	nan	0	0	0	0.002467	0.000101	0.002467	0.000101	0.911678	0.037324
48	A	3359	244710	241459	0.013911	5	7	244705	0	0	0	nan	0	0	0	0	0	0	nan	0	0	0	0.013911	0.000240	0.013911	0.000240	0.908741	0.015678
49	G	1427	244759	241212	0.005916	5	7	244755	0	0	0	nan	0	0	0	0	0	0	nan	0	0	0	0.005916	0.000157	0.005916	0.000157	2.186253	0.058019
50	G	519	244774	241324	0.002151	5	7	244771	0	0	0	nan	0	0	0	0	0	0	nan	0	0	0	0.002151	0.000094	0.002151	0.000094	0.794900	0.034738
51	U	299	244780	241389	0.001239	5	7	244778	0	0	0	nan	0	0	0	0	0	0	nan	0	0	0	0.001239	0.000072	0.001239	0.000072	0.580328	0.033724
52	U	448	244785	240514	0.001863	5	7	244784	0	0	0	nan	0	0	0	0	0	0	nan	0	0	0	0.001863	0.000088	0.001863	0.000088	0.872600	0.041218
53	A	2936	244787	241367	0.012164	5	7	244786	0	0	0	nan	0	0	0	0	0	0	nan	0	0	0	0.012164	0.000224	0.012164	0.000224	0.794617	0.014633
54	A	2428	244784	241420	0.010057	5	7	244782	0	0	0	nan	0	0	0	0	0	0	nan	0	0	0	0.010057	0.000204	0.010057	0.000204	0.656977	0.013326
55	U	597	244787	242100	0.002466	5	7	244785	0	0	0	nan	0	0	0	0	0	0	nan	0	0	0	0.002466	0.000101	0.002466	0.000101	1.155035	0.047307
56	G	600	244791	242321	0.002476	5	7	244790	0	0	0	nan	0	0	0	0	0	0	nan	0	0	0	0.002476	0.000101	0.002476	0.000101	0.915004	0.037324
57	G	0	244792	241473	0.000000	5	7	244791	0	0	0	nan	0	0	0	0	0	0	nan	0	0	0	0.000000	0.000000	0.000000	0.000000	0.000000	0.000000
58	A	0	244793	0	nan	5	7	244793	0	0	0	nan	0	0	0	0	0	0	nan	0	0	0	nan	nan	nan	nan	nan	nan
59	A	0	244793	0	nan	5	7	244793	0	0	0	nan	0	0	0	0	0	0	nan	0	0	0	nan	nan	nan	nan	nan	nan
60	G	0	244793	0	nan	5	7	244793	0	0	0	nan	0	0	0	0	0	0	nan	0	0	0	nan	nan	nan	nan	nan	nan
61	u	0	244793	0	nan	5	7	244793	0	0	0	nan	0	0	0	0	0	0	nan	0	0	0	nan	nan	nan	nan	nan	nan
62	a	0	244793	0	nan	5	7	244793	0	0	0	nan	0	0	0	0	0	0	nan	0	0	0	nan	nan	nan	nan	nan	nan
63	a	0	244793	0	nan	5	7	244793	0	0	0	nan	0	0	0	0	0	0	nan	0	0	0	nan	nan	nan	nan	nan	nan
64	a	0	244793	0	nan	5	7	244793	0	0	0	nan	0	0	0	0	0	0	nan	0	0	0	nan	nan	nan	nan	nan	nan
65	g	0	244793	0	nan	5	7	244793	0	0	0	nan	0	0	0	0	0	0	nan	0	0	0	nan	nan	nan	nan	nan	nan
66	g	0	244793	0	nan	5	7	244793	0	0	0	nan	0	0	0	0	0	0	nan	0	0	0	nan	nan	nan	nan	nan	nan
67	u	0	244793	0	nan	5	7	244793	0	0	0	nan	0	0	0	0	0	0	nan	0	0	0	nan	nan	nan	nan	nan	nan
68	a	0	244793	0	nan	5	7	244793	0	0	0	nan	0	0	0	0	0	0	nan	0	0	0	nan	nan	nan	nan	nan	nan
69	a	0	244793	0	nan	5	7	244793	0	0	0	nan	0	0	0	0	0	0	nan	0	0	0	nan	nan	nan	nan	nan	nan
70	u	0	244793	0	nan	5	7	244793	0	0	0	nan	0	0	0	0	0	0	nan	0	0	0	nan	nan	nan	nan	nan	nan
71	g	0	244792	0	nan	5	7	244792	0	0	0	nan	0	0	0	0	0	0	nan	0	0	0	nan	nan	nan	nan	nan	nan
72	a	0	244792	0	nan	5	7	244792	0	0	0	nan	0	0	0	0	0	0	nan	0	0	0	nan	nan	nan	nan	nan	nan
73	a	0	244789	0	nan	5	7	244789	0	0	0	nan	0	0	0	0	0	0	nan	0	0	0	nan	nan	nan	nan	nan	nan
74	g	0	244788	0	nan	5	7	244788	0	0	0	nan	0	0	0	0	0	0	nan	0	0	0	nan	nan	nan	nan	nan	nan
75	g	0	244786	0	nan	5	7	244786	0	0	0	nan	0	0	0	0	0	0	nan	0	0	0	nan	nan	nan	nan	nan	nan
76	u	0	244786	0	nan	5	7	244786	0	0	0	nan	0	0	0	0	0	0	nan	0	0	0	nan	nan	nan	nan	nan	nan
77	g	0	244778	0	nan	5	7	244778	0	0	0	nan	0	0	0	0	0	0	nan	0	0	0	nan	nan	nan	nan	nan	nan
78	a	0	244776	0	nan	5	7	244776	0	0	0	nan	0	0	0	0	0	0	nan	0	0	0	nan	nan	nan	nan	nan	nan
79	a	0	244722	0	nan	5	7	244722	0	0	0	nan	0	0	0	0	0	0	nan	0	0	0	nan	nan	nan	nan	nan	nan
80	g	0	244625	0	nan	5	7	244625	0	0	0	nan	0	0	0	0	0	0	nan	0	0	0	nan	nan	nan	nan	nan	nan