Nucleotide	Sequence	Modified_mutations	Modified_read_depth	Modified_effective_depth	Modified_rate	Modified_off_target_mapped_depth	Modified_low_mapq_mapped_depth	Modified_primer_pair_1_mapped_depth	Untreated_mutations	Untreated_read_depth	Untreated_effective_depth	Untreated_rate	Untreated_off_target_mapped_depth	Untreated_low_mapq_mapped_depth	Untreated_primer_pair_1_mapped_depth	Denatured_mutations	Denatured_read_depth	Denatured_effective_depth	Denatured_rate	Denatured_off_target_mapped_depth	Denatured_low_mapq_mapped_depth	Denatured_primer_pair_1_mapped_depth	Reactivity_profile	Std_err	HQ_profile	HQ_stderr	Norm_profile	Norm_stderr
1	g	0	69418	0	nan	12	0	69418	0	0	0	nan	0	0	0	0	0	0	nan	0	0	0	nan	nan	nan	nan	nan	nan
2	g	0	69489	0	nan	12	0	69489	0	0	0	nan	0	0	0	0	0	0	nan	0	0	0	nan	nan	nan	nan	nan	nan
3	a	0	69516	0	nan	12	0	69516	0	0	0	nan	0	0	0	0	0	0	nan	0	0	0	nan	nan	nan	nan	nan	nan
4	u	0	69522	0	nan	12	0	69522	0	0	0	nan	0	0	0	0	0	0	nan	0	0	0	nan	nan	nan	nan	nan	nan
5	a	0	69526	0	nan	12	0	69526	0	0	0	nan	0	0	0	0	0	0	nan	0	0	0	nan	nan	nan	nan	nan	nan
6	a	0	69526	0	nan	12	0	69526	0	0	0	nan	0	0	0	0	0	0	nan	0	0	0	nan	nan	nan	nan	nan	nan
7	u	0	69526	0	nan	12	0	69526	0	0	0	nan	0	0	0	0	0	0	nan	0	0	0	nan	nan	nan	nan	nan	nan
8	c	0	69526	0	nan	12	0	69526	0	0	0	nan	0	0	0	0	0	0	nan	0	0	0	nan	nan	nan	nan	nan	nan
9	c	0	69526	0	nan	12	0	69526	0	0	0	nan	0	0	0	0	0	0	nan	0	0	0	nan	nan	nan	nan	nan	nan
10	a	0	69526	0	nan	12	0	69526	0	0	0	nan	0	0	0	0	0	0	nan	0	0	0	nan	nan	nan	nan	nan	nan
11	a	0	69526	0	nan	12	0	69526	0	0	0	nan	0	0	0	0	0	0	nan	0	0	0	nan	nan	nan	nan	nan	nan
12	a	0	69526	0	nan	12	0	69526	0	0	0	nan	0	0	0	0	0	0	nan	0	0	0	nan	nan	nan	nan	nan	nan
13	a	0	69526	0	nan	12	0	69526	0	0	0	nan	0	0	0	0	0	0	nan	0	0	0	nan	nan	nan	nan	nan	nan
14	c	0	69526	0	nan	12	0	69526	0	0	0	nan	0	0	0	0	0	0	nan	0	0	0	nan	nan	nan	nan	nan	nan
15	a	0	69526	0	nan	12	0	69526	0	0	0	nan	0	0	0	0	0	0	nan	0	0	0	nan	nan	nan	nan	nan	nan
16	a	0	69526	0	nan	12	0	69526	0	0	0	nan	0	0	0	0	0	0	nan	0	0	0	nan	nan	nan	nan	nan	nan
17	c	0	69526	0	nan	12	0	69526	0	0	0	nan	0	0	0	0	0	0	nan	0	0	0	nan	nan	nan	nan	nan	nan
18	a	0	69526	0	nan	12	0	69526	0	0	0	nan	0	0	0	0	0	0	nan	0	0	0	nan	nan	nan	nan	nan	nan
19	a	0	69526	0	nan	12	0	69526	0	0	0	nan	0	0	0	0	0	0	nan	0	0	0	nan	nan	nan	nan	nan	nan
20	c	0	69526	0	nan	12	0	69526	0	0	0	nan	0	0	0	0	0	0	nan	0	0	0	nan	nan	nan	nan	nan	nan
21	c	0	69526	0	nan	12	0	69526	0	0	0	nan	0	0	0	0	0	0	nan	0	0	0	nan	nan	nan	nan	nan	nan
22	A	0	69526	0	nan	12	0	69526	0	0	0	nan	0	0	0	0	0	0	nan	0	0	0	nan	nan	nan	nan	nan	nan
23	A	0	69526	0	nan	12	0	69526	0	0	0	nan	0	0	0	0	0	0	nan	0	0	0	nan	nan	nan	nan	nan	nan
24	A	0	69526	0	nan	12	0	69526	0	0	0	nan	0	0	0	0	0	0	nan	0	0	0	nan	nan	nan	nan	nan	nan
25	G	0	69526	59471	0.000000	12	0	69526	0	0	0	nan	0	0	0	0	0	0	nan	0	0	0	0.000000	0.000000	0.000000	0.000000	nan	nan
26	G	53	69526	54467	0.000973	12	0	69526	0	0	0	nan	0	0	0	0	0	0	nan	0	0	0	0.000973	0.000134	0.000973	0.000134	nan	nan
27	A	972	69526	54212	0.017930	12	0	69523	0	0	0	nan	0	0	0	0	0	0	nan	0	0	0	0.017930	0.000575	0.017930	0.000575	0.692907	0.022221
28	A	595	69525	53559	0.011109	12	0	69521	0	0	0	nan	0	0	0	0	0	0	nan	0	0	0	0.011109	0.000455	0.011109	0.000455	0.429308	0.017584
29	U	207	69523	62660	0.003304	12	0	69516	0	0	0	nan	0	0	0	0	0	0	nan	0	0	0	0.003304	0.000230	0.003304	0.000230	0.885079	0.061613
30	U	102	69519	63324	0.001611	12	0	69491	0	0	0	nan	0	0	0	0	0	0	nan	0	0	0	0.001611	0.000159	0.001611	0.000159	0.431556	0.042593
31	G	37	69518	64772	0.000571	12	0	69484	0	0	0	nan	0	0	0	0	0	0	nan	0	0	0	0.000571	0.000094	0.000571	0.000094	nan	nan
32	C	696	69518	65610	0.010608	12	0	69480	0	0	0	nan	0	0	0	0	0	0	nan	0	0	0	0.010608	0.000402	0.010608	0.000402	0.677633	0.025680
33	G	48	69517	64737	0.000741	12	0	69471	0	0	0	nan	0	0	0	0	0	0	nan	0	0	0	0.000741	0.000107	0.000741	0.000107	nan	nan
34	G	20	69515	64870	0.000308	12	0	69453	0	0	0	nan	0	0	0	0	0	0	nan	0	0	0	0.000308	0.000069	0.000308	0.000069	nan	nan
35	G	26	69514	58554	0.000444	12	0	69445	0	0	0	nan	0	0	0	0	0	0	nan	0	0	0	0.000444	0.000087	0.000444	0.000087	nan	nan
36	A	386	69514	55465	0.006959	12	0	69429	0	0	0	nan	0	0	0	0	0	0	nan	0	0	0	0.006959	0.000354	0.006959	0.000354	0.268931	0.013680
37	A	1231	69513	53004	0.023225	12	0	69404	0	0	0	nan	0	0	0	0	0	0	nan	0	0	0	0.023225	0.000662	0.023225	0.000662	0.897533	0.025583
38	A	1663	69512	58294	0.028528	12	0	69398	0	0	0	nan	0	0	0	0	0	0	nan	0	0	0	0.028528	0.000700	0.028528	0.000700	1.102467	0.027052
39	G	50	69512	61715	0.000810	12	0	69396	0	0	0	nan	0	0	0	0	0	0	nan	0	0	0	0.000810	0.000115	0.000810	0.000115	nan	nan
40	G	28	69512	63379	0.000442	12	0	69390	0	0	0	nan	0	0	0	0	0	0	nan	0	0	0	0.000442	0.000083	0.000442	0.000083	nan	nan
41	G	26	69512	63314	0.000411	12	0	69387	0	0	0	nan	0	0	0	0	0	0	nan	0	0	0	0.000411	0.000081	0.000411	0.000081	nan	nan
42	G	50	69512	64233	0.000778	12	0	69376	0	0	0	nan	0	0	0	0	0	0	nan	0	0	0	0.000778	0.000110	0.000778	0.000110	nan	nan
43	U	77	69512	65106	0.001183	12	0	69372	0	0	0	nan	0	0	0	0	0	0	nan	0	0	0	0.001183	0.000135	0.001183	0.000135	0.316903	0.036164
44	C	269	69511	60657	0.004435	12	0	69356	0	0	0	nan	0	0	0	0	0	0	nan	0	0	0	0.004435	0.000270	0.004435	0.000270	0.283305	0.017247
45	A	972	69510	56311	0.017261	12	0	69333	0	0	0	nan	0	0	0	0	0	0	nan	0	0	0	0.017261	0.000554	0.017261	0.000554	0.667053	0.021409
46	A	487	69510	56890	0.008560	12	0	69328	0	0	0	nan	0	0	0	0	0	0	nan	0	0	0	0.008560	0.000388	0.008560	0.000388	0.330802	0.014994
47	C	1276	69510	59749	0.021356	12	0	69325	0	0	0	nan	0	0	0	0	0	0	nan	0	0	0	0.021356	0.000598	0.021356	0.000598	1.364208	0.038200
48	A	1383	69509	64072	0.021585	12	0	69315	0	0	0	nan	0	0	0	0	0	0	nan	0	0	0	0.021585	0.000580	0.021585	0.000580	0.834155	0.022414
49	G	47	69509	63742	0.000737	12	0	69313	0	0	0	nan	0	0	0	0	0	0	nan	0	0	0	0.000737	0.000108	0.000737	0.000108	nan	nan
50	C	82	69509	61970	0.001323	12	0	69308	0	0	0	nan	0	0	0	0	0	0	nan	0	0	0	0.001323	0.000146	0.001323	0.000146	0.084512	0.009326
51	C	90	69509	61692	0.001459	12	0	69305	0	0	0	nan	0	0	0	0	0	0	nan	0	0	0	0.001459	0.000154	0.001459	0.000154	0.093200	0.009837
52	G	50	69510	60130	0.000832	12	0	69302	0	0	0	nan	0	0	0	0	0	0	nan	0	0	0	0.000832	0.000118	0.000832	0.000118	nan	nan
53	U	265	69510	62895	0.004213	12	0	69298	0	0	0	nan	0	0	0	0	0	0	nan	0	0	0	0.004213	0.000259	0.004213	0.000259	1.128583	0.069381
54	U	128	69510	62240	0.002057	12	0	69286	0	0	0	nan	0	0	0	0	0	0	nan	0	0	0	0.002057	0.000182	0.002057	0.000182	0.551031	0.048754
55	C	135	69509	63851	0.002114	12	0	69276	0	0	0	nan	0	0	0	0	0	0	nan	0	0	0	0.002114	0.000182	0.002114	0.000182	0.135041	0.011626
56	A	167	69509	64047	0.002607	12	0	69266	0	0	0	nan	0	0	0	0	0	0	nan	0	0	0	0.002607	0.000202	0.002607	0.000202	0.100748	0.007806
57	G	38	69509	64888	0.000586	12	0	69264	0	0	0	nan	0	0	0	0	0	0	nan	0	0	0	0.000586	0.000095	0.000586	0.000095	nan	nan
58	U	58	69510	64254	0.000903	12	0	69263	0	0	0	nan	0	0	0	0	0	0	nan	0	0	0	0.000903	0.000119	0.000903	0.000119	0.241897	0.031878
59	A	367	69515	64088	0.005727	12	0	69262	0	0	0	nan	0	0	0	0	0	0	nan	0	0	0	0.005727	0.000299	0.005727	0.000299	0.221321	0.011555
60	C	133	69515	64612	0.002058	12	0	69260	0	0	0	nan	0	0	0	0	0	0	nan	0	0	0	0.002058	0.000178	0.002058	0.000178	0.131464	0.011371
61	C	76	69515	65328	0.001163	12	0	69260	0	0	0	nan	0	0	0	0	0	0	nan	0	0	0	0.001163	0.000133	0.001163	0.000133	0.074292	0.008496
62	A	2121	69514	63777	0.033257	12	0	69252	0	0	0	nan	0	0	0	0	0	0	nan	0	0	0	0.033257	0.000722	0.033257	0.000722	1.285220	0.027902
63	A	1288	69513	63736	0.020208	12	0	69251	0	0	0	nan	0	0	0	0	0	0	nan	0	0	0	0.020208	0.000563	0.020208	0.000563	0.780940	0.021757
64	G	41	69513	64415	0.000636	12	0	69240	0	0	0	nan	0	0	0	0	0	0	nan	0	0	0	0.000636	0.000099	0.000636	0.000099	nan	nan
65	U	87	69513	60687	0.001434	12	0	69235	0	0	0	nan	0	0	0	0	0	0	nan	0	0	0	0.001434	0.000154	0.001434	0.000154	0.384141	0.041254
66	C	47	69520	61232	0.000768	12	0	69240	0	0	0	nan	0	0	0	0	0	0	nan	0	0	0	0.000768	0.000112	0.000768	0.000112	0.049059	0.007154
67	U	62	70225	61837	0.001003	12	0	70169	0	0	0	nan	0	0	0	0	0	0	nan	0	0	0	0.001003	0.000127	0.001003	0.000127	0.268685	0.034021
68	C	62	70242	67960	0.000912	12	0	70182	0	0	0	nan	0	0	0	0	0	0	nan	0	0	0	0.000912	0.000116	0.000912	0.000116	0.058258	0.007410
69	A	380	70242	67103	0.005663	12	0	70182	0	0	0	nan	0	0	0	0	0	0	nan	0	0	0	0.005663	0.000291	0.005663	0.000291	0.218847	0.011246
70	G	34	70242	66027	0.000515	12	0	70181	0	0	0	nan	0	0	0	0	0	0	nan	0	0	0	0.000515	0.000088	0.000515	0.000088	nan	nan
71	G	46	70242	66006	0.000697	12	0	70181	0	0	0	nan	0	0	0	0	0	0	nan	0	0	0	0.000697	0.000103	0.000697	0.000103	nan	nan
72	G	20	70242	66738	0.000300	12	0	70181	0	0	0	nan	0	0	0	0	0	0	nan	0	0	0	0.000300	0.000067	0.000300	0.000067	nan	nan
73	G	18	70242	69007	0.000261	12	0	70180	0	0	0	nan	0	0	0	0	0	0	nan	0	0	0	0.000261	0.000061	0.000261	0.000061	nan	nan
74	A	517	70245	69068	0.007485	12	0	70181	0	0	0	nan	0	0	0	0	0	0	nan	0	0	0	0.007485	0.000329	0.007485	0.000329	0.289259	0.012714
75	A	483	70246	69381	0.006962	12	0	70180	0	0	0	nan	0	0	0	0	0	0	nan	0	0	0	0.006962	0.000317	0.006962	0.000317	0.269047	0.012250
76	A	686	70246	69310	0.009898	12	0	70180	0	0	0	nan	0	0	0	0	0	0	nan	0	0	0	0.009898	0.000378	0.009898	0.000378	0.382509	0.014608
77	C	87	70247	69329	0.001255	12	0	70180	0	0	0	nan	0	0	0	0	0	0	nan	0	0	0	0.001255	0.000135	0.001255	0.000135	0.080169	0.008624
78	U	70	70248	69221	0.001011	12	0	70181	0	0	0	nan	0	0	0	0	0	0	nan	0	0	0	0.001011	0.000121	0.001011	0.000121	0.270828	0.032414
79	U	149	70248	69261	0.002151	12	0	70182	0	0	0	nan	0	0	0	0	0	0	nan	0	0	0	0.002151	0.000176	0.002151	0.000176	0.576212	0.047147
80	U	93	70246	68266	0.001362	12	0	70173	0	0	0	nan	0	0	0	0	0	0	nan	0	0	0	0.001362	0.000141	0.001362	0.000141	0.364854	0.037771
81	G	34	70242	68065	0.000500	12	0	70162	0	0	0	nan	0	0	0	0	0	0	nan	0	0	0	0.000500	0.000086	0.000500	0.000086	nan	nan
82	A	193	70240	68174	0.002831	12	0	70155	0	0	0	nan	0	0	0	0	0	0	nan	0	0	0	0.002831	0.000204	0.002831	0.000204	0.109404	0.007884
83	G	53	70241	69255	0.000765	12	0	70154	0	0	0	nan	0	0	0	0	0	0	nan	0	0	0	0.000765	0.000105	0.000765	0.000105	nan	nan
84	A	174	70240	69442	0.002506	12	0	70152	0	0	0	nan	0	0	0	0	0	0	nan	0	0	0	0.002506	0.000190	0.002506	0.000190	0.096845	0.007343
85	U	60	70240	69395	0.000865	12	0	70152	0	0	0	nan	0	0	0	0	0	0	nan	0	0	0	0.000865	0.000112	0.000865	0.000112	0.231717	0.030003
86	G	42	70240	69420	0.000605	12	0	70149	0	0	0	nan	0	0	0	0	0	0	nan	0	0	0	0.000605	0.000093	0.000605	0.000093	nan	nan
87	G	34	70240	69342	0.000490	12	0	70148	0	0	0	nan	0	0	0	0	0	0	nan	0	0	0	0.000490	0.000084	0.000490	0.000084	nan	nan
88	C	127	70240	63798	0.001991	12	0	70149	0	0	0	nan	0	0	0	0	0	0	nan	0	0	0	0.001991	0.000177	0.001991	0.000177	0.127184	0.011307
89	C	70	70239	63715	0.001099	12	0	70147	0	0	0	nan	0	0	0	0	0	0	nan	0	0	0	0.001099	0.000131	0.001099	0.000131	0.070203	0.008368
90	U	58	70239	63558	0.000913	12	0	70147	0	0	0	nan	0	0	0	0	0	0	nan	0	0	0	0.000913	0.000120	0.000913	0.000120	0.244575	0.032146
91	U	102	70239	69207	0.001474	12	0	70146	0	0	0	nan	0	0	0	0	0	0	nan	0	0	0	0.001474	0.000146	0.001474	0.000146	0.394857	0.039111
92	G	54	70239	68849	0.000784	12	0	70147	0	0	0	nan	0	0	0	0	0	0	nan	0	0	0	0.000784	0.000107	0.000784	0.000107	nan	nan
93	C	2850	70240	68888	0.041372	12	0	70149	0	0	0	nan	0	0	0	0	0	0	nan	0	0	0	0.041372	0.000775	0.041372	0.000775	2.642818	0.049507
94	A	809	70242	68894	0.011743	12	0	70150	0	0	0	nan	0	0	0	0	0	0	nan	0	0	0	0.011743	0.000413	0.011743	0.000413	0.453809	0.015960
95	A	1200	70242	69077	0.017372	12	0	70151	0	0	0	nan	0	0	0	0	0	0	nan	0	0	0	0.017372	0.000501	0.017372	0.000501	0.671343	0.019361
96	A	1131	70242	69345	0.016310	12	0	70152	0	0	0	nan	0	0	0	0	0	0	nan	0	0	0	0.016310	0.000485	0.016310	0.000485	0.630302	0.018743
97	G	27	70242	69388	0.000389	12	0	70151	0	0	0	nan	0	0	0	0	0	0	nan	0	0	0	0.000389	0.000075	0.000389	0.000075	nan	nan
98	G	20	70242	69528	0.000288	12	0	70150	0	0	0	nan	0	0	0	0	0	0	nan	0	0	0	0.000288	0.000064	0.000288	0.000064	nan	nan
99	G	34	70242	69336	0.000490	12	0	70150	0	0	0	nan	0	0	0	0	0	0	nan	0	0	0	0.000490	0.000084	0.000490	0.000084	nan	nan
100	U	65	70242	69517	0.000935	12	0	70150	0	0	0	nan	0	0	0	0	0	0	nan	0	0	0	0.000935	0.000116	0.000935	0.000116	0.250469	0.031074
101	A	616	70241	69418	0.008874	12	0	70148	0	0	0	nan	0	0	0	0	0	0	nan	0	0	0	0.008874	0.000358	0.008874	0.000358	0.342937	0.013835
102	U	328	70241	69470	0.004721	12	0	70148	0	0	0	nan	0	0	0	0	0	0	nan	0	0	0	0.004721	0.000261	0.004721	0.000261	1.264666	0.069917
103	G	27	70241	69096	0.000391	12	0	70148	0	0	0	nan	0	0	0	0	0	0	nan	0	0	0	0.000391	0.000075	0.000391	0.000075	nan	nan
104	G	19	70241	69048	0.000275	12	0	70148	0	0	0	nan	0	0	0	0	0	0	nan	0	0	0	0.000275	0.000063	0.000275	0.000063	nan	nan
105	U	45	70241	69113	0.000651	12	0	70147	0	0	0	nan	0	0	0	0	0	0	nan	0	0	0	0.000651	0.000097	0.000651	0.000097	0.174391	0.025984
106	A	1181	70242	69336	0.017033	12	0	70144	0	0	0	nan	0	0	0	0	0	0	nan	0	0	0	0.017033	0.000496	0.017033	0.000496	0.658242	0.019168
107	A	231	70242	69276	0.003334	12	0	70145	0	0	0	nan	0	0	0	0	0	0	nan	0	0	0	0.003334	0.000219	0.003334	0.000219	0.128843	0.008463
108	U	132	70242	69073	0.001911	12	0	70143	0	0	0	nan	0	0	0	0	0	0	nan	0	0	0	0.001911	0.000166	0.001911	0.000166	0.511921	0.044468
109	A	67	70243	69058	0.000970	12	0	70145	0	0	0	nan	0	0	0	0	0	0	nan	0	0	0	0.000970	0.000119	0.000970	0.000119	0.037486	0.004599
110	A	407	70243	69232	0.005879	12	0	70145	0	0	0	nan	0	0	0	0	0	0	nan	0	0	0	0.005879	0.000291	0.005879	0.000291	0.227195	0.011246
111	G	41	70243	69285	0.000592	12	0	70148	0	0	0	nan	0	0	0	0	0	0	nan	0	0	0	0.000592	0.000092	0.000592	0.000092	nan	nan
112	C	33	70244	69620	0.000474	12	0	70148	0	0	0	nan	0	0	0	0	0	0	nan	0	0	0	0.000474	0.000083	0.000474	0.000083	0.030279	0.005302
113	U	84	70244	69535	0.001208	12	0	70147	0	0	0	nan	0	0	0	0	0	0	nan	0	0	0	0.001208	0.000132	0.001208	0.000132	0.323600	0.035360
114	G	25	70244	69393	0.000360	12	0	70146	0	0	0	nan	0	0	0	0	0	0	nan	0	0	0	0.000360	0.000072	0.000360	0.000072	nan	nan
115	A	249	70244	69286	0.003594	12	0	70146	0	0	0	nan	0	0	0	0	0	0	nan	0	0	0	0.003594	0.000228	0.003594	0.000228	0.138890	0.008811
116	C	80	70243	69304	0.001154	12	0	70145	0	0	0	nan	0	0	0	0	0	0	nan	0	0	0	0.001154	0.000129	0.001154	0.000129	0.073717	0.008240
117	G	25	70243	68943	0.000363	12	0	70144	0	0	0	nan	0	0	0	0	0	0	nan	0	0	0	0.000363	0.000073	0.000363	0.000073	nan	nan
118	G	25	70244	69161	0.000361	12	0	70146	0	0	0	nan	0	0	0	0	0	0	nan	0	0	0	0.000361	0.000072	0.000361	0.000072	nan	nan
119	A	214	70245	69175	0.003094	12	0	70147	0	0	0	nan	0	0	0	0	0	0	nan	0	0	0	0.003094	0.000211	0.003094	0.000211	0.119568	0.008154
120	C	157	70245	69487	0.002259	12	0	70147	0	0	0	nan	0	0	0	0	0	0	nan	0	0	0	0.002259	0.000180	0.002259	0.000180	0.144304	0.011498
121	A	3431	70245	69451	0.049402	12	0	70147	0	0	0	nan	0	0	0	0	0	0	nan	0	0	0	0.049402	0.000843	0.049402	0.000843	1.909145	0.032578
122	U	232	70244	69468	0.003340	12	0	70146	0	0	0	nan	0	0	0	0	0	0	nan	0	0	0	0.003340	0.000219	0.003340	0.000219	0.894723	0.058666
123	G	77	70242	69198	0.001113	12	0	70145	0	0	0	nan	0	0	0	0	0	0	nan	0	0	0	0.001113	0.000127	0.001113	0.000127	nan	nan
124	G	30	70243	69200	0.000434	12	0	70146	0	0	0	nan	0	0	0	0	0	0	nan	0	0	0	0.000434	0.000079	0.000434	0.000079	nan	nan
125	U	80	70244	68132	0.001174	12	0	70147	0	0	0	nan	0	0	0	0	0	0	nan	0	0	0	0.001174	0.000131	0.001174	0.000131	0.314492	0.035092
126	C	72	70244	68099	0.001057	12	0	70147	0	0	0	nan	0	0	0	0	0	0	nan	0	0	0	0.001057	0.000125	0.001057	0.000125	0.067521	0.007985
127	C	61	70245	68113	0.000896	12	0	70148	0	0	0	nan	0	0	0	0	0	0	nan	0	0	0	0.000896	0.000115	0.000896	0.000115	0.057236	0.007346
128	U	94	70241	68961	0.001363	12	0	70144	0	0	0	nan	0	0	0	0	0	0	nan	0	0	0	0.001363	0.000141	0.001363	0.000141	0.365122	0.037771
129	A	751	69968	68447	0.010972	12	0	69757	0	0	0	nan	0	0	0	0	0	0	nan	0	0	0	0.010972	0.000400	0.010972	0.000400	0.424014	0.015458
130	A	3130	69964	68346	0.045796	12	0	69752	0	0	0	nan	0	0	0	0	0	0	nan	0	0	0	0.045796	0.000819	0.045796	0.000819	1.769791	0.031650
131	C	215	69964	68301	0.003148	12	0	69755	0	0	0	nan	0	0	0	0	0	0	nan	0	0	0	0.003148	0.000215	0.003148	0.000215	0.201092	0.013734
132	C	82	69964	68289	0.001201	12	0	69757	0	0	0	nan	0	0	0	0	0	0	nan	0	0	0	0.001201	0.000133	0.001201	0.000133	0.076719	0.008496
133	A	685	69967	68225	0.010040	12	0	69762	0	0	0	nan	0	0	0	0	0	0	nan	0	0	0	0.010040	0.000384	0.010040	0.000384	0.387997	0.014840
134	C	113	69967	68149	0.001658	4	0	69763	0	0	0	nan	0	0	0	0	0	0	nan	0	0	0	0.001658	0.000156	0.001658	0.000156	0.105912	0.009965
135	G	57	69968	67780	0.000841	4	0	69765	0	0	0	nan	0	0	0	0	0	0	nan	0	0	0	0.000841	0.000111	0.000841	0.000111	nan	nan
136	C	66	69968	67835	0.000973	4	0	69766	0	0	0	nan	0	0	0	0	0	0	nan	0	0	0	0.000973	0.000120	0.000973	0.000120	0.062155	0.007666
137	A	163	69970	67902	0.002401	4	0	69771	0	0	0	nan	0	0	0	0	0	0	nan	0	0	0	0.002401	0.000188	0.002401	0.000188	0.092787	0.007265
138	G	41	69970	67717	0.000605	1	0	69777	0	0	0	nan	0	0	0	0	0	0	nan	0	0	0	0.000605	0.000095	0.000605	0.000095	nan	nan
139	C	420	69970	68028	0.006174	1	0	69779	0	0	0	nan	0	0	0	0	0	0	nan	0	0	0	0.006174	0.000301	0.006174	0.000301	0.394391	0.019228
140	C	187	69971	67864	0.002756	1	0	69783	0	0	0	nan	0	0	0	0	0	0	nan	0	0	0	0.002756	0.000202	0.002756	0.000202	0.176052	0.012904
141	A	719	69971	67689	0.010622	1	0	69783	0	0	0	nan	0	0	0	0	0	0	nan	0	0	0	0.010622	0.000396	0.010622	0.000396	0.410488	0.015303
142	A	859	69972	67452	0.012735	1	0	69784	0	0	0	nan	0	0	0	0	0	0	nan	0	0	0	0.012735	0.000435	0.012735	0.000435	0.492145	0.016811
143	G	35	69973	67103	0.000522	0	0	69786	0	0	0	nan	0	0	0	0	0	0	nan	0	0	0	0.000522	0.000088	0.000522	0.000088	nan	nan
144	U	111	69973	67369	0.001648	0	0	69786	0	0	0	nan	0	0	0	0	0	0	nan	0	0	0	0.001648	0.000156	0.001648	0.000156	0.441468	0.041789
145	C	72	69974	67624	0.001065	0	0	69788	0	0	0	nan	0	0	0	0	0	0	nan	0	0	0	0.001065	0.000125	0.001065	0.000125	0.068032	0.007985
146	C	84	69974	66475	0.001264	0	0	69788	0	0	0	nan	0	0	0	0	0	0	nan	0	0	0	0.001264	0.000138	0.001264	0.000138	0.080744	0.008815
147	U	93	69974	66374	0.001401	0	0	69790	0	0	0	nan	0	0	0	0	0	0	nan	0	0	0	0.001401	0.000145	0.001401	0.000145	0.375301	0.038843
148	A	231	69975	66012	0.003499	0	0	69795	0	0	0	nan	0	0	0	0	0	0	nan	0	0	0	0.003499	0.000230	0.003499	0.000230	0.135219	0.008888
149	A	952	69976	66559	0.014303	0	0	69801	0	0	0	nan	0	0	0	0	0	0	nan	0	0	0	0.014303	0.000464	0.014303	0.000464	0.552741	0.017931
150	G	40	69978	65812	0.000608	0	0	69804	0	0	0	nan	0	0	0	0	0	0	nan	0	0	0	0.000608	0.000096	0.000608	0.000096	nan	nan
151	U	100	69978	66362	0.001507	0	0	69808	0	0	0	nan	0	0	0	0	0	0	nan	0	0	0	0.001507	0.000151	0.001507	0.000151	0.403697	0.040450
152	C	158	69979	67300	0.002348	0	0	69812	0	0	0	nan	0	0	0	0	0	0	nan	0	0	0	0.002348	0.000187	0.002348	0.000187	0.149989	0.011945
153	A	285	69979	67712	0.004209	0	0	69814	0	0	0	nan	0	0	0	0	0	0	nan	0	0	0	0.004209	0.000249	0.004209	0.000249	0.162657	0.009623
154	A	317	69979	67538	0.004694	0	0	69816	0	0	0	nan	0	0	0	0	0	0	nan	0	0	0	0.004694	0.000264	0.004694	0.000264	0.181400	0.010202
155	C	199	69980	67264	0.002958	0	0	69817	0	0	0	nan	0	0	0	0	0	0	nan	0	0	0	0.002958	0.000210	0.002958	0.000210	0.188955	0.013415
156	A	149	69983	67543	0.002206	0	0	69822	0	0	0	nan	0	0	0	0	0	0	nan	0	0	0	0.002206	0.000181	0.002206	0.000181	0.085251	0.006995
157	G	39	69984	66860	0.000583	0	0	69827	0	0	0	nan	0	0	0	0	0	0	nan	0	0	0	0.000583	0.000093	0.000583	0.000093	nan	nan
158	A	814	69984	65936	0.012345	0	0	69828	0	0	0	nan	0	0	0	0	0	0	nan	0	0	0	0.012345	0.000433	0.012345	0.000433	0.477074	0.016733
159	U	259	69984	65885	0.003931	0	0	69832	0	0	0	nan	0	0	0	0	0	0	nan	0	0	0	0.003931	0.000244	0.003931	0.000244	1.053040	0.065363
160	C	1233	69987	65850	0.018724	0	0	69838	0	0	0	nan	0	0	0	0	0	0	nan	0	0	0	0.018724	0.000533	0.018724	0.000533	1.196078	0.034048
161	U	233	69988	65905	0.003535	0	0	69842	0	0	0	nan	0	0	0	0	0	0	nan	0	0	0	0.003535	0.000232	0.003535	0.000232	0.946960	0.062148
162	U	133	69988	65956	0.002016	0	0	69845	0	0	0	nan	0	0	0	0	0	0	nan	0	0	0	0.002016	0.000175	0.002016	0.000175	0.540048	0.046879
163	C	68	69991	66504	0.001022	0	0	69858	0	0	0	nan	0	0	0	0	0	0	nan	0	0	0	0.001022	0.000124	0.001022	0.000124	0.065285	0.007921
164	U	92	69995	66320	0.001387	0	0	69869	0	0	0	nan	0	0	0	0	0	0	nan	0	0	0	0.001387	0.000145	0.001387	0.000145	0.371551	0.038843
165	G	32	69995	64044	0.000500	0	0	69873	0	0	0	nan	0	0	0	0	0	0	nan	0	0	0	0.000500	0.000088	0.000500	0.000088	nan	nan
166	U	101	69997	64226	0.001573	0	0	69881	0	0	0	nan	0	0	0	0	0	0	nan	0	0	0	0.001573	0.000156	0.001573	0.000156	0.421377	0.041789
167	U	60	69998	65825	0.000912	0	0	69889	0	0	0	nan	0	0	0	0	0	0	nan	0	0	0	0.000912	0.000118	0.000912	0.000118	0.244308	0.031610
168	G	17	70001	67845	0.000251	0	0	69905	0	0	0	nan	0	0	0	0	0	0	nan	0	0	0	0.000251	0.000061	0.000251	0.000061	nan	nan
169	A	101	70002	67727	0.001491	0	0	69908	0	0	0	nan	0	0	0	0	0	0	nan	0	0	0	0.001491	0.000148	0.001491	0.000148	0.057620	0.005719
170	U	38	70003	67220	0.000565	0	0	69910	0	0	0	nan	0	0	0	0	0	0	nan	0	0	0	0.000565	0.000092	0.000565	0.000092	0.151353	0.024645
171	A	141	70003	66175	0.002131	0	0	69917	0	0	0	nan	0	0	0	0	0	0	nan	0	0	0	0.002131	0.000179	0.002131	0.000179	0.082353	0.006917
172	U	161	70005	66819	0.002409	0	0	69920	0	0	0	nan	0	0	0	0	0	0	nan	0	0	0	0.002409	0.000190	0.002409	0.000190	0.645325	0.050897
173	G	18	70006	67328	0.000267	0	0	69928	0	0	0	nan	0	0	0	0	0	0	nan	0	0	0	0.000267	0.000063	0.000267	0.000063	nan	nan
174	G	32	70007	68387	0.000468	0	0	69939	0	0	0	nan	0	0	0	0	0	0	nan	0	0	0	0.000468	0.000083	0.000468	0.000083	nan	nan
175	A	199	70008	64639	0.003079	0	0	69941	0	0	0	nan	0	0	0	0	0	0	nan	0	0	0	0.003079	0.000218	0.003079	0.000218	0.118988	0.008425
176	U	49	70008	64606	0.000758	0	0	69941	0	0	0	nan	0	0	0	0	0	0	nan	0	0	0	0.000758	0.000108	0.000758	0.000108	0.203054	0.028931
177	G	35	70010	64448	0.000543	0	0	69949	0	0	0	nan	0	0	0	0	0	0	nan	0	0	0	0.000543	0.000092	0.000543	0.000092	nan	nan
178	C	850	70011	67543	0.012585	0	0	69950	0	0	0	nan	0	0	0	0	0	0	nan	0	0	0	0.012585	0.000432	0.012585	0.000432	0.803922	0.027596
179	A	464	70012	67525	0.006872	0	0	69952	0	0	0	nan	0	0	0	0	0	0	nan	0	0	0	0.006872	0.000319	0.006872	0.000319	0.265569	0.012328
180	G	40	70012	65759	0.000608	0	0	69956	0	0	0	nan	0	0	0	0	0	0	nan	0	0	0	0.000608	0.000096	0.000608	0.000096	nan	nan
181	U	101	70012	64604	0.001563	0	0	69961	0	0	0	nan	0	0	0	0	0	0	nan	0	0	0	0.001563	0.000156	0.001563	0.000156	0.418698	0.041789
182	U	123	70012	63936	0.001924	0	0	69969	0	0	0	nan	0	0	0	0	0	0	nan	0	0	0	0.001924	0.000173	0.001924	0.000173	0.515403	0.046343
183	C	288	70013	65679	0.004385	0	0	69976	0	0	0	nan	0	0	0	0	0	0	nan	0	0	0	0.004385	0.000258	0.004385	0.000258	0.280111	0.016481
184	A	448	70016	67225	0.006664	0	0	69982	0	0	0	nan	0	0	0	0	0	0	nan	0	0	0	0.006664	0.000315	0.006664	0.000315	0.257531	0.012173
185	A	794	70020	67279	0.011802	0	0	69990	0	0	0	nan	0	0	0	0	0	0	nan	0	0	0	0.011802	0.000419	0.011802	0.000419	0.456090	0.016192
186	C	309	70020	66755	0.004629	0	0	69997	0	0	0	nan	0	0	0	0	0	0	nan	0	0	0	0.004629	0.000263	0.004629	0.000263	0.295698	0.016800
187	C	120	70024	66676	0.001800	0	0	70004	0	0	0	nan	0	0	0	0	0	0	nan	0	0	0	0.001800	0.000164	0.001800	0.000164	0.114983	0.010476
188	A	177	70026	66886	0.002646	0	0	70016	0	0	0	nan	0	0	0	0	0	0	nan	0	0	0	0.002646	0.000199	0.002646	0.000199	0.102255	0.007690
189	A	242	70029	66626	0.003632	0	0	70026	0	0	0	nan	0	0	0	0	0	0	nan	0	0	0	0.003632	0.000233	0.003632	0.000233	0.140359	0.009004
190	A	0	70029	63963	0.000000	0	0	70029	0	0	0	nan	0	0	0	0	0	0	nan	0	0	0	0.000000	0.000000	0.000000	0.000000	0.000000	0.000000
191	U	0	70029	0	nan	0	0	70029	0	0	0	nan	0	0	0	0	0	0	nan	0	0	0	nan	nan	nan	nan	nan	nan
192	C	0	70029	0	nan	0	0	70029	0	0	0	nan	0	0	0	0	0	0	nan	0	0	0	nan	nan	nan	nan	nan	nan
193	A	0	70029	0	nan	0	0	70029	0	0	0	nan	0	0	0	0	0	0	nan	0	0	0	nan	nan	nan	nan	nan	nan
194	c	0	70029	0	nan	0	0	70029	0	0	0	nan	0	0	0	0	0	0	nan	0	0	0	nan	nan	nan	nan	nan	nan
195	c	0	70029	0	nan	0	0	70029	0	0	0	nan	0	0	0	0	0	0	nan	0	0	0	nan	nan	nan	nan	nan	nan
196	a	0	70029	0	nan	0	0	70029	0	0	0	nan	0	0	0	0	0	0	nan	0	0	0	nan	nan	nan	nan	nan	nan
197	a	0	70029	0	nan	0	0	70029	0	0	0	nan	0	0	0	0	0	0	nan	0	0	0	nan	nan	nan	nan	nan	nan
198	a	0	70029	0	nan	0	0	70029	0	0	0	nan	0	0	0	0	0	0	nan	0	0	0	nan	nan	nan	nan	nan	nan
199	c	0	70029	0	nan	0	0	70029	0	0	0	nan	0	0	0	0	0	0	nan	0	0	0	nan	nan	nan	nan	nan	nan
200	c	0	70029	0	nan	0	0	70029	0	0	0	nan	0	0	0	0	0	0	nan	0	0	0	nan	nan	nan	nan	nan	nan
201	a	0	70029	0	nan	0	0	70029	0	0	0	nan	0	0	0	0	0	0	nan	0	0	0	nan	nan	nan	nan	nan	nan
202	a	0	70029	0	nan	0	0	70029	0	0	0	nan	0	0	0	0	0	0	nan	0	0	0	nan	nan	nan	nan	nan	nan
203	a	0	70029	0	nan	0	0	70029	0	0	0	nan	0	0	0	0	0	0	nan	0	0	0	nan	nan	nan	nan	nan	nan
204	g	0	70029	0	nan	0	0	70029	0	0	0	nan	0	0	0	0	0	0	nan	0	0	0	nan	nan	nan	nan	nan	nan
205	a	0	70029	0	nan	0	0	70029	0	0	0	nan	0	0	0	0	0	0	nan	0	0	0	nan	nan	nan	nan	nan	nan
206	a	0	70028	0	nan	0	0	70028	0	0	0	nan	0	0	0	0	0	0	nan	0	0	0	nan	nan	nan	nan	nan	nan
207	a	0	70025	0	nan	0	0	70025	0	0	0	nan	0	0	0	0	0	0	nan	0	0	0	nan	nan	nan	nan	nan	nan
208	c	0	70023	0	nan	0	0	70023	0	0	0	nan	0	0	0	0	0	0	nan	0	0	0	nan	nan	nan	nan	nan	nan
209	a	0	70021	0	nan	0	0	70021	0	0	0	nan	0	0	0	0	0	0	nan	0	0	0	nan	nan	nan	nan	nan	nan
210	a	0	70013	0	nan	0	0	70013	0	0	0	nan	0	0	0	0	0	0	nan	0	0	0	nan	nan	nan	nan	nan	nan
211	c	0	69994	0	nan	0	0	69994	0	0	0	nan	0	0	0	0	0	0	nan	0	0	0	nan	nan	nan	nan	nan	nan
212	c	0	69947	0	nan	0	0	69947	0	0	0	nan	0	0	0	0	0	0	nan	0	0	0	nan	nan	nan	nan	nan	nan