Nucleotide	Sequence	Modified_mutations	Modified_read_depth	Modified_effective_depth	Modified_rate	Modified_off_target_mapped_depth	Modified_low_mapq_mapped_depth	Modified_primer_pair_1_mapped_depth	Untreated_mutations	Untreated_read_depth	Untreated_effective_depth	Untreated_rate	Untreated_off_target_mapped_depth	Untreated_low_mapq_mapped_depth	Untreated_primer_pair_1_mapped_depth	Denatured_mutations	Denatured_read_depth	Denatured_effective_depth	Denatured_rate	Denatured_off_target_mapped_depth	Denatured_low_mapq_mapped_depth	Denatured_primer_pair_1_mapped_depth	Reactivity_profile	Std_err	HQ_profile	HQ_stderr	Norm_profile	Norm_stderr
1	g	0	7461586	0	nan	161	5150	7461586	0	0	0	nan	0	0	0	0	0	0	nan	0	0	0	nan	nan	nan	nan	nan	nan
2	g	0	7536711	0	nan	163	5166	7536711	0	0	0	nan	0	0	0	0	0	0	nan	0	0	0	nan	nan	nan	nan	nan	nan
3	u	0	7548528	0	nan	163	5179	7548528	0	0	0	nan	0	0	0	0	0	0	nan	0	0	0	nan	nan	nan	nan	nan	nan
4	g	0	7554785	0	nan	163	5234	7554785	0	0	0	nan	0	0	0	0	0	0	nan	0	0	0	nan	nan	nan	nan	nan	nan
5	u	0	7566788	0	nan	163	5264	7566788	0	0	0	nan	0	0	0	0	0	0	nan	0	0	0	nan	nan	nan	nan	nan	nan
6	a	0	7571861	0	nan	163	5684	7571861	0	0	0	nan	0	0	0	0	0	0	nan	0	0	0	nan	nan	nan	nan	nan	nan
7	a	0	7572996	0	nan	163	5687	7572996	0	0	0	nan	0	0	0	0	0	0	nan	0	0	0	nan	nan	nan	nan	nan	nan
8	g	0	7573678	0	nan	163	5692	7573678	0	0	0	nan	0	0	0	0	0	0	nan	0	0	0	nan	nan	nan	nan	nan	nan
9	g	0	7574504	0	nan	163	5709	7574504	0	0	0	nan	0	0	0	0	0	0	nan	0	0	0	nan	nan	nan	nan	nan	nan
10	g	0	7576289	0	nan	163	5733	7576289	0	0	0	nan	0	0	0	0	0	0	nan	0	0	0	nan	nan	nan	nan	nan	nan
11	u	0	7580323	0	nan	163	5745	7580323	0	0	0	nan	0	0	0	0	0	0	nan	0	0	0	nan	nan	nan	nan	nan	nan
12	g	0	7596048	0	nan	240	6267	7596048	0	0	0	nan	0	0	0	0	0	0	nan	0	0	0	nan	nan	nan	nan	nan	nan
13	a	0	7610794	0	nan	246	6294	7610794	0	0	0	nan	0	0	0	0	0	0	nan	0	0	0	nan	nan	nan	nan	nan	nan
14	a	0	7618872	0	nan	264	6297	7618872	0	0	0	nan	0	0	0	0	0	0	nan	0	0	0	nan	nan	nan	nan	nan	nan
15	g	0	7623102	0	nan	549	6300	7623102	0	0	0	nan	0	0	0	0	0	0	nan	0	0	0	nan	nan	nan	nan	nan	nan
16	u	0	7628062	0	nan	551	6302	7628062	0	0	0	nan	0	0	0	0	0	0	nan	0	0	0	nan	nan	nan	nan	nan	nan
17	g	0	7630006	0	nan	553	6493	7630006	0	0	0	nan	0	0	0	0	0	0	nan	0	0	0	nan	nan	nan	nan	nan	nan
18	u	0	7631555	0	nan	554	6522	7631555	0	0	0	nan	0	0	0	0	0	0	nan	0	0	0	nan	nan	nan	nan	nan	nan
19	a	0	7633184	0	nan	577	7540	7633184	0	0	0	nan	0	0	0	0	0	0	nan	0	0	0	nan	nan	nan	nan	nan	nan
20	A	0	7635006	798	0.000000	578	7541	7635006	0	0	0	nan	0	0	0	0	0	0	nan	0	0	0	0.000000	0.000000	nan	nan	nan	nan
21	G	0	7636275	990	0.000000	579	7542	7636275	0	0	0	nan	0	0	0	0	0	0	nan	0	0	0	0.000000	0.000000	nan	nan	nan	nan
22	G	0	7637162	940	0.000000	579	7543	7637162	0	0	0	nan	0	0	0	0	0	0	nan	0	0	0	0.000000	0.000000	nan	nan	nan	nan
23	U	0	7638981	6940589	0.000000	579	7543	7638981	0	0	0	nan	0	0	0	0	0	0	nan	0	0	0	0.000000	0.000000	0.000000	0.000000	0.000000	0.000000
24	U	12092	7640395	6994846	0.001729	579	7543	7640395	0	0	0	nan	0	0	0	0	0	0	nan	0	0	0	0.001729	0.000016	0.001729	0.000016	0.555056	0.005136
25	G	9222	7644881	6945157	0.001328	579	7543	7644881	0	0	0	nan	0	0	0	0	0	0	nan	0	0	0	0.001328	0.000014	0.001328	0.000014	0.535808	0.005649
26	A	44306	7651274	7090535	0.006249	579	7543	7651217	0	0	0	nan	0	0	0	0	0	0	nan	0	0	0	0.006249	0.000030	0.006249	0.000030	0.544196	0.002613
27	C	11881	7653942	6825776	0.001741	579	7543	7653846	0	0	0	nan	0	0	0	0	0	0	nan	0	0	0	0.001741	0.000016	0.001741	0.000016	0.632631	0.005814
28	C	20514	7655228	6818375	0.003009	579	7543	7655103	0	0	0	nan	0	0	0	0	0	0	nan	0	0	0	0.003009	0.000021	0.003009	0.000021	1.093387	0.007631
29	U	24795	7658579	6786300	0.003654	579	7543	7658433	0	0	0	nan	0	0	0	0	0	0	nan	0	0	0	0.003654	0.000023	0.003654	0.000023	1.173034	0.007384
30	U	8581	7664743	6900844	0.001243	579	7543	7664577	0	0	0	nan	0	0	0	0	0	0	nan	0	0	0	0.001243	0.000013	0.001243	0.000013	0.399037	0.004173
31	U	9093	7671109	6922414	0.001314	579	7543	7670913	0	0	0	nan	0	0	0	0	0	0	nan	0	0	0	0.001314	0.000014	0.001314	0.000014	0.421830	0.004494
32	U	13460	7677505	6991178	0.001925	580	7543	7677265	0	0	0	nan	0	0	0	0	0	0	nan	0	0	0	0.001925	0.000017	0.001925	0.000017	0.617978	0.005457
33	G	3419	7713283	7074457	0.000483	580	7543	7712999	0	0	0	nan	0	0	0	0	0	0	nan	0	0	0	0.000483	0.000008	0.000483	0.000008	0.194876	0.003228
34	A	38133	7726967	7462136	0.005110	580	7543	7726696	0	0	0	nan	0	0	0	0	0	0	nan	0	0	0	0.005110	0.000026	0.005110	0.000026	0.445006	0.002264
35	A	41680	7730578	7418188	0.005619	581	7543	7730302	0	0	0	nan	0	0	0	0	0	0	nan	0	0	0	0.005619	0.000028	0.005619	0.000028	0.489332	0.002438
36	U	4531	7731817	7345452	0.000617	581	7543	7731525	0	0	0	nan	0	0	0	0	0	0	nan	0	0	0	0.000617	0.000009	0.000617	0.000009	0.198074	0.002889
37	A	437949	7732542	6974242	0.062795	581	7543	7732208	0	0	0	nan	0	0	0	0	0	0	nan	0	0	0	0.062795	0.000095	0.062795	0.000095	5.468519	0.008273
38	G	18249	7733462	6902995	0.002644	598	7543	7733136	0	0	0	nan	0	0	0	0	0	0	nan	0	0	0	0.002644	0.000020	0.002644	0.000020	1.066774	0.008069
39	U	11350	7734621	6966601	0.001629	598	7543	7734289	0	0	0	nan	0	0	0	0	0	0	nan	0	0	0	0.001629	0.000015	0.001629	0.000015	0.522953	0.004815
40	G	14296	7735596	7214329	0.001982	599	7543	7735248	0	0	0	nan	0	0	0	0	0	0	nan	0	0	0	0.001982	0.000017	0.001982	0.000017	0.799677	0.006859
41	A	96511	7740448	7201947	0.013401	599	7543	7740091	0	0	0	nan	0	0	0	0	0	0	nan	0	0	0	0.013401	0.000043	0.013401	0.000043	1.167030	0.003745
42	U	17457	7741767	7170785	0.002434	600	7543	7741426	0	0	0	nan	0	0	0	0	0	0	nan	0	0	0	0.002434	0.000018	0.002434	0.000018	0.781380	0.005778
43	U	8419	7744671	7106605	0.001185	602	7543	7744316	0	0	0	nan	0	0	0	0	0	0	nan	0	0	0	0.001185	0.000013	0.001185	0.000013	0.380417	0.004173
44	C	17740	7748791	7110964	0.002495	602	7543	7748405	0	0	0	nan	0	0	0	0	0	0	nan	0	0	0	0.002495	0.000019	0.002495	0.000019	0.906613	0.006904
45	A	36024	7751857	7124000	0.005057	597	7543	7751444	0	0	0	nan	0	0	0	0	0	0	nan	0	0	0	0.005057	0.000027	0.005057	0.000027	0.440390	0.002351
46	G	5668	7754510	6986038	0.000811	600	7543	7754110	0	0	0	nan	0	0	0	0	0	0	nan	0	0	0	0.000811	0.000011	0.000811	0.000011	0.327214	0.004438
47	G	11840	7759742	7066696	0.001675	607	7543	7759345	0	0	0	nan	0	0	0	0	0	0	nan	0	0	0	0.001675	0.000015	0.001675	0.000015	0.675812	0.006052
48	A	15862	7767807	6959017	0.002279	619	7543	7767394	0	0	0	nan	0	0	0	0	0	0	nan	0	0	0	0.002279	0.000018	0.002279	0.000018	0.198467	0.001568
49	G	20621	7769606	7049862	0.002925	627	7543	7769219	0	0	0	nan	0	0	0	0	0	0	nan	0	0	0	0.002925	0.000020	0.002925	0.000020	1.180149	0.008069
50	G	5541	7781187	6859118	0.000808	659	7543	7780860	0	0	0	nan	0	0	0	0	0	0	nan	0	0	0	0.000808	0.000011	0.000808	0.000011	0.326004	0.004438
51	U	21813	7785416	7002492	0.003115	659	7543	7785133	0	0	0	nan	0	0	0	0	0	0	nan	0	0	0	0.003115	0.000021	0.003115	0.000021	1.000000	0.006742
52	U	20314	7792310	6991416	0.002906	695	7543	7792097	0	0	0	nan	0	0	0	0	0	0	nan	0	0	0	0.002906	0.000020	0.002906	0.000020	0.932905	0.006421
53	A	59518	7797240	7249012	0.008210	695	7543	7797038	0	0	0	nan	0	0	0	0	0	0	nan	0	0	0	0.008210	0.000034	0.008210	0.000034	0.714970	0.002961
54	A	85232	7800655	7422685	0.011483	701	7543	7800506	0	0	0	nan	0	0	0	0	0	0	nan	0	0	0	0.011483	0.000039	0.011483	0.000039	1.000000	0.003396
55	U	11844	7801829	7354302	0.001610	701	7543	7801708	0	0	0	nan	0	0	0	0	0	0	nan	0	0	0	0.001610	0.000015	0.001610	0.000015	0.516854	0.004815
56	G	11182	7802844	7141941	0.001566	697	7543	7802744	0	0	0	nan	0	0	0	0	0	0	nan	0	0	0	0.001566	0.000015	0.001566	0.000015	0.631834	0.006052
57	G	0	7804038	7169889	0.000000	697	7543	7803969	0	0	0	nan	0	0	0	0	0	0	nan	0	0	0	0.000000	0.000000	0.000000	0.000000	0.000000	0.000000
58	A	0	7806330	69	0.000000	697	7543	7806330	0	0	0	nan	0	0	0	0	0	0	nan	0	0	0	0.000000	0.000000	nan	nan	nan	nan
59	A	0	7806235	49	0.000000	697	7543	7806235	0	0	0	nan	0	0	0	0	0	0	nan	0	0	0	0.000000	0.000000	nan	nan	nan	nan
60	G	0	7806176	24	0.000000	697	7543	7806176	0	0	0	nan	0	0	0	0	0	0	nan	0	0	0	0.000000	0.000000	nan	nan	nan	nan
61	u	0	7806130	0	nan	695	7542	7806130	0	0	0	nan	0	0	0	0	0	0	nan	0	0	0	nan	nan	nan	nan	nan	nan
62	a	0	7805970	0	nan	691	7535	7805970	0	0	0	nan	0	0	0	0	0	0	nan	0	0	0	nan	nan	nan	nan	nan	nan
63	a	0	7805893	0	nan	690	7524	7805893	0	0	0	nan	0	0	0	0	0	0	nan	0	0	0	nan	nan	nan	nan	nan	nan
64	a	0	7805863	0	nan	683	7511	7805863	0	0	0	nan	0	0	0	0	0	0	nan	0	0	0	nan	nan	nan	nan	nan	nan
65	g	0	7805826	0	nan	617	5384	7805826	0	0	0	nan	0	0	0	0	0	0	nan	0	0	0	nan	nan	nan	nan	nan	nan
66	g	0	7805796	0	nan	571	5218	7805796	0	0	0	nan	0	0	0	0	0	0	nan	0	0	0	nan	nan	nan	nan	nan	nan
67	u	0	7805751	0	nan	555	5203	7805751	0	0	0	nan	0	0	0	0	0	0	nan	0	0	0	nan	nan	nan	nan	nan	nan
68	a	0	7805717	0	nan	537	4490	7805717	0	0	0	nan	0	0	0	0	0	0	nan	0	0	0	nan	nan	nan	nan	nan	nan
69	a	0	7805677	0	nan	534	4470	7805677	0	0	0	nan	0	0	0	0	0	0	nan	0	0	0	nan	nan	nan	nan	nan	nan
70	u	0	7805661	0	nan	531	4378	7805661	0	0	0	nan	0	0	0	0	0	0	nan	0	0	0	nan	nan	nan	nan	nan	nan
71	g	0	7805561	0	nan	531	4360	7805561	0	0	0	nan	0	0	0	0	0	0	nan	0	0	0	nan	nan	nan	nan	nan	nan
72	a	0	7805484	0	nan	529	4348	7805484	0	0	0	nan	0	0	0	0	0	0	nan	0	0	0	nan	nan	nan	nan	nan	nan
73	a	0	7805446	0	nan	529	4343	7805446	0	0	0	nan	0	0	0	0	0	0	nan	0	0	0	nan	nan	nan	nan	nan	nan
74	g	0	7805415	0	nan	529	4338	7805415	0	0	0	nan	0	0	0	0	0	0	nan	0	0	0	nan	nan	nan	nan	nan	nan
75	g	0	7805372	0	nan	529	4332	7805372	0	0	0	nan	0	0	0	0	0	0	nan	0	0	0	nan	nan	nan	nan	nan	nan
76	u	0	7805298	0	nan	529	4325	7805298	0	0	0	nan	0	0	0	0	0	0	nan	0	0	0	nan	nan	nan	nan	nan	nan
77	g	0	7805217	0	nan	528	4238	7805217	0	0	0	nan	0	0	0	0	0	0	nan	0	0	0	nan	nan	nan	nan	nan	nan
78	a	0	7805144	0	nan	528	4235	7805144	0	0	0	nan	0	0	0	0	0	0	nan	0	0	0	nan	nan	nan	nan	nan	nan
79	a	0	7800027	0	nan	528	4197	7800027	0	0	0	nan	0	0	0	0	0	0	nan	0	0	0	nan	nan	nan	nan	nan	nan
80	g	0	7797411	0	nan	528	4143	7797411	0	0	0	nan	0	0	0	0	0	0	nan	0	0	0	nan	nan	nan	nan	nan	nan