Nucleotide	Sequence	Modified_mutations	Modified_read_depth	Modified_effective_depth	Modified_rate	Modified_off_target_mapped_depth	Modified_low_mapq_mapped_depth	Modified_primer_pair_1_mapped_depth	Untreated_mutations	Untreated_read_depth	Untreated_effective_depth	Untreated_rate	Untreated_off_target_mapped_depth	Untreated_low_mapq_mapped_depth	Untreated_primer_pair_1_mapped_depth	Denatured_mutations	Denatured_read_depth	Denatured_effective_depth	Denatured_rate	Denatured_off_target_mapped_depth	Denatured_low_mapq_mapped_depth	Denatured_primer_pair_1_mapped_depth	Reactivity_profile	Std_err	HQ_profile	HQ_stderr	Norm_profile	Norm_stderr
1	g	0	5341355	0	nan	3	458	5341355	0	0	0	nan	0	0	0	0	0	0	nan	0	0	0	nan	nan	nan	nan	nan	nan
2	g	0	5450526	0	nan	3	460	5450526	0	0	0	nan	0	0	0	0	0	0	nan	0	0	0	nan	nan	nan	nan	nan	nan
3	u	0	5488873	0	nan	3	462	5488873	0	0	0	nan	0	0	0	0	0	0	nan	0	0	0	nan	nan	nan	nan	nan	nan
4	g	0	5500261	0	nan	3	463	5500261	0	0	0	nan	0	0	0	0	0	0	nan	0	0	0	nan	nan	nan	nan	nan	nan
5	u	0	5507405	0	nan	3	463	5507405	0	0	0	nan	0	0	0	0	0	0	nan	0	0	0	nan	nan	nan	nan	nan	nan
6	a	0	5516360	0	nan	3	463	5516360	0	0	0	nan	0	0	0	0	0	0	nan	0	0	0	nan	nan	nan	nan	nan	nan
7	a	0	5520398	0	nan	3	465	5520398	0	0	0	nan	0	0	0	0	0	0	nan	0	0	0	nan	nan	nan	nan	nan	nan
8	g	0	5522638	0	nan	3	469	5522638	0	0	0	nan	0	0	0	0	0	0	nan	0	0	0	nan	nan	nan	nan	nan	nan
9	g	0	5525522	0	nan	3	472	5525522	0	0	0	nan	0	0	0	0	0	0	nan	0	0	0	nan	nan	nan	nan	nan	nan
10	g	0	5529709	0	nan	3	473	5529709	0	0	0	nan	0	0	0	0	0	0	nan	0	0	0	nan	nan	nan	nan	nan	nan
11	u	0	5536868	0	nan	3	473	5536868	0	0	0	nan	0	0	0	0	0	0	nan	0	0	0	nan	nan	nan	nan	nan	nan
12	g	0	5554346	0	nan	143	475	5554346	0	0	0	nan	0	0	0	0	0	0	nan	0	0	0	nan	nan	nan	nan	nan	nan
13	a	0	5575198	0	nan	159	475	5575198	0	0	0	nan	0	0	0	0	0	0	nan	0	0	0	nan	nan	nan	nan	nan	nan
14	a	0	5599458	0	nan	201	475	5599458	0	0	0	nan	0	0	0	0	0	0	nan	0	0	0	nan	nan	nan	nan	nan	nan
15	g	0	5623040	0	nan	597	475	5623040	0	0	0	nan	0	0	0	0	0	0	nan	0	0	0	nan	nan	nan	nan	nan	nan
16	u	0	5640397	0	nan	602	475	5640397	0	0	0	nan	0	0	0	0	0	0	nan	0	0	0	nan	nan	nan	nan	nan	nan
17	g	0	5648026	0	nan	608	475	5648026	0	0	0	nan	0	0	0	0	0	0	nan	0	0	0	nan	nan	nan	nan	nan	nan
18	u	0	5653395	0	nan	612	477	5653395	0	0	0	nan	0	0	0	0	0	0	nan	0	0	0	nan	nan	nan	nan	nan	nan
19	a	0	5657392	0	nan	612	477	5657392	0	0	0	nan	0	0	0	0	0	0	nan	0	0	0	nan	nan	nan	nan	nan	nan
20	A	0	5659210	468	0.000000	612	477	5659210	0	0	0	nan	0	0	0	0	0	0	nan	0	0	0	0.000000	0.000000	nan	nan	nan	nan
21	G	0	5660260	560	0.000000	612	477	5660260	0	0	0	nan	0	0	0	0	0	0	nan	0	0	0	0.000000	0.000000	nan	nan	nan	nan
22	G	0	5661783	946	0.000000	612	477	5661783	0	0	0	nan	0	0	0	0	0	0	nan	0	0	0	0.000000	0.000000	nan	nan	nan	nan
23	U	0	5665243	4749433	0.000000	612	477	5665243	0	0	0	nan	0	0	0	0	0	0	nan	0	0	0	0.000000	0.000000	0.000000	0.000000	0.000000	0.000000
24	U	13032	5667884	4835451	0.002695	612	477	5667884	0	0	0	nan	0	0	0	0	0	0	nan	0	0	0	0.002695	0.000024	0.002695	0.000024	0.499722	0.004450
25	G	4394	5677116	4915179	0.000894	612	480	5677116	0	0	0	nan	0	0	0	0	0	0	nan	0	0	0	0.000894	0.000013	0.000894	0.000013	0.431467	0.006274
26	A	54352	5694439	5127446	0.010600	612	480	5694367	0	0	0	nan	0	0	0	0	0	0	nan	0	0	0	0.010600	0.000045	0.010600	0.000045	1.077674	0.004575
27	A	54684	5699410	4931940	0.011088	612	480	5699283	0	0	0	nan	0	0	0	0	0	0	nan	0	0	0	0.011088	0.000047	0.011088	0.000047	1.127288	0.004778
28	C	45697	5700813	4729637	0.009662	612	480	5700646	0	0	0	nan	0	0	0	0	0	0	nan	0	0	0	0.009662	0.000045	0.009662	0.000045	1.247112	0.005808
29	U	17897	5703137	4669679	0.003833	612	480	5702958	0	0	0	nan	0	0	0	0	0	0	nan	0	0	0	0.003833	0.000029	0.003833	0.000029	0.710736	0.005377
30	U	9813	5706180	4706550	0.002085	612	480	5705991	0	0	0	nan	0	0	0	0	0	0	nan	0	0	0	0.002085	0.000021	0.002085	0.000021	0.386612	0.003894
31	U	8845	5709443	4634407	0.001909	612	480	5709215	0	0	0	nan	0	0	0	0	0	0	nan	0	0	0	0.001909	0.000020	0.001909	0.000020	0.353977	0.003709
32	U	30519	5713405	4728558	0.006454	612	480	5713146	0	0	0	nan	0	0	0	0	0	0	nan	0	0	0	0.006454	0.000037	0.006454	0.000037	1.196737	0.006861
33	G	3673	5759916	4847684	0.000758	613	480	5759648	0	0	0	nan	0	0	0	0	0	0	nan	0	0	0	0.000758	0.000013	0.000758	0.000013	0.365830	0.006274
34	A	18400	5793477	5384204	0.003417	613	480	5793253	0	0	0	nan	0	0	0	0	0	0	nan	0	0	0	0.003417	0.000025	0.003417	0.000025	0.347397	0.002542
35	A	20709	5806276	5384762	0.003846	613	480	5806055	0	0	0	nan	0	0	0	0	0	0	nan	0	0	0	0.003846	0.000027	0.003846	0.000027	0.391013	0.002745
36	U	4152	5808769	5349537	0.000776	613	480	5808550	0	0	0	nan	0	0	0	0	0	0	nan	0	0	0	0.000776	0.000012	0.000776	0.000012	0.143890	0.002225
37	A	139956	5811243	5030184	0.027823	613	480	5811002	0	0	0	nan	0	0	0	0	0	0	nan	0	0	0	0.027823	0.000074	0.027823	0.000074	2.828691	0.007523
38	G	7321	5812478	4886721	0.001498	619	480	5812239	0	0	0	nan	0	0	0	0	0	0	nan	0	0	0	0.001498	0.000018	0.001498	0.000018	0.722973	0.008687
39	U	8994	5814152	4820068	0.001866	620	480	5813909	0	0	0	nan	0	0	0	0	0	0	nan	0	0	0	0.001866	0.000020	0.001866	0.000020	0.346004	0.003709
40	G	6677	5816529	4927101	0.001355	620	480	5816281	0	0	0	nan	0	0	0	0	0	0	nan	0	0	0	0.001355	0.000017	0.001355	0.000017	0.653958	0.008205
41	A	37066	5826258	4913432	0.007544	620	480	5826010	0	0	0	nan	0	0	0	0	0	0	nan	0	0	0	0.007544	0.000039	0.007544	0.000039	0.766978	0.003965
42	U	23798	5829005	4832423	0.004925	620	480	5828768	0	0	0	nan	0	0	0	0	0	0	nan	0	0	0	0.004925	0.000032	0.004925	0.000032	0.913221	0.005934
43	U	10968	5835009	4801317	0.002284	620	480	5834784	0	0	0	nan	0	0	0	0	0	0	nan	0	0	0	0.002284	0.000022	0.002284	0.000022	0.423512	0.004079
44	C	9755	5848383	4867902	0.002004	617	480	5848164	0	0	0	nan	0	0	0	0	0	0	nan	0	0	0	0.002004	0.000020	0.002004	0.000020	0.258664	0.002581
45	A	14339	5858876	4928948	0.002909	611	480	5858644	0	0	0	nan	0	0	0	0	0	0	nan	0	0	0	0.002909	0.000024	0.002909	0.000024	0.295750	0.002440
46	G	4290	5865444	4803945	0.000893	609	480	5865218	0	0	0	nan	0	0	0	0	0	0	nan	0	0	0	0.000893	0.000014	0.000893	0.000014	0.430985	0.006757
47	G	10154	5880218	4901143	0.002072	604	480	5879991	0	0	0	nan	0	0	0	0	0	0	nan	0	0	0	0.002072	0.000021	0.002072	0.000021	1.000000	0.010135
48	A	10483	5900235	4744082	0.002210	602	480	5900034	0	0	0	nan	0	0	0	0	0	0	nan	0	0	0	0.002210	0.000022	0.002210	0.000022	0.224685	0.002237
49	G	39288	5904476	4875232	0.008059	600	480	5904293	0	0	0	nan	0	0	0	0	0	0	nan	0	0	0	0.008059	0.000041	0.008059	0.000041	3.889479	0.019788
50	G	3509	5920247	4643725	0.000756	600	480	5920097	0	0	0	nan	0	0	0	0	0	0	nan	0	0	0	0.000756	0.000013	0.000756	0.000013	0.364865	0.006274
51	U	26186	5926240	4855163	0.005393	600	480	5926118	0	0	0	nan	0	0	0	0	0	0	nan	0	0	0	0.005393	0.000033	0.005393	0.000033	1.000000	0.006119
52	U	18641	5936426	4878030	0.003821	598	480	5936326	0	0	0	nan	0	0	0	0	0	0	nan	0	0	0	0.003821	0.000028	0.003821	0.000028	0.708511	0.005192
53	A	13706	5946149	5268030	0.002602	595	480	5946058	0	0	0	nan	0	0	0	0	0	0	nan	0	0	0	0.002602	0.000022	0.002602	0.000022	0.264538	0.002237
54	A	17209	5951901	5322545	0.003233	594	480	5951834	0	0	0	nan	0	0	0	0	0	0	nan	0	0	0	0.003233	0.000025	0.003233	0.000025	0.328691	0.002542
55	U	20888	5952919	5130526	0.004071	593	480	5952864	0	0	0	nan	0	0	0	0	0	0	nan	0	0	0	0.004071	0.000028	0.004071	0.000028	0.754867	0.005192
56	G	5684	5955073	4849903	0.001172	592	480	5955032	0	0	0	nan	0	0	0	0	0	0	nan	0	0	0	0.001172	0.000016	0.001172	0.000016	0.565637	0.007722
57	G	0	5956970	5012955	0.000000	592	480	5956948	0	0	0	nan	0	0	0	0	0	0	nan	0	0	0	0.000000	0.000000	0.000000	0.000000	0.000000	0.000000
58	A	0	5959890	66	0.000000	589	480	5959890	0	0	0	nan	0	0	0	0	0	0	nan	0	0	0	0.000000	0.000000	nan	nan	nan	nan
59	A	0	5959817	57	0.000000	589	480	5959817	0	0	0	nan	0	0	0	0	0	0	nan	0	0	0	0.000000	0.000000	nan	nan	nan	nan
60	G	0	5959740	33	0.000000	588	480	5959740	0	0	0	nan	0	0	0	0	0	0	nan	0	0	0	0.000000	0.000000	nan	nan	nan	nan
61	u	0	5959677	0	nan	588	480	5959677	0	0	0	nan	0	0	0	0	0	0	nan	0	0	0	nan	nan	nan	nan	nan	nan
62	a	0	5959486	0	nan	586	480	5959486	0	0	0	nan	0	0	0	0	0	0	nan	0	0	0	nan	nan	nan	nan	nan	nan
63	a	0	5959403	0	nan	581	480	5959403	0	0	0	nan	0	0	0	0	0	0	nan	0	0	0	nan	nan	nan	nan	nan	nan
64	a	0	5959376	0	nan	581	480	5959376	0	0	0	nan	0	0	0	0	0	0	nan	0	0	0	nan	nan	nan	nan	nan	nan
65	g	0	5959355	0	nan	579	480	5959355	0	0	0	nan	0	0	0	0	0	0	nan	0	0	0	nan	nan	nan	nan	nan	nan
66	g	0	5959337	0	nan	579	480	5959337	0	0	0	nan	0	0	0	0	0	0	nan	0	0	0	nan	nan	nan	nan	nan	nan
67	u	0	5959319	0	nan	579	476	5959319	0	0	0	nan	0	0	0	0	0	0	nan	0	0	0	nan	nan	nan	nan	nan	nan
68	a	0	5959291	0	nan	579	476	5959291	0	0	0	nan	0	0	0	0	0	0	nan	0	0	0	nan	nan	nan	nan	nan	nan
69	a	0	5959277	0	nan	578	476	5959277	0	0	0	nan	0	0	0	0	0	0	nan	0	0	0	nan	nan	nan	nan	nan	nan
70	u	0	5959243	0	nan	573	474	5959243	0	0	0	nan	0	0	0	0	0	0	nan	0	0	0	nan	nan	nan	nan	nan	nan
71	g	0	5959114	0	nan	567	474	5959114	0	0	0	nan	0	0	0	0	0	0	nan	0	0	0	nan	nan	nan	nan	nan	nan
72	a	0	5958924	0	nan	550	473	5958924	0	0	0	nan	0	0	0	0	0	0	nan	0	0	0	nan	nan	nan	nan	nan	nan
73	a	0	5958880	0	nan	546	473	5958880	0	0	0	nan	0	0	0	0	0	0	nan	0	0	0	nan	nan	nan	nan	nan	nan
74	g	0	5958831	0	nan	545	472	5958831	0	0	0	nan	0	0	0	0	0	0	nan	0	0	0	nan	nan	nan	nan	nan	nan
75	g	0	5958764	0	nan	543	472	5958764	0	0	0	nan	0	0	0	0	0	0	nan	0	0	0	nan	nan	nan	nan	nan	nan
76	u	0	5958670	0	nan	540	472	5958670	0	0	0	nan	0	0	0	0	0	0	nan	0	0	0	nan	nan	nan	nan	nan	nan
77	g	0	5958567	0	nan	540	471	5958567	0	0	0	nan	0	0	0	0	0	0	nan	0	0	0	nan	nan	nan	nan	nan	nan
78	a	0	5958415	0	nan	509	465	5958415	0	0	0	nan	0	0	0	0	0	0	nan	0	0	0	nan	nan	nan	nan	nan	nan
79	a	0	5954828	0	nan	495	463	5954828	0	0	0	nan	0	0	0	0	0	0	nan	0	0	0	nan	nan	nan	nan	nan	nan
80	g	0	5952370	0	nan	493	455	5952370	0	0	0	nan	0	0	0	0	0	0	nan	0	0	0	nan	nan	nan	nan	nan	nan