Nucleotide	Sequence	Modified_mutations	Modified_read_depth	Modified_effective_depth	Modified_rate	Modified_off_target_mapped_depth	Modified_low_mapq_mapped_depth	Modified_primer_pair_1_mapped_depth	Untreated_mutations	Untreated_read_depth	Untreated_effective_depth	Untreated_rate	Untreated_off_target_mapped_depth	Untreated_low_mapq_mapped_depth	Untreated_primer_pair_1_mapped_depth	Denatured_mutations	Denatured_read_depth	Denatured_effective_depth	Denatured_rate	Denatured_off_target_mapped_depth	Denatured_low_mapq_mapped_depth	Denatured_primer_pair_1_mapped_depth	Reactivity_profile	Std_err	HQ_profile	HQ_stderr	Norm_profile	Norm_stderr
1	g	0	6268810	0	nan	206	2963	6268810	0	0	0	nan	0	0	0	0	0	0	nan	0	0	0	nan	nan	nan	nan	nan	nan
2	g	0	6335034	0	nan	209	2977	6335034	0	0	0	nan	0	0	0	0	0	0	nan	0	0	0	nan	nan	nan	nan	nan	nan
3	u	0	6344197	0	nan	211	2993	6344197	0	0	0	nan	0	0	0	0	0	0	nan	0	0	0	nan	nan	nan	nan	nan	nan
4	g	0	6350044	0	nan	211	3074	6350044	0	0	0	nan	0	0	0	0	0	0	nan	0	0	0	nan	nan	nan	nan	nan	nan
5	u	0	6360589	0	nan	211	3093	6360589	0	0	0	nan	0	0	0	0	0	0	nan	0	0	0	nan	nan	nan	nan	nan	nan
6	a	0	6364594	0	nan	211	3287	6364594	0	0	0	nan	0	0	0	0	0	0	nan	0	0	0	nan	nan	nan	nan	nan	nan
7	a	0	6365550	0	nan	211	3291	6365550	0	0	0	nan	0	0	0	0	0	0	nan	0	0	0	nan	nan	nan	nan	nan	nan
8	g	0	6366114	0	nan	211	3295	6366114	0	0	0	nan	0	0	0	0	0	0	nan	0	0	0	nan	nan	nan	nan	nan	nan
9	g	0	6366707	0	nan	211	3302	6366707	0	0	0	nan	0	0	0	0	0	0	nan	0	0	0	nan	nan	nan	nan	nan	nan
10	g	0	6368283	0	nan	211	3357	6368283	0	0	0	nan	0	0	0	0	0	0	nan	0	0	0	nan	nan	nan	nan	nan	nan
11	u	0	6371595	0	nan	211	3363	6371595	0	0	0	nan	0	0	0	0	0	0	nan	0	0	0	nan	nan	nan	nan	nan	nan
12	g	0	6384732	0	nan	240	3646	6384732	0	0	0	nan	0	0	0	0	0	0	nan	0	0	0	nan	nan	nan	nan	nan	nan
13	a	0	6397235	0	nan	249	3686	6397235	0	0	0	nan	0	0	0	0	0	0	nan	0	0	0	nan	nan	nan	nan	nan	nan
14	a	0	6403325	0	nan	265	3694	6403325	0	0	0	nan	0	0	0	0	0	0	nan	0	0	0	nan	nan	nan	nan	nan	nan
15	g	0	6406196	0	nan	383	3698	6406196	0	0	0	nan	0	0	0	0	0	0	nan	0	0	0	nan	nan	nan	nan	nan	nan
16	u	0	6409868	0	nan	385	3698	6409868	0	0	0	nan	0	0	0	0	0	0	nan	0	0	0	nan	nan	nan	nan	nan	nan
17	g	0	6411314	0	nan	387	3776	6411314	0	0	0	nan	0	0	0	0	0	0	nan	0	0	0	nan	nan	nan	nan	nan	nan
18	u	0	6412409	0	nan	388	3798	6412409	0	0	0	nan	0	0	0	0	0	0	nan	0	0	0	nan	nan	nan	nan	nan	nan
19	a	0	6413647	0	nan	394	3984	6413647	0	0	0	nan	0	0	0	0	0	0	nan	0	0	0	nan	nan	nan	nan	nan	nan
20	A	0	6414835	497	0.000000	394	3985	6414835	0	0	0	nan	0	0	0	0	0	0	nan	0	0	0	0.000000	0.000000	nan	nan	nan	nan
21	G	0	6415512	595	0.000000	394	3987	6415512	0	0	0	nan	0	0	0	0	0	0	nan	0	0	0	0.000000	0.000000	nan	nan	nan	nan
22	G	0	6415974	526	0.000000	394	3987	6415974	0	0	0	nan	0	0	0	0	0	0	nan	0	0	0	0.000000	0.000000	nan	nan	nan	nan
23	U	0	6417031	5794235	0.000000	394	3987	6417031	0	0	0	nan	0	0	0	0	0	0	nan	0	0	0	0.000000	0.000000	0.000000	0.000000	0.000000	0.000000
24	U	10740	6417933	5843333	0.001838	394	3988	6417933	0	0	0	nan	0	0	0	0	0	0	nan	0	0	0	0.001838	0.000018	0.001838	0.000018	0.568688	0.005569
25	G	3671	6421348	5806875	0.000632	395	3988	6421348	0	0	0	nan	0	0	0	0	0	0	nan	0	0	0	0.000632	0.000010	0.000632	0.000010	0.285199	0.004513
26	A	21180	6427259	5943007	0.003564	395	3988	6427228	0	0	0	nan	0	0	0	0	0	0	nan	0	0	0	0.003564	0.000024	0.003564	0.000024	0.736668	0.004961
27	C	12784	6429468	5715661	0.002237	397	3988	6429395	0	0	0	nan	0	0	0	0	0	0	nan	0	0	0	0.002237	0.000020	0.002237	0.000020	0.768332	0.006869
28	C	18066	6430465	5703825	0.003167	397	3988	6430373	0	0	0	nan	0	0	0	0	0	0	nan	0	0	0	0.003167	0.000024	0.003167	0.000024	1.087755	0.008243
29	U	21529	6433248	5671640	0.003796	397	3988	6433143	0	0	0	nan	0	0	0	0	0	0	nan	0	0	0	0.003796	0.000026	0.003796	0.000026	1.174505	0.008045
30	U	8095	6438200	5767902	0.001403	397	3988	6438090	0	0	0	nan	0	0	0	0	0	0	nan	0	0	0	0.001403	0.000016	0.001403	0.000016	0.434097	0.004950
31	U	8935	6443453	5785684	0.001544	397	3988	6443328	0	0	0	nan	0	0	0	0	0	0	nan	0	0	0	0.001544	0.000016	0.001544	0.000016	0.477723	0.004950
32	U	11177	6448766	5854919	0.001909	397	3988	6448628	0	0	0	nan	0	0	0	0	0	0	nan	0	0	0	0.001909	0.000018	0.001909	0.000018	0.590656	0.005569
33	G	1685	6480966	5952803	0.000283	397	3988	6480811	0	0	0	nan	0	0	0	0	0	0	nan	0	0	0	0.000283	0.000007	0.000283	0.000007	0.127708	0.003159
34	A	14448	6492811	6298331	0.002294	397	3988	6492668	0	0	0	nan	0	0	0	0	0	0	nan	0	0	0	0.002294	0.000019	0.002294	0.000019	0.474163	0.003927
35	A	17563	6495463	6257801	0.002807	397	3988	6495316	0	0	0	nan	0	0	0	0	0	0	nan	0	0	0	0.002807	0.000021	0.002807	0.000021	0.580198	0.004341
36	U	3743	6496332	6222289	0.000602	397	3988	6496177	0	0	0	nan	0	0	0	0	0	0	nan	0	0	0	0.000602	0.000010	0.000602	0.000010	0.186262	0.003094
37	A	102315	6496931	5915390	0.017296	398	3988	6496760	0	0	0	nan	0	0	0	0	0	0	nan	0	0	0	0.017296	0.000054	0.017296	0.000054	3.575031	0.011162
38	G	9848	6497283	5867466	0.001678	401	3988	6497112	0	0	0	nan	0	0	0	0	0	0	nan	0	0	0	0.001678	0.000017	0.001678	0.000017	0.757220	0.007671
39	U	7811	6498027	5868763	0.001331	402	3988	6497848	0	0	0	nan	0	0	0	0	0	0	nan	0	0	0	0.001331	0.000015	0.001331	0.000015	0.411819	0.004641
40	G	5745	6498772	6079238	0.000945	408	3988	6498586	0	0	0	nan	0	0	0	0	0	0	nan	0	0	0	0.000945	0.000012	0.000945	0.000012	0.426444	0.005415
41	A	32125	6502289	6059334	0.005302	409	3988	6502099	0	0	0	nan	0	0	0	0	0	0	nan	0	0	0	0.005302	0.000030	0.005302	0.000030	1.095907	0.006201
42	U	16758	6503075	6017672	0.002785	409	3988	6502893	0	0	0	nan	0	0	0	0	0	0	nan	0	0	0	0.002785	0.000022	0.002785	0.000022	0.861696	0.006807
43	U	8330	6504984	5956449	0.001398	410	3988	6504797	0	0	0	nan	0	0	0	0	0	0	nan	0	0	0	0.001398	0.000015	0.001398	0.000015	0.432550	0.004641
44	C	15833	6508231	5960597	0.002656	410	3988	6508029	0	0	0	nan	0	0	0	0	0	0	nan	0	0	0	0.002656	0.000021	0.002656	0.000021	0.912245	0.007213
45	A	18528	6510249	5971495	0.003103	411	3988	6510032	0	0	0	nan	0	0	0	0	0	0	nan	0	0	0	0.003103	0.000023	0.003103	0.000023	0.641381	0.004754
46	G	2619	6511870	5839619	0.000448	406	3988	6511660	0	0	0	nan	0	0	0	0	0	0	nan	0	0	0	0.000448	0.000009	0.000448	0.000009	0.202166	0.004061
47	G	9405	6515828	5897681	0.001595	407	3988	6515616	0	0	0	nan	0	0	0	0	0	0	nan	0	0	0	0.001595	0.000016	0.001595	0.000016	0.719765	0.007220
48	A	10096	6522386	5789962	0.001744	417	3988	6522170	0	0	0	nan	0	0	0	0	0	0	nan	0	0	0	0.001744	0.000017	0.001744	0.000017	0.360480	0.003514
49	G	16189	6523762	5878800	0.002754	415	3988	6523566	0	0	0	nan	0	0	0	0	0	0	nan	0	0	0	0.002754	0.000022	0.002754	0.000022	1.242780	0.009928
50	G	1792	6533980	5730571	0.000313	426	3988	6533815	0	0	0	nan	0	0	0	0	0	0	nan	0	0	0	0.000313	0.000007	0.000313	0.000007	0.141245	0.003159
51	U	18942	6537391	5860549	0.003232	426	3988	6537248	0	0	0	nan	0	0	0	0	0	0	nan	0	0	0	0.003232	0.000023	0.003232	0.000023	1.000000	0.007116
52	U	15899	6543203	5860380	0.002713	430	3988	6543079	0	0	0	nan	0	0	0	0	0	0	nan	0	0	0	0.002713	0.000022	0.002713	0.000022	0.839418	0.006807
53	A	21657	6547302	6110460	0.003544	430	3988	6547181	0	0	0	nan	0	0	0	0	0	0	nan	0	0	0	0.003544	0.000024	0.003544	0.000024	0.732534	0.004961
54	A	30238	6549954	6249663	0.004838	430	3988	6549853	0	0	0	nan	0	0	0	0	0	0	nan	0	0	0	0.004838	0.000028	0.004838	0.000028	1.000000	0.005788
55	U	9034	6550850	6179415	0.001462	430	3988	6550770	0	0	0	nan	0	0	0	0	0	0	nan	0	0	0	0.001462	0.000015	0.001462	0.000015	0.452351	0.004641
56	G	4886	6551656	5968169	0.000819	428	3988	6551590	0	0	0	nan	0	0	0	0	0	0	nan	0	0	0	0.000819	0.000012	0.000819	0.000012	0.369585	0.005415
57	G	0	6552780	5992889	0.000000	428	3988	6552751	0	0	0	nan	0	0	0	0	0	0	nan	0	0	0	0.000000	0.000000	0.000000	0.000000	0.000000	0.000000
58	A	0	6554565	17	0.000000	426	3988	6554565	0	0	0	nan	0	0	0	0	0	0	nan	0	0	0	0.000000	0.000000	nan	nan	nan	nan
59	A	0	6554541	26	0.000000	426	3988	6554541	0	0	0	nan	0	0	0	0	0	0	nan	0	0	0	0.000000	0.000000	nan	nan	nan	nan
60	G	0	6554509	14	0.000000	426	3988	6554509	0	0	0	nan	0	0	0	0	0	0	nan	0	0	0	0.000000	0.000000	nan	nan	nan	nan
61	u	0	6554479	0	nan	425	3987	6554479	0	0	0	nan	0	0	0	0	0	0	nan	0	0	0	nan	nan	nan	nan	nan	nan
62	a	0	6554383	0	nan	419	3984	6554383	0	0	0	nan	0	0	0	0	0	0	nan	0	0	0	nan	nan	nan	nan	nan	nan
63	a	0	6554312	0	nan	410	3978	6554312	0	0	0	nan	0	0	0	0	0	0	nan	0	0	0	nan	nan	nan	nan	nan	nan
64	a	0	6554291	0	nan	395	3962	6554291	0	0	0	nan	0	0	0	0	0	0	nan	0	0	0	nan	nan	nan	nan	nan	nan
65	g	0	6554272	0	nan	339	3049	6554272	0	0	0	nan	0	0	0	0	0	0	nan	0	0	0	nan	nan	nan	nan	nan	nan
66	g	0	6554249	0	nan	245	2924	6554249	0	0	0	nan	0	0	0	0	0	0	nan	0	0	0	nan	nan	nan	nan	nan	nan
67	u	0	6554229	0	nan	215	2902	6554229	0	0	0	nan	0	0	0	0	0	0	nan	0	0	0	nan	nan	nan	nan	nan	nan
68	a	0	6554205	0	nan	209	2624	6554205	0	0	0	nan	0	0	0	0	0	0	nan	0	0	0	nan	nan	nan	nan	nan	nan
69	a	0	6554184	0	nan	207	2614	6554184	0	0	0	nan	0	0	0	0	0	0	nan	0	0	0	nan	nan	nan	nan	nan	nan
70	u	0	6554168	0	nan	203	2492	6554168	0	0	0	nan	0	0	0	0	0	0	nan	0	0	0	nan	nan	nan	nan	nan	nan
71	g	0	6554092	0	nan	202	2482	6554092	0	0	0	nan	0	0	0	0	0	0	nan	0	0	0	nan	nan	nan	nan	nan	nan
72	a	0	6554042	0	nan	201	2471	6554042	0	0	0	nan	0	0	0	0	0	0	nan	0	0	0	nan	nan	nan	nan	nan	nan
73	a	0	6554000	0	nan	201	2469	6554000	0	0	0	nan	0	0	0	0	0	0	nan	0	0	0	nan	nan	nan	nan	nan	nan
74	g	0	6553977	0	nan	201	2468	6553977	0	0	0	nan	0	0	0	0	0	0	nan	0	0	0	nan	nan	nan	nan	nan	nan
75	g	0	6553944	0	nan	201	2466	6553944	0	0	0	nan	0	0	0	0	0	0	nan	0	0	0	nan	nan	nan	nan	nan	nan
76	u	0	6553821	0	nan	201	2453	6553821	0	0	0	nan	0	0	0	0	0	0	nan	0	0	0	nan	nan	nan	nan	nan	nan
77	g	0	6553695	0	nan	201	2423	6553695	0	0	0	nan	0	0	0	0	0	0	nan	0	0	0	nan	nan	nan	nan	nan	nan
78	a	0	6553568	0	nan	201	2422	6553568	0	0	0	nan	0	0	0	0	0	0	nan	0	0	0	nan	nan	nan	nan	nan	nan
79	a	0	6548721	0	nan	200	2412	6548721	0	0	0	nan	0	0	0	0	0	0	nan	0	0	0	nan	nan	nan	nan	nan	nan
80	g	0	6546098	0	nan	199	2390	6546098	0	0	0	nan	0	0	0	0	0	0	nan	0	0	0	nan	nan	nan	nan	nan	nan