Nucleotide	Sequence	Modified_mutations	Modified_read_depth	Modified_effective_depth	Modified_rate	Modified_off_target_mapped_depth	Modified_low_mapq_mapped_depth	Modified_primer_pair_1_mapped_depth	Untreated_mutations	Untreated_read_depth	Untreated_effective_depth	Untreated_rate	Untreated_off_target_mapped_depth	Untreated_low_mapq_mapped_depth	Untreated_primer_pair_1_mapped_depth	Denatured_mutations	Denatured_read_depth	Denatured_effective_depth	Denatured_rate	Denatured_off_target_mapped_depth	Denatured_low_mapq_mapped_depth	Denatured_primer_pair_1_mapped_depth	Reactivity_profile	Std_err	HQ_profile	HQ_stderr	Norm_profile	Norm_stderr
1	g	0	54014	0	nan	0	1	54014	0	0	0	nan	0	0	0	0	0	0	nan	0	0	0	nan	nan	nan	nan	nan	nan
2	g	0	54042	0	nan	0	1	54042	0	0	0	nan	0	0	0	0	0	0	nan	0	0	0	nan	nan	nan	nan	nan	nan
3	u	0	54063	0	nan	0	1	54063	0	0	0	nan	0	0	0	0	0	0	nan	0	0	0	nan	nan	nan	nan	nan	nan
4	g	0	54083	0	nan	0	1	54083	0	0	0	nan	0	0	0	0	0	0	nan	0	0	0	nan	nan	nan	nan	nan	nan
5	u	0	54098	0	nan	0	1	54098	0	0	0	nan	0	0	0	0	0	0	nan	0	0	0	nan	nan	nan	nan	nan	nan
6	a	0	54114	0	nan	0	1	54114	0	0	0	nan	0	0	0	0	0	0	nan	0	0	0	nan	nan	nan	nan	nan	nan
7	a	0	54146	0	nan	0	1	54146	0	0	0	nan	0	0	0	0	0	0	nan	0	0	0	nan	nan	nan	nan	nan	nan
8	g	0	54297	0	nan	0	1	54297	0	0	0	nan	0	0	0	0	0	0	nan	0	0	0	nan	nan	nan	nan	nan	nan
9	g	0	56226	0	nan	0	1	56226	0	0	0	nan	0	0	0	0	0	0	nan	0	0	0	nan	nan	nan	nan	nan	nan
10	g	0	225975	0	nan	0	1	225975	0	0	0	nan	0	0	0	0	0	0	nan	0	0	0	nan	nan	nan	nan	nan	nan
11	u	0	237687	0	nan	0	1	237687	0	0	0	nan	0	0	0	0	0	0	nan	0	0	0	nan	nan	nan	nan	nan	nan
12	g	0	238227	0	nan	0	1	238227	0	0	0	nan	0	0	0	0	0	0	nan	0	0	0	nan	nan	nan	nan	nan	nan
13	a	0	238266	0	nan	0	1	238266	0	0	0	nan	0	0	0	0	0	0	nan	0	0	0	nan	nan	nan	nan	nan	nan
14	a	0	238278	0	nan	0	1	238278	0	0	0	nan	0	0	0	0	0	0	nan	0	0	0	nan	nan	nan	nan	nan	nan
15	g	0	238299	0	nan	4	1	238299	0	0	0	nan	0	0	0	0	0	0	nan	0	0	0	nan	nan	nan	nan	nan	nan
16	u	0	238307	0	nan	4	1	238307	0	0	0	nan	0	0	0	0	0	0	nan	0	0	0	nan	nan	nan	nan	nan	nan
17	g	0	238324	0	nan	4	1	238324	0	0	0	nan	0	0	0	0	0	0	nan	0	0	0	nan	nan	nan	nan	nan	nan
18	u	0	238329	0	nan	4	1	238329	0	0	0	nan	0	0	0	0	0	0	nan	0	0	0	nan	nan	nan	nan	nan	nan
19	a	0	238409	0	nan	4	1	238409	0	0	0	nan	0	0	0	0	0	0	nan	0	0	0	nan	nan	nan	nan	nan	nan
20	A	0	238469	15	0.000000	4	1	238469	0	0	0	nan	0	0	0	0	0	0	nan	0	0	0	0.000000	0.000000	nan	nan	nan	nan
21	G	0	238544	36	0.000000	4	1	238544	0	0	0	nan	0	0	0	0	0	0	nan	0	0	0	0.000000	0.000000	nan	nan	nan	nan
22	G	0	238568	43	0.000000	4	1	238568	0	0	0	nan	0	0	0	0	0	0	nan	0	0	0	0.000000	0.000000	nan	nan	nan	nan
23	U	0	238579	235398	0.000000	4	1	238579	0	0	0	nan	0	0	0	0	0	0	nan	0	0	0	0.000000	0.000000	0.000000	0.000000	0.000000	0.000000
24	U	466	238583	235258	0.001981	4	1	238583	0	0	0	nan	0	0	0	0	0	0	nan	0	0	0	0.001981	0.000092	0.001981	0.000092	0.783934	0.036407
25	G	511	238591	233252	0.002191	4	1	238591	0	0	0	nan	0	0	0	0	0	0	nan	0	0	0	0.002191	0.000097	0.002191	0.000097	0.623151	0.027588
26	A	6558	238587	228095	0.028751	4	0	238539	0	0	0	nan	0	0	0	0	0	0	nan	0	0	0	0.028751	0.000355	0.028751	0.000355	0.968047	0.011953
27	C	15709	238592	226717	0.069289	4	0	238537	0	0	0	nan	0	0	0	0	0	0	nan	0	0	0	0.069289	0.000553	0.069289	0.000553	1.250535	0.009981
28	C	5984	238617	227994	0.026246	4	0	238563	0	0	0	nan	0	0	0	0	0	0	nan	0	0	0	0.026246	0.000339	0.026246	0.000339	0.473690	0.006118
29	U	273	238708	232271	0.001175	4	0	238664	0	0	0	nan	0	0	0	0	0	0	nan	0	0	0	0.001175	0.000071	0.001175	0.000071	0.464978	0.028097
30	U	388	238738	233563	0.001661	4	0	238700	0	0	0	nan	0	0	0	0	0	0	nan	0	0	0	0.001661	0.000084	0.001661	0.000084	0.657301	0.033241
31	U	546	238766	234358	0.002330	4	0	238729	0	0	0	nan	0	0	0	0	0	0	nan	0	0	0	0.002330	0.000100	0.002330	0.000100	0.922042	0.039573
32	U	386	238807	235436	0.001640	4	0	238772	0	0	0	nan	0	0	0	0	0	0	nan	0	0	0	0.001640	0.000083	0.001640	0.000083	0.648991	0.032845
33	G	908	238843	233349	0.003891	4	0	238808	0	0	0	nan	0	0	0	0	0	0	nan	0	0	0	0.003891	0.000129	0.003891	0.000129	1.106655	0.036689
34	A	7088	238862	233037	0.030416	4	0	238827	0	0	0	nan	0	0	0	0	0	0	nan	0	0	0	0.030416	0.000361	0.030416	0.000361	1.024108	0.012155
35	A	5388	238880	231989	0.023225	4	0	238846	0	0	0	nan	0	0	0	0	0	0	nan	0	0	0	0.023225	0.000316	0.023225	0.000316	0.781987	0.010640
36	U	426	238892	231726	0.001838	4	0	238858	0	0	0	nan	0	0	0	0	0	0	nan	0	0	0	0.001838	0.000089	0.001838	0.000089	0.727345	0.035220
37	A	5482	238905	232768	0.023551	4	0	238869	0	0	0	nan	0	0	0	0	0	0	nan	0	0	0	0.023551	0.000318	0.023551	0.000318	0.792963	0.010707
38	G	349	238923	231588	0.001507	4	0	238890	0	0	0	nan	0	0	0	0	0	0	nan	0	0	0	0.001507	0.000081	0.001507	0.000081	0.428612	0.023038
39	U	526	238936	234909	0.002239	4	2	238904	0	0	0	nan	0	0	0	0	0	0	nan	0	0	0	0.002239	0.000098	0.002239	0.000098	0.886031	0.038781
40	G	639	238960	232838	0.002744	4	2	238930	0	0	0	nan	0	0	0	0	0	0	nan	0	0	0	0.002744	0.000109	0.002744	0.000109	0.780432	0.031001
41	A	6942	238990	233734	0.029700	4	2	238964	0	0	0	nan	0	0	0	0	0	0	nan	0	0	0	0.029700	0.000356	0.029700	0.000356	1.000000	0.011987
42	U	588	239040	232693	0.002527	4	2	239021	0	0	0	nan	0	0	0	0	0	0	nan	0	0	0	0.002527	0.000104	0.002527	0.000104	1.000000	0.041156
43	U	539	239073	232605	0.002317	4	2	239056	0	0	0	nan	0	0	0	0	0	0	nan	0	0	0	0.002317	0.000100	0.002317	0.000100	0.916898	0.039573
44	C	9618	239093	231614	0.041526	4	2	239078	0	0	0	nan	0	0	0	0	0	0	nan	0	0	0	0.041526	0.000423	0.041526	0.000423	0.749465	0.007634
45	A	7120	239115	232707	0.030596	4	2	239101	0	0	0	nan	0	0	0	0	0	0	nan	0	0	0	0.030596	0.000363	0.030596	0.000363	1.030168	0.012222
46	G	633	239137	233879	0.002707	4	2	239126	0	0	0	nan	0	0	0	0	0	0	nan	0	0	0	0.002707	0.000108	0.002707	0.000108	0.769909	0.030717
47	G	636	239150	233547	0.002723	4	2	239139	0	0	0	nan	0	0	0	0	0	0	nan	0	0	0	0.002723	0.000108	0.002723	0.000108	0.774460	0.030717
48	A	6672	239156	234333	0.028472	4	2	239145	0	0	0	nan	0	0	0	0	0	0	nan	0	0	0	0.028472	0.000349	0.028472	0.000349	0.958653	0.011751
49	G	1800	239213	233924	0.007695	4	2	239210	0	0	0	nan	0	0	0	0	0	0	nan	0	0	0	0.007695	0.000181	0.007695	0.000181	2.188567	0.051479
50	G	389	239233	234581	0.001658	4	2	239231	0	0	0	nan	0	0	0	0	0	0	nan	0	0	0	0.001658	0.000084	0.001658	0.000084	0.471559	0.023891
51	U	371	239241	235156	0.001578	4	2	239240	0	0	0	nan	0	0	0	0	0	0	nan	0	0	0	0.001578	0.000082	0.001578	0.000082	0.624456	0.032450
52	U	537	239245	234236	0.002293	4	2	239243	0	0	0	nan	0	0	0	0	0	0	nan	0	0	0	0.002293	0.000099	0.002293	0.000099	0.907400	0.039177
53	A	5092	239246	234659	0.021700	4	2	239244	0	0	0	nan	0	0	0	0	0	0	nan	0	0	0	0.021700	0.000304	0.021700	0.000304	0.730640	0.010236
54	A	4642	239241	235002	0.019753	4	2	239238	0	0	0	nan	0	0	0	0	0	0	nan	0	0	0	0.019753	0.000290	0.019753	0.000290	0.665084	0.009764
55	U	996	239246	235919	0.004222	4	2	239243	0	0	0	nan	0	0	0	0	0	0	nan	0	0	0	0.004222	0.000134	0.004222	0.000134	1.670756	0.053027
56	G	831	239248	236366	0.003516	4	2	239247	0	0	0	nan	0	0	0	0	0	0	nan	0	0	0	0.003516	0.000122	0.003516	0.000122	1.000000	0.034699
57	G	0	239252	235160	0.000000	4	2	239251	0	0	0	nan	0	0	0	0	0	0	nan	0	0	0	0.000000	0.000000	0.000000	0.000000	0.000000	0.000000
58	A	0	239253	0	nan	4	2	239253	0	0	0	nan	0	0	0	0	0	0	nan	0	0	0	nan	nan	nan	nan	nan	nan
59	A	0	239253	0	nan	4	2	239253	0	0	0	nan	0	0	0	0	0	0	nan	0	0	0	nan	nan	nan	nan	nan	nan
60	G	0	239253	0	nan	4	2	239253	0	0	0	nan	0	0	0	0	0	0	nan	0	0	0	nan	nan	nan	nan	nan	nan
61	u	0	239253	0	nan	4	2	239253	0	0	0	nan	0	0	0	0	0	0	nan	0	0	0	nan	nan	nan	nan	nan	nan
62	a	0	239253	0	nan	4	2	239253	0	0	0	nan	0	0	0	0	0	0	nan	0	0	0	nan	nan	nan	nan	nan	nan
63	a	0	239253	0	nan	4	2	239253	0	0	0	nan	0	0	0	0	0	0	nan	0	0	0	nan	nan	nan	nan	nan	nan
64	a	0	239253	0	nan	4	2	239253	0	0	0	nan	0	0	0	0	0	0	nan	0	0	0	nan	nan	nan	nan	nan	nan
65	g	0	239253	0	nan	4	2	239253	0	0	0	nan	0	0	0	0	0	0	nan	0	0	0	nan	nan	nan	nan	nan	nan
66	g	0	239253	0	nan	4	2	239253	0	0	0	nan	0	0	0	0	0	0	nan	0	0	0	nan	nan	nan	nan	nan	nan
67	u	0	239253	0	nan	4	2	239253	0	0	0	nan	0	0	0	0	0	0	nan	0	0	0	nan	nan	nan	nan	nan	nan
68	a	0	239253	0	nan	4	2	239253	0	0	0	nan	0	0	0	0	0	0	nan	0	0	0	nan	nan	nan	nan	nan	nan
69	a	0	239253	0	nan	4	2	239253	0	0	0	nan	0	0	0	0	0	0	nan	0	0	0	nan	nan	nan	nan	nan	nan
70	u	0	239253	0	nan	4	2	239253	0	0	0	nan	0	0	0	0	0	0	nan	0	0	0	nan	nan	nan	nan	nan	nan
71	g	0	239253	0	nan	4	2	239253	0	0	0	nan	0	0	0	0	0	0	nan	0	0	0	nan	nan	nan	nan	nan	nan
72	a	0	239253	0	nan	4	2	239253	0	0	0	nan	0	0	0	0	0	0	nan	0	0	0	nan	nan	nan	nan	nan	nan
73	a	0	239253	0	nan	4	2	239253	0	0	0	nan	0	0	0	0	0	0	nan	0	0	0	nan	nan	nan	nan	nan	nan
74	g	0	239253	0	nan	4	2	239253	0	0	0	nan	0	0	0	0	0	0	nan	0	0	0	nan	nan	nan	nan	nan	nan
75	g	0	239252	0	nan	4	2	239252	0	0	0	nan	0	0	0	0	0	0	nan	0	0	0	nan	nan	nan	nan	nan	nan
76	u	0	239244	0	nan	4	2	239244	0	0	0	nan	0	0	0	0	0	0	nan	0	0	0	nan	nan	nan	nan	nan	nan
77	g	0	239236	0	nan	4	2	239236	0	0	0	nan	0	0	0	0	0	0	nan	0	0	0	nan	nan	nan	nan	nan	nan
78	a	0	239235	0	nan	4	2	239235	0	0	0	nan	0	0	0	0	0	0	nan	0	0	0	nan	nan	nan	nan	nan	nan
79	a	0	239187	0	nan	4	2	239187	0	0	0	nan	0	0	0	0	0	0	nan	0	0	0	nan	nan	nan	nan	nan	nan
80	g	0	239096	0	nan	4	2	239096	0	0	0	nan	0	0	0	0	0	0	nan	0	0	0	nan	nan	nan	nan	nan	nan