Nucleotide	Sequence	Modified_mutations	Modified_read_depth	Modified_effective_depth	Modified_rate	Modified_off_target_mapped_depth	Modified_low_mapq_mapped_depth	Modified_primer_pair_1_mapped_depth	Untreated_mutations	Untreated_read_depth	Untreated_effective_depth	Untreated_rate	Untreated_off_target_mapped_depth	Untreated_low_mapq_mapped_depth	Untreated_primer_pair_1_mapped_depth	Denatured_mutations	Denatured_read_depth	Denatured_effective_depth	Denatured_rate	Denatured_off_target_mapped_depth	Denatured_low_mapq_mapped_depth	Denatured_primer_pair_1_mapped_depth	Reactivity_profile	Std_err	HQ_profile	HQ_stderr	Norm_profile	Norm_stderr
1	g	0	296278	0	nan	0	7	296278	0	0	0	nan	0	0	0	0	0	0	nan	0	0	0	nan	nan	nan	nan	nan	nan
2	g	0	296485	0	nan	0	7	296485	0	0	0	nan	0	0	0	0	0	0	nan	0	0	0	nan	nan	nan	nan	nan	nan
3	u	0	296648	0	nan	0	7	296648	0	0	0	nan	0	0	0	0	0	0	nan	0	0	0	nan	nan	nan	nan	nan	nan
4	g	0	296697	0	nan	0	7	296697	0	0	0	nan	0	0	0	0	0	0	nan	0	0	0	nan	nan	nan	nan	nan	nan
5	u	0	296724	0	nan	0	7	296724	0	0	0	nan	0	0	0	0	0	0	nan	0	0	0	nan	nan	nan	nan	nan	nan
6	a	0	296727	0	nan	0	7	296727	0	0	0	nan	0	0	0	0	0	0	nan	0	0	0	nan	nan	nan	nan	nan	nan
7	a	0	296734	0	nan	0	7	296734	0	0	0	nan	0	0	0	0	0	0	nan	0	0	0	nan	nan	nan	nan	nan	nan
8	g	0	296738	0	nan	0	7	296738	0	0	0	nan	0	0	0	0	0	0	nan	0	0	0	nan	nan	nan	nan	nan	nan
9	g	0	296738	0	nan	0	7	296738	0	0	0	nan	0	0	0	0	0	0	nan	0	0	0	nan	nan	nan	nan	nan	nan
10	g	0	296739	0	nan	0	7	296739	0	0	0	nan	0	0	0	0	0	0	nan	0	0	0	nan	nan	nan	nan	nan	nan
11	u	0	296740	0	nan	0	7	296740	0	0	0	nan	0	0	0	0	0	0	nan	0	0	0	nan	nan	nan	nan	nan	nan
12	g	0	296741	0	nan	0	7	296741	0	0	0	nan	0	0	0	0	0	0	nan	0	0	0	nan	nan	nan	nan	nan	nan
13	a	0	296741	0	nan	2	7	296741	0	0	0	nan	0	0	0	0	0	0	nan	0	0	0	nan	nan	nan	nan	nan	nan
14	a	0	296741	0	nan	2	7	296741	0	0	0	nan	0	0	0	0	0	0	nan	0	0	0	nan	nan	nan	nan	nan	nan
15	g	0	296741	0	nan	35	7	296741	0	0	0	nan	0	0	0	0	0	0	nan	0	0	0	nan	nan	nan	nan	nan	nan
16	u	0	296741	0	nan	35	7	296741	0	0	0	nan	0	0	0	0	0	0	nan	0	0	0	nan	nan	nan	nan	nan	nan
17	g	0	296741	0	nan	35	7	296741	0	0	0	nan	0	0	0	0	0	0	nan	0	0	0	nan	nan	nan	nan	nan	nan
18	u	0	296741	0	nan	35	7	296741	0	0	0	nan	0	0	0	0	0	0	nan	0	0	0	nan	nan	nan	nan	nan	nan
19	a	0	296743	0	nan	35	7	296743	0	0	0	nan	0	0	0	0	0	0	nan	0	0	0	nan	nan	nan	nan	nan	nan
20	A	0	296744	1	0.000000	35	7	296744	0	0	0	nan	0	0	0	0	0	0	nan	0	0	0	0.000000	0.000000	nan	nan	nan	nan
21	G	0	296746	3	0.000000	35	7	296746	0	0	0	nan	0	0	0	0	0	0	nan	0	0	0	0.000000	0.000000	nan	nan	nan	nan
22	G	0	296749	2	0.000000	35	7	296749	0	0	0	nan	0	0	0	0	0	0	nan	0	0	0	0.000000	0.000000	nan	nan	nan	nan
23	U	0	296749	296263	0.000000	35	7	296749	0	0	0	nan	0	0	0	0	0	0	nan	0	0	0	0.000000	0.000000	0.000000	0.000000	0.000000	0.000000
24	U	298	296749	296236	0.001006	35	7	296749	0	0	0	nan	0	0	0	0	0	0	nan	0	0	0	0.001006	0.000058	0.001006	0.000058	0.487403	0.028101
25	G	161	296749	295703	0.000544	35	7	296749	0	0	0	nan	0	0	0	0	0	0	nan	0	0	0	0.000544	0.000043	0.000544	0.000043	nan	nan
26	A	3175	296749	296038	0.010725	35	7	296749	0	0	0	nan	0	0	0	0	0	0	nan	0	0	0	0.010725	0.000190	0.010725	0.000190	0.898354	0.015915
27	A	3375	296749	295862	0.011407	35	7	296749	0	0	0	nan	0	0	0	0	0	0	nan	0	0	0	0.011407	0.000196	0.011407	0.000196	0.955480	0.016417
28	C	3394	296749	295526	0.011485	37	7	296749	0	0	0	nan	0	0	0	0	0	0	nan	0	0	0	0.011485	0.000197	0.011485	0.000197	0.817307	0.014019
29	U	278	296749	295768	0.000940	37	7	296749	0	0	0	nan	0	0	0	0	0	0	nan	0	0	0	0.000940	0.000056	0.000940	0.000056	0.455426	0.027132
30	U	353	296749	295995	0.001193	37	7	296749	0	0	0	nan	0	0	0	0	0	0	nan	0	0	0	0.001193	0.000063	0.001193	0.000063	0.578004	0.030523
31	U	463	296750	295970	0.001564	37	7	296750	0	0	0	nan	0	0	0	0	0	0	nan	0	0	0	0.001564	0.000073	0.001564	0.000073	0.757752	0.035368
32	U	407	296750	296074	0.001375	37	7	296750	0	0	0	nan	0	0	0	0	0	0	nan	0	0	0	0.001375	0.000068	0.001375	0.000068	0.666182	0.032946
33	G	136	296751	295527	0.000460	37	7	296750	0	0	0	nan	0	0	0	0	0	0	nan	0	0	0	0.000460	0.000039	0.000460	0.000039	nan	nan
34	A	3438	296751	295885	0.011619	37	7	296750	0	0	0	nan	0	0	0	0	0	0	nan	0	0	0	0.011619	0.000198	0.011619	0.000198	0.973238	0.016585
35	A	3071	296751	295731	0.010384	37	7	296750	0	0	0	nan	0	0	0	0	0	0	nan	0	0	0	0.010384	0.000187	0.010384	0.000187	0.869791	0.015664
36	U	486	296751	295690	0.001644	37	7	296750	0	0	0	nan	0	0	0	0	0	0	nan	0	0	0	0.001644	0.000075	0.001644	0.000075	0.796512	0.036337
37	A	3563	296750	295813	0.012045	37	7	296749	0	0	0	nan	0	0	0	0	0	0	nan	0	0	0	0.012045	0.000202	0.012045	0.000202	1.008921	0.016920
38	G	228	296751	295138	0.000773	37	7	296750	0	0	0	nan	0	0	0	0	0	0	nan	0	0	0	0.000773	0.000051	0.000773	0.000051	nan	nan
39	U	611	296751	295962	0.002064	37	7	296750	0	0	0	nan	0	0	0	0	0	0	nan	0	0	0	0.002064	0.000084	0.002064	0.000084	1.000000	0.040698
40	G	413	296751	295450	0.001398	37	7	296750	0	0	0	nan	0	0	0	0	0	0	nan	0	0	0	0.001398	0.000069	0.001398	0.000069	nan	nan
41	A	3852	296751	295740	0.013025	37	7	296750	0	0	0	nan	0	0	0	0	0	0	nan	0	0	0	0.013025	0.000210	0.013025	0.000210	1.091008	0.017590
42	U	484	296752	295598	0.001637	37	7	296751	0	0	0	nan	0	0	0	0	0	0	nan	0	0	0	0.001637	0.000074	0.001637	0.000074	0.793120	0.035853
43	U	549	296753	295695	0.001857	37	7	296752	0	0	0	nan	0	0	0	0	0	0	nan	0	0	0	0.001857	0.000079	0.001857	0.000079	0.899709	0.038275
44	C	4405	296755	295472	0.014908	37	7	296755	0	0	0	nan	0	0	0	0	0	0	nan	0	0	0	0.014908	0.000225	0.014908	0.000225	1.060898	0.016012
45	A	3716	296756	295562	0.012573	37	7	296755	0	0	0	nan	0	0	0	0	0	0	nan	0	0	0	0.012573	0.000206	0.012573	0.000206	1.053147	0.017255
46	G	347	296760	295286	0.001175	37	7	296759	0	0	0	nan	0	0	0	0	0	0	nan	0	0	0	0.001175	0.000063	0.001175	0.000063	nan	nan
47	G	283	296762	295335	0.000958	37	7	296760	0	0	0	nan	0	0	0	0	0	0	nan	0	0	0	0.000958	0.000057	0.000958	0.000057	nan	nan
48	A	3195	296763	295656	0.010806	37	7	296761	0	0	0	nan	0	0	0	0	0	0	nan	0	0	0	0.010806	0.000191	0.010806	0.000191	0.905139	0.015999
49	G	269	296765	295402	0.000911	37	7	296764	0	0	0	nan	0	0	0	0	0	0	nan	0	0	0	0.000911	0.000056	0.000911	0.000056	nan	nan
50	G	254	296765	295382	0.000860	37	7	296764	0	0	0	nan	0	0	0	0	0	0	nan	0	0	0	0.000860	0.000054	0.000860	0.000054	nan	nan
51	U	287	296764	295397	0.000972	37	7	296763	0	0	0	nan	0	0	0	0	0	0	nan	0	0	0	0.000972	0.000057	0.000972	0.000057	0.470930	0.027616
52	U	276	296764	295475	0.000934	37	7	296763	0	0	0	nan	0	0	0	0	0	0	nan	0	0	0	0.000934	0.000056	0.000934	0.000056	0.452519	0.027132
53	A	3229	296764	295333	0.010933	37	7	296763	0	0	0	nan	0	0	0	0	0	0	nan	0	0	0	0.010933	0.000192	0.010933	0.000192	0.915777	0.016082
54	A	2730	296764	262599	0.010396	37	7	296763	0	0	0	nan	0	0	0	0	0	0	nan	0	0	0	0.010396	0.000199	0.010396	0.000199	0.870796	0.016669
55	U	619	296764	262591	0.002357	37	7	296763	0	0	0	nan	0	0	0	0	0	0	nan	0	0	0	0.002357	0.000095	0.002357	0.000095	1.141957	0.046027
56	G	418	296764	262432	0.001593	37	7	296763	0	0	0	nan	0	0	0	0	0	0	nan	0	0	0	0.001593	0.000078	0.001593	0.000078	nan	nan
57	G	0	296766	295821	0.000000	37	7	296766	0	0	0	nan	0	0	0	0	0	0	nan	0	0	0	0.000000	0.000000	0.000000	0.000000	nan	nan
58	A	0	296768	0	nan	37	7	296768	0	0	0	nan	0	0	0	0	0	0	nan	0	0	0	nan	nan	nan	nan	nan	nan
59	A	0	296768	0	nan	37	7	296768	0	0	0	nan	0	0	0	0	0	0	nan	0	0	0	nan	nan	nan	nan	nan	nan
60	G	0	296768	0	nan	37	7	296768	0	0	0	nan	0	0	0	0	0	0	nan	0	0	0	nan	nan	nan	nan	nan	nan
61	u	0	296768	0	nan	37	7	296768	0	0	0	nan	0	0	0	0	0	0	nan	0	0	0	nan	nan	nan	nan	nan	nan
62	a	0	296768	0	nan	37	7	296768	0	0	0	nan	0	0	0	0	0	0	nan	0	0	0	nan	nan	nan	nan	nan	nan
63	a	0	296767	0	nan	37	7	296767	0	0	0	nan	0	0	0	0	0	0	nan	0	0	0	nan	nan	nan	nan	nan	nan
64	a	0	296767	0	nan	37	7	296767	0	0	0	nan	0	0	0	0	0	0	nan	0	0	0	nan	nan	nan	nan	nan	nan
65	g	0	296767	0	nan	37	7	296767	0	0	0	nan	0	0	0	0	0	0	nan	0	0	0	nan	nan	nan	nan	nan	nan
66	g	0	296767	0	nan	37	7	296767	0	0	0	nan	0	0	0	0	0	0	nan	0	0	0	nan	nan	nan	nan	nan	nan
67	u	0	296766	0	nan	37	7	296766	0	0	0	nan	0	0	0	0	0	0	nan	0	0	0	nan	nan	nan	nan	nan	nan
68	a	0	296766	0	nan	37	7	296766	0	0	0	nan	0	0	0	0	0	0	nan	0	0	0	nan	nan	nan	nan	nan	nan
69	a	0	296766	0	nan	37	7	296766	0	0	0	nan	0	0	0	0	0	0	nan	0	0	0	nan	nan	nan	nan	nan	nan
70	u	0	296766	0	nan	37	7	296766	0	0	0	nan	0	0	0	0	0	0	nan	0	0	0	nan	nan	nan	nan	nan	nan
71	g	0	296766	0	nan	37	7	296766	0	0	0	nan	0	0	0	0	0	0	nan	0	0	0	nan	nan	nan	nan	nan	nan
72	a	0	296766	0	nan	37	7	296766	0	0	0	nan	0	0	0	0	0	0	nan	0	0	0	nan	nan	nan	nan	nan	nan
73	a	0	296766	0	nan	37	7	296766	0	0	0	nan	0	0	0	0	0	0	nan	0	0	0	nan	nan	nan	nan	nan	nan
74	g	0	296765	0	nan	37	7	296765	0	0	0	nan	0	0	0	0	0	0	nan	0	0	0	nan	nan	nan	nan	nan	nan
75	g	0	296763	0	nan	37	7	296763	0	0	0	nan	0	0	0	0	0	0	nan	0	0	0	nan	nan	nan	nan	nan	nan
76	u	0	296724	0	nan	37	7	296724	0	0	0	nan	0	0	0	0	0	0	nan	0	0	0	nan	nan	nan	nan	nan	nan
77	g	0	296712	0	nan	37	7	296712	0	0	0	nan	0	0	0	0	0	0	nan	0	0	0	nan	nan	nan	nan	nan	nan
78	a	0	296709	0	nan	37	7	296709	0	0	0	nan	0	0	0	0	0	0	nan	0	0	0	nan	nan	nan	nan	nan	nan
79	a	0	296471	0	nan	37	7	296471	0	0	0	nan	0	0	0	0	0	0	nan	0	0	0	nan	nan	nan	nan	nan	nan
80	g	0	296287	0	nan	37	7	296287	0	0	0	nan	0	0	0	0	0	0	nan	0	0	0	nan	nan	nan	nan	nan	nan