Nucleotide	Sequence	Modified_mutations	Modified_read_depth	Modified_effective_depth	Modified_rate	Modified_off_target_mapped_depth	Modified_low_mapq_mapped_depth	Modified_primer_pair_1_mapped_depth	Untreated_mutations	Untreated_read_depth	Untreated_effective_depth	Untreated_rate	Untreated_off_target_mapped_depth	Untreated_low_mapq_mapped_depth	Untreated_primer_pair_1_mapped_depth	Denatured_mutations	Denatured_read_depth	Denatured_effective_depth	Denatured_rate	Denatured_off_target_mapped_depth	Denatured_low_mapq_mapped_depth	Denatured_primer_pair_1_mapped_depth	Reactivity_profile	Std_err	HQ_profile	HQ_stderr	Norm_profile	Norm_stderr
1	g	0	170256	0	nan	14	0	170256	0	0	0	nan	0	0	0	0	0	0	nan	0	0	0	nan	nan	nan	nan	nan	nan
2	g	0	183008	0	nan	40	0	183008	0	0	0	nan	0	0	0	0	0	0	nan	0	0	0	nan	nan	nan	nan	nan	nan
3	c	0	183428	0	nan	41	0	183428	0	0	0	nan	0	0	0	0	0	0	nan	0	0	0	nan	nan	nan	nan	nan	nan
4	a	0	183520	0	nan	41	0	183520	0	0	0	nan	0	0	0	0	0	0	nan	0	0	0	nan	nan	nan	nan	nan	nan
5	c	0	183536	0	nan	41	0	183536	0	0	0	nan	0	0	0	0	0	0	nan	0	0	0	nan	nan	nan	nan	nan	nan
6	c	0	183539	0	nan	41	0	183539	0	0	0	nan	0	0	0	0	0	0	nan	0	0	0	nan	nan	nan	nan	nan	nan
7	u	0	183540	0	nan	41	0	183540	0	0	0	nan	0	0	0	0	0	0	nan	0	0	0	nan	nan	nan	nan	nan	nan
8	c	0	183561	0	nan	41	0	183561	0	0	0	nan	0	0	0	0	0	0	nan	0	0	0	nan	nan	nan	nan	nan	nan
9	a	0	183577	0	nan	41	0	183577	0	0	0	nan	0	0	0	0	0	0	nan	0	0	0	nan	nan	nan	nan	nan	nan
10	u	0	183591	0	nan	41	0	183591	0	0	0	nan	0	0	0	0	0	0	nan	0	0	0	nan	nan	nan	nan	nan	nan
11	a	0	183620	0	nan	41	0	183620	0	0	0	nan	0	0	0	0	0	0	nan	0	0	0	nan	nan	nan	nan	nan	nan
12	a	0	183635	0	nan	41	0	183635	0	0	0	nan	0	0	0	0	0	0	nan	0	0	0	nan	nan	nan	nan	nan	nan
13	c	0	183641	0	nan	41	0	183641	0	0	0	nan	0	0	0	0	0	0	nan	0	0	0	nan	nan	nan	nan	nan	nan
14	a	0	183643	0	nan	41	0	183643	0	0	0	nan	0	0	0	0	0	0	nan	0	0	0	nan	nan	nan	nan	nan	nan
15	u	0	183650	0	nan	41	0	183650	0	0	0	nan	0	0	0	0	0	0	nan	0	0	0	nan	nan	nan	nan	nan	nan
16	a	0	183656	0	nan	41	0	183656	0	0	0	nan	0	0	0	0	0	0	nan	0	0	0	nan	nan	nan	nan	nan	nan
17	a	0	183660	0	nan	41	0	183660	0	0	0	nan	0	0	0	0	0	0	nan	0	0	0	nan	nan	nan	nan	nan	nan
18	c	0	183665	0	nan	41	0	183665	0	0	0	nan	0	0	0	0	0	0	nan	0	0	0	nan	nan	nan	nan	nan	nan
19	U	0	183670	2	0.000000	41	0	183670	0	0	0	nan	0	0	0	0	0	0	nan	0	0	0	0.000000	0.000000	nan	nan	nan	nan
20	A	0	183684	6	0.000000	41	0	183684	0	0	0	nan	0	0	0	0	0	0	nan	0	0	0	0.000000	0.000000	nan	nan	nan	nan
21	A	0	183698	17	0.000000	41	0	183698	0	0	0	nan	0	0	0	0	0	0	nan	0	0	0	0.000000	0.000000	nan	nan	nan	nan
22	G	0	183710	179724	0.000000	41	0	183710	0	0	0	nan	0	0	0	0	0	0	nan	0	0	0	0.000000	0.000000	0.000000	0.000000	nan	nan
23	G	279	183718	170811	0.001633	41	0	183718	0	0	0	nan	0	0	0	0	0	0	nan	0	0	0	0.001633	0.000098	0.001633	0.000098	nan	nan
24	C	1202	183760	178779	0.006723	41	0	183760	0	0	0	nan	0	0	0	0	0	0	nan	0	0	0	0.006723	0.000194	0.006723	0.000194	1.000000	0.028856
25	A	1907	183843	180620	0.010558	41	0	183843	0	0	0	nan	0	0	0	0	0	0	nan	0	0	0	0.010558	0.000242	0.010558	0.000242	0.397972	0.009122
26	G	193	183862	178767	0.001080	41	0	183861	0	0	0	nan	0	0	0	0	0	0	nan	0	0	0	0.001080	0.000078	0.001080	0.000078	nan	nan
27	A	4546	183876	180507	0.025185	41	0	183874	0	0	0	nan	0	0	0	0	0	0	nan	0	0	0	0.025185	0.000374	0.025185	0.000374	0.949321	0.014098
28	U	1095	183888	179595	0.006097	41	0	183886	0	0	0	nan	0	0	0	0	0	0	nan	0	0	0	0.006097	0.000184	0.006097	0.000184	1.055483	0.031853
29	C	8870	183889	179954	0.049290	41	0	183886	0	0	0	nan	0	0	0	0	0	0	nan	0	0	0	0.049290	0.000523	0.049290	0.000523	7.331548	0.077793
30	U	931	183894	179901	0.005175	41	0	183887	0	0	0	nan	0	0	0	0	0	0	nan	0	0	0	0.005175	0.000170	0.005175	0.000170	0.895871	0.029430
31	G	252	183902	177541	0.001419	41	0	183892	0	0	0	nan	0	0	0	0	0	0	nan	0	0	0	0.001419	0.000089	0.001419	0.000089	nan	nan
32	A	1157	183903	180262	0.006418	41	0	183890	0	0	0	nan	0	0	0	0	0	0	nan	0	0	0	0.006418	0.000189	0.006418	0.000189	0.241919	0.007124
33	G	285	183906	172152	0.001656	41	0	183888	0	0	0	nan	0	0	0	0	0	0	nan	0	0	0	0.001656	0.000098	0.001656	0.000098	nan	nan
34	C	1146	183912	176759	0.006483	26	0	183878	0	0	0	nan	0	0	0	0	0	0	nan	0	0	0	0.006483	0.000192	0.006483	0.000192	0.964302	0.028559
35	U	1117	183929	176589	0.006325	26	0	183877	0	0	0	nan	0	0	0	0	0	0	nan	0	0	0	0.006325	0.000189	0.006325	0.000189	1.094954	0.032719
36	U	935	183935	176373	0.005301	26	0	183869	0	0	0	nan	0	0	0	0	0	0	nan	0	0	0	0.005301	0.000173	0.005301	0.000173	0.917684	0.029949
37	C	8054	183957	177463	0.045384	26	0	183767	0	0	0	nan	0	0	0	0	0	0	nan	0	0	0	0.045384	0.000506	0.045384	0.000506	6.750558	0.075264
38	G	256	184001	176008	0.001454	26	0	183819	0	0	0	nan	0	0	0	0	0	0	nan	0	0	0	0.001454	0.000091	0.001454	0.000091	nan	nan
39	G	230	184255	176043	0.001306	24	0	184163	0	0	0	nan	0	0	0	0	0	0	nan	0	0	0	0.001306	0.000086	0.001306	0.000086	nan	nan
40	C	379	184411	182869	0.002073	20	0	184403	0	0	0	nan	0	0	0	0	0	0	nan	0	0	0	0.002073	0.000106	0.002073	0.000106	0.308344	0.015767
41	U	658	184422	183157	0.003593	20	0	184422	0	0	0	nan	0	0	0	0	0	0	nan	0	0	0	0.003593	0.000140	0.003593	0.000140	0.622003	0.024236
42	C	289	184425	183334	0.001576	20	0	184425	0	0	0	nan	0	0	0	0	0	0	nan	0	0	0	0.001576	0.000093	0.001576	0.000093	0.234419	0.013833
43	U	1001	184427	183462	0.005456	19	0	184427	0	0	0	nan	0	0	0	0	0	0	nan	0	0	0	0.005456	0.000172	0.005456	0.000172	0.944517	0.029776
44	C	733	184430	183526	0.003994	19	0	184430	0	0	0	nan	0	0	0	0	0	0	nan	0	0	0	0.003994	0.000148	0.003994	0.000148	0.594080	0.022014
45	U	734	184431	183255	0.004005	19	0	184429	0	0	0	nan	0	0	0	0	0	0	nan	0	0	0	0.004005	0.000148	0.004005	0.000148	0.693326	0.025621
46	G	321	184430	179252	0.001791	19	0	184421	0	0	0	nan	0	0	0	0	0	0	nan	0	0	0	0.001791	0.000100	0.001791	0.000100	nan	nan
47	C	731	184433	182231	0.004011	19	0	184424	0	0	0	nan	0	0	0	0	0	0	nan	0	0	0	0.004011	0.000148	0.004011	0.000148	0.596609	0.022014
48	C	560	184436	181862	0.003079	19	0	184429	0	0	0	nan	0	0	0	0	0	0	nan	0	0	0	0.003079	0.000130	0.003079	0.000130	0.457980	0.019337
49	A	5575	184445	182411	0.030563	19	0	184443	0	0	0	nan	0	0	0	0	0	0	nan	0	0	0	0.030563	0.000409	0.030563	0.000409	1.152038	0.015417
50	A	0	184447	182885	0.000000	19	0	184447	0	0	0	nan	0	0	0	0	0	0	nan	0	0	0	0.000000	0.000000	0.000000	0.000000	0.000000	0.000000
51	U	0	184447	130	0.000000	15	0	184447	0	0	0	nan	0	0	0	0	0	0	nan	0	0	0	0.000000	0.000000	nan	nan	nan	nan
52	C	0	184447	126	0.000000	14	0	184447	0	0	0	nan	0	0	0	0	0	0	nan	0	0	0	0.000000	0.000000	nan	nan	nan	nan
53	C	0	184445	133	0.000000	14	0	184445	0	0	0	nan	0	0	0	0	0	0	nan	0	0	0	0.000000	0.000000	nan	nan	nan	nan
54	a	0	184288	0	nan	14	0	184288	0	0	0	nan	0	0	0	0	0	0	nan	0	0	0	nan	nan	nan	nan	nan	nan
55	c	0	184286	0	nan	14	0	184286	0	0	0	nan	0	0	0	0	0	0	nan	0	0	0	nan	nan	nan	nan	nan	nan
56	u	0	184283	0	nan	14	0	184283	0	0	0	nan	0	0	0	0	0	0	nan	0	0	0	nan	nan	nan	nan	nan	nan
57	a	0	184277	0	nan	14	0	184277	0	0	0	nan	0	0	0	0	0	0	nan	0	0	0	nan	nan	nan	nan	nan	nan
58	a	0	184277	0	nan	14	0	184277	0	0	0	nan	0	0	0	0	0	0	nan	0	0	0	nan	nan	nan	nan	nan	nan
59	c	0	184277	0	nan	6	0	184277	0	0	0	nan	0	0	0	0	0	0	nan	0	0	0	nan	nan	nan	nan	nan	nan
60	c	0	184277	0	nan	6	0	184277	0	0	0	nan	0	0	0	0	0	0	nan	0	0	0	nan	nan	nan	nan	nan	nan
61	u	0	184277	0	nan	0	0	184277	0	0	0	nan	0	0	0	0	0	0	nan	0	0	0	nan	nan	nan	nan	nan	nan
62	c	0	184277	0	nan	0	0	184277	0	0	0	nan	0	0	0	0	0	0	nan	0	0	0	nan	nan	nan	nan	nan	nan
63	a	0	184277	0	nan	0	0	184277	0	0	0	nan	0	0	0	0	0	0	nan	0	0	0	nan	nan	nan	nan	nan	nan
64	c	0	184276	0	nan	0	0	184276	0	0	0	nan	0	0	0	0	0	0	nan	0	0	0	nan	nan	nan	nan	nan	nan
65	u	0	184273	0	nan	0	0	184273	0	0	0	nan	0	0	0	0	0	0	nan	0	0	0	nan	nan	nan	nan	nan	nan
66	c	0	184272	0	nan	0	0	184272	0	0	0	nan	0	0	0	0	0	0	nan	0	0	0	nan	nan	nan	nan	nan	nan
67	a	0	184271	0	nan	0	0	184271	0	0	0	nan	0	0	0	0	0	0	nan	0	0	0	nan	nan	nan	nan	nan	nan
68	c	0	184264	0	nan	0	0	184264	0	0	0	nan	0	0	0	0	0	0	nan	0	0	0	nan	nan	nan	nan	nan	nan
69	a	0	184257	0	nan	0	0	184257	0	0	0	nan	0	0	0	0	0	0	nan	0	0	0	nan	nan	nan	nan	nan	nan
70	a	0	184202	0	nan	0	0	184202	0	0	0	nan	0	0	0	0	0	0	nan	0	0	0	nan	nan	nan	nan	nan	nan
71	u	0	184089	0	nan	0	0	184089	0	0	0	nan	0	0	0	0	0	0	nan	0	0	0	nan	nan	nan	nan	nan	nan
72	c	0	183844	0	nan	0	0	183844	0	0	0	nan	0	0	0	0	0	0	nan	0	0	0	nan	nan	nan	nan	nan	nan