Nucleotide	Sequence	Modified_mutations	Modified_read_depth	Modified_effective_depth	Modified_rate	Modified_off_target_mapped_depth	Modified_low_mapq_mapped_depth	Modified_primer_pair_1_mapped_depth	Untreated_mutations	Untreated_read_depth	Untreated_effective_depth	Untreated_rate	Untreated_off_target_mapped_depth	Untreated_low_mapq_mapped_depth	Untreated_primer_pair_1_mapped_depth	Denatured_mutations	Denatured_read_depth	Denatured_effective_depth	Denatured_rate	Denatured_off_target_mapped_depth	Denatured_low_mapq_mapped_depth	Denatured_primer_pair_1_mapped_depth	Reactivity_profile	Std_err	HQ_profile	HQ_stderr	Norm_profile	Norm_stderr
1	g	0	207402	0	nan	0	3	207402	0	0	0	nan	0	0	0	0	0	0	nan	0	0	0	nan	nan	nan	nan	nan	nan
2	g	0	207577	0	nan	0	3	207577	0	0	0	nan	0	0	0	0	0	0	nan	0	0	0	nan	nan	nan	nan	nan	nan
3	u	0	207666	0	nan	0	3	207666	0	0	0	nan	0	0	0	0	0	0	nan	0	0	0	nan	nan	nan	nan	nan	nan
4	g	0	207700	0	nan	0	3	207700	0	0	0	nan	0	0	0	0	0	0	nan	0	0	0	nan	nan	nan	nan	nan	nan
5	u	0	207714	0	nan	0	3	207714	0	0	0	nan	0	0	0	0	0	0	nan	0	0	0	nan	nan	nan	nan	nan	nan
6	a	0	207714	0	nan	0	3	207714	0	0	0	nan	0	0	0	0	0	0	nan	0	0	0	nan	nan	nan	nan	nan	nan
7	a	0	207715	0	nan	0	3	207715	0	0	0	nan	0	0	0	0	0	0	nan	0	0	0	nan	nan	nan	nan	nan	nan
8	g	0	207717	0	nan	0	3	207717	0	0	0	nan	0	0	0	0	0	0	nan	0	0	0	nan	nan	nan	nan	nan	nan
9	g	0	207723	0	nan	0	3	207723	0	0	0	nan	0	0	0	0	0	0	nan	0	0	0	nan	nan	nan	nan	nan	nan
10	g	0	208719	0	nan	2	3	208719	0	0	0	nan	0	0	0	0	0	0	nan	0	0	0	nan	nan	nan	nan	nan	nan
11	u	0	208736	0	nan	2	3	208736	0	0	0	nan	0	0	0	0	0	0	nan	0	0	0	nan	nan	nan	nan	nan	nan
12	g	0	208756	0	nan	2	3	208756	0	0	0	nan	0	0	0	0	0	0	nan	0	0	0	nan	nan	nan	nan	nan	nan
13	a	0	208757	0	nan	2	3	208757	0	0	0	nan	0	0	0	0	0	0	nan	0	0	0	nan	nan	nan	nan	nan	nan
14	a	0	208757	0	nan	2	3	208757	0	0	0	nan	0	0	0	0	0	0	nan	0	0	0	nan	nan	nan	nan	nan	nan
15	g	0	208757	0	nan	19	3	208757	0	0	0	nan	0	0	0	0	0	0	nan	0	0	0	nan	nan	nan	nan	nan	nan
16	u	0	208757	0	nan	19	3	208757	0	0	0	nan	0	0	0	0	0	0	nan	0	0	0	nan	nan	nan	nan	nan	nan
17	g	0	208759	0	nan	19	3	208759	0	0	0	nan	0	0	0	0	0	0	nan	0	0	0	nan	nan	nan	nan	nan	nan
18	u	0	208762	0	nan	19	3	208762	0	0	0	nan	0	0	0	0	0	0	nan	0	0	0	nan	nan	nan	nan	nan	nan
19	a	0	208764	0	nan	19	3	208764	0	0	0	nan	0	0	0	0	0	0	nan	0	0	0	nan	nan	nan	nan	nan	nan
20	A	0	208772	6	0.000000	19	3	208772	0	0	0	nan	0	0	0	0	0	0	nan	0	0	0	0.000000	0.000000	nan	nan	nan	nan
21	G	0	208777	10	0.000000	19	3	208777	0	0	0	nan	0	0	0	0	0	0	nan	0	0	0	0.000000	0.000000	nan	nan	nan	nan
22	G	0	208782	14	0.000000	19	3	208782	0	0	0	nan	0	0	0	0	0	0	nan	0	0	0	0.000000	0.000000	nan	nan	nan	nan
23	U	0	208785	208499	0.000000	20	3	208785	0	0	0	nan	0	0	0	0	0	0	nan	0	0	0	0.000000	0.000000	0.000000	0.000000	nan	nan
24	U	328	208789	208524	0.001573	20	3	208789	0	0	0	nan	0	0	0	0	0	0	nan	0	0	0	0.001573	0.000087	0.001573	0.000087	nan	nan
25	G	164	208790	207261	0.000791	20	3	208790	0	0	0	nan	0	0	0	0	0	0	nan	0	0	0	0.000791	0.000062	0.000791	0.000062	nan	nan
26	A	1263	208791	208245	0.006065	20	3	208790	0	0	0	nan	0	0	0	0	0	0	nan	0	0	0	0.006065	0.000171	0.006065	0.000171	1.170454	0.033000
27	A	1953	208792	208247	0.009378	20	3	208791	0	0	0	nan	0	0	0	0	0	0	nan	0	0	0	0.009378	0.000212	0.009378	0.000212	1.809813	0.040913
28	C	526	208793	208199	0.002526	20	3	208792	0	0	0	nan	0	0	0	0	0	0	nan	0	0	0	0.002526	0.000110	0.002526	0.000110	1.038545	0.045226
29	U	222	208793	208275	0.001066	20	3	208792	0	0	0	nan	0	0	0	0	0	0	nan	0	0	0	0.001066	0.000072	0.001066	0.000072	nan	nan
30	U	341	208795	208384	0.001636	20	3	208793	0	0	0	nan	0	0	0	0	0	0	nan	0	0	0	0.001636	0.000089	0.001636	0.000089	nan	nan
31	U	368	208797	208437	0.001766	20	3	208787	0	0	0	nan	0	0	0	0	0	0	nan	0	0	0	0.001766	0.000092	0.001766	0.000092	nan	nan
32	U	273	208803	208398	0.001310	20	3	208769	0	0	0	nan	0	0	0	0	0	0	nan	0	0	0	0.001310	0.000079	0.001310	0.000079	nan	nan
33	G	159	208821	207189	0.000767	20	3	208779	0	0	0	nan	0	0	0	0	0	0	nan	0	0	0	0.000767	0.000061	0.000767	0.000061	nan	nan
34	A	707	208824	208169	0.003396	20	3	208778	0	0	0	nan	0	0	0	0	0	0	nan	0	0	0	0.003396	0.000128	0.003396	0.000128	0.655377	0.024702
35	A	344	208824	208105	0.001653	20	3	208777	0	0	0	nan	0	0	0	0	0	0	nan	0	0	0	0.001653	0.000089	0.001653	0.000089	0.319004	0.017176
36	U	192	208824	208033	0.000923	20	3	208777	0	0	0	nan	0	0	0	0	0	0	nan	0	0	0	0.000923	0.000067	0.000923	0.000067	nan	nan
37	A	1085	208825	208002	0.005216	20	3	208781	0	0	0	nan	0	0	0	0	0	0	nan	0	0	0	0.005216	0.000158	0.005216	0.000158	1.006610	0.030492
38	G	221	208845	204282	0.001082	21	3	208829	0	0	0	nan	0	0	0	0	0	0	nan	0	0	0	0.001082	0.000073	0.001082	0.000073	nan	nan
39	U	404	208847	208235	0.001940	21	3	208831	0	0	0	nan	0	0	0	0	0	0	nan	0	0	0	0.001940	0.000097	0.001940	0.000097	nan	nan
40	G	218	208851	207274	0.001052	21	3	208836	0	0	0	nan	0	0	0	0	0	0	nan	0	0	0	0.001052	0.000071	0.001052	0.000071	nan	nan
41	A	1006	208855	208110	0.004834	21	3	208843	0	0	0	nan	0	0	0	0	0	0	nan	0	0	0	0.004834	0.000152	0.004834	0.000152	0.932889	0.029334
42	U	476	208857	208099	0.002287	21	3	208846	0	0	0	nan	0	0	0	0	0	0	nan	0	0	0	0.002287	0.000105	0.002287	0.000105	nan	nan
43	U	396	208859	208258	0.001901	21	3	208849	0	0	0	nan	0	0	0	0	0	0	nan	0	0	0	0.001901	0.000096	0.001901	0.000096	nan	nan
44	C	448	208873	208227	0.002151	21	3	208868	0	0	0	nan	0	0	0	0	0	0	nan	0	0	0	0.002151	0.000102	0.002151	0.000102	0.884366	0.041936
45	A	658	208894	208265	0.003159	21	3	208889	0	0	0	nan	0	0	0	0	0	0	nan	0	0	0	0.003159	0.000123	0.003159	0.000123	0.609640	0.023737
46	G	170	208919	207071	0.000821	21	3	208914	0	0	0	nan	0	0	0	0	0	0	nan	0	0	0	0.000821	0.000063	0.000821	0.000063	nan	nan
47	G	204	208922	206364	0.000989	21	3	208917	0	0	0	nan	0	0	0	0	0	0	nan	0	0	0	0.000989	0.000069	0.000989	0.000069	nan	nan
48	A	1057	208923	208098	0.005079	21	3	208917	0	0	0	nan	0	0	0	0	0	0	nan	0	0	0	0.005079	0.000156	0.005079	0.000156	0.980171	0.030106
49	G	195	208923	207054	0.000942	21	3	208917	0	0	0	nan	0	0	0	0	0	0	nan	0	0	0	0.000942	0.000067	0.000942	0.000067	nan	nan
50	G	226	208922	206622	0.001094	21	3	208917	0	0	0	nan	0	0	0	0	0	0	nan	0	0	0	0.001094	0.000073	0.001094	0.000073	nan	nan
51	U	308	208926	208157	0.001480	21	3	208923	0	0	0	nan	0	0	0	0	0	0	nan	0	0	0	0.001480	0.000084	0.001480	0.000084	nan	nan
52	U	215	208928	208080	0.001033	23	3	208926	0	0	0	nan	0	0	0	0	0	0	nan	0	0	0	0.001033	0.000070	0.001033	0.000070	nan	nan
53	A	599	208928	207826	0.002882	23	3	208926	0	0	0	nan	0	0	0	0	0	0	nan	0	0	0	0.002882	0.000118	0.002882	0.000118	0.556183	0.022772
54	A	337	208792	207282	0.001626	21	3	208785	0	0	0	nan	0	0	0	0	0	0	nan	0	0	0	0.001626	0.000089	0.001626	0.000089	0.313794	0.017176
55	U	316	208795	207135	0.001526	21	3	208788	0	0	0	nan	0	0	0	0	0	0	nan	0	0	0	0.001526	0.000086	0.001526	0.000086	nan	nan
56	G	169	208811	206506	0.000818	21	3	208807	0	0	0	nan	0	0	0	0	0	0	nan	0	0	0	0.000818	0.000063	0.000818	0.000063	nan	nan
57	G	0	208852	206945	0.000000	21	3	208851	0	0	0	nan	0	0	0	0	0	0	nan	0	0	0	0.000000	0.000000	0.000000	0.000000	nan	nan
58	A	0	208860	0	nan	21	3	208860	0	0	0	nan	0	0	0	0	0	0	nan	0	0	0	nan	nan	nan	nan	nan	nan
59	A	0	208860	0	nan	21	3	208860	0	0	0	nan	0	0	0	0	0	0	nan	0	0	0	nan	nan	nan	nan	nan	nan
60	G	0	208860	0	nan	21	3	208860	0	0	0	nan	0	0	0	0	0	0	nan	0	0	0	nan	nan	nan	nan	nan	nan
61	u	0	208860	0	nan	21	3	208860	0	0	0	nan	0	0	0	0	0	0	nan	0	0	0	nan	nan	nan	nan	nan	nan
62	a	0	208860	0	nan	21	3	208860	0	0	0	nan	0	0	0	0	0	0	nan	0	0	0	nan	nan	nan	nan	nan	nan
63	a	0	208860	0	nan	21	3	208860	0	0	0	nan	0	0	0	0	0	0	nan	0	0	0	nan	nan	nan	nan	nan	nan
64	a	0	208860	0	nan	19	3	208860	0	0	0	nan	0	0	0	0	0	0	nan	0	0	0	nan	nan	nan	nan	nan	nan
65	g	0	208860	0	nan	19	3	208860	0	0	0	nan	0	0	0	0	0	0	nan	0	0	0	nan	nan	nan	nan	nan	nan
66	g	0	208860	0	nan	19	3	208860	0	0	0	nan	0	0	0	0	0	0	nan	0	0	0	nan	nan	nan	nan	nan	nan
67	u	0	208860	0	nan	19	3	208860	0	0	0	nan	0	0	0	0	0	0	nan	0	0	0	nan	nan	nan	nan	nan	nan
68	a	0	208860	0	nan	19	3	208860	0	0	0	nan	0	0	0	0	0	0	nan	0	0	0	nan	nan	nan	nan	nan	nan
69	a	0	208860	0	nan	19	3	208860	0	0	0	nan	0	0	0	0	0	0	nan	0	0	0	nan	nan	nan	nan	nan	nan
70	u	0	208860	0	nan	19	3	208860	0	0	0	nan	0	0	0	0	0	0	nan	0	0	0	nan	nan	nan	nan	nan	nan
71	g	0	208860	0	nan	19	3	208860	0	0	0	nan	0	0	0	0	0	0	nan	0	0	0	nan	nan	nan	nan	nan	nan
72	a	0	208860	0	nan	19	3	208860	0	0	0	nan	0	0	0	0	0	0	nan	0	0	0	nan	nan	nan	nan	nan	nan
73	a	0	208860	0	nan	19	3	208860	0	0	0	nan	0	0	0	0	0	0	nan	0	0	0	nan	nan	nan	nan	nan	nan
74	g	0	208860	0	nan	19	3	208860	0	0	0	nan	0	0	0	0	0	0	nan	0	0	0	nan	nan	nan	nan	nan	nan
75	g	0	208860	0	nan	19	3	208860	0	0	0	nan	0	0	0	0	0	0	nan	0	0	0	nan	nan	nan	nan	nan	nan
76	u	0	208853	0	nan	19	3	208853	0	0	0	nan	0	0	0	0	0	0	nan	0	0	0	nan	nan	nan	nan	nan	nan
77	g	0	208851	0	nan	19	3	208851	0	0	0	nan	0	0	0	0	0	0	nan	0	0	0	nan	nan	nan	nan	nan	nan
78	a	0	208847	0	nan	19	3	208847	0	0	0	nan	0	0	0	0	0	0	nan	0	0	0	nan	nan	nan	nan	nan	nan
79	a	0	208804	0	nan	19	3	208804	0	0	0	nan	0	0	0	0	0	0	nan	0	0	0	nan	nan	nan	nan	nan	nan
80	g	0	208721	0	nan	19	3	208721	0	0	0	nan	0	0	0	0	0	0	nan	0	0	0	nan	nan	nan	nan	nan	nan