Nucleotide	Sequence	Modified_mutations	Modified_read_depth	Modified_effective_depth	Modified_rate	Modified_off_target_mapped_depth	Modified_low_mapq_mapped_depth	Modified_primer_pair_1_mapped_depth	Untreated_mutations	Untreated_read_depth	Untreated_effective_depth	Untreated_rate	Untreated_off_target_mapped_depth	Untreated_low_mapq_mapped_depth	Untreated_primer_pair_1_mapped_depth	Denatured_mutations	Denatured_read_depth	Denatured_effective_depth	Denatured_rate	Denatured_off_target_mapped_depth	Denatured_low_mapq_mapped_depth	Denatured_primer_pair_1_mapped_depth	Reactivity_profile	Std_err	HQ_profile	HQ_stderr	Norm_profile	Norm_stderr
1	g	0	5176048	0	nan	9	784	5176048	0	0	0	nan	0	0	0	0	0	0	nan	0	0	0	nan	nan	nan	nan	nan	nan
2	g	0	5287928	0	nan	9	796	5287928	0	0	0	nan	0	0	0	0	0	0	nan	0	0	0	nan	nan	nan	nan	nan	nan
3	u	0	5325326	0	nan	9	805	5325326	0	0	0	nan	0	0	0	0	0	0	nan	0	0	0	nan	nan	nan	nan	nan	nan
4	g	0	5336709	0	nan	9	816	5336709	0	0	0	nan	0	0	0	0	0	0	nan	0	0	0	nan	nan	nan	nan	nan	nan
5	u	0	5343844	0	nan	9	821	5343844	0	0	0	nan	0	0	0	0	0	0	nan	0	0	0	nan	nan	nan	nan	nan	nan
6	a	0	5352851	0	nan	9	826	5352851	0	0	0	nan	0	0	0	0	0	0	nan	0	0	0	nan	nan	nan	nan	nan	nan
7	a	0	5357120	0	nan	9	829	5357120	0	0	0	nan	0	0	0	0	0	0	nan	0	0	0	nan	nan	nan	nan	nan	nan
8	g	0	5359391	0	nan	9	833	5359391	0	0	0	nan	0	0	0	0	0	0	nan	0	0	0	nan	nan	nan	nan	nan	nan
9	g	0	5362450	0	nan	9	836	5362450	0	0	0	nan	0	0	0	0	0	0	nan	0	0	0	nan	nan	nan	nan	nan	nan
10	g	0	5366735	0	nan	9	839	5366735	0	0	0	nan	0	0	0	0	0	0	nan	0	0	0	nan	nan	nan	nan	nan	nan
11	u	0	5374198	0	nan	9	839	5374198	0	0	0	nan	0	0	0	0	0	0	nan	0	0	0	nan	nan	nan	nan	nan	nan
12	g	0	5391698	0	nan	137	858	5391698	0	0	0	nan	0	0	0	0	0	0	nan	0	0	0	nan	nan	nan	nan	nan	nan
13	a	0	5412575	0	nan	149	859	5412575	0	0	0	nan	0	0	0	0	0	0	nan	0	0	0	nan	nan	nan	nan	nan	nan
14	a	0	5437472	0	nan	195	862	5437472	0	0	0	nan	0	0	0	0	0	0	nan	0	0	0	nan	nan	nan	nan	nan	nan
15	g	0	5460426	0	nan	429	862	5460426	0	0	0	nan	0	0	0	0	0	0	nan	0	0	0	nan	nan	nan	nan	nan	nan
16	u	0	5478754	0	nan	431	865	5478754	0	0	0	nan	0	0	0	0	0	0	nan	0	0	0	nan	nan	nan	nan	nan	nan
17	g	0	5486672	0	nan	443	870	5486672	0	0	0	nan	0	0	0	0	0	0	nan	0	0	0	nan	nan	nan	nan	nan	nan
18	u	0	5491362	0	nan	444	875	5491362	0	0	0	nan	0	0	0	0	0	0	nan	0	0	0	nan	nan	nan	nan	nan	nan
19	a	0	5494741	0	nan	444	879	5494741	0	0	0	nan	0	0	0	0	0	0	nan	0	0	0	nan	nan	nan	nan	nan	nan
20	A	0	5496075	282	0.000000	444	879	5496075	0	0	0	nan	0	0	0	0	0	0	nan	0	0	0	0.000000	0.000000	nan	nan	nan	nan
21	G	0	5496680	296	0.000000	444	879	5496680	0	0	0	nan	0	0	0	0	0	0	nan	0	0	0	0.000000	0.000000	nan	nan	nan	nan
22	G	0	5497617	508	0.000000	444	879	5497617	0	0	0	nan	0	0	0	0	0	0	nan	0	0	0	0.000000	0.000000	nan	nan	nan	nan
23	U	0	5499986	4604447	0.000000	444	879	5499986	0	0	0	nan	0	0	0	0	0	0	nan	0	0	0	0.000000	0.000000	0.000000	0.000000	0.000000	0.000000
24	U	11066	5501938	4688307	0.002360	444	880	5501938	0	0	0	nan	0	0	0	0	0	0	nan	0	0	0	0.002360	0.000022	0.002360	0.000022	0.418960	0.003906
25	G	3428	5509553	4785268	0.000716	444	880	5509553	0	0	0	nan	0	0	0	0	0	0	nan	0	0	0	0.000716	0.000012	0.000716	0.000012	0.214419	0.003594
26	A	10401	5524406	5003210	0.002079	444	880	5524350	0	0	0	nan	0	0	0	0	0	0	nan	0	0	0	0.002079	0.000020	0.002079	0.000020	0.968215	0.009314
27	A	13423	5528048	4786473	0.002804	444	880	5527952	0	0	0	nan	0	0	0	0	0	0	nan	0	0	0	0.002804	0.000024	0.002804	0.000024	1.305856	0.011177
28	C	18065	5528762	4565236	0.003957	444	880	5528635	0	0	0	nan	0	0	0	0	0	0	nan	0	0	0	0.003957	0.000029	0.003957	0.000029	1.144220	0.008386
29	U	16547	5530364	4475991	0.003697	444	880	5530233	0	0	0	nan	0	0	0	0	0	0	nan	0	0	0	0.003697	0.000029	0.003697	0.000029	0.656311	0.005148
30	U	7893	5532663	4501800	0.001753	446	880	5532522	0	0	0	nan	0	0	0	0	0	0	nan	0	0	0	0.001753	0.000020	0.001753	0.000020	0.311202	0.003551
31	U	6538	5535510	4416654	0.001480	446	880	5535343	0	0	0	nan	0	0	0	0	0	0	nan	0	0	0	0.001480	0.000018	0.001480	0.000018	0.262737	0.003195
32	U	32248	5538908	4495173	0.007174	446	881	5538719	0	0	0	nan	0	0	0	0	0	0	nan	0	0	0	0.007174	0.000040	0.007174	0.000040	1.273566	0.007101
33	G	3608	5589615	4636713	0.000778	446	881	5589413	0	0	0	nan	0	0	0	0	0	0	nan	0	0	0	0.000778	0.000013	0.000778	0.000013	0.232986	0.003893
34	A	2320	5633513	5208712	0.000445	446	881	5633363	0	0	0	nan	0	0	0	0	0	0	nan	0	0	0	0.000445	0.000009	0.000445	0.000009	0.207242	0.004191
35	A	7933	5650263	5291234	0.001499	446	881	5650124	0	0	0	nan	0	0	0	0	0	0	nan	0	0	0	0.001499	0.000017	0.001499	0.000017	0.698102	0.007917
36	U	3179	5652860	5288544	0.000601	447	881	5652720	0	0	0	nan	0	0	0	0	0	0	nan	0	0	0	0.000601	0.000011	0.000601	0.000011	0.106693	0.001953
37	A	8330	5655724	5019105	0.001660	447	881	5655586	0	0	0	nan	0	0	0	0	0	0	nan	0	0	0	0.001660	0.000018	0.001660	0.000018	0.773082	0.008383
38	G	5103	5656246	4876871	0.001046	452	881	5656111	0	0	0	nan	0	0	0	0	0	0	nan	0	0	0	0.001046	0.000015	0.001046	0.000015	0.313244	0.004492
39	U	6803	5657265	4775713	0.001424	452	881	5657129	0	0	0	nan	0	0	0	0	0	0	nan	0	0	0	0.001424	0.000017	0.001424	0.000017	0.252796	0.003018
40	G	5184	5658977	4873545	0.001064	452	881	5658836	0	0	0	nan	0	0	0	0	0	0	nan	0	0	0	0.001064	0.000015	0.001064	0.000015	0.318634	0.004492
41	A	10482	5664753	4831508	0.002170	452	881	5664609	0	0	0	nan	0	0	0	0	0	0	nan	0	0	0	0.002170	0.000021	0.002170	0.000021	1.010595	0.009780
42	U	23001	5666058	4696788	0.004897	452	881	5665913	0	0	0	nan	0	0	0	0	0	0	nan	0	0	0	0.004897	0.000032	0.004897	0.000032	0.869341	0.005681
43	U	10094	5669526	4637655	0.002177	451	881	5669386	0	0	0	nan	0	0	0	0	0	0	nan	0	0	0	0.002177	0.000022	0.002177	0.000022	0.386473	0.003906
44	C	9221	5678247	4699104	0.001962	450	881	5678107	0	0	0	nan	0	0	0	0	0	0	nan	0	0	0	0.001962	0.000020	0.001962	0.000020	0.567339	0.005783
45	A	7010	5685064	4756368	0.001474	445	881	5684912	0	0	0	nan	0	0	0	0	0	0	nan	0	0	0	0.001474	0.000018	0.001474	0.000018	0.686459	0.008383
46	G	3370	5690306	4657845	0.000724	446	881	5690161	0	0	0	nan	0	0	0	0	0	0	nan	0	0	0	0.000724	0.000012	0.000724	0.000012	0.216815	0.003594
47	G	9645	5704125	4760643	0.002026	443	881	5703989	0	0	0	nan	0	0	0	0	0	0	nan	0	0	0	0.002026	0.000021	0.002026	0.000021	0.606723	0.006289
48	A	2675	5722728	4613512	0.000580	444	881	5722593	0	0	0	nan	0	0	0	0	0	0	nan	0	0	0	0.000580	0.000011	0.000580	0.000011	0.270113	0.005123
49	G	34630	5726642	4757743	0.007279	444	881	5726529	0	0	0	nan	0	0	0	0	0	0	nan	0	0	0	0.007279	0.000039	0.007279	0.000039	2.179831	0.011679
50	G	2388	5741014	4529779	0.000527	442	881	5740935	0	0	0	nan	0	0	0	0	0	0	nan	0	0	0	0.000527	0.000011	0.000527	0.000011	0.157820	0.003294
51	U	26595	5745747	4721104	0.005633	442	881	5745687	0	0	0	nan	0	0	0	0	0	0	nan	0	0	0	0.005633	0.000035	0.005633	0.000035	1.000000	0.006213
52	U	20825	5753820	4747985	0.004386	442	881	5753769	0	0	0	nan	0	0	0	0	0	0	nan	0	0	0	0.004386	0.000030	0.004386	0.000030	0.778626	0.005326
53	A	2400	5762210	5124175	0.000468	441	881	5762164	0	0	0	nan	0	0	0	0	0	0	nan	0	0	0	0.000468	0.000010	0.000468	0.000010	0.217953	0.004657
54	A	2922	5766106	5172161	0.000565	440	881	5766066	0	0	0	nan	0	0	0	0	0	0	nan	0	0	0	0.000565	0.000010	0.000565	0.000010	0.263127	0.004657
55	U	21572	5766903	5029310	0.004289	439	881	5766871	0	0	0	nan	0	0	0	0	0	0	nan	0	0	0	0.004289	0.000029	0.004289	0.000029	0.761406	0.005148
56	G	4275	5768966	4779398	0.000894	437	881	5768941	0	0	0	nan	0	0	0	0	0	0	nan	0	0	0	0.000894	0.000014	0.000894	0.000014	0.267725	0.004193
57	G	0	5770687	4970937	0.000000	436	881	5770674	0	0	0	nan	0	0	0	0	0	0	nan	0	0	0	0.000000	0.000000	0.000000	0.000000	0.000000	0.000000
58	A	0	5772695	58	0.000000	435	881	5772695	0	0	0	nan	0	0	0	0	0	0	nan	0	0	0	0.000000	0.000000	nan	nan	nan	nan
59	A	0	5772644	77	0.000000	435	881	5772644	0	0	0	nan	0	0	0	0	0	0	nan	0	0	0	0.000000	0.000000	nan	nan	nan	nan
60	G	0	5772574	46	0.000000	435	881	5772574	0	0	0	nan	0	0	0	0	0	0	nan	0	0	0	0.000000	0.000000	nan	nan	nan	nan
61	u	0	5772497	0	nan	434	881	5772497	0	0	0	nan	0	0	0	0	0	0	nan	0	0	0	nan	nan	nan	nan	nan	nan
62	a	0	5772338	0	nan	428	880	5772338	0	0	0	nan	0	0	0	0	0	0	nan	0	0	0	nan	nan	nan	nan	nan	nan
63	a	0	5772261	0	nan	428	880	5772261	0	0	0	nan	0	0	0	0	0	0	nan	0	0	0	nan	nan	nan	nan	nan	nan
64	a	0	5772236	0	nan	424	879	5772236	0	0	0	nan	0	0	0	0	0	0	nan	0	0	0	nan	nan	nan	nan	nan	nan
65	g	0	5772216	0	nan	421	876	5772216	0	0	0	nan	0	0	0	0	0	0	nan	0	0	0	nan	nan	nan	nan	nan	nan
66	g	0	5772208	0	nan	419	875	5772208	0	0	0	nan	0	0	0	0	0	0	nan	0	0	0	nan	nan	nan	nan	nan	nan
67	u	0	5772192	0	nan	419	875	5772192	0	0	0	nan	0	0	0	0	0	0	nan	0	0	0	nan	nan	nan	nan	nan	nan
68	a	0	5772176	0	nan	418	875	5772176	0	0	0	nan	0	0	0	0	0	0	nan	0	0	0	nan	nan	nan	nan	nan	nan
69	a	0	5772166	0	nan	417	874	5772166	0	0	0	nan	0	0	0	0	0	0	nan	0	0	0	nan	nan	nan	nan	nan	nan
70	u	0	5772142	0	nan	415	869	5772142	0	0	0	nan	0	0	0	0	0	0	nan	0	0	0	nan	nan	nan	nan	nan	nan
71	g	0	5772067	0	nan	407	862	5772067	0	0	0	nan	0	0	0	0	0	0	nan	0	0	0	nan	nan	nan	nan	nan	nan
72	a	0	5771919	0	nan	393	861	5771919	0	0	0	nan	0	0	0	0	0	0	nan	0	0	0	nan	nan	nan	nan	nan	nan
73	a	0	5771886	0	nan	391	860	5771886	0	0	0	nan	0	0	0	0	0	0	nan	0	0	0	nan	nan	nan	nan	nan	nan
74	g	0	5771842	0	nan	391	850	5771842	0	0	0	nan	0	0	0	0	0	0	nan	0	0	0	nan	nan	nan	nan	nan	nan
75	g	0	5771781	0	nan	386	848	5771781	0	0	0	nan	0	0	0	0	0	0	nan	0	0	0	nan	nan	nan	nan	nan	nan
76	u	0	5771697	0	nan	384	842	5771697	0	0	0	nan	0	0	0	0	0	0	nan	0	0	0	nan	nan	nan	nan	nan	nan
77	g	0	5771588	0	nan	384	838	5771588	0	0	0	nan	0	0	0	0	0	0	nan	0	0	0	nan	nan	nan	nan	nan	nan
78	a	0	5771417	0	nan	357	836	5771417	0	0	0	nan	0	0	0	0	0	0	nan	0	0	0	nan	nan	nan	nan	nan	nan
79	a	0	5767656	0	nan	348	828	5767656	0	0	0	nan	0	0	0	0	0	0	nan	0	0	0	nan	nan	nan	nan	nan	nan
80	g	0	5765158	0	nan	345	791	5765158	0	0	0	nan	0	0	0	0	0	0	nan	0	0	0	nan	nan	nan	nan	nan	nan