Nucleotide	Sequence	Modified_mutations	Modified_read_depth	Modified_effective_depth	Modified_rate	Modified_off_target_mapped_depth	Modified_low_mapq_mapped_depth	Modified_primer_pair_1_mapped_depth	Untreated_mutations	Untreated_read_depth	Untreated_effective_depth	Untreated_rate	Untreated_off_target_mapped_depth	Untreated_low_mapq_mapped_depth	Untreated_primer_pair_1_mapped_depth	Denatured_mutations	Denatured_read_depth	Denatured_effective_depth	Denatured_rate	Denatured_off_target_mapped_depth	Denatured_low_mapq_mapped_depth	Denatured_primer_pair_1_mapped_depth	Reactivity_profile	Std_err	HQ_profile	HQ_stderr	Norm_profile	Norm_stderr
1	g	0	441006	0	nan	0	14	441006	0	0	0	nan	0	0	0	0	0	0	nan	0	0	0	nan	nan	nan	nan	nan	nan
2	g	0	441328	0	nan	0	14	441328	0	0	0	nan	0	0	0	0	0	0	nan	0	0	0	nan	nan	nan	nan	nan	nan
3	u	0	441488	0	nan	0	14	441488	0	0	0	nan	0	0	0	0	0	0	nan	0	0	0	nan	nan	nan	nan	nan	nan
4	g	0	441550	0	nan	0	14	441550	0	0	0	nan	0	0	0	0	0	0	nan	0	0	0	nan	nan	nan	nan	nan	nan
5	u	0	441655	0	nan	0	14	441655	0	0	0	nan	0	0	0	0	0	0	nan	0	0	0	nan	nan	nan	nan	nan	nan
6	a	0	441658	0	nan	0	14	441658	0	0	0	nan	0	0	0	0	0	0	nan	0	0	0	nan	nan	nan	nan	nan	nan
7	a	0	441665	0	nan	0	14	441665	0	0	0	nan	0	0	0	0	0	0	nan	0	0	0	nan	nan	nan	nan	nan	nan
8	g	0	441679	0	nan	0	14	441679	0	0	0	nan	0	0	0	0	0	0	nan	0	0	0	nan	nan	nan	nan	nan	nan
9	g	0	442072	0	nan	0	14	442072	0	0	0	nan	0	0	0	0	0	0	nan	0	0	0	nan	nan	nan	nan	nan	nan
10	g	0	527261	0	nan	0	14	527261	0	0	0	nan	0	0	0	0	0	0	nan	0	0	0	nan	nan	nan	nan	nan	nan
11	u	0	527741	0	nan	0	14	527741	0	0	0	nan	0	0	0	0	0	0	nan	0	0	0	nan	nan	nan	nan	nan	nan
12	g	0	528184	0	nan	0	14	528184	0	0	0	nan	0	0	0	0	0	0	nan	0	0	0	nan	nan	nan	nan	nan	nan
13	a	0	528236	0	nan	0	14	528236	0	0	0	nan	0	0	0	0	0	0	nan	0	0	0	nan	nan	nan	nan	nan	nan
14	a	0	528239	0	nan	0	14	528239	0	0	0	nan	0	0	0	0	0	0	nan	0	0	0	nan	nan	nan	nan	nan	nan
15	g	0	528240	0	nan	1	14	528240	0	0	0	nan	0	0	0	0	0	0	nan	0	0	0	nan	nan	nan	nan	nan	nan
16	u	0	528265	0	nan	1	14	528265	0	0	0	nan	0	0	0	0	0	0	nan	0	0	0	nan	nan	nan	nan	nan	nan
17	g	0	528298	0	nan	1	14	528298	0	0	0	nan	0	0	0	0	0	0	nan	0	0	0	nan	nan	nan	nan	nan	nan
18	u	0	528375	0	nan	1	14	528375	0	0	0	nan	0	0	0	0	0	0	nan	0	0	0	nan	nan	nan	nan	nan	nan
19	a	0	528530	0	nan	1	14	528530	0	0	0	nan	0	0	0	0	0	0	nan	0	0	0	nan	nan	nan	nan	nan	nan
20	A	0	528774	239	0.000000	1	14	528774	0	0	0	nan	0	0	0	0	0	0	nan	0	0	0	0.000000	0.000000	nan	nan	nan	nan
21	G	0	529033	487	0.000000	2	14	529033	0	0	0	nan	0	0	0	0	0	0	nan	0	0	0	0.000000	0.000000	nan	nan	nan	nan
22	G	0	529276	718	0.000000	2	14	529276	0	0	0	nan	0	0	0	0	0	0	nan	0	0	0	0.000000	0.000000	nan	nan	nan	nan
23	U	0	529290	528219	0.000000	2	14	529290	0	0	0	nan	0	0	0	0	0	0	nan	0	0	0	0.000000	0.000000	0.000000	0.000000	nan	nan
24	U	207	529293	527954	0.000392	2	14	529293	0	0	0	nan	0	0	0	0	0	0	nan	0	0	0	0.000392	0.000027	0.000392	0.000027	nan	nan
25	G	121	529293	527656	0.000229	2	14	529293	0	0	0	nan	0	0	0	0	0	0	nan	0	0	0	0.000229	0.000021	0.000229	0.000021	nan	nan
26	A	95	529293	521363	0.000182	2	14	529293	0	0	0	nan	0	0	0	0	0	0	nan	0	0	0	0.000182	0.000019	0.000182	0.000019	0.000389	0.000041
27	A	243623	529295	520099	0.468417	2	14	529295	0	0	0	nan	0	0	0	0	0	0	nan	0	0	0	0.468417	0.000949	0.468417	0.000949	1.000000	0.002026
28	C	314	529299	519836	0.000604	2	14	529299	0	0	0	nan	0	0	0	0	0	0	nan	0	0	0	0.000604	0.000034	0.000604	0.000034	nan	nan
29	U	351	529305	525779	0.000668	2	14	529305	0	0	0	nan	0	0	0	0	0	0	nan	0	0	0	0.000668	0.000036	0.000668	0.000036	nan	nan
30	U	464	529325	526374	0.000882	2	14	529325	0	0	0	nan	0	0	0	0	0	0	nan	0	0	0	0.000882	0.000041	0.000882	0.000041	nan	nan
31	U	565	529353	527391	0.001071	2	14	529352	0	0	0	nan	0	0	0	0	0	0	nan	0	0	0	0.001071	0.000045	0.001071	0.000045	nan	nan
32	U	338	529427	528293	0.000640	2	14	529426	0	0	0	nan	0	0	0	0	0	0	nan	0	0	0	0.000640	0.000035	0.000640	0.000035	nan	nan
33	G	114	529512	528451	0.000216	2	14	529512	0	0	0	nan	0	0	0	0	0	0	nan	0	0	0	0.000216	0.000020	0.000216	0.000020	nan	nan
34	A	202	529556	528821	0.000382	2	14	529556	0	0	0	nan	0	0	0	0	0	0	nan	0	0	0	0.000382	0.000027	0.000382	0.000027	0.000816	0.000058
35	A	196	529558	528326	0.000371	2	14	529558	0	0	0	nan	0	0	0	0	0	0	nan	0	0	0	0.000371	0.000026	0.000371	0.000026	0.000792	0.000056
36	U	320	529558	528271	0.000606	2	14	529558	0	0	0	nan	0	0	0	0	0	0	nan	0	0	0	0.000606	0.000034	0.000606	0.000034	nan	nan
37	A	291	529560	528366	0.000551	2	14	529559	0	0	0	nan	0	0	0	0	0	0	nan	0	0	0	0.000551	0.000032	0.000551	0.000032	0.001176	0.000068
38	G	287	529562	527934	0.000544	2	14	529561	0	0	0	nan	0	0	0	0	0	0	nan	0	0	0	0.000544	0.000032	0.000544	0.000032	nan	nan
39	U	418	529563	528518	0.000791	2	14	529562	0	0	0	nan	0	0	0	0	0	0	nan	0	0	0	0.000791	0.000039	0.000791	0.000039	nan	nan
40	G	398	529569	528115	0.000754	2	14	529568	0	0	0	nan	0	0	0	0	0	0	nan	0	0	0	0.000754	0.000038	0.000754	0.000038	nan	nan
41	A	383	529569	528304	0.000725	2	14	529568	0	0	0	nan	0	0	0	0	0	0	nan	0	0	0	0.000725	0.000037	0.000725	0.000037	0.001548	0.000079
42	U	774	529576	527699	0.001467	2	14	529574	0	0	0	nan	0	0	0	0	0	0	nan	0	0	0	0.001467	0.000053	0.001467	0.000053	nan	nan
43	U	540	529578	527719	0.001023	2	14	529577	0	0	0	nan	0	0	0	0	0	0	nan	0	0	0	0.001023	0.000044	0.001023	0.000044	nan	nan
44	C	639	529589	528014	0.001210	2	15	529589	0	0	0	nan	0	0	0	0	0	0	nan	0	0	0	0.001210	0.000048	0.001210	0.000048	nan	nan
45	A	357	529594	528591	0.000675	2	15	529593	0	0	0	nan	0	0	0	0	0	0	nan	0	0	0	0.000675	0.000036	0.000675	0.000036	0.001441	0.000077
46	G	298	529607	528587	0.000564	2	15	529607	0	0	0	nan	0	0	0	0	0	0	nan	0	0	0	0.000564	0.000033	0.000564	0.000033	nan	nan
47	G	295	529612	528831	0.000558	2	15	529612	0	0	0	nan	0	0	0	0	0	0	nan	0	0	0	0.000558	0.000032	0.000558	0.000032	nan	nan
48	A	220	529612	528933	0.000416	2	15	529611	0	0	0	nan	0	0	0	0	0	0	nan	0	0	0	0.000416	0.000028	0.000416	0.000028	0.000888	0.000060
49	G	246	529620	528770	0.000465	2	15	529619	0	0	0	nan	0	0	0	0	0	0	nan	0	0	0	0.000465	0.000030	0.000465	0.000030	nan	nan
50	G	264	529624	528482	0.000500	2	15	529623	0	0	0	nan	0	0	0	0	0	0	nan	0	0	0	0.000500	0.000031	0.000500	0.000031	nan	nan
51	U	411	529626	528302	0.000778	2	15	529626	0	0	0	nan	0	0	0	0	0	0	nan	0	0	0	0.000778	0.000038	0.000778	0.000038	nan	nan
52	U	411	529628	528211	0.000778	2	15	529628	0	0	0	nan	0	0	0	0	0	0	nan	0	0	0	0.000778	0.000038	0.000778	0.000038	nan	nan
53	A	185	529627	528378	0.000350	2	15	529627	0	0	0	nan	0	0	0	0	0	0	nan	0	0	0	0.000350	0.000026	0.000350	0.000026	0.000747	0.000056
54	A	188	529452	527793	0.000356	2	15	529449	0	0	0	nan	0	0	0	0	0	0	nan	0	0	0	0.000356	0.000026	0.000356	0.000026	0.000760	0.000056
55	U	613	529452	527648	0.001162	2	15	529449	0	0	0	nan	0	0	0	0	0	0	nan	0	0	0	0.001162	0.000047	0.001162	0.000047	nan	nan
56	G	378	529455	527700	0.000716	1	15	529454	0	0	0	nan	0	0	0	0	0	0	nan	0	0	0	0.000716	0.000037	0.000716	0.000037	nan	nan
57	G	0	529457	527889	0.000000	1	15	529457	0	0	0	nan	0	0	0	0	0	0	nan	0	0	0	0.000000	0.000000	0.000000	0.000000	nan	nan
58	A	0	529459	0	nan	1	15	529459	0	0	0	nan	0	0	0	0	0	0	nan	0	0	0	nan	nan	nan	nan	nan	nan
59	A	0	529459	0	nan	1	15	529459	0	0	0	nan	0	0	0	0	0	0	nan	0	0	0	nan	nan	nan	nan	nan	nan
60	G	0	529459	0	nan	1	15	529459	0	0	0	nan	0	0	0	0	0	0	nan	0	0	0	nan	nan	nan	nan	nan	nan
61	u	0	529459	0	nan	1	15	529459	0	0	0	nan	0	0	0	0	0	0	nan	0	0	0	nan	nan	nan	nan	nan	nan
62	a	0	529459	0	nan	1	15	529459	0	0	0	nan	0	0	0	0	0	0	nan	0	0	0	nan	nan	nan	nan	nan	nan
63	a	0	529459	0	nan	1	15	529459	0	0	0	nan	0	0	0	0	0	0	nan	0	0	0	nan	nan	nan	nan	nan	nan
64	a	0	529459	0	nan	1	15	529459	0	0	0	nan	0	0	0	0	0	0	nan	0	0	0	nan	nan	nan	nan	nan	nan
65	g	0	529459	0	nan	1	15	529459	0	0	0	nan	0	0	0	0	0	0	nan	0	0	0	nan	nan	nan	nan	nan	nan
66	g	0	529459	0	nan	1	15	529459	0	0	0	nan	0	0	0	0	0	0	nan	0	0	0	nan	nan	nan	nan	nan	nan
67	u	0	529459	0	nan	1	15	529459	0	0	0	nan	0	0	0	0	0	0	nan	0	0	0	nan	nan	nan	nan	nan	nan
68	a	0	529459	0	nan	1	15	529459	0	0	0	nan	0	0	0	0	0	0	nan	0	0	0	nan	nan	nan	nan	nan	nan
69	a	0	529459	0	nan	1	15	529459	0	0	0	nan	0	0	0	0	0	0	nan	0	0	0	nan	nan	nan	nan	nan	nan
70	u	0	529459	0	nan	1	15	529459	0	0	0	nan	0	0	0	0	0	0	nan	0	0	0	nan	nan	nan	nan	nan	nan
71	g	0	529459	0	nan	1	15	529459	0	0	0	nan	0	0	0	0	0	0	nan	0	0	0	nan	nan	nan	nan	nan	nan
72	a	0	529458	0	nan	1	15	529458	0	0	0	nan	0	0	0	0	0	0	nan	0	0	0	nan	nan	nan	nan	nan	nan
73	a	0	529458	0	nan	1	15	529458	0	0	0	nan	0	0	0	0	0	0	nan	0	0	0	nan	nan	nan	nan	nan	nan
74	g	0	529458	0	nan	1	15	529458	0	0	0	nan	0	0	0	0	0	0	nan	0	0	0	nan	nan	nan	nan	nan	nan
75	g	0	529455	0	nan	1	15	529455	0	0	0	nan	0	0	0	0	0	0	nan	0	0	0	nan	nan	nan	nan	nan	nan
76	u	0	529452	0	nan	1	15	529452	0	0	0	nan	0	0	0	0	0	0	nan	0	0	0	nan	nan	nan	nan	nan	nan
77	g	0	529448	0	nan	1	15	529448	0	0	0	nan	0	0	0	0	0	0	nan	0	0	0	nan	nan	nan	nan	nan	nan
78	a	0	529444	0	nan	1	15	529444	0	0	0	nan	0	0	0	0	0	0	nan	0	0	0	nan	nan	nan	nan	nan	nan
79	a	0	529338	0	nan	1	15	529338	0	0	0	nan	0	0	0	0	0	0	nan	0	0	0	nan	nan	nan	nan	nan	nan
80	g	0	529104	0	nan	1	15	529104	0	0	0	nan	0	0	0	0	0	0	nan	0	0	0	nan	nan	nan	nan	nan	nan