Nucleotide	Sequence	Modified_mutations	Modified_read_depth	Modified_effective_depth	Modified_rate	Modified_off_target_mapped_depth	Modified_low_mapq_mapped_depth	Modified_primer_pair_1_mapped_depth	Untreated_mutations	Untreated_read_depth	Untreated_effective_depth	Untreated_rate	Untreated_off_target_mapped_depth	Untreated_low_mapq_mapped_depth	Untreated_primer_pair_1_mapped_depth	Denatured_mutations	Denatured_read_depth	Denatured_effective_depth	Denatured_rate	Denatured_off_target_mapped_depth	Denatured_low_mapq_mapped_depth	Denatured_primer_pair_1_mapped_depth	Reactivity_profile	Std_err	HQ_profile	HQ_stderr	Norm_profile	Norm_stderr
1	g	0	156028	0	nan	0	0	156028	0	0	0	nan	0	0	0	0	0	0	nan	0	0	0	nan	nan	nan	nan	nan	nan
2	g	0	156167	0	nan	0	0	156167	0	0	0	nan	0	0	0	0	0	0	nan	0	0	0	nan	nan	nan	nan	nan	nan
3	u	0	156267	0	nan	0	0	156267	0	0	0	nan	0	0	0	0	0	0	nan	0	0	0	nan	nan	nan	nan	nan	nan
4	g	0	156275	0	nan	0	0	156275	0	0	0	nan	0	0	0	0	0	0	nan	0	0	0	nan	nan	nan	nan	nan	nan
5	u	0	156282	0	nan	0	0	156282	0	0	0	nan	0	0	0	0	0	0	nan	0	0	0	nan	nan	nan	nan	nan	nan
6	a	0	156282	0	nan	0	0	156282	0	0	0	nan	0	0	0	0	0	0	nan	0	0	0	nan	nan	nan	nan	nan	nan
7	a	0	156282	0	nan	0	0	156282	0	0	0	nan	0	0	0	0	0	0	nan	0	0	0	nan	nan	nan	nan	nan	nan
8	g	0	156282	0	nan	0	0	156282	0	0	0	nan	0	0	0	0	0	0	nan	0	0	0	nan	nan	nan	nan	nan	nan
9	g	0	156288	0	nan	0	0	156288	0	0	0	nan	0	0	0	0	0	0	nan	0	0	0	nan	nan	nan	nan	nan	nan
10	g	0	157137	0	nan	0	0	157137	0	0	0	nan	0	0	0	0	0	0	nan	0	0	0	nan	nan	nan	nan	nan	nan
11	u	0	157147	0	nan	0	0	157147	0	0	0	nan	0	0	0	0	0	0	nan	0	0	0	nan	nan	nan	nan	nan	nan
12	g	0	157158	0	nan	0	0	157158	0	0	0	nan	0	0	0	0	0	0	nan	0	0	0	nan	nan	nan	nan	nan	nan
13	a	0	157158	0	nan	0	0	157158	0	0	0	nan	0	0	0	0	0	0	nan	0	0	0	nan	nan	nan	nan	nan	nan
14	a	0	157159	0	nan	0	0	157159	0	0	0	nan	0	0	0	0	0	0	nan	0	0	0	nan	nan	nan	nan	nan	nan
15	g	0	157160	0	nan	11	0	157160	0	0	0	nan	0	0	0	0	0	0	nan	0	0	0	nan	nan	nan	nan	nan	nan
16	u	0	157162	0	nan	11	0	157162	0	0	0	nan	0	0	0	0	0	0	nan	0	0	0	nan	nan	nan	nan	nan	nan
17	g	0	157164	0	nan	11	0	157164	0	0	0	nan	0	0	0	0	0	0	nan	0	0	0	nan	nan	nan	nan	nan	nan
18	u	0	157164	0	nan	11	0	157164	0	0	0	nan	0	0	0	0	0	0	nan	0	0	0	nan	nan	nan	nan	nan	nan
19	a	0	157165	0	nan	11	0	157165	0	0	0	nan	0	0	0	0	0	0	nan	0	0	0	nan	nan	nan	nan	nan	nan
20	A	0	157167	2	0.000000	11	0	157167	0	0	0	nan	0	0	0	0	0	0	nan	0	0	0	0.000000	0.000000	nan	nan	nan	nan
21	G	0	157174	6	0.000000	11	0	157174	0	0	0	nan	0	0	0	0	0	0	nan	0	0	0	0.000000	0.000000	nan	nan	nan	nan
22	G	0	157180	10	0.000000	11	0	157180	0	0	0	nan	0	0	0	0	0	0	nan	0	0	0	0.000000	0.000000	nan	nan	nan	nan
23	U	0	157188	157006	0.000000	11	0	157188	0	0	0	nan	0	0	0	0	0	0	nan	0	0	0	0.000000	0.000000	0.000000	0.000000	0.000000	0.000000
24	U	262	157193	156981	0.001669	11	0	157193	0	0	0	nan	0	0	0	0	0	0	nan	0	0	0	0.001669	0.000103	0.001669	0.000103	0.591425	0.036499
25	G	72	157194	156600	0.000460	11	0	157194	0	0	0	nan	0	0	0	0	0	0	nan	0	0	0	0.000460	0.000054	0.000460	0.000054	nan	nan
26	A	1119	157195	156791	0.007137	11	0	157195	0	0	0	nan	0	0	0	0	0	0	nan	0	0	0	0.007137	0.000213	0.007137	0.000213	0.984176	0.029372
27	A	980	157195	156768	0.006251	11	0	157195	0	0	0	nan	0	0	0	0	0	0	nan	0	0	0	0.006251	0.000200	0.006251	0.000200	0.861999	0.027580
28	C	1435	157196	156647	0.009161	11	0	157196	0	0	0	nan	0	0	0	0	0	0	nan	0	0	0	0.009161	0.000242	0.009161	0.000242	0.973384	0.025713
29	U	270	157196	156770	0.001722	11	0	157195	0	0	0	nan	0	0	0	0	0	0	nan	0	0	0	0.001722	0.000105	0.001722	0.000105	0.610206	0.037208
30	U	309	157197	156873	0.001970	11	0	157195	0	0	0	nan	0	0	0	0	0	0	nan	0	0	0	0.001970	0.000112	0.001970	0.000112	0.698086	0.039688
31	U	446	157197	156920	0.002842	11	0	157191	0	0	0	nan	0	0	0	0	0	0	nan	0	0	0	0.002842	0.000135	0.002842	0.000135	1.007087	0.047838
32	U	242	157198	156884	0.001543	11	0	157171	0	0	0	nan	0	0	0	0	0	0	nan	0	0	0	0.001543	0.000099	0.001543	0.000099	0.546775	0.035082
33	G	137	157204	156483	0.000875	11	0	157173	0	0	0	nan	0	0	0	0	0	0	nan	0	0	0	0.000875	0.000075	0.000875	0.000075	nan	nan
34	A	1026	157208	156738	0.006546	11	0	157173	0	0	0	nan	0	0	0	0	0	0	nan	0	0	0	0.006546	0.000204	0.006546	0.000204	0.902679	0.028131
35	A	933	157207	156678	0.005955	11	0	157172	0	0	0	nan	0	0	0	0	0	0	nan	0	0	0	0.005955	0.000195	0.005955	0.000195	0.821181	0.026890
36	U	243	157207	156614	0.001552	11	0	157172	0	0	0	nan	0	0	0	0	0	0	nan	0	0	0	0.001552	0.000100	0.001552	0.000100	0.549965	0.035436
37	A	1069	157208	156652	0.006824	11	0	157176	0	0	0	nan	0	0	0	0	0	0	nan	0	0	0	0.006824	0.000209	0.006824	0.000209	0.941014	0.028821
38	G	93	157224	156208	0.000595	11	0	157207	0	0	0	nan	0	0	0	0	0	0	nan	0	0	0	0.000595	0.000062	0.000595	0.000062	nan	nan
39	U	362	157225	156856	0.002308	11	0	157208	0	0	0	nan	0	0	0	0	0	0	nan	0	0	0	0.002308	0.000121	0.002308	0.000121	0.817860	0.042877
40	G	165	157228	156521	0.001054	11	0	157212	0	0	0	nan	0	0	0	0	0	0	nan	0	0	0	0.001054	0.000082	0.001054	0.000082	nan	nan
41	A	1269	157230	156673	0.008100	11	0	157216	0	0	0	nan	0	0	0	0	0	0	nan	0	0	0	0.008100	0.000227	0.008100	0.000227	1.116972	0.031303
42	U	442	157232	156639	0.002822	11	0	157223	0	0	0	nan	0	0	0	0	0	0	nan	0	0	0	0.002822	0.000134	0.002822	0.000134	1.000000	0.047484
43	U	409	157237	156731	0.002610	11	0	157228	0	0	0	nan	0	0	0	0	0	0	nan	0	0	0	0.002610	0.000129	0.002610	0.000129	0.924876	0.045712
44	C	1488	157249	156707	0.009495	11	0	157240	0	0	0	nan	0	0	0	0	0	0	nan	0	0	0	0.009495	0.000246	0.009495	0.000246	1.008872	0.026138
45	A	1143	157260	156793	0.007290	11	0	157256	0	0	0	nan	0	0	0	0	0	0	nan	0	0	0	0.007290	0.000216	0.007290	0.000216	1.005275	0.029786
46	G	162	157270	156477	0.001035	11	0	157267	0	0	0	nan	0	0	0	0	0	0	nan	0	0	0	0.001035	0.000081	0.001035	0.000081	nan	nan
47	G	112	157275	156536	0.000715	11	0	157272	0	0	0	nan	0	0	0	0	0	0	nan	0	0	0	0.000715	0.000068	0.000715	0.000068	nan	nan
48	A	1186	157276	156830	0.007562	11	0	157273	0	0	0	nan	0	0	0	0	0	0	nan	0	0	0	0.007562	0.000220	0.007562	0.000220	1.042783	0.030338
49	G	120	157276	156598	0.000766	11	0	157273	0	0	0	nan	0	0	0	0	0	0	nan	0	0	0	0.000766	0.000070	0.000766	0.000070	nan	nan
50	G	140	157278	156650	0.000894	11	0	157276	0	0	0	nan	0	0	0	0	0	0	nan	0	0	0	0.000894	0.000076	0.000894	0.000076	nan	nan
51	U	339	157283	156745	0.002163	11	0	157281	0	0	0	nan	0	0	0	0	0	0	nan	0	0	0	0.002163	0.000117	0.002163	0.000117	0.766478	0.041460
52	U	216	157283	156672	0.001379	11	0	157282	0	0	0	nan	0	0	0	0	0	0	nan	0	0	0	0.001379	0.000094	0.001379	0.000094	0.488661	0.033310
53	A	971	157284	156349	0.006210	11	0	157283	0	0	0	nan	0	0	0	0	0	0	nan	0	0	0	0.006210	0.000199	0.006210	0.000199	0.856345	0.027442
54	A	831	157183	156095	0.005324	11	0	157173	0	0	0	nan	0	0	0	0	0	0	nan	0	0	0	0.005324	0.000185	0.005324	0.000185	0.734168	0.025511
55	U	313	157186	156019	0.002006	11	0	157179	0	0	0	nan	0	0	0	0	0	0	nan	0	0	0	0.002006	0.000113	0.002006	0.000113	0.710843	0.040043
56	G	211	157191	155914	0.001353	11	0	157184	0	0	0	nan	0	0	0	0	0	0	nan	0	0	0	0.001353	0.000093	0.001353	0.000093	nan	nan
57	G	0	157211	155942	0.000000	11	0	157209	0	0	0	nan	0	0	0	0	0	0	nan	0	0	0	0.000000	0.000000	0.000000	0.000000	nan	nan
58	A	0	157220	0	nan	11	0	157220	0	0	0	nan	0	0	0	0	0	0	nan	0	0	0	nan	nan	nan	nan	nan	nan
59	A	0	157220	0	nan	11	0	157220	0	0	0	nan	0	0	0	0	0	0	nan	0	0	0	nan	nan	nan	nan	nan	nan
60	G	0	157220	0	nan	11	0	157220	0	0	0	nan	0	0	0	0	0	0	nan	0	0	0	nan	nan	nan	nan	nan	nan
61	u	0	157220	0	nan	11	0	157220	0	0	0	nan	0	0	0	0	0	0	nan	0	0	0	nan	nan	nan	nan	nan	nan
62	a	0	157220	0	nan	11	0	157220	0	0	0	nan	0	0	0	0	0	0	nan	0	0	0	nan	nan	nan	nan	nan	nan
63	a	0	157220	0	nan	11	0	157220	0	0	0	nan	0	0	0	0	0	0	nan	0	0	0	nan	nan	nan	nan	nan	nan
64	a	0	157220	0	nan	11	0	157220	0	0	0	nan	0	0	0	0	0	0	nan	0	0	0	nan	nan	nan	nan	nan	nan
65	g	0	157220	0	nan	11	0	157220	0	0	0	nan	0	0	0	0	0	0	nan	0	0	0	nan	nan	nan	nan	nan	nan
66	g	0	157220	0	nan	11	0	157220	0	0	0	nan	0	0	0	0	0	0	nan	0	0	0	nan	nan	nan	nan	nan	nan
67	u	0	157220	0	nan	11	0	157220	0	0	0	nan	0	0	0	0	0	0	nan	0	0	0	nan	nan	nan	nan	nan	nan
68	a	0	157220	0	nan	11	0	157220	0	0	0	nan	0	0	0	0	0	0	nan	0	0	0	nan	nan	nan	nan	nan	nan
69	a	0	157220	0	nan	11	0	157220	0	0	0	nan	0	0	0	0	0	0	nan	0	0	0	nan	nan	nan	nan	nan	nan
70	u	0	157220	0	nan	11	0	157220	0	0	0	nan	0	0	0	0	0	0	nan	0	0	0	nan	nan	nan	nan	nan	nan
71	g	0	157220	0	nan	11	0	157220	0	0	0	nan	0	0	0	0	0	0	nan	0	0	0	nan	nan	nan	nan	nan	nan
72	a	0	157220	0	nan	11	0	157220	0	0	0	nan	0	0	0	0	0	0	nan	0	0	0	nan	nan	nan	nan	nan	nan
73	a	0	157220	0	nan	11	0	157220	0	0	0	nan	0	0	0	0	0	0	nan	0	0	0	nan	nan	nan	nan	nan	nan
74	g	0	157219	0	nan	11	0	157219	0	0	0	nan	0	0	0	0	0	0	nan	0	0	0	nan	nan	nan	nan	nan	nan
75	g	0	157219	0	nan	11	0	157219	0	0	0	nan	0	0	0	0	0	0	nan	0	0	0	nan	nan	nan	nan	nan	nan
76	u	0	157206	0	nan	11	0	157206	0	0	0	nan	0	0	0	0	0	0	nan	0	0	0	nan	nan	nan	nan	nan	nan
77	g	0	157201	0	nan	11	0	157201	0	0	0	nan	0	0	0	0	0	0	nan	0	0	0	nan	nan	nan	nan	nan	nan
78	a	0	157196	0	nan	11	0	157196	0	0	0	nan	0	0	0	0	0	0	nan	0	0	0	nan	nan	nan	nan	nan	nan
79	a	0	157166	0	nan	11	0	157166	0	0	0	nan	0	0	0	0	0	0	nan	0	0	0	nan	nan	nan	nan	nan	nan
80	g	0	157075	0	nan	11	0	157075	0	0	0	nan	0	0	0	0	0	0	nan	0	0	0	nan	nan	nan	nan	nan	nan