Nucleotide	Sequence	Modified_mutations	Modified_read_depth	Modified_effective_depth	Modified_rate	Modified_off_target_mapped_depth	Modified_low_mapq_mapped_depth	Modified_primer_pair_1_mapped_depth	Untreated_mutations	Untreated_read_depth	Untreated_effective_depth	Untreated_rate	Untreated_off_target_mapped_depth	Untreated_low_mapq_mapped_depth	Untreated_primer_pair_1_mapped_depth	Denatured_mutations	Denatured_read_depth	Denatured_effective_depth	Denatured_rate	Denatured_off_target_mapped_depth	Denatured_low_mapq_mapped_depth	Denatured_primer_pair_1_mapped_depth	Reactivity_profile	Std_err	HQ_profile	HQ_stderr	Norm_profile	Norm_stderr
1	g	0	6696270	0	nan	81	1348	6696270	0	0	0	nan	0	0	0	0	0	0	nan	0	0	0	nan	nan	nan	nan	nan	nan
2	g	0	6768103	0	nan	83	1361	6768103	0	0	0	nan	0	0	0	0	0	0	nan	0	0	0	nan	nan	nan	nan	nan	nan
3	u	0	6778373	0	nan	83	1373	6778373	0	0	0	nan	0	0	0	0	0	0	nan	0	0	0	nan	nan	nan	nan	nan	nan
4	g	0	6784894	0	nan	83	1392	6784894	0	0	0	nan	0	0	0	0	0	0	nan	0	0	0	nan	nan	nan	nan	nan	nan
5	u	0	6796601	0	nan	83	1398	6796601	0	0	0	nan	0	0	0	0	0	0	nan	0	0	0	nan	nan	nan	nan	nan	nan
6	a	0	6801542	0	nan	84	1443	6801542	0	0	0	nan	0	0	0	0	0	0	nan	0	0	0	nan	nan	nan	nan	nan	nan
7	a	0	6802575	0	nan	84	1446	6802575	0	0	0	nan	0	0	0	0	0	0	nan	0	0	0	nan	nan	nan	nan	nan	nan
8	g	0	6803219	0	nan	84	1446	6803219	0	0	0	nan	0	0	0	0	0	0	nan	0	0	0	nan	nan	nan	nan	nan	nan
9	g	0	6803961	0	nan	84	1449	6803961	0	0	0	nan	0	0	0	0	0	0	nan	0	0	0	nan	nan	nan	nan	nan	nan
10	g	0	6805591	0	nan	84	1475	6805591	0	0	0	nan	0	0	0	0	0	0	nan	0	0	0	nan	nan	nan	nan	nan	nan
11	u	0	6809022	0	nan	84	1481	6809022	0	0	0	nan	0	0	0	0	0	0	nan	0	0	0	nan	nan	nan	nan	nan	nan
12	g	0	6823335	0	nan	112	1589	6823335	0	0	0	nan	0	0	0	0	0	0	nan	0	0	0	nan	nan	nan	nan	nan	nan
13	a	0	6836708	0	nan	118	1605	6836708	0	0	0	nan	0	0	0	0	0	0	nan	0	0	0	nan	nan	nan	nan	nan	nan
14	a	0	6843519	0	nan	137	1605	6843519	0	0	0	nan	0	0	0	0	0	0	nan	0	0	0	nan	nan	nan	nan	nan	nan
15	g	0	6846840	0	nan	347	1606	6846840	0	0	0	nan	0	0	0	0	0	0	nan	0	0	0	nan	nan	nan	nan	nan	nan
16	u	0	6850797	0	nan	347	1607	6850797	0	0	0	nan	0	0	0	0	0	0	nan	0	0	0	nan	nan	nan	nan	nan	nan
17	g	0	6852235	0	nan	347	1646	6852235	0	0	0	nan	0	0	0	0	0	0	nan	0	0	0	nan	nan	nan	nan	nan	nan
18	u	0	6853515	0	nan	347	1656	6853515	0	0	0	nan	0	0	0	0	0	0	nan	0	0	0	nan	nan	nan	nan	nan	nan
19	a	0	6854727	0	nan	349	1760	6854727	0	0	0	nan	0	0	0	0	0	0	nan	0	0	0	nan	nan	nan	nan	nan	nan
20	A	0	6856014	501	0.000000	349	1760	6856014	0	0	0	nan	0	0	0	0	0	0	nan	0	0	0	0.000000	0.000000	nan	nan	nan	nan
21	G	0	6856735	627	0.000000	349	1760	6856735	0	0	0	nan	0	0	0	0	0	0	nan	0	0	0	0.000000	0.000000	nan	nan	nan	nan
22	G	0	6857264	584	0.000000	349	1760	6857264	0	0	0	nan	0	0	0	0	0	0	nan	0	0	0	0.000000	0.000000	nan	nan	nan	nan
23	U	0	6858423	6198511	0.000000	349	1760	6858423	0	0	0	nan	0	0	0	0	0	0	nan	0	0	0	0.000000	0.000000	0.000000	0.000000	0.000000	0.000000
24	U	12067	6859365	6249482	0.001931	349	1760	6859365	0	0	0	nan	0	0	0	0	0	0	nan	0	0	0	0.001931	0.000018	0.001931	0.000018	0.543179	0.005063
25	G	5218	6863132	6211545	0.000840	349	1760	6863132	0	0	0	nan	0	0	0	0	0	0	nan	0	0	0	0.000840	0.000012	0.000840	0.000012	0.397069	0.005672
26	A	15495	6869248	6355517	0.002438	349	1760	6869193	0	0	0	nan	0	0	0	0	0	0	nan	0	0	0	0.002438	0.000020	0.002438	0.000020	0.989448	0.008117
27	C	9726	6871523	6111430	0.001591	349	1760	6871428	0	0	0	nan	0	0	0	0	0	0	nan	0	0	0	0.001591	0.000016	0.001591	0.000016	0.647669	0.006513
28	C	17216	6872603	6097431	0.002823	349	1760	6872484	0	0	0	nan	0	0	0	0	0	0	nan	0	0	0	0.002823	0.000022	0.002823	0.000022	1.149196	0.008956
29	U	23461	6875550	6064976	0.003868	349	1760	6875418	0	0	0	nan	0	0	0	0	0	0	nan	0	0	0	0.003868	0.000025	0.003868	0.000025	1.088045	0.007032
30	U	9543	6880762	6170919	0.001546	349	1760	6880620	0	0	0	nan	0	0	0	0	0	0	nan	0	0	0	0.001546	0.000016	0.001546	0.000016	0.434880	0.004501
31	U	10751	6886498	6192804	0.001736	349	1760	6886339	0	0	0	nan	0	0	0	0	0	0	nan	0	0	0	0.001736	0.000017	0.001736	0.000017	0.488326	0.004782
32	U	12386	6892414	6268253	0.001976	350	1760	6892244	0	0	0	nan	0	0	0	0	0	0	nan	0	0	0	0.001976	0.000018	0.001976	0.000018	0.555837	0.005063
33	G	2086	6927276	6368596	0.000328	351	1760	6927105	0	0	0	nan	0	0	0	0	0	0	nan	0	0	0	0.000328	0.000007	0.000328	0.000007	0.155046	0.003309
34	A	11115	6939132	6736583	0.001650	351	1760	6938965	0	0	0	nan	0	0	0	0	0	0	nan	0	0	0	0.001650	0.000016	0.001650	0.000016	0.669643	0.006494
35	A	13430	6941702	6687945	0.002008	351	1760	6941528	0	0	0	nan	0	0	0	0	0	0	nan	0	0	0	0.002008	0.000017	0.002008	0.000017	0.814935	0.006899
36	U	4360	6942527	6641646	0.000656	351	1760	6942345	0	0	0	nan	0	0	0	0	0	0	nan	0	0	0	0.000656	0.000010	0.000656	0.000010	0.184529	0.002813
37	A	188934	6943068	6311498	0.029935	352	1760	6942860	0	0	0	nan	0	0	0	0	0	0	nan	0	0	0	0.029935	0.000069	0.029935	0.000069	12.148945	0.028003
38	G	11896	6943518	6250733	0.001903	363	1760	6943315	0	0	0	nan	0	0	0	0	0	0	nan	0	0	0	0.001903	0.000017	0.001903	0.000017	0.899551	0.008036
39	U	9422	6944180	6273404	0.001502	363	1760	6943978	0	0	0	nan	0	0	0	0	0	0	nan	0	0	0	0.001502	0.000015	0.001502	0.000015	0.422504	0.004219
40	G	6909	6944942	6498697	0.001063	368	1760	6944735	0	0	0	nan	0	0	0	0	0	0	nan	0	0	0	0.001063	0.000013	0.001063	0.000013	0.502482	0.006145
41	A	35802	6948679	6479246	0.005526	369	1760	6948466	0	0	0	nan	0	0	0	0	0	0	nan	0	0	0	0.005526	0.000029	0.005526	0.000029	2.242695	0.011769
42	U	19316	6949504	6433885	0.003002	370	1760	6949295	0	0	0	nan	0	0	0	0	0	0	nan	0	0	0	0.003002	0.000022	0.003002	0.000022	0.844444	0.006188
43	U	10001	6951439	6366476	0.001571	374	1760	6951221	0	0	0	nan	0	0	0	0	0	0	nan	0	0	0	0.001571	0.000016	0.001571	0.000016	0.441913	0.004501
44	C	13320	6954731	6373670	0.002090	374	1760	6954498	0	0	0	nan	0	0	0	0	0	0	nan	0	0	0	0.002090	0.000018	0.002090	0.000018	0.850804	0.007327
45	A	15752	6957125	6391561	0.002464	376	1760	6956875	0	0	0	nan	0	0	0	0	0	0	nan	0	0	0	0.002464	0.000020	0.002464	0.000020	1.000000	0.008117
46	G	3271	6959065	6258119	0.000523	377	1760	6958830	0	0	0	nan	0	0	0	0	0	0	nan	0	0	0	0.000523	0.000009	0.000523	0.000009	0.247223	0.004254
47	G	10084	6963260	6325851	0.001594	373	1760	6963032	0	0	0	nan	0	0	0	0	0	0	nan	0	0	0	0.001594	0.000016	0.001594	0.000016	0.753486	0.007563
48	A	6409	6970064	6216672	0.001031	374	1760	6969827	0	0	0	nan	0	0	0	0	0	0	nan	0	0	0	0.001031	0.000013	0.001031	0.000013	0.418425	0.005276
49	G	17377	6971391	6311026	0.002753	373	1760	6971175	0	0	0	nan	0	0	0	0	0	0	nan	0	0	0	0.002753	0.000021	0.002753	0.000021	1.301347	0.009927
50	G	2457	6981545	6144632	0.000400	374	1760	6981375	0	0	0	nan	0	0	0	0	0	0	nan	0	0	0	0.000400	0.000008	0.000400	0.000008	0.189081	0.003782
51	U	22337	6984673	6283631	0.003555	373	1760	6984527	0	0	0	nan	0	0	0	0	0	0	nan	0	0	0	0.003555	0.000024	0.003555	0.000024	1.000000	0.006751
52	U	17567	6990162	6283525	0.002796	378	1760	6990043	0	0	0	nan	0	0	0	0	0	0	nan	0	0	0	0.002796	0.000021	0.002796	0.000021	0.786498	0.005907
53	A	7987	6994395	6548752	0.001220	378	1760	6994284	0	0	0	nan	0	0	0	0	0	0	nan	0	0	0	0.001220	0.000014	0.001220	0.000014	0.495130	0.005682
54	A	16047	6996646	6699590	0.002395	377	1760	6996550	0	0	0	nan	0	0	0	0	0	0	nan	0	0	0	0.002395	0.000019	0.002395	0.000019	0.971997	0.007711
55	U	10311	6997499	6632642	0.001555	377	1760	6997427	0	0	0	nan	0	0	0	0	0	0	nan	0	0	0	0.001555	0.000015	0.001555	0.000015	0.437412	0.004219
56	G	4398	6998263	6414775	0.000686	377	1760	6998212	0	0	0	nan	0	0	0	0	0	0	nan	0	0	0	0.000686	0.000010	0.000686	0.000010	0.324273	0.004727
57	G	0	6999190	6444742	0.000000	377	1760	6999167	0	0	0	nan	0	0	0	0	0	0	nan	0	0	0	0.000000	0.000000	0.000000	0.000000	0.000000	0.000000
58	A	0	7000797	26	0.000000	377	1760	7000797	0	0	0	nan	0	0	0	0	0	0	nan	0	0	0	0.000000	0.000000	nan	nan	nan	nan
59	A	0	7000763	25	0.000000	377	1760	7000763	0	0	0	nan	0	0	0	0	0	0	nan	0	0	0	0.000000	0.000000	nan	nan	nan	nan
60	G	0	7000733	17	0.000000	377	1760	7000733	0	0	0	nan	0	0	0	0	0	0	nan	0	0	0	0.000000	0.000000	nan	nan	nan	nan
61	u	0	7000702	0	nan	377	1760	7000702	0	0	0	nan	0	0	0	0	0	0	nan	0	0	0	nan	nan	nan	nan	nan	nan
62	a	0	7000613	0	nan	371	1759	7000613	0	0	0	nan	0	0	0	0	0	0	nan	0	0	0	nan	nan	nan	nan	nan	nan
63	a	0	7000568	0	nan	363	1755	7000568	0	0	0	nan	0	0	0	0	0	0	nan	0	0	0	nan	nan	nan	nan	nan	nan
64	a	0	7000540	0	nan	358	1752	7000540	0	0	0	nan	0	0	0	0	0	0	nan	0	0	0	nan	nan	nan	nan	nan	nan
65	g	0	7000518	0	nan	336	1365	7000518	0	0	0	nan	0	0	0	0	0	0	nan	0	0	0	nan	nan	nan	nan	nan	nan
66	g	0	7000503	0	nan	301	1317	7000503	0	0	0	nan	0	0	0	0	0	0	nan	0	0	0	nan	nan	nan	nan	nan	nan
67	u	0	7000474	0	nan	292	1312	7000474	0	0	0	nan	0	0	0	0	0	0	nan	0	0	0	nan	nan	nan	nan	nan	nan
68	a	0	7000461	0	nan	289	1199	7000461	0	0	0	nan	0	0	0	0	0	0	nan	0	0	0	nan	nan	nan	nan	nan	nan
69	a	0	7000437	0	nan	287	1195	7000437	0	0	0	nan	0	0	0	0	0	0	nan	0	0	0	nan	nan	nan	nan	nan	nan
70	u	0	7000419	0	nan	286	1154	7000419	0	0	0	nan	0	0	0	0	0	0	nan	0	0	0	nan	nan	nan	nan	nan	nan
71	g	0	7000352	0	nan	286	1152	7000352	0	0	0	nan	0	0	0	0	0	0	nan	0	0	0	nan	nan	nan	nan	nan	nan
72	a	0	7000296	0	nan	283	1151	7000296	0	0	0	nan	0	0	0	0	0	0	nan	0	0	0	nan	nan	nan	nan	nan	nan
73	a	0	7000251	0	nan	283	1150	7000251	0	0	0	nan	0	0	0	0	0	0	nan	0	0	0	nan	nan	nan	nan	nan	nan
74	g	0	7000227	0	nan	282	1149	7000227	0	0	0	nan	0	0	0	0	0	0	nan	0	0	0	nan	nan	nan	nan	nan	nan
75	g	0	7000192	0	nan	282	1148	7000192	0	0	0	nan	0	0	0	0	0	0	nan	0	0	0	nan	nan	nan	nan	nan	nan
76	u	0	7000079	0	nan	282	1147	7000079	0	0	0	nan	0	0	0	0	0	0	nan	0	0	0	nan	nan	nan	nan	nan	nan
77	g	0	6999982	0	nan	282	1137	6999982	0	0	0	nan	0	0	0	0	0	0	nan	0	0	0	nan	nan	nan	nan	nan	nan
78	a	0	6999885	0	nan	282	1134	6999885	0	0	0	nan	0	0	0	0	0	0	nan	0	0	0	nan	nan	nan	nan	nan	nan
79	a	0	6994681	0	nan	281	1130	6994681	0	0	0	nan	0	0	0	0	0	0	nan	0	0	0	nan	nan	nan	nan	nan	nan
80	g	0	6992126	0	nan	279	1122	6992126	0	0	0	nan	0	0	0	0	0	0	nan	0	0	0	nan	nan	nan	nan	nan	nan