Nucleotide	Sequence	Modified_mutations	Modified_read_depth	Modified_effective_depth	Modified_rate	Modified_off_target_mapped_depth	Modified_low_mapq_mapped_depth	Modified_primer_pair_1_mapped_depth	Untreated_mutations	Untreated_read_depth	Untreated_effective_depth	Untreated_rate	Untreated_off_target_mapped_depth	Untreated_low_mapq_mapped_depth	Untreated_primer_pair_1_mapped_depth	Denatured_mutations	Denatured_read_depth	Denatured_effective_depth	Denatured_rate	Denatured_off_target_mapped_depth	Denatured_low_mapq_mapped_depth	Denatured_primer_pair_1_mapped_depth	Reactivity_profile	Std_err	HQ_profile	HQ_stderr	Norm_profile	Norm_stderr
1	g	0	233050	0	nan	13	1	233050	0	0	0	nan	0	0	0	0	0	0	nan	0	0	0	nan	nan	nan	nan	nan	nan
2	g	0	233566	0	nan	13	1	233566	0	0	0	nan	0	0	0	0	0	0	nan	0	0	0	nan	nan	nan	nan	nan	nan
3	c	0	233695	0	nan	15	1	233695	0	0	0	nan	0	0	0	0	0	0	nan	0	0	0	nan	nan	nan	nan	nan	nan
4	a	0	233723	0	nan	15	1	233723	0	0	0	nan	0	0	0	0	0	0	nan	0	0	0	nan	nan	nan	nan	nan	nan
5	c	0	233765	0	nan	15	1	233765	0	0	0	nan	0	0	0	0	0	0	nan	0	0	0	nan	nan	nan	nan	nan	nan
6	c	0	235406	0	nan	18	1	235406	0	0	0	nan	0	0	0	0	0	0	nan	0	0	0	nan	nan	nan	nan	nan	nan
7	u	0	235509	0	nan	18	1	235509	0	0	0	nan	0	0	0	0	0	0	nan	0	0	0	nan	nan	nan	nan	nan	nan
8	c	0	235521	0	nan	18	1	235521	0	0	0	nan	0	0	0	0	0	0	nan	0	0	0	nan	nan	nan	nan	nan	nan
9	a	0	235528	0	nan	18	1	235528	0	0	0	nan	0	0	0	0	0	0	nan	0	0	0	nan	nan	nan	nan	nan	nan
10	u	0	235530	0	nan	18	1	235530	0	0	0	nan	0	0	0	0	0	0	nan	0	0	0	nan	nan	nan	nan	nan	nan
11	a	0	235534	0	nan	18	1	235534	0	0	0	nan	0	0	0	0	0	0	nan	0	0	0	nan	nan	nan	nan	nan	nan
12	a	0	235541	0	nan	18	1	235541	0	0	0	nan	0	0	0	0	0	0	nan	0	0	0	nan	nan	nan	nan	nan	nan
13	c	0	235547	0	nan	18	1	235547	0	0	0	nan	0	0	0	0	0	0	nan	0	0	0	nan	nan	nan	nan	nan	nan
14	a	0	235549	0	nan	19	1	235549	0	0	0	nan	0	0	0	0	0	0	nan	0	0	0	nan	nan	nan	nan	nan	nan
15	u	0	235551	0	nan	19	1	235551	0	0	0	nan	0	0	0	0	0	0	nan	0	0	0	nan	nan	nan	nan	nan	nan
16	a	0	235556	0	nan	19	1	235556	0	0	0	nan	0	0	0	0	0	0	nan	0	0	0	nan	nan	nan	nan	nan	nan
17	a	0	235559	0	nan	19	1	235559	0	0	0	nan	0	0	0	0	0	0	nan	0	0	0	nan	nan	nan	nan	nan	nan
18	c	0	235560	0	nan	19	1	235560	0	0	0	nan	0	0	0	0	0	0	nan	0	0	0	nan	nan	nan	nan	nan	nan
19	U	0	235563	1	0.000000	19	1	235563	0	0	0	nan	0	0	0	0	0	0	nan	0	0	0	0.000000	0.000000	nan	nan	nan	nan
20	A	0	235568	4	0.000000	19	1	235568	0	0	0	nan	0	0	0	0	0	0	nan	0	0	0	0.000000	0.000000	nan	nan	nan	nan
21	A	0	235578	13	0.000000	19	1	235578	0	0	0	nan	0	0	0	0	0	0	nan	0	0	0	0.000000	0.000000	nan	nan	nan	nan
22	G	0	235586	233293	0.000000	19	1	235586	0	0	0	nan	0	0	0	0	0	0	nan	0	0	0	0.000000	0.000000	0.000000	0.000000	nan	nan
23	G	181	235588	230775	0.000784	19	1	235588	0	0	0	nan	0	0	0	0	0	0	nan	0	0	0	0.000784	0.000058	0.000784	0.000058	nan	nan
24	C	3147	235592	233404	0.013483	19	1	235592	0	0	0	nan	0	0	0	0	0	0	nan	0	0	0	0.013483	0.000240	0.013483	0.000240	0.897999	0.015985
25	A	1964	235595	234130	0.008389	19	1	235595	0	0	0	nan	0	0	0	0	0	0	nan	0	0	0	0.008389	0.000189	0.008389	0.000189	0.857420	0.019317
26	G	127	235602	227701	0.000558	19	1	235599	0	0	0	nan	0	0	0	0	0	0	nan	0	0	0	0.000558	0.000049	0.000558	0.000049	nan	nan
27	A	1729	235618	228288	0.007574	19	1	235615	0	0	0	nan	0	0	0	0	0	0	nan	0	0	0	0.007574	0.000182	0.007574	0.000182	0.774121	0.018602
28	U	1218	235623	228148	0.005339	19	1	235619	0	0	0	nan	0	0	0	0	0	0	nan	0	0	0	0.005339	0.000153	0.005339	0.000153	1.113916	0.031922
29	C	3202	235624	234121	0.013677	19	1	235617	0	0	0	nan	0	0	0	0	0	0	nan	0	0	0	0.013677	0.000242	0.013677	0.000242	0.910919	0.016118
30	U	843	235627	234033	0.003602	19	1	235619	0	0	0	nan	0	0	0	0	0	0	nan	0	0	0	0.003602	0.000124	0.003602	0.000124	0.751513	0.025871
31	G	131	235627	233153	0.000562	19	1	235620	0	0	0	nan	0	0	0	0	0	0	nan	0	0	0	0.000562	0.000049	0.000562	0.000049	nan	nan
32	A	2285	235628	233549	0.009784	19	1	235620	0	0	0	nan	0	0	0	0	0	0	nan	0	0	0	0.009784	0.000205	0.009784	0.000205	1.000000	0.020953
33	G	214	235633	230915	0.000927	19	1	235624	0	0	0	nan	0	0	0	0	0	0	nan	0	0	0	0.000927	0.000063	0.000927	0.000063	nan	nan
34	C	2749	235633	227550	0.012081	19	1	235622	0	0	0	nan	0	0	0	0	0	0	nan	0	0	0	0.012081	0.000230	0.012081	0.000230	0.804622	0.015319
35	C	2674	235635	217234	0.012309	19	1	235621	0	0	0	nan	0	0	0	0	0	0	nan	0	0	0	0.012309	0.000238	0.012309	0.000238	0.819808	0.015851
36	U	921	235645	216865	0.004247	19	1	235629	0	0	0	nan	0	0	0	0	0	0	nan	0	0	0	0.004247	0.000140	0.004247	0.000140	0.886084	0.029209
37	U	1307	235660	221260	0.005907	19	1	235633	0	0	0	nan	0	0	0	0	0	0	nan	0	0	0	0.005907	0.000163	0.005907	0.000163	1.232422	0.034008
38	C	3515	235663	231739	0.015168	19	1	235614	0	0	0	nan	0	0	0	0	0	0	nan	0	0	0	0.015168	0.000256	0.015168	0.000256	1.010223	0.017050
39	G	130	235715	231209	0.000562	19	1	235680	0	0	0	nan	0	0	0	0	0	0	nan	0	0	0	0.000562	0.000049	0.000562	0.000049	nan	nan
40	G	154	235746	232230	0.000663	19	1	235728	0	0	0	nan	0	0	0	0	0	0	nan	0	0	0	0.000663	0.000053	0.000663	0.000053	nan	nan
41	G	152	235748	231304	0.000657	19	1	235736	0	0	0	nan	0	0	0	0	0	0	nan	0	0	0	0.000657	0.000053	0.000657	0.000053	nan	nan
42	A	2433	235750	232310	0.010473	19	1	235741	0	0	0	nan	0	0	0	0	0	0	nan	0	0	0	0.010473	0.000212	0.010473	0.000212	1.070421	0.021668
43	G	230	235750	231355	0.000994	19	1	235745	0	0	0	nan	0	0	0	0	0	0	nan	0	0	0	0.000994	0.000066	0.000994	0.000066	nan	nan
44	C	2902	235751	234428	0.012379	19	1	235747	0	0	0	nan	0	0	0	0	0	0	nan	0	0	0	0.012379	0.000230	0.012379	0.000230	0.824470	0.015319
45	U	669	235751	234606	0.002852	19	1	235746	0	0	0	nan	0	0	0	0	0	0	nan	0	0	0	0.002852	0.000110	0.002852	0.000110	0.595034	0.022950
46	C	2806	235751	234698	0.011956	18	1	235745	0	0	0	nan	0	0	0	0	0	0	nan	0	0	0	0.011956	0.000226	0.011956	0.000226	0.796297	0.015052
47	U	855	235749	234553	0.003645	18	1	235739	0	0	0	nan	0	0	0	0	0	0	nan	0	0	0	0.003645	0.000125	0.003645	0.000125	0.760484	0.026080
48	C	3548	235750	234564	0.015126	18	1	235739	0	0	0	nan	0	0	0	0	0	0	nan	0	0	0	0.015126	0.000254	0.015126	0.000254	1.007426	0.016917
49	U	676	235757	234548	0.002882	18	1	235748	0	0	0	nan	0	0	0	0	0	0	nan	0	0	0	0.002882	0.000111	0.002882	0.000111	0.601294	0.023159
50	G	222	235761	232765	0.000954	18	1	235755	0	0	0	nan	0	0	0	0	0	0	nan	0	0	0	0.000954	0.000064	0.000954	0.000064	nan	nan
51	C	3538	235766	233913	0.015125	18	1	235761	0	0	0	nan	0	0	0	0	0	0	nan	0	0	0	0.015125	0.000254	0.015125	0.000254	1.007360	0.016917
52	C	3436	235769	234006	0.014683	18	1	235765	0	0	0	nan	0	0	0	0	0	0	nan	0	0	0	0.014683	0.000250	0.014683	0.000250	0.977921	0.016651
53	A	1746	235771	234020	0.007461	18	1	235770	0	0	0	nan	0	0	0	0	0	0	nan	0	0	0	0.007461	0.000179	0.007461	0.000179	0.762572	0.018295
54	A	0	235627	233571	0.000000	18	1	235627	0	0	0	nan	0	0	0	0	0	0	nan	0	0	0	0.000000	0.000000	0.000000	0.000000	0.000000	0.000000
55	U	0	235627	1	0.000000	12	1	235627	0	0	0	nan	0	0	0	0	0	0	nan	0	0	0	0.000000	0.000000	nan	nan	nan	nan
56	C	0	235626	0	nan	12	1	235626	0	0	0	nan	0	0	0	0	0	0	nan	0	0	0	nan	nan	nan	nan	nan	nan
57	C	0	235626	0	nan	12	1	235626	0	0	0	nan	0	0	0	0	0	0	nan	0	0	0	nan	nan	nan	nan	nan	nan
58	a	0	235626	0	nan	12	1	235626	0	0	0	nan	0	0	0	0	0	0	nan	0	0	0	nan	nan	nan	nan	nan	nan
59	c	0	235626	0	nan	12	1	235626	0	0	0	nan	0	0	0	0	0	0	nan	0	0	0	nan	nan	nan	nan	nan	nan
60	u	0	235626	0	nan	12	1	235626	0	0	0	nan	0	0	0	0	0	0	nan	0	0	0	nan	nan	nan	nan	nan	nan
61	a	0	235626	0	nan	12	1	235626	0	0	0	nan	0	0	0	0	0	0	nan	0	0	0	nan	nan	nan	nan	nan	nan
62	a	0	235626	0	nan	12	1	235626	0	0	0	nan	0	0	0	0	0	0	nan	0	0	0	nan	nan	nan	nan	nan	nan
63	c	0	235626	0	nan	2	1	235626	0	0	0	nan	0	0	0	0	0	0	nan	0	0	0	nan	nan	nan	nan	nan	nan
64	c	0	235626	0	nan	1	1	235626	0	0	0	nan	0	0	0	0	0	0	nan	0	0	0	nan	nan	nan	nan	nan	nan
65	u	0	235626	0	nan	1	1	235626	0	0	0	nan	0	0	0	0	0	0	nan	0	0	0	nan	nan	nan	nan	nan	nan
66	c	0	235626	0	nan	1	1	235626	0	0	0	nan	0	0	0	0	0	0	nan	0	0	0	nan	nan	nan	nan	nan	nan
67	a	0	235626	0	nan	1	1	235626	0	0	0	nan	0	0	0	0	0	0	nan	0	0	0	nan	nan	nan	nan	nan	nan
68	c	0	235626	0	nan	1	1	235626	0	0	0	nan	0	0	0	0	0	0	nan	0	0	0	nan	nan	nan	nan	nan	nan
69	u	0	235623	0	nan	1	1	235623	0	0	0	nan	0	0	0	0	0	0	nan	0	0	0	nan	nan	nan	nan	nan	nan
70	c	0	235623	0	nan	1	1	235623	0	0	0	nan	0	0	0	0	0	0	nan	0	0	0	nan	nan	nan	nan	nan	nan
71	a	0	235615	0	nan	1	1	235615	0	0	0	nan	0	0	0	0	0	0	nan	0	0	0	nan	nan	nan	nan	nan	nan
72	c	0	235593	0	nan	1	1	235593	0	0	0	nan	0	0	0	0	0	0	nan	0	0	0	nan	nan	nan	nan	nan	nan
73	a	0	235582	0	nan	1	1	235582	0	0	0	nan	0	0	0	0	0	0	nan	0	0	0	nan	nan	nan	nan	nan	nan
74	a	0	235489	0	nan	1	1	235489	0	0	0	nan	0	0	0	0	0	0	nan	0	0	0	nan	nan	nan	nan	nan	nan
75	u	0	235331	0	nan	1	1	235331	0	0	0	nan	0	0	0	0	0	0	nan	0	0	0	nan	nan	nan	nan	nan	nan
76	c	0	235033	0	nan	1	1	235033	0	0	0	nan	0	0	0	0	0	0	nan	0	0	0	nan	nan	nan	nan	nan	nan