Nucleotide	Sequence	Modified_mutations	Modified_read_depth	Modified_effective_depth	Modified_rate	Modified_off_target_mapped_depth	Modified_low_mapq_mapped_depth	Modified_primer_pair_1_mapped_depth	Untreated_mutations	Untreated_read_depth	Untreated_effective_depth	Untreated_rate	Untreated_off_target_mapped_depth	Untreated_low_mapq_mapped_depth	Untreated_primer_pair_1_mapped_depth	Denatured_mutations	Denatured_read_depth	Denatured_effective_depth	Denatured_rate	Denatured_off_target_mapped_depth	Denatured_low_mapq_mapped_depth	Denatured_primer_pair_1_mapped_depth	Reactivity_profile	Std_err	HQ_profile	HQ_stderr	Norm_profile	Norm_stderr
1	g	0	5905823	0	nan	5	186	5905823	0	0	0	nan	0	0	0	0	0	0	nan	0	0	0	nan	nan	nan	nan	nan	nan
2	g	0	5971673	0	nan	5	187	5971673	0	0	0	nan	0	0	0	0	0	0	nan	0	0	0	nan	nan	nan	nan	nan	nan
3	u	0	5980683	0	nan	5	189	5980683	0	0	0	nan	0	0	0	0	0	0	nan	0	0	0	nan	nan	nan	nan	nan	nan
4	g	0	5985962	0	nan	5	189	5985962	0	0	0	nan	0	0	0	0	0	0	nan	0	0	0	nan	nan	nan	nan	nan	nan
5	u	0	5994024	0	nan	5	190	5994024	0	0	0	nan	0	0	0	0	0	0	nan	0	0	0	nan	nan	nan	nan	nan	nan
6	a	0	5998414	0	nan	5	192	5998414	0	0	0	nan	0	0	0	0	0	0	nan	0	0	0	nan	nan	nan	nan	nan	nan
7	a	0	5999357	0	nan	5	194	5999357	0	0	0	nan	0	0	0	0	0	0	nan	0	0	0	nan	nan	nan	nan	nan	nan
8	g	0	5999984	0	nan	5	194	5999984	0	0	0	nan	0	0	0	0	0	0	nan	0	0	0	nan	nan	nan	nan	nan	nan
9	g	0	6000808	0	nan	5	195	6000808	0	0	0	nan	0	0	0	0	0	0	nan	0	0	0	nan	nan	nan	nan	nan	nan
10	g	0	6002566	0	nan	5	196	6002566	0	0	0	nan	0	0	0	0	0	0	nan	0	0	0	nan	nan	nan	nan	nan	nan
11	u	0	6005795	0	nan	5	196	6005795	0	0	0	nan	0	0	0	0	0	0	nan	0	0	0	nan	nan	nan	nan	nan	nan
12	g	0	6018859	0	nan	26	201	6018859	0	0	0	nan	0	0	0	0	0	0	nan	0	0	0	nan	nan	nan	nan	nan	nan
13	a	0	6029857	0	nan	28	202	6029857	0	0	0	nan	0	0	0	0	0	0	nan	0	0	0	nan	nan	nan	nan	nan	nan
14	a	0	6037048	0	nan	35	202	6037048	0	0	0	nan	0	0	0	0	0	0	nan	0	0	0	nan	nan	nan	nan	nan	nan
15	g	0	6040618	0	nan	475	202	6040618	0	0	0	nan	0	0	0	0	0	0	nan	0	0	0	nan	nan	nan	nan	nan	nan
16	u	0	6045457	0	nan	476	203	6045457	0	0	0	nan	0	0	0	0	0	0	nan	0	0	0	nan	nan	nan	nan	nan	nan
17	g	0	6047767	0	nan	476	203	6047767	0	0	0	nan	0	0	0	0	0	0	nan	0	0	0	nan	nan	nan	nan	nan	nan
18	u	0	6050503	0	nan	476	203	6050503	0	0	0	nan	0	0	0	0	0	0	nan	0	0	0	nan	nan	nan	nan	nan	nan
19	a	0	6052273	0	nan	476	206	6052273	0	0	0	nan	0	0	0	0	0	0	nan	0	0	0	nan	nan	nan	nan	nan	nan
20	A	0	6054353	984	0.000000	476	206	6054353	0	0	0	nan	0	0	0	0	0	0	nan	0	0	0	0.000000	0.000000	nan	nan	nan	nan
21	G	0	6056013	1174	0.000000	476	206	6056013	0	0	0	nan	0	0	0	0	0	0	nan	0	0	0	0.000000	0.000000	nan	nan	nan	nan
22	G	0	6056859	1039	0.000000	476	206	6056859	0	0	0	nan	0	0	0	0	0	0	nan	0	0	0	0.000000	0.000000	nan	nan	nan	nan
23	U	0	6059815	5494417	0.000000	476	206	6059815	0	0	0	nan	0	0	0	0	0	0	nan	0	0	0	0.000000	0.000000	0.000000	0.000000	0.000000	0.000000
24	U	24382	6061268	5524069	0.004414	476	206	6061268	0	0	0	nan	0	0	0	0	0	0	nan	0	0	0	0.004414	0.000028	0.004414	0.000028	1.000000	0.006343
25	G	7376	6067354	5394553	0.001367	476	206	6067354	0	0	0	nan	0	0	0	0	0	0	nan	0	0	0	0.001367	0.000016	0.001367	0.000016	nan	nan
26	A	38600	6076843	5593497	0.006901	476	206	6076789	0	0	0	nan	0	0	0	0	0	0	nan	0	0	0	0.006901	0.000035	0.006901	0.000035	1.000000	0.005072
27	C	15225	6080976	5448831	0.002794	476	206	6080855	0	0	0	nan	0	0	0	0	0	0	nan	0	0	0	0.002794	0.000023	0.002794	0.000023	0.956522	0.007874
28	C	16681	6082537	5472880	0.003048	476	206	6082385	0	0	0	nan	0	0	0	0	0	0	nan	0	0	0	0.003048	0.000024	0.003048	0.000024	1.043478	0.008216
29	U	19845	6086442	5435379	0.003651	476	206	6086270	0	0	0	nan	0	0	0	0	0	0	nan	0	0	0	0.003651	0.000026	0.003651	0.000026	0.827141	0.005890
30	U	17360	6093296	5501412	0.003156	476	206	6093097	0	0	0	nan	0	0	0	0	0	0	nan	0	0	0	0.003156	0.000024	0.003156	0.000024	0.714998	0.005437
31	U	19278	6099519	5503170	0.003503	476	206	6099285	0	0	0	nan	0	0	0	0	0	0	nan	0	0	0	0.003503	0.000025	0.003503	0.000025	0.793611	0.005664
32	U	16752	6104485	5552735	0.003017	476	206	6104192	0	0	0	nan	0	0	0	0	0	0	nan	0	0	0	0.003017	0.000023	0.003017	0.000023	0.683507	0.005211
33	G	2397	6136114	5535076	0.000433	476	206	6135780	0	0	0	nan	0	0	0	0	0	0	nan	0	0	0	0.000433	0.000009	0.000433	0.000009	nan	nan
34	A	21299	6152415	5904983	0.003607	476	206	6152098	0	0	0	nan	0	0	0	0	0	0	nan	0	0	0	0.003607	0.000025	0.003607	0.000025	0.522678	0.003623
35	A	20370	6156775	5893770	0.003456	476	206	6156450	0	0	0	nan	0	0	0	0	0	0	nan	0	0	0	0.003456	0.000024	0.003456	0.000024	0.500797	0.003478
36	U	6952	6158206	5835329	0.001191	476	206	6157851	0	0	0	nan	0	0	0	0	0	0	nan	0	0	0	0.001191	0.000014	0.001191	0.000014	0.269823	0.003172
37	A	538848	6158838	5638613	0.095564	476	206	6158382	0	0	0	nan	0	0	0	0	0	0	nan	0	0	0	0.095564	0.000130	0.095564	0.000130	13.847848	0.018838
38	G	7953	6160810	5377116	0.001479	477	206	6160385	0	0	0	nan	0	0	0	0	0	0	nan	0	0	0	0.001479	0.000017	0.001479	0.000017	nan	nan
39	U	22064	6161700	5622130	0.003924	477	206	6161259	0	0	0	nan	0	0	0	0	0	0	nan	0	0	0	0.003924	0.000026	0.003924	0.000026	0.888990	0.005890
40	G	10215	6162548	5641827	0.001811	478	206	6162076	0	0	0	nan	0	0	0	0	0	0	nan	0	0	0	0.001811	0.000018	0.001811	0.000018	nan	nan
41	A	102519	6166147	5701389	0.017981	478	206	6165658	0	0	0	nan	0	0	0	0	0	0	nan	0	0	0	0.017981	0.000056	0.017981	0.000056	2.605564	0.008115
42	U	23562	6167148	5686050	0.004144	479	206	6166660	0	0	0	nan	0	0	0	0	0	0	nan	0	0	0	0.004144	0.000027	0.004144	0.000027	0.938831	0.006117
43	U	18552	6169291	5654481	0.003281	479	206	6168766	0	0	0	nan	0	0	0	0	0	0	nan	0	0	0	0.003281	0.000024	0.003281	0.000024	0.743317	0.005437
44	C	11662	6172849	5649261	0.002064	477	206	6172282	0	0	0	nan	0	0	0	0	0	0	nan	0	0	0	0.002064	0.000019	0.002064	0.000019	0.706607	0.006505
45	A	23152	6175892	5653441	0.004095	478	206	6175295	0	0	0	nan	0	0	0	0	0	0	nan	0	0	0	0.004095	0.000027	0.004095	0.000027	0.593392	0.003912
46	G	5314	6177908	5445683	0.000976	476	206	6177292	0	0	0	nan	0	0	0	0	0	0	nan	0	0	0	0.000976	0.000013	0.000976	0.000013	nan	nan
47	G	9582	6182604	5499315	0.001742	476	206	6181984	0	0	0	nan	0	0	0	0	0	0	nan	0	0	0	0.001742	0.000018	0.001742	0.000018	nan	nan
48	A	13331	6192598	5481407	0.002432	476	206	6191983	0	0	0	nan	0	0	0	0	0	0	nan	0	0	0	0.002432	0.000021	0.002432	0.000021	0.352413	0.003043
49	G	18618	6194131	5436802	0.003424	476	206	6193515	0	0	0	nan	0	0	0	0	0	0	nan	0	0	0	0.003424	0.000025	0.003424	0.000025	nan	nan
50	G	5196	6206107	5278126	0.000984	481	206	6205534	0	0	0	nan	0	0	0	0	0	0	nan	0	0	0	0.000984	0.000014	0.000984	0.000014	nan	nan
51	U	27299	6211614	5527850	0.004938	481	206	6211158	0	0	0	nan	0	0	0	0	0	0	nan	0	0	0	0.004938	0.000030	0.004938	0.000030	1.118713	0.006797
52	U	16060	6222615	5540402	0.002899	482	206	6222301	0	0	0	nan	0	0	0	0	0	0	nan	0	0	0	0.002899	0.000023	0.002899	0.000023	0.656774	0.005211
53	A	12173	6229920	5773505	0.002108	481	206	6229638	0	0	0	nan	0	0	0	0	0	0	nan	0	0	0	0.002108	0.000019	0.002108	0.000019	0.305463	0.002753
54	A	24054	6234497	5890455	0.004084	481	206	6234276	0	0	0	nan	0	0	0	0	0	0	nan	0	0	0	0.004084	0.000026	0.004084	0.000026	0.591798	0.003768
55	U	19954	6235522	5803074	0.003439	481	206	6235354	0	0	0	nan	0	0	0	0	0	0	nan	0	0	0	0.003439	0.000024	0.003439	0.000024	0.779112	0.005437
56	G	7938	6236403	5567349	0.001426	480	206	6236258	0	0	0	nan	0	0	0	0	0	0	nan	0	0	0	0.001426	0.000016	0.001426	0.000016	nan	nan
57	G	0	6237334	5626185	0.000000	480	206	6237221	0	0	0	nan	0	0	0	0	0	0	nan	0	0	0	0.000000	0.000000	0.000000	0.000000	nan	nan
58	A	0	6240195	93	0.000000	480	206	6240195	0	0	0	nan	0	0	0	0	0	0	nan	0	0	0	0.000000	0.000000	nan	nan	nan	nan
59	A	0	6240083	53	0.000000	480	206	6240083	0	0	0	nan	0	0	0	0	0	0	nan	0	0	0	0.000000	0.000000	nan	nan	nan	nan
60	G	0	6239993	19	0.000000	478	206	6239993	0	0	0	nan	0	0	0	0	0	0	nan	0	0	0	0.000000	0.000000	nan	nan	nan	nan
61	u	0	6239938	0	nan	478	206	6239938	0	0	0	nan	0	0	0	0	0	0	nan	0	0	0	nan	nan	nan	nan	nan	nan
62	a	0	6239854	0	nan	478	206	6239854	0	0	0	nan	0	0	0	0	0	0	nan	0	0	0	nan	nan	nan	nan	nan	nan
63	a	0	6239802	0	nan	477	206	6239802	0	0	0	nan	0	0	0	0	0	0	nan	0	0	0	nan	nan	nan	nan	nan	nan
64	a	0	6239781	0	nan	477	206	6239781	0	0	0	nan	0	0	0	0	0	0	nan	0	0	0	nan	nan	nan	nan	nan	nan
65	g	0	6239747	0	nan	476	205	6239747	0	0	0	nan	0	0	0	0	0	0	nan	0	0	0	nan	nan	nan	nan	nan	nan
66	g	0	6239707	0	nan	473	203	6239707	0	0	0	nan	0	0	0	0	0	0	nan	0	0	0	nan	nan	nan	nan	nan	nan
67	u	0	6239657	0	nan	472	203	6239657	0	0	0	nan	0	0	0	0	0	0	nan	0	0	0	nan	nan	nan	nan	nan	nan
68	a	0	6239629	0	nan	472	202	6239629	0	0	0	nan	0	0	0	0	0	0	nan	0	0	0	nan	nan	nan	nan	nan	nan
69	a	0	6239595	0	nan	472	201	6239595	0	0	0	nan	0	0	0	0	0	0	nan	0	0	0	nan	nan	nan	nan	nan	nan
70	u	0	6239582	0	nan	472	200	6239582	0	0	0	nan	0	0	0	0	0	0	nan	0	0	0	nan	nan	nan	nan	nan	nan
71	g	0	6239526	0	nan	472	200	6239526	0	0	0	nan	0	0	0	0	0	0	nan	0	0	0	nan	nan	nan	nan	nan	nan
72	a	0	6239482	0	nan	472	200	6239482	0	0	0	nan	0	0	0	0	0	0	nan	0	0	0	nan	nan	nan	nan	nan	nan
73	a	0	6239458	0	nan	470	199	6239458	0	0	0	nan	0	0	0	0	0	0	nan	0	0	0	nan	nan	nan	nan	nan	nan
74	g	0	6239447	0	nan	470	199	6239447	0	0	0	nan	0	0	0	0	0	0	nan	0	0	0	nan	nan	nan	nan	nan	nan
75	g	0	6239397	0	nan	470	199	6239397	0	0	0	nan	0	0	0	0	0	0	nan	0	0	0	nan	nan	nan	nan	nan	nan
76	u	0	6239309	0	nan	470	199	6239309	0	0	0	nan	0	0	0	0	0	0	nan	0	0	0	nan	nan	nan	nan	nan	nan
77	g	0	6239201	0	nan	470	199	6239201	0	0	0	nan	0	0	0	0	0	0	nan	0	0	0	nan	nan	nan	nan	nan	nan
78	a	0	6239096	0	nan	469	197	6239096	0	0	0	nan	0	0	0	0	0	0	nan	0	0	0	nan	nan	nan	nan	nan	nan
79	a	0	6234536	0	nan	464	197	6234536	0	0	0	nan	0	0	0	0	0	0	nan	0	0	0	nan	nan	nan	nan	nan	nan
80	g	0	6232136	0	nan	464	194	6232136	0	0	0	nan	0	0	0	0	0	0	nan	0	0	0	nan	nan	nan	nan	nan	nan