Nucleotide	Sequence	Modified_mutations	Modified_read_depth	Modified_effective_depth	Modified_rate	Modified_off_target_mapped_depth	Modified_low_mapq_mapped_depth	Modified_primer_pair_1_mapped_depth	Untreated_mutations	Untreated_read_depth	Untreated_effective_depth	Untreated_rate	Untreated_off_target_mapped_depth	Untreated_low_mapq_mapped_depth	Untreated_primer_pair_1_mapped_depth	Denatured_mutations	Denatured_read_depth	Denatured_effective_depth	Denatured_rate	Denatured_off_target_mapped_depth	Denatured_low_mapq_mapped_depth	Denatured_primer_pair_1_mapped_depth	Reactivity_profile	Std_err	HQ_profile	HQ_stderr	Norm_profile	Norm_stderr
1	g	0	6064477	0	nan	6	358	6064477	0	0	0	nan	0	0	0	0	0	0	nan	0	0	0	nan	nan	nan	nan	nan	nan
2	g	0	6127419	0	nan	6	365	6127419	0	0	0	nan	0	0	0	0	0	0	nan	0	0	0	nan	nan	nan	nan	nan	nan
3	u	0	6137280	0	nan	6	368	6137280	0	0	0	nan	0	0	0	0	0	0	nan	0	0	0	nan	nan	nan	nan	nan	nan
4	g	0	6143240	0	nan	6	369	6143240	0	0	0	nan	0	0	0	0	0	0	nan	0	0	0	nan	nan	nan	nan	nan	nan
5	u	0	6152683	0	nan	6	371	6152683	0	0	0	nan	0	0	0	0	0	0	nan	0	0	0	nan	nan	nan	nan	nan	nan
6	a	0	6157564	0	nan	6	376	6157564	0	0	0	nan	0	0	0	0	0	0	nan	0	0	0	nan	nan	nan	nan	nan	nan
7	a	0	6158697	0	nan	6	376	6158697	0	0	0	nan	0	0	0	0	0	0	nan	0	0	0	nan	nan	nan	nan	nan	nan
8	g	0	6159441	0	nan	6	377	6159441	0	0	0	nan	0	0	0	0	0	0	nan	0	0	0	nan	nan	nan	nan	nan	nan
9	g	0	6160318	0	nan	6	377	6160318	0	0	0	nan	0	0	0	0	0	0	nan	0	0	0	nan	nan	nan	nan	nan	nan
10	g	0	6162055	0	nan	6	380	6162055	0	0	0	nan	0	0	0	0	0	0	nan	0	0	0	nan	nan	nan	nan	nan	nan
11	u	0	6165415	0	nan	6	380	6165415	0	0	0	nan	0	0	0	0	0	0	nan	0	0	0	nan	nan	nan	nan	nan	nan
12	g	0	6180696	0	nan	32	383	6180696	0	0	0	nan	0	0	0	0	0	0	nan	0	0	0	nan	nan	nan	nan	nan	nan
13	a	0	6194002	0	nan	36	384	6194002	0	0	0	nan	0	0	0	0	0	0	nan	0	0	0	nan	nan	nan	nan	nan	nan
14	a	0	6201298	0	nan	45	384	6201298	0	0	0	nan	0	0	0	0	0	0	nan	0	0	0	nan	nan	nan	nan	nan	nan
15	g	0	6205062	0	nan	343	384	6205062	0	0	0	nan	0	0	0	0	0	0	nan	0	0	0	nan	nan	nan	nan	nan	nan
16	u	0	6210955	0	nan	343	384	6210955	0	0	0	nan	0	0	0	0	0	0	nan	0	0	0	nan	nan	nan	nan	nan	nan
17	g	0	6213335	0	nan	343	384	6213335	0	0	0	nan	0	0	0	0	0	0	nan	0	0	0	nan	nan	nan	nan	nan	nan
18	u	0	6216117	0	nan	343	384	6216117	0	0	0	nan	0	0	0	0	0	0	nan	0	0	0	nan	nan	nan	nan	nan	nan
19	a	0	6218150	0	nan	343	384	6218150	0	0	0	nan	0	0	0	0	0	0	nan	0	0	0	nan	nan	nan	nan	nan	nan
20	A	0	6220441	1036	0.000000	343	384	6220441	0	0	0	nan	0	0	0	0	0	0	nan	0	0	0	0.000000	0.000000	nan	nan	nan	nan
21	G	0	6221978	1220	0.000000	343	384	6221978	0	0	0	nan	0	0	0	0	0	0	nan	0	0	0	0.000000	0.000000	nan	nan	nan	nan
22	G	0	6222887	1029	0.000000	343	384	6222887	0	0	0	nan	0	0	0	0	0	0	nan	0	0	0	0.000000	0.000000	nan	nan	nan	nan
23	U	0	6225455	5638719	0.000000	343	384	6225455	0	0	0	nan	0	0	0	0	0	0	nan	0	0	0	0.000000	0.000000	0.000000	0.000000	0.000000	0.000000
24	U	26049	6226825	5675227	0.004590	343	384	6226825	0	0	0	nan	0	0	0	0	0	0	nan	0	0	0	0.004590	0.000028	0.004590	0.000028	1.000000	0.006100
25	G	6224	6232301	5559359	0.001120	343	384	6232301	0	0	0	nan	0	0	0	0	0	0	nan	0	0	0	0.001120	0.000014	0.001120	0.000014	nan	nan
26	A	30418	6240153	5750559	0.005290	343	384	6240110	0	0	0	nan	0	0	0	0	0	0	nan	0	0	0	0.005290	0.000030	0.005290	0.000030	1.000000	0.005671
27	C	14650	6243537	5575155	0.002628	343	384	6243453	0	0	0	nan	0	0	0	0	0	0	nan	0	0	0	0.002628	0.000022	0.002628	0.000022	0.953729	0.007984
28	C	16108	6245001	5587438	0.002883	343	384	6244896	0	0	0	nan	0	0	0	0	0	0	nan	0	0	0	0.002883	0.000023	0.002883	0.000023	1.046271	0.008347
29	U	22094	6248409	5546806	0.003983	343	384	6248289	0	0	0	nan	0	0	0	0	0	0	nan	0	0	0	0.003983	0.000027	0.003983	0.000027	0.867756	0.005882
30	U	19714	6254735	5618018	0.003509	343	384	6254595	0	0	0	nan	0	0	0	0	0	0	nan	0	0	0	0.003509	0.000025	0.003509	0.000025	0.764488	0.005447
31	U	22591	6260891	5620259	0.004020	343	384	6260724	0	0	0	nan	0	0	0	0	0	0	nan	0	0	0	0.004020	0.000027	0.004020	0.000027	0.875817	0.005882
32	U	18242	6266003	5678081	0.003213	343	384	6265806	0	0	0	nan	0	0	0	0	0	0	nan	0	0	0	0.003213	0.000024	0.003213	0.000024	0.700000	0.005229
33	G	2204	6299822	5686356	0.000388	343	384	6299586	0	0	0	nan	0	0	0	0	0	0	nan	0	0	0	0.000388	0.000008	0.000388	0.000008	nan	nan
34	A	19783	6315863	6073142	0.003257	343	384	6315640	0	0	0	nan	0	0	0	0	0	0	nan	0	0	0	0.003257	0.000023	0.003257	0.000023	0.615690	0.004348
35	A	20447	6320118	6053946	0.003377	343	384	6319894	0	0	0	nan	0	0	0	0	0	0	nan	0	0	0	0.003377	0.000024	0.003377	0.000024	0.638374	0.004537
36	U	8159	6321525	6004859	0.001359	343	384	6321272	0	0	0	nan	0	0	0	0	0	0	nan	0	0	0	0.001359	0.000015	0.001359	0.000015	0.296078	0.003268
37	A	376206	6322267	5772455	0.065173	343	384	6321944	0	0	0	nan	0	0	0	0	0	0	nan	0	0	0	0.065173	0.000106	0.065173	0.000106	12.320038	0.020038
38	G	8893	6323737	5533015	0.001607	347	384	6323428	0	0	0	nan	0	0	0	0	0	0	nan	0	0	0	0.001607	0.000017	0.001607	0.000017	nan	nan
39	U	24712	6324600	5743178	0.004303	347	384	6324277	0	0	0	nan	0	0	0	0	0	0	nan	0	0	0	0.004303	0.000027	0.004303	0.000027	0.937473	0.005882
40	G	8826	6325515	5811317	0.001519	348	384	6325156	0	0	0	nan	0	0	0	0	0	0	nan	0	0	0	0.001519	0.000016	0.001519	0.000016	nan	nan
41	A	69937	6329506	5860339	0.011934	348	384	6329134	0	0	0	nan	0	0	0	0	0	0	nan	0	0	0	0.011934	0.000045	0.011934	0.000045	2.255955	0.008507
42	U	26426	6330582	5835397	0.004529	348	384	6330212	0	0	0	nan	0	0	0	0	0	0	nan	0	0	0	0.004529	0.000028	0.004529	0.000028	0.986710	0.006100
43	U	21237	6332753	5794331	0.003665	348	384	6332360	0	0	0	nan	0	0	0	0	0	0	nan	0	0	0	0.003665	0.000025	0.003665	0.000025	0.798475	0.005447
44	C	12612	6336375	5792291	0.002177	347	384	6335961	0	0	0	nan	0	0	0	0	0	0	nan	0	0	0	0.002177	0.000019	0.002177	0.000019	0.790056	0.006895
45	A	21544	6339326	5795921	0.003717	347	384	6338903	0	0	0	nan	0	0	0	0	0	0	nan	0	0	0	0.003717	0.000025	0.003717	0.000025	0.702647	0.004726
46	G	4412	6341411	5594799	0.000789	346	384	6340996	0	0	0	nan	0	0	0	0	0	0	nan	0	0	0	0.000789	0.000012	0.000789	0.000012	nan	nan
47	G	9294	6346092	5650624	0.001645	345	384	6345668	0	0	0	nan	0	0	0	0	0	0	nan	0	0	0	0.001645	0.000017	0.001645	0.000017	nan	nan
48	A	12988	6355327	5620308	0.002311	345	384	6354886	0	0	0	nan	0	0	0	0	0	0	nan	0	0	0	0.002311	0.000020	0.002311	0.000020	0.436862	0.003781
49	G	17296	6357009	5610548	0.003083	346	384	6356571	0	0	0	nan	0	0	0	0	0	0	nan	0	0	0	0.003083	0.000023	0.003083	0.000023	nan	nan
50	G	3553	6368929	5441585	0.000653	344	384	6368542	0	0	0	nan	0	0	0	0	0	0	nan	0	0	0	0.000653	0.000011	0.000653	0.000011	nan	nan
51	U	31087	6373774	5670230	0.005482	344	384	6373441	0	0	0	nan	0	0	0	0	0	0	nan	0	0	0	0.005482	0.000031	0.005482	0.000031	1.194336	0.006754
52	U	17764	6383737	5674322	0.003131	346	384	6383479	0	0	0	nan	0	0	0	0	0	0	nan	0	0	0	0.003131	0.000023	0.003131	0.000023	0.682135	0.005011
53	A	13385	6390375	5919323	0.002261	345	384	6390135	0	0	0	nan	0	0	0	0	0	0	nan	0	0	0	0.002261	0.000020	0.002261	0.000020	0.427410	0.003781
54	A	25686	6394579	6043890	0.004250	345	384	6394388	0	0	0	nan	0	0	0	0	0	0	nan	0	0	0	0.004250	0.000027	0.004250	0.000027	0.803403	0.005104
55	U	21684	6395677	5958795	0.003639	345	384	6395534	0	0	0	nan	0	0	0	0	0	0	nan	0	0	0	0.003639	0.000025	0.003639	0.000025	0.792810	0.005447
56	G	6860	6396565	5716951	0.001200	344	384	6396438	0	0	0	nan	0	0	0	0	0	0	nan	0	0	0	0.001200	0.000014	0.001200	0.000014	nan	nan
57	G	0	6397558	5774274	0.000000	344	384	6397453	0	0	0	nan	0	0	0	0	0	0	nan	0	0	0	0.000000	0.000000	0.000000	0.000000	nan	nan
58	A	0	6400232	89	0.000000	344	384	6400232	0	0	0	nan	0	0	0	0	0	0	nan	0	0	0	0.000000	0.000000	nan	nan	nan	nan
59	A	0	6400137	53	0.000000	343	384	6400137	0	0	0	nan	0	0	0	0	0	0	nan	0	0	0	0.000000	0.000000	nan	nan	nan	nan
60	G	0	6400058	20	0.000000	342	384	6400058	0	0	0	nan	0	0	0	0	0	0	nan	0	0	0	0.000000	0.000000	nan	nan	nan	nan
61	u	0	6400013	0	nan	342	384	6400013	0	0	0	nan	0	0	0	0	0	0	nan	0	0	0	nan	nan	nan	nan	nan	nan
62	a	0	6399927	0	nan	341	384	6399927	0	0	0	nan	0	0	0	0	0	0	nan	0	0	0	nan	nan	nan	nan	nan	nan
63	a	0	6399877	0	nan	340	384	6399877	0	0	0	nan	0	0	0	0	0	0	nan	0	0	0	nan	nan	nan	nan	nan	nan
64	a	0	6399851	0	nan	340	384	6399851	0	0	0	nan	0	0	0	0	0	0	nan	0	0	0	nan	nan	nan	nan	nan	nan
65	g	0	6399826	0	nan	336	381	6399826	0	0	0	nan	0	0	0	0	0	0	nan	0	0	0	nan	nan	nan	nan	nan	nan
66	g	0	6399795	0	nan	335	381	6399795	0	0	0	nan	0	0	0	0	0	0	nan	0	0	0	nan	nan	nan	nan	nan	nan
67	u	0	6399750	0	nan	334	380	6399750	0	0	0	nan	0	0	0	0	0	0	nan	0	0	0	nan	nan	nan	nan	nan	nan
68	a	0	6399725	0	nan	334	380	6399725	0	0	0	nan	0	0	0	0	0	0	nan	0	0	0	nan	nan	nan	nan	nan	nan
69	a	0	6399688	0	nan	334	380	6399688	0	0	0	nan	0	0	0	0	0	0	nan	0	0	0	nan	nan	nan	nan	nan	nan
70	u	0	6399671	0	nan	334	380	6399671	0	0	0	nan	0	0	0	0	0	0	nan	0	0	0	nan	nan	nan	nan	nan	nan
71	g	0	6399632	0	nan	334	379	6399632	0	0	0	nan	0	0	0	0	0	0	nan	0	0	0	nan	nan	nan	nan	nan	nan
72	a	0	6399577	0	nan	333	379	6399577	0	0	0	nan	0	0	0	0	0	0	nan	0	0	0	nan	nan	nan	nan	nan	nan
73	a	0	6399556	0	nan	333	379	6399556	0	0	0	nan	0	0	0	0	0	0	nan	0	0	0	nan	nan	nan	nan	nan	nan
74	g	0	6399539	0	nan	333	379	6399539	0	0	0	nan	0	0	0	0	0	0	nan	0	0	0	nan	nan	nan	nan	nan	nan
75	g	0	6399494	0	nan	332	377	6399494	0	0	0	nan	0	0	0	0	0	0	nan	0	0	0	nan	nan	nan	nan	nan	nan
76	u	0	6399388	0	nan	332	376	6399388	0	0	0	nan	0	0	0	0	0	0	nan	0	0	0	nan	nan	nan	nan	nan	nan
77	g	0	6399284	0	nan	332	375	6399284	0	0	0	nan	0	0	0	0	0	0	nan	0	0	0	nan	nan	nan	nan	nan	nan
78	a	0	6399206	0	nan	332	375	6399206	0	0	0	nan	0	0	0	0	0	0	nan	0	0	0	nan	nan	nan	nan	nan	nan
79	a	0	6394320	0	nan	328	373	6394320	0	0	0	nan	0	0	0	0	0	0	nan	0	0	0	nan	nan	nan	nan	nan	nan
80	g	0	6391896	0	nan	327	369	6391896	0	0	0	nan	0	0	0	0	0	0	nan	0	0	0	nan	nan	nan	nan	nan	nan