212
i	j	-log10(Probability)
22	30	4.82439
22	54	9.4934
22	79	19.0105
22	80	16.5771
22	85	13.4823
22	91	12.684
22	102	12.675
22	113	12.7503
22	122	13.3141
22	162	8.85902
22	164	9.46922
22	167	9.37094
22	172	5.43696
22	176	6.40337
22	182	4.242
23	29	4.4758
23	30	4.02807
23	53	8.79876
23	54	10.0273
23	78	19.0293
23	79	16.3701
23	80	17.7266
23	90	12.9421
23	91	9.897
23	161	8.94671
23	162	8.82968
23	166	9.2297
23	167	10.0847
23	181	4.20307
23	182	4.83916
24	29	3.66394
24	30	5.39333
24	53	9.30848
24	54	11.5965
24	67	14.9676
24	78	16.2639
24	79	17.5486
24	80	19.886
24	90	9.8632
24	91	12.6478
24	113	9.89818
24	128	8.26056
24	147	0.390718
24	161	8.82372
24	162	8.42634
24	164	7.60271
24	166	10.3295
24	167	11.0359
24	181	5.18279
24	182	5.74142
25	29	4.96827
25	44	9.84865
25	51	6.54794
25	53	10.6664
25	54	12.2743
25	55	9.58711
25	61	7.396
25	66	14.6519
25	67	14.1442
25	68	16.2358
25	77	16.2627
25	78	17.3495
25	79	19.9321
25	80	19.777
25	89	9.8586
25	90	12.6045
25	91	15.3646
25	112	9.82702
25	113	10.6975
25	126	13.1429
25	127	8.22511
25	128	12.1483
25	132	7.89275
25	140	0.601314
25	145	4.40664
25	146	0.362015
25	147	4.34108
25	152	7.97684
25	160	8.87837
25	161	8.36589
25	162	10.9207
25	163	7.42189
25	164	7.80369
25	166	11.8957
25	167	12.3275
25	181	5.93275
25	182	5.65744
25	183	2.31918
25	187	1.42272
25	192	3.39072
26	43	9.87004
26	44	9.84458
26	50	6.54867
26	53	11.2484
26	54	9.64137
26	55	7.53826
26	60	7.39598
26	65	14.5707
26	66	13.6567
26	67	16.7762
26	68	16.7722
26	77	17.3478
26	78	19.9502
26	79	19.507
26	80	19.5342
26	88	9.86132
26	89	12.5978
26	90	15.4135
26	91	14.6808
26	112	10.5979
26	125	13.2032
26	126	8.22512
26	127	12.1658
26	131	7.89331
26	139	0.602161
26	144	4.37903
26	145	0.361992
26	146	4.3546
26	151	8.00158
26	152	7.56447
26	159	9.16503
26	160	8.35936
26	161	10.8932
26	162	7.43226
26	163	7.48861
26	166	11.9567
26	167	11.9078
26	181	5.6673
26	182	2.35154
26	183	0.6514
26	186	1.43258
26	191	3.63099
26	192	2.49703
27	43	9.90459
27	53	9.64737
27	54	7.53303
27	65	13.5308
27	67	16.7591
27	78	19.5038
27	79	19.462
27	80	19.9965
27	90	14.6799
27	91	14.87
27	125	8.24197
27	144	0.382905
27	151	7.58004
27	159	8.40005
27	161	7.43698
27	162	7.49671
27	166	11.6741
27	167	11.8881
27	181	2.37815
27	182	0.648523
27	191	2.5115
28	43	9.66862
28	53	7.41054
28	58	7.56849
28	65	12.0713
28	78	19.5352
28	79	20.0508
28	85	13.9533
28	90	14.9016
28	100	11.9926
28	102	12.7203
28	105	11.902
28	108	8.88169
28	122	10.852
28	125	10.5609
28	144	2.03323
28	151	9.01044
28	159	10.4431
28	161	7.57882
28	166	11.776
28	170	8.9624
28	172	7.93832
28	176	7.42543
28	181	0.65124
28	191	4.39666
29	35	8.76261
29	36	7.25049
29	37	7.00901
29	38	6.914
29	39	7.93246
29	40	8.7374
29	41	10.2868
29	42	9.63512
29	46	8.1689
29	49	6.12871
29	52	7.40216
29	57	7.55484
29	63	9.4337
29	64	11.7139
29	70	18.4464
29	71	17.5106
29	72	16.5039
29	73	17.4487
29	74	17.8127
29	75	19.462
29	76	19.9104
29	82	18.8207
29	83	18.535
29	84	14.637
29	87	13.9249
29	95	7.49519
29	96	9.79822
29	97	11.8952
29	98	12.9849
29	99	12.1112
29	101	12.8376
29	104	11.8237
29	107	8.76581
29	110	10.3066
29	111	12.3849
29	115	9.78515
29	118	11.6194
29	119	12.124
29	121	10.9211
29	124	10.3216
29	130	9.75243
29	138	0.477815
29	142	1.29218
29	143	1.8
29	149	8.16327
29	150	8.85131
29	154	11.606
29	157	10.0887
29	158	10.4979
29	165	12.0378
29	169	9.73807
29	171	8.47425
29	174	11.0493
29	175	7.99006
29	180	0.674206
29	185	4.48229
29	189	3.76584
29	190	4.21811
30	34	8.81321
30	35	7.25156
30	36	6.97475
30	37	6.79056
30	38	7.82057
30	39	8.35272
30	40	10.0627
30	41	9.64664
30	45	8.05708
30	48	5.64695
30	52	9.34621
30	56	7.56159
30	59	7.60121
30	62	9.31877
30	63	11.2149
30	69	18.255
30	70	17.5024
30	71	16.5053
30	72	17.4138
30	73	17.8251
30	74	19.5069
30	75	20.0019
30	81	18.9137
30	82	19.2186
30	83	16.4295
30	86	14.2391
30	92	14.4978
30	94	7.44088
30	95	10.081
30	96	12.2888
30	97	13.3887
30	98	12.8296
30	101	11.9359
30	103	11.9013
30	106	8.76279
30	109	10.1036
30	110	12.3818
30	114	9.8287
30	117	11.4922
30	118	12.9311
30	121	9.75499
30	123	10.7476
30	129	9.64192
30	133	8.53601
30	135	4.28703
30	137	0.146921
30	141	1.79482
30	142	2.73714
30	148	8.36799
30	149	9.18436
30	153	11.225
30	156	10.1149
30	157	10.7132
30	165	13.8539
30	168	11.6044
30	171	10.1841
30	173	11.3654
30	174	9.88371
30	177	6.96366
30	179	0.798044
30	184	4.52824
30	188	3.92424
30	189	4.60439
30	193	6.70079
31	43	8.46713
31	44	8.05305
31	47	5.62554
31	50	7.28724
31	51	9.38458
31	53	6.0895
31	55	7.60356
31	58	7.4246
31	61	9.31774
31	65	12.4399
31	68	18.2238
31	80	19.4856
31	85	14.5414
31	88	12.9524
31	91	14.1722
31	93	7.4323
31	100	11.7996
31	102	12.041
31	105	8.76161
31	108	10.1091
31	112	8.86671
31	113	11.4644
31	116	10.2344
31	120	9.57697
31	122	11.1278
31	125	12.1415
31	128	10.2123
31	132	8.8612
31	134	4.10748
31	136	0.0753421
31	139	3.35444
31	140	2.45154
31	144	8.41532
31	147	9.02653
31	151	10.4339
31	152	11.0586
31	155	10.1186
31	164	14.0029
31	166	9.0158
31	167	12.1933
31	170	12.0815
31	172	11.436
31	176	9.15401
31	178	0.809858
31	181	5.71463
31	183	4.72521
31	187	4.0958
31	192	6.76497
32	42	7.79607
32	49	7.20718
32	52	5.69705
32	57	6.00665
32	64	10.2748
32	81	17.3521
32	86	11.58
32	87	11.4455
32	92	7.43228
32	99	11.5785
32	103	10.1321
32	104	8.75896
32	111	8.86111
32	114	8.61783
32	117	9.12548
32	123	12.0545
32	124	11.9072
32	135	0.0730014
32	138	3.10214
32	143	7.97366
32	150	9.99132
32	165	8.91579
32	168	13.9056
32	173	8.21783
32	177	0.81503
32	180	5.71273
33	44	5.37938
33	51	5.56131
33	54	8.78326
33	55	5.40587
33	61	4.42812
33	66	13.0684
33	67	13.6874
33	68	12.2643
33	78	17.4123
33	79	17.0583
33	80	17.4685
33	85	11.6925
33	89	9.81427
33	90	8.8389
33	91	7.44989
33	102	10.1799
33	113	8.52135
33	116	8.40355
33	122	11.0748
33	126	10.7133
33	127	8.0725
33	128	6.05025
33	132	1.94149
33	134	0.0730857
33	140	4.3066
33	145	7.24692
33	146	6.64223
33	147	5.25841
33	152	11.9417
33	160	13.5979
33	161	13.0851
33	162	11.7958
33	163	11.7532
33	164	8.91385
33	167	13.6408
33	172	7.02434
33	176	1.47508
33	182	9.02892
33	183	6.90607
33	187	6.18079
33	192	7.59243
34	43	5.34581
34	44	3.03406
34	50	5.55056
34	51	5.45814
34	53	8.32295
34	54	5.56549
34	55	3.65633
34	60	4.42588
34	61	4.9152
34	65	12.4265
34	66	12.0397
34	67	11.6593
34	68	14.8308
34	77	17.0016
34	78	16.4013
34	79	17.5493
34	80	16.8268
34	88	9.7737
34	89	8.51781
34	90	7.46616
34	91	12.8582
34	112	8.25657
34	113	7.52327
34	125	10.8485
34	126	8.06361
34	127	5.41651
34	128	7.18136
34	131	1.92891
34	132	0.0214818
34	139	4.31793
34	140	3.35019
34	144	7.75208
34	145	5.93478
34	146	4.45473
34	147	6.63777
34	151	11.1075
34	152	10.3866
34	159	14.1514
34	160	12.5632
34	161	11.338
34	162	11.7906
34	163	8.91307
34	164	10.4696
34	166	14.103
34	167	13.2562
34	181	9.56183
34	182	7.52452
34	183	6.61685
34	186	6.1764
34	187	6.71388
34	191	7.63682
34	192	7.89227
35	43	3.03135
35	44	3.4825
35	50	5.45681
35	53	6.05322
35	54	3.71121
35	55	2.28077
35	60	4.91658
35	65	11.773
35	66	11.0125
35	67	15.9975
35	68	15.4209
35	77	16.3502
35	78	17.6934
35	79	16.8118
35	80	16.7714
35	88	8.51323
35	89	7.46719
35	90	12.8246
35	91	12.7145
35	112	7.48153
35	125	8.1149
35	126	5.41563
35	127	7.69186
35	131	0.0214878
35	139	3.35253
35	144	6.05046
35	145	4.39837
35	146	6.60984
35	151	10.429
35	152	10.2573
35	159	13.0564
35	160	11.2092
35	161	11.8068
35	162	8.92193
35	163	10.3243
35	166	13.4925
35	167	13.0268
35	181	7.63977
35	182	6.69934
35	183	5.36176
35	186	6.70862
35	191	7.97956
35	192	6.88961
36	43	3.50559
36	53	3.78851
36	54	2.36439
36	65	10.9014
36	67	15.4093
36	78	16.8779
36	79	16.8294
36	80	15.3451
36	90	12.7914
36	91	12.1238
36	125	5.41881
36	144	4.4218
36	151	10.1916
36	159	11.3166
36	161	8.92869
36	162	10.3151
36	166	13.0357
36	167	12.5984
36	181	6.73832
36	182	5.37616
36	191	6.89951
37	53	2.53208
37	54	2.87822
37	78	17.1103
37	79	15.3195
37	80	15.1963
37	90	12.3485
37	91	9.57874
37	161	10.3491
37	162	11.5103
37	166	12.928
37	167	12.6108
37	181	5.41316
37	182	8.45761
38	53	2.61468
38	54	3.4783
38	67	14.2909
38	78	15.316
38	79	15.1614
38	80	16.1763
38	90	9.48217
38	91	11.5579
38	113	8.82787
38	128	1.4668
38	147	6.8789
38	161	11.1655
38	162	12.8131
38	164	11.6704
38	166	13.0642
38	167	12.8597
38	181	8.70552
38	182	9.35304
39	51	2.87354
39	53	3.07206
39	54	5.6499
39	55	4.80942
39	61	6.21328
39	66	13.8013
39	67	15.2183
39	68	15.0329
39	77	15.3168
39	78	15.1467
39	79	16.1015
39	80	15.5175
39	89	9.45691
39	90	11.3964
39	91	9.74015
39	112	8.80245
39	113	9.73705
39	126	6.52072
39	127	1.49877
39	128	0.0417908
39	132	4.37295
39	140	4.58121
39	145	7.63325
39	146	6.84507
39	147	7.19823
39	152	11.7033
39	160	11.0196
39	161	12.2464
39	162	11.1734
39	163	11.6072
39	164	13.1316
39	166	13.5241
39	167	12.4961
39	181	9.50632
39	182	10.3541
39	183	9.08694
39	187	7.16532
39	192	8.55067
40	50	2.87617
40	51	2.35135
40	53	5.44062
40	54	4.88108
40	55	5.43397
40	60	6.21343
40	61	6.80465
40	65	13.6475
40	66	14.4194
40	67	14.9614
40	68	16.3284
40	77	15.1434
40	78	16.0875
40	79	15.4446
40	80	18.5976
40	88	9.45996
40	89	11.3842
40	90	9.57026
40	91	13.3262
40	112	9.70774
40	113	11.184
40	125	6.51299
40	126	1.54781
40	127	0.0258653
40	128	1.77454
40	131	4.40021
40	132	5.64273
40	139	4.58311
40	140	5.04945
40	144	8.02935
40	145	6.84728
40	146	7.17818
40	147	7.70145
40	151	12.2389
40	152	12.6878
40	159	12.1178
40	160	12.1368
40	161	10.7317
40	162	11.7836
40	163	13.0783
40	164	13.4841
40	166	13.4366
40	167	13.1998
40	181	10.741
40	182	9.561
40	183	9.29115
40	186	7.16871
40	187	7.12666
40	191	9.03834
40	192	9.49485
41	50	2.35098
41	51	2.7322
41	53	5.01753
41	54	5.47367
41	55	5.87559
41	60	6.80533
41	61	6.45862
41	65	14.269
41	66	14.7262
41	67	16.2471
41	68	18.5795
41	77	16.0864
41	78	15.43
41	79	18.6907
41	80	18.734
41	88	11.4654
41	89	9.53632
41	90	13.7571
41	91	16.6936
41	112	11.2271
41	113	9.38867
41	125	1.64624
41	126	0.0243145
41	127	1.76952
41	128	6.27454
41	131	5.67337
41	132	5.05802
41	139	5.06234
41	140	4.47444
41	144	7.6978
41	145	7.17734
41	146	7.68432
41	147	9.86541
41	151	14.2433
41	152	14.3365
41	159	13.4878
41	160	10.6048
41	161	11.9791
41	162	14.0535
41	163	13.5152
41	164	14.3817
41	166	15.4638
41	167	14.2324
41	181	9.7848
41	182	9.45624
41	183	9.95292
41	186	7.12835
41	187	7.39831
41	191	11.1287
41	192	10.04
42	50	2.72989
42	53	5.53341
42	54	5.87613
42	58	7.79564
42	60	6.458
42	65	14.5943
42	66	15.9761
42	67	18.5373
42	77	15.4274
42	78	18.8964
42	79	18.69
42	85	14.2506
42	88	9.53519
42	89	13.7866
42	90	16.7167
42	93	12.4512
42	100	14.4403
42	102	12.4924
42	105	9.83497
42	108	9.83841
42	112	9.35072
42	116	6.28071
42	120	4.25944
42	122	5.60267
42	125	0.0356296
42	126	1.76917
42	127	6.28925
42	131	5.05777
42	134	7.37158
42	136	4.57061
42	139	4.47339
42	144	7.64218
42	145	7.69034
42	146	9.85133
42	151	14.3352
42	155	13.1763
42	159	10.604
42	160	11.9891
42	161	14.0958
42	162	14.148
42	163	14.3815
42	166	14.4403
42	170	6.36556
42	172	9.06742
42	176	6.91534
42	178	8.89383
42	181	9.5563
42	182	10.1195
42	186	7.39705
42	191	10.0503
43	49	2.74241
43	52	6.93318
43	57	7.10518
43	59	6.47613
43	64	13.9781
43	71	19.5878
43	72	18.5887
43	73	17.4561
43	74	15.1897
43	76	15.4439
43	82	14.3191
43	84	14.3171
43	87	9.53896
43	92	13.5196
43	98	14.4491
43	99	14.4597
43	101	12.4662
43	104	9.49914
43	107	9.87653
43	111	9.35358
43	115	6.27634
43	118	6.8643
43	119	4.26033
43	121	5.58815
43	124	0.026505
43	130	5.08629
43	133	7.88237
43	135	4.57227
43	138	4.48707
43	143	8.15167
43	150	13.1762
43	154	13.1861
43	158	10.5894
43	165	16.7909
43	169	6.36122
43	171	9.39777
43	174	7.31268
43	175	6.80091
43	177	9.13138
43	180	9.97316
43	185	7.42292
43	190	10.0702
43	193	13.957
44	70	19.5392
44	71	18.5733
44	72	17.4362
44	73	15.2051
44	81	14.3091
44	83	14.4337
44	86	9.56243
44	92	12.3409
44	97	14.3275
44	98	14.2669
44	103	9.3953
44	114	6.32514
44	117	6.33557
44	118	4.31009
44	123	0.00584568
44	157	10.5895
44	165	13.626
44	168	6.36108
44	173	7.05815
44	174	6.81049
44	177	9.34545
45	54	5.41465
45	79	16.668
45	80	14.3115
45	85	10.1032
45	91	12.3282
45	102	9.40157
45	113	6.45325
45	122	0.0226862
45	162	16.116
45	164	13.6492
45	167	6.3613
45	172	7.06515
45	176	9.05488
45	182	7.00688
46	53	4.87216
46	58	6.88475
46	65	11.2176
46	78	16.4058
46	79	14.3395
46	90	12.3762
46	100	10.5064
46	105	8.29498
46	125	4.41867
46	144	6.31492
46	151	10.099
46	161	15.3937
46	166	6.36131
46	181	6.9636
47	52	4.79279
47	57	6.76417
47	64	10.9328
47	81	14.8899
47	86	11.7796
47	92	12.1361
47	99	10.4684
47	103	8.00572
47	104	8.2971
47	114	4.08322
47	123	3.37212
47	124	4.35675
47	143	6.28323
47	150	9.70721
47	165	6.36117
47	168	12.7495
47	173	6.52458
47	177	6.89056
47	180	6.9624
48	54	8.33372
48	67	15.1453
48	78	14.7375
48	79	17.4889
48	80	14.8993
48	85	12.3065
48	90	11.9924
48	91	12.2763
48	102	8.0077
48	113	4.08158
48	122	3.37975
48	128	7.9997
48	147	8.22723
48	161	12.0825
48	162	12.7798
48	164	6.36144
48	167	12.8675
48	172	6.53661
48	176	6.66338
48	182	10.6067
49	53	8.21251
49	58	6.43322
49	65	11.2612
49	66	14.6624
49	77	14.73
49	78	17.2788
49	79	14.9436
49	88	9.65283
49	89	12.1342
49	90	14.1558
49	93	12.3527
49	100	7.54704
49	105	6.83754
49	112	4.08092
49	125	5.75524
49	127	7.98799
49	136	6.17361
49	139	6.66217
49	144	8.59795
49	146	8.19156
49	151	10.9054
49	160	11.8016
49	161	11.8697
49	163	6.36712
49	166	12.9757
49	178	7.12965
49	181	10.5581
50	57	6.31825
50	64	10.8338
50	71	16.2605
50	72	15.8139
50	73	13.9806
50	87	9.50159
50	92	12.3997
50	98	8.59148
50	99	7.52343
50	104	6.82931
50	111	4.08142
50	118	0.0035232
50	124	5.72001
50	135	6.40272
50	138	6.70501
50	143	8.65123
50	150	10.3722
50	165	13.0259
50	174	4.32061
50	177	7.356
50	180	10.5517
51	70	16.255
51	71	15.8127
51	72	13.9789
51	81	16.886
51	86	9.49981
51	92	13.4348
51	97	8.58831
51	98	7.52335
51	103	6.82954
51	114	7.72286
51	117	0.0034229
51	123	5.72017
51	135	6.62031
51	165	13.9494
51	168	12.8822
51	173	4.3202
51	177	7.50045
52	58	8.86781
52	60	6.35956
52	65	12.5241
52	77	15.3326
52	80	16.9106
52	85	10.0587
52	88	11.4986
52	91	13.2077
52	93	10.7387
52	100	11.4154
52	102	6.96301
52	105	11.2434
52	108	5.42962
52	112	5.76283
52	113	9.21176
52	116	0.0035206
52	120	6.80485
52	122	5.72667
52	125	12.5207
52	131	7.52431
52	134	6.37843
52	136	6.91954
52	139	8.678
52	144	10.6442
52	151	12.7085
52	155	11.1383
52	159	10.0023
52	164	13.4664
52	166	16.067
52	167	13.8679
52	170	10.4636
52	172	4.36018
52	176	6.99015
52	178	10.7887
52	181	13.4812
52	186	9.61998
52	191	10.5091
53	57	6.8434
53	59	6.34052
53	63	7.73606
53	64	9.49285
53	70	13.9772
53	71	17.5558
53	72	16.4698
53	73	16.7737
53	74	15.5469
53	75	15.0533
53	76	15.3425
53	82	15.9523
53	83	12.9916
53	84	10.5904
53	87	11.1026
53	92	10.7714
53	95	8.47032
53	96	7.55801
53	97	9.87045
53	98	11.5054
53	99	9.75941
53	101	7.1281
53	104	9.92562
53	107	5.39763
53	110	5.32024
53	111	5.72657
53	115	0.30036
53	118	8.24705
53	119	6.79856
53	121	5.72917
53	124	11.2452
53	130	7.61197
53	133	6.55559
53	135	7.01619
53	138	8.74383
53	142	7.1733
53	143	8.52354
53	149	8.8072
53	150	10.2654
53	154	11.1976
53	157	12.1788
53	158	10.0564
53	165	16.1704
53	169	10.5971
53	171	4.81405
53	174	8.36571
53	175	6.01768
53	177	10.92
53	180	11.4473
53	185	9.80207
53	189	10.4049
53	190	10.0984
53	193	10.3408
54	62	7.68594
54	63	8.61068
54	69	13.9934
54	70	17.5321
54	71	16.3776
54	72	16.7377
54	73	15.536
54	74	15.0094
54	75	15.3969
54	81	16.3183
54	82	12.4998
54	83	11.5597
54	84	12.7763
54	86	10.907
54	87	9.92927
54	94	8.33176
54	95	7.68647
54	96	9.81384
54	97	11.3819
54	98	9.47121
54	99	8.78681
54	103	10.078
54	104	7.80916
54	106	5.86144
54	109	5.28064
54	110	5.3627
54	114	1.98711
54	115	0.308293
54	117	8.92823
54	118	7.15697
54	119	7.72036
54	123	11.4941
54	124	9.06597
54	129	8.00465
54	137	9.79976
54	141	7.09728
54	142	8.51961
54	148	8.96781
54	149	10.8388
54	153	11.366
54	156	12.4763
54	157	10.1933
54	158	8.53503
54	168	12.9046
54	169	8.80119
54	173	9.70091
54	174	5.99985
54	175	8.17347
54	179	11.4122
54	184	11.3228
54	188	11.7141
54	189	11.0287
55	70	16.0765
55	71	16.6186
55	72	15.5071
55	73	14.993
55	81	12.3988
55	83	12.6508
55	86	8.85436
55	92	7.46387
55	97	9.36138
55	98	8.7613
55	103	7.25579
55	114	0.0073954
55	117	7.4948
55	118	7.72449
55	123	8.9195
55	157	8.53128
55	165	13.3021
55	168	8.78828
55	173	5.9756
55	174	8.04109
55	177	9.16142
56	67	10.7535
56	78	13.6532
56	79	15.7089
56	80	12.4063
56	85	9.06203
56	90	9.06681
56	91	7.46278
56	102	7.34292
56	113	0.00313972
56	122	8.91536
56	128	8.28035
56	147	8.64265
56	161	12.1299
56	162	13.0796
56	164	13.2521
56	167	8.90386
56	172	5.9886
56	176	8.26012
56	182	11.7533
57	65	10.1296
57	66	9.75752
57	77	13.5135
57	78	16.0927
57	79	12.7686
57	85	9.61605
57	88	9.00666
57	89	8.89962
57	90	7.47424
57	93	7.65585
57	100	10.2769
57	102	6.34548
57	105	7.58703
57	108	3.26642
57	112	0.00309773
57	116	7.09795
57	120	7.05093
57	122	11.3762
57	125	13.7505
57	127	8.24637
57	131	8.76937
57	134	9.20034
57	136	8.79331
57	139	8.1807
57	144	8.0006
57	146	8.57827
57	151	12.9662
57	155	9.11116
57	159	14.1817
57	160	12.1134
57	161	13.5589
57	163	13.2361
57	166	10.1001
57	170	10.3532
57	172	8.87004
57	176	5.67927
57	178	7.65078
57	181	12.0572
57	186	10.321
57	191	10.4661
58	64	8.47657
58	76	13.5671
58	81	13.8803
58	84	10.1718
58	86	8.63741
58	87	9.66151
58	92	7.65621
58	99	10.8534
58	101	6.2376
58	103	8.07939
58	104	8.55698
58	106	0.687723
58	107	3.23044
58	109	4.25506
58	111	0.101873
58	114	9.27666
58	115	7.15214
58	119	7.05164
58	121	11.2247
58	123	13.7928
58	124	14.9295
58	129	10.3655
58	130	8.85546
58	133	9.30251
58	135	8.82263
58	138	8.43764
58	143	9.00897
58	148	9.07846
58	150	12.1925
58	154	9.57439
58	158	14.2337
58	165	13.5118
58	168	13.6374
58	169	10.802
58	171	9.0344
58	173	9.114
58	175	5.58917
58	177	7.6471
58	180	13.2042
58	185	10.5511
58	190	10.5003
58	193	12.5699
59	65	6.74375
59	80	13.6813
59	85	7.99351
59	91	7.67945
59	100	6.0434
59	102	7.32095
59	105	0.00732677
59	108	4.03156
59	113	9.36675
59	122	13.3159
59	125	8.21301
59	128	10.6948
59	144	7.54179
59	147	9.49845
59	151	11.2618
59	164	13.6338
59	166	14.7567
59	167	14.1467
59	170	9.44063
59	172	9.08321
59	176	7.41461
59	181	12.1613
60	64	5.81125
60	71	10.5716
60	72	11.8276
60	73	12.1334
60	87	2.32765
60	98	6.82862
60	99	6.03141
60	104	0.00514368
60	118	7.03244
60	124	8.18874
60	143	7.50883
60	150	10.8771
60	165	14.8504
60	174	4.4344
60	180	12.0598
61	70	10.5703
61	71	11.8315
61	72	12.134
61	81	10.3443
61	86	2.32632
61	92	7.51363
61	97	6.82592
61	98	6.04148
61	103	0.00517086
61	114	8.69879
61	117	7.03175
61	123	8.18873
61	165	14.3259
61	168	11.1134
61	173	4.43391
61	177	10.4396
62	79	10.0047
62	80	10.5116
62	85	2.57632
62	91	7.48699
62	102	0.0730338
62	113	8.83983
62	122	8.22088
62	162	14.2165
62	164	14.3335
62	167	11.3876
62	172	4.44854
62	176	10.3952
62	182	13.2675
63	78	9.28021
63	79	10.7858
63	80	13.0259
63	90	7.41075
63	91	9.78244
63	113	9.77962
63	128	12.0009
63	147	10.6093
63	161	14.1474
63	162	15.9424
63	164	14.7776
63	166	12.0909
63	167	13.9488
63	181	13.0484
63	182	13.1397
64	77	9.1549
64	78	11.9513
64	79	12.9821
64	85	0.0236996
64	88	7.63235
64	89	7.4275
64	90	10.2234
64	93	10.1055
64	100	5.32909
64	102	6.15344
64	105	7.94684
64	108	8.17932
64	112	9.76568
64	116	9.97133
64	120	9.69955
64	122	14.5231
64	125	16.9774
64	127	12.7279
64	131	11.4203
64	134	11.7979
64	136	11.9005
64	139	12.0583
64	144	11.9174
64	146	11.2485
64	151	14.6767
64	155	15.6124
64	159	17.4978
64	160	14.3173
64	161	16.4886
64	163	14.7308
64	166	15.9826
64	170	9.8413
64	172	10.7867
64	176	12.5075
64	178	12.7749
64	181	14.0865
64	186	12.1449
64	191	12.5643
65	71	12.1704
65	72	11.3117
65	73	11.3024
65	74	10.1596
65	76	9.1644
65	82	7.99165
65	84	0.00148377
65	87	7.78052
65	92	10.3731
65	98	9.72266
65	99	8.79199
65	101	7.03449
65	104	9.25296
65	107	8.31187
65	111	10.1965
65	115	10.2513
65	118	13.2552
65	119	9.86555
65	121	14.4532
65	124	18.4046
65	130	11.8189
65	133	12.2626
65	135	12.3683
65	138	12.4574
65	143	13.4529
65	150	15.2742
65	154	16.065
65	158	16.8296
65	165	18.9104
65	169	10.9776
65	171	11.4897
65	174	13.5723
65	175	12.5683
65	177	13.4693
65	180	16.086
65	185	12.6373
65	190	12.8697
65	193	14.1615
66	70	11.8363
66	71	10.9343
66	72	11.1416
66	73	10.1273
66	81	8.00115
66	83	5.38155e-06
66	86	8.19682
66	87	9.66742
66	97	9.78686
66	98	9.38573
66	99	9.74247
66	103	9.64372
66	104	10.0889
66	111	12.6882
66	114	10.9796
66	117	13.0001
66	118	10.0356
66	123	18.7075
66	124	19.185
66	138	15.8777
66	143	13.9164
66	150	15.7325
66	157	16.9034
66	168	12.1649
66	173	13.8892
66	174	12.8088
66	180	17.2587
67	71	11.1919
67	72	10.204
67	73	12.3345
67	74	9.16256
67	82	4.51713e-05
67	84	9.00287
67	86	10.0844
67	87	12.3671
67	96	9.83685
67	97	9.46934
67	98	10.7639
67	99	14.4242
67	103	11.1344
67	104	13.4537
67	110	12.9731
67	115	12.8074
67	117	10.7826
67	118	15.7216
67	119	17.644
67	123	20.2096
67	124	21.2789
67	137	16.688
67	142	14.4224
67	149	16.1202
67	156	17.3839
67	158	20.6814
67	169	16.7656
67	173	13.6156
67	174	16.2508
67	175	16.2737
67	179	17.814
68	72	11.8703
68	73	9.15574
68	81	2.51324e-06
68	83	9.00661
68	86	11.5983
68	92	9.33476
68	97	11.0113
68	98	14.2482
68	103	13.1875
68	114	12.6022
68	117	13.5246
68	118	17.5279
68	123	21.1113
68	157	20.7102
68	165	13.4614
68	168	16.7441
68	173	15.4903
68	174	16.2907
68	177	19.0431
69	78	5.45985
69	79	3.83773
69	80	0.000488423
69	85	11.6021
69	90	12.5827
69	91	9.33307
69	102	13.3052
69	113	12.6063
69	122	21.2894
69	128	19.0732
69	147	16.2121
69	161	22.4733
69	162	21.912
69	164	13.4611
69	167	16.7107
69	172	15.5808
69	176	19.1538
69	182	21.9405
70	77	5.11693
70	78	3.53344
70	79	0.00112968
70	80	5.00559
70	89	12.4762
70	90	9.33307
70	91	11.2301
70	112	12.6113
70	113	14.3066
70	126	23.0759
70	127	19.0556
70	128	19.2263
70	132	16.8699
70	140	16.2128
70	145	18.1078
70	146	16.1796
70	147	15.9183
70	152	20.5508
70	160	22.3921
70	161	21.406
70	162	20.0509
70	163	13.461
70	164	18.385
70	166	16.6845
70	167	20.5672
70	181	22.296
70	182	22.5262
70	183	20.4253
70	187	16.8192
70	192	18.6142
71	77	3.35641
71	78	0.000430663
71	79	4.4808
71	80	5.96948
71	88	12.4747
71	89	9.33288
71	90	11.2097
71	91	13.505
71	112	14.2924
71	113	14.123
71	125	23.3703
71	126	19.0836
71	127	19.2101
71	128	18.5761
71	131	16.8716
71	132	17.5485
71	139	16.6442
71	140	16.8686
71	144	18.4694
71	145	16.1774
71	146	15.8951
71	147	15.0055
71	151	21.1121
71	152	21.0485
71	159	22.5071
71	160	20.767
71	161	18.2407
71	162	13.4617
71	163	18.3738
71	164	19.0888
71	166	20.6867
71	167	21.9809
71	181	22.665
71	182	20.5919
71	183	20.6167
71	186	16.8194
71	187	17.3245
71	191	18.8322
71	192	18.7246
72	77	0.000369056
72	78	4.24703
72	79	5.24535
72	80	7.15305
72	88	9.33319
72	89	11.1964
72	90	13.5149
72	91	14.726
72	112	14.119
72	113	14.0113
72	125	19.2102
72	126	19.2228
72	127	18.3325
72	128	20.156
72	131	17.5412
72	132	16.6971
72	139	17.1542
72	140	16.4348
72	144	16.5863
72	145	15.8643
72	146	14.8406
72	147	17.9557
72	151	21.6236
72	152	20.8251
72	159	20.8091
72	160	17.9449
72	161	13.4612
72	162	18.5792
72	163	19.0849
72	164	16.6767
72	166	22.6299
72	167	22.5202
72	181	20.7771
72	182	20.7034
72	183	19.4073
72	186	17.3234
72	187	17.5391
72	191	18.7768
72	192	18.7155
73	77	4.40012
73	78	5.20584
73	79	6.50045
73	80	7.86982
73	88	11.1846
73	89	13.5225
73	90	14.7689
73	91	13.9382
73	112	14.0027
73	125	19.4097
73	126	18.333
73	127	20.0221
73	131	16.6952
73	139	16.605
73	144	16.2786
73	145	14.7758
73	146	17.6647
73	151	21.2395
73	152	20.022
73	159	17.9773
73	160	13.4611
73	161	18.9937
73	162	19.0879
73	163	16.676
73	166	22.9388
73	167	22.5177
73	181	20.7998
73	182	19.4295
73	183	17.0948
73	186	17.5379
73	191	18.7807
73	192	17.7964
74	78	7.51816
74	79	8.73733
74	80	9.93697
74	90	13.9532
74	91	15.004
74	125	18.4176
74	144	14.8863
74	151	20.1788
74	159	13.4694
74	161	19.094
74	162	16.6766
74	166	22.7304
74	167	22.6027
74	181	19.463
74	182	17.2195
74	191	17.8069
75	79	9.4026
75	90	15.0254
75	91	15.5416
75	161	16.6864
75	162	20.4092
75	166	22.9202
75	167	20.4389
75	181	17.4156
75	182	16.95
76	90	15.6279
76	100	12.6952
76	105	11.6759
76	125	18.8745
76	144	13.8875
76	151	15.9601
76	161	20.2049
76	166	20.3779
76	181	16.8568
77	83	9.64092
77	87	10.8026
77	97	11.9264
77	98	13.7804
77	99	12.6929
77	104	11.6585
77	111	12.7461
77	118	18.9611
77	124	18.5784
77	138	17.9665
77	143	13.8413
77	150	15.8912
77	157	14.1525
77	165	20.3698
77	174	17.3036
77	180	16.7976
78	82	9.70214
78	84	11.5546
78	86	10.8061
78	87	11.9801
78	95	14.5605
78	96	11.9149
78	97	13.8091
78	98	12.6982
78	99	16.3424
78	103	11.6631
78	104	14.675
78	107	13.1196
78	110	12.7349
78	111	14.2668
78	115	16.7788
78	117	18.9603
78	118	20.7312
78	119	17.9634
78	123	18.617
78	124	21.9147
78	130	19.1126
78	137	17.9927
78	138	20.0031
78	142	13.8904
78	143	14.798
78	149	15.8926
78	150	17.8608
78	154	17.3111
78	156	14.1576
78	157	16.7878
78	158	13.7107
78	169	22.4846
78	173	17.3711
78	174	19.001
78	175	16.9007
78	179	16.9136
78	180	20.2748
78	185	19.7779
78	189	20.1827
78	190	17.911
79	83	11.4861
79	86	11.7314
79	87	12.713
79	94	14.0679
79	95	11.8892
79	96	13.8173
79	97	12.7127
79	98	15.6296
79	99	16.2574
79	103	14.2378
79	104	14.2581
79	106	13.016
79	107	11.3056
79	109	12.7425
79	110	13.1818
79	111	15.3493
79	114	16.72
79	115	16.236
79	117	19.6359
79	118	17.8616
79	119	20.1233
79	123	21.923
79	124	22.1296
79	129	18.9582
79	130	18.4521
79	137	19.8916
79	138	17.3909
79	141	13.9604
79	142	14.1357
79	143	17.5935
79	148	15.8926
79	149	16.7736
79	150	19.213
79	153	17.4815
79	154	13.9733
79	156	17.0326
79	157	13.7065
79	158	17.2176
79	168	22.9534
79	169	21.5783
79	173	18.9969
79	174	16.822
79	175	17.9382
79	179	19.51
79	180	17.8764
79	184	19.7237
79	185	16.3477
79	188	20.167
79	189	17.4267
79	190	19.5276
80	86	12.1765
80	92	11.9266
80	94	11.8644
80	95	13.8442
80	96	12.7903
80	97	15.4127
80	98	16.0699
80	101	13.2483
80	103	14.0338
80	106	11.0912
80	109	12.4968
80	110	13.9395
80	114	16.1706
80	117	17.0795
80	118	20.007
80	121	18.2428
80	123	22.0883
80	129	18.0883
80	133	17.1683
80	135	17.8261
80	137	16.8738
80	141	13.8456
80	142	16.8961
80	148	16.0659
80	149	18.2901
80	153	13.9541
80	156	13.7057
80	157	17.3065
80	165	22.2775
80	168	21.6704
80	171	18.2057
80	173	16.7894
80	174	17.8324
80	177	18.4069
80	179	17.5921
80	184	16.0139
80	188	17.2809
80	189	19.3879
80	193	14.3301
81	85	11.5481
81	91	11.3056
81	93	11.8644
81	100	14.0389
81	102	14.409
81	105	11.0355
81	108	12.4295
81	113	16.5422
81	116	16.1996
81	120	18.0533
81	122	21.7206
81	126	20.0152
81	128	18.4318
81	132	16.9584
81	134	17.4993
81	136	16.7675
81	140	13.7603
81	145	13.3214
81	147	16.0434
81	152	13.9535
81	155	13.7056
81	160	18.1144
81	162	17.0808
81	163	19.1354
81	164	22.8358
81	167	21.2738
81	170	18.6219
81	172	16.7601
81	176	18.1378
81	178	17.436
81	182	19.9027
81	183	15.9652
81	187	17.2582
81	192	14.2012
82	90	11.1604
82	91	12.6314
82	113	13.3327
82	125	19.977
82	128	17.1749
82	144	13.2722
82	147	15.1275
82	151	13.9734
82	159	18.087
82	161	16.7309
82	162	19.361
82	164	19.1123
82	166	20.2058
82	167	19.4837
82	181	19.4545
82	182	15.9695
82	191	14.2013
83	89	11.0171
83	90	12.626
83	91	12.1901
83	112	13.0541
83	126	17.389
83	127	16.9703
83	145	11.5852
83	146	14.9476
83	152	14.2012
83	160	16.6419
83	161	20.2117
83	162	20.2601
83	163	18.8543
83	166	19.7308
83	167	18.7589
83	181	16.2407
83	182	16.6778
83	183	16.3619
83	192	12.7721
84	90	11.0652
84	100	8.13201
84	102	4.58661
84	105	8.06492
84	108	6.27101
84	122	14.0444
84	125	16.914
84	144	11.2965
84	151	14.0327
84	159	16.6201
84	161	18.5523
84	162	18.8159
84	166	18.2099
84	170	14.3726
84	172	12.6144
84	176	12.605
84	181	15.1758
84	182	16.3108
84	191	12.6517
85	92	10.3185
85	94	7.01381
85	99	8.02117
85	101	3.3729
85	103	6.96917
85	104	7.77622
85	106	6.50846
85	107	5.87241
85	109	6.45141
85	114	10.0995
85	117	12.2887
85	121	12.9453
85	123	16.9602
85	124	16.7234
85	129	12.4448
85	133	10.2403
85	135	13.1853
85	137	12.6027
85	141	7.36701
85	143	11.0063
85	148	10.4745
85	150	13.3219
85	153	15.2191
85	156	15.7908
85	158	16.5872
85	165	17.8589
85	168	15.9488
85	169	14.2195
85	171	12.2343
85	173	12.0197
85	175	11.7466
85	177	13.635
85	179	13.3876
85	180	14.835
85	184	12.9992
85	188	10.6451
85	190	12.5151
85	193	11.7311
86	91	9.02441
86	93	6.07687
86	100	2.70455
86	102	4.94397
86	105	6.34327
86	108	6.26516
86	113	8.90578
86	116	10.3393
86	120	12.3593
86	122	15.826
86	126	11.7544
86	127	12.3748
86	128	12.8501
86	132	9.61412
86	134	12.0988
86	136	12.1072
86	140	6.84021
86	145	9.16608
86	146	8.78575
86	147	10.547
86	152	14.2424
86	155	15.1259
86	160	16.1823
86	161	15.8966
86	162	17.9374
86	163	16.312
86	164	16.57
86	167	16.2562
86	170	12.8703
86	172	11.4442
86	176	12.1786
86	178	12.8204
86	182	13.5588
86	183	12.508
86	187	10.119
86	192	11.1743
87	93	4.68802
87	100	0.0100507
87	105	2.34899
87	112	8.71774
87	125	11.6445
87	126	12.4213
87	127	13.1327
87	131	9.61412
87	136	11.4526
87	139	6.84713
87	144	9.1165
87	145	8.76088
87	146	10.5513
87	151	13.9961
87	159	16.8714
87	160	15.7642
87	161	17.5127
87	162	17.509
87	163	16.1691
87	166	17.0257
87	178	12.4603
87	181	13.0137
87	182	12.7397
87	186	10.1208
87	191	11.831
88	92	4.69079
88	98	2.38327
88	99	0.00409168
88	104	2.28986
88	111	8.68805
88	118	11.3238
88	124	11.5522
88	135	11.5236
88	138	6.92867
88	143	9.31255
88	150	13.528
88	165	18.4019
88	174	9.5314
88	177	12.8122
88	180	13.0657
89	97	2.37374
89	98	0.00410726
89	99	5.08343
89	103	2.2904
89	104	6.07513
89	111	8.56969
89	117	11.2981
89	118	11.8342
89	123	11.5529
89	124	14.6674
89	138	7.63232
89	143	7.89221
89	150	11.6883
89	157	16.9626
89	173	9.53022
89	174	11.3331
89	180	12.5349
90	96	2.371
90	97	0.00598412
90	98	4.95552
90	99	6.96259
90	103	6.10638
90	104	9.03195
90	107	5.97106
90	110	8.5647
90	111	11.9856
90	115	11.5325
90	117	11.9136
90	118	11.5537
90	119	12.3942
90	123	14.6883
90	124	17.0192
90	130	14.1313
90	137	7.63456
90	138	9.22724
90	142	7.87889
90	143	13.3806
90	149	11.6793
90	150	15.2452
90	154	15.95
90	156	17.0926
90	157	17.8351
90	158	19.5477
90	169	16.2243
90	173	11.4618
90	174	13.3395
90	175	12.9227
90	179	12.8137
90	180	12.3963
90	185	14.8279
90	189	14.6606
90	190	16.0431
91	95	2.46562
91	96	0.0333897
91	97	4.16633
91	98	6.83319
91	101	2.32225
91	103	9.24723
91	106	5.88887
91	109	8.62501
91	110	10.9167
91	114	11.5559
91	117	11.3531
91	118	12.3921
91	121	11.5836
91	123	16.8511
91	129	14.0666
91	133	11.7826
91	135	10.299
91	137	6.99401
91	141	7.87927
91	142	13.045
91	148	11.6696
91	149	14.3719
91	153	15.5272
91	156	17.5613
91	157	19.5585
91	165	20.4981
91	168	16.6681
91	171	11.926
91	173	13.2917
91	174	12.9237
91	177	16.8956
91	179	11.9931
91	184	14.6838
91	188	14.5835
91	189	16.1155
91	193	13.4259
92	100	2.28945
92	102	9.39173
92	105	5.88086
92	108	8.74699
92	112	10.0905
92	113	13.0333
92	116	10.8592
92	120	11.5696
92	122	15.8969
92	125	15.3345
92	128	14.5228
92	132	11.7663
92	134	10.3009
92	136	6.8512
92	139	8.46725
92	140	8.01094
92	144	11.1606
92	147	12.2196
92	151	12.9808
92	152	15.2966
92	155	17.4199
92	164	19.6649
92	166	14.9875
92	167	17.0649
92	170	12.4472
92	172	13.0599
92	176	15.4
92	178	11.8434
92	181	14.1563
92	183	14.6768
92	187	14.5306
92	192	13.056
93	99	2.28943
93	103	7.27279
93	104	5.8897
93	111	10.049
93	114	10.8863
93	123	13.9703
93	124	14.9952
93	135	6.85157
93	138	8.16818
93	143	11.0611
93	150	12.1225
93	165	14.8562
93	168	14.3164
93	173	11.102
93	177	11.8421
93	180	14.1292
94	102	7.12001
94	113	11.0918
94	122	13.8551
94	162	17.6626
94	164	14.8597
94	167	14.5412
94	172	11.1107
94	176	12.0391
94	182	15.2473
95	161	17.7254
95	162	14.8535
95	166	14.9484
95	167	15.5371
95	181	15.2778
95	182	14.1864
96	113	8.42893
96	128	10.5963
96	147	8.62275
96	161	14.6312
96	162	13.8703
96	164	15.282
96	166	15.4782
96	167	17.3079
96	181	13.8191
96	182	14.549
97	112	8.36082
97	113	9.55913
97	126	11.5526
97	127	10.5812
97	128	11.3283
97	132	7.73812
97	140	9.62017
97	145	11.3441
97	146	8.57212
97	147	9.61129
97	152	13.5835
97	160	14.6072
97	161	13.4608
97	162	14.9821
97	163	15.0876
97	164	15.228
97	166	17.1722
97	167	16.9464
97	181	14.1413
97	182	13.8297
97	183	11.5203
97	187	9.32812
97	192	8.75789
98	112	9.47791
98	113	8.86597
98	125	11.4995
98	126	10.588
98	127	11.3107
98	128	12.3324
98	131	7.7423
98	132	6.90437
98	139	9.63749
98	140	9.77525
98	144	11.3717
98	145	8.5696
98	146	9.59491
98	147	12.8563
98	151	13.6086
98	152	14.2789
98	159	14.6286
98	160	13.452
98	161	14.9172
98	162	15.1649
98	163	15.1685
98	164	15.3839
98	166	17.1285
98	167	17.7665
98	181	13.8838
98	182	11.5487
98	183	11.8112
98	186	9.33031
98	187	9.43506
98	191	8.78966
98	192	7.50716
99	105	5.80015
99	108	5.27721
99	112	7.82644
99	116	6.70562
99	120	9.68526
99	122	14.4716
99	125	11.0822
99	126	11.3187
99	127	12.2812
99	131	6.90382
99	134	10.4577
99	136	8.20772
99	139	9.77517
99	144	8.59654
99	145	9.45145
99	146	12.374
99	151	14.1165
99	155	14.4647
99	159	13.4545
99	160	14.7732
99	161	15.2456
99	162	15.328
99	163	15.3154
99	166	17.7502
99	170	14.2226
99	172	11.6592
99	176	12.2055
99	178	12.1174
99	181	11.6707
99	182	11.8062
99	186	9.43369
99	191	7.50486
100	104	6.65931
100	106	5.44058
100	107	5.51735
100	109	2.45957
100	111	7.49419
100	114	9.47862
100	115	6.65909
100	119	9.70231
100	121	13.3432
100	123	10.4928
100	124	11.411
100	129	8.81505
100	130	6.91167
100	133	10.5675
100	135	8.21032
100	138	9.79215
100	143	8.51722
100	148	7.9435
100	150	11.3327
100	154	14.4929
100	158	13.5137
100	165	17.0918
100	168	15.5945
100	169	14.2183
100	171	11.5284
100	173	10.0952
100	175	10.915
100	177	12.1263
100	180	12.5229
100	185	9.47161
100	190	7.50746
100	193	13.3503
101	105	5.41463
101	108	2.42948
101	113	9.80115
101	122	10.0628
101	125	12.1339
101	128	8.92858
101	144	8.80262
101	147	7.89103
101	151	12.2471
101	159	15.1344
101	164	16.4261
101	166	14.881
101	167	15.716
101	170	11.6822
101	172	9.99351
101	176	10.9957
101	181	11.0919
101	191	11.6152
102	107	2.43039
102	109	3.23804
102	114	4.71234
102	117	8.41319
102	121	9.43426
102	123	12.969
102	124	12.1205
102	129	8.90198
102	133	7.3537
102	135	11.4883
102	137	10.3171
102	141	5.69906
102	143	8.68385
102	148	6.41061
102	150	11.1616
102	153	12.9236
102	156	13.1701
102	158	15.0121
102	165	14.5075
102	168	14.066
102	169	12.2613
102	171	10.5955
102	173	11.1151
102	175	10.6552
102	177	12.4252
102	179	10.6562
102	180	11.125
102	184	10.0173
102	188	7.18107
102	190	11.697
102	193	9.48666
103	108	3.26406
103	113	4.39745
103	116	7.38053
103	120	9.23434
103	122	12.9865
103	126	11.8524
103	127	9.14351
103	128	8.99268
103	132	7.26253
103	134	11.1977
103	136	10.2605
103	140	5.65144
103	145	7.43407
103	146	5.65644
103	147	6.40625
103	152	12.6058
103	155	13.0502
103	160	11.8905
103	161	12.7117
103	162	15.4131
103	163	13.1855
103	164	14.1568
103	167	14.7175
103	170	11.333
103	172	11.1978
103	176	11.3152
103	178	10.5684
103	182	12.3332
103	183	10.0084
103	187	7.14609
103	192	9.39324
104	112	4.36909
104	116	7.0773
104	120	9.48539
104	122	12.1152
104	125	11.8986
104	126	9.15671
104	127	9.01584
104	131	7.2626
104	134	10.3066
104	136	10.4785
104	139	5.71688
104	144	7.46462
104	145	5.64584
104	146	6.40734
104	151	13.4619
104	155	12.3403
104	159	11.8902
104	160	12.6887
104	161	14.9127
104	162	13.1937
104	163	14.0226
104	166	15.3521
104	170	11.4644
104	172	10.8283
104	176	10.8016
104	178	10.3312
104	181	12.3233
104	182	10.1963
104	186	7.14612
104	191	9.40734
105	111	4.37614
105	114	7.39829
105	115	7.1029
105	119	9.4974
105	121	12.0696
105	123	12.4456
105	124	10.8896
105	129	8.7003
105	130	7.30038
105	133	10.3273
105	135	10.4713
105	138	5.7897
105	143	7.61578
105	148	9.5357
105	150	13.681
105	154	12.3442
105	158	11.8922
105	165	16.7432
105	168	13.877
105	169	11.5364
105	171	10.8202
105	173	10.4922
105	175	10.6222
105	177	10.365
105	180	12.5041
105	185	7.16985
105	190	9.42054
105	193	13.6637
106	113	7.26473
106	122	12.2403
106	128	8.41038
106	147	9.52068
106	162	14.3288
106	164	16.5556
106	167	13.9149
106	170	10.9223
106	172	10.2747
106	176	9.89011
106	182	8.7039
107	122	10.0798
107	125	11.2731
107	144	4.79047
107	151	11.5086
107	159	11.0956
107	161	13.735
107	166	14.1613
107	170	10.5215
107	172	8.68201
107	176	8.57444
107	181	8.62935
107	191	11.3164
108	114	6.11469
108	121	9.79235
108	123	10.271
108	124	11.171
108	129	8.03103
108	143	4.54483
108	148	7.5458
108	150	11.1991
108	158	10.8716
108	165	14.5307
108	168	11.9117
108	169	10.4505
108	171	8.56649
108	173	7.70052
108	175	8.1567
108	177	10.0758
108	180	8.6429
108	190	11.1073
109	113	6.19915
109	122	10.2971
109	128	8.07041
109	147	7.55201
109	162	11.2637
109	164	14.6697
109	167	12.0386
109	170	8.70219
109	172	7.69711
109	176	8.62205
109	182	9.268
110	128	7.77683
110	147	8.91084
110	161	11.0253
110	162	14.0092
110	164	14.0511
110	166	12.5108
110	167	12.9592
110	181	9.53174
110	182	7.40728
111	125	8.75904
111	127	7.73561
111	136	5.21597
111	139	2.19837
111	144	6.24482
111	146	9.18884
111	151	6.40441
111	160	11.0199
111	161	13.7368
111	163	13.9116
111	166	12.9426
111	178	9.96005
111	181	7.31663
112	118	7.36198
112	124	8.71621
112	135	5.21581
112	138	2.19769
112	143	6.22998
112	150	5.87168
112	157	11.1845
112	165	12.9819
112	174	6.30409
112	177	9.9566
112	180	7.31234
113	117	7.40553
113	121	7.4267
113	123	8.73233
113	129	7.66258
113	133	5.22816
113	135	8.98419
113	137	2.19777
113	141	8.2198
113	142	6.2359
113	148	6.53167
113	149	5.8621
113	153	8.1394
113	156	11.3757
113	165	16.8877
113	168	14.556
113	171	10.4353
113	173	6.31025
113	177	13.2737
113	179	7.31283
113	184	9.55563
113	188	10.5085
113	193	8.13558
114	120	7.14972
114	122	9.03827
114	126	6.84181
114	128	7.73458
114	132	5.22632
114	134	7.80282
114	136	2.19772
114	140	8.04785
114	145	6.19962
114	147	6.63043
114	152	7.8639
114	155	11.7282
114	160	12.2357
114	162	12.4247
114	163	12.7429
114	164	15.8715
114	167	14.6697
114	170	10.8082
114	172	6.39227
114	176	11.1971
114	178	7.31343
114	182	11.356
114	183	9.53366
114	187	10.4227
114	192	7.98429
115	125	6.77163
115	144	6.18925
115	151	7.7434
115	159	12.3686
115	161	12.3141
115	162	12.7466
115	166	14.6284
115	181	10.8943
115	182	9.55905
115	191	7.98928
116	123	7.14433
116	124	6.71886
116	135	2.21257
116	143	6.18935
116	150	7.46522
116	165	14.6521
116	168	13.1093
116	173	7.81251
116	177	7.86285
116	180	10.682
117	122	7.26956
117	126	8.28505
117	127	3.2364
117	128	6.72251
117	132	6.24025
117	134	2.21786
117	140	4.76045
117	145	6.9728
117	146	2.98869
117	147	6.77988
117	152	14.3246
117	160	14.3081
117	161	13.9902
117	162	16.2664
117	163	15.6187
117	164	15.0505
117	167	16.5519
117	172	9.56872
117	176	8.5453
117	182	13.3045
117	183	8.2382
117	187	9.91498
117	192	11.2787
118	125	8.35887
118	126	3.22671
118	127	6.66543
118	131	6.23324
118	139	4.76026
118	144	7.57789
118	145	2.94723
118	146	7.05975
118	151	15.4506
118	152	11.3966
118	159	16.0348
118	160	13.4552
118	161	15.6836
118	162	15.1972
118	163	14.896
118	166	18.064
118	167	16.9858
118	181	13.5796
118	182	8.23749
118	183	10.9466
118	186	9.91696
118	191	11.5896
118	192	9.91416
119	125	3.22654
119	144	2.92543
119	151	10.9358
119	159	13.4131
119	161	12.7762
119	162	13.7489
119	166	15.2436
119	181	8.216
119	182	11.1035
119	191	9.87357
120	124	3.22858
120	143	2.90597
120	150	10.2825
120	165	14.9957
120	168	13.9591
120	173	7.3762
120	177	9.00071
120	180	8.20785
121	144	7.70846
121	151	14.0157
121	159	13.9151
121	164	15.0564
121	166	17.9121
121	167	14.5696
121	170	12.8651
121	172	7.41995
121	176	9.01952
121	181	11.7131
121	191	11.1171
122	129	5.77373
122	133	2.16975
122	135	7.25407
122	137	6.7444
122	141	2.84054
122	143	8.02961
122	148	9.31471
122	150	14.0426
122	153	13.3987
122	156	13.1246
122	158	14.4273
122	165	18.5183
122	168	17.6545
122	169	14.1306
122	171	8.70031
122	173	13.0194
122	175	9.57604
122	177	13.3992
122	179	11.399
122	180	11.7754
122	184	10.7974
122	188	7.98922
122	190	11.5697
122	193	10.4233
123	128	5.89565
123	132	2.15717
123	134	7.16545
123	136	6.66128
123	140	2.83614
123	145	10.0773
123	146	9.3731
123	147	9.3184
123	152	13.3348
123	155	13.0709
123	160	11.1033
123	161	12.999
123	162	15.7968
123	163	16.741
123	164	17.7946
123	167	19.486
123	170	11.0693
123	172	13.8136
123	176	12.169
123	178	11.423
123	182	14.8016
123	183	10.81
123	187	7.92685
123	192	10.3312
124	131	2.15728
124	134	6.58399
124	136	7.21488
124	139	2.8363
124	144	10.2917
124	145	9.2917
124	146	9.31824
124	151	13.5004
124	155	13.3816
124	159	11.1013
124	160	12.9584
124	161	15.6583
124	162	16.8821
124	163	17.2636
124	166	19.987
124	170	13.6035
124	172	13.9611
124	176	9.04681
124	178	12.7195
124	181	14.9088
124	182	10.8884
124	186	7.92683
124	191	10.3358
125	130	2.25655
125	133	6.58113
125	135	7.12833
125	138	2.86981
125	143	10.6059
125	150	14.3534
125	154	13.3844
125	158	11.1002
125	165	21.6486
125	169	13.4168
125	171	14.1627
125	174	12.4577
125	175	8.52143
125	177	12.7248
125	180	14.96
125	185	7.94144
125	190	10.3551
125	193	15.0565
126	157	11.183
126	168	13.5293
126	173	12.404
126	174	8.50743
127	138	4.19661
127	143	7.98373
127	150	10.8498
127	157	11.8325
127	173	8.50979
127	174	9.66245
127	180	11.045
128	137	4.07969
128	142	7.82611
128	148	8.5275
128	149	10.2236
128	156	11.5664
128	165	18.2821
128	168	15.6447
128	171	10.5887
128	173	9.5893
128	177	10.8106
128	179	11.04
129	147	8.29709
129	162	14.8114
129	164	17.3916
129	167	15.2105
129	170	10.9242
129	172	9.33211
129	176	7.3036
129	182	7.75484
130	144	4.11675
130	151	9.28977
130	161	14.5414
130	166	15.0483
130	181	7.31882
131	143	4.10537
131	150	9.11978
131	165	15.0906
131	174	4.41613
131	180	7.27262
132	165	15.9857
132	168	11.3834
132	173	4.4159
132	177	8.47772
133	144	1.28106
133	151	7.90918
133	164	15.7514
133	166	14.9548
133	167	11.3839
133	172	4.43723
133	176	7.70779
133	181	6.99168
134	143	1.20072
134	150	7.28754
134	165	14.8127
134	168	10.2722
134	173	7.64351
134	177	7.0181
134	180	6.69509
135	144	1.29012
135	151	8.67835
135	164	15.1159
135	166	9.89183
135	167	10.5726
135	172	7.80442
135	176	7.27965
135	178	5.29559
135	181	5.05386
136	143	1.27433
136	150	8.25555
136	165	9.68091
136	168	9.25997
136	173	7.64135
136	177	5.20017
136	180	4.89871
137	147	5.50827
137	161	11.0402
137	162	12.969
137	164	9.57502
137	167	9.25141
137	172	7.72468
137	176	5.32652
137	182	2.48725
138	144	2.67629
138	146	5.10889
138	151	7.22675
138	160	10.8218
138	161	12.8579
138	163	9.23452
138	166	8.91376
138	178	1.0711
138	181	1.47359
139	143	2.5311
139	150	6.47347
139	165	8.79445
139	174	4.49695
139	177	1.07867
139	180	1.33996
140	165	8.81679
140	168	10.2351
140	173	4.49452
140	177	2.5482
141	162	6.47285
141	164	8.96005
141	167	10.177
141	172	4.521
141	176	2.57772
141	182	4.27974
142	161	5.96573
142	162	8.96155
142	164	7.18002
142	166	9.74818
142	167	9.5616
142	181	3.71027
142	182	4.04157
143	151	7.504
143	155	7.50522
143	159	7.05942
143	160	5.95749
143	161	9.75792
143	163	7.10228
143	166	9.65952
143	170	5.95923
143	172	5.41289
143	176	0.46374
143	178	2.15846
143	181	4.81756
143	186	4.57877
143	191	4.91309
144	150	6.75454
144	154	7.53107
144	158	6.74616
144	165	9.24116
144	169	6.23696
144	171	5.2895
144	174	5.84936
144	175	0.418857
144	177	2.21401
144	180	6.61389
144	185	4.72864
144	190	4.91078
144	193	6.32777
145	157	6.90708
145	168	6.40893
145	173	5.34894
145	174	0.416634
146	157	5.97127
146	173	0.423709
146	174	0.891092
146	180	7.49238
147	156	5.95119
147	165	9.16587
147	168	10.2411
147	171	2.60425
147	173	0.870298
147	177	8.81853
147	179	7.71775
148	162	5.41268
148	164	9.14952
148	167	8.78768
148	170	2.9356
148	172	0.696341
148	176	8.24683
148	182	7.69181
149	161	5.05363
149	162	7.762
149	164	7.31043
149	166	8.59034
149	167	7.79556
149	181	7.4917
149	182	7.70064
150	159	5.43552
150	160	5.05372
150	161	8.64409
150	163	7.25379
150	166	8.49524
150	170	0.00936184
150	172	5.57758
150	176	8.63048
150	178	7.6459
150	181	8.40063
150	186	6.43781
150	191	7.02358
151	158	4.91353
151	165	10.2752
151	169	0.000514986
151	171	6.12295
151	174	9.13616
151	175	8.80027
151	177	7.9109
151	180	10.688
151	185	7.0244
151	190	7.18839
151	193	8.66703
152	157	4.90953
152	165	8.4968
152	168	0.000186719
152	173	9.19429
152	174	8.95558
152	177	10.3619
153	162	8.79849
153	164	8.62773
153	167	0.000325641
153	172	9.30336
153	176	10.3995
153	182	10.6575
154	161	8.82088
154	166	0.0001968
154	181	10.6006
155	165	1.04048e-05
155	168	10.889
155	173	8.70159
155	177	12.7363
155	180	10.5977
156	162	7.81641
156	164	9.97226e-05
156	167	10.7873
156	172	8.7228
156	176	12.7717
156	182	13.616
157	161	7.0519
157	163	6.74466e-05
157	166	10.4006
157	167	10.2008
157	181	13.5089
157	182	12.416
157	183	10.2152
157	192	5.98357
158	162	0.0623689
158	166	9.80076
158	170	8.51254
158	172	12.1283
158	176	10.4547
158	181	12.3549
158	182	10.2229
158	191	5.98451
159	165	9.73963
159	169	8.45804
159	171	12.0344
159	174	12.3759
159	175	10.3199
159	180	12.4183
159	190	6.01642
160	168	8.45673
160	173	12.0169
160	174	10.2987
160	180	10.2232
161	169	11.4473
161	173	10.304
161	174	13.3598
161	175	10.4175
161	179	10.229
161	180	12.7677
161	185	11.841
161	189	6.36119
161	190	5.83029
162	168	11.6846
162	169	9.30546
162	173	13.4392
162	174	10.4337
162	175	8.83049
162	179	12.727
162	184	12.0415
162	188	6.40889
162	189	5.80254
163	168	9.21503
163	173	10.4178
163	174	8.74986
163	180	9.54717
164	171	11.4885
164	173	8.75057
164	177	11.7602
164	179	9.543
164	184	12.1233
164	188	5.52266
164	193	9.06994
165	170	11.5684
165	172	8.76875
165	176	11.2987
165	178	9.5424
165	181	13.2874
165	183	12.171
165	186	4.91006
165	187	5.77967
165	191	10.2883
165	192	9.29073
166	171	8.78112
166	174	11.1134
166	175	10.0016
166	177	9.54952
166	180	11.5886
166	185	4.84851
166	189	9.17962
166	190	9.97931
166	193	8.19206
167	173	10.7489
167	174	9.77454
167	177	12.4257
167	179	10.8969
167	184	4.82898
167	188	8.64043
167	189	9.77946
167	193	3.91922
168	172	10.4585
168	176	11.9501
168	178	10.4639
168	182	9.23262
168	183	4.79556
168	187	8.28109
168	192	3.39291
169	176	7.79316
169	181	8.02105
169	182	4.79122
169	191	3.35146
170	175	6.96208
170	177	7.98563
170	180	7.75522
170	190	3.29085
171	176	7.05371
171	181	6.03951
171	191	4.59639
172	179	3.11489
172	180	5.94131
172	184	1.12852
172	188	0.408757
172	190	4.67124
172	193	3.39793
173	178	3.09177
173	182	6.22642
173	183	1.11547
173	187	0.395458
173	192	3.56781
174	181	5.74433
174	182	1.11616
174	183	2.82911
174	186	0.395767
174	191	4.03064
174	192	2.26244
175	181	1.1171
175	182	2.76092
175	191	2.24836
176	180	1.1497
176	184	0.413015
176	188	3.32557
176	190	2.24561
176	193	3.20619
177	183	0.412467
177	187	3.05154
177	192	2.88991
180	186	1.7266
180	191	1.59155
181	185	1.79834
181	189	3.10391
181	190	1.56619
181	193	5.07686
182	188	3.08411
182	189	1.60659
