Nucleotide	Sequence	Modified_mutations	Modified_read_depth	Modified_effective_depth	Modified_rate	Modified_off_target_mapped_depth	Modified_low_mapq_mapped_depth	Modified_primer_pair_1_mapped_depth	Untreated_mutations	Untreated_read_depth	Untreated_effective_depth	Untreated_rate	Untreated_off_target_mapped_depth	Untreated_low_mapq_mapped_depth	Untreated_primer_pair_1_mapped_depth	Denatured_mutations	Denatured_read_depth	Denatured_effective_depth	Denatured_rate	Denatured_off_target_mapped_depth	Denatured_low_mapq_mapped_depth	Denatured_primer_pair_1_mapped_depth	Reactivity_profile	Std_err	HQ_profile	HQ_stderr	Norm_profile	Norm_stderr
1	g	0	5386614	0	nan	2	52	5386614	0	0	0	nan	0	0	0	0	0	0	nan	0	0	0	nan	nan	nan	nan	nan	nan
2	g	0	5458325	0	nan	2	52	5458325	0	0	0	nan	0	0	0	0	0	0	nan	0	0	0	nan	nan	nan	nan	nan	nan
3	u	0	5490835	0	nan	2	54	5490835	0	0	0	nan	0	0	0	0	0	0	nan	0	0	0	nan	nan	nan	nan	nan	nan
4	g	0	5501179	0	nan	2	56	5501179	0	0	0	nan	0	0	0	0	0	0	nan	0	0	0	nan	nan	nan	nan	nan	nan
5	u	0	5506732	0	nan	2	59	5506732	0	0	0	nan	0	0	0	0	0	0	nan	0	0	0	nan	nan	nan	nan	nan	nan
6	a	0	5512810	0	nan	2	60	5512810	0	0	0	nan	0	0	0	0	0	0	nan	0	0	0	nan	nan	nan	nan	nan	nan
7	a	0	5515860	0	nan	2	61	5515860	0	0	0	nan	0	0	0	0	0	0	nan	0	0	0	nan	nan	nan	nan	nan	nan
8	g	0	5517756	0	nan	2	61	5517756	0	0	0	nan	0	0	0	0	0	0	nan	0	0	0	nan	nan	nan	nan	nan	nan
9	g	0	5519784	0	nan	2	62	5519784	0	0	0	nan	0	0	0	0	0	0	nan	0	0	0	nan	nan	nan	nan	nan	nan
10	g	0	5522807	0	nan	2	62	5522807	0	0	0	nan	0	0	0	0	0	0	nan	0	0	0	nan	nan	nan	nan	nan	nan
11	u	0	5528256	0	nan	2	62	5528256	0	0	0	nan	0	0	0	0	0	0	nan	0	0	0	nan	nan	nan	nan	nan	nan
12	g	0	5543598	0	nan	76	62	5543598	0	0	0	nan	0	0	0	0	0	0	nan	0	0	0	nan	nan	nan	nan	nan	nan
13	a	0	5571487	0	nan	81	62	5571487	0	0	0	nan	0	0	0	0	0	0	nan	0	0	0	nan	nan	nan	nan	nan	nan
14	a	0	5603657	0	nan	105	62	5603657	0	0	0	nan	0	0	0	0	0	0	nan	0	0	0	nan	nan	nan	nan	nan	nan
15	g	0	5625653	0	nan	1037	62	5625653	0	0	0	nan	0	0	0	0	0	0	nan	0	0	0	nan	nan	nan	nan	nan	nan
16	u	0	5665014	0	nan	1039	62	5665014	0	0	0	nan	0	0	0	0	0	0	nan	0	0	0	nan	nan	nan	nan	nan	nan
17	g	0	5682674	0	nan	1044	63	5682674	0	0	0	nan	0	0	0	0	0	0	nan	0	0	0	nan	nan	nan	nan	nan	nan
18	u	0	5692816	0	nan	1047	63	5692816	0	0	0	nan	0	0	0	0	0	0	nan	0	0	0	nan	nan	nan	nan	nan	nan
19	a	0	5699687	0	nan	1047	66	5699687	0	0	0	nan	0	0	0	0	0	0	nan	0	0	0	nan	nan	nan	nan	nan	nan
20	A	0	5703047	893	0.000000	1047	68	5703047	0	0	0	nan	0	0	0	0	0	0	nan	0	0	0	0.000000	0.000000	nan	nan	nan	nan
21	G	0	5704725	983	0.000000	1047	68	5704725	0	0	0	nan	0	0	0	0	0	0	nan	0	0	0	0.000000	0.000000	nan	nan	nan	nan
22	G	0	5707150	1747	0.000000	1047	68	5707150	0	0	0	nan	0	0	0	0	0	0	nan	0	0	0	0.000000	0.000000	nan	nan	nan	nan
23	U	0	5711834	4883513	0.000000	1047	68	5711834	0	0	0	nan	0	0	0	0	0	0	nan	0	0	0	0.000000	0.000000	0.000000	0.000000	0.000000	0.000000
24	U	11866	5714858	4959160	0.002393	1047	68	5714858	0	0	0	nan	0	0	0	0	0	0	nan	0	0	0	0.002393	0.000022	0.002393	0.000022	0.537995	0.004946
25	G	5712	5725483	5001672	0.001142	1047	68	5725483	0	0	0	nan	0	0	0	0	0	0	nan	0	0	0	0.001142	0.000015	0.001142	0.000015	nan	nan
26	A	138813	5743157	5177627	0.026810	1047	68	5743072	0	0	0	nan	0	0	0	0	0	0	nan	0	0	0	0.026810	0.000072	0.026810	0.000072	1.098287	0.002950
27	A	146385	5749102	5023009	0.029143	1047	68	5748960	0	0	0	nan	0	0	0	0	0	0	nan	0	0	0	0.029143	0.000076	0.029143	0.000076	1.193859	0.003113
28	C	95941	5751382	4870675	0.019698	1047	68	5751194	0	0	0	nan	0	0	0	0	0	0	nan	0	0	0	0.019698	0.000064	0.019698	0.000064	1.286085	0.004179
29	U	14143	5754463	4817267	0.002936	1047	68	5754255	0	0	0	nan	0	0	0	0	0	0	nan	0	0	0	0.002936	0.000025	0.002936	0.000025	0.660072	0.005621
30	U	7071	5758118	4836354	0.001462	1047	68	5757894	0	0	0	nan	0	0	0	0	0	0	nan	0	0	0	0.001462	0.000017	0.001462	0.000017	0.328687	0.003822
31	U	6158	5762288	4766251	0.001292	1047	68	5762026	0	0	0	nan	0	0	0	0	0	0	nan	0	0	0	0.001292	0.000016	0.001292	0.000016	0.290468	0.003597
32	U	26146	5766480	4839039	0.005403	1047	68	5766192	0	0	0	nan	0	0	0	0	0	0	nan	0	0	0	0.005403	0.000033	0.005403	0.000033	1.214703	0.007419
33	G	3669	5814339	4938513	0.000743	1047	68	5814038	0	0	0	nan	0	0	0	0	0	0	nan	0	0	0	0.000743	0.000012	0.000743	0.000012	nan	nan
34	A	47815	5852787	5427867	0.008809	1047	68	5852530	0	0	0	nan	0	0	0	0	0	0	nan	0	0	0	0.008809	0.000040	0.008809	0.000040	0.360866	0.001639
35	A	43729	5868956	5446185	0.008029	1047	68	5868710	0	0	0	nan	0	0	0	0	0	0	nan	0	0	0	0.008029	0.000038	0.008029	0.000038	0.328912	0.001557
36	U	3116	5872018	5416477	0.000575	1048	68	5871764	0	0	0	nan	0	0	0	0	0	0	nan	0	0	0	0.000575	0.000010	0.000575	0.000010	0.129272	0.002248
37	A	411697	5874870	5182522	0.079440	1048	68	5874587	0	0	0	nan	0	0	0	0	0	0	nan	0	0	0	0.079440	0.000124	0.079440	0.000124	3.254304	0.005080
38	G	7549	5877424	5043034	0.001497	1053	68	5877146	0	0	0	nan	0	0	0	0	0	0	nan	0	0	0	0.001497	0.000017	0.001497	0.000017	nan	nan
39	U	8455	5879227	4994295	0.001693	1053	68	5878938	0	0	0	nan	0	0	0	0	0	0	nan	0	0	0	0.001693	0.000018	0.001693	0.000018	0.380621	0.004047
40	G	9249	5881611	5044340	0.001834	1053	68	5881308	0	0	0	nan	0	0	0	0	0	0	nan	0	0	0	0.001834	0.000019	0.001834	0.000019	nan	nan
41	A	86711	5891380	5037480	0.017213	1053	68	5891074	0	0	0	nan	0	0	0	0	0	0	nan	0	0	0	0.017213	0.000058	0.017213	0.000058	0.705140	0.002376
42	U	19557	5893945	4971919	0.003933	1053	68	5893648	0	0	0	nan	0	0	0	0	0	0	nan	0	0	0	0.003933	0.000028	0.003933	0.000028	0.884218	0.006295
43	U	7742	5899883	4956659	0.001562	1054	68	5899598	0	0	0	nan	0	0	0	0	0	0	nan	0	0	0	0.001562	0.000018	0.001562	0.000018	0.351169	0.004047
44	C	10885	5914022	5014062	0.002171	1052	68	5913727	0	0	0	nan	0	0	0	0	0	0	nan	0	0	0	0.002171	0.000021	0.002171	0.000021	0.141745	0.001371
45	A	28281	5925648	5059842	0.005589	1052	68	5925335	0	0	0	nan	0	0	0	0	0	0	nan	0	0	0	0.005589	0.000033	0.005589	0.000033	0.228957	0.001352
46	G	6327	5932473	4912822	0.001288	1053	68	5932166	0	0	0	nan	0	0	0	0	0	0	nan	0	0	0	0.001288	0.000016	0.001288	0.000016	nan	nan
47	G	12089	5947533	4993058	0.002421	1053	68	5947228	0	0	0	nan	0	0	0	0	0	0	nan	0	0	0	0.002421	0.000022	0.002421	0.000022	nan	nan
48	A	25419	5970641	4852499	0.005238	1052	68	5970348	0	0	0	nan	0	0	0	0	0	0	nan	0	0	0	0.005238	0.000033	0.005238	0.000033	0.214578	0.001352
49	G	44022	5975267	4967063	0.008863	1050	68	5974988	0	0	0	nan	0	0	0	0	0	0	nan	0	0	0	0.008863	0.000042	0.008863	0.000042	nan	nan
50	G	5726	5992512	4767421	0.001201	1050	68	5992298	0	0	0	nan	0	0	0	0	0	0	nan	0	0	0	0.001201	0.000016	0.001201	0.000016	nan	nan
51	U	22119	5999660	4972538	0.004448	1050	68	5999490	0	0	0	nan	0	0	0	0	0	0	nan	0	0	0	0.004448	0.000030	0.004448	0.000030	1.000000	0.006745
52	U	15718	6012125	4988567	0.003151	1051	68	6011992	0	0	0	nan	0	0	0	0	0	0	nan	0	0	0	0.003151	0.000025	0.003151	0.000025	0.708408	0.005621
53	A	35233	6023598	5335035	0.006604	1049	68	6023465	0	0	0	nan	0	0	0	0	0	0	nan	0	0	0	0.006604	0.000035	0.006604	0.000035	0.270537	0.001434
54	A	44355	6031554	5382838	0.008240	1049	68	6031487	0	0	0	nan	0	0	0	0	0	0	nan	0	0	0	0.008240	0.000039	0.008240	0.000039	0.337556	0.001598
55	U	18029	6032858	5202391	0.003466	1049	68	6032805	0	0	0	nan	0	0	0	0	0	0	nan	0	0	0	0.003466	0.000026	0.003466	0.000026	0.779227	0.005845
56	G	8257	6035335	4941582	0.001671	1046	68	6035289	0	0	0	nan	0	0	0	0	0	0	nan	0	0	0	0.001671	0.000018	0.001671	0.000018	nan	nan
57	G	0	6037417	5076735	0.000000	1046	68	6037383	0	0	0	nan	0	0	0	0	0	0	nan	0	0	0	0.000000	0.000000	0.000000	0.000000	nan	nan
58	A	0	6040974	106	0.000000	1046	68	6040974	0	0	0	nan	0	0	0	0	0	0	nan	0	0	0	0.000000	0.000000	nan	nan	nan	nan
59	A	0	6040829	64	0.000000	1046	68	6040829	0	0	0	nan	0	0	0	0	0	0	nan	0	0	0	0.000000	0.000000	nan	nan	nan	nan
60	G	0	6040743	36	0.000000	1045	68	6040743	0	0	0	nan	0	0	0	0	0	0	nan	0	0	0	0.000000	0.000000	nan	nan	nan	nan
61	u	0	6040659	0	nan	1045	68	6040659	0	0	0	nan	0	0	0	0	0	0	nan	0	0	0	nan	nan	nan	nan	nan	nan
62	a	0	6040498	0	nan	1043	68	6040498	0	0	0	nan	0	0	0	0	0	0	nan	0	0	0	nan	nan	nan	nan	nan	nan
63	a	0	6040374	0	nan	1039	68	6040374	0	0	0	nan	0	0	0	0	0	0	nan	0	0	0	nan	nan	nan	nan	nan	nan
64	a	0	6040338	0	nan	1037	68	6040338	0	0	0	nan	0	0	0	0	0	0	nan	0	0	0	nan	nan	nan	nan	nan	nan
65	g	0	6040300	0	nan	1037	67	6040300	0	0	0	nan	0	0	0	0	0	0	nan	0	0	0	nan	nan	nan	nan	nan	nan
66	g	0	6040273	0	nan	1037	66	6040273	0	0	0	nan	0	0	0	0	0	0	nan	0	0	0	nan	nan	nan	nan	nan	nan
67	u	0	6040243	0	nan	1037	66	6040243	0	0	0	nan	0	0	0	0	0	0	nan	0	0	0	nan	nan	nan	nan	nan	nan
68	a	0	6040199	0	nan	1035	66	6040199	0	0	0	nan	0	0	0	0	0	0	nan	0	0	0	nan	nan	nan	nan	nan	nan
69	a	0	6040177	0	nan	1034	66	6040177	0	0	0	nan	0	0	0	0	0	0	nan	0	0	0	nan	nan	nan	nan	nan	nan
70	u	0	6040160	0	nan	1033	66	6040160	0	0	0	nan	0	0	0	0	0	0	nan	0	0	0	nan	nan	nan	nan	nan	nan
71	g	0	6040076	0	nan	1032	65	6040076	0	0	0	nan	0	0	0	0	0	0	nan	0	0	0	nan	nan	nan	nan	nan	nan
72	a	0	6039952	0	nan	1023	65	6039952	0	0	0	nan	0	0	0	0	0	0	nan	0	0	0	nan	nan	nan	nan	nan	nan
73	a	0	6039923	0	nan	1022	65	6039923	0	0	0	nan	0	0	0	0	0	0	nan	0	0	0	nan	nan	nan	nan	nan	nan
74	g	0	6039882	0	nan	1022	64	6039882	0	0	0	nan	0	0	0	0	0	0	nan	0	0	0	nan	nan	nan	nan	nan	nan
75	g	0	6039845	0	nan	1019	64	6039845	0	0	0	nan	0	0	0	0	0	0	nan	0	0	0	nan	nan	nan	nan	nan	nan
76	u	0	6039796	0	nan	1017	64	6039796	0	0	0	nan	0	0	0	0	0	0	nan	0	0	0	nan	nan	nan	nan	nan	nan
77	g	0	6039751	0	nan	1017	64	6039751	0	0	0	nan	0	0	0	0	0	0	nan	0	0	0	nan	nan	nan	nan	nan	nan
78	a	0	6039622	0	nan	1000	64	6039622	0	0	0	nan	0	0	0	0	0	0	nan	0	0	0	nan	nan	nan	nan	nan	nan
79	a	0	6037072	0	nan	985	63	6037072	0	0	0	nan	0	0	0	0	0	0	nan	0	0	0	nan	nan	nan	nan	nan	nan
80	g	0	6034860	0	nan	983	58	6034860	0	0	0	nan	0	0	0	0	0	0	nan	0	0	0	nan	nan	nan	nan	nan	nan