212
i	j	-log10(Probability)
22	30	4.54178
22	54	8.45658
22	79	15.6779
22	80	13.4129
22	85	11.0658
22	91	10.3769
22	102	10.542
22	113	10.9795
22	122	11.0893
22	162	7.58703
22	164	8.17876
22	167	8.40022
22	172	4.87513
22	176	5.24204
22	182	3.60265
23	29	4.14776
23	30	3.87553
23	53	7.99928
23	54	8.83411
23	78	15.6756
23	79	13.2813
23	80	14.2141
23	90	10.5943
23	91	7.93566
23	161	7.71212
23	162	7.38817
23	166	8.31163
23	167	8.96804
23	181	3.56315
23	182	3.95348
24	29	3.4423
24	30	4.84853
24	53	8.3174
24	54	9.67475
24	67	12.5518
24	78	13.2165
24	79	14.1161
24	80	15.9964
24	90	7.87559
24	91	10.0832
24	113	8.86981
24	128	6.51544
24	147	0.631237
24	161	7.36402
24	162	7.11594
24	164	6.62316
24	166	9.15429
24	167	9.79696
24	181	4.28971
24	182	4.60775
25	29	4.56282
25	44	8.59646
25	51	6.01377
25	53	9.02632
25	54	10.3807
25	55	7.96172
25	61	5.9843
25	66	12.1476
25	67	11.9536
25	68	13.5508
25	77	13.2134
25	78	14.0329
25	79	16.1728
25	80	16.1189
25	89	7.8647
25	90	10.022
25	91	12.3778
25	112	8.80477
25	113	9.28926
25	126	10.45
25	127	6.47021
25	128	9.78806
25	132	6.70444
25	140	0.45378
25	145	3.88351
25	146	0.589525
25	147	4.22806
25	152	7.52204
25	160	7.39739
25	161	7.03008
25	162	9.27225
25	163	6.40274
25	164	6.70606
25	166	10.284
25	167	10.6705
25	181	4.75915
25	182	4.74552
25	183	2.02345
25	187	1.24674
25	192	2.87757
26	43	8.66436
26	44	8.31668
26	50	6.01464
26	53	9.80315
26	54	7.99035
26	55	6.55697
26	60	5.9843
26	65	12.0012
26	66	11.376
26	67	13.9998
26	68	13.912
26	77	14.0296
26	78	16.3321
26	79	15.9782
26	80	15.7578
26	88	7.87175
26	89	10.0099
26	90	12.4496
26	91	11.7819
26	112	9.1923
26	125	10.537
26	126	6.47025
26	127	9.79815
26	131	6.70624
26	139	0.455164
26	144	3.85162
26	145	0.589394
26	146	4.26832
26	151	7.56696
26	152	7.13367
26	159	7.766
26	160	7.01685
26	161	9.21699
26	162	6.42009
26	163	6.37077
26	166	10.3968
26	167	10.3792
26	181	4.77333
26	182	2.06406
26	183	0.691708
26	186	1.25841
26	191	3.10755
26	192	2.15991
27	43	8.38381
27	53	8.14848
27	54	6.55301
27	65	11.2913
27	67	13.9041
27	78	16.0131
27	79	15.743
27	80	16.1494
27	90	11.7868
27	91	11.8594
27	125	6.50506
27	144	0.613846
27	151	7.16764
27	159	7.09713
27	161	6.43556
27	162	6.38185
27	166	10.1657
27	167	10.2689
27	181	2.11352
27	182	0.68603
27	191	2.18492
28	43	8.32182
28	53	6.56136
28	58	6.12918
28	65	10.3271
28	78	15.8667
28	79	16.329
28	85	11.3424
28	90	11.8903
28	100	9.52062
28	102	10.6162
28	105	10.0134
28	108	7.50344
28	122	8.83537
28	125	8.63149
28	144	2.3151
28	151	7.94374
28	159	9.0182
28	161	6.51373
28	166	10.1848
28	170	7.47684
28	172	6.68577
28	176	5.96255
28	181	0.696619
28	191	3.93597
29	35	7.87003
29	36	6.43696
29	37	6.32467
29	38	6.46376
29	39	7.28289
29	40	8.12909
29	41	8.79729
29	42	8.2645
29	46	7.0727
29	49	5.40364
29	52	6.5823
29	57	6.11491
29	63	8.20893
29	64	9.84046
29	70	14.7832
29	71	14.548
29	72	13.4987
29	73	14.6832
29	74	14.4209
29	75	15.6313
29	76	16.1291
29	82	15.4113
29	83	15.0804
29	84	12.0914
29	87	11.2031
29	95	5.94247
29	96	7.97695
29	97	9.61683
29	98	10.6762
29	99	9.65357
29	101	10.6388
29	104	9.97949
29	107	7.39725
29	110	8.89483
29	111	10.3586
29	115	8.63897
29	118	9.81488
29	119	10.25
29	121	8.94769
29	124	8.43255
29	130	8.0146
29	138	0.413957
29	142	1.62544
29	143	2.1071
29	149	7.14738
29	150	7.70649
29	154	9.62008
29	157	8.25108
29	158	9.07639
29	165	10.5081
29	169	8.53258
29	171	7.22272
29	174	8.78791
29	175	6.74353
29	180	0.730045
29	185	3.95732
29	189	3.57107
29	190	3.84244
30	34	7.92797
30	35	6.40287
30	36	6.26212
30	37	6.24521
30	38	7.07145
30	39	7.56086
30	40	8.62582
30	41	8.28284
30	45	6.90843
30	48	4.85349
30	52	8.29539
30	56	6.12626
30	59	6.34744
30	62	7.93853
30	63	9.37054
30	69	14.5895
30	70	14.485
30	71	13.4808
30	72	14.641
30	73	14.4108
30	74	15.6142
30	75	16.1864
30	81	15.4893
30	82	15.6278
30	83	13.4102
30	86	11.5729
30	92	11.8056
30	94	5.84384
30	95	8.23425
30	96	9.8186
30	97	10.9749
30	98	10.4636
30	101	9.93871
30	103	10.1836
30	106	7.38702
30	109	8.56685
30	110	10.2994
30	114	8.69606
30	117	9.57194
30	118	10.7121
30	121	8.27924
30	123	9.02896
30	129	7.91058
30	133	7.02147
30	135	3.60457
30	137	0.147159
30	141	2.07606
30	142	2.88126
30	148	7.10559
30	149	7.59036
30	153	9.32908
30	156	8.23145
30	157	9.38275
30	165	12.057
30	168	10.2097
30	171	8.68206
30	173	9.34111
30	174	8.08395
30	177	6.0761
30	179	0.847369
30	184	4.07392
30	188	3.76751
30	189	4.30076
30	193	5.69728
31	43	7.03538
31	44	6.89212
31	47	4.81712
31	50	6.46707
31	51	8.34071
31	53	5.27337
31	55	6.21024
31	58	6.19456
31	61	7.92951
31	65	10.4393
31	68	14.5901
31	80	16.0085
31	85	11.9629
31	88	10.3559
31	91	11.486
31	93	5.82475
31	100	9.69969
31	102	10.4226
31	105	7.38282
31	108	8.58054
31	112	7.62303
31	113	10.1757
31	116	8.83787
31	120	8.1001
31	122	9.51715
31	125	9.93476
31	128	8.36694
31	132	7.23255
31	134	3.45344
31	136	0.0662249
31	139	3.30126
31	140	2.68625
31	144	7.37438
31	147	7.57354
31	151	8.75929
31	152	9.21827
31	155	8.23544
31	164	12.0751
31	166	8.20492
31	167	11.0006
31	170	10.0172
31	172	9.51134
31	176	7.94382
31	178	0.861027
31	181	5.06116
31	183	4.29254
31	187	3.95468
31	192	5.77609
32	42	6.5204
32	49	6.36913
32	52	4.8145
32	57	5.33634
32	64	8.73334
32	81	14.0733
32	86	9.73024
32	87	9.7376
32	92	5.82475
32	99	9.63234
32	103	8.39178
32	104	7.37606
32	111	7.61069
32	114	7.34959
32	117	7.99082
32	123	9.8603
32	124	9.71225
32	135	0.0641398
32	138	3.07251
32	143	6.9445
32	150	8.07361
32	165	8.09411
32	168	11.5555
32	173	6.79015
32	177	0.87323
32	180	5.05398
33	44	4.54643
33	51	4.57212
33	54	7.34519
33	55	4.58219
33	61	3.91811
33	66	10.853
33	67	11.4371
33	68	10.0143
33	78	14.0268
33	79	14.0318
33	80	14.1685
33	85	9.83581
33	89	7.98106
33	90	6.95023
33	91	5.86347
33	102	8.41246
33	113	7.16247
33	116	7.16568
33	122	9.4679
33	126	8.89081
33	127	6.49599
33	128	4.85876
33	132	1.86378
33	134	0.0660096
33	140	3.57804
33	145	6.32624
33	146	5.11136
33	147	3.85814
33	152	9.80016
33	160	11.2781
33	161	10.9836
33	162	10.2219
33	163	10.3269
33	164	8.08998
33	167	11.2078
33	172	5.82706
33	176	1.49882
33	182	7.81479
33	183	6.33857
33	187	5.27828
33	192	6.37977
34	43	4.50281
34	44	2.86607
34	50	4.56073
34	51	4.4191
34	53	7.02124
34	54	4.72077
34	55	3.01727
34	60	3.9106
34	61	4.091
34	65	10.1587
34	66	9.91541
34	67	9.57518
34	68	11.9823
34	77	13.5453
34	78	13.1422
34	79	14.2652
34	80	13.6005
34	88	7.95985
34	89	6.6182
34	90	5.90043
34	91	10.2514
34	112	6.76215
34	113	6.19261
34	125	8.90673
34	126	6.48262
34	127	4.34557
34	128	6.31371
34	131	1.84652
34	132	0.0463976
34	139	3.58218
34	140	2.95632
34	144	6.20419
34	145	4.73826
34	146	3.04493
34	147	5.56637
34	151	8.91218
34	152	8.34623
34	159	11.6412
34	160	10.4354
34	161	9.45062
34	162	10.4369
34	163	8.08685
34	164	9.07612
34	166	11.432
34	167	10.6949
34	181	8.21504
34	182	6.74298
34	183	6.07178
34	186	5.27745
34	187	5.71499
34	191	6.44229
34	192	6.54355
35	43	2.86167
35	44	3.1566
35	50	4.41892
35	53	5.30799
35	54	3.08975
35	55	1.86153
35	60	4.09278
35	65	9.64119
35	66	9.00478
35	67	12.8818
35	68	12.4174
35	77	13.0663
35	78	14.4044
35	79	13.5335
35	80	13.2938
35	88	6.61829
35	89	5.9029
35	90	10.3099
35	91	10.0275
35	112	6.11751
35	125	6.53132
35	126	4.34346
35	127	6.73643
35	131	0.0469412
35	139	2.96107
35	144	4.77958
35	145	3.01484
35	146	5.53983
35	151	8.37545
35	152	8.31107
35	159	10.7481
35	160	9.27092
35	161	10.551
35	162	8.11557
35	163	8.93568
35	166	10.9082
35	167	10.5859
35	181	6.96762
35	182	6.15387
35	183	4.85129
35	186	5.71315
35	191	6.63811
35	192	5.62999
36	43	3.20478
36	53	3.22713
36	54	1.92734
36	65	8.89417
36	67	12.415
36	78	13.6174
36	79	13.3484
36	80	12.2663
36	90	10.1001
36	91	9.80755
36	125	4.34966
36	144	3.02769
36	151	8.25163
36	159	9.34799
36	161	8.15966
36	162	8.94701
36	166	10.5768
36	167	10.1566
36	181	6.22592
36	182	4.87389
36	191	5.64665
37	53	2.1084
37	54	2.44218
37	78	13.6363
37	79	12.2099
37	80	12.3773
37	90	9.99587
37	91	7.63279
37	161	9.07837
37	162	9.97177
37	166	10.4484
37	167	10.4958
37	181	4.95301
37	182	7.25265
38	53	2.18713
38	54	2.68959
38	67	11.7373
38	78	12.1976
38	79	12.3138
38	80	13.3765
38	90	7.49854
38	91	9.01975
38	113	6.89135
38	128	0.688923
38	147	4.99344
38	161	9.60286
38	162	10.8366
38	164	9.39429
38	166	10.821
38	167	10.462
38	181	7.47634
38	182	7.74159
39	51	2.33411
39	53	2.33801
39	54	4.84252
39	55	3.95521
39	61	5.128
39	66	11.2447
39	67	12.2661
39	68	12.064
39	77	12.1979
39	78	12.2888
39	79	13.3025
39	80	12.726
39	89	7.46478
39	90	8.87561
39	91	7.71223
39	112	6.85744
39	113	7.71487
39	126	4.91043
39	127	0.69069
39	128	0.204118
39	132	3.42184
39	140	3.54416
39	145	6.18104
39	146	4.94638
39	147	5.36148
39	152	9.49279
39	160	9.47662
39	161	10.342
39	162	9.27823
39	163	9.33872
39	164	11.026
39	166	11.0103
39	167	10.2939
39	181	7.98285
39	182	8.613
39	183	7.47006
39	187	6.14485
39	192	7.22259
40	50	2.33758
40	51	1.89247
40	53	4.56989
40	54	4.0415
40	55	4.5516
40	60	5.12828
40	61	5.55122
40	65	11.0903
40	66	11.5609
40	67	12.002
40	68	13.2206
40	77	12.2844
40	78	13.2756
40	79	12.5585
40	80	14.9861
40	88	7.47586
40	89	8.86811
40	90	7.43581
40	91	10.5492
40	112	7.68414
40	113	8.38438
40	125	4.85321
40	126	0.710169
40	127	0.162696
40	128	1.12554
40	131	3.45401
40	132	4.35315
40	139	3.54741
40	140	3.50281
40	144	6.32247
40	145	4.94885
40	146	5.31675
40	147	5.95473
40	151	10.028
40	152	10.3351
40	159	10.293
40	160	10.3044
40	161	8.58824
40	162	9.53626
40	163	10.9973
40	164	11.0686
40	166	11.4961
40	167	10.6913
40	181	8.95086
40	182	7.82145
40	183	7.62993
40	186	6.15066
40	187	5.66189
40	191	7.42601
40	192	8.13428
41	50	1.89232
41	51	2.02705
41	53	4.27941
41	54	4.63356
41	55	4.7193
41	60	5.55262
41	61	5.21908
41	65	11.3848
41	66	11.8196
41	67	13.1627
41	68	14.6215
41	77	13.275
41	78	12.4884
41	79	15.048
41	80	15.0203
41	88	8.95998
41	89	7.37421
41	90	10.9323
41	91	13.3059
41	112	8.36945
41	113	7.17473
41	125	0.79
41	126	0.157153
41	127	1.11512
41	128	4.80979
41	131	4.38659
41	132	3.73307
41	139	3.51569
41	140	3.07153
41	144	5.48298
41	145	5.31727
41	146	5.91304
41	147	7.8054
41	151	11.0104
41	152	11.0702
41	159	10.9231
41	160	8.4405
41	161	9.84384
41	162	11.5058
41	163	11.0854
41	164	11.5709
41	166	12.2806
41	167	11.0968
41	181	8.06401
41	182	7.83316
41	183	7.96073
41	186	5.66346
41	187	5.71012
41	191	8.99359
41	192	8.09047
42	50	2.02404
42	53	4.83601
42	54	4.72067
42	58	6.58156
42	60	5.21742
42	65	11.713
42	66	12.9782
42	67	14.5747
42	77	12.4745
42	78	15.2869
42	79	14.9321
42	85	11.4207
42	88	7.37172
42	89	10.944
42	90	13.4168
42	93	9.71277
42	100	11.6287
42	102	9.75126
42	105	8.16646
42	108	7.8137
42	112	7.11734
42	116	4.82591
42	120	3.05996
42	122	4.05168
42	125	0.196187
42	126	1.11463
42	127	4.81595
42	131	3.7323
42	134	5.6354
42	136	3.53568
42	139	3.06916
42	144	5.62244
42	145	5.92161
42	146	7.78167
42	151	11.1017
42	155	10.7746
42	159	8.43813
42	160	9.85636
42	161	11.6767
42	162	11.4931
42	163	11.5819
42	166	11.5578
42	170	5.07931
42	172	7.17443
42	176	5.55765
42	178	7.44383
42	181	8.06485
42	182	8.14969
42	186	5.70779
42	191	8.10978
43	49	2.04116
43	52	6.43538
43	57	6.25635
43	59	5.24847
43	64	11.4357
43	71	15.3743
43	72	14.5341
43	73	14.077
43	74	12.3735
43	76	12.4997
43	82	11.3767
43	84	11.5413
43	87	7.3762
43	92	10.5498
43	98	11.5621
43	99	11.5346
43	101	9.72753
43	104	7.39831
43	107	7.84053
43	111	7.12911
43	115	4.80623
43	118	4.96405
43	119	3.06247
43	121	4.04032
43	124	0.142491
43	130	3.7722
43	133	6.13026
43	135	3.54171
43	138	3.09339
43	143	6.42101
43	150	10.1285
43	154	10.7929
43	158	8.42351
43	165	13.7074
43	169	5.0693
43	171	7.48393
43	174	5.95199
43	175	5.403
43	177	7.65641
43	180	8.82301
43	185	5.737
43	190	8.14988
43	193	11.1948
44	70	15.3228
44	71	14.5177
44	72	14.0627
44	73	12.3966
44	81	11.3511
44	83	11.6635
44	86	7.40671
44	92	9.57545
44	97	11.4078
44	98	11.2749
44	103	7.2217
44	114	4.87399
44	117	4.52829
44	118	3.13238
44	123	0.0423931
44	157	8.42427
44	165	10.8361
44	168	5.06875
44	173	5.72701
44	174	5.41686
44	177	7.94988
45	54	4.57775
45	79	13.3743
45	80	11.3573
45	85	7.87424
45	91	9.56424
45	102	7.23839
45	113	5.03097
45	122	0.0688113
45	162	13.2457
45	164	10.871
45	167	5.06978
45	172	5.72978
45	176	7.77953
45	182	5.49516
46	53	4.16712
46	58	5.71992
46	65	9.67433
46	78	13.1573
46	79	11.4161
46	90	9.62779
46	100	8.77486
46	105	6.97709
46	125	3.1938
46	144	5.38965
46	151	8.53476
46	161	12.9329
46	166	5.07018
46	181	5.43591
47	52	4.10195
47	57	5.63816
47	64	9.29494
47	81	11.7546
47	86	9.98977
47	92	9.86376
47	99	8.76073
47	103	6.60882
47	104	6.9767
47	114	2.9974
47	123	2.534
47	124	3.12355
47	143	5.33896
47	150	8.0978
47	165	5.06988
47	168	10.2994
47	173	5.55832
47	177	6.24924
47	180	5.43452
48	54	6.8145
48	67	12.8894
48	78	11.903
48	79	13.8717
48	80	11.7686
48	85	10.3462
48	90	9.61381
48	91	9.99021
48	102	6.61773
48	113	2.99061
48	122	2.55969
48	128	6.3939
48	147	7.23311
48	161	9.63092
48	162	10.1552
48	164	5.07151
48	167	10.4098
48	172	5.5836
48	176	5.97616
48	182	8.24784
49	53	6.88862
49	58	5.70336
49	65	9.59178
49	66	12.4259
49	77	11.8825
49	78	13.7038
49	79	11.8264
49	88	8.02186
49	89	9.76396
49	90	11.6639
49	93	10.1137
49	100	6.13727
49	105	5.27612
49	112	2.98874
49	125	4.27307
49	127	6.37395
49	136	4.86207
49	139	5.65636
49	144	7.12912
49	146	7.19526
49	151	9.05739
49	160	9.36405
49	161	9.44435
49	163	5.08761
49	166	10.4773
49	178	5.62013
49	181	8.18313
50	57	5.59684
50	64	9.18852
50	71	12.8689
50	72	12.5103
50	73	11.073
50	87	7.9058
50	92	10.1921
50	98	7.49472
50	99	6.10475
50	104	5.25842
50	111	2.99022
50	118	0.0130212
50	124	4.2232
50	135	5.07496
50	138	5.71842
50	143	7.13979
50	150	8.54589
50	165	10.5257
50	174	3.77135
50	177	5.89025
50	180	8.18275
51	70	12.8616
51	71	12.5071
51	72	11.0695
51	81	13.2757
51	86	7.89733
51	92	10.7597
51	97	7.48354
51	98	6.10462
51	103	5.25785
51	114	6.07732
51	117	0.0126202
51	123	4.22361
51	135	5.36429
51	165	11.3406
51	168	10.7727
51	173	3.76953
51	177	5.92837
52	58	7.35943
52	60	5.2942
52	65	10.8996
52	77	12.0811
52	80	13.2954
52	85	8.31658
52	88	9.71446
52	91	10.5651
52	93	8.56144
52	100	9.75259
52	102	5.35459
52	105	9.02712
52	108	4.21279
52	112	4.37076
52	113	7.16921
52	116	0.0130503
52	120	5.41049
52	122	4.23781
52	125	10.7505
52	131	6.3773
52	134	5.11466
52	136	6.04471
52	139	7.15769
52	144	8.72728
52	151	10.4112
52	155	8.96734
52	159	7.63011
52	164	10.938
52	166	13.3104
52	167	11.5528
52	170	8.77089
52	172	3.82629
52	176	5.5032
52	178	8.64023
52	181	11.1985
52	186	8.46966
52	191	9.21919
53	57	5.91826
53	59	5.2683
53	63	6.93736
53	64	8.02962
53	70	11.0869
53	71	14.1658
53	72	13.2312
53	73	13.4471
53	74	12.3972
53	75	12.0042
53	76	12.0889
53	82	12.8134
53	83	10.2849
53	84	8.78024
53	87	9.48782
53	92	8.58209
53	95	7.29686
53	96	6.16975
53	97	7.89456
53	98	9.6783
53	99	8.19561
53	101	5.53174
53	104	8.01733
53	107	4.17805
53	110	4.18399
53	111	4.32099
53	115	0.308134
53	118	6.66913
53	119	5.39709
53	121	4.24235
53	124	9.39704
53	130	6.45673
53	133	5.27796
53	135	6.14241
53	138	7.20814
53	142	5.9626
53	143	6.86978
53	149	7.27472
53	150	8.3178
53	154	9.0564
53	157	9.14475
53	158	7.66158
53	165	13.5508
53	169	8.95473
53	171	4.26227
53	174	6.84389
53	175	4.75993
53	177	8.76544
53	180	9.77243
53	185	8.58541
53	189	9.27247
53	190	8.92747
53	193	9.23719
54	62	6.81223
54	63	7.39622
54	69	11.1089
54	70	14.109
54	71	13.0548
54	72	13.3402
54	73	12.3643
54	74	11.932
54	75	12.1683
54	81	13.059
54	82	9.95307
54	83	9.70217
54	84	10.5758
54	86	9.13154
54	87	8.37956
54	94	7.14867
54	95	6.2742
54	96	7.79081
54	97	9.42434
54	98	7.68507
54	99	7.22531
54	103	8.18893
54	104	6.03209
54	106	4.62685
54	109	4.20527
54	110	4.02049
54	114	1.80036
54	115	0.317162
54	117	7.27891
54	118	5.77243
54	119	6.14074
54	123	9.91365
54	124	7.67872
54	129	6.90231
54	137	8.10255
54	141	5.86264
54	142	6.82778
54	148	7.38865
54	149	8.69895
54	153	9.39125
54	156	9.38845
54	157	7.82026
54	158	6.39657
54	168	10.519
54	169	7.40827
54	173	8.09144
54	174	4.70261
54	175	6.38375
54	179	9.72114
54	184	9.25143
54	188	10.1353
54	189	9.65993
55	70	12.8085
55	71	13.1727
55	72	12.3109
55	73	11.9093
55	81	9.87165
55	83	10.4989
55	86	7.3517
55	92	6.21152
55	97	7.56518
55	98	7.17471
55	103	5.61621
55	114	0.016991
55	117	6.1036
55	118	6.16204
55	123	7.5075
55	157	6.3883
55	165	10.6534
55	168	7.37453
55	173	4.65257
55	174	6.21679
55	177	7.60559
56	67	9.3645
56	78	10.6963
56	79	12.5847
56	80	9.88818
56	85	7.54788
56	90	7.15366
56	91	6.21582
56	102	5.72503
56	113	0.0110345
56	122	7.51119
56	128	7.01524
56	147	6.78441
56	161	9.57815
56	162	9.92794
56	164	10.6155
56	167	7.49364
56	172	4.67838
56	176	7.03123
56	182	9.52809
57	65	8.95754
57	66	8.62306
57	77	10.5508
57	78	12.8174
57	79	10.1685
57	85	8.09628
57	88	7.42989
57	89	6.98838
57	90	6.28739
57	93	6.08927
57	100	8.3521
57	102	5.05294
57	105	6.24992
57	108	2.79468
57	112	0.0109474
57	116	5.99407
57	120	6.3028
57	122	9.85429
57	125	11.2387
57	127	6.97883
57	131	7.58318
57	134	7.647
57	136	7.2799
57	139	6.97866
57	144	6.70121
57	146	6.7262
57	151	10.6518
57	155	7.1624
57	159	10.9949
57	160	9.57419
57	161	10.4365
57	163	10.6217
57	166	8.52474
57	170	8.52327
57	172	7.14339
57	176	5.41472
57	178	6.86518
57	181	9.86682
57	186	8.78994
57	191	8.99256
58	64	7.21463
58	76	10.6023
58	81	11.1529
58	84	8.56454
58	86	7.28959
58	87	7.95809
58	92	6.09006
58	99	9.10355
58	101	4.93588
58	103	6.56193
58	104	7.11049
58	106	0.603621
58	107	2.75343
58	109	3.43026
58	111	0.130088
58	114	7.49616
58	115	6.08122
58	119	6.30716
58	121	9.66003
58	123	11.2846
58	124	12.0321
58	129	8.89106
58	130	7.73406
58	133	7.84394
58	135	7.35196
58	138	7.25737
58	143	7.49099
58	148	7.57895
58	150	9.90389
58	154	7.60431
58	158	11.1298
58	165	11.6073
58	168	11.1457
58	169	9.09654
58	171	7.38765
58	173	7.70531
58	175	5.23062
58	177	6.86558
58	180	11.034
58	185	9.03887
58	190	9.02594
58	193	10.6595
59	65	6.04762
59	80	10.9349
59	85	6.77061
59	91	6.12489
59	100	4.78843
59	102	5.99805
59	105	0.014632
59	108	3.2776
59	113	7.58116
59	122	11.1369
59	125	6.87038
59	128	9.31925
59	144	6.32063
59	147	8.05062
59	151	9.38223
59	164	11.7955
59	166	12.2471
59	167	11.5398
59	170	7.8057
59	172	7.67872
59	176	6.59953
59	181	10.0105
60	64	5.20736
60	71	8.33983
60	72	9.14678
60	73	9.42376
60	87	2.11555
60	98	5.95804
60	99	4.78281
60	104	0.011754
60	118	6.26623
60	124	6.82011
60	143	6.27194
60	150	9.00271
60	165	12.3482
60	174	3.89984
60	180	9.90271
61	70	8.3373
61	71	9.1503
61	72	9.42475
61	81	8.24591
61	86	2.10885
61	92	6.0996
61	97	5.94627
61	98	4.79807
61	103	0.0118791
61	114	6.96692
61	117	6.26491
61	123	6.81999
61	165	12.1603
61	168	9.27882
61	173	3.89801
61	177	8.78662
62	79	7.9419
62	80	8.4001
62	85	2.36019
62	91	6.0414
62	102	0.0957497
62	113	7.0613
62	122	6.88328
62	162	11.4447
62	164	12.181
62	167	9.50943
62	172	3.93036
62	176	8.69317
62	182	10.9619
63	78	7.26358
63	79	8.6402
63	80	10.3494
63	90	5.95368
63	91	7.93114
63	113	7.97811
63	128	10.4322
63	147	8.9127
63	161	11.419
63	162	12.9131
63	164	13.1098
63	166	10.3238
63	167	11.75
63	181	10.8627
63	182	10.8874
64	77	7.12171
64	78	9.3861
64	79	10.2583
64	85	0.043243
64	88	6.24219
64	89	5.99984
64	90	8.39159
64	93	8.044
64	100	4.53934
64	102	5.18352
64	105	6.40436
64	108	6.87595
64	112	7.94614
64	116	8.68389
64	120	8.28506
64	122	12.0968
64	125	14.0803
64	127	10.819
64	131	10.214
64	134	10.0635
64	136	9.99358
64	139	10.0486
64	144	9.69966
64	146	9.06406
64	151	12.4392
64	155	12.7809
64	159	14.0431
64	160	11.5081
64	161	13.5281
64	163	13.0609
64	166	13.1938
64	170	8.45138
64	172	9.21134
64	176	10.3388
64	178	10.6121
64	181	11.591
64	186	10.7458
64	191	10.6292
65	71	9.70207
65	72	8.84984
65	73	8.84815
65	74	7.86088
65	76	7.14386
65	82	6.20075
65	84	0.00467344
65	87	6.35191
65	92	8.31268
65	98	7.5039
65	99	7.29945
65	101	5.85614
65	104	7.61607
65	107	7.16126
65	111	8.36958
65	115	8.89978
65	118	11.3011
65	119	8.43947
65	121	12.1341
65	124	14.9344
65	130	10.6367
65	133	10.6143
65	135	10.4325
65	138	10.5535
65	143	11.0142
65	150	12.7064
65	154	13.3429
65	158	13.5438
65	165	16.0163
65	169	9.52226
65	171	9.79241
65	174	11.2469
65	175	10.4904
65	177	11.3316
65	180	13.523
65	185	11.2054
65	190	11.0203
65	193	12.0337
66	70	9.45069
66	71	8.55479
66	72	8.65044
66	73	7.80342
66	81	6.21523
66	83	5.39913e-05
66	86	6.65693
66	87	7.95265
66	97	7.48869
66	98	7.37247
66	99	8.15872
66	103	7.91157
66	104	8.38533
66	111	10.5825
66	114	9.30945
66	117	10.9907
66	118	8.57469
66	123	15.1183
66	124	15.7354
66	138	13.2702
66	143	11.4132
66	150	12.8444
66	157	13.6358
66	168	10.2265
66	173	11.4728
66	174	10.679
66	180	14.165
67	71	8.73597
67	72	7.87592
67	73	9.60784
67	74	7.13953
67	82	0.000134573
67	84	7.10572
67	86	8.34508
67	87	9.78484
67	96	7.5097
67	97	7.40591
67	98	8.47819
67	99	11.2584
67	103	9.24682
67	104	10.7213
67	110	10.9564
67	115	9.90805
67	117	9.24952
67	118	13.2352
67	119	14.3247
67	123	16.517
67	124	16.9898
67	137	13.9184
67	142	11.9118
67	149	13.0231
67	156	14.1398
67	158	16.609
67	169	12.8836
67	173	11.4236
67	174	12.8112
67	175	13.2357
67	179	14.6922
68	72	9.27978
68	73	7.12115
68	81	1.80099e-05
68	83	7.09953
68	86	8.99329
68	92	7.12752
68	97	8.84296
68	98	11.2549
68	103	10.437
68	114	9.70817
68	117	11.262
68	118	14.2082
68	123	16.8214
68	157	16.6265
68	165	10.7615
68	168	12.8443
68	173	12.3031
68	174	13.2158
68	177	15.4472
69	78	4.43658
69	79	3.10362
69	80	0.00123096
69	85	8.98658
69	90	9.77772
69	91	7.12335
69	102	10.5493
69	113	9.70909
69	122	16.9656
69	128	15.3425
69	147	12.2921
69	161	17.4067
69	162	17.0321
69	164	10.7607
69	167	12.816
69	172	12.3628
69	176	15.4426
69	182	17.5168
70	77	4.10089
70	78	2.79547
70	79	0.00439706
70	80	4.42156
70	89	9.67419
70	90	7.12334
70	91	9.11156
70	112	9.7151
70	113	11.3504
70	126	18.6123
70	127	15.2933
70	128	15.4305
70	132	13.8248
70	140	13.068
70	145	14.463
70	146	12.2425
70	147	12.1213
70	152	16.3358
70	160	17.3469
70	161	16.6768
70	162	16.2105
70	163	10.7604
70	164	14.553
70	166	12.8053
70	167	16.596
70	181	17.7111
70	182	17.8421
70	183	16.0269
70	187	13.0834
70	192	14.732
71	77	2.61673
71	78	0.0026461
71	79	3.75531
71	80	5.00136
71	88	9.67188
71	89	7.12282
71	90	9.05094
71	91	10.7727
71	112	11.3091
71	113	10.7394
71	125	18.7668
71	126	15.3079
71	127	15.3975
71	128	14.9265
71	131	13.8283
71	132	14.1414
71	139	13.3066
71	140	13.3811
71	144	14.7271
71	145	12.2433
71	146	12.0796
71	147	11.456
71	151	16.7938
71	152	16.5387
71	159	17.4517
71	160	16.2406
71	161	14.5446
71	162	10.763
71	163	14.5363
71	164	14.9605
71	166	16.9152
71	167	17.5301
71	181	18.0087
71	182	16.1877
71	183	16.1758
71	186	13.0835
71	187	13.6236
71	191	14.9133
71	192	14.8196
72	77	0.00240392
72	78	3.48192
72	79	4.12674
72	80	5.79433
72	88	7.12357
72	89	9.01936
72	90	10.8045
72	91	11.4721
72	112	10.7345
72	113	10.87
72	125	15.4397
72	126	15.411
72	127	14.7511
72	128	16.3556
72	131	14.14
72	132	13.9591
72	139	13.5763
72	140	13.1567
72	144	12.5925
72	145	12.0765
72	146	11.3521
72	147	14.0676
72	151	17.01
72	152	16.339
72	159	16.3053
72	160	14.2486
72	161	10.7616
72	162	14.7351
72	163	14.9584
72	164	12.7899
72	166	18.2553
72	167	18.0278
72	181	16.4926
72	182	16.2944
72	183	15.2227
72	186	13.6225
72	187	13.9182
72	191	14.8994
72	192	14.9041
73	77	3.74733
73	78	3.96724
73	79	5.04429
73	80	6.27921
73	88	8.9963
73	89	10.8331
73	90	11.5874
73	91	11.0283
73	112	10.8584
73	125	15.6098
73	126	14.7518
73	127	16.2527
73	131	13.9566
73	139	13.318
73	144	12.4249
73	145	11.3354
73	146	13.8678
73	151	16.7357
73	152	15.6148
73	159	14.3375
73	160	10.7608
73	161	15.1716
73	162	14.98
73	163	12.7883
73	166	18.6173
73	167	17.8961
73	181	16.5246
73	182	15.2654
73	183	13.3692
73	186	13.9167
73	191	15.0004
73	192	14.3533
74	78	6.08949
74	79	6.69879
74	80	8.00899
74	90	11.1002
74	91	11.8789
74	125	14.8412
74	144	11.462
74	151	15.7735
74	159	10.779
74	161	15.0142
74	162	12.7903
74	166	18.1712
74	167	17.8776
74	181	15.3476
74	182	13.4842
74	191	14.3766
75	79	7.63118
75	90	11.9278
75	91	12.4877
75	161	12.8154
75	162	16.0535
75	166	18.1953
75	167	16.4503
75	181	13.6874
75	182	13.2222
76	90	12.5892
76	100	10.1703
76	105	9.33596
76	125	15.2378
76	144	11.0058
76	151	12.7557
76	161	15.8434
76	166	16.3964
76	181	13.1138
77	83	7.50663
77	87	8.61595
77	97	9.27937
77	98	10.9224
77	99	10.1696
77	104	9.30981
77	111	10.0074
77	118	15.1362
77	124	14.9915
77	138	14.4579
77	143	10.9065
77	150	12.5823
77	157	11.5416
77	165	16.3912
77	174	13.8276
77	180	13.0595
78	82	7.59374
78	84	9.22881
78	86	8.62306
78	87	9.92625
78	95	12.3331
78	96	9.26542
78	97	10.9505
78	98	10.1893
78	99	13.4591
78	103	9.32031
78	104	11.8276
78	107	10.2759
78	110	9.98271
78	111	11.539
78	115	13.5552
78	117	15.1375
78	118	16.963
78	119	14.8194
78	123	15.0417
78	124	17.7269
78	130	15.8579
78	137	14.5017
78	138	15.9389
78	142	10.9452
78	143	11.6849
78	149	12.5739
78	150	14.2537
78	154	14.006
78	156	11.5601
78	157	13.5151
78	158	11.1688
78	169	17.9875
78	173	13.9109
78	174	15.2574
78	175	14.1568
78	179	13.1643
78	180	16.0269
78	185	15.7845
78	189	16.2147
78	190	14.7445
79	83	9.2232
79	86	9.63412
79	87	10.589
79	94	11.9246
79	95	9.24753
79	96	10.9646
79	97	10.239
79	98	12.7671
79	99	13.0111
79	103	11.4139
79	104	11.4518
79	106	10.1579
79	107	9.14995
79	109	9.96441
79	110	10.6512
79	111	12.3643
79	114	13.5056
79	115	13.2912
79	117	16.3118
79	118	14.7061
79	119	16.301
79	123	17.7034
79	124	17.9046
79	129	15.6634
79	130	15.3276
79	137	15.9168
79	138	13.9585
79	141	11.0197
79	142	11.2616
79	143	13.9304
79	148	12.5564
79	149	13.3657
79	150	15.2398
79	153	14.1658
79	154	11.2904
79	156	13.7262
79	157	11.1592
79	158	14.0157
79	168	18.2923
79	169	17.4121
79	173	15.2428
79	174	14.0264
79	175	14.5466
79	179	15.5557
79	180	14.1319
79	184	15.8511
79	185	13.1744
79	188	16.3117
79	189	14.4607
79	190	15.9922
80	86	9.99698
80	92	10.0639
80	94	9.23088
80	95	11.0052
80	96	10.3099
80	97	12.5104
80	98	12.6331
80	101	10.5477
80	103	11.142
80	106	8.88983
80	109	10.0195
80	110	11.2791
80	114	13.2087
80	117	14.2101
80	118	16.1652
80	121	14.8007
80	123	17.7969
80	129	14.9713
80	133	14.2107
80	135	14.4189
80	137	13.5934
80	141	11.0215
80	142	13.4341
80	148	12.7411
80	149	14.4642
80	153	11.2412
80	156	11.1556
80	157	14.1124
80	165	18.1008
80	168	17.4494
80	171	14.7586
80	173	13.9775
80	174	14.407
80	177	14.7052
80	179	13.8788
80	184	12.8036
80	188	14.3014
80	189	15.8163
80	193	12.0848
81	85	9.56156
81	91	9.44492
81	93	9.2388
81	100	11.2077
81	102	11.4151
81	105	8.87397
81	108	9.99722
81	113	13.5752
81	116	13.4968
81	120	14.669
81	122	17.7461
81	126	16.3716
81	128	15.3522
81	132	14.0555
81	134	14.2172
81	136	13.5279
81	140	10.9585
81	145	10.3301
81	147	12.7613
81	152	11.2382
81	155	11.1555
81	160	14.4635
81	162	13.5655
81	163	15.6962
81	164	18.592
81	167	17.5109
81	170	15.1201
81	172	13.9388
81	176	14.755
81	178	13.7407
81	182	16.1731
81	183	12.7515
81	187	14.2756
81	192	11.9445
82	90	9.22491
82	91	10.0307
82	113	11.2061
82	125	16.3616
82	128	14.7058
82	144	10.2949
82	147	12.322
82	151	11.263
82	159	14.4508
82	161	13.2664
82	162	15.8652
82	164	15.8616
82	166	17.0754
82	167	16.5838
82	181	15.7848
82	182	12.7607
82	191	11.9499
83	89	9.07172
83	90	10.0968
83	91	9.67158
83	112	10.8386
83	126	14.3122
83	127	14.4047
83	145	9.67671
83	146	12.0643
83	152	11.9456
83	160	13.172
83	161	16.5229
83	162	16.6182
83	163	15.5276
83	166	16.5449
83	167	15.7687
83	181	13.0292
83	182	13.7318
83	183	13.3082
83	192	10.8647
84	90	9.14248
84	100	6.75636
84	102	4.17964
84	105	6.5924
84	108	5.68032
84	122	12.0508
84	125	13.8887
84	144	9.35901
84	151	11.8068
84	159	13.1524
84	161	15.2757
84	162	15.3199
84	166	15.3547
84	170	12.16
84	172	10.6935
84	176	10.7539
84	181	12.6179
84	182	13.2966
84	191	10.7726
85	92	8.33086
85	94	5.62175
85	99	6.59034
85	101	2.84957
85	103	5.56627
85	104	6.20743
85	106	5.50125
85	107	5.09672
85	109	5.5037
85	114	8.53451
85	117	10.5457
85	121	10.7927
85	123	13.7282
85	124	13.5649
85	129	10.7603
85	133	8.81853
85	135	10.818
85	137	10.337
85	141	6.00052
85	143	9.00989
85	148	8.81715
85	150	11.0013
85	153	12.4228
85	156	12.4286
85	158	13.1032
85	165	15.1839
85	168	13.1465
85	169	11.9489
85	171	10.1802
85	173	9.97444
85	175	9.73987
85	177	11.5404
85	179	10.9959
85	180	12.1913
85	184	10.5946
85	188	9.24502
85	190	10.5985
85	193	9.82026
86	91	7.23236
86	93	4.96349
86	100	2.26575
86	102	4.4588
86	105	5.32292
86	108	5.29821
86	113	7.32106
86	116	8.82162
86	120	10.2665
86	122	13.1729
86	126	9.47721
86	127	10.0828
86	128	11.0536
86	132	8.29158
86	134	10.0415
86	136	9.91508
86	140	5.52763
86	145	7.63407
86	146	7.28054
86	147	8.78418
86	152	11.6357
86	155	11.8442
86	160	12.7983
86	161	12.6213
86	162	14.3683
86	163	13.8745
86	164	14.2437
86	167	13.4271
86	170	10.6924
86	172	9.66163
86	176	10.1207
86	178	10.5172
86	182	11.2179
86	183	10.1621
86	187	8.7774
86	192	9.34472
87	93	3.75603
87	100	0.0242622
87	105	2.13804
87	112	7.07894
87	125	9.31778
87	126	10.1106
87	127	11.1759
87	131	8.29796
87	136	9.3937
87	139	5.53487
87	144	7.5504
87	145	7.25575
87	146	8.73549
87	151	11.3812
87	159	13.4102
87	160	12.4791
87	161	14.1107
87	162	14.439
87	163	13.8585
87	166	14.2968
87	178	10.3979
87	181	10.5391
87	182	10.3989
87	186	8.78428
87	191	10.0838
88	92	3.76139
88	98	1.91307
88	99	0.00962631
88	104	2.05324
88	111	7.08288
88	118	9.57499
88	124	9.21163
88	135	9.46365
88	138	5.61634
88	143	7.73314
88	150	11.0455
88	165	15.2335
88	174	7.98147
88	177	10.6471
88	180	10.5779
89	97	1.90278
89	98	0.0095813
89	99	4.27855
89	103	2.05365
89	104	5.00881
89	111	6.99184
89	117	9.55412
89	118	10.0038
89	123	9.21275
89	124	11.7792
89	138	6.33973
89	143	6.58665
89	150	9.38657
89	157	13.1484
89	173	7.97798
89	174	9.29368
89	180	10.1653
90	96	1.90699
90	97	0.0131684
90	98	4.19147
90	99	5.77808
90	103	5.04378
90	104	7.31996
90	107	4.85189
90	110	6.95673
90	111	9.75153
90	115	9.39598
90	117	10.0724
90	118	9.81829
90	119	10.1503
90	123	11.8006
90	124	13.6496
90	130	11.7455
90	137	6.34402
90	138	7.43732
90	142	6.56047
90	143	10.7383
90	149	9.35833
90	150	12.1024
90	154	12.379
90	156	13.2808
90	157	13.954
90	158	15.1735
90	169	13.3324
90	173	9.41681
90	174	10.9235
90	175	10.5461
90	179	10.4358
90	180	9.71562
90	185	12.0242
90	189	12.0885
90	190	13.0888
91	95	2.06074
91	96	0.0390994
91	97	3.53498
91	98	5.58873
91	101	2.09401
91	103	7.53979
91	106	4.73759
91	109	6.98974
91	110	8.81679
91	114	9.42592
91	117	9.65002
91	118	10.1341
91	121	9.27492
91	123	13.4953
91	129	11.6097
91	133	9.20504
91	135	8.71989
91	137	5.67199
91	141	6.56142
91	142	10.4665
91	148	9.32748
91	149	11.4553
91	153	12.1061
91	156	13.6799
91	157	15.1754
91	165	16.9606
91	168	13.7069
91	171	9.76272
91	173	10.8909
91	174	10.5263
91	177	13.8702
91	179	9.40322
91	184	11.8638
91	188	11.9791
91	189	13.0757
91	193	11.0565
92	100	2.05018
92	102	7.56723
92	105	4.72166
92	108	7.12064
92	112	7.9803
92	113	10.8248
92	116	9.26107
92	120	9.24774
92	122	12.7054
92	125	12.1694
92	128	12.0671
92	132	9.18442
92	134	8.69465
92	136	5.53853
92	139	7.24617
92	140	6.66686
92	144	9.08265
92	147	9.86037
92	151	10.2865
92	152	11.9859
92	155	13.5468
92	164	16.3028
92	166	12.4421
92	167	14.1569
92	170	10.2198
92	172	10.6259
92	176	12.3872
92	178	9.29094
92	181	11.5978
92	183	11.8548
92	187	11.9366
92	192	10.7847
93	99	2.04998
93	103	5.86907
93	104	4.7324
93	111	7.94844
93	114	8.90091
93	123	11.4073
93	124	12.0146
93	135	5.53949
93	138	6.95379
93	143	9.00765
93	150	9.64234
93	165	12.3696
93	168	11.7238
93	173	8.97257
93	177	9.29069
93	180	11.5619
94	102	5.77971
94	113	9.03337
94	122	11.303
94	162	14.3085
94	164	12.3821
94	167	11.8806
94	172	8.99114
94	176	9.4808
94	182	12.4795
95	161	14.2423
95	162	12.0038
95	166	12.246
95	167	13.0352
95	181	12.499
95	182	11.5133
96	113	7.11464
96	128	8.24227
96	147	7.0192
96	161	11.7354
96	162	11.2483
96	164	12.6124
96	166	12.9929
96	167	14.3445
96	181	11.1088
96	182	11.5923
97	112	7.04865
97	113	7.70813
97	126	9.28442
97	127	8.22023
97	128	8.83321
97	132	6.53449
97	140	7.90654
97	145	9.42968
97	146	6.96659
97	147	7.94236
97	152	11.4312
97	160	11.7258
97	161	10.8747
97	162	12.7284
97	163	12.4524
97	164	12.3864
97	166	14.5649
97	167	14.6
97	181	11.3438
97	182	11.4248
97	183	9.43838
97	187	7.96506
97	192	7.11565
98	112	7.61501
98	113	7.05919
98	125	9.17932
98	126	8.23121
98	127	8.80033
98	128	9.959
98	131	6.54101
98	132	5.61912
98	139	7.92731
98	140	7.96267
98	144	9.45673
98	145	6.96424
98	146	7.89908
98	147	10.5654
98	151	11.4182
98	152	12.203
98	159	11.7974
98	160	10.8614
98	161	12.3881
98	162	12.5384
98	163	12.323
98	164	12.8637
98	166	14.8202
98	167	14.8924
98	181	11.5209
98	182	9.48669
98	183	9.78584
98	186	7.97081
98	187	7.65233
98	191	7.16741
98	192	5.89189
99	105	5.23991
99	108	4.89133
99	112	6.55214
99	116	6.11441
99	120	7.78731
99	122	11.6361
99	125	8.78732
99	126	8.8047
99	127	9.92601
99	131	5.6184
99	134	8.45797
99	136	6.98833
99	139	7.96585
99	144	7.0529
99	145	7.84695
99	146	10.1994
99	151	11.9347
99	155	11.69
99	159	10.8716
99	160	12.2026
99	161	12.6806
99	162	12.4386
99	163	12.7875
99	166	15.0674
99	170	11.8418
99	172	9.79242
99	176	10.4967
99	178	9.73232
99	181	9.67818
99	182	9.82755
99	186	7.64976
99	191	5.88701
100	104	5.83401
100	106	4.81323
100	107	4.94999
100	109	2.48534
100	111	6.39946
100	114	7.86224
100	115	6.02093
100	119	7.80445
100	121	11.0236
100	123	8.18591
100	124	9.32584
100	129	7.39315
100	130	5.63954
100	133	8.64587
100	135	6.99437
100	138	7.99824
100	143	7.0992
100	148	6.56652
100	150	9.2746
100	154	11.7195
100	158	10.908
100	165	13.9809
100	168	12.6956
100	169	11.8435
100	171	9.55405
100	173	8.48401
100	175	9.36467
100	177	9.74893
100	180	10.7707
100	185	7.68026
100	190	5.89022
100	193	10.8377
101	105	4.76667
101	108	2.41777
101	113	7.9716
101	122	8.01185
101	125	9.45241
101	128	7.40353
101	144	7.50226
101	147	6.47373
101	151	9.89991
101	159	12.0707
101	164	13.56
101	166	12.2178
101	167	12.7172
101	170	9.62898
101	172	8.28837
101	176	8.99588
101	181	9.02859
101	191	9.32554
102	107	2.4064
102	109	2.92878
102	114	4.35346
102	117	7.25408
102	121	7.70974
102	123	10.5172
102	124	9.43166
102	129	7.17534
102	133	6.20809
102	135	9.30037
102	137	8.26371
102	141	4.61442
102	143	7.40674
102	148	5.21218
102	150	9.03649
102	153	10.7249
102	156	10.599
102	158	11.8725
102	165	11.9282
102	168	11.7077
102	169	10.1952
102	171	8.66416
102	173	9.01643
102	175	8.67955
102	177	10.4496
102	179	8.67442
102	180	9.09085
102	184	7.87141
102	188	5.61883
102	190	9.47576
102	193	7.95993
103	108	2.93596
103	113	3.88418
103	116	6.40031
103	120	7.57453
103	122	10.6884
103	126	9.63109
103	127	6.99457
103	128	7.22102
103	132	6.11511
103	134	9.13919
103	136	8.20567
103	140	4.55142
103	145	6.27938
103	146	4.62762
103	147	5.20467
103	152	10.4386
103	155	10.4709
103	160	9.44601
103	161	9.87709
103	162	12.1822
103	163	11.0744
103	164	11.6391
103	167	12.146
103	170	9.19684
103	172	8.99017
103	176	9.23193
103	178	8.59726
103	182	9.99223
103	183	7.85305
103	187	5.57916
103	192	7.86405
104	112	3.82276
104	116	6.22321
104	120	7.98855
104	122	9.4596
104	125	9.76135
104	126	7.00622
104	127	7.25993
104	131	6.11529
104	134	8.29126
104	136	8.44443
104	139	4.61318
104	144	6.31419
104	145	4.61535
104	146	5.2066
104	151	11.109
104	155	9.72068
104	159	9.44248
104	160	9.85532
104	161	11.5834
104	162	11.039
104	163	11.5262
104	166	12.7728
104	170	9.65485
104	172	8.49994
104	176	8.81661
104	178	8.38027
104	181	10.0607
104	182	8.06036
104	186	5.57923
104	191	7.88056
105	111	3.83144
105	114	6.26064
105	115	6.24382
105	119	8.0083
105	121	9.45595
105	123	9.61578
105	124	8.54712
105	129	7.42655
105	130	6.16869
105	133	8.32481
105	135	8.43456
105	138	4.68949
105	143	6.42272
105	148	7.67552
105	150	11.1683
105	154	9.72462
105	158	9.44502
105	165	13.8632
105	168	11.1603
105	169	9.8232
105	171	8.5261
105	173	8.33507
105	175	8.64896
105	177	8.41323
105	180	10.3218
105	185	5.60875
105	190	7.90885
105	193	11.4954
106	113	6.06822
106	122	9.52889
106	128	7.14528
106	147	7.65058
106	162	11.1377
106	164	13.6405
106	167	11.1487
106	170	8.72612
106	172	8.12715
106	176	8.15065
106	182	7.10588
107	122	8.3389
107	125	8.77041
107	144	4.21078
107	151	9.69428
107	159	8.72945
107	161	10.6183
107	166	11.3795
107	170	8.77599
107	172	7.011
107	176	7.25947
107	181	7.02202
107	191	9.78786
108	114	5.2947
108	121	8.24343
108	123	8.30335
108	124	8.69288
108	129	6.76771
108	143	3.97983
108	148	6.24201
108	150	9.26161
108	158	8.45159
108	165	11.6216
108	168	9.6712
108	169	8.83538
108	171	6.9182
108	173	6.21205
108	175	6.86439
108	177	8.48629
108	180	7.04989
108	190	9.55772
109	113	5.38589
109	122	8.35159
109	128	6.80619
109	147	6.24633
109	162	8.9762
109	164	11.7659
109	167	9.77765
109	170	7.13709
109	172	6.20536
109	176	7.21993
109	182	7.66425
110	128	6.48223
110	147	7.04049
110	161	8.65344
110	162	11.0357
110	164	11.7254
110	166	10.3036
110	167	10.3711
110	181	7.95311
110	182	5.86582
111	125	7.12745
111	127	6.4315
111	136	4.35842
111	139	1.69778
111	144	5.12836
111	146	7.22787
111	151	5.34883
111	160	8.65394
111	161	10.7472
111	163	11.5686
111	166	10.4453
111	178	7.97598
111	181	5.76711
112	118	6.34907
112	124	7.0728
112	135	4.35813
112	138	1.6959
112	143	5.09838
112	150	4.8349
112	157	8.53415
112	165	10.4972
112	174	5.311
112	177	7.97318
112	180	5.76069
113	117	6.42689
113	121	6.28461
113	123	7.11586
113	129	6.22195
113	133	4.3914
113	135	7.28724
113	137	1.69606
113	141	6.702
113	142	5.11117
113	148	5.1364
113	149	4.81554
113	153	6.15453
113	156	8.71729
113	165	13.9193
113	168	11.6704
113	171	8.20241
113	173	5.3317
113	177	10.8288
113	179	5.76194
113	184	7.88626
113	188	9.04598
113	193	7.2616
114	120	5.99442
114	122	7.58938
114	126	5.52199
114	128	6.28191
114	132	4.38533
114	134	6.37347
114	136	1.69609
114	140	6.56619
114	145	5.13188
114	147	5.22747
114	152	5.87596
114	155	9.05584
114	160	9.72689
114	162	10.1263
114	163	10.2498
114	164	12.9347
114	167	11.7769
114	170	8.54971
114	172	5.52773
114	176	9.10652
114	178	5.76443
114	182	9.48773
114	183	7.84638
114	187	8.933
114	192	7.10661
115	125	5.44232
115	144	5.1108
115	151	5.84082
115	159	9.88803
115	161	9.95121
115	162	10.2378
115	166	11.7555
115	181	9.08836
115	182	7.88694
115	191	7.12015
116	123	5.54566
116	124	5.37679
116	135	1.70731
116	143	5.10744
116	150	5.70742
116	165	11.7882
116	168	10.704
116	173	6.42426
116	177	6.57648
116	180	8.92059
117	122	5.63237
117	126	6.87054
117	127	2.74258
117	128	5.69194
117	132	5.09885
117	134	1.7141
117	140	3.78887
117	145	6.06348
117	146	2.22193
117	147	5.50278
117	152	11.2957
117	160	11.6803
117	161	11.2807
117	162	13.3279
117	163	12.8612
117	164	12.0914
117	167	13.4375
117	172	7.87498
117	176	7.31526
117	182	11.0705
117	183	6.80499
117	187	8.18751
117	192	9.4956
118	125	6.96381
118	126	2.72802
118	127	5.61131
118	131	5.07701
118	139	3.78846
118	144	6.55693
118	145	2.20187
118	146	5.76668
118	151	12.2239
118	152	9.27868
118	159	13.0106
118	160	10.9696
118	161	12.9488
118	162	12.6424
118	163	12.0006
118	166	14.9423
118	167	13.7581
118	181	11.2632
118	182	6.80277
118	183	9.05772
118	186	8.1911
118	191	9.7174
118	192	8.24345
119	125	2.72743
119	144	2.19494
119	151	9.05435
119	159	10.9308
119	161	10.7265
119	162	11.3104
119	166	12.8996
119	181	6.77396
119	182	9.21129
119	191	8.19825
120	124	2.7326
120	143	2.18914
120	150	8.71237
120	165	12.5336
120	168	11.5665
120	173	6.46421
120	177	7.99495
120	180	6.75908
121	144	6.55842
121	151	11.3351
121	159	11.3173
121	164	12.635
121	166	14.9866
121	167	12.1315
121	170	10.8249
121	172	6.5658
121	176	8.06607
121	181	9.73589
121	191	9.3398
122	129	4.65347
122	133	1.67337
122	135	5.74076
122	137	5.46177
122	141	2.16748
122	143	6.86351
122	148	7.96006
122	150	11.3534
122	153	10.4926
122	156	10.3937
122	158	11.6421
122	165	15.3312
122	168	14.6526
122	169	12.0439
122	171	7.58897
122	173	10.8632
122	175	8.80083
122	177	11.4009
122	179	9.446
122	180	9.87056
122	184	9.08743
122	188	6.71635
122	190	9.7884
122	193	8.58964
123	128	4.67264
123	132	1.65349
123	134	5.71233
123	136	5.34515
123	140	2.15779
123	145	8.63505
123	146	7.66255
123	147	7.97314
123	152	10.4077
123	155	10.3217
123	160	8.56265
123	161	10.1561
123	162	12.6728
123	163	13.2549
123	164	14.4399
123	167	16.0211
123	170	9.25667
123	172	11.4656
123	176	10.3022
123	178	9.46153
123	182	12.2473
123	183	9.06979
123	187	6.63238
123	192	8.48107
124	131	1.65381
124	134	5.34986
124	136	5.77929
124	139	2.15814
124	144	8.81859
124	145	7.62592
124	146	7.97382
124	151	10.5506
124	155	10.5431
124	159	8.55579
124	160	10.1034
124	161	12.5878
124	162	13.2319
124	163	13.894
124	166	16.5347
124	170	11.32
124	172	11.2611
124	176	7.60551
124	178	10.4359
124	181	12.4198
124	182	9.16379
124	186	6.63235
124	191	8.49042
125	130	1.72118
125	133	5.35832
125	135	5.71088
125	138	2.19959
125	143	9.14308
125	150	11.6483
125	154	10.5533
125	158	8.55271
125	165	17.7317
125	169	11.1967
125	171	11.3966
125	174	10.1943
125	175	7.07918
125	177	10.4402
125	180	12.5584
125	185	6.66213
125	190	8.52502
125	193	12.1918
126	157	8.6458
126	168	11.2975
126	173	10.0874
126	174	7.03567
127	138	3.52885
127	143	6.73604
127	150	8.93177
127	157	9.21729
127	173	7.03979
127	174	8.07864
127	180	9.17283
128	137	3.39246
128	142	6.60269
128	148	7.34882
128	149	8.55734
128	156	8.97469
128	165	15.304
128	168	12.8742
128	171	8.74988
128	173	8.00572
128	177	9.58207
128	179	9.17522
129	147	7.06695
129	162	12.3352
129	164	14.8443
129	167	12.3975
129	170	9.02654
129	172	7.77187
129	176	6.56983
129	182	6.51913
130	144	3.73653
130	151	7.87039
130	161	12.0881
130	166	12.2897
130	181	6.19444
131	143	3.71288
131	150	7.61843
131	165	12.3607
131	174	3.84082
131	180	6.1751
132	165	13.1399
132	168	9.25354
132	173	3.83976
132	177	7.35683
133	144	1.77398
133	151	6.70574
133	164	13.0373
133	166	12.1027
133	167	9.26484
133	172	3.88377
133	176	6.8959
133	181	5.93337
134	143	1.66509
134	150	6.02416
134	165	11.9752
134	168	8.46781
134	173	6.41366
134	177	6.23415
134	180	5.64724
135	144	1.72795
135	151	7.20836
135	164	12.1841
135	166	8.07472
135	167	8.76884
135	172	6.55671
135	176	6.33108
135	178	4.51531
135	181	4.50983
136	143	1.69789
136	150	6.79553
136	165	7.95995
136	168	7.66717
136	173	6.398
136	177	4.45186
136	180	4.36413
137	147	4.68378
137	161	8.75734
137	162	10.4959
137	164	7.93691
137	167	7.66434
137	172	6.48642
137	176	4.5857
137	182	2.35337
138	144	2.6941
138	146	4.4985
138	151	6.71687
138	160	8.65645
138	161	10.4434
138	163	7.81485
138	166	7.60633
138	178	1.02736
138	181	1.38058
139	143	2.59262
139	150	5.95869
139	165	7.57553
139	174	3.69263
139	177	1.04065
139	180	1.21341
140	165	7.86681
140	168	8.48181
140	173	3.68864
140	177	2.06981
141	162	5.87985
141	164	7.98539
141	167	8.49881
141	172	3.73447
141	176	2.14898
141	182	3.69892
142	161	5.45058
142	162	7.90827
142	164	6.56026
142	166	8.39491
142	167	8.83427
142	181	3.20384
142	182	3.59508
143	151	7.28031
143	155	6.62439
143	159	6.0754
143	160	5.43368
143	161	8.45263
143	163	6.43738
143	166	8.80364
143	170	4.91362
143	172	4.77314
143	176	0.29217
143	178	1.918
143	181	4.20073
143	186	4.0394
143	191	4.49383
144	150	6.08652
144	154	6.65844
144	158	5.84311
144	165	8.45259
144	169	5.16085
144	171	4.57355
144	174	4.48439
144	175	0.226877
144	177	1.99221
144	180	5.76596
144	185	4.19978
144	190	4.49743
144	193	5.59304
145	157	5.96736
145	168	5.35955
145	173	4.29257
145	174	0.22741
146	157	5.43786
146	173	0.24
146	174	1.03892
146	180	6.01744
147	156	5.40301
147	165	8.09591
147	168	8.26971
147	171	1.88743
147	173	0.966933
147	177	6.7843
147	179	6.21038
148	162	4.77287
148	164	7.98959
148	167	7.75528
148	170	2.21094
148	172	0.612976
148	176	6.45951
148	182	6.20291
149	161	4.43338
149	162	6.61554
149	164	6.36675
149	166	7.76683
149	167	7.15764
149	181	6.02718
149	182	6.19417
150	159	4.55242
150	160	4.43291
150	161	7.22984
150	163	6.27724
150	166	7.62995
150	170	0.0365844
150	172	4.31864
150	176	6.79202
150	178	6.16251
150	181	6.78224
150	186	5.54677
150	191	6.11216
151	158	4.19539
151	165	9.03459
151	169	0.00205738
151	171	4.81106
151	174	7.30609
151	175	6.95932
151	177	6.42892
151	180	8.91025
151	185	6.08972
151	190	6.38204
151	193	7.51161
152	157	4.18949
152	165	7.3156
152	168	0.0003198
152	173	7.3634
152	174	7.13626
152	177	8.59534
153	162	7.19217
153	164	7.40453
153	167	0.000735499
153	172	7.47182
153	176	8.62959
153	182	8.86615
154	161	7.20359
154	166	0.000515469
154	181	8.7807
155	165	6.39981e-05
155	168	8.77751
155	173	7.25399
155	177	10.0786
155	180	8.77769
156	162	6.31178
156	164	0.000292403
156	167	8.74368
156	172	7.27334
156	176	10.1181
156	182	10.763
157	161	5.84466
157	163	0.000513926
157	166	8.60811
157	167	8.75285
157	181	10.6539
157	182	9.93254
157	183	8.41321
157	192	4.94606
158	162	0.121463
158	166	8.29347
158	170	7.19543
158	172	10.0894
158	176	8.53642
158	181	9.84365
158	182	8.43806
158	191	4.94886
159	165	8.21825
159	169	7.08973
159	171	9.99775
159	174	9.96856
159	175	8.32874
159	180	9.9291
159	190	5.02232
160	168	7.08685
160	173	9.75153
160	174	8.2925
160	180	8.46567
161	169	9.73152
161	173	8.30306
161	174	11.0048
161	175	8.78034
161	179	8.4719
161	180	10.5534
161	185	9.7307
161	189	5.49699
161	190	5.02676
162	168	9.88827
162	169	7.85948
162	173	11.0406
162	174	8.75762
162	175	7.3001
162	179	10.5752
162	184	9.82781
162	188	5.53532
162	189	4.95431
163	168	7.7887
163	173	8.73011
163	174	7.20233
163	180	7.69523
164	171	9.46821
164	173	7.20518
164	177	9.74221
164	179	7.68296
164	184	9.82536
164	188	4.7587
164	193	7.79901
165	170	9.51378
165	172	7.23139
165	176	9.26921
165	178	7.68113
165	181	11.1909
165	183	9.83431
165	186	4.12817
165	187	4.99798
165	191	8.72842
165	192	7.98636
166	171	7.24182
166	174	9.55081
166	175	8.4404
166	177	7.69265
166	180	9.4581
166	185	4.06254
166	189	7.96364
166	190	8.44133
166	193	7.47674
167	173	9.02002
167	174	8.10091
167	177	10.3825
167	179	8.78501
167	184	4.02591
167	188	7.38581
167	189	8.21424
167	193	3.76503
168	172	8.81881
168	176	10.0149
168	178	8.40662
168	182	7.53566
168	183	3.97419
168	187	7.05844
168	192	3.26549
169	176	6.83548
169	181	6.57427
169	182	3.96967
169	191	3.23186
170	175	5.88846
170	177	6.40232
170	180	6.24971
170	190	3.15958
171	176	5.77653
171	181	4.84436
171	191	4.15424
172	179	2.41085
172	180	4.70113
172	184	1.16602
172	188	0.690844
172	190	4.22652
172	193	3.10215
173	178	2.37825
173	182	5.30287
173	183	1.13853
173	187	0.662602
173	192	3.18287
174	181	4.95715
174	182	1.14149
174	183	2.42923
174	186	0.664165
174	191	3.50018
174	192	2.17166
175	181	1.14846
175	182	2.36755
175	191	2.15714
176	180	1.21538
176	184	0.723256
176	188	2.976
176	190	2.15657
176	193	3.20681
177	183	0.720118
177	187	2.74566
177	192	2.93346
180	186	1.77011
180	191	1.88852
181	185	1.85691
181	189	3.00529
181	190	1.84281
181	193	4.51141
182	188	2.96442
182	189	1.90507
