Nucleotide	Sequence	Modified_mutations	Modified_read_depth	Modified_effective_depth	Modified_rate	Modified_off_target_mapped_depth	Modified_low_mapq_mapped_depth	Modified_primer_pair_1_mapped_depth	Untreated_mutations	Untreated_read_depth	Untreated_effective_depth	Untreated_rate	Untreated_off_target_mapped_depth	Untreated_low_mapq_mapped_depth	Untreated_primer_pair_1_mapped_depth	Denatured_mutations	Denatured_read_depth	Denatured_effective_depth	Denatured_rate	Denatured_off_target_mapped_depth	Denatured_low_mapq_mapped_depth	Denatured_primer_pair_1_mapped_depth	Reactivity_profile	Std_err	HQ_profile	HQ_stderr	Norm_profile	Norm_stderr
1	g	0	209932	0	nan	21	0	209932	0	0	0	nan	0	0	0	0	0	0	nan	0	0	0	nan	nan	nan	nan	nan	nan
2	g	0	210273	0	nan	21	0	210273	0	0	0	nan	0	0	0	0	0	0	nan	0	0	0	nan	nan	nan	nan	nan	nan
3	c	0	210553	0	nan	21	0	210553	0	0	0	nan	0	0	0	0	0	0	nan	0	0	0	nan	nan	nan	nan	nan	nan
4	a	0	226626	0	nan	48	0	226626	0	0	0	nan	0	0	0	0	0	0	nan	0	0	0	nan	nan	nan	nan	nan	nan
5	c	0	227070	0	nan	49	0	227070	0	0	0	nan	0	0	0	0	0	0	nan	0	0	0	nan	nan	nan	nan	nan	nan
6	c	0	227133	0	nan	49	0	227133	0	0	0	nan	0	0	0	0	0	0	nan	0	0	0	nan	nan	nan	nan	nan	nan
7	u	0	227137	0	nan	49	0	227137	0	0	0	nan	0	0	0	0	0	0	nan	0	0	0	nan	nan	nan	nan	nan	nan
8	c	0	227147	0	nan	49	0	227147	0	0	0	nan	0	0	0	0	0	0	nan	0	0	0	nan	nan	nan	nan	nan	nan
9	a	0	227149	0	nan	49	0	227149	0	0	0	nan	0	0	0	0	0	0	nan	0	0	0	nan	nan	nan	nan	nan	nan
10	u	0	227156	0	nan	49	0	227156	0	0	0	nan	0	0	0	0	0	0	nan	0	0	0	nan	nan	nan	nan	nan	nan
11	a	0	227176	0	nan	50	0	227176	0	0	0	nan	0	0	0	0	0	0	nan	0	0	0	nan	nan	nan	nan	nan	nan
12	a	0	227180	0	nan	50	0	227180	0	0	0	nan	0	0	0	0	0	0	nan	0	0	0	nan	nan	nan	nan	nan	nan
13	c	0	227194	0	nan	50	0	227194	0	0	0	nan	0	0	0	0	0	0	nan	0	0	0	nan	nan	nan	nan	nan	nan
14	a	0	227201	0	nan	50	0	227201	0	0	0	nan	0	0	0	0	0	0	nan	0	0	0	nan	nan	nan	nan	nan	nan
15	u	0	227204	0	nan	50	1	227204	0	0	0	nan	0	0	0	0	0	0	nan	0	0	0	nan	nan	nan	nan	nan	nan
16	a	0	227208	0	nan	50	1	227208	0	0	0	nan	0	0	0	0	0	0	nan	0	0	0	nan	nan	nan	nan	nan	nan
17	a	0	227218	0	nan	50	1	227218	0	0	0	nan	0	0	0	0	0	0	nan	0	0	0	nan	nan	nan	nan	nan	nan
18	c	0	227225	0	nan	50	1	227225	0	0	0	nan	0	0	0	0	0	0	nan	0	0	0	nan	nan	nan	nan	nan	nan
19	U	0	227232	4	0.000000	50	1	227232	0	0	0	nan	0	0	0	0	0	0	nan	0	0	0	0.000000	0.000000	nan	nan	nan	nan
20	A	0	227248	14	0.000000	50	1	227248	0	0	0	nan	0	0	0	0	0	0	nan	0	0	0	0.000000	0.000000	nan	nan	nan	nan
21	A	0	227258	21	0.000000	50	1	227258	0	0	0	nan	0	0	0	0	0	0	nan	0	0	0	0.000000	0.000000	nan	nan	nan	nan
22	G	0	227274	222905	0.000000	50	1	227274	0	0	0	nan	0	0	0	0	0	0	nan	0	0	0	0.000000	0.000000	0.000000	0.000000	0.000000	0.000000
23	G	404	227284	210171	0.001922	50	1	227284	0	0	0	nan	0	0	0	0	0	0	nan	0	0	0	0.001922	0.000096	0.001922	0.000096	0.830238	0.041469
24	C	1049	227321	221848	0.004728	50	1	227321	0	0	0	nan	0	0	0	0	0	0	nan	0	0	0	0.004728	0.000146	0.004728	0.000146	1.000000	0.030880
25	A	1995	227364	223652	0.008920	50	1	227364	0	0	0	nan	0	0	0	0	0	0	nan	0	0	0	0.008920	0.000200	0.008920	0.000200	0.248454	0.005571
26	G	245	227399	221604	0.001106	50	1	227398	0	0	0	nan	0	0	0	0	0	0	nan	0	0	0	0.001106	0.000071	0.001106	0.000071	0.477754	0.030670
27	A	5159	227443	223203	0.023113	50	1	227441	0	0	0	nan	0	0	0	0	0	0	nan	0	0	0	0.023113	0.000322	0.023113	0.000322	0.643780	0.008969
28	U	1302	227452	222156	0.005861	50	1	227447	0	0	0	nan	0	0	0	0	0	0	nan	0	0	0	0.005861	0.000162	0.005861	0.000162	1.025367	0.028341
29	C	11193	227460	222694	0.050262	50	1	227454	0	0	0	nan	0	0	0	0	0	0	nan	0	0	0	0.050262	0.000475	0.050262	0.000475	10.630711	0.100465
30	U	1176	227475	222695	0.005281	50	1	227468	0	0	0	nan	0	0	0	0	0	0	nan	0	0	0	0.005281	0.000154	0.005281	0.000154	0.923898	0.026942
31	G	470	227475	219672	0.002140	50	1	227462	0	0	0	nan	0	0	0	0	0	0	nan	0	0	0	0.002140	0.000099	0.002140	0.000099	0.924406	0.042765
32	A	1757	227482	222438	0.007899	50	1	227467	0	0	0	nan	0	0	0	0	0	0	nan	0	0	0	0.007899	0.000188	0.007899	0.000188	0.220016	0.005236
33	G	492	227500	209118	0.002353	50	1	227465	0	0	0	nan	0	0	0	0	0	0	nan	0	0	0	0.002353	0.000106	0.002353	0.000106	1.016415	0.045788
34	C	907	227505	218063	0.004159	50	1	227447	0	0	0	nan	0	0	0	0	0	0	nan	0	0	0	0.004159	0.000138	0.004159	0.000138	0.879653	0.029188
35	C	1137	227519	218351	0.005207	50	1	227410	0	0	0	nan	0	0	0	0	0	0	nan	0	0	0	0.005207	0.000154	0.005207	0.000154	1.101311	0.032572
36	U	1329	227573	218454	0.006084	50	1	227458	0	0	0	nan	0	0	0	0	0	0	nan	0	0	0	0.006084	0.000167	0.006084	0.000167	1.064381	0.029216
37	G	339	227592	216354	0.001567	50	1	227207	0	0	0	nan	0	0	0	0	0	0	nan	0	0	0	0.001567	0.000085	0.001567	0.000085	0.676890	0.036717
38	G	241	227598	214194	0.001125	50	1	227213	0	0	0	nan	0	0	0	0	0	0	nan	0	0	0	0.001125	0.000072	0.001125	0.000072	0.485961	0.031102
39	G	253	227634	215963	0.001171	50	1	227278	0	0	0	nan	0	0	0	0	0	0	nan	0	0	0	0.001171	0.000074	0.001171	0.000074	0.505832	0.031965
40	A	7876	227686	219372	0.035902	50	1	227389	0	0	0	nan	0	0	0	0	0	0	nan	0	0	0	0.035902	0.000405	0.035902	0.000405	1.000000	0.011281
41	G	491	227780	212094	0.002315	47	1	227623	0	0	0	nan	0	0	0	0	0	0	nan	0	0	0	0.002315	0.000104	0.002315	0.000104	1.000000	0.044924
42	C	581	227860	224839	0.002584	31	1	227828	0	0	0	nan	0	0	0	0	0	0	nan	0	0	0	0.002584	0.000107	0.002584	0.000107	0.546531	0.022631
43	U	749	227868	226372	0.003309	31	1	227854	0	0	0	nan	0	0	0	0	0	0	nan	0	0	0	0.003309	0.000121	0.003309	0.000121	0.578901	0.021169
44	C	517	227872	226464	0.002283	27	1	227861	0	0	0	nan	0	0	0	0	0	0	nan	0	0	0	0.002283	0.000100	0.002283	0.000100	0.482868	0.021151
45	U	1012	227873	226393	0.004470	27	1	227861	0	0	0	nan	0	0	0	0	0	0	nan	0	0	0	0.004470	0.000141	0.004470	0.000141	0.782015	0.024668
46	C	901	227872	226412	0.003979	27	1	227849	0	0	0	nan	0	0	0	0	0	0	nan	0	0	0	0.003979	0.000133	0.003979	0.000133	0.841582	0.028130
47	U	969	227872	226008	0.004287	27	1	227847	0	0	0	nan	0	0	0	0	0	0	nan	0	0	0	0.004287	0.000138	0.004287	0.000138	0.750000	0.024143
48	G	541	227874	220412	0.002454	27	1	227848	0	0	0	nan	0	0	0	0	0	0	nan	0	0	0	0.002454	0.000106	0.002454	0.000106	1.060043	0.045788
49	C	1003	227876	224931	0.004459	26	1	227856	0	0	0	nan	0	0	0	0	0	0	nan	0	0	0	0.004459	0.000141	0.004459	0.000141	0.943105	0.029822
50	C	880	227884	224500	0.003920	26	1	227869	0	0	0	nan	0	0	0	0	0	0	nan	0	0	0	0.003920	0.000132	0.003920	0.000132	0.829103	0.027919
51	A	8248	227884	224782	0.036693	26	1	227879	0	0	0	nan	0	0	0	0	0	0	nan	0	0	0	0.036693	0.000404	0.036693	0.000404	1.022032	0.011253
52	A	0	227882	224635	0.000000	26	1	227882	0	0	0	nan	0	0	0	0	0	0	nan	0	0	0	0.000000	0.000000	0.000000	0.000000	0.000000	0.000000
53	U	0	227871	128	0.000000	23	1	227871	0	0	0	nan	0	0	0	0	0	0	nan	0	0	0	0.000000	0.000000	nan	nan	nan	nan
54	C	0	227709	0	nan	23	1	227709	0	0	0	nan	0	0	0	0	0	0	nan	0	0	0	nan	nan	nan	nan	nan	nan
55	C	0	227707	0	nan	23	1	227707	0	0	0	nan	0	0	0	0	0	0	nan	0	0	0	nan	nan	nan	nan	nan	nan
56	a	0	227707	0	nan	23	1	227707	0	0	0	nan	0	0	0	0	0	0	nan	0	0	0	nan	nan	nan	nan	nan	nan
57	c	0	227707	0	nan	23	1	227707	0	0	0	nan	0	0	0	0	0	0	nan	0	0	0	nan	nan	nan	nan	nan	nan
58	u	0	227707	0	nan	23	1	227707	0	0	0	nan	0	0	0	0	0	0	nan	0	0	0	nan	nan	nan	nan	nan	nan
59	a	0	227707	0	nan	23	1	227707	0	0	0	nan	0	0	0	0	0	0	nan	0	0	0	nan	nan	nan	nan	nan	nan
60	a	0	227705	0	nan	23	1	227705	0	0	0	nan	0	0	0	0	0	0	nan	0	0	0	nan	nan	nan	nan	nan	nan
61	c	0	227705	0	nan	10	1	227705	0	0	0	nan	0	0	0	0	0	0	nan	0	0	0	nan	nan	nan	nan	nan	nan
62	c	0	227705	0	nan	9	1	227705	0	0	0	nan	0	0	0	0	0	0	nan	0	0	0	nan	nan	nan	nan	nan	nan
63	u	0	227705	0	nan	0	1	227705	0	0	0	nan	0	0	0	0	0	0	nan	0	0	0	nan	nan	nan	nan	nan	nan
64	c	0	227705	0	nan	0	1	227705	0	0	0	nan	0	0	0	0	0	0	nan	0	0	0	nan	nan	nan	nan	nan	nan
65	a	0	227705	0	nan	0	1	227705	0	0	0	nan	0	0	0	0	0	0	nan	0	0	0	nan	nan	nan	nan	nan	nan
66	c	0	227705	0	nan	0	1	227705	0	0	0	nan	0	0	0	0	0	0	nan	0	0	0	nan	nan	nan	nan	nan	nan
67	u	0	227704	0	nan	0	1	227704	0	0	0	nan	0	0	0	0	0	0	nan	0	0	0	nan	nan	nan	nan	nan	nan
68	c	0	227704	0	nan	0	1	227704	0	0	0	nan	0	0	0	0	0	0	nan	0	0	0	nan	nan	nan	nan	nan	nan
69	a	0	227703	0	nan	0	1	227703	0	0	0	nan	0	0	0	0	0	0	nan	0	0	0	nan	nan	nan	nan	nan	nan
70	c	0	227696	0	nan	0	1	227696	0	0	0	nan	0	0	0	0	0	0	nan	0	0	0	nan	nan	nan	nan	nan	nan
71	a	0	227691	0	nan	0	1	227691	0	0	0	nan	0	0	0	0	0	0	nan	0	0	0	nan	nan	nan	nan	nan	nan
72	a	0	227629	0	nan	0	1	227629	0	0	0	nan	0	0	0	0	0	0	nan	0	0	0	nan	nan	nan	nan	nan	nan
73	u	0	227538	0	nan	0	1	227538	0	0	0	nan	0	0	0	0	0	0	nan	0	0	0	nan	nan	nan	nan	nan	nan
74	c	0	227234	0	nan	0	1	227234	0	0	0	nan	0	0	0	0	0	0	nan	0	0	0	nan	nan	nan	nan	nan	nan