Nucleotide	Sequence	Modified_mutations	Modified_read_depth	Modified_effective_depth	Modified_rate	Modified_off_target_mapped_depth	Modified_low_mapq_mapped_depth	Modified_primer_pair_1_mapped_depth	Untreated_mutations	Untreated_read_depth	Untreated_effective_depth	Untreated_rate	Untreated_off_target_mapped_depth	Untreated_low_mapq_mapped_depth	Untreated_primer_pair_1_mapped_depth	Denatured_mutations	Denatured_read_depth	Denatured_effective_depth	Denatured_rate	Denatured_off_target_mapped_depth	Denatured_low_mapq_mapped_depth	Denatured_primer_pair_1_mapped_depth	Reactivity_profile	Std_err	HQ_profile	HQ_stderr	Norm_profile	Norm_stderr
1	g	0	426389	0	nan	0	21	426389	0	0	0	nan	0	0	0	0	0	0	nan	0	0	0	nan	nan	nan	nan	nan	nan
2	g	0	426717	0	nan	0	21	426717	0	0	0	nan	0	0	0	0	0	0	nan	0	0	0	nan	nan	nan	nan	nan	nan
3	u	0	426883	0	nan	0	21	426883	0	0	0	nan	0	0	0	0	0	0	nan	0	0	0	nan	nan	nan	nan	nan	nan
4	g	0	426933	0	nan	0	21	426933	0	0	0	nan	0	0	0	0	0	0	nan	0	0	0	nan	nan	nan	nan	nan	nan
5	u	0	426997	0	nan	0	21	426997	0	0	0	nan	0	0	0	0	0	0	nan	0	0	0	nan	nan	nan	nan	nan	nan
6	a	0	427001	0	nan	0	21	427001	0	0	0	nan	0	0	0	0	0	0	nan	0	0	0	nan	nan	nan	nan	nan	nan
7	a	0	427010	0	nan	0	21	427010	0	0	0	nan	0	0	0	0	0	0	nan	0	0	0	nan	nan	nan	nan	nan	nan
8	g	0	427029	0	nan	0	21	427029	0	0	0	nan	0	0	0	0	0	0	nan	0	0	0	nan	nan	nan	nan	nan	nan
9	g	0	427396	0	nan	0	21	427396	0	0	0	nan	0	0	0	0	0	0	nan	0	0	0	nan	nan	nan	nan	nan	nan
10	g	0	511774	0	nan	0	21	511774	0	0	0	nan	0	0	0	0	0	0	nan	0	0	0	nan	nan	nan	nan	nan	nan
11	u	0	512350	0	nan	0	21	512350	0	0	0	nan	0	0	0	0	0	0	nan	0	0	0	nan	nan	nan	nan	nan	nan
12	g	0	512978	0	nan	0	21	512978	0	0	0	nan	0	0	0	0	0	0	nan	0	0	0	nan	nan	nan	nan	nan	nan
13	a	0	513030	0	nan	0	21	513030	0	0	0	nan	0	0	0	0	0	0	nan	0	0	0	nan	nan	nan	nan	nan	nan
14	a	0	513034	0	nan	0	21	513034	0	0	0	nan	0	0	0	0	0	0	nan	0	0	0	nan	nan	nan	nan	nan	nan
15	g	0	513035	0	nan	3	21	513035	0	0	0	nan	0	0	0	0	0	0	nan	0	0	0	nan	nan	nan	nan	nan	nan
16	u	0	513055	0	nan	3	21	513055	0	0	0	nan	0	0	0	0	0	0	nan	0	0	0	nan	nan	nan	nan	nan	nan
17	g	0	513088	0	nan	3	21	513088	0	0	0	nan	0	0	0	0	0	0	nan	0	0	0	nan	nan	nan	nan	nan	nan
18	u	0	513185	0	nan	3	21	513185	0	0	0	nan	0	0	0	0	0	0	nan	0	0	0	nan	nan	nan	nan	nan	nan
19	a	0	513321	0	nan	3	21	513321	0	0	0	nan	0	0	0	0	0	0	nan	0	0	0	nan	nan	nan	nan	nan	nan
20	A	0	513591	263	0.000000	3	21	513591	0	0	0	nan	0	0	0	0	0	0	nan	0	0	0	0.000000	0.000000	nan	nan	nan	nan
21	G	0	513877	539	0.000000	3	21	513877	0	0	0	nan	0	0	0	0	0	0	nan	0	0	0	0.000000	0.000000	nan	nan	nan	nan
22	G	0	514097	747	0.000000	3	21	514097	0	0	0	nan	0	0	0	0	0	0	nan	0	0	0	0.000000	0.000000	nan	nan	nan	nan
23	U	0	514126	513114	0.000000	4	21	514126	0	0	0	nan	0	0	0	0	0	0	nan	0	0	0	0.000000	0.000000	0.000000	0.000000	nan	nan
24	U	464	514129	512957	0.000905	4	21	514129	0	0	0	nan	0	0	0	0	0	0	nan	0	0	0	0.000905	0.000042	0.000905	0.000042	nan	nan
25	G	318	514130	512905	0.000620	4	21	514130	0	0	0	nan	0	0	0	0	0	0	nan	0	0	0	0.000620	0.000035	0.000620	0.000035	nan	nan
26	A	319	514131	503085	0.000634	4	21	514129	0	0	0	nan	0	0	0	0	0	0	nan	0	0	0	0.000634	0.000036	0.000634	0.000036	nan	nan
27	C	4396	514132	502711	0.008745	4	21	514130	0	0	0	nan	0	0	0	0	0	0	nan	0	0	0	0.008745	0.000132	0.008745	0.000132	1.710346	0.025817
28	C	503	514135	502337	0.001001	4	21	514132	0	0	0	nan	0	0	0	0	0	0	nan	0	0	0	0.001001	0.000045	0.001001	0.000045	0.195775	0.008801
29	U	416	514143	511384	0.000813	4	21	514140	0	0	0	nan	0	0	0	0	0	0	nan	0	0	0	0.000813	0.000040	0.000813	0.000040	nan	nan
30	U	588	514152	511939	0.001149	4	21	514147	0	0	0	nan	0	0	0	0	0	0	nan	0	0	0	0.001149	0.000047	0.001149	0.000047	nan	nan
31	U	732	514178	512605	0.001428	4	21	514174	0	0	0	nan	0	0	0	0	0	0	nan	0	0	0	0.001428	0.000053	0.001428	0.000053	nan	nan
32	U	417	514311	513371	0.000812	4	21	514307	0	0	0	nan	0	0	0	0	0	0	nan	0	0	0	0.000812	0.000040	0.000812	0.000040	nan	nan
33	G	232	514429	513459	0.000452	4	21	514425	0	0	0	nan	0	0	0	0	0	0	nan	0	0	0	0.000452	0.000030	0.000452	0.000030	nan	nan
34	A	278	514507	513716	0.000541	4	21	514503	0	0	0	nan	0	0	0	0	0	0	nan	0	0	0	0.000541	0.000032	0.000541	0.000032	nan	nan
35	A	284	514507	513229	0.000553	4	21	514503	0	0	0	nan	0	0	0	0	0	0	nan	0	0	0	0.000553	0.000033	0.000553	0.000033	nan	nan
36	U	338	514509	513124	0.000659	4	21	514503	0	0	0	nan	0	0	0	0	0	0	nan	0	0	0	0.000659	0.000036	0.000659	0.000036	nan	nan
37	A	379	514511	513261	0.000738	4	21	514504	0	0	0	nan	0	0	0	0	0	0	nan	0	0	0	0.000738	0.000038	0.000738	0.000038	nan	nan
38	G	295	514514	512862	0.000575	4	21	514507	0	0	0	nan	0	0	0	0	0	0	nan	0	0	0	0.000575	0.000033	0.000575	0.000033	nan	nan
39	U	452	514516	513497	0.000880	4	21	514508	0	0	0	nan	0	0	0	0	0	0	nan	0	0	0	0.000880	0.000041	0.000880	0.000041	nan	nan
40	G	345	514521	513109	0.000672	4	22	514514	0	0	0	nan	0	0	0	0	0	0	nan	0	0	0	0.000672	0.000036	0.000672	0.000036	nan	nan
41	A	472	514532	513277	0.000920	4	22	514523	0	0	0	nan	0	0	0	0	0	0	nan	0	0	0	0.000920	0.000042	0.000920	0.000042	nan	nan
42	U	889	514535	512777	0.001734	4	22	514527	0	0	0	nan	0	0	0	0	0	0	nan	0	0	0	0.001734	0.000058	0.001734	0.000058	nan	nan
43	U	654	514544	512788	0.001275	4	22	514537	0	0	0	nan	0	0	0	0	0	0	nan	0	0	0	0.001275	0.000050	0.001275	0.000050	nan	nan
44	C	760	514547	513046	0.001481	4	22	514541	0	0	0	nan	0	0	0	0	0	0	nan	0	0	0	0.001481	0.000054	0.001481	0.000054	0.289654	0.010561
45	A	454	514556	513532	0.000884	4	22	514550	0	0	0	nan	0	0	0	0	0	0	nan	0	0	0	0.000884	0.000041	0.000884	0.000041	nan	nan
46	G	356	514585	513610	0.000693	4	23	514580	0	0	0	nan	0	0	0	0	0	0	nan	0	0	0	0.000693	0.000037	0.000693	0.000037	nan	nan
47	G	286	514592	513833	0.000557	5	23	514586	0	0	0	nan	0	0	0	0	0	0	nan	0	0	0	0.000557	0.000033	0.000557	0.000033	nan	nan
48	A	296	514593	513948	0.000576	5	23	514588	0	0	0	nan	0	0	0	0	0	0	nan	0	0	0	0.000576	0.000033	0.000576	0.000033	nan	nan
49	G	347	514598	513807	0.000675	5	23	514594	0	0	0	nan	0	0	0	0	0	0	nan	0	0	0	0.000675	0.000036	0.000675	0.000036	nan	nan
50	G	270	514602	513425	0.000526	8	23	514599	0	0	0	nan	0	0	0	0	0	0	nan	0	0	0	0.000526	0.000032	0.000526	0.000032	nan	nan
51	U	568	514603	513191	0.001107	8	23	514601	0	0	0	nan	0	0	0	0	0	0	nan	0	0	0	0.001107	0.000046	0.001107	0.000046	nan	nan
52	U	549	514605	513110	0.001070	11	23	514603	0	0	0	nan	0	0	0	0	0	0	nan	0	0	0	0.001070	0.000046	0.001070	0.000046	nan	nan
53	A	218	514607	513291	0.000425	11	23	514606	0	0	0	nan	0	0	0	0	0	0	nan	0	0	0	0.000425	0.000029	0.000425	0.000029	nan	nan
54	A	225	514438	512647	0.000439	10	23	514435	0	0	0	nan	0	0	0	0	0	0	nan	0	0	0	0.000439	0.000029	0.000439	0.000029	nan	nan
55	U	615	514438	512498	0.001200	10	23	514435	0	0	0	nan	0	0	0	0	0	0	nan	0	0	0	0.001200	0.000048	0.001200	0.000048	nan	nan
56	G	335	514442	512592	0.000654	10	23	514441	0	0	0	nan	0	0	0	0	0	0	nan	0	0	0	0.000654	0.000036	0.000654	0.000036	nan	nan
57	G	0	514444	513142	0.000000	10	23	514444	0	0	0	nan	0	0	0	0	0	0	nan	0	0	0	0.000000	0.000000	0.000000	0.000000	nan	nan
58	A	0	514444	0	nan	10	23	514444	0	0	0	nan	0	0	0	0	0	0	nan	0	0	0	nan	nan	nan	nan	nan	nan
59	A	0	514444	0	nan	10	23	514444	0	0	0	nan	0	0	0	0	0	0	nan	0	0	0	nan	nan	nan	nan	nan	nan
60	G	0	514444	0	nan	10	23	514444	0	0	0	nan	0	0	0	0	0	0	nan	0	0	0	nan	nan	nan	nan	nan	nan
61	u	0	514444	0	nan	10	23	514444	0	0	0	nan	0	0	0	0	0	0	nan	0	0	0	nan	nan	nan	nan	nan	nan
62	a	0	514444	0	nan	10	23	514444	0	0	0	nan	0	0	0	0	0	0	nan	0	0	0	nan	nan	nan	nan	nan	nan
63	a	0	514444	0	nan	10	23	514444	0	0	0	nan	0	0	0	0	0	0	nan	0	0	0	nan	nan	nan	nan	nan	nan
64	a	0	514444	0	nan	10	23	514444	0	0	0	nan	0	0	0	0	0	0	nan	0	0	0	nan	nan	nan	nan	nan	nan
65	g	0	514444	0	nan	10	23	514444	0	0	0	nan	0	0	0	0	0	0	nan	0	0	0	nan	nan	nan	nan	nan	nan
66	g	0	514444	0	nan	10	23	514444	0	0	0	nan	0	0	0	0	0	0	nan	0	0	0	nan	nan	nan	nan	nan	nan
67	u	0	514444	0	nan	10	23	514444	0	0	0	nan	0	0	0	0	0	0	nan	0	0	0	nan	nan	nan	nan	nan	nan
68	a	0	514444	0	nan	10	23	514444	0	0	0	nan	0	0	0	0	0	0	nan	0	0	0	nan	nan	nan	nan	nan	nan
69	a	0	514444	0	nan	10	23	514444	0	0	0	nan	0	0	0	0	0	0	nan	0	0	0	nan	nan	nan	nan	nan	nan
70	u	0	514444	0	nan	10	23	514444	0	0	0	nan	0	0	0	0	0	0	nan	0	0	0	nan	nan	nan	nan	nan	nan
71	g	0	514444	0	nan	10	23	514444	0	0	0	nan	0	0	0	0	0	0	nan	0	0	0	nan	nan	nan	nan	nan	nan
72	a	0	514444	0	nan	10	23	514444	0	0	0	nan	0	0	0	0	0	0	nan	0	0	0	nan	nan	nan	nan	nan	nan
73	a	0	514444	0	nan	10	23	514444	0	0	0	nan	0	0	0	0	0	0	nan	0	0	0	nan	nan	nan	nan	nan	nan
74	g	0	514444	0	nan	10	23	514444	0	0	0	nan	0	0	0	0	0	0	nan	0	0	0	nan	nan	nan	nan	nan	nan
75	g	0	514442	0	nan	10	23	514442	0	0	0	nan	0	0	0	0	0	0	nan	0	0	0	nan	nan	nan	nan	nan	nan
76	u	0	514430	0	nan	10	23	514430	0	0	0	nan	0	0	0	0	0	0	nan	0	0	0	nan	nan	nan	nan	nan	nan
77	g	0	514426	0	nan	10	23	514426	0	0	0	nan	0	0	0	0	0	0	nan	0	0	0	nan	nan	nan	nan	nan	nan
78	a	0	514420	0	nan	10	23	514420	0	0	0	nan	0	0	0	0	0	0	nan	0	0	0	nan	nan	nan	nan	nan	nan
79	a	0	514349	0	nan	10	23	514349	0	0	0	nan	0	0	0	0	0	0	nan	0	0	0	nan	nan	nan	nan	nan	nan
80	g	0	514144	0	nan	10	23	514144	0	0	0	nan	0	0	0	0	0	0	nan	0	0	0	nan	nan	nan	nan	nan	nan