74
i	j	-log10(Probability)
19	25	9.87757
19	31	9.3066
19	32	9.03895
19	37	8.19204
19	38	9.70668
19	40	11.2701
19	48	9.85102
20	30	9.44426
20	36	7.73049
20	47	9.98118
21	30	7.44384
21	35	7.64782
21	36	6.14937
21	43	11.8426
21	45	9.89983
21	47	8.43588
22	29	7.27648
22	30	8.81672
22	34	7.70142
22	35	5.89388
22	36	9.36661
22	42	11.9548
22	43	9.65347
22	44	9.8579
22	45	9.93173
22	46	8.39446
22	47	9.40734
22	50	0.000756423
22	54	5.27822
22	55	4.87305
23	28	7.61269
23	29	8.58633
23	34	5.82288
23	35	10.6631
23	42	9.42536
23	43	10.9308
23	44	9.70964
23	45	8.43264
23	46	9.35962
23	49	1.01217e-05
23	53	6.94811
23	54	5.20555
24	31	7.69741
24	33	5.82094
24	37	9.35426
24	41	9.42343
24	48	9.5598e-06
25	30	7.71152
25	35	9.00074
25	36	9.34831
25	43	7.76714
25	45	6.76995
25	47	0.000224667
26	34	8.78972
26	35	9.34322
26	36	10.2449
26	42	7.48334
26	44	6.51601
26	46	0.000202737
26	54	7.21419
27	35	9.60072
27	43	6.47924
27	45	0.00767333
27	53	7.20083
28	38	6.19974
28	39	5.05534
28	40	4.22008
28	52	7.22405
29	37	6.16081
29	38	5.03715
29	39	4.21712
29	41	4.7828
30	37	5.05381
30	38	4.22453
30	40	4.78641
30	48	9.43749
30	51	7.17407
31	36	5.45915
31	44	0.000912963
31	46	7.16571
31	47	10.1151
31	50	7.14989
31	54	7.93058
31	55	8.8003
32	43	0.000240648
32	45	7.11759
32	47	9.99832
32	53	7.93547
33	42	5.02501e-05
33	44	7.32481
33	46	9.73709
33	49	7.12417
34	41	0.000311569
34	48	7.12448
35	40	0.0680334
35	41	4.55254
35	52	7.0102
36	40	3.08903
36	48	9.30997
36	51	6.49115
37	43	7.70399
37	44	6.75625
37	45	6.22006
37	46	7.5318
37	47	7.86812
37	50	6.20806
37	54	8.77273
37	55	6.56743
38	42	7.5927
38	43	6.97268
38	44	5.8131
38	45	7.30259
38	46	7.74628
38	47	8.40333
38	49	6.20707
38	50	8.08308
38	53	8.74341
38	54	6.56609
38	55	6.1682
39	43	5.82486
39	44	7.01568
39	45	7.65692
39	46	8.24276
39	49	8.09611
39	53	6.59314
39	54	6.16722
40	45	8.26883
40	47	6.2115
40	53	6.17441
41	46	6.22808
41	49	6.0493
42	48	6.04885
48	55	8.56519
