Nucleotide	Sequence	Modified_mutations	Modified_read_depth	Modified_effective_depth	Modified_rate	Modified_off_target_mapped_depth	Modified_low_mapq_mapped_depth	Modified_primer_pair_1_mapped_depth	Untreated_mutations	Untreated_read_depth	Untreated_effective_depth	Untreated_rate	Untreated_off_target_mapped_depth	Untreated_low_mapq_mapped_depth	Untreated_primer_pair_1_mapped_depth	Denatured_mutations	Denatured_read_depth	Denatured_effective_depth	Denatured_rate	Denatured_off_target_mapped_depth	Denatured_low_mapq_mapped_depth	Denatured_primer_pair_1_mapped_depth	Reactivity_profile	Std_err	HQ_profile	HQ_stderr	Norm_profile	Norm_stderr
1	g	0	188747	0	nan	3	0	188747	0	0	0	nan	0	0	0	0	0	0	nan	0	0	0	nan	nan	nan	nan	nan	nan
2	g	0	188922	0	nan	3	0	188922	0	0	0	nan	0	0	0	0	0	0	nan	0	0	0	nan	nan	nan	nan	nan	nan
3	u	0	188993	0	nan	3	0	188993	0	0	0	nan	0	0	0	0	0	0	nan	0	0	0	nan	nan	nan	nan	nan	nan
4	g	0	189003	0	nan	3	0	189003	0	0	0	nan	0	0	0	0	0	0	nan	0	0	0	nan	nan	nan	nan	nan	nan
5	u	0	189012	0	nan	3	0	189012	0	0	0	nan	0	0	0	0	0	0	nan	0	0	0	nan	nan	nan	nan	nan	nan
6	a	0	189012	0	nan	3	0	189012	0	0	0	nan	0	0	0	0	0	0	nan	0	0	0	nan	nan	nan	nan	nan	nan
7	a	0	189012	0	nan	3	0	189012	0	0	0	nan	0	0	0	0	0	0	nan	0	0	0	nan	nan	nan	nan	nan	nan
8	g	0	189013	0	nan	3	0	189013	0	0	0	nan	0	0	0	0	0	0	nan	0	0	0	nan	nan	nan	nan	nan	nan
9	g	0	189029	0	nan	3	0	189029	0	0	0	nan	0	0	0	0	0	0	nan	0	0	0	nan	nan	nan	nan	nan	nan
10	g	0	190147	0	nan	4	0	190147	0	0	0	nan	0	0	0	0	0	0	nan	0	0	0	nan	nan	nan	nan	nan	nan
11	u	0	190171	0	nan	4	0	190171	0	0	0	nan	0	0	0	0	0	0	nan	0	0	0	nan	nan	nan	nan	nan	nan
12	g	0	190183	0	nan	4	0	190183	0	0	0	nan	0	0	0	0	0	0	nan	0	0	0	nan	nan	nan	nan	nan	nan
13	a	0	190186	0	nan	4	0	190186	0	0	0	nan	0	0	0	0	0	0	nan	0	0	0	nan	nan	nan	nan	nan	nan
14	a	0	190187	0	nan	4	0	190187	0	0	0	nan	0	0	0	0	0	0	nan	0	0	0	nan	nan	nan	nan	nan	nan
15	g	0	190187	0	nan	38	0	190187	0	0	0	nan	0	0	0	0	0	0	nan	0	0	0	nan	nan	nan	nan	nan	nan
16	u	0	190189	0	nan	38	0	190189	0	0	0	nan	0	0	0	0	0	0	nan	0	0	0	nan	nan	nan	nan	nan	nan
17	g	0	190192	0	nan	38	0	190192	0	0	0	nan	0	0	0	0	0	0	nan	0	0	0	nan	nan	nan	nan	nan	nan
18	u	0	190193	0	nan	38	0	190193	0	0	0	nan	0	0	0	0	0	0	nan	0	0	0	nan	nan	nan	nan	nan	nan
19	a	0	190198	0	nan	38	0	190198	0	0	0	nan	0	0	0	0	0	0	nan	0	0	0	nan	nan	nan	nan	nan	nan
20	A	0	190203	5	0.000000	38	0	190203	0	0	0	nan	0	0	0	0	0	0	nan	0	0	0	0.000000	0.000000	nan	nan	nan	nan
21	G	0	190212	12	0.000000	38	0	190212	0	0	0	nan	0	0	0	0	0	0	nan	0	0	0	0.000000	0.000000	nan	nan	nan	nan
22	G	0	190217	17	0.000000	38	0	190217	0	0	0	nan	0	0	0	0	0	0	nan	0	0	0	0.000000	0.000000	nan	nan	nan	nan
23	U	0	190224	189872	0.000000	38	0	190224	0	0	0	nan	0	0	0	0	0	0	nan	0	0	0	0.000000	0.000000	0.000000	0.000000	0.000000	0.000000
24	U	755	190231	189812	0.003978	38	0	190231	0	0	0	nan	0	0	0	0	0	0	nan	0	0	0	0.003978	0.000145	0.003978	0.000145	0.693515	0.025279
25	G	144	190232	188263	0.000765	38	0	190232	0	0	0	nan	0	0	0	0	0	0	nan	0	0	0	0.000765	0.000064	0.000765	0.000064	nan	nan
26	A	4869	190232	189280	0.025724	38	0	190231	0	0	0	nan	0	0	0	0	0	0	nan	0	0	0	0.025724	0.000369	0.025724	0.000369	0.989014	0.014187
27	A	4418	190232	189204	0.023350	38	0	190231	0	0	0	nan	0	0	0	0	0	0	nan	0	0	0	0.023350	0.000351	0.023350	0.000351	0.897740	0.013495
28	C	6191	190232	188448	0.032853	38	0	190230	0	0	0	nan	0	0	0	0	0	0	nan	0	0	0	0.032853	0.000418	0.032853	0.000418	0.939476	0.011953
29	U	577	190234	189052	0.003052	38	0	190231	0	0	0	nan	0	0	0	0	0	0	nan	0	0	0	0.003052	0.000127	0.003052	0.000127	0.532078	0.022141
30	U	825	190236	189242	0.004359	38	0	190233	0	0	0	nan	0	0	0	0	0	0	nan	0	0	0	0.004359	0.000152	0.004359	0.000152	0.759937	0.026499
31	U	1120	190239	189283	0.005917	38	0	190231	0	0	0	nan	0	0	0	0	0	0	nan	0	0	0	0.005917	0.000177	0.005917	0.000177	1.031555	0.030858
32	U	598	190241	189189	0.003161	38	0	190216	0	0	0	nan	0	0	0	0	0	0	nan	0	0	0	0.003161	0.000129	0.003161	0.000129	0.551081	0.022490
33	G	160	190256	187389	0.000854	38	0	190224	0	0	0	nan	0	0	0	0	0	0	nan	0	0	0	0.000854	0.000068	0.000854	0.000068	nan	nan
34	A	4922	190265	188811	0.026068	38	0	190227	0	0	0	nan	0	0	0	0	0	0	nan	0	0	0	0.026068	0.000372	0.026068	0.000372	1.002240	0.014302
35	A	3746	190266	188744	0.019847	38	0	190227	0	0	0	nan	0	0	0	0	0	0	nan	0	0	0	0.019847	0.000324	0.019847	0.000324	0.763060	0.012457
36	U	520	190268	188622	0.002757	38	0	190228	0	0	0	nan	0	0	0	0	0	0	nan	0	0	0	0.002757	0.000121	0.002757	0.000121	0.480649	0.021095
37	A	4005	190270	188448	0.021253	38	0	190232	0	0	0	nan	0	0	0	0	0	0	nan	0	0	0	0.021253	0.000336	0.021253	0.000336	0.817117	0.012918
38	G	205	190294	184925	0.001109	38	0	190272	0	0	0	nan	0	0	0	0	0	0	nan	0	0	0	0.001109	0.000077	0.001109	0.000077	nan	nan
39	U	842	190299	188587	0.004465	38	0	190277	0	0	0	nan	0	0	0	0	0	0	nan	0	0	0	0.004465	0.000154	0.004465	0.000154	0.778417	0.026848
40	G	254	190302	187268	0.001356	38	0	190283	0	0	0	nan	0	0	0	0	0	0	nan	0	0	0	0.001356	0.000085	0.001356	0.000085	nan	nan
41	A	5252	190304	188495	0.027863	38	0	190288	0	0	0	nan	0	0	0	0	0	0	nan	0	0	0	0.027863	0.000384	0.027863	0.000384	1.071252	0.014764
42	U	1081	190307	188454	0.005736	38	0	190294	0	0	0	nan	0	0	0	0	0	0	nan	0	0	0	0.005736	0.000174	0.005736	0.000174	1.000000	0.030335
43	U	1021	190310	188329	0.005421	38	0	190298	0	0	0	nan	0	0	0	0	0	0	nan	0	0	0	0.005421	0.000170	0.005421	0.000170	0.945084	0.029637
44	C	6703	190323	187889	0.035675	38	0	190312	0	0	0	nan	0	0	0	0	0	0	nan	0	0	0	0.035675	0.000436	0.035675	0.000436	1.020175	0.012468
45	A	4847	190338	187615	0.025835	38	0	190326	0	0	0	nan	0	0	0	0	0	0	nan	0	0	0	0.025835	0.000371	0.025835	0.000371	0.993281	0.014264
46	G	243	190351	185214	0.001312	37	0	190338	0	0	0	nan	0	0	0	0	0	0	nan	0	0	0	0.001312	0.000084	0.001312	0.000084	nan	nan
47	G	181	190356	185494	0.000976	37	0	190346	0	0	0	nan	0	0	0	0	0	0	nan	0	0	0	0.000976	0.000073	0.000976	0.000073	nan	nan
48	A	5177	190357	188047	0.027530	37	0	190346	0	0	0	nan	0	0	0	0	0	0	nan	0	0	0	0.027530	0.000383	0.027530	0.000383	1.058449	0.014725
49	G	195	190361	186570	0.001045	37	0	190350	0	0	0	nan	0	0	0	0	0	0	nan	0	0	0	0.001045	0.000075	0.001045	0.000075	nan	nan
50	G	250	190364	186613	0.001340	37	0	190357	0	0	0	nan	0	0	0	0	0	0	nan	0	0	0	0.001340	0.000085	0.001340	0.000085	nan	nan
51	U	948	190368	188697	0.005024	37	0	190361	0	0	0	nan	0	0	0	0	0	0	nan	0	0	0	0.005024	0.000163	0.005024	0.000163	0.875872	0.028417
52	U	654	190370	188551	0.003469	37	0	190364	0	0	0	nan	0	0	0	0	0	0	nan	0	0	0	0.003469	0.000136	0.003469	0.000136	0.604777	0.023710
53	A	4523	190363	188199	0.024033	37	0	190356	0	0	0	nan	0	0	0	0	0	0	nan	0	0	0	0.024033	0.000357	0.024033	0.000357	0.924000	0.013726
54	A	3527	190239	188131	0.018748	37	0	190229	0	0	0	nan	0	0	0	0	0	0	nan	0	0	0	0.018748	0.000316	0.018748	0.000316	0.720807	0.012149
55	U	996	190248	187878	0.005301	37	0	190243	0	0	0	nan	0	0	0	0	0	0	nan	0	0	0	0.005301	0.000168	0.005301	0.000168	0.924163	0.029289
56	G	290	190259	186489	0.001555	37	0	190255	0	0	0	nan	0	0	0	0	0	0	nan	0	0	0	0.001555	0.000091	0.001555	0.000091	nan	nan
57	G	0	190281	187478	0.000000	37	0	190279	0	0	0	nan	0	0	0	0	0	0	nan	0	0	0	0.000000	0.000000	0.000000	0.000000	nan	nan
58	A	0	190294	0	nan	37	0	190294	0	0	0	nan	0	0	0	0	0	0	nan	0	0	0	nan	nan	nan	nan	nan	nan
59	A	0	190294	0	nan	37	0	190294	0	0	0	nan	0	0	0	0	0	0	nan	0	0	0	nan	nan	nan	nan	nan	nan
60	G	0	190294	0	nan	37	0	190294	0	0	0	nan	0	0	0	0	0	0	nan	0	0	0	nan	nan	nan	nan	nan	nan
61	u	0	190294	0	nan	37	0	190294	0	0	0	nan	0	0	0	0	0	0	nan	0	0	0	nan	nan	nan	nan	nan	nan
62	a	0	190294	0	nan	37	0	190294	0	0	0	nan	0	0	0	0	0	0	nan	0	0	0	nan	nan	nan	nan	nan	nan
63	a	0	190294	0	nan	37	0	190294	0	0	0	nan	0	0	0	0	0	0	nan	0	0	0	nan	nan	nan	nan	nan	nan
64	a	0	190294	0	nan	35	0	190294	0	0	0	nan	0	0	0	0	0	0	nan	0	0	0	nan	nan	nan	nan	nan	nan
65	g	0	190294	0	nan	35	0	190294	0	0	0	nan	0	0	0	0	0	0	nan	0	0	0	nan	nan	nan	nan	nan	nan
66	g	0	190294	0	nan	35	0	190294	0	0	0	nan	0	0	0	0	0	0	nan	0	0	0	nan	nan	nan	nan	nan	nan
67	u	0	190294	0	nan	34	0	190294	0	0	0	nan	0	0	0	0	0	0	nan	0	0	0	nan	nan	nan	nan	nan	nan
68	a	0	190294	0	nan	34	0	190294	0	0	0	nan	0	0	0	0	0	0	nan	0	0	0	nan	nan	nan	nan	nan	nan
69	a	0	190294	0	nan	34	0	190294	0	0	0	nan	0	0	0	0	0	0	nan	0	0	0	nan	nan	nan	nan	nan	nan
70	u	0	190294	0	nan	34	0	190294	0	0	0	nan	0	0	0	0	0	0	nan	0	0	0	nan	nan	nan	nan	nan	nan
71	g	0	190294	0	nan	34	0	190294	0	0	0	nan	0	0	0	0	0	0	nan	0	0	0	nan	nan	nan	nan	nan	nan
72	a	0	190294	0	nan	34	0	190294	0	0	0	nan	0	0	0	0	0	0	nan	0	0	0	nan	nan	nan	nan	nan	nan
73	a	0	190293	0	nan	34	0	190293	0	0	0	nan	0	0	0	0	0	0	nan	0	0	0	nan	nan	nan	nan	nan	nan
74	g	0	190292	0	nan	34	0	190292	0	0	0	nan	0	0	0	0	0	0	nan	0	0	0	nan	nan	nan	nan	nan	nan
75	g	0	190291	0	nan	34	0	190291	0	0	0	nan	0	0	0	0	0	0	nan	0	0	0	nan	nan	nan	nan	nan	nan
76	u	0	190279	0	nan	34	0	190279	0	0	0	nan	0	0	0	0	0	0	nan	0	0	0	nan	nan	nan	nan	nan	nan
77	g	0	190275	0	nan	34	0	190275	0	0	0	nan	0	0	0	0	0	0	nan	0	0	0	nan	nan	nan	nan	nan	nan
78	a	0	190272	0	nan	34	0	190272	0	0	0	nan	0	0	0	0	0	0	nan	0	0	0	nan	nan	nan	nan	nan	nan
79	a	0	190248	0	nan	34	0	190248	0	0	0	nan	0	0	0	0	0	0	nan	0	0	0	nan	nan	nan	nan	nan	nan
80	g	0	190177	0	nan	34	0	190177	0	0	0	nan	0	0	0	0	0	0	nan	0	0	0	nan	nan	nan	nan	nan	nan