Nucleotide	Sequence	Modified_mutations	Modified_read_depth	Modified_effective_depth	Modified_rate	Modified_off_target_mapped_depth	Modified_low_mapq_mapped_depth	Modified_primer_pair_1_mapped_depth	Untreated_mutations	Untreated_read_depth	Untreated_effective_depth	Untreated_rate	Untreated_off_target_mapped_depth	Untreated_low_mapq_mapped_depth	Untreated_primer_pair_1_mapped_depth	Denatured_mutations	Denatured_read_depth	Denatured_effective_depth	Denatured_rate	Denatured_off_target_mapped_depth	Denatured_low_mapq_mapped_depth	Denatured_primer_pair_1_mapped_depth	Reactivity_profile	Std_err	HQ_profile	HQ_stderr	Norm_profile	Norm_stderr
1	g	0	281184	0	nan	35	0	281184	0	0	0	nan	0	0	0	0	0	0	nan	0	0	0	nan	nan	nan	nan	nan	nan
2	g	0	281767	0	nan	35	0	281767	0	0	0	nan	0	0	0	0	0	0	nan	0	0	0	nan	nan	nan	nan	nan	nan
3	c	0	281983	0	nan	35	0	281983	0	0	0	nan	0	0	0	0	0	0	nan	0	0	0	nan	nan	nan	nan	nan	nan
4	a	0	286762	0	nan	66	0	286762	0	0	0	nan	0	0	0	0	0	0	nan	0	0	0	nan	nan	nan	nan	nan	nan
5	c	0	286894	0	nan	66	0	286894	0	0	0	nan	0	0	0	0	0	0	nan	0	0	0	nan	nan	nan	nan	nan	nan
6	c	0	286919	0	nan	66	0	286919	0	0	0	nan	0	0	0	0	0	0	nan	0	0	0	nan	nan	nan	nan	nan	nan
7	u	0	286926	0	nan	66	0	286926	0	0	0	nan	0	0	0	0	0	0	nan	0	0	0	nan	nan	nan	nan	nan	nan
8	c	0	286930	0	nan	66	0	286930	0	0	0	nan	0	0	0	0	0	0	nan	0	0	0	nan	nan	nan	nan	nan	nan
9	a	0	286930	0	nan	66	0	286930	0	0	0	nan	0	0	0	0	0	0	nan	0	0	0	nan	nan	nan	nan	nan	nan
10	u	0	286955	0	nan	66	0	286955	0	0	0	nan	0	0	0	0	0	0	nan	0	0	0	nan	nan	nan	nan	nan	nan
11	a	0	286977	0	nan	66	0	286977	0	0	0	nan	0	0	0	0	0	0	nan	0	0	0	nan	nan	nan	nan	nan	nan
12	a	0	286985	0	nan	66	0	286985	0	0	0	nan	0	0	0	0	0	0	nan	0	0	0	nan	nan	nan	nan	nan	nan
13	c	0	287000	0	nan	66	0	287000	0	0	0	nan	0	0	0	0	0	0	nan	0	0	0	nan	nan	nan	nan	nan	nan
14	a	0	287007	0	nan	66	0	287007	0	0	0	nan	0	0	0	0	0	0	nan	0	0	0	nan	nan	nan	nan	nan	nan
15	u	0	287015	0	nan	66	0	287015	0	0	0	nan	0	0	0	0	0	0	nan	0	0	0	nan	nan	nan	nan	nan	nan
16	a	0	287020	0	nan	66	0	287020	0	0	0	nan	0	0	0	0	0	0	nan	0	0	0	nan	nan	nan	nan	nan	nan
17	a	0	287026	0	nan	66	0	287026	0	0	0	nan	0	0	0	0	0	0	nan	0	0	0	nan	nan	nan	nan	nan	nan
18	c	0	287031	0	nan	66	0	287031	0	0	0	nan	0	0	0	0	0	0	nan	0	0	0	nan	nan	nan	nan	nan	nan
19	U	0	287032	1	0.000000	66	0	287032	0	0	0	nan	0	0	0	0	0	0	nan	0	0	0	0.000000	0.000000	nan	nan	nan	nan
20	A	0	287046	9	0.000000	66	0	287046	0	0	0	nan	0	0	0	0	0	0	nan	0	0	0	0.000000	0.000000	nan	nan	nan	nan
21	A	0	287051	10	0.000000	66	0	287051	0	0	0	nan	0	0	0	0	0	0	nan	0	0	0	0.000000	0.000000	nan	nan	nan	nan
22	G	0	287055	284331	0.000000	66	0	287055	0	0	0	nan	0	0	0	0	0	0	nan	0	0	0	0.000000	0.000000	0.000000	0.000000	0.000000	0.000000
23	G	478	287056	281485	0.001698	66	0	287056	0	0	0	nan	0	0	0	0	0	0	nan	0	0	0	0.001698	0.000078	0.001698	0.000078	0.841844	0.038671
24	C	1641	287066	284347	0.005771	66	0	287066	0	0	0	nan	0	0	0	0	0	0	nan	0	0	0	0.005771	0.000142	0.005771	0.000142	1.297437	0.031924
25	A	2146	287088	284967	0.007531	66	0	287088	0	0	0	nan	0	0	0	0	0	0	nan	0	0	0	0.007531	0.000163	0.007531	0.000163	0.257876	0.005581
26	G	503	287095	284012	0.001771	66	0	287093	0	0	0	nan	0	0	0	0	0	0	nan	0	0	0	0.001771	0.000079	0.001771	0.000079	0.878037	0.039167
27	A	8304	287113	284348	0.029204	66	0	287110	0	0	0	nan	0	0	0	0	0	0	nan	0	0	0	0.029204	0.000320	0.029204	0.000320	1.000000	0.010957
28	U	491	287123	283094	0.001734	66	0	287121	0	0	0	nan	0	0	0	0	0	0	nan	0	0	0	0.001734	0.000078	0.001734	0.000078	nan	nan
29	C	15131	287126	284230	0.053235	66	0	287123	0	0	0	nan	0	0	0	0	0	0	nan	0	0	0	0.053235	0.000433	0.053235	0.000433	11.968300	0.097347
30	U	611	287131	284197	0.002150	66	0	287129	0	0	0	nan	0	0	0	0	0	0	nan	0	0	0	0.002150	0.000087	0.002150	0.000087	nan	nan
31	G	455	287137	284494	0.001599	66	0	287131	0	0	0	nan	0	0	0	0	0	0	nan	0	0	0	0.001599	0.000075	0.001599	0.000075	0.792762	0.037184
32	A	1379	287142	285249	0.004834	66	0	287137	0	0	0	nan	0	0	0	0	0	0	nan	0	0	0	0.004834	0.000130	0.004834	0.000130	0.165525	0.004451
33	G	498	287152	283056	0.001759	66	0	287145	0	0	0	nan	0	0	0	0	0	0	nan	0	0	0	0.001759	0.000079	0.001759	0.000079	0.872087	0.039167
34	C	677	287154	284143	0.002383	66	0	287142	0	0	0	nan	0	0	0	0	0	0	nan	0	0	0	0.002383	0.000092	0.002383	0.000092	0.535746	0.020683
35	U	586	287168	283480	0.002067	66	0	287144	0	0	0	nan	0	0	0	0	0	0	nan	0	0	0	0.002067	0.000085	0.002067	0.000085	nan	nan
36	U	546	287172	282614	0.001932	66	0	287141	0	0	0	nan	0	0	0	0	0	0	nan	0	0	0	0.001932	0.000083	0.001932	0.000083	nan	nan
37	G	550	287178	282025	0.001950	66	0	287117	0	0	0	nan	0	0	0	0	0	0	nan	0	0	0	0.001950	0.000083	0.001950	0.000083	0.966782	0.041150
38	G	406	287181	275295	0.001475	66	0	287124	0	0	0	nan	0	0	0	0	0	0	nan	0	0	0	0.001475	0.000073	0.001475	0.000073	0.731284	0.036192
39	G	555	287186	275151	0.002017	66	0	287137	0	0	0	nan	0	0	0	0	0	0	nan	0	0	0	0.002017	0.000086	0.002017	0.000086	1.000000	0.042638
40	A	4238	287189	277243	0.015286	66	0	287149	0	0	0	nan	0	0	0	0	0	0	nan	0	0	0	0.015286	0.000235	0.015286	0.000235	0.523421	0.008047
41	G	809	287199	282498	0.002864	66	0	287177	0	0	0	nan	0	0	0	0	0	0	nan	0	0	0	0.002864	0.000101	0.002864	0.000101	1.419931	0.050074
42	C	466	287202	285503	0.001632	43	0	287191	0	0	0	nan	0	0	0	0	0	0	nan	0	0	0	0.001632	0.000076	0.001632	0.000076	0.366906	0.017086
43	U	320	287203	285997	0.001119	43	0	287192	0	0	0	nan	0	0	0	0	0	0	nan	0	0	0	0.001119	0.000063	0.001119	0.000063	nan	nan
44	C	599	287203	286151	0.002093	43	0	287192	0	0	0	nan	0	0	0	0	0	0	nan	0	0	0	0.002093	0.000086	0.002093	0.000086	0.470549	0.019335
45	U	409	287206	286380	0.001428	43	0	287195	0	0	0	nan	0	0	0	0	0	0	nan	0	0	0	0.001428	0.000071	0.001428	0.000071	nan	nan
46	C	850	287206	286357	0.002968	43	0	287193	0	0	0	nan	0	0	0	0	0	0	nan	0	0	0	0.002968	0.000102	0.002968	0.000102	0.667266	0.022932
47	U	466	287208	286149	0.001629	43	0	287196	0	0	0	nan	0	0	0	0	0	0	nan	0	0	0	0.001629	0.000075	0.001629	0.000075	nan	nan
48	G	805	287207	284475	0.002830	43	0	287194	0	0	0	nan	0	0	0	0	0	0	nan	0	0	0	0.002830	0.000100	0.002830	0.000100	1.403074	0.049579
49	C	1143	287208	285220	0.004007	43	0	287195	0	0	0	nan	0	0	0	0	0	0	nan	0	0	0	0.004007	0.000119	0.004007	0.000119	0.900854	0.026754
50	C	1060	287209	284389	0.003727	43	0	287200	0	0	0	nan	0	0	0	0	0	0	nan	0	0	0	0.003727	0.000114	0.003727	0.000114	0.837905	0.025629
51	A	12403	287211	284278	0.043630	43	0	287204	0	0	0	nan	0	0	0	0	0	0	nan	0	0	0	0.043630	0.000392	0.043630	0.000392	1.493973	0.013423
52	A	0	287209	283490	0.000000	43	0	287209	0	0	0	nan	0	0	0	0	0	0	nan	0	0	0	0.000000	0.000000	0.000000	0.000000	0.000000	0.000000
53	U	0	287201	245	0.000000	34	0	287201	0	0	0	nan	0	0	0	0	0	0	nan	0	0	0	0.000000	0.000000	nan	nan	nan	nan
54	C	0	286899	1	0.000000	32	0	286899	0	0	0	nan	0	0	0	0	0	0	nan	0	0	0	0.000000	0.000000	nan	nan	nan	nan
55	C	0	286898	0	nan	32	0	286898	0	0	0	nan	0	0	0	0	0	0	nan	0	0	0	nan	nan	nan	nan	nan	nan
56	a	0	286898	0	nan	32	0	286898	0	0	0	nan	0	0	0	0	0	0	nan	0	0	0	nan	nan	nan	nan	nan	nan
57	c	0	286898	0	nan	32	0	286898	0	0	0	nan	0	0	0	0	0	0	nan	0	0	0	nan	nan	nan	nan	nan	nan
58	u	0	286898	0	nan	32	0	286898	0	0	0	nan	0	0	0	0	0	0	nan	0	0	0	nan	nan	nan	nan	nan	nan
59	a	0	286898	0	nan	32	0	286898	0	0	0	nan	0	0	0	0	0	0	nan	0	0	0	nan	nan	nan	nan	nan	nan
60	a	0	286897	0	nan	32	0	286897	0	0	0	nan	0	0	0	0	0	0	nan	0	0	0	nan	nan	nan	nan	nan	nan
61	c	0	286897	0	nan	20	0	286897	0	0	0	nan	0	0	0	0	0	0	nan	0	0	0	nan	nan	nan	nan	nan	nan
62	c	0	286897	0	nan	20	0	286897	0	0	0	nan	0	0	0	0	0	0	nan	0	0	0	nan	nan	nan	nan	nan	nan
63	u	0	286897	0	nan	0	0	286897	0	0	0	nan	0	0	0	0	0	0	nan	0	0	0	nan	nan	nan	nan	nan	nan
64	c	0	286897	0	nan	0	0	286897	0	0	0	nan	0	0	0	0	0	0	nan	0	0	0	nan	nan	nan	nan	nan	nan
65	a	0	286897	0	nan	0	0	286897	0	0	0	nan	0	0	0	0	0	0	nan	0	0	0	nan	nan	nan	nan	nan	nan
66	c	0	286890	0	nan	0	0	286890	0	0	0	nan	0	0	0	0	0	0	nan	0	0	0	nan	nan	nan	nan	nan	nan
67	u	0	286889	0	nan	0	0	286889	0	0	0	nan	0	0	0	0	0	0	nan	0	0	0	nan	nan	nan	nan	nan	nan
68	c	0	286889	0	nan	0	0	286889	0	0	0	nan	0	0	0	0	0	0	nan	0	0	0	nan	nan	nan	nan	nan	nan
69	a	0	286889	0	nan	0	0	286889	0	0	0	nan	0	0	0	0	0	0	nan	0	0	0	nan	nan	nan	nan	nan	nan
70	c	0	286875	0	nan	0	0	286875	0	0	0	nan	0	0	0	0	0	0	nan	0	0	0	nan	nan	nan	nan	nan	nan
71	a	0	286869	0	nan	0	0	286869	0	0	0	nan	0	0	0	0	0	0	nan	0	0	0	nan	nan	nan	nan	nan	nan
72	a	0	286781	0	nan	0	0	286781	0	0	0	nan	0	0	0	0	0	0	nan	0	0	0	nan	nan	nan	nan	nan	nan
73	u	0	286627	0	nan	0	0	286627	0	0	0	nan	0	0	0	0	0	0	nan	0	0	0	nan	nan	nan	nan	nan	nan
74	c	0	286207	0	nan	0	0	286207	0	0	0	nan	0	0	0	0	0	0	nan	0	0	0	nan	nan	nan	nan	nan	nan