Nucleotide	Sequence	Modified_mutations	Modified_read_depth	Modified_effective_depth	Modified_rate	Modified_off_target_mapped_depth	Modified_low_mapq_mapped_depth	Modified_primer_pair_1_mapped_depth	Untreated_mutations	Untreated_read_depth	Untreated_effective_depth	Untreated_rate	Untreated_off_target_mapped_depth	Untreated_low_mapq_mapped_depth	Untreated_primer_pair_1_mapped_depth	Denatured_mutations	Denatured_read_depth	Denatured_effective_depth	Denatured_rate	Denatured_off_target_mapped_depth	Denatured_low_mapq_mapped_depth	Denatured_primer_pair_1_mapped_depth	Reactivity_profile	Std_err	HQ_profile	HQ_stderr	Norm_profile	Norm_stderr
1	g	0	540102	0	nan	0	16	540102	0	0	0	nan	0	0	0	0	0	0	nan	0	0	0	nan	nan	nan	nan	nan	nan
2	g	0	540493	0	nan	0	16	540493	0	0	0	nan	0	0	0	0	0	0	nan	0	0	0	nan	nan	nan	nan	nan	nan
3	u	0	540699	0	nan	0	16	540699	0	0	0	nan	0	0	0	0	0	0	nan	0	0	0	nan	nan	nan	nan	nan	nan
4	g	0	540794	0	nan	0	16	540794	0	0	0	nan	0	0	0	0	0	0	nan	0	0	0	nan	nan	nan	nan	nan	nan
5	u	0	540923	0	nan	0	16	540923	0	0	0	nan	0	0	0	0	0	0	nan	0	0	0	nan	nan	nan	nan	nan	nan
6	a	0	540930	0	nan	0	16	540930	0	0	0	nan	0	0	0	0	0	0	nan	0	0	0	nan	nan	nan	nan	nan	nan
7	a	0	540941	0	nan	0	16	540941	0	0	0	nan	0	0	0	0	0	0	nan	0	0	0	nan	nan	nan	nan	nan	nan
8	g	0	540972	0	nan	0	16	540972	0	0	0	nan	0	0	0	0	0	0	nan	0	0	0	nan	nan	nan	nan	nan	nan
9	g	0	541464	0	nan	0	16	541464	0	0	0	nan	0	0	0	0	0	0	nan	0	0	0	nan	nan	nan	nan	nan	nan
10	g	0	645704	0	nan	0	16	645704	0	0	0	nan	0	0	0	0	0	0	nan	0	0	0	nan	nan	nan	nan	nan	nan
11	u	0	646474	0	nan	0	16	646474	0	0	0	nan	0	0	0	0	0	0	nan	0	0	0	nan	nan	nan	nan	nan	nan
12	g	0	647054	0	nan	0	16	647054	0	0	0	nan	0	0	0	0	0	0	nan	0	0	0	nan	nan	nan	nan	nan	nan
13	a	0	647113	0	nan	0	16	647113	0	0	0	nan	0	0	0	0	0	0	nan	0	0	0	nan	nan	nan	nan	nan	nan
14	a	0	647117	0	nan	0	16	647117	0	0	0	nan	0	0	0	0	0	0	nan	0	0	0	nan	nan	nan	nan	nan	nan
15	g	0	647119	0	nan	6	16	647119	0	0	0	nan	0	0	0	0	0	0	nan	0	0	0	nan	nan	nan	nan	nan	nan
16	u	0	647144	0	nan	6	16	647144	0	0	0	nan	0	0	0	0	0	0	nan	0	0	0	nan	nan	nan	nan	nan	nan
17	g	0	647184	0	nan	6	16	647184	0	0	0	nan	0	0	0	0	0	0	nan	0	0	0	nan	nan	nan	nan	nan	nan
18	u	0	647306	0	nan	6	16	647306	0	0	0	nan	0	0	0	0	0	0	nan	0	0	0	nan	nan	nan	nan	nan	nan
19	a	0	647494	0	nan	6	16	647494	0	0	0	nan	0	0	0	0	0	0	nan	0	0	0	nan	nan	nan	nan	nan	nan
20	A	0	647858	355	0.000000	6	16	647858	0	0	0	nan	0	0	0	0	0	0	nan	0	0	0	0.000000	0.000000	nan	nan	nan	nan
21	G	0	648197	673	0.000000	6	16	648197	0	0	0	nan	0	0	0	0	0	0	nan	0	0	0	0.000000	0.000000	nan	nan	nan	nan
22	G	0	648481	935	0.000000	6	16	648481	0	0	0	nan	0	0	0	0	0	0	nan	0	0	0	0.000000	0.000000	nan	nan	nan	nan
23	U	0	648522	647163	0.000000	7	16	648522	0	0	0	nan	0	0	0	0	0	0	nan	0	0	0	0.000000	0.000000	0.000000	0.000000	nan	nan
24	U	679	648528	647113	0.001049	7	16	648528	0	0	0	nan	0	0	0	0	0	0	nan	0	0	0	0.001049	0.000040	0.001049	0.000040	nan	nan
25	G	825	648529	647053	0.001275	7	16	648529	0	0	0	nan	0	0	0	0	0	0	nan	0	0	0	0.001275	0.000044	0.001275	0.000044	nan	nan
26	A	309	648529	642194	0.000481	7	16	648529	0	0	0	nan	0	0	0	0	0	0	nan	0	0	0	0.000481	0.000027	0.000481	0.000027	0.150973	0.008475
27	A	2045	648531	641810	0.003186	7	16	648531	0	0	0	nan	0	0	0	0	0	0	nan	0	0	0	0.003186	0.000070	0.003186	0.000070	1.000000	0.021971
28	C	773	648536	640953	0.001206	7	16	648535	0	0	0	nan	0	0	0	0	0	0	nan	0	0	0	0.001206	0.000043	0.001206	0.000043	nan	nan
29	U	639	648538	645411	0.000990	7	16	648537	0	0	0	nan	0	0	0	0	0	0	nan	0	0	0	0.000990	0.000039	0.000990	0.000039	nan	nan
30	U	710	648557	645554	0.001100	7	16	648554	0	0	0	nan	0	0	0	0	0	0	nan	0	0	0	0.001100	0.000041	0.001100	0.000041	nan	nan
31	U	935	648577	646527	0.001446	7	16	648574	0	0	0	nan	0	0	0	0	0	0	nan	0	0	0	0.001446	0.000047	0.001446	0.000047	nan	nan
32	U	573	648607	647319	0.000885	7	16	648603	0	0	0	nan	0	0	0	0	0	0	nan	0	0	0	0.000885	0.000037	0.000885	0.000037	nan	nan
33	G	787	648710	647445	0.001216	7	16	648702	0	0	0	nan	0	0	0	0	0	0	nan	0	0	0	0.001216	0.000043	0.001216	0.000043	nan	nan
34	A	327	648760	647863	0.000505	7	16	648752	0	0	0	nan	0	0	0	0	0	0	nan	0	0	0	0.000505	0.000028	0.000505	0.000028	0.158506	0.008788
35	A	309	648762	647405	0.000477	7	16	648753	0	0	0	nan	0	0	0	0	0	0	nan	0	0	0	0.000477	0.000027	0.000477	0.000027	0.149718	0.008475
36	U	447	648761	647359	0.000690	7	16	648753	0	0	0	nan	0	0	0	0	0	0	nan	0	0	0	0.000690	0.000033	0.000690	0.000033	nan	nan
37	A	558	648762	647441	0.000862	7	16	648754	0	0	0	nan	0	0	0	0	0	0	nan	0	0	0	0.000862	0.000036	0.000862	0.000036	0.270559	0.011299
38	G	590	648766	646785	0.000912	7	16	648758	0	0	0	nan	0	0	0	0	0	0	nan	0	0	0	0.000912	0.000038	0.000912	0.000038	nan	nan
39	U	681	648765	647532	0.001052	7	16	648755	0	0	0	nan	0	0	0	0	0	0	nan	0	0	0	0.001052	0.000040	0.001052	0.000040	nan	nan
40	G	1310	648771	646874	0.002025	7	16	648763	0	0	0	nan	0	0	0	0	0	0	nan	0	0	0	0.002025	0.000056	0.002025	0.000056	nan	nan
41	A	620	648775	646953	0.000958	8	16	648767	0	0	0	nan	0	0	0	0	0	0	nan	0	0	0	0.000958	0.000038	0.000958	0.000038	0.300691	0.011927
42	U	1032	648779	646249	0.001597	8	16	648772	0	0	0	nan	0	0	0	0	0	0	nan	0	0	0	0.001597	0.000050	0.001597	0.000050	nan	nan
43	U	899	648784	646385	0.001391	8	16	648777	0	0	0	nan	0	0	0	0	0	0	nan	0	0	0	0.001391	0.000046	0.001391	0.000046	nan	nan
44	C	1078	648794	646784	0.001667	8	16	648787	0	0	0	nan	0	0	0	0	0	0	nan	0	0	0	0.001667	0.000051	0.001667	0.000051	nan	nan
45	A	592	648803	647546	0.000914	8	16	648795	0	0	0	nan	0	0	0	0	0	0	nan	0	0	0	0.000914	0.000038	0.000914	0.000038	0.286880	0.011927
46	G	796	648830	647395	0.001230	8	16	648823	0	0	0	nan	0	0	0	0	0	0	nan	0	0	0	0.001230	0.000044	0.001230	0.000044	nan	nan
47	G	786	648837	647698	0.001214	8	16	648829	0	0	0	nan	0	0	0	0	0	0	nan	0	0	0	0.001214	0.000043	0.001214	0.000043	nan	nan
48	A	371	648840	647905	0.000573	8	16	648832	0	0	0	nan	0	0	0	0	0	0	nan	0	0	0	0.000573	0.000030	0.000573	0.000030	0.179849	0.009416
49	G	578	648860	647606	0.000893	8	16	648855	0	0	0	nan	0	0	0	0	0	0	nan	0	0	0	0.000893	0.000037	0.000893	0.000037	nan	nan
50	G	698	648869	647396	0.001078	8	16	648864	0	0	0	nan	0	0	0	0	0	0	nan	0	0	0	0.001078	0.000041	0.001078	0.000041	nan	nan
51	U	688	648872	647203	0.001063	8	16	648868	0	0	0	nan	0	0	0	0	0	0	nan	0	0	0	0.001063	0.000041	0.001063	0.000041	nan	nan
52	U	784	648879	647094	0.001212	8	16	648876	0	0	0	nan	0	0	0	0	0	0	nan	0	0	0	0.001212	0.000043	0.001212	0.000043	nan	nan
53	A	301	648878	647162	0.000465	8	16	648875	0	0	0	nan	0	0	0	0	0	0	nan	0	0	0	0.000465	0.000027	0.000465	0.000027	0.145951	0.008475
54	A	341	648619	646378	0.000528	8	16	648615	0	0	0	nan	0	0	0	0	0	0	nan	0	0	0	0.000528	0.000029	0.000528	0.000029	0.165725	0.009102
55	U	2184	648619	645950	0.003381	8	16	648615	0	0	0	nan	0	0	0	0	0	0	nan	0	0	0	0.003381	0.000072	0.003381	0.000072	nan	nan
56	G	1006	648620	646133	0.001557	8	16	648618	0	0	0	nan	0	0	0	0	0	0	nan	0	0	0	0.001557	0.000049	0.001557	0.000049	nan	nan
57	G	0	648621	646434	0.000000	8	16	648620	0	0	0	nan	0	0	0	0	0	0	nan	0	0	0	0.000000	0.000000	0.000000	0.000000	nan	nan
58	A	0	648621	0	nan	8	16	648621	0	0	0	nan	0	0	0	0	0	0	nan	0	0	0	nan	nan	nan	nan	nan	nan
59	A	0	648621	0	nan	8	16	648621	0	0	0	nan	0	0	0	0	0	0	nan	0	0	0	nan	nan	nan	nan	nan	nan
60	G	0	648621	0	nan	8	16	648621	0	0	0	nan	0	0	0	0	0	0	nan	0	0	0	nan	nan	nan	nan	nan	nan
61	u	0	648621	0	nan	8	16	648621	0	0	0	nan	0	0	0	0	0	0	nan	0	0	0	nan	nan	nan	nan	nan	nan
62	a	0	648621	0	nan	8	16	648621	0	0	0	nan	0	0	0	0	0	0	nan	0	0	0	nan	nan	nan	nan	nan	nan
63	a	0	648621	0	nan	8	16	648621	0	0	0	nan	0	0	0	0	0	0	nan	0	0	0	nan	nan	nan	nan	nan	nan
64	a	0	648621	0	nan	8	16	648621	0	0	0	nan	0	0	0	0	0	0	nan	0	0	0	nan	nan	nan	nan	nan	nan
65	g	0	648621	0	nan	8	16	648621	0	0	0	nan	0	0	0	0	0	0	nan	0	0	0	nan	nan	nan	nan	nan	nan
66	g	0	648621	0	nan	8	16	648621	0	0	0	nan	0	0	0	0	0	0	nan	0	0	0	nan	nan	nan	nan	nan	nan
67	u	0	648621	0	nan	8	16	648621	0	0	0	nan	0	0	0	0	0	0	nan	0	0	0	nan	nan	nan	nan	nan	nan
68	a	0	648621	0	nan	8	16	648621	0	0	0	nan	0	0	0	0	0	0	nan	0	0	0	nan	nan	nan	nan	nan	nan
69	a	0	648621	0	nan	8	16	648621	0	0	0	nan	0	0	0	0	0	0	nan	0	0	0	nan	nan	nan	nan	nan	nan
70	u	0	648621	0	nan	7	16	648621	0	0	0	nan	0	0	0	0	0	0	nan	0	0	0	nan	nan	nan	nan	nan	nan
71	g	0	648619	0	nan	7	16	648619	0	0	0	nan	0	0	0	0	0	0	nan	0	0	0	nan	nan	nan	nan	nan	nan
72	a	0	648619	0	nan	7	16	648619	0	0	0	nan	0	0	0	0	0	0	nan	0	0	0	nan	nan	nan	nan	nan	nan
73	a	0	648619	0	nan	7	16	648619	0	0	0	nan	0	0	0	0	0	0	nan	0	0	0	nan	nan	nan	nan	nan	nan
74	g	0	648618	0	nan	7	16	648618	0	0	0	nan	0	0	0	0	0	0	nan	0	0	0	nan	nan	nan	nan	nan	nan
75	g	0	648612	0	nan	7	16	648612	0	0	0	nan	0	0	0	0	0	0	nan	0	0	0	nan	nan	nan	nan	nan	nan
76	u	0	648607	0	nan	7	16	648607	0	0	0	nan	0	0	0	0	0	0	nan	0	0	0	nan	nan	nan	nan	nan	nan
77	g	0	648606	0	nan	7	16	648606	0	0	0	nan	0	0	0	0	0	0	nan	0	0	0	nan	nan	nan	nan	nan	nan
78	a	0	648601	0	nan	7	16	648601	0	0	0	nan	0	0	0	0	0	0	nan	0	0	0	nan	nan	nan	nan	nan	nan
79	a	0	648461	0	nan	7	15	648461	0	0	0	nan	0	0	0	0	0	0	nan	0	0	0	nan	nan	nan	nan	nan	nan
80	g	0	648172	0	nan	7	15	648172	0	0	0	nan	0	0	0	0	0	0	nan	0	0	0	nan	nan	nan	nan	nan	nan