Nucleotide	Sequence	Modified_mutations	Modified_read_depth	Modified_effective_depth	Modified_rate	Modified_off_target_mapped_depth	Modified_low_mapq_mapped_depth	Modified_primer_pair_1_mapped_depth	Untreated_mutations	Untreated_read_depth	Untreated_effective_depth	Untreated_rate	Untreated_off_target_mapped_depth	Untreated_low_mapq_mapped_depth	Untreated_primer_pair_1_mapped_depth	Denatured_mutations	Denatured_read_depth	Denatured_effective_depth	Denatured_rate	Denatured_off_target_mapped_depth	Denatured_low_mapq_mapped_depth	Denatured_primer_pair_1_mapped_depth	Reactivity_profile	Std_err	HQ_profile	HQ_stderr	Norm_profile	Norm_stderr
1	g	0	46613	0	nan	0	2	46613	0	0	0	nan	0	0	0	0	0	0	nan	0	0	0	nan	nan	nan	nan	nan	nan
2	g	0	46639	0	nan	0	2	46639	0	0	0	nan	0	0	0	0	0	0	nan	0	0	0	nan	nan	nan	nan	nan	nan
3	u	0	46655	0	nan	0	2	46655	0	0	0	nan	0	0	0	0	0	0	nan	0	0	0	nan	nan	nan	nan	nan	nan
4	g	0	46662	0	nan	0	2	46662	0	0	0	nan	0	0	0	0	0	0	nan	0	0	0	nan	nan	nan	nan	nan	nan
5	u	0	46666	0	nan	0	2	46666	0	0	0	nan	0	0	0	0	0	0	nan	0	0	0	nan	nan	nan	nan	nan	nan
6	a	0	46671	0	nan	0	2	46671	0	0	0	nan	0	0	0	0	0	0	nan	0	0	0	nan	nan	nan	nan	nan	nan
7	a	0	46695	0	nan	0	2	46695	0	0	0	nan	0	0	0	0	0	0	nan	0	0	0	nan	nan	nan	nan	nan	nan
8	g	0	46765	0	nan	0	2	46765	0	0	0	nan	0	0	0	0	0	0	nan	0	0	0	nan	nan	nan	nan	nan	nan
9	g	0	47827	0	nan	0	2	47827	0	0	0	nan	0	0	0	0	0	0	nan	0	0	0	nan	nan	nan	nan	nan	nan
10	g	0	196075	0	nan	0	2	196075	0	0	0	nan	0	0	0	0	0	0	nan	0	0	0	nan	nan	nan	nan	nan	nan
11	u	0	203636	0	nan	0	2	203636	0	0	0	nan	0	0	0	0	0	0	nan	0	0	0	nan	nan	nan	nan	nan	nan
12	g	0	203850	0	nan	0	2	203850	0	0	0	nan	0	0	0	0	0	0	nan	0	0	0	nan	nan	nan	nan	nan	nan
13	a	0	203873	0	nan	0	2	203873	0	0	0	nan	0	0	0	0	0	0	nan	0	0	0	nan	nan	nan	nan	nan	nan
14	a	0	203875	0	nan	0	2	203875	0	0	0	nan	0	0	0	0	0	0	nan	0	0	0	nan	nan	nan	nan	nan	nan
15	g	0	203890	0	nan	1	2	203890	0	0	0	nan	0	0	0	0	0	0	nan	0	0	0	nan	nan	nan	nan	nan	nan
16	u	0	203899	0	nan	1	2	203899	0	0	0	nan	0	0	0	0	0	0	nan	0	0	0	nan	nan	nan	nan	nan	nan
17	g	0	203916	0	nan	1	2	203916	0	0	0	nan	0	0	0	0	0	0	nan	0	0	0	nan	nan	nan	nan	nan	nan
18	u	0	203918	0	nan	1	2	203918	0	0	0	nan	0	0	0	0	0	0	nan	0	0	0	nan	nan	nan	nan	nan	nan
19	a	0	203976	0	nan	1	2	203976	0	0	0	nan	0	0	0	0	0	0	nan	0	0	0	nan	nan	nan	nan	nan	nan
20	A	0	204006	18	0.000000	1	3	204006	0	0	0	nan	0	0	0	0	0	0	nan	0	0	0	0.000000	0.000000	nan	nan	nan	nan
21	G	0	204037	33	0.000000	1	3	204037	0	0	0	nan	0	0	0	0	0	0	nan	0	0	0	0.000000	0.000000	nan	nan	nan	nan
22	G	0	204045	38	0.000000	1	3	204045	0	0	0	nan	0	0	0	0	0	0	nan	0	0	0	0.000000	0.000000	nan	nan	nan	nan
23	U	0	204054	201934	0.000000	1	3	204054	0	0	0	nan	0	0	0	0	0	0	nan	0	0	0	0.000000	0.000000	0.000000	0.000000	nan	nan
24	U	174	204055	201838	0.000862	1	3	204055	0	0	0	nan	0	0	0	0	0	0	nan	0	0	0	0.000862	0.000065	0.000862	0.000065	nan	nan
25	G	123	204058	201249	0.000611	1	3	204058	0	0	0	nan	0	0	0	0	0	0	nan	0	0	0	0.000611	0.000055	0.000611	0.000055	nan	nan
26	A	529	204057	197896	0.002673	1	2	204031	0	0	0	nan	0	0	0	0	0	0	nan	0	0	0	0.002673	0.000116	0.002673	0.000116	0.380769	0.016524
27	C	7677	204068	197142	0.038941	1	1	204033	0	0	0	nan	0	0	0	0	0	0	nan	0	0	0	0.038941	0.000444	0.038941	0.000444	1.909762	0.021775
28	C	280	204081	197428	0.001418	1	1	204050	0	0	0	nan	0	0	0	0	0	0	nan	0	0	0	0.001418	0.000085	0.001418	0.000085	0.069542	0.004169
29	U	146	204117	199872	0.000730	1	1	204087	0	0	0	nan	0	0	0	0	0	0	nan	0	0	0	0.000730	0.000060	0.000730	0.000060	nan	nan
30	U	174	204129	200349	0.000868	1	1	204101	0	0	0	nan	0	0	0	0	0	0	nan	0	0	0	0.000868	0.000066	0.000868	0.000066	nan	nan
31	U	205	204154	201151	0.001019	1	1	204128	0	0	0	nan	0	0	0	0	0	0	nan	0	0	0	0.001019	0.000071	0.001019	0.000071	nan	nan
32	U	132	204196	202179	0.000653	1	1	204172	0	0	0	nan	0	0	0	0	0	0	nan	0	0	0	0.000653	0.000057	0.000653	0.000057	nan	nan
33	G	60	204233	201462	0.000298	1	1	204213	0	0	0	nan	0	0	0	0	0	0	nan	0	0	0	0.000298	0.000038	0.000298	0.000038	nan	nan
34	A	692	204256	201636	0.003432	1	2	204237	0	0	0	nan	0	0	0	0	0	0	nan	0	0	0	0.003432	0.000130	0.003432	0.000130	0.488889	0.018519
35	A	664	204267	200745	0.003308	1	2	204248	0	0	0	nan	0	0	0	0	0	0	nan	0	0	0	0.003308	0.000128	0.003308	0.000128	0.471225	0.018234
36	U	110	204282	200220	0.000549	1	2	204262	0	0	0	nan	0	0	0	0	0	0	nan	0	0	0	0.000549	0.000052	0.000549	0.000052	nan	nan
37	A	5436	204301	200581	0.027101	1	2	204283	0	0	0	nan	0	0	0	0	0	0	nan	0	0	0	0.027101	0.000368	0.027101	0.000368	3.860541	0.052422
38	G	169	204317	200060	0.000845	1	2	204301	0	0	0	nan	0	0	0	0	0	0	nan	0	0	0	0.000845	0.000065	0.000845	0.000065	nan	nan
39	U	244	204329	202313	0.001206	1	4	204313	0	0	0	nan	0	0	0	0	0	0	nan	0	0	0	0.001206	0.000077	0.001206	0.000077	nan	nan
40	G	237	204352	201198	0.001178	1	6	204338	0	0	0	nan	0	0	0	0	0	0	nan	0	0	0	0.001178	0.000077	0.001178	0.000077	nan	nan
41	A	1558	204369	201704	0.007724	1	7	204358	0	0	0	nan	0	0	0	0	0	0	nan	0	0	0	0.007724	0.000196	0.007724	0.000196	1.100285	0.027920
42	U	303	204403	200866	0.001508	1	7	204394	0	0	0	nan	0	0	0	0	0	0	nan	0	0	0	0.001508	0.000087	0.001508	0.000087	nan	nan
43	U	200	204423	200887	0.000996	1	7	204415	0	0	0	nan	0	0	0	0	0	0	nan	0	0	0	0.000996	0.000070	0.000996	0.000070	nan	nan
44	C	370	204433	201079	0.001840	1	7	204425	0	0	0	nan	0	0	0	0	0	0	nan	0	0	0	0.001840	0.000096	0.001840	0.000096	0.090238	0.004708
45	A	537	204454	201926	0.002659	1	7	204447	0	0	0	nan	0	0	0	0	0	0	nan	0	0	0	0.002659	0.000115	0.002659	0.000115	0.378775	0.016382
46	G	75	204473	202949	0.000370	1	7	204468	0	0	0	nan	0	0	0	0	0	0	nan	0	0	0	0.000370	0.000043	0.000370	0.000043	nan	nan
47	G	69	204485	202536	0.000341	1	7	204482	0	0	0	nan	0	0	0	0	0	0	nan	0	0	0	0.000341	0.000041	0.000341	0.000041	nan	nan
48	A	311	204486	202700	0.001534	1	7	204483	0	0	0	nan	0	0	0	0	0	0	nan	0	0	0	0.001534	0.000087	0.001534	0.000087	0.218519	0.012393
49	G	92	204517	202400	0.000455	1	7	204516	0	0	0	nan	0	0	0	0	0	0	nan	0	0	0	0.000455	0.000047	0.000455	0.000047	nan	nan
50	G	112	204524	201871	0.000555	1	7	204523	0	0	0	nan	0	0	0	0	0	0	nan	0	0	0	0.000555	0.000052	0.000555	0.000052	nan	nan
51	U	137	204528	202006	0.000678	1	7	204527	0	0	0	nan	0	0	0	0	0	0	nan	0	0	0	0.000678	0.000058	0.000678	0.000058	nan	nan
52	U	198	204532	201465	0.000983	1	7	204531	0	0	0	nan	0	0	0	0	0	0	nan	0	0	0	0.000983	0.000070	0.000983	0.000070	nan	nan
53	A	1408	204532	202199	0.006963	1	7	204531	0	0	0	nan	0	0	0	0	0	0	nan	0	0	0	0.006963	0.000186	0.006963	0.000186	0.991880	0.026496
54	A	1419	204530	202132	0.007020	1	7	204528	0	0	0	nan	0	0	0	0	0	0	nan	0	0	0	0.007020	0.000186	0.007020	0.000186	1.000000	0.026496
55	U	262	204531	202528	0.001294	1	7	204530	0	0	0	nan	0	0	0	0	0	0	nan	0	0	0	0.001294	0.000080	0.001294	0.000080	nan	nan
56	G	163	204535	202600	0.000805	1	7	204534	0	0	0	nan	0	0	0	0	0	0	nan	0	0	0	0.000805	0.000063	0.000805	0.000063	nan	nan
57	G	0	204536	201797	0.000000	1	7	204536	0	0	0	nan	0	0	0	0	0	0	nan	0	0	0	0.000000	0.000000	0.000000	0.000000	nan	nan
58	A	0	204536	0	nan	1	7	204536	0	0	0	nan	0	0	0	0	0	0	nan	0	0	0	nan	nan	nan	nan	nan	nan
59	A	0	204536	0	nan	1	7	204536	0	0	0	nan	0	0	0	0	0	0	nan	0	0	0	nan	nan	nan	nan	nan	nan
60	G	0	204536	0	nan	1	7	204536	0	0	0	nan	0	0	0	0	0	0	nan	0	0	0	nan	nan	nan	nan	nan	nan
61	u	0	204536	0	nan	1	7	204536	0	0	0	nan	0	0	0	0	0	0	nan	0	0	0	nan	nan	nan	nan	nan	nan
62	a	0	204536	0	nan	1	7	204536	0	0	0	nan	0	0	0	0	0	0	nan	0	0	0	nan	nan	nan	nan	nan	nan
63	a	0	204536	0	nan	1	7	204536	0	0	0	nan	0	0	0	0	0	0	nan	0	0	0	nan	nan	nan	nan	nan	nan
64	a	0	204536	0	nan	1	7	204536	0	0	0	nan	0	0	0	0	0	0	nan	0	0	0	nan	nan	nan	nan	nan	nan
65	g	0	204536	0	nan	1	7	204536	0	0	0	nan	0	0	0	0	0	0	nan	0	0	0	nan	nan	nan	nan	nan	nan
66	g	0	204536	0	nan	1	7	204536	0	0	0	nan	0	0	0	0	0	0	nan	0	0	0	nan	nan	nan	nan	nan	nan
67	u	0	204536	0	nan	1	7	204536	0	0	0	nan	0	0	0	0	0	0	nan	0	0	0	nan	nan	nan	nan	nan	nan
68	a	0	204536	0	nan	1	7	204536	0	0	0	nan	0	0	0	0	0	0	nan	0	0	0	nan	nan	nan	nan	nan	nan
69	a	0	204536	0	nan	1	7	204536	0	0	0	nan	0	0	0	0	0	0	nan	0	0	0	nan	nan	nan	nan	nan	nan
70	u	0	204536	0	nan	1	7	204536	0	0	0	nan	0	0	0	0	0	0	nan	0	0	0	nan	nan	nan	nan	nan	nan
71	g	0	204536	0	nan	1	7	204536	0	0	0	nan	0	0	0	0	0	0	nan	0	0	0	nan	nan	nan	nan	nan	nan
72	a	0	204536	0	nan	1	7	204536	0	0	0	nan	0	0	0	0	0	0	nan	0	0	0	nan	nan	nan	nan	nan	nan
73	a	0	204536	0	nan	1	7	204536	0	0	0	nan	0	0	0	0	0	0	nan	0	0	0	nan	nan	nan	nan	nan	nan
74	g	0	204535	0	nan	1	7	204535	0	0	0	nan	0	0	0	0	0	0	nan	0	0	0	nan	nan	nan	nan	nan	nan
75	g	0	204534	0	nan	1	7	204534	0	0	0	nan	0	0	0	0	0	0	nan	0	0	0	nan	nan	nan	nan	nan	nan
76	u	0	204525	0	nan	1	7	204525	0	0	0	nan	0	0	0	0	0	0	nan	0	0	0	nan	nan	nan	nan	nan	nan
77	g	0	204522	0	nan	1	7	204522	0	0	0	nan	0	0	0	0	0	0	nan	0	0	0	nan	nan	nan	nan	nan	nan
78	a	0	204516	0	nan	1	7	204516	0	0	0	nan	0	0	0	0	0	0	nan	0	0	0	nan	nan	nan	nan	nan	nan
79	a	0	204478	0	nan	1	7	204478	0	0	0	nan	0	0	0	0	0	0	nan	0	0	0	nan	nan	nan	nan	nan	nan
80	g	0	204391	0	nan	1	7	204391	0	0	0	nan	0	0	0	0	0	0	nan	0	0	0	nan	nan	nan	nan	nan	nan