Nucleotide	Sequence	Modified_mutations	Modified_read_depth	Modified_effective_depth	Modified_rate	Modified_off_target_mapped_depth	Modified_low_mapq_mapped_depth	Modified_primer_pair_1_mapped_depth	Untreated_mutations	Untreated_read_depth	Untreated_effective_depth	Untreated_rate	Untreated_off_target_mapped_depth	Untreated_low_mapq_mapped_depth	Untreated_primer_pair_1_mapped_depth	Denatured_mutations	Denatured_read_depth	Denatured_effective_depth	Denatured_rate	Denatured_off_target_mapped_depth	Denatured_low_mapq_mapped_depth	Denatured_primer_pair_1_mapped_depth	Reactivity_profile	Std_err	HQ_profile	HQ_stderr	Norm_profile	Norm_stderr
1	g	0	40561	0	nan	6	1	40561	0	0	0	nan	0	0	0	0	0	0	nan	0	0	0	nan	nan	nan	nan	nan	nan
2	g	0	40608	0	nan	6	1	40608	0	0	0	nan	0	0	0	0	0	0	nan	0	0	0	nan	nan	nan	nan	nan	nan
3	u	0	40652	0	nan	6	1	40652	0	0	0	nan	0	0	0	0	0	0	nan	0	0	0	nan	nan	nan	nan	nan	nan
4	g	0	40681	0	nan	6	1	40681	0	0	0	nan	0	0	0	0	0	0	nan	0	0	0	nan	nan	nan	nan	nan	nan
5	u	0	40723	0	nan	6	1	40723	0	0	0	nan	0	0	0	0	0	0	nan	0	0	0	nan	nan	nan	nan	nan	nan
6	a	0	40779	0	nan	6	1	40779	0	0	0	nan	0	0	0	0	0	0	nan	0	0	0	nan	nan	nan	nan	nan	nan
7	a	0	40944	0	nan	6	1	40944	0	0	0	nan	0	0	0	0	0	0	nan	0	0	0	nan	nan	nan	nan	nan	nan
8	g	0	41255	0	nan	6	1	41255	0	0	0	nan	0	0	0	0	0	0	nan	0	0	0	nan	nan	nan	nan	nan	nan
9	g	0	43964	0	nan	6	1	43964	0	0	0	nan	0	0	0	0	0	0	nan	0	0	0	nan	nan	nan	nan	nan	nan
10	g	0	257586	0	nan	6	1	257586	0	0	0	nan	0	0	0	0	0	0	nan	0	0	0	nan	nan	nan	nan	nan	nan
11	u	0	267282	0	nan	6	1	267282	0	0	0	nan	0	0	0	0	0	0	nan	0	0	0	nan	nan	nan	nan	nan	nan
12	g	0	267622	0	nan	6	1	267622	0	0	0	nan	0	0	0	0	0	0	nan	0	0	0	nan	nan	nan	nan	nan	nan
13	a	0	267652	0	nan	6	1	267652	0	0	0	nan	0	0	0	0	0	0	nan	0	0	0	nan	nan	nan	nan	nan	nan
14	a	0	267659	0	nan	6	1	267659	0	0	0	nan	0	0	0	0	0	0	nan	0	0	0	nan	nan	nan	nan	nan	nan
15	g	0	267750	0	nan	19	1	267750	0	0	0	nan	0	0	0	0	0	0	nan	0	0	0	nan	nan	nan	nan	nan	nan
16	u	0	267771	0	nan	19	1	267771	0	0	0	nan	0	0	0	0	0	0	nan	0	0	0	nan	nan	nan	nan	nan	nan
17	g	0	267797	0	nan	19	1	267797	0	0	0	nan	0	0	0	0	0	0	nan	0	0	0	nan	nan	nan	nan	nan	nan
18	u	0	267804	0	nan	19	1	267804	0	0	0	nan	0	0	0	0	0	0	nan	0	0	0	nan	nan	nan	nan	nan	nan
19	a	0	267892	0	nan	19	1	267892	0	0	0	nan	0	0	0	0	0	0	nan	0	0	0	nan	nan	nan	nan	nan	nan
20	A	0	267932	17	0.000000	19	1	267932	0	0	0	nan	0	0	0	0	0	0	nan	0	0	0	0.000000	0.000000	nan	nan	nan	nan
21	G	0	267995	43	0.000000	19	1	267995	0	0	0	nan	0	0	0	0	0	0	nan	0	0	0	0.000000	0.000000	nan	nan	nan	nan
22	G	0	268016	45	0.000000	19	1	268016	0	0	0	nan	0	0	0	0	0	0	nan	0	0	0	0.000000	0.000000	nan	nan	nan	nan
23	U	0	268049	256642	0.000000	19	1	268049	0	0	0	nan	0	0	0	0	0	0	nan	0	0	0	0.000000	0.000000	0.000000	0.000000	nan	nan
24	U	246	268068	263591	0.000933	19	1	268068	0	0	0	nan	0	0	0	0	0	0	nan	0	0	0	0.000933	0.000060	0.000933	0.000060	nan	nan
25	G	275	268080	262686	0.001047	19	1	268080	0	0	0	nan	0	0	0	0	0	0	nan	0	0	0	0.001047	0.000063	0.001047	0.000063	nan	nan
26	A	10924	268091	260553	0.041926	19	1	268091	0	0	0	nan	0	0	0	0	0	0	nan	0	0	0	0.041926	0.000401	0.041926	0.000401	1.034852	0.009898
27	A	11705	268095	258584	0.045266	19	1	268095	0	0	0	nan	0	0	0	0	0	0	nan	0	0	0	0.045266	0.000418	0.045266	0.000418	1.117293	0.010317
28	C	7409	268098	257339	0.028791	19	1	268098	0	0	0	nan	0	0	0	0	0	0	nan	0	0	0	0.028791	0.000334	0.028791	0.000334	1.183293	0.013727
29	U	149	268120	259056	0.000575	19	1	268119	0	0	0	nan	0	0	0	0	0	0	nan	0	0	0	0.000575	0.000047	0.000575	0.000047	nan	nan
30	U	172	268143	259985	0.000662	19	1	268140	0	0	0	nan	0	0	0	0	0	0	nan	0	0	0	0.000662	0.000050	0.000662	0.000050	nan	nan
31	U	168	268171	261679	0.000642	19	1	268168	0	0	0	nan	0	0	0	0	0	0	nan	0	0	0	0.000642	0.000050	0.000642	0.000050	nan	nan
32	U	183	268219	263439	0.000695	19	1	268215	0	0	0	nan	0	0	0	0	0	0	nan	0	0	0	0.000695	0.000051	0.000695	0.000051	nan	nan
33	G	338	268269	262508	0.001288	19	1	268265	0	0	0	nan	0	0	0	0	0	0	nan	0	0	0	0.001288	0.000070	0.001288	0.000070	nan	nan
34	A	5026	268291	262606	0.019139	19	1	268287	0	0	0	nan	0	0	0	0	0	0	nan	0	0	0	0.019139	0.000270	0.019139	0.000270	0.472405	0.006664
35	A	4285	268303	260918	0.016423	19	1	268299	0	0	0	nan	0	0	0	0	0	0	nan	0	0	0	0.016423	0.000251	0.016423	0.000251	0.405366	0.006195
36	U	153	268307	259521	0.000590	19	1	268303	0	0	0	nan	0	0	0	0	0	0	nan	0	0	0	0.000590	0.000048	0.000590	0.000048	nan	nan
37	A	21298	268313	260104	0.081883	19	1	268309	0	0	0	nan	0	0	0	0	0	0	nan	0	0	0	0.081883	0.000561	0.081883	0.000561	2.021104	0.013847
38	G	367	268339	259946	0.001412	19	1	268335	0	0	0	nan	0	0	0	0	0	0	nan	0	0	0	0.001412	0.000074	0.001412	0.000074	nan	nan
39	U	326	268352	264191	0.001234	19	1	268347	0	0	0	nan	0	0	0	0	0	0	nan	0	0	0	0.001234	0.000068	0.001234	0.000068	nan	nan
40	G	543	268382	261891	0.002073	19	1	268374	0	0	0	nan	0	0	0	0	0	0	nan	0	0	0	0.002073	0.000089	0.002073	0.000089	nan	nan
41	A	6389	268412	262639	0.024326	19	1	268404	0	0	0	nan	0	0	0	0	0	0	nan	0	0	0	0.024326	0.000304	0.024326	0.000304	0.600434	0.007504
42	U	215	268457	260931	0.000824	18	1	268451	0	0	0	nan	0	0	0	0	0	0	nan	0	0	0	0.000824	0.000056	0.000824	0.000056	nan	nan
43	U	193	268498	261297	0.000739	18	1	268493	0	0	0	nan	0	0	0	0	0	0	nan	0	0	0	0.000739	0.000053	0.000739	0.000053	nan	nan
44	C	2859	268525	261046	0.010952	18	1	268521	0	0	0	nan	0	0	0	0	0	0	nan	0	0	0	0.010952	0.000205	0.010952	0.000205	0.450121	0.008425
45	A	4379	268562	262973	0.016652	18	1	268560	0	0	0	nan	0	0	0	0	0	0	nan	0	0	0	0.016652	0.000252	0.016652	0.000252	0.411018	0.006220
46	G	255	268618	264291	0.000965	18	1	268616	0	0	0	nan	0	0	0	0	0	0	nan	0	0	0	0.000965	0.000060	0.000965	0.000060	nan	nan
47	G	277	268639	263645	0.001051	18	1	268637	0	0	0	nan	0	0	0	0	0	0	nan	0	0	0	0.001051	0.000063	0.001051	0.000063	nan	nan
48	A	3336	268648	257797	0.012940	18	1	268646	0	0	0	nan	0	0	0	0	0	0	nan	0	0	0	0.012940	0.000224	0.012940	0.000224	0.319396	0.005529
49	G	323	268735	257269	0.001255	18	1	268733	0	0	0	nan	0	0	0	0	0	0	nan	0	0	0	0.001255	0.000070	0.001255	0.000070	nan	nan
50	G	454	268758	258198	0.001758	18	1	268757	0	0	0	nan	0	0	0	0	0	0	nan	0	0	0	0.001758	0.000083	0.001758	0.000083	nan	nan
51	U	178	268774	257847	0.000690	18	1	268773	0	0	0	nan	0	0	0	0	0	0	nan	0	0	0	0.000690	0.000052	0.000690	0.000052	nan	nan
52	U	275	268783	262067	0.001049	18	1	268782	0	0	0	nan	0	0	0	0	0	0	nan	0	0	0	0.001049	0.000063	0.001049	0.000063	nan	nan
53	A	9475	268787	261178	0.036278	17	1	268784	0	0	0	nan	0	0	0	0	0	0	nan	0	0	0	0.036278	0.000373	0.036278	0.000373	0.895444	0.009207
54	A	8676	268780	262282	0.033079	17	1	268779	0	0	0	nan	0	0	0	0	0	0	nan	0	0	0	0.033079	0.000355	0.033079	0.000355	0.816483	0.008762
55	U	289	268790	263998	0.001095	17	1	268789	0	0	0	nan	0	0	0	0	0	0	nan	0	0	0	0.001095	0.000064	0.001095	0.000064	nan	nan
56	G	494	268795	264854	0.001865	17	1	268795	0	0	0	nan	0	0	0	0	0	0	nan	0	0	0	0.001865	0.000084	0.001865	0.000084	nan	nan
57	G	0	268801	262838	0.000000	17	1	268801	0	0	0	nan	0	0	0	0	0	0	nan	0	0	0	0.000000	0.000000	0.000000	0.000000	nan	nan
58	A	0	268802	0	nan	17	1	268802	0	0	0	nan	0	0	0	0	0	0	nan	0	0	0	nan	nan	nan	nan	nan	nan
59	A	0	268802	0	nan	17	1	268802	0	0	0	nan	0	0	0	0	0	0	nan	0	0	0	nan	nan	nan	nan	nan	nan
60	G	0	268802	0	nan	17	1	268802	0	0	0	nan	0	0	0	0	0	0	nan	0	0	0	nan	nan	nan	nan	nan	nan
61	u	0	268802	0	nan	17	1	268802	0	0	0	nan	0	0	0	0	0	0	nan	0	0	0	nan	nan	nan	nan	nan	nan
62	a	0	268802	0	nan	17	1	268802	0	0	0	nan	0	0	0	0	0	0	nan	0	0	0	nan	nan	nan	nan	nan	nan
63	a	0	268802	0	nan	17	1	268802	0	0	0	nan	0	0	0	0	0	0	nan	0	0	0	nan	nan	nan	nan	nan	nan
64	a	0	268802	0	nan	17	1	268802	0	0	0	nan	0	0	0	0	0	0	nan	0	0	0	nan	nan	nan	nan	nan	nan
65	g	0	268802	0	nan	17	1	268802	0	0	0	nan	0	0	0	0	0	0	nan	0	0	0	nan	nan	nan	nan	nan	nan
66	g	0	268802	0	nan	17	1	268802	0	0	0	nan	0	0	0	0	0	0	nan	0	0	0	nan	nan	nan	nan	nan	nan
67	u	0	268802	0	nan	16	1	268802	0	0	0	nan	0	0	0	0	0	0	nan	0	0	0	nan	nan	nan	nan	nan	nan
68	a	0	268802	0	nan	13	1	268802	0	0	0	nan	0	0	0	0	0	0	nan	0	0	0	nan	nan	nan	nan	nan	nan
69	a	0	268802	0	nan	13	1	268802	0	0	0	nan	0	0	0	0	0	0	nan	0	0	0	nan	nan	nan	nan	nan	nan
70	u	0	268802	0	nan	13	1	268802	0	0	0	nan	0	0	0	0	0	0	nan	0	0	0	nan	nan	nan	nan	nan	nan
71	g	0	268799	0	nan	13	1	268799	0	0	0	nan	0	0	0	0	0	0	nan	0	0	0	nan	nan	nan	nan	nan	nan
72	a	0	268798	0	nan	13	1	268798	0	0	0	nan	0	0	0	0	0	0	nan	0	0	0	nan	nan	nan	nan	nan	nan
73	a	0	268798	0	nan	13	1	268798	0	0	0	nan	0	0	0	0	0	0	nan	0	0	0	nan	nan	nan	nan	nan	nan
74	g	0	268798	0	nan	13	1	268798	0	0	0	nan	0	0	0	0	0	0	nan	0	0	0	nan	nan	nan	nan	nan	nan
75	g	0	268797	0	nan	13	1	268797	0	0	0	nan	0	0	0	0	0	0	nan	0	0	0	nan	nan	nan	nan	nan	nan
76	u	0	268789	0	nan	13	1	268789	0	0	0	nan	0	0	0	0	0	0	nan	0	0	0	nan	nan	nan	nan	nan	nan
77	g	0	268781	0	nan	13	1	268781	0	0	0	nan	0	0	0	0	0	0	nan	0	0	0	nan	nan	nan	nan	nan	nan
78	a	0	268769	0	nan	13	1	268769	0	0	0	nan	0	0	0	0	0	0	nan	0	0	0	nan	nan	nan	nan	nan	nan
79	a	0	268738	0	nan	13	1	268738	0	0	0	nan	0	0	0	0	0	0	nan	0	0	0	nan	nan	nan	nan	nan	nan
80	g	0	268608	0	nan	13	1	268608	0	0	0	nan	0	0	0	0	0	0	nan	0	0	0	nan	nan	nan	nan	nan	nan