Nucleotide	Sequence	Modified_mutations	Modified_read_depth	Modified_effective_depth	Modified_rate	Modified_off_target_mapped_depth	Modified_low_mapq_mapped_depth	Modified_primer_pair_1_mapped_depth	Untreated_mutations	Untreated_read_depth	Untreated_effective_depth	Untreated_rate	Untreated_off_target_mapped_depth	Untreated_low_mapq_mapped_depth	Untreated_primer_pair_1_mapped_depth	Denatured_mutations	Denatured_read_depth	Denatured_effective_depth	Denatured_rate	Denatured_off_target_mapped_depth	Denatured_low_mapq_mapped_depth	Denatured_primer_pair_1_mapped_depth	Reactivity_profile	Std_err	HQ_profile	HQ_stderr	Norm_profile	Norm_stderr
1	g	0	47320	0	nan	3	6	47320	0	0	0	nan	0	0	0	0	0	0	nan	0	0	0	nan	nan	nan	nan	nan	nan
2	g	0	47363	0	nan	3	6	47363	0	0	0	nan	0	0	0	0	0	0	nan	0	0	0	nan	nan	nan	nan	nan	nan
3	u	0	47392	0	nan	3	6	47392	0	0	0	nan	0	0	0	0	0	0	nan	0	0	0	nan	nan	nan	nan	nan	nan
4	g	0	47402	0	nan	3	6	47402	0	0	0	nan	0	0	0	0	0	0	nan	0	0	0	nan	nan	nan	nan	nan	nan
5	u	0	47412	0	nan	3	6	47412	0	0	0	nan	0	0	0	0	0	0	nan	0	0	0	nan	nan	nan	nan	nan	nan
6	a	0	47421	0	nan	3	6	47421	0	0	0	nan	0	0	0	0	0	0	nan	0	0	0	nan	nan	nan	nan	nan	nan
7	a	0	47438	0	nan	3	6	47438	0	0	0	nan	0	0	0	0	0	0	nan	0	0	0	nan	nan	nan	nan	nan	nan
8	g	0	47508	0	nan	3	6	47508	0	0	0	nan	0	0	0	0	0	0	nan	0	0	0	nan	nan	nan	nan	nan	nan
9	g	0	48766	0	nan	3	6	48766	0	0	0	nan	0	0	0	0	0	0	nan	0	0	0	nan	nan	nan	nan	nan	nan
10	g	0	197574	0	nan	3	6	197574	0	0	0	nan	0	0	0	0	0	0	nan	0	0	0	nan	nan	nan	nan	nan	nan
11	u	0	206530	0	nan	3	6	206530	0	0	0	nan	0	0	0	0	0	0	nan	0	0	0	nan	nan	nan	nan	nan	nan
12	g	0	206909	0	nan	3	6	206909	0	0	0	nan	0	0	0	0	0	0	nan	0	0	0	nan	nan	nan	nan	nan	nan
13	a	0	206947	0	nan	3	6	206947	0	0	0	nan	0	0	0	0	0	0	nan	0	0	0	nan	nan	nan	nan	nan	nan
14	a	0	206957	0	nan	3	6	206957	0	0	0	nan	0	0	0	0	0	0	nan	0	0	0	nan	nan	nan	nan	nan	nan
15	g	0	206965	0	nan	4	6	206965	0	0	0	nan	0	0	0	0	0	0	nan	0	0	0	nan	nan	nan	nan	nan	nan
16	u	0	206975	0	nan	4	6	206975	0	0	0	nan	0	0	0	0	0	0	nan	0	0	0	nan	nan	nan	nan	nan	nan
17	g	0	206992	0	nan	4	6	206992	0	0	0	nan	0	0	0	0	0	0	nan	0	0	0	nan	nan	nan	nan	nan	nan
18	u	0	206998	0	nan	4	6	206998	0	0	0	nan	0	0	0	0	0	0	nan	0	0	0	nan	nan	nan	nan	nan	nan
19	a	0	207078	0	nan	4	6	207078	0	0	0	nan	0	0	0	0	0	0	nan	0	0	0	nan	nan	nan	nan	nan	nan
20	A	0	207116	17	0.000000	4	7	207116	0	0	0	nan	0	0	0	0	0	0	nan	0	0	0	0.000000	0.000000	nan	nan	nan	nan
21	G	0	207169	34	0.000000	4	7	207169	0	0	0	nan	0	0	0	0	0	0	nan	0	0	0	0.000000	0.000000	nan	nan	nan	nan
22	G	0	207184	33	0.000000	4	7	207184	0	0	0	nan	0	0	0	0	0	0	nan	0	0	0	0.000000	0.000000	nan	nan	nan	nan
23	U	0	207192	204984	0.000000	4	7	207192	0	0	0	nan	0	0	0	0	0	0	nan	0	0	0	0.000000	0.000000	0.000000	0.000000	0.000000	0.000000
24	U	271	207197	204753	0.001324	4	7	207197	0	0	0	nan	0	0	0	0	0	0	nan	0	0	0	0.001324	0.000080	0.001324	0.000080	0.660679	0.039920
25	G	257	207199	203680	0.001262	4	7	207199	0	0	0	nan	0	0	0	0	0	0	nan	0	0	0	0.001262	0.000079	0.001262	0.000079	nan	nan
26	A	3580	207198	199708	0.017926	4	5	207163	0	0	0	nan	0	0	0	0	0	0	nan	0	0	0	0.017926	0.000300	0.017926	0.000300	0.995668	0.016663
27	C	11094	207207	198816	0.055800	4	3	207166	0	0	0	nan	0	0	0	0	0	0	nan	0	0	0	0.055800	0.000530	0.055800	0.000530	1.399759	0.013295
28	C	3069	207223	199533	0.015381	4	3	207184	0	0	0	nan	0	0	0	0	0	0	nan	0	0	0	0.015381	0.000278	0.015381	0.000278	0.385837	0.006974
29	U	200	207277	202522	0.000988	4	3	207243	0	0	0	nan	0	0	0	0	0	0	nan	0	0	0	0.000988	0.000070	0.000988	0.000070	0.493014	0.034930
30	U	238	207299	203434	0.001170	4	3	207267	0	0	0	nan	0	0	0	0	0	0	nan	0	0	0	0.001170	0.000076	0.001170	0.000076	0.583832	0.037924
31	U	335	207333	204084	0.001641	4	3	207304	0	0	0	nan	0	0	0	0	0	0	nan	0	0	0	0.001641	0.000090	0.001641	0.000090	0.818862	0.044910
32	U	246	207374	205153	0.001199	4	3	207348	0	0	0	nan	0	0	0	0	0	0	nan	0	0	0	0.001199	0.000076	0.001199	0.000076	0.598303	0.037924
33	G	331	207408	204054	0.001622	4	3	207382	0	0	0	nan	0	0	0	0	0	0	nan	0	0	0	0.001622	0.000089	0.001622	0.000089	nan	nan
34	A	3693	207429	203796	0.018121	4	3	207403	0	0	0	nan	0	0	0	0	0	0	nan	0	0	0	0.018121	0.000298	0.018121	0.000298	1.006499	0.016552
35	A	3003	207435	202984	0.014794	4	3	207409	0	0	0	nan	0	0	0	0	0	0	nan	0	0	0	0.014794	0.000270	0.014794	0.000270	0.821706	0.014997
36	U	250	207447	202821	0.001233	4	3	207422	0	0	0	nan	0	0	0	0	0	0	nan	0	0	0	0.001233	0.000078	0.001233	0.000078	0.615269	0.038922
37	A	3112	207469	203648	0.015281	4	5	207444	0	0	0	nan	0	0	0	0	0	0	nan	0	0	0	0.015281	0.000274	0.015281	0.000274	0.848756	0.015219
38	G	200	207490	203040	0.000985	4	9	207469	0	0	0	nan	0	0	0	0	0	0	nan	0	0	0	0.000985	0.000070	0.000985	0.000070	nan	nan
39	U	264	207506	205142	0.001287	4	11	207486	0	0	0	nan	0	0	0	0	0	0	nan	0	0	0	0.001287	0.000079	0.001287	0.000079	0.642216	0.039421
40	G	366	207523	203752	0.001796	4	12	207505	0	0	0	nan	0	0	0	0	0	0	nan	0	0	0	0.001796	0.000094	0.001796	0.000094	nan	nan
41	A	3773	207544	204385	0.018460	4	12	207528	0	0	0	nan	0	0	0	0	0	0	nan	0	0	0	0.018460	0.000301	0.018460	0.000301	1.025328	0.016719
42	U	408	207576	203575	0.002004	2	12	207566	0	0	0	nan	0	0	0	0	0	0	nan	0	0	0	0.002004	0.000099	0.002004	0.000099	1.000000	0.049401
43	U	337	207592	203428	0.001657	2	12	207583	0	0	0	nan	0	0	0	0	0	0	nan	0	0	0	0.001657	0.000090	0.001657	0.000090	0.826846	0.044910
44	C	4858	207601	203028	0.023928	2	12	207593	0	0	0	nan	0	0	0	0	0	0	nan	0	0	0	0.023928	0.000343	0.023928	0.000343	0.600241	0.008604
45	A	3670	207623	203849	0.018004	2	12	207617	0	0	0	nan	0	0	0	0	0	0	nan	0	0	0	0.018004	0.000297	0.018004	0.000297	1.000000	0.016496
46	G	262	207655	205014	0.001278	2	12	207649	0	0	0	nan	0	0	0	0	0	0	nan	0	0	0	0.001278	0.000079	0.001278	0.000079	nan	nan
47	G	218	207670	204658	0.001065	2	12	207665	0	0	0	nan	0	0	0	0	0	0	nan	0	0	0	0.001065	0.000072	0.001065	0.000072	nan	nan
48	A	3489	207674	204937	0.017025	2	12	207669	0	0	0	nan	0	0	0	0	0	0	nan	0	0	0	0.017025	0.000288	0.017025	0.000288	0.945623	0.015996
49	G	629	207724	204725	0.003072	2	12	207722	0	0	0	nan	0	0	0	0	0	0	nan	0	0	0	0.003072	0.000123	0.003072	0.000123	nan	nan
50	G	203	207735	204796	0.000991	2	12	207733	0	0	0	nan	0	0	0	0	0	0	nan	0	0	0	0.000991	0.000070	0.000991	0.000070	nan	nan
51	U	283	207738	205015	0.001380	2	12	207736	0	0	0	nan	0	0	0	0	0	0	nan	0	0	0	0.001380	0.000082	0.001380	0.000082	0.688623	0.040918
52	U	319	207742	204289	0.001562	2	12	207741	0	0	0	nan	0	0	0	0	0	0	nan	0	0	0	0.001562	0.000087	0.001562	0.000087	0.779441	0.043413
53	A	2983	207745	204898	0.014558	1	12	207744	0	0	0	nan	0	0	0	0	0	0	nan	0	0	0	0.014558	0.000267	0.014558	0.000267	0.808598	0.014830
54	A	2563	207739	205004	0.012502	1	12	207737	0	0	0	nan	0	0	0	0	0	0	nan	0	0	0	0.012502	0.000247	0.012502	0.000247	0.694401	0.013719
55	U	436	207740	205573	0.002121	1	12	207738	0	0	0	nan	0	0	0	0	0	0	nan	0	0	0	0.002121	0.000102	0.002121	0.000102	1.058383	0.050898
56	G	367	207741	205794	0.001783	1	12	207740	0	0	0	nan	0	0	0	0	0	0	nan	0	0	0	0.001783	0.000093	0.001783	0.000093	nan	nan
57	G	0	207741	205012	0.000000	1	12	207740	0	0	0	nan	0	0	0	0	0	0	nan	0	0	0	0.000000	0.000000	0.000000	0.000000	nan	nan
58	A	0	207741	0	nan	1	12	207741	0	0	0	nan	0	0	0	0	0	0	nan	0	0	0	nan	nan	nan	nan	nan	nan
59	A	0	207741	0	nan	1	12	207741	0	0	0	nan	0	0	0	0	0	0	nan	0	0	0	nan	nan	nan	nan	nan	nan
60	G	0	207741	0	nan	1	12	207741	0	0	0	nan	0	0	0	0	0	0	nan	0	0	0	nan	nan	nan	nan	nan	nan
61	u	0	207741	0	nan	1	12	207741	0	0	0	nan	0	0	0	0	0	0	nan	0	0	0	nan	nan	nan	nan	nan	nan
62	a	0	207741	0	nan	1	12	207741	0	0	0	nan	0	0	0	0	0	0	nan	0	0	0	nan	nan	nan	nan	nan	nan
63	a	0	207741	0	nan	1	12	207741	0	0	0	nan	0	0	0	0	0	0	nan	0	0	0	nan	nan	nan	nan	nan	nan
64	a	0	207741	0	nan	1	12	207741	0	0	0	nan	0	0	0	0	0	0	nan	0	0	0	nan	nan	nan	nan	nan	nan
65	g	0	207741	0	nan	1	12	207741	0	0	0	nan	0	0	0	0	0	0	nan	0	0	0	nan	nan	nan	nan	nan	nan
66	g	0	207741	0	nan	1	12	207741	0	0	0	nan	0	0	0	0	0	0	nan	0	0	0	nan	nan	nan	nan	nan	nan
67	u	0	207741	0	nan	1	12	207741	0	0	0	nan	0	0	0	0	0	0	nan	0	0	0	nan	nan	nan	nan	nan	nan
68	a	0	207741	0	nan	1	12	207741	0	0	0	nan	0	0	0	0	0	0	nan	0	0	0	nan	nan	nan	nan	nan	nan
69	a	0	207741	0	nan	1	12	207741	0	0	0	nan	0	0	0	0	0	0	nan	0	0	0	nan	nan	nan	nan	nan	nan
70	u	0	207741	0	nan	1	12	207741	0	0	0	nan	0	0	0	0	0	0	nan	0	0	0	nan	nan	nan	nan	nan	nan
71	g	0	207741	0	nan	1	12	207741	0	0	0	nan	0	0	0	0	0	0	nan	0	0	0	nan	nan	nan	nan	nan	nan
72	a	0	207741	0	nan	1	12	207741	0	0	0	nan	0	0	0	0	0	0	nan	0	0	0	nan	nan	nan	nan	nan	nan
73	a	0	207741	0	nan	1	12	207741	0	0	0	nan	0	0	0	0	0	0	nan	0	0	0	nan	nan	nan	nan	nan	nan
74	g	0	207741	0	nan	1	12	207741	0	0	0	nan	0	0	0	0	0	0	nan	0	0	0	nan	nan	nan	nan	nan	nan
75	g	0	207740	0	nan	1	12	207740	0	0	0	nan	0	0	0	0	0	0	nan	0	0	0	nan	nan	nan	nan	nan	nan
76	u	0	207738	0	nan	1	12	207738	0	0	0	nan	0	0	0	0	0	0	nan	0	0	0	nan	nan	nan	nan	nan	nan
77	g	0	207737	0	nan	1	12	207737	0	0	0	nan	0	0	0	0	0	0	nan	0	0	0	nan	nan	nan	nan	nan	nan
78	a	0	207733	0	nan	1	12	207733	0	0	0	nan	0	0	0	0	0	0	nan	0	0	0	nan	nan	nan	nan	nan	nan
79	a	0	207690	0	nan	1	12	207690	0	0	0	nan	0	0	0	0	0	0	nan	0	0	0	nan	nan	nan	nan	nan	nan
80	g	0	207604	0	nan	1	12	207604	0	0	0	nan	0	0	0	0	0	0	nan	0	0	0	nan	nan	nan	nan	nan	nan