Nucleotide	Sequence	Modified_mutations	Modified_read_depth	Modified_effective_depth	Modified_rate	Modified_off_target_mapped_depth	Modified_low_mapq_mapped_depth	Modified_primer_pair_1_mapped_depth	Untreated_mutations	Untreated_read_depth	Untreated_effective_depth	Untreated_rate	Untreated_off_target_mapped_depth	Untreated_low_mapq_mapped_depth	Untreated_primer_pair_1_mapped_depth	Denatured_mutations	Denatured_read_depth	Denatured_effective_depth	Denatured_rate	Denatured_off_target_mapped_depth	Denatured_low_mapq_mapped_depth	Denatured_primer_pair_1_mapped_depth	Reactivity_profile	Std_err	HQ_profile	HQ_stderr	Norm_profile	Norm_stderr
1	g	0	236332	0	nan	23	1	236332	0	0	0	nan	0	0	0	0	0	0	nan	0	0	0	nan	nan	nan	nan	nan	nan
2	g	0	236780	0	nan	23	1	236780	0	0	0	nan	0	0	0	0	0	0	nan	0	0	0	nan	nan	nan	nan	nan	nan
3	c	0	237002	0	nan	23	1	237002	0	0	0	nan	0	0	0	0	0	0	nan	0	0	0	nan	nan	nan	nan	nan	nan
4	a	0	255515	0	nan	71	1	255515	0	0	0	nan	0	0	0	0	0	0	nan	0	0	0	nan	nan	nan	nan	nan	nan
5	c	0	255884	0	nan	71	1	255884	0	0	0	nan	0	0	0	0	0	0	nan	0	0	0	nan	nan	nan	nan	nan	nan
6	c	0	255966	0	nan	71	1	255966	0	0	0	nan	0	0	0	0	0	0	nan	0	0	0	nan	nan	nan	nan	nan	nan
7	u	0	255978	0	nan	71	1	255978	0	0	0	nan	0	0	0	0	0	0	nan	0	0	0	nan	nan	nan	nan	nan	nan
8	c	0	255986	0	nan	71	1	255986	0	0	0	nan	0	0	0	0	0	0	nan	0	0	0	nan	nan	nan	nan	nan	nan
9	a	0	255989	0	nan	71	1	255989	0	0	0	nan	0	0	0	0	0	0	nan	0	0	0	nan	nan	nan	nan	nan	nan
10	u	0	256029	0	nan	71	1	256029	0	0	0	nan	0	0	0	0	0	0	nan	0	0	0	nan	nan	nan	nan	nan	nan
11	a	0	256048	0	nan	71	1	256048	0	0	0	nan	0	0	0	0	0	0	nan	0	0	0	nan	nan	nan	nan	nan	nan
12	a	0	256060	0	nan	71	1	256060	0	0	0	nan	0	0	0	0	0	0	nan	0	0	0	nan	nan	nan	nan	nan	nan
13	c	0	256068	0	nan	71	1	256068	0	0	0	nan	0	0	0	0	0	0	nan	0	0	0	nan	nan	nan	nan	nan	nan
14	a	0	256071	0	nan	71	1	256071	0	0	0	nan	0	0	0	0	0	0	nan	0	0	0	nan	nan	nan	nan	nan	nan
15	u	0	256075	0	nan	71	1	256075	0	0	0	nan	0	0	0	0	0	0	nan	0	0	0	nan	nan	nan	nan	nan	nan
16	a	0	256079	0	nan	71	1	256079	0	0	0	nan	0	0	0	0	0	0	nan	0	0	0	nan	nan	nan	nan	nan	nan
17	a	0	256089	0	nan	71	1	256089	0	0	0	nan	0	0	0	0	0	0	nan	0	0	0	nan	nan	nan	nan	nan	nan
18	c	0	256099	0	nan	71	1	256099	0	0	0	nan	0	0	0	0	0	0	nan	0	0	0	nan	nan	nan	nan	nan	nan
19	U	0	256101	2	0.000000	71	1	256101	0	0	0	nan	0	0	0	0	0	0	nan	0	0	0	0.000000	0.000000	nan	nan	nan	nan
20	A	0	256147	36	0.000000	71	1	256147	0	0	0	nan	0	0	0	0	0	0	nan	0	0	0	0.000000	0.000000	nan	nan	nan	nan
21	A	0	256152	31	0.000000	71	1	256152	0	0	0	nan	0	0	0	0	0	0	nan	0	0	0	0.000000	0.000000	nan	nan	nan	nan
22	G	0	256164	252132	0.000000	71	1	256164	0	0	0	nan	0	0	0	0	0	0	nan	0	0	0	0.000000	0.000000	0.000000	0.000000	nan	nan
23	G	261	256177	248609	0.001050	71	1	256177	0	0	0	nan	0	0	0	0	0	0	nan	0	0	0	0.001050	0.000065	0.001050	0.000065	nan	nan
24	C	6535	256210	251516	0.025982	71	1	256210	0	0	0	nan	0	0	0	0	0	0	nan	0	0	0	0.025982	0.000321	0.025982	0.000321	1.000000	0.012355
25	A	3378	256256	253351	0.013333	71	1	256256	0	0	0	nan	0	0	0	0	0	0	nan	0	0	0	0.013333	0.000229	0.013333	0.000229	1.000000	0.017175
26	G	179	256303	253435	0.000706	71	1	256302	0	0	0	nan	0	0	0	0	0	0	nan	0	0	0	0.000706	0.000053	0.000706	0.000053	nan	nan
27	A	2589	256376	254047	0.010191	71	1	256374	0	0	0	nan	0	0	0	0	0	0	nan	0	0	0	0.010191	0.000200	0.010191	0.000200	0.764344	0.015000
28	U	1208	256384	253272	0.004770	71	1	256381	0	0	0	nan	0	0	0	0	0	0	nan	0	0	0	0.004770	0.000137	0.004770	0.000137	1.240653	0.035633
29	C	4187	256389	253434	0.016521	71	1	256385	0	0	0	nan	0	0	0	0	0	0	nan	0	0	0	0.016521	0.000255	0.016521	0.000255	0.635863	0.009814
30	U	857	256399	253401	0.003382	71	1	256388	0	0	0	nan	0	0	0	0	0	0	nan	0	0	0	0.003382	0.000116	0.003382	0.000116	0.879641	0.030171
31	G	213	256403	252845	0.000842	71	1	256388	0	0	0	nan	0	0	0	0	0	0	nan	0	0	0	0.000842	0.000058	0.000842	0.000058	nan	nan
32	A	3433	256406	253029	0.013568	71	1	256388	0	0	0	nan	0	0	0	0	0	0	nan	0	0	0	0.013568	0.000232	0.013568	0.000232	1.017625	0.017400
33	G	219	256422	249115	0.000879	71	1	256384	0	0	0	nan	0	0	0	0	0	0	nan	0	0	0	0.000879	0.000059	0.000879	0.000059	nan	nan
34	C	5222	256425	247591	0.021091	71	1	256351	0	0	0	nan	0	0	0	0	0	0	nan	0	0	0	0.021091	0.000292	0.021091	0.000292	0.811754	0.011239
35	C	4676	256436	247903	0.018862	71	1	256310	0	0	0	nan	0	0	0	0	0	0	nan	0	0	0	0.018862	0.000276	0.018862	0.000276	0.725964	0.010623
36	U	986	256492	248545	0.003967	71	1	256377	0	0	0	nan	0	0	0	0	0	0	nan	0	0	0	0.003967	0.000126	0.003967	0.000126	1.031797	0.032772
37	G	232	256508	249087	0.000931	71	1	256081	0	0	0	nan	0	0	0	0	0	0	nan	0	0	0	0.000931	0.000061	0.000931	0.000061	nan	nan
38	G	172	256512	248552	0.000692	71	1	256082	0	0	0	nan	0	0	0	0	0	0	nan	0	0	0	0.000692	0.000053	0.000692	0.000053	nan	nan
39	G	176	256550	248762	0.000708	71	1	256172	0	0	0	nan	0	0	0	0	0	0	nan	0	0	0	0.000708	0.000053	0.000708	0.000053	nan	nan
40	A	3130	256605	250083	0.012516	71	1	256300	0	0	0	nan	0	0	0	0	0	0	nan	0	0	0	0.012516	0.000224	0.012516	0.000224	0.938723	0.016800
41	G	246	256705	248653	0.000989	71	1	256558	0	0	0	nan	0	0	0	0	0	0	nan	0	0	0	0.000989	0.000063	0.000989	0.000063	nan	nan
42	C	6091	256769	253280	0.024048	43	1	256739	0	0	0	nan	0	0	0	0	0	0	nan	0	0	0	0.024048	0.000308	0.024048	0.000308	0.925564	0.011854
43	U	752	256779	254140	0.002959	43	1	256765	0	0	0	nan	0	0	0	0	0	0	nan	0	0	0	0.002959	0.000108	0.002959	0.000108	0.769621	0.028090
44	C	4872	256784	254283	0.019160	38	1	256770	0	0	0	nan	0	0	0	0	0	0	nan	0	0	0	0.019160	0.000274	0.019160	0.000274	0.737434	0.010546
45	U	883	256783	253867	0.003478	38	1	256766	0	0	0	nan	0	0	0	0	0	0	nan	0	0	0	0.003478	0.000117	0.003478	0.000117	0.904610	0.030431
46	C	5674	256781	251120	0.022595	35	1	256753	0	0	0	nan	0	0	0	0	0	0	nan	0	0	0	0.022595	0.000300	0.022595	0.000300	0.869641	0.011546
47	U	780	256778	251144	0.003106	35	1	256757	0	0	0	nan	0	0	0	0	0	0	nan	0	0	0	0.003106	0.000111	0.003106	0.000111	0.807855	0.028871
48	G	314	256784	248833	0.001262	35	1	256767	0	0	0	nan	0	0	0	0	0	0	nan	0	0	0	0.001262	0.000071	0.001262	0.000071	nan	nan
49	C	8015	256789	253088	0.031669	35	1	256776	0	0	0	nan	0	0	0	0	0	0	nan	0	0	0	0.031669	0.000354	0.031669	0.000354	1.218882	0.013625
50	C	7408	256791	253620	0.029209	35	1	256784	0	0	0	nan	0	0	0	0	0	0	nan	0	0	0	0.029209	0.000339	0.029209	0.000339	1.124201	0.013047
51	A	2250	256794	254262	0.008849	35	1	256792	0	0	0	nan	0	0	0	0	0	0	nan	0	0	0	0.008849	0.000187	0.008849	0.000187	0.663692	0.014025
52	A	0	256794	254493	0.000000	35	1	256794	0	0	0	nan	0	0	0	0	0	0	nan	0	0	0	0.000000	0.000000	0.000000	0.000000	0.000000	0.000000
53	U	0	256781	141	0.000000	22	1	256781	0	0	0	nan	0	0	0	0	0	0	nan	0	0	0	0.000000	0.000000	nan	nan	nan	nan
54	C	0	256603	2	0.000000	21	1	256603	0	0	0	nan	0	0	0	0	0	0	nan	0	0	0	0.000000	0.000000	nan	nan	nan	nan
55	C	0	256601	0	nan	21	1	256601	0	0	0	nan	0	0	0	0	0	0	nan	0	0	0	nan	nan	nan	nan	nan	nan
56	a	0	256600	0	nan	21	1	256600	0	0	0	nan	0	0	0	0	0	0	nan	0	0	0	nan	nan	nan	nan	nan	nan
57	c	0	256600	0	nan	21	1	256600	0	0	0	nan	0	0	0	0	0	0	nan	0	0	0	nan	nan	nan	nan	nan	nan
58	u	0	256600	0	nan	21	1	256600	0	0	0	nan	0	0	0	0	0	0	nan	0	0	0	nan	nan	nan	nan	nan	nan
59	a	0	256600	0	nan	21	1	256600	0	0	0	nan	0	0	0	0	0	0	nan	0	0	0	nan	nan	nan	nan	nan	nan
60	a	0	256600	0	nan	21	1	256600	0	0	0	nan	0	0	0	0	0	0	nan	0	0	0	nan	nan	nan	nan	nan	nan
61	c	0	256600	0	nan	9	1	256600	0	0	0	nan	0	0	0	0	0	0	nan	0	0	0	nan	nan	nan	nan	nan	nan
62	c	0	256600	0	nan	7	1	256600	0	0	0	nan	0	0	0	0	0	0	nan	0	0	0	nan	nan	nan	nan	nan	nan
63	u	0	256600	0	nan	0	1	256600	0	0	0	nan	0	0	0	0	0	0	nan	0	0	0	nan	nan	nan	nan	nan	nan
64	c	0	256600	0	nan	0	1	256600	0	0	0	nan	0	0	0	0	0	0	nan	0	0	0	nan	nan	nan	nan	nan	nan
65	a	0	256600	0	nan	0	1	256600	0	0	0	nan	0	0	0	0	0	0	nan	0	0	0	nan	nan	nan	nan	nan	nan
66	c	0	256600	0	nan	0	1	256600	0	0	0	nan	0	0	0	0	0	0	nan	0	0	0	nan	nan	nan	nan	nan	nan
67	u	0	256600	0	nan	0	1	256600	0	0	0	nan	0	0	0	0	0	0	nan	0	0	0	nan	nan	nan	nan	nan	nan
68	c	0	256600	0	nan	0	1	256600	0	0	0	nan	0	0	0	0	0	0	nan	0	0	0	nan	nan	nan	nan	nan	nan
69	a	0	256598	0	nan	0	1	256598	0	0	0	nan	0	0	0	0	0	0	nan	0	0	0	nan	nan	nan	nan	nan	nan
70	c	0	256592	0	nan	0	1	256592	0	0	0	nan	0	0	0	0	0	0	nan	0	0	0	nan	nan	nan	nan	nan	nan
71	a	0	256587	0	nan	0	1	256587	0	0	0	nan	0	0	0	0	0	0	nan	0	0	0	nan	nan	nan	nan	nan	nan
72	a	0	256482	0	nan	0	1	256482	0	0	0	nan	0	0	0	0	0	0	nan	0	0	0	nan	nan	nan	nan	nan	nan
73	u	0	256338	0	nan	0	1	256338	0	0	0	nan	0	0	0	0	0	0	nan	0	0	0	nan	nan	nan	nan	nan	nan
74	c	0	255997	0	nan	0	1	255997	0	0	0	nan	0	0	0	0	0	0	nan	0	0	0	nan	nan	nan	nan	nan	nan