Nucleotide	Sequence	Modified_mutations	Modified_read_depth	Modified_effective_depth	Modified_rate	Modified_off_target_mapped_depth	Modified_low_mapq_mapped_depth	Modified_primer_pair_1_mapped_depth	Untreated_mutations	Untreated_read_depth	Untreated_effective_depth	Untreated_rate	Untreated_off_target_mapped_depth	Untreated_low_mapq_mapped_depth	Untreated_primer_pair_1_mapped_depth	Denatured_mutations	Denatured_read_depth	Denatured_effective_depth	Denatured_rate	Denatured_off_target_mapped_depth	Denatured_low_mapq_mapped_depth	Denatured_primer_pair_1_mapped_depth	Reactivity_profile	Std_err	HQ_profile	HQ_stderr	Norm_profile	Norm_stderr
1	g	0	43282	0	nan	2	0	43282	0	0	0	nan	0	0	0	0	0	0	nan	0	0	0	nan	nan	nan	nan	nan	nan
2	g	0	43330	0	nan	2	0	43330	0	0	0	nan	0	0	0	0	0	0	nan	0	0	0	nan	nan	nan	nan	nan	nan
3	u	0	43354	0	nan	2	0	43354	0	0	0	nan	0	0	0	0	0	0	nan	0	0	0	nan	nan	nan	nan	nan	nan
4	g	0	43371	0	nan	2	0	43371	0	0	0	nan	0	0	0	0	0	0	nan	0	0	0	nan	nan	nan	nan	nan	nan
5	u	0	43385	0	nan	2	0	43385	0	0	0	nan	0	0	0	0	0	0	nan	0	0	0	nan	nan	nan	nan	nan	nan
6	a	0	43391	0	nan	2	0	43391	0	0	0	nan	0	0	0	0	0	0	nan	0	0	0	nan	nan	nan	nan	nan	nan
7	a	0	43422	0	nan	2	0	43422	0	0	0	nan	0	0	0	0	0	0	nan	0	0	0	nan	nan	nan	nan	nan	nan
8	g	0	43512	0	nan	2	0	43512	0	0	0	nan	0	0	0	0	0	0	nan	0	0	0	nan	nan	nan	nan	nan	nan
9	g	0	44999	0	nan	2	0	44999	0	0	0	nan	0	0	0	0	0	0	nan	0	0	0	nan	nan	nan	nan	nan	nan
10	g	0	271149	0	nan	2	0	271149	0	0	0	nan	0	0	0	0	0	0	nan	0	0	0	nan	nan	nan	nan	nan	nan
11	u	0	279824	0	nan	2	0	279824	0	0	0	nan	0	0	0	0	0	0	nan	0	0	0	nan	nan	nan	nan	nan	nan
12	g	0	280065	0	nan	2	0	280065	0	0	0	nan	0	0	0	0	0	0	nan	0	0	0	nan	nan	nan	nan	nan	nan
13	a	0	280088	0	nan	2	0	280088	0	0	0	nan	0	0	0	0	0	0	nan	0	0	0	nan	nan	nan	nan	nan	nan
14	a	0	280094	0	nan	2	0	280094	0	0	0	nan	0	0	0	0	0	0	nan	0	0	0	nan	nan	nan	nan	nan	nan
15	g	0	280130	0	nan	9	0	280130	0	0	0	nan	0	0	0	0	0	0	nan	0	0	0	nan	nan	nan	nan	nan	nan
16	u	0	280146	0	nan	9	0	280146	0	0	0	nan	0	0	0	0	0	0	nan	0	0	0	nan	nan	nan	nan	nan	nan
17	g	0	280162	0	nan	9	0	280162	0	0	0	nan	0	0	0	0	0	0	nan	0	0	0	nan	nan	nan	nan	nan	nan
18	u	0	280171	0	nan	9	0	280171	0	0	0	nan	0	0	0	0	0	0	nan	0	0	0	nan	nan	nan	nan	nan	nan
19	a	0	280263	0	nan	9	0	280263	0	0	0	nan	0	0	0	0	0	0	nan	0	0	0	nan	nan	nan	nan	nan	nan
20	A	0	280287	13	0.000000	9	0	280287	0	0	0	nan	0	0	0	0	0	0	nan	0	0	0	0.000000	0.000000	nan	nan	nan	nan
21	G	0	280322	28	0.000000	9	0	280322	0	0	0	nan	0	0	0	0	0	0	nan	0	0	0	0.000000	0.000000	nan	nan	nan	nan
22	G	0	280343	27	0.000000	9	0	280343	0	0	0	nan	0	0	0	0	0	0	nan	0	0	0	0.000000	0.000000	nan	nan	nan	nan
23	U	0	280357	268881	0.000000	9	0	280357	0	0	0	nan	0	0	0	0	0	0	nan	0	0	0	0.000000	0.000000	0.000000	0.000000	nan	nan
24	U	166	280371	276554	0.000600	9	0	280371	0	0	0	nan	0	0	0	0	0	0	nan	0	0	0	0.000600	0.000047	0.000600	0.000047	nan	nan
25	G	141	280381	276925	0.000509	9	0	280381	0	0	0	nan	0	0	0	0	0	0	nan	0	0	0	0.000509	0.000043	0.000509	0.000043	nan	nan
26	A	2612	280388	275439	0.009483	9	0	280388	0	0	0	nan	0	0	0	0	0	0	nan	0	0	0	0.009483	0.000186	0.009483	0.000186	0.821003	0.016103
27	A	3042	280391	273708	0.011114	9	0	280391	0	0	0	nan	0	0	0	0	0	0	nan	0	0	0	0.011114	0.000202	0.011114	0.000202	0.962209	0.017488
28	C	4273	280398	272207	0.015698	9	0	280398	0	0	0	nan	0	0	0	0	0	0	nan	0	0	0	0.015698	0.000240	0.015698	0.000240	1.029276	0.015736
29	U	176	280420	272536	0.000646	9	0	280420	0	0	0	nan	0	0	0	0	0	0	nan	0	0	0	0.000646	0.000049	0.000646	0.000049	nan	nan
30	U	140	280447	272967	0.000513	9	0	280436	0	0	0	nan	0	0	0	0	0	0	nan	0	0	0	0.000513	0.000043	0.000513	0.000043	nan	nan
31	U	188	280475	274765	0.000684	9	0	280464	0	0	0	nan	0	0	0	0	0	0	nan	0	0	0	0.000684	0.000050	0.000684	0.000050	nan	nan
32	U	182	280526	276634	0.000658	9	0	280515	0	0	0	nan	0	0	0	0	0	0	nan	0	0	0	0.000658	0.000049	0.000658	0.000049	nan	nan
33	G	331	280607	276610	0.001197	9	0	280596	0	0	0	nan	0	0	0	0	0	0	nan	0	0	0	0.001197	0.000066	0.001197	0.000066	nan	nan
34	A	3212	280633	276321	0.011624	9	0	280622	0	0	0	nan	0	0	0	0	0	0	nan	0	0	0	0.011624	0.000205	0.011624	0.000205	1.006363	0.017748
35	A	2898	280645	274494	0.010558	9	0	280634	0	0	0	nan	0	0	0	0	0	0	nan	0	0	0	0.010558	0.000196	0.010558	0.000196	0.914073	0.016969
36	U	194	280652	274543	0.000707	9	0	280641	0	0	0	nan	0	0	0	0	0	0	nan	0	0	0	0.000707	0.000051	0.000707	0.000051	nan	nan
37	A	3434	280663	275488	0.012465	10	0	280652	0	0	0	nan	0	0	0	0	0	0	nan	0	0	0	0.012465	0.000213	0.012465	0.000213	1.079174	0.018441
38	G	152	280683	275428	0.000552	10	0	280672	0	0	0	nan	0	0	0	0	0	0	nan	0	0	0	0.000552	0.000045	0.000552	0.000045	nan	nan
39	U	192	280696	277379	0.000692	10	0	280685	0	0	0	nan	0	0	0	0	0	0	nan	0	0	0	0.000692	0.000050	0.000692	0.000050	nan	nan
40	G	214	280721	275915	0.000776	10	0	280710	0	0	0	nan	0	0	0	0	0	0	nan	0	0	0	0.000776	0.000053	0.000776	0.000053	nan	nan
41	A	3698	280754	276627	0.013368	10	0	280745	0	0	0	nan	0	0	0	0	0	0	nan	0	0	0	0.013368	0.000220	0.013368	0.000220	1.157352	0.019047
42	U	219	280789	275067	0.000796	10	0	280783	0	0	0	nan	0	0	0	0	0	0	nan	0	0	0	0.000796	0.000054	0.000796	0.000054	nan	nan
43	U	176	280828	274851	0.000640	10	0	280821	0	0	0	nan	0	0	0	0	0	0	nan	0	0	0	0.000640	0.000048	0.000640	0.000048	nan	nan
44	C	3825	280850	274952	0.013912	10	0	280844	0	0	0	nan	0	0	0	0	0	0	nan	0	0	0	0.013912	0.000225	0.013912	0.000225	0.912173	0.014753
45	A	3133	280881	276523	0.011330	10	0	280875	0	0	0	nan	0	0	0	0	0	0	nan	0	0	0	0.011330	0.000202	0.011330	0.000202	0.980910	0.017488
46	G	144	280933	278268	0.000517	10	0	280927	0	0	0	nan	0	0	0	0	0	0	nan	0	0	0	0.000517	0.000043	0.000517	0.000043	nan	nan
47	G	111	280947	277573	0.000400	10	0	280942	0	0	0	nan	0	0	0	0	0	0	nan	0	0	0	0.000400	0.000038	0.000400	0.000038	nan	nan
48	A	2955	280952	270897	0.010908	10	0	280947	0	0	0	nan	0	0	0	0	0	0	nan	0	0	0	0.010908	0.000201	0.010908	0.000201	0.944375	0.017402
49	G	154	281012	270895	0.000568	10	0	281010	0	0	0	nan	0	0	0	0	0	0	nan	0	0	0	0.000568	0.000046	0.000568	0.000046	nan	nan
50	G	225	281028	271352	0.000829	10	0	281028	0	0	0	nan	0	0	0	0	0	0	nan	0	0	0	0.000829	0.000055	0.000829	0.000055	nan	nan
51	U	140	281036	270598	0.000517	10	0	281036	0	0	0	nan	0	0	0	0	0	0	nan	0	0	0	0.000517	0.000044	0.000517	0.000044	nan	nan
52	U	186	281039	276656	0.000672	10	0	281039	0	0	0	nan	0	0	0	0	0	0	nan	0	0	0	0.000672	0.000049	0.000672	0.000049	nan	nan
53	A	2479	281040	276804	0.008956	9	0	281039	0	0	0	nan	0	0	0	0	0	0	nan	0	0	0	0.008956	0.000180	0.008956	0.000180	0.775378	0.015584
54	A	2621	281031	277222	0.009455	9	0	281029	0	0	0	nan	0	0	0	0	0	0	nan	0	0	0	0.009455	0.000185	0.009455	0.000185	0.818579	0.016017
55	U	190	281035	278044	0.000683	9	0	281034	0	0	0	nan	0	0	0	0	0	0	nan	0	0	0	0.000683	0.000050	0.000683	0.000050	nan	nan
56	G	185	281041	278608	0.000664	9	0	281040	0	0	0	nan	0	0	0	0	0	0	nan	0	0	0	0.000664	0.000049	0.000664	0.000049	nan	nan
57	G	0	281043	277532	0.000000	9	0	281043	0	0	0	nan	0	0	0	0	0	0	nan	0	0	0	0.000000	0.000000	0.000000	0.000000	nan	nan
58	A	0	281045	0	nan	9	0	281045	0	0	0	nan	0	0	0	0	0	0	nan	0	0	0	nan	nan	nan	nan	nan	nan
59	A	0	281045	0	nan	9	0	281045	0	0	0	nan	0	0	0	0	0	0	nan	0	0	0	nan	nan	nan	nan	nan	nan
60	G	0	281045	0	nan	9	0	281045	0	0	0	nan	0	0	0	0	0	0	nan	0	0	0	nan	nan	nan	nan	nan	nan
61	u	0	281045	0	nan	9	0	281045	0	0	0	nan	0	0	0	0	0	0	nan	0	0	0	nan	nan	nan	nan	nan	nan
62	a	0	281045	0	nan	9	0	281045	0	0	0	nan	0	0	0	0	0	0	nan	0	0	0	nan	nan	nan	nan	nan	nan
63	a	0	281045	0	nan	9	0	281045	0	0	0	nan	0	0	0	0	0	0	nan	0	0	0	nan	nan	nan	nan	nan	nan
64	a	0	281045	0	nan	9	0	281045	0	0	0	nan	0	0	0	0	0	0	nan	0	0	0	nan	nan	nan	nan	nan	nan
65	g	0	281045	0	nan	9	0	281045	0	0	0	nan	0	0	0	0	0	0	nan	0	0	0	nan	nan	nan	nan	nan	nan
66	g	0	281045	0	nan	9	0	281045	0	0	0	nan	0	0	0	0	0	0	nan	0	0	0	nan	nan	nan	nan	nan	nan
67	u	0	281045	0	nan	9	0	281045	0	0	0	nan	0	0	0	0	0	0	nan	0	0	0	nan	nan	nan	nan	nan	nan
68	a	0	281045	0	nan	8	0	281045	0	0	0	nan	0	0	0	0	0	0	nan	0	0	0	nan	nan	nan	nan	nan	nan
69	a	0	281045	0	nan	8	0	281045	0	0	0	nan	0	0	0	0	0	0	nan	0	0	0	nan	nan	nan	nan	nan	nan
70	u	0	281045	0	nan	8	0	281045	0	0	0	nan	0	0	0	0	0	0	nan	0	0	0	nan	nan	nan	nan	nan	nan
71	g	0	281045	0	nan	8	0	281045	0	0	0	nan	0	0	0	0	0	0	nan	0	0	0	nan	nan	nan	nan	nan	nan
72	a	0	281043	0	nan	8	0	281043	0	0	0	nan	0	0	0	0	0	0	nan	0	0	0	nan	nan	nan	nan	nan	nan
73	a	0	281043	0	nan	8	0	281043	0	0	0	nan	0	0	0	0	0	0	nan	0	0	0	nan	nan	nan	nan	nan	nan
74	g	0	281043	0	nan	8	0	281043	0	0	0	nan	0	0	0	0	0	0	nan	0	0	0	nan	nan	nan	nan	nan	nan
75	g	0	281043	0	nan	8	0	281043	0	0	0	nan	0	0	0	0	0	0	nan	0	0	0	nan	nan	nan	nan	nan	nan
76	u	0	281038	0	nan	8	0	281038	0	0	0	nan	0	0	0	0	0	0	nan	0	0	0	nan	nan	nan	nan	nan	nan
77	g	0	281031	0	nan	7	0	281031	0	0	0	nan	0	0	0	0	0	0	nan	0	0	0	nan	nan	nan	nan	nan	nan
78	a	0	281021	0	nan	7	0	281021	0	0	0	nan	0	0	0	0	0	0	nan	0	0	0	nan	nan	nan	nan	nan	nan
79	a	0	280993	0	nan	7	0	280993	0	0	0	nan	0	0	0	0	0	0	nan	0	0	0	nan	nan	nan	nan	nan	nan
80	g	0	280841	0	nan	7	0	280841	0	0	0	nan	0	0	0	0	0	0	nan	0	0	0	nan	nan	nan	nan	nan	nan