Nucleotide	Sequence	Modified_mutations	Modified_read_depth	Modified_effective_depth	Modified_rate	Modified_off_target_mapped_depth	Modified_low_mapq_mapped_depth	Modified_primer_pair_1_mapped_depth	Untreated_mutations	Untreated_read_depth	Untreated_effective_depth	Untreated_rate	Untreated_off_target_mapped_depth	Untreated_low_mapq_mapped_depth	Untreated_primer_pair_1_mapped_depth	Denatured_mutations	Denatured_read_depth	Denatured_effective_depth	Denatured_rate	Denatured_off_target_mapped_depth	Denatured_low_mapq_mapped_depth	Denatured_primer_pair_1_mapped_depth	Reactivity_profile	Std_err	HQ_profile	HQ_stderr	Norm_profile	Norm_stderr
1	g	0	5044790	0	nan	3	366	5044790	0	0	0	nan	0	0	0	0	0	0	nan	0	0	0	nan	nan	nan	nan	nan	nan
2	g	0	5136180	0	nan	3	373	5136180	0	0	0	nan	0	0	0	0	0	0	nan	0	0	0	nan	nan	nan	nan	nan	nan
3	u	0	5166383	0	nan	3	373	5166383	0	0	0	nan	0	0	0	0	0	0	nan	0	0	0	nan	nan	nan	nan	nan	nan
4	g	0	5174485	0	nan	3	377	5174485	0	0	0	nan	0	0	0	0	0	0	nan	0	0	0	nan	nan	nan	nan	nan	nan
5	u	0	5179154	0	nan	3	380	5179154	0	0	0	nan	0	0	0	0	0	0	nan	0	0	0	nan	nan	nan	nan	nan	nan
6	a	0	5184363	0	nan	3	386	5184363	0	0	0	nan	0	0	0	0	0	0	nan	0	0	0	nan	nan	nan	nan	nan	nan
7	a	0	5186287	0	nan	3	387	5186287	0	0	0	nan	0	0	0	0	0	0	nan	0	0	0	nan	nan	nan	nan	nan	nan
8	g	0	5187387	0	nan	3	389	5187387	0	0	0	nan	0	0	0	0	0	0	nan	0	0	0	nan	nan	nan	nan	nan	nan
9	g	0	5188668	0	nan	3	392	5188668	0	0	0	nan	0	0	0	0	0	0	nan	0	0	0	nan	nan	nan	nan	nan	nan
10	g	0	5190858	0	nan	3	392	5190858	0	0	0	nan	0	0	0	0	0	0	nan	0	0	0	nan	nan	nan	nan	nan	nan
11	u	0	5195009	0	nan	3	392	5195009	0	0	0	nan	0	0	0	0	0	0	nan	0	0	0	nan	nan	nan	nan	nan	nan
12	g	0	5205780	0	nan	118	404	5205780	0	0	0	nan	0	0	0	0	0	0	nan	0	0	0	nan	nan	nan	nan	nan	nan
13	a	0	5222087	0	nan	129	405	5222087	0	0	0	nan	0	0	0	0	0	0	nan	0	0	0	nan	nan	nan	nan	nan	nan
14	a	0	5239237	0	nan	162	405	5239237	0	0	0	nan	0	0	0	0	0	0	nan	0	0	0	nan	nan	nan	nan	nan	nan
15	g	0	5252767	0	nan	775	405	5252767	0	0	0	nan	0	0	0	0	0	0	nan	0	0	0	nan	nan	nan	nan	nan	nan
16	u	0	5265194	0	nan	777	405	5265194	0	0	0	nan	0	0	0	0	0	0	nan	0	0	0	nan	nan	nan	nan	nan	nan
17	g	0	5271253	0	nan	777	406	5271253	0	0	0	nan	0	0	0	0	0	0	nan	0	0	0	nan	nan	nan	nan	nan	nan
18	u	0	5275084	0	nan	777	406	5275084	0	0	0	nan	0	0	0	0	0	0	nan	0	0	0	nan	nan	nan	nan	nan	nan
19	a	0	5278176	0	nan	777	407	5278176	0	0	0	nan	0	0	0	0	0	0	nan	0	0	0	nan	nan	nan	nan	nan	nan
20	A	0	5280104	499	0.000000	777	407	5280104	0	0	0	nan	0	0	0	0	0	0	nan	0	0	0	0.000000	0.000000	nan	nan	nan	nan
21	G	0	5281440	710	0.000000	777	407	5281440	0	0	0	nan	0	0	0	0	0	0	nan	0	0	0	0.000000	0.000000	nan	nan	nan	nan
22	G	0	5283323	1354	0.000000	777	407	5283323	0	0	0	nan	0	0	0	0	0	0	nan	0	0	0	0.000000	0.000000	nan	nan	nan	nan
23	U	0	5286732	4627516	0.000000	777	407	5286732	0	0	0	nan	0	0	0	0	0	0	nan	0	0	0	0.000000	0.000000	0.000000	0.000000	0.000000	0.000000
24	U	11489	5288787	4680820	0.002454	777	407	5288787	0	0	0	nan	0	0	0	0	0	0	nan	0	0	0	0.002454	0.000023	0.002454	0.000023	0.705984	0.006617
25	G	5145	5295934	4692811	0.001096	777	407	5295934	0	0	0	nan	0	0	0	0	0	0	nan	0	0	0	0.001096	0.000015	0.001096	0.000015	0.499544	0.006837
26	A	151811	5307731	4789485	0.031697	777	407	5307626	0	0	0	nan	0	0	0	0	0	0	nan	0	0	0	0.031697	0.000081	0.031697	0.000081	1.066889	0.002726
27	A	162826	5312120	4690999	0.034710	777	407	5311950	0	0	0	nan	0	0	0	0	0	0	nan	0	0	0	0.034710	0.000086	0.034710	0.000086	1.168303	0.002895
28	C	166195	5314223	4587719	0.036226	777	407	5314008	0	0	0	nan	0	0	0	0	0	0	nan	0	0	0	0.036226	0.000089	0.036226	0.000089	1.133373	0.002784
29	U	11557	5317078	4606828	0.002509	777	407	5316855	0	0	0	nan	0	0	0	0	0	0	nan	0	0	0	0.002509	0.000023	0.002509	0.000023	0.721807	0.006617
30	U	6274	5320150	4629474	0.001355	779	407	5319906	0	0	0	nan	0	0	0	0	0	0	nan	0	0	0	0.001355	0.000017	0.001355	0.000017	0.389816	0.004891
31	U	6381	5323610	4573978	0.001395	779	407	5323316	0	0	0	nan	0	0	0	0	0	0	nan	0	0	0	0.001395	0.000017	0.001395	0.000017	0.401323	0.004891
32	U	21609	5326760	4648662	0.004648	779	408	5326418	0	0	0	nan	0	0	0	0	0	0	nan	0	0	0	0.004648	0.000032	0.004648	0.000032	1.337169	0.009206
33	G	3423	5355575	4710567	0.000727	780	408	5355184	0	0	0	nan	0	0	0	0	0	0	nan	0	0	0	0.000727	0.000012	0.000727	0.000012	0.331358	0.005469
34	A	100128	5374361	5071847	0.019742	780	408	5373977	0	0	0	nan	0	0	0	0	0	0	nan	0	0	0	0.019742	0.000062	0.019742	0.000062	0.664496	0.002087
35	A	91245	5381845	5035943	0.018119	780	408	5381458	0	0	0	nan	0	0	0	0	0	0	nan	0	0	0	0.018119	0.000060	0.018119	0.000060	0.609867	0.002020
36	U	3782	5383862	5023365	0.000753	781	408	5383464	0	0	0	nan	0	0	0	0	0	0	nan	0	0	0	0.000753	0.000012	0.000753	0.000012	0.216628	0.003452
37	A	193420	5385623	4891626	0.039541	781	408	5385180	0	0	0	nan	0	0	0	0	0	0	nan	0	0	0	0.039541	0.000090	0.039541	0.000090	1.330910	0.003029
38	G	5476	5386650	4802243	0.001140	790	408	5386204	0	0	0	nan	0	0	0	0	0	0	nan	0	0	0	0.001140	0.000015	0.001140	0.000015	0.519599	0.006837
39	U	7381	5387609	4714572	0.001566	790	408	5387135	0	0	0	nan	0	0	0	0	0	0	nan	0	0	0	0.001566	0.000018	0.001566	0.000018	0.450518	0.005178
40	G	8965	5388907	4715024	0.001901	790	408	5388398	0	0	0	nan	0	0	0	0	0	0	nan	0	0	0	0.001901	0.000020	0.001901	0.000020	0.866454	0.009116
41	A	111675	5395068	4702577	0.023748	789	408	5394548	0	0	0	nan	0	0	0	0	0	0	nan	0	0	0	0.023748	0.000071	0.023748	0.000071	0.799334	0.002390
42	U	14859	5396690	4679498	0.003175	790	408	5396153	0	0	0	nan	0	0	0	0	0	0	nan	0	0	0	0.003175	0.000026	0.003175	0.000026	0.913406	0.007480
43	U	6727	5400532	4669014	0.001441	789	408	5399933	0	0	0	nan	0	0	0	0	0	0	nan	0	0	0	0.001441	0.000018	0.001441	0.000018	0.414557	0.005178
44	C	89312	5410390	4658008	0.019174	787	408	5409741	0	0	0	nan	0	0	0	0	0	0	nan	0	0	0	0.019174	0.000064	0.019174	0.000064	0.599881	0.002002
45	A	90619	5418995	4698743	0.019286	787	408	5418314	0	0	0	nan	0	0	0	0	0	0	nan	0	0	0	0.019286	0.000064	0.019286	0.000064	0.649147	0.002154
46	G	5852	5423864	4538639	0.001289	785	408	5423173	0	0	0	nan	0	0	0	0	0	0	nan	0	0	0	0.001289	0.000017	0.001289	0.000017	0.587511	0.007748
47	G	10863	5433504	4599634	0.002362	785	408	5432803	0	0	0	nan	0	0	0	0	0	0	nan	0	0	0	0.002362	0.000023	0.002362	0.000023	1.076572	0.010483
48	A	101231	5449517	4431945	0.022841	784	408	5448809	0	0	0	nan	0	0	0	0	0	0	nan	0	0	0	0.022841	0.000072	0.022841	0.000072	0.768805	0.002423
49	G	47317	5453441	4457773	0.010614	783	408	5452741	0	0	0	nan	0	0	0	0	0	0	nan	0	0	0	0.010614	0.000049	0.010614	0.000049	4.837739	0.022334
50	G	6095	5467177	4320329	0.001411	783	408	5466496	0	0	0	nan	0	0	0	0	0	0	nan	0	0	0	0.001411	0.000018	0.001411	0.000018	0.643118	0.008204
51	U	15505	5474883	4460557	0.003476	783	408	5474302	0	0	0	nan	0	0	0	0	0	0	nan	0	0	0	0.003476	0.000028	0.003476	0.000028	1.000000	0.008055
52	U	8799	5495528	4484600	0.001962	783	408	5495048	0	0	0	nan	0	0	0	0	0	0	nan	0	0	0	0.001962	0.000021	0.001962	0.000021	0.564442	0.006041
53	A	71639	5511908	4782310	0.014980	783	408	5511446	0	0	0	nan	0	0	0	0	0	0	nan	0	0	0	0.014980	0.000056	0.014980	0.000056	0.504212	0.001885
54	A	89625	5529646	4853087	0.018468	783	408	5529440	0	0	0	nan	0	0	0	0	0	0	nan	0	0	0	0.018468	0.000062	0.018468	0.000062	0.621614	0.002087
55	U	11547	5532308	4668755	0.002473	782	408	5532147	0	0	0	nan	0	0	0	0	0	0	nan	0	0	0	0.002473	0.000023	0.002473	0.000023	0.711450	0.006617
56	G	9552	5535395	4467804	0.002138	780	408	5535261	0	0	0	nan	0	0	0	0	0	0	nan	0	0	0	0.002138	0.000022	0.002138	0.000022	0.974476	0.010027
57	G	0	5538600	4539755	0.000000	780	408	5538503	0	0	0	nan	0	0	0	0	0	0	nan	0	0	0	0.000000	0.000000	0.000000	0.000000	0.000000	0.000000
58	A	0	5545869	132	0.000000	780	408	5545869	0	0	0	nan	0	0	0	0	0	0	nan	0	0	0	0.000000	0.000000	nan	nan	nan	nan
59	A	0	5545715	104	0.000000	780	408	5545715	0	0	0	nan	0	0	0	0	0	0	nan	0	0	0	0.000000	0.000000	nan	nan	nan	nan
60	G	0	5545586	49	0.000000	780	408	5545586	0	0	0	nan	0	0	0	0	0	0	nan	0	0	0	0.000000	0.000000	nan	nan	nan	nan
61	u	0	5545486	0	nan	780	408	5545486	0	0	0	nan	0	0	0	0	0	0	nan	0	0	0	nan	nan	nan	nan	nan	nan
62	a	0	5545308	0	nan	774	408	5545308	0	0	0	nan	0	0	0	0	0	0	nan	0	0	0	nan	nan	nan	nan	nan	nan
63	a	0	5545215	0	nan	774	408	5545215	0	0	0	nan	0	0	0	0	0	0	nan	0	0	0	nan	nan	nan	nan	nan	nan
64	a	0	5545179	0	nan	773	408	5545179	0	0	0	nan	0	0	0	0	0	0	nan	0	0	0	nan	nan	nan	nan	nan	nan
65	g	0	5545135	0	nan	773	406	5545135	0	0	0	nan	0	0	0	0	0	0	nan	0	0	0	nan	nan	nan	nan	nan	nan
66	g	0	5545106	0	nan	772	406	5545106	0	0	0	nan	0	0	0	0	0	0	nan	0	0	0	nan	nan	nan	nan	nan	nan
67	u	0	5545068	0	nan	770	406	5545068	0	0	0	nan	0	0	0	0	0	0	nan	0	0	0	nan	nan	nan	nan	nan	nan
68	a	0	5545011	0	nan	768	406	5545011	0	0	0	nan	0	0	0	0	0	0	nan	0	0	0	nan	nan	nan	nan	nan	nan
69	a	0	5544988	0	nan	766	405	5544988	0	0	0	nan	0	0	0	0	0	0	nan	0	0	0	nan	nan	nan	nan	nan	nan
70	u	0	5544965	0	nan	765	405	5544965	0	0	0	nan	0	0	0	0	0	0	nan	0	0	0	nan	nan	nan	nan	nan	nan
71	g	0	5544889	0	nan	761	405	5544889	0	0	0	nan	0	0	0	0	0	0	nan	0	0	0	nan	nan	nan	nan	nan	nan
72	a	0	5544809	0	nan	751	405	5544809	0	0	0	nan	0	0	0	0	0	0	nan	0	0	0	nan	nan	nan	nan	nan	nan
73	a	0	5544776	0	nan	751	404	5544776	0	0	0	nan	0	0	0	0	0	0	nan	0	0	0	nan	nan	nan	nan	nan	nan
74	g	0	5544750	0	nan	749	403	5544750	0	0	0	nan	0	0	0	0	0	0	nan	0	0	0	nan	nan	nan	nan	nan	nan
75	g	0	5544703	0	nan	749	403	5544703	0	0	0	nan	0	0	0	0	0	0	nan	0	0	0	nan	nan	nan	nan	nan	nan
76	u	0	5544622	0	nan	745	402	5544622	0	0	0	nan	0	0	0	0	0	0	nan	0	0	0	nan	nan	nan	nan	nan	nan
77	g	0	5544544	0	nan	745	402	5544544	0	0	0	nan	0	0	0	0	0	0	nan	0	0	0	nan	nan	nan	nan	nan	nan
78	a	0	5544423	0	nan	737	402	5544423	0	0	0	nan	0	0	0	0	0	0	nan	0	0	0	nan	nan	nan	nan	nan	nan
79	a	0	5541085	0	nan	725	397	5541085	0	0	0	nan	0	0	0	0	0	0	nan	0	0	0	nan	nan	nan	nan	nan	nan
80	g	0	5538632	0	nan	721	389	5538632	0	0	0	nan	0	0	0	0	0	0	nan	0	0	0	nan	nan	nan	nan	nan	nan