Nucleotide	Sequence	Modified_mutations	Modified_read_depth	Modified_effective_depth	Modified_rate	Modified_off_target_mapped_depth	Modified_low_mapq_mapped_depth	Modified_primer_pair_1_mapped_depth	Untreated_mutations	Untreated_read_depth	Untreated_effective_depth	Untreated_rate	Untreated_off_target_mapped_depth	Untreated_low_mapq_mapped_depth	Untreated_primer_pair_1_mapped_depth	Denatured_mutations	Denatured_read_depth	Denatured_effective_depth	Denatured_rate	Denatured_off_target_mapped_depth	Denatured_low_mapq_mapped_depth	Denatured_primer_pair_1_mapped_depth	Reactivity_profile	Std_err	HQ_profile	HQ_stderr	Norm_profile	Norm_stderr
1	g	0	185041	0	nan	8	0	185041	0	0	0	nan	0	0	0	0	0	0	nan	0	0	0	nan	nan	nan	nan	nan	nan
2	g	0	185392	0	nan	8	0	185392	0	0	0	nan	0	0	0	0	0	0	nan	0	0	0	nan	nan	nan	nan	nan	nan
3	c	0	185505	0	nan	10	0	185505	0	0	0	nan	0	0	0	0	0	0	nan	0	0	0	nan	nan	nan	nan	nan	nan
4	a	0	185520	0	nan	10	0	185520	0	0	0	nan	0	0	0	0	0	0	nan	0	0	0	nan	nan	nan	nan	nan	nan
5	c	0	185563	0	nan	10	0	185563	0	0	0	nan	0	0	0	0	0	0	nan	0	0	0	nan	nan	nan	nan	nan	nan
6	c	0	186987	0	nan	10	0	186987	0	0	0	nan	0	0	0	0	0	0	nan	0	0	0	nan	nan	nan	nan	nan	nan
7	u	0	187073	0	nan	10	0	187073	0	0	0	nan	0	0	0	0	0	0	nan	0	0	0	nan	nan	nan	nan	nan	nan
8	c	0	187083	0	nan	10	0	187083	0	0	0	nan	0	0	0	0	0	0	nan	0	0	0	nan	nan	nan	nan	nan	nan
9	a	0	187088	0	nan	10	0	187088	0	0	0	nan	0	0	0	0	0	0	nan	0	0	0	nan	nan	nan	nan	nan	nan
10	u	0	187089	0	nan	10	0	187089	0	0	0	nan	0	0	0	0	0	0	nan	0	0	0	nan	nan	nan	nan	nan	nan
11	a	0	187093	0	nan	10	0	187093	0	0	0	nan	0	0	0	0	0	0	nan	0	0	0	nan	nan	nan	nan	nan	nan
12	a	0	187101	0	nan	10	0	187101	0	0	0	nan	0	0	0	0	0	0	nan	0	0	0	nan	nan	nan	nan	nan	nan
13	c	0	187105	0	nan	10	0	187105	0	0	0	nan	0	0	0	0	0	0	nan	0	0	0	nan	nan	nan	nan	nan	nan
14	a	0	187108	0	nan	10	0	187108	0	0	0	nan	0	0	0	0	0	0	nan	0	0	0	nan	nan	nan	nan	nan	nan
15	u	0	187109	0	nan	10	0	187109	0	0	0	nan	0	0	0	0	0	0	nan	0	0	0	nan	nan	nan	nan	nan	nan
16	a	0	187112	0	nan	10	0	187112	0	0	0	nan	0	0	0	0	0	0	nan	0	0	0	nan	nan	nan	nan	nan	nan
17	a	0	187114	0	nan	10	0	187114	0	0	0	nan	0	0	0	0	0	0	nan	0	0	0	nan	nan	nan	nan	nan	nan
18	c	0	187116	0	nan	10	0	187116	0	0	0	nan	0	0	0	0	0	0	nan	0	0	0	nan	nan	nan	nan	nan	nan
19	U	0	187119	3	0.000000	10	0	187119	0	0	0	nan	0	0	0	0	0	0	nan	0	0	0	0.000000	0.000000	nan	nan	nan	nan
20	A	0	187124	7	0.000000	10	0	187124	0	0	0	nan	0	0	0	0	0	0	nan	0	0	0	0.000000	0.000000	nan	nan	nan	nan
21	A	0	187126	8	0.000000	10	0	187126	0	0	0	nan	0	0	0	0	0	0	nan	0	0	0	0.000000	0.000000	nan	nan	nan	nan
22	G	0	187131	185047	0.000000	10	0	187131	0	0	0	nan	0	0	0	0	0	0	nan	0	0	0	0.000000	0.000000	0.000000	0.000000	nan	nan
23	G	247	187134	176777	0.001397	10	0	187134	0	0	0	nan	0	0	0	0	0	0	nan	0	0	0	0.001397	0.000089	0.001397	0.000089	nan	nan
24	C	759	187140	184851	0.004106	10	0	187140	0	0	0	nan	0	0	0	0	0	0	nan	0	0	0	0.004106	0.000149	0.004106	0.000149	0.945756	0.034320
25	A	1681	187144	185325	0.009071	10	0	187144	0	0	0	nan	0	0	0	0	0	0	nan	0	0	0	0.009071	0.000221	0.009071	0.000221	0.548561	0.013365
26	G	190	187153	179397	0.001059	10	0	187153	0	0	0	nan	0	0	0	0	0	0	nan	0	0	0	0.001059	0.000077	0.001059	0.000077	nan	nan
27	A	2989	187167	180757	0.016536	10	0	187167	0	0	0	nan	0	0	0	0	0	0	nan	0	0	0	0.016536	0.000302	0.016536	0.000302	1.000000	0.018263
28	U	1109	187170	180583	0.006141	10	0	187170	0	0	0	nan	0	0	0	0	0	0	nan	0	0	0	0.006141	0.000184	0.006141	0.000184	1.185865	0.035532
29	C	5480	187171	185238	0.029584	10	0	187171	0	0	0	nan	0	0	0	0	0	0	nan	0	0	0	0.029584	0.000400	0.029584	0.000400	6.814235	0.092134
30	U	767	187173	185158	0.004142	10	0	187172	0	0	0	nan	0	0	0	0	0	0	nan	0	0	0	0.004142	0.000150	0.004142	0.000150	0.799846	0.028966
31	G	222	187173	183217	0.001212	10	0	187168	0	0	0	nan	0	0	0	0	0	0	nan	0	0	0	0.001212	0.000081	0.001212	0.000081	nan	nan
32	A	2076	187173	184955	0.011224	10	0	187168	0	0	0	nan	0	0	0	0	0	0	nan	0	0	0	0.011224	0.000246	0.011224	0.000246	0.678761	0.014877
33	G	258	187178	178263	0.001447	10	0	187174	0	0	0	nan	0	0	0	0	0	0	nan	0	0	0	0.001447	0.000090	0.001447	0.000090	nan	nan
34	C	469	187180	180238	0.002602	10	0	187176	0	0	0	nan	0	0	0	0	0	0	nan	0	0	0	0.002602	0.000120	0.002602	0.000120	0.599332	0.027640
35	C	761	187185	172184	0.004420	10	0	187175	0	0	0	nan	0	0	0	0	0	0	nan	0	0	0	0.004420	0.000160	0.004420	0.000160	1.018081	0.036854
36	U	732	187196	171746	0.004262	10	0	187182	0	0	0	nan	0	0	0	0	0	0	nan	0	0	0	0.004262	0.000158	0.004262	0.000158	0.823018	0.030511
37	U	1067	187213	175056	0.006095	10	0	187190	0	0	0	nan	0	0	0	0	0	0	nan	0	0	0	0.006095	0.000187	0.006095	0.000187	1.176982	0.036111
38	C	7357	187213	182690	0.040270	10	0	187175	0	0	0	nan	0	0	0	0	0	0	nan	0	0	0	0.040270	0.000470	0.040270	0.000470	9.275596	0.108258
39	G	145	187255	181299	0.000800	10	0	187226	0	0	0	nan	0	0	0	0	0	0	nan	0	0	0	0.000800	0.000066	0.000800	0.000066	nan	nan
40	G	175	187276	181271	0.000965	10	0	187261	0	0	0	nan	0	0	0	0	0	0	nan	0	0	0	0.000965	0.000073	0.000965	0.000073	nan	nan
41	G	230	187278	177958	0.001292	10	0	187265	0	0	0	nan	0	0	0	0	0	0	nan	0	0	0	0.001292	0.000085	0.001292	0.000085	nan	nan
42	A	2094	187277	183802	0.011393	10	0	187266	0	0	0	nan	0	0	0	0	0	0	nan	0	0	0	0.011393	0.000249	0.011393	0.000249	0.688982	0.015058
43	G	286	187278	181285	0.001578	10	0	187269	0	0	0	nan	0	0	0	0	0	0	nan	0	0	0	0.001578	0.000093	0.001578	0.000093	nan	nan
44	C	460	187279	186308	0.002469	10	0	187274	0	0	0	nan	0	0	0	0	0	0	nan	0	0	0	0.002469	0.000115	0.002469	0.000115	0.568697	0.026489
45	U	529	187279	186573	0.002835	10	0	187274	0	0	0	nan	0	0	0	0	0	0	nan	0	0	0	0.002835	0.000123	0.002835	0.000123	0.547456	0.023752
46	C	528	187280	186567	0.002830	10	0	187273	0	0	0	nan	0	0	0	0	0	0	nan	0	0	0	0.002830	0.000123	0.002830	0.000123	0.651848	0.028331
47	U	779	187278	186505	0.004177	10	0	187268	0	0	0	nan	0	0	0	0	0	0	nan	0	0	0	0.004177	0.000150	0.004177	0.000150	0.806604	0.028966
48	C	610	187277	186441	0.003272	10	0	187260	0	0	0	nan	0	0	0	0	0	0	nan	0	0	0	0.003272	0.000132	0.003272	0.000132	0.753657	0.030404
49	U	628	187279	186353	0.003370	10	0	187266	0	0	0	nan	0	0	0	0	0	0	nan	0	0	0	0.003370	0.000134	0.003370	0.000134	0.650768	0.025876
50	G	315	187285	182898	0.001722	10	0	187275	0	0	0	nan	0	0	0	0	0	0	nan	0	0	0	0.001722	0.000097	0.001722	0.000097	nan	nan
51	C	643	187287	185695	0.003463	10	0	187279	0	0	0	nan	0	0	0	0	0	0	nan	0	0	0	0.003463	0.000137	0.003463	0.000137	0.797651	0.031556
52	C	548	187290	184922	0.002963	10	0	187284	0	0	0	nan	0	0	0	0	0	0	nan	0	0	0	0.002963	0.000127	0.002963	0.000127	0.682483	0.029253
53	A	8016	187288	184930	0.043346	10	0	187285	0	0	0	nan	0	0	0	0	0	0	nan	0	0	0	0.043346	0.000484	0.043346	0.000484	2.621311	0.029269
54	A	0	187217	184492	0.000000	10	0	187217	0	0	0	nan	0	0	0	0	0	0	nan	0	0	0	0.000000	0.000000	0.000000	0.000000	0.000000	0.000000
55	U	0	187217	0	nan	6	0	187217	0	0	0	nan	0	0	0	0	0	0	nan	0	0	0	nan	nan	nan	nan	nan	nan
56	C	0	187217	0	nan	6	0	187217	0	0	0	nan	0	0	0	0	0	0	nan	0	0	0	nan	nan	nan	nan	nan	nan
57	C	0	187217	0	nan	6	0	187217	0	0	0	nan	0	0	0	0	0	0	nan	0	0	0	nan	nan	nan	nan	nan	nan
58	a	0	187217	0	nan	6	0	187217	0	0	0	nan	0	0	0	0	0	0	nan	0	0	0	nan	nan	nan	nan	nan	nan
59	c	0	187217	0	nan	6	0	187217	0	0	0	nan	0	0	0	0	0	0	nan	0	0	0	nan	nan	nan	nan	nan	nan
60	u	0	187217	0	nan	6	0	187217	0	0	0	nan	0	0	0	0	0	0	nan	0	0	0	nan	nan	nan	nan	nan	nan
61	a	0	187217	0	nan	6	0	187217	0	0	0	nan	0	0	0	0	0	0	nan	0	0	0	nan	nan	nan	nan	nan	nan
62	a	0	187217	0	nan	6	0	187217	0	0	0	nan	0	0	0	0	0	0	nan	0	0	0	nan	nan	nan	nan	nan	nan
63	c	0	187217	0	nan	0	0	187217	0	0	0	nan	0	0	0	0	0	0	nan	0	0	0	nan	nan	nan	nan	nan	nan
64	c	0	187217	0	nan	0	0	187217	0	0	0	nan	0	0	0	0	0	0	nan	0	0	0	nan	nan	nan	nan	nan	nan
65	u	0	187217	0	nan	0	0	187217	0	0	0	nan	0	0	0	0	0	0	nan	0	0	0	nan	nan	nan	nan	nan	nan
66	c	0	187217	0	nan	0	0	187217	0	0	0	nan	0	0	0	0	0	0	nan	0	0	0	nan	nan	nan	nan	nan	nan
67	a	0	187217	0	nan	0	0	187217	0	0	0	nan	0	0	0	0	0	0	nan	0	0	0	nan	nan	nan	nan	nan	nan
68	c	0	187217	0	nan	0	0	187217	0	0	0	nan	0	0	0	0	0	0	nan	0	0	0	nan	nan	nan	nan	nan	nan
69	u	0	187217	0	nan	0	0	187217	0	0	0	nan	0	0	0	0	0	0	nan	0	0	0	nan	nan	nan	nan	nan	nan
70	c	0	187217	0	nan	0	0	187217	0	0	0	nan	0	0	0	0	0	0	nan	0	0	0	nan	nan	nan	nan	nan	nan
71	a	0	187214	0	nan	0	0	187214	0	0	0	nan	0	0	0	0	0	0	nan	0	0	0	nan	nan	nan	nan	nan	nan
72	c	0	187201	0	nan	0	0	187201	0	0	0	nan	0	0	0	0	0	0	nan	0	0	0	nan	nan	nan	nan	nan	nan
73	a	0	187197	0	nan	0	0	187197	0	0	0	nan	0	0	0	0	0	0	nan	0	0	0	nan	nan	nan	nan	nan	nan
74	a	0	187120	0	nan	0	0	187120	0	0	0	nan	0	0	0	0	0	0	nan	0	0	0	nan	nan	nan	nan	nan	nan
75	u	0	187030	0	nan	0	0	187030	0	0	0	nan	0	0	0	0	0	0	nan	0	0	0	nan	nan	nan	nan	nan	nan
76	c	0	186809	0	nan	0	0	186809	0	0	0	nan	0	0	0	0	0	0	nan	0	0	0	nan	nan	nan	nan	nan	nan