Nucleotide	Sequence	Modified_mutations	Modified_read_depth	Modified_effective_depth	Modified_rate	Modified_off_target_mapped_depth	Modified_low_mapq_mapped_depth	Modified_primer_pair_1_mapped_depth	Untreated_mutations	Untreated_read_depth	Untreated_effective_depth	Untreated_rate	Untreated_off_target_mapped_depth	Untreated_low_mapq_mapped_depth	Untreated_primer_pair_1_mapped_depth	Denatured_mutations	Denatured_read_depth	Denatured_effective_depth	Denatured_rate	Denatured_off_target_mapped_depth	Denatured_low_mapq_mapped_depth	Denatured_primer_pair_1_mapped_depth	Reactivity_profile	Std_err	HQ_profile	HQ_stderr	Norm_profile	Norm_stderr
1	g	0	479648	0	nan	0	11	479648	0	0	0	nan	0	0	0	0	0	0	nan	0	0	0	nan	nan	nan	nan	nan	nan
2	g	0	479894	0	nan	0	11	479894	0	0	0	nan	0	0	0	0	0	0	nan	0	0	0	nan	nan	nan	nan	nan	nan
3	u	0	480041	0	nan	0	11	480041	0	0	0	nan	0	0	0	0	0	0	nan	0	0	0	nan	nan	nan	nan	nan	nan
4	g	0	480084	0	nan	0	11	480084	0	0	0	nan	0	0	0	0	0	0	nan	0	0	0	nan	nan	nan	nan	nan	nan
5	u	0	480137	0	nan	0	11	480137	0	0	0	nan	0	0	0	0	0	0	nan	0	0	0	nan	nan	nan	nan	nan	nan
6	a	0	480147	0	nan	0	11	480147	0	0	0	nan	0	0	0	0	0	0	nan	0	0	0	nan	nan	nan	nan	nan	nan
7	a	0	480184	0	nan	0	11	480184	0	0	0	nan	0	0	0	0	0	0	nan	0	0	0	nan	nan	nan	nan	nan	nan
8	g	0	480253	0	nan	0	11	480253	0	0	0	nan	0	0	0	0	0	0	nan	0	0	0	nan	nan	nan	nan	nan	nan
9	g	0	481131	0	nan	0	11	481131	0	0	0	nan	0	0	0	0	0	0	nan	0	0	0	nan	nan	nan	nan	nan	nan
10	g	0	571091	0	nan	0	11	571091	0	0	0	nan	0	0	0	0	0	0	nan	0	0	0	nan	nan	nan	nan	nan	nan
11	u	0	573045	0	nan	0	11	573045	0	0	0	nan	0	0	0	0	0	0	nan	0	0	0	nan	nan	nan	nan	nan	nan
12	g	0	573611	0	nan	0	11	573611	0	0	0	nan	0	0	0	0	0	0	nan	0	0	0	nan	nan	nan	nan	nan	nan
13	a	0	573661	0	nan	0	11	573661	0	0	0	nan	0	0	0	0	0	0	nan	0	0	0	nan	nan	nan	nan	nan	nan
14	a	0	573669	0	nan	0	11	573669	0	0	0	nan	0	0	0	0	0	0	nan	0	0	0	nan	nan	nan	nan	nan	nan
15	g	0	573673	0	nan	4	11	573673	0	0	0	nan	0	0	0	0	0	0	nan	0	0	0	nan	nan	nan	nan	nan	nan
16	u	0	573697	0	nan	4	11	573697	0	0	0	nan	0	0	0	0	0	0	nan	0	0	0	nan	nan	nan	nan	nan	nan
17	g	0	573727	0	nan	4	11	573727	0	0	0	nan	0	0	0	0	0	0	nan	0	0	0	nan	nan	nan	nan	nan	nan
18	u	0	573827	0	nan	4	11	573827	0	0	0	nan	0	0	0	0	0	0	nan	0	0	0	nan	nan	nan	nan	nan	nan
19	a	0	574002	0	nan	4	11	574002	0	0	0	nan	0	0	0	0	0	0	nan	0	0	0	nan	nan	nan	nan	nan	nan
20	A	0	574310	286	0.000000	4	11	574310	0	0	0	nan	0	0	0	0	0	0	nan	0	0	0	0.000000	0.000000	nan	nan	nan	nan
21	G	0	574638	588	0.000000	4	11	574638	0	0	0	nan	0	0	0	0	0	0	nan	0	0	0	0.000000	0.000000	nan	nan	nan	nan
22	G	0	574923	846	0.000000	4	11	574923	0	0	0	nan	0	0	0	0	0	0	nan	0	0	0	0.000000	0.000000	nan	nan	nan	nan
23	U	0	574966	573345	0.000000	4	11	574966	0	0	0	nan	0	0	0	0	0	0	nan	0	0	0	0.000000	0.000000	0.000000	0.000000	nan	nan
24	U	692	574974	573164	0.001207	4	11	574974	0	0	0	nan	0	0	0	0	0	0	nan	0	0	0	0.001207	0.000046	0.001207	0.000046	nan	nan
25	G	487	574980	571000	0.000853	4	11	574980	0	0	0	nan	0	0	0	0	0	0	nan	0	0	0	0.000853	0.000039	0.000853	0.000039	nan	nan
26	A	22290	574983	567338	0.039289	4	11	574983	0	0	0	nan	0	0	0	0	0	0	nan	0	0	0	0.039289	0.000263	0.039289	0.000263	1.064750	0.007127
27	A	21910	574983	566509	0.038675	4	11	574983	0	0	0	nan	0	0	0	0	0	0	nan	0	0	0	0.038675	0.000261	0.038675	0.000261	1.048110	0.007073
28	C	21260	574985	562551	0.037792	4	11	574984	0	0	0	nan	0	0	0	0	0	0	nan	0	0	0	0.037792	0.000259	0.037792	0.000259	0.935434	0.006411
29	U	530	574994	570098	0.000930	4	11	574992	0	0	0	nan	0	0	0	0	0	0	nan	0	0	0	0.000930	0.000040	0.000930	0.000040	nan	nan
30	U	665	575005	570901	0.001165	4	11	575002	0	0	0	nan	0	0	0	0	0	0	nan	0	0	0	0.001165	0.000045	0.001165	0.000045	nan	nan
31	U	918	575024	571519	0.001606	5	11	575019	0	0	0	nan	0	0	0	0	0	0	nan	0	0	0	0.001606	0.000053	0.001606	0.000053	nan	nan
32	U	719	575057	571943	0.001257	5	11	575052	0	0	0	nan	0	0	0	0	0	0	nan	0	0	0	0.001257	0.000047	0.001257	0.000047	nan	nan
33	G	297	575149	569676	0.000521	5	11	575140	0	0	0	nan	0	0	0	0	0	0	nan	0	0	0	0.000521	0.000030	0.000521	0.000030	nan	nan
34	A	21093	575200	570782	0.036955	5	11	575190	0	0	0	nan	0	0	0	0	0	0	nan	0	0	0	0.036955	0.000254	0.036955	0.000254	1.001497	0.006884
35	A	17200	575209	570044	0.030173	5	11	575199	0	0	0	nan	0	0	0	0	0	0	nan	0	0	0	0.030173	0.000230	0.030173	0.000230	0.817702	0.006233
36	U	580	575212	569684	0.001018	5	11	575201	0	0	0	nan	0	0	0	0	0	0	nan	0	0	0	0.001018	0.000042	0.001018	0.000042	nan	nan
37	A	19689	575213	569869	0.034550	5	11	575200	0	0	0	nan	0	0	0	0	0	0	nan	0	0	0	0.034550	0.000246	0.034550	0.000246	0.936321	0.006667
38	G	568	575221	567158	0.001001	5	13	575210	0	0	0	nan	0	0	0	0	0	0	nan	0	0	0	0.001001	0.000042	0.001001	0.000042	nan	nan
39	U	729	575225	571400	0.001276	5	13	575211	0	0	0	nan	0	0	0	0	0	0	nan	0	0	0	0.001276	0.000047	0.001276	0.000047	nan	nan
40	G	678	575239	569026	0.001192	5	13	575224	0	0	0	nan	0	0	0	0	0	0	nan	0	0	0	0.001192	0.000046	0.001192	0.000046	nan	nan
41	A	20783	575244	569755	0.036477	5	13	575230	0	0	0	nan	0	0	0	0	0	0	nan	0	0	0	0.036477	0.000253	0.036477	0.000253	0.988543	0.006856
42	U	884	575269	569346	0.001553	5	13	575260	0	0	0	nan	0	0	0	0	0	0	nan	0	0	0	0.001553	0.000052	0.001553	0.000052	nan	nan
43	U	770	575283	569540	0.001352	5	13	575276	0	0	0	nan	0	0	0	0	0	0	nan	0	0	0	0.001352	0.000049	0.001352	0.000049	nan	nan
44	C	23411	575302	567264	0.041270	5	13	575295	0	0	0	nan	0	0	0	0	0	0	nan	0	0	0	0.041270	0.000270	0.041270	0.000270	1.021522	0.006683
45	A	20258	575318	567641	0.035688	5	13	575311	0	0	0	nan	0	0	0	0	0	0	nan	0	0	0	0.035688	0.000251	0.035688	0.000251	0.967161	0.006802
46	G	644	575353	567667	0.001134	5	13	575347	0	0	0	nan	0	0	0	0	0	0	nan	0	0	0	0.001134	0.000045	0.001134	0.000045	nan	nan
47	G	644	575362	568132	0.001134	5	13	575356	0	0	0	nan	0	0	0	0	0	0	nan	0	0	0	0.001134	0.000045	0.001134	0.000045	nan	nan
48	A	20934	575363	569886	0.036734	5	13	575355	0	0	0	nan	0	0	0	0	0	0	nan	0	0	0	0.036734	0.000254	0.036734	0.000254	0.995508	0.006884
49	G	648	575394	568960	0.001139	5	13	575391	0	0	0	nan	0	0	0	0	0	0	nan	0	0	0	0.001139	0.000045	0.001139	0.000045	nan	nan
50	G	628	575405	569675	0.001102	5	13	575404	0	0	0	nan	0	0	0	0	0	0	nan	0	0	0	0.001102	0.000044	0.001102	0.000044	nan	nan
51	U	729	575410	571361	0.001276	5	13	575407	0	0	0	nan	0	0	0	0	0	0	nan	0	0	0	0.001276	0.000047	0.001276	0.000047	nan	nan
52	U	808	575410	569940	0.001418	5	13	575404	0	0	0	nan	0	0	0	0	0	0	nan	0	0	0	0.001418	0.000050	0.001418	0.000050	nan	nan
53	A	19916	575406	568959	0.035004	5	13	575397	0	0	0	nan	0	0	0	0	0	0	nan	0	0	0	0.035004	0.000248	0.035004	0.000248	0.948624	0.006721
54	A	16956	575278	569998	0.029747	5	13	575264	0	0	0	nan	0	0	0	0	0	0	nan	0	0	0	0.029747	0.000228	0.029747	0.000228	0.806157	0.006179
55	U	918	575276	571060	0.001608	5	13	575265	0	0	0	nan	0	0	0	0	0	0	nan	0	0	0	0.001608	0.000053	0.001608	0.000053	nan	nan
56	G	750	575283	572077	0.001311	5	13	575278	0	0	0	nan	0	0	0	0	0	0	nan	0	0	0	0.001311	0.000048	0.001311	0.000048	nan	nan
57	G	0	575284	573074	0.000000	5	13	575283	0	0	0	nan	0	0	0	0	0	0	nan	0	0	0	0.000000	0.000000	0.000000	0.000000	nan	nan
58	A	0	575286	0	nan	5	13	575286	0	0	0	nan	0	0	0	0	0	0	nan	0	0	0	nan	nan	nan	nan	nan	nan
59	A	0	575286	0	nan	5	13	575286	0	0	0	nan	0	0	0	0	0	0	nan	0	0	0	nan	nan	nan	nan	nan	nan
60	G	0	575286	0	nan	5	13	575286	0	0	0	nan	0	0	0	0	0	0	nan	0	0	0	nan	nan	nan	nan	nan	nan
61	u	0	575286	0	nan	5	13	575286	0	0	0	nan	0	0	0	0	0	0	nan	0	0	0	nan	nan	nan	nan	nan	nan
62	a	0	575286	0	nan	5	13	575286	0	0	0	nan	0	0	0	0	0	0	nan	0	0	0	nan	nan	nan	nan	nan	nan
63	a	0	575286	0	nan	5	13	575286	0	0	0	nan	0	0	0	0	0	0	nan	0	0	0	nan	nan	nan	nan	nan	nan
64	a	0	575286	0	nan	5	13	575286	0	0	0	nan	0	0	0	0	0	0	nan	0	0	0	nan	nan	nan	nan	nan	nan
65	g	0	575286	0	nan	5	13	575286	0	0	0	nan	0	0	0	0	0	0	nan	0	0	0	nan	nan	nan	nan	nan	nan
66	g	0	575286	0	nan	5	13	575286	0	0	0	nan	0	0	0	0	0	0	nan	0	0	0	nan	nan	nan	nan	nan	nan
67	u	0	575286	0	nan	5	13	575286	0	0	0	nan	0	0	0	0	0	0	nan	0	0	0	nan	nan	nan	nan	nan	nan
68	a	0	575286	0	nan	5	13	575286	0	0	0	nan	0	0	0	0	0	0	nan	0	0	0	nan	nan	nan	nan	nan	nan
69	a	0	575286	0	nan	5	13	575286	0	0	0	nan	0	0	0	0	0	0	nan	0	0	0	nan	nan	nan	nan	nan	nan
70	u	0	575286	0	nan	5	13	575286	0	0	0	nan	0	0	0	0	0	0	nan	0	0	0	nan	nan	nan	nan	nan	nan
71	g	0	575286	0	nan	5	13	575286	0	0	0	nan	0	0	0	0	0	0	nan	0	0	0	nan	nan	nan	nan	nan	nan
72	a	0	575286	0	nan	5	13	575286	0	0	0	nan	0	0	0	0	0	0	nan	0	0	0	nan	nan	nan	nan	nan	nan
73	a	0	575286	0	nan	5	13	575286	0	0	0	nan	0	0	0	0	0	0	nan	0	0	0	nan	nan	nan	nan	nan	nan
74	g	0	575286	0	nan	5	13	575286	0	0	0	nan	0	0	0	0	0	0	nan	0	0	0	nan	nan	nan	nan	nan	nan
75	g	0	575281	0	nan	5	13	575281	0	0	0	nan	0	0	0	0	0	0	nan	0	0	0	nan	nan	nan	nan	nan	nan
76	u	0	575265	0	nan	5	13	575265	0	0	0	nan	0	0	0	0	0	0	nan	0	0	0	nan	nan	nan	nan	nan	nan
77	g	0	575257	0	nan	5	13	575257	0	0	0	nan	0	0	0	0	0	0	nan	0	0	0	nan	nan	nan	nan	nan	nan
78	a	0	575249	0	nan	5	13	575249	0	0	0	nan	0	0	0	0	0	0	nan	0	0	0	nan	nan	nan	nan	nan	nan
79	a	0	575137	0	nan	5	13	575137	0	0	0	nan	0	0	0	0	0	0	nan	0	0	0	nan	nan	nan	nan	nan	nan
80	g	0	574820	0	nan	5	13	574820	0	0	0	nan	0	0	0	0	0	0	nan	0	0	0	nan	nan	nan	nan	nan	nan