Nucleotide	Sequence	Modified_mutations	Modified_read_depth	Modified_effective_depth	Modified_rate	Modified_off_target_mapped_depth	Modified_low_mapq_mapped_depth	Modified_primer_pair_1_mapped_depth	Untreated_mutations	Untreated_read_depth	Untreated_effective_depth	Untreated_rate	Untreated_off_target_mapped_depth	Untreated_low_mapq_mapped_depth	Untreated_primer_pair_1_mapped_depth	Denatured_mutations	Denatured_read_depth	Denatured_effective_depth	Denatured_rate	Denatured_off_target_mapped_depth	Denatured_low_mapq_mapped_depth	Denatured_primer_pair_1_mapped_depth	Reactivity_profile	Std_err	HQ_profile	HQ_stderr	Norm_profile	Norm_stderr
1	g	0	23783	0	nan	553	0	23783	0	0	0	nan	0	0	0	0	0	0	nan	0	0	0	nan	nan	nan	nan	nan	nan
2	g	0	23802	0	nan	553	0	23802	0	0	0	nan	0	0	0	0	0	0	nan	0	0	0	nan	nan	nan	nan	nan	nan
3	a	0	23824	0	nan	553	0	23824	0	0	0	nan	0	0	0	0	0	0	nan	0	0	0	nan	nan	nan	nan	nan	nan
4	u	0	23831	0	nan	553	0	23831	0	0	0	nan	0	0	0	0	0	0	nan	0	0	0	nan	nan	nan	nan	nan	nan
5	a	0	23831	0	nan	553	0	23831	0	0	0	nan	0	0	0	0	0	0	nan	0	0	0	nan	nan	nan	nan	nan	nan
6	a	0	23831	0	nan	553	0	23831	0	0	0	nan	0	0	0	0	0	0	nan	0	0	0	nan	nan	nan	nan	nan	nan
7	u	0	23831	0	nan	553	0	23831	0	0	0	nan	0	0	0	0	0	0	nan	0	0	0	nan	nan	nan	nan	nan	nan
8	c	0	23831	0	nan	553	0	23831	0	0	0	nan	0	0	0	0	0	0	nan	0	0	0	nan	nan	nan	nan	nan	nan
9	c	0	23831	0	nan	553	0	23831	0	0	0	nan	0	0	0	0	0	0	nan	0	0	0	nan	nan	nan	nan	nan	nan
10	a	0	23831	0	nan	553	0	23831	0	0	0	nan	0	0	0	0	0	0	nan	0	0	0	nan	nan	nan	nan	nan	nan
11	a	0	23831	0	nan	553	0	23831	0	0	0	nan	0	0	0	0	0	0	nan	0	0	0	nan	nan	nan	nan	nan	nan
12	a	0	23831	0	nan	553	0	23831	0	0	0	nan	0	0	0	0	0	0	nan	0	0	0	nan	nan	nan	nan	nan	nan
13	a	0	23831	0	nan	553	0	23831	0	0	0	nan	0	0	0	0	0	0	nan	0	0	0	nan	nan	nan	nan	nan	nan
14	c	0	23831	0	nan	553	0	23831	0	0	0	nan	0	0	0	0	0	0	nan	0	0	0	nan	nan	nan	nan	nan	nan
15	a	0	23831	0	nan	553	0	23831	0	0	0	nan	0	0	0	0	0	0	nan	0	0	0	nan	nan	nan	nan	nan	nan
16	a	0	23831	0	nan	553	0	23831	0	0	0	nan	0	0	0	0	0	0	nan	0	0	0	nan	nan	nan	nan	nan	nan
17	c	0	23831	0	nan	553	0	23831	0	0	0	nan	0	0	0	0	0	0	nan	0	0	0	nan	nan	nan	nan	nan	nan
18	a	0	23831	0	nan	553	0	23831	0	0	0	nan	0	0	0	0	0	0	nan	0	0	0	nan	nan	nan	nan	nan	nan
19	a	0	23831	0	nan	553	0	23831	0	0	0	nan	0	0	0	0	0	0	nan	0	0	0	nan	nan	nan	nan	nan	nan
20	c	0	23831	0	nan	553	0	23831	0	0	0	nan	0	0	0	0	0	0	nan	0	0	0	nan	nan	nan	nan	nan	nan
21	c	0	23831	0	nan	553	0	23831	0	0	0	nan	0	0	0	0	0	0	nan	0	0	0	nan	nan	nan	nan	nan	nan
22	A	0	23831	0	nan	553	0	23831	0	0	0	nan	0	0	0	0	0	0	nan	0	0	0	nan	nan	nan	nan	nan	nan
23	A	0	23831	0	nan	553	0	23831	0	0	0	nan	0	0	0	0	0	0	nan	0	0	0	nan	nan	nan	nan	nan	nan
24	A	0	23831	0	nan	553	0	23831	0	0	0	nan	0	0	0	0	0	0	nan	0	0	0	nan	nan	nan	nan	nan	nan
25	G	0	23831	20982	0.000000	553	0	23831	0	0	0	nan	0	0	0	0	0	0	nan	0	0	0	0.000000	0.000000	0.000000	0.000000	nan	nan
26	G	26	23831	18658	0.001394	553	0	23828	0	0	0	nan	0	0	0	0	0	0	nan	0	0	0	0.001394	0.000273	0.001394	0.000273	nan	nan
27	A	499	23831	18471	0.027015	553	0	23828	0	0	0	nan	0	0	0	0	0	0	nan	0	0	0	0.027015	0.001209	0.027015	0.001209	0.581239	0.026012
28	A	362	23831	17998	0.020113	553	0	23828	0	0	0	nan	0	0	0	0	0	0	nan	0	0	0	0.020113	0.001057	0.020113	0.001057	0.432739	0.022742
29	U	72	23831	21365	0.003370	553	0	23827	0	0	0	nan	0	0	0	0	0	0	nan	0	0	0	0.003370	0.000397	0.003370	0.000397	0.508219	0.059870
30	U	37	23831	21640	0.001710	553	0	23823	0	0	0	nan	0	0	0	0	0	0	nan	0	0	0	0.001710	0.000281	0.001710	0.000281	0.257880	0.042377
31	G	20	23831	22105	0.000905	553	0	23817	0	0	0	nan	0	0	0	0	0	0	nan	0	0	0	0.000905	0.000202	0.000905	0.000202	nan	nan
32	C	51	23831	22451	0.002272	553	0	23817	0	0	0	nan	0	0	0	0	0	0	nan	0	0	0	0.002272	0.000318	0.002272	0.000318	0.063854	0.008937
33	G	31	23831	22145	0.001400	553	0	23813	0	0	0	nan	0	0	0	0	0	0	nan	0	0	0	0.001400	0.000251	0.001400	0.000251	nan	nan
34	G	16	23831	22430	0.000713	553	0	23810	0	0	0	nan	0	0	0	0	0	0	nan	0	0	0	0.000713	0.000178	0.000713	0.000178	nan	nan
35	G	11	23830	19954	0.000551	553	0	23806	0	0	0	nan	0	0	0	0	0	0	nan	0	0	0	0.000551	0.000166	0.000551	0.000166	nan	nan
36	A	75	23830	18839	0.003981	553	0	23802	0	0	0	nan	0	0	0	0	0	0	nan	0	0	0	0.003981	0.000460	0.003981	0.000460	0.085653	0.009897
37	A	726	23830	17981	0.040376	553	0	23798	0	0	0	nan	0	0	0	0	0	0	nan	0	0	0	0.040376	0.001498	0.040376	0.001498	0.868706	0.032230
38	A	745	23830	20118	0.037032	553	0	23797	0	0	0	nan	0	0	0	0	0	0	nan	0	0	0	0.037032	0.001357	0.037032	0.001357	0.796758	0.029196
39	G	24	23830	21320	0.001126	553	0	23797	0	0	0	nan	0	0	0	0	0	0	nan	0	0	0	0.001126	0.000230	0.001126	0.000230	nan	nan
40	G	7	23830	21984	0.000318	553	0	23795	0	0	0	nan	0	0	0	0	0	0	nan	0	0	0	0.000318	0.000120	0.000318	0.000120	nan	nan
41	G	18	23830	21879	0.000823	553	0	23793	0	0	0	nan	0	0	0	0	0	0	nan	0	0	0	0.000823	0.000194	0.000823	0.000194	nan	nan
42	G	11	23830	22198	0.000496	553	0	23791	0	0	0	nan	0	0	0	0	0	0	nan	0	0	0	0.000496	0.000149	0.000496	0.000149	nan	nan
43	U	35	23830	22376	0.001564	553	0	23787	0	0	0	nan	0	0	0	0	0	0	nan	0	0	0	0.001564	0.000264	0.001564	0.000264	0.235862	0.039813
44	C	40	23830	20662	0.001936	553	0	23780	0	0	0	nan	0	0	0	0	0	0	nan	0	0	0	0.001936	0.000306	0.001936	0.000306	0.054411	0.008600
45	A	458	23830	19265	0.023774	553	0	23771	0	0	0	nan	0	0	0	0	0	0	nan	0	0	0	0.023774	0.001111	0.023774	0.001111	0.511507	0.023904
46	A	62	23830	19376	0.003200	553	0	23770	0	0	0	nan	0	0	0	0	0	0	nan	0	0	0	0.003200	0.000406	0.003200	0.000406	0.068849	0.008735
47	C	151	23830	20575	0.007339	553	0	23769	0	0	0	nan	0	0	0	0	0	0	nan	0	0	0	0.007339	0.000597	0.007339	0.000597	0.206262	0.016779
48	A	631	23830	21929	0.028775	553	0	23765	0	0	0	nan	0	0	0	0	0	0	nan	0	0	0	0.028775	0.001146	0.028775	0.001146	0.619106	0.024657
49	G	29	23830	21862	0.001327	553	0	23763	0	0	0	nan	0	0	0	0	0	0	nan	0	0	0	0.001327	0.000246	0.001327	0.000246	nan	nan
50	C	38	23829	21142	0.001797	553	0	23761	0	0	0	nan	0	0	0	0	0	0	nan	0	0	0	0.001797	0.000292	0.001797	0.000292	0.050504	0.008207
51	C	49	23829	21105	0.002322	553	0	23759	0	0	0	nan	0	0	0	0	0	0	nan	0	0	0	0.002322	0.000332	0.002322	0.000332	0.065260	0.009331
52	G	12	23829	20264	0.000592	553	0	23755	0	0	0	nan	0	0	0	0	0	0	nan	0	0	0	0.000592	0.000171	0.000592	0.000171	nan	nan
53	U	129	23829	21173	0.006093	553	0	23754	0	0	0	nan	0	0	0	0	0	0	nan	0	0	0	0.006093	0.000536	0.006093	0.000536	0.918866	0.080832
54	U	45	23829	20935	0.002150	553	0	23749	0	0	0	nan	0	0	0	0	0	0	nan	0	0	0	0.002150	0.000320	0.002150	0.000320	0.324235	0.048258
55	C	65	23829	21979	0.002957	553	0	23749	0	0	0	nan	0	0	0	0	0	0	nan	0	0	0	0.002957	0.000367	0.002957	0.000367	0.083106	0.010314
56	A	39	23829	22118	0.001763	553	0	23746	0	0	0	nan	0	0	0	0	0	0	nan	0	0	0	0.001763	0.000282	0.001763	0.000282	0.037932	0.006067
57	G	29	23829	22429	0.001293	553	0	23745	0	0	0	nan	0	0	0	0	0	0	nan	0	0	0	0.001293	0.000240	0.001293	0.000240	nan	nan
58	U	20	23829	22177	0.000902	553	0	23745	0	0	0	nan	0	0	0	0	0	0	nan	0	0	0	0.000902	0.000202	0.000902	0.000202	0.136028	0.030463
59	A	16	23829	21993	0.000728	557	0	23744	0	0	0	nan	0	0	0	0	0	0	nan	0	0	0	0.000728	0.000182	0.000728	0.000182	0.015663	0.003916
60	C	20	23829	22110	0.000905	557	0	23744	0	0	0	nan	0	0	0	0	0	0	nan	0	0	0	0.000905	0.000202	0.000905	0.000202	0.025435	0.005677
61	C	17	23829	22194	0.000766	557	0	23743	0	0	0	nan	0	0	0	0	0	0	nan	0	0	0	0.000766	0.000186	0.000766	0.000186	0.021528	0.005228
62	A	1266	23829	21777	0.058135	557	0	23740	0	0	0	nan	0	0	0	0	0	0	nan	0	0	0	0.058135	0.001634	0.058135	0.001634	1.250798	0.035156
63	A	727	23830	21747	0.033430	557	0	23738	0	0	0	nan	0	0	0	0	0	0	nan	0	0	0	0.033430	0.001240	0.033430	0.001240	0.719260	0.026679
64	G	24	23830	22074	0.001087	557	0	23735	0	0	0	nan	0	0	0	0	0	0	nan	0	0	0	0.001087	0.000222	0.001087	0.000222	nan	nan
65	U	28	23830	20310	0.001379	557	0	23734	0	0	0	nan	0	0	0	0	0	0	nan	0	0	0	0.001379	0.000261	0.001379	0.000261	0.207963	0.039361
66	C	30	23829	20372	0.001473	557	0	23727	0	0	0	nan	0	0	0	0	0	0	nan	0	0	0	0.001473	0.000269	0.001473	0.000269	0.041398	0.007560
67	U	11	23829	14682	0.000749	557	0	23725	0	0	0	nan	0	0	0	0	0	0	nan	0	0	0	0.000749	0.000226	0.000749	0.000226	0.112954	0.034082
68	C	29	23829	15263	0.001900	557	0	23721	0	0	0	nan	0	0	0	0	0	0	nan	0	0	0	0.001900	0.000353	0.001900	0.000353	0.053399	0.009921
69	A	35	23829	15149	0.002310	557	0	23715	0	0	0	nan	0	0	0	0	0	0	nan	0	0	0	0.002310	0.000391	0.002310	0.000391	0.049701	0.008413
70	G	6	23829	21199	0.000283	557	0	23712	0	0	0	nan	0	0	0	0	0	0	nan	0	0	0	0.000283	0.000116	0.000283	0.000116	nan	nan
71	G	18	23829	22246	0.000809	557	0	23712	0	0	0	nan	0	0	0	0	0	0	nan	0	0	0	0.000809	0.000191	0.000809	0.000191	nan	nan
72	G	26	23829	22410	0.001160	557	0	23710	0	0	0	nan	0	0	0	0	0	0	nan	0	0	0	0.001160	0.000228	0.001160	0.000228	nan	nan
73	G	12	23829	22233	0.000540	557	0	23709	0	0	0	nan	0	0	0	0	0	0	nan	0	0	0	0.000540	0.000156	0.000540	0.000156	nan	nan
74	A	111	23829	21709	0.005113	557	0	23704	0	0	0	nan	0	0	0	0	0	0	nan	0	0	0	0.005113	0.000485	0.005113	0.000485	0.110008	0.010435
75	A	63	23829	21339	0.002952	557	0	23701	0	0	0	nan	0	0	0	0	0	0	nan	0	0	0	0.002952	0.000372	0.002952	0.000372	0.063513	0.008004
76	A	63	23829	21054	0.002992	557	0	23699	0	0	0	nan	0	0	0	0	0	0	nan	0	0	0	0.002992	0.000377	0.002992	0.000377	0.064374	0.008111
77	C	32	23829	21332	0.001500	557	0	23698	0	0	0	nan	0	0	0	0	0	0	nan	0	0	0	0.001500	0.000265	0.001500	0.000265	0.042157	0.007448
78	U	34	23829	20646	0.001647	557	0	23697	0	0	0	nan	0	0	0	0	0	0	nan	0	0	0	0.001647	0.000282	0.001647	0.000282	0.248379	0.042528
79	U	45	23829	21063	0.002136	557	0	23696	0	0	0	nan	0	0	0	0	0	0	nan	0	0	0	0.002136	0.000318	0.002136	0.000318	0.322123	0.047957
80	U	19	23829	21304	0.000892	557	0	23691	0	0	0	nan	0	0	0	0	0	0	nan	0	0	0	0.000892	0.000205	0.000892	0.000205	0.134520	0.030915
81	G	4	23826	21182	0.000189	557	0	23677	0	0	0	nan	0	0	0	0	0	0	nan	0	0	0	0.000189	0.000094	0.000189	0.000094	nan	nan
82	A	64	23826	21208	0.003018	557	0	23669	0	0	0	nan	0	0	0	0	0	0	nan	0	0	0	0.003018	0.000377	0.003018	0.000377	0.064933	0.008111
83	G	8	23826	20629	0.000388	557	0	23667	0	0	0	nan	0	0	0	0	0	0	nan	0	0	0	0.000388	0.000137	0.000388	0.000137	nan	nan
84	A	69	23826	21851	0.003158	557	0	23663	0	0	0	nan	0	0	0	0	0	0	nan	0	0	0	0.003158	0.000380	0.003158	0.000380	0.067946	0.008176
85	U	7	23826	21960	0.000319	557	0	23662	0	0	0	nan	0	0	0	0	0	0	nan	0	0	0	0.000319	0.000120	0.000319	0.000120	0.048107	0.018097
86	G	10	23827	22610	0.000442	557	0	23661	0	0	0	nan	0	0	0	0	0	0	nan	0	0	0	0.000442	0.000140	0.000442	0.000140	nan	nan
87	G	14	23827	22179	0.000631	557	0	23658	0	0	0	nan	0	0	0	0	0	0	nan	0	0	0	0.000631	0.000169	0.000631	0.000169	nan	nan
88	C	7	23827	11657	0.000600	557	0	23654	0	0	0	nan	0	0	0	0	0	0	nan	0	0	0	0.000600	0.000227	0.000600	0.000227	0.016863	0.006380
89	C	295	23827	11462	0.025737	557	0	23651	0	0	0	nan	0	0	0	0	0	0	nan	0	0	0	0.025737	0.001498	0.025737	0.001498	0.723335	0.042101
90	U	11	23828	11530	0.000954	557	0	23652	0	0	0	nan	0	0	0	0	0	0	nan	0	0	0	0.000954	0.000288	0.000954	0.000288	0.143870	0.043432
91	U	35	23828	21497	0.001628	557	0	23651	0	0	0	nan	0	0	0	0	0	0	nan	0	0	0	0.001628	0.000275	0.001628	0.000275	0.245513	0.041472
92	G	19	23828	21083	0.000901	557	0	23649	0	0	0	nan	0	0	0	0	0	0	nan	0	0	0	0.000901	0.000207	0.000901	0.000207	nan	nan
93	C	1531	23829	20520	0.074610	557	0	23646	0	0	0	nan	0	0	0	0	0	0	nan	0	0	0	0.074610	0.001907	0.074610	0.001907	2.096906	0.053596
94	A	659	23830	18955	0.034767	557	0	23645	0	0	0	nan	0	0	0	0	0	0	nan	0	0	0	0.034767	0.001354	0.034767	0.001354	0.748026	0.029132
95	A	683	23839	19626	0.034801	557	0	23655	0	0	0	nan	0	0	0	0	0	0	nan	0	0	0	0.034801	0.001332	0.034801	0.001332	0.748757	0.028659
96	A	664	24042	21142	0.031407	558	0	23973	0	0	0	nan	0	0	0	0	0	0	nan	0	0	0	0.031407	0.001219	0.031407	0.001219	0.675734	0.026227
97	G	17	24079	23571	0.000721	558	0	24028	0	0	0	nan	0	0	0	0	0	0	nan	0	0	0	0.000721	0.000175	0.000721	0.000175	nan	nan
98	G	13	24081	23753	0.000547	558	0	24032	0	0	0	nan	0	0	0	0	0	0	nan	0	0	0	0.000547	0.000152	0.000547	0.000152	nan	nan
99	G	24	24081	23691	0.001013	558	0	24032	0	0	0	nan	0	0	0	0	0	0	nan	0	0	0	0.001013	0.000207	0.001013	0.000207	nan	nan
100	U	33	24081	23742	0.001390	558	0	24032	0	0	0	nan	0	0	0	0	0	0	nan	0	0	0	0.001390	0.000242	0.001390	0.000242	0.209621	0.036495
101	A	444	24081	23713	0.018724	558	0	24032	0	0	0	nan	0	0	0	0	0	0	nan	0	0	0	0.018724	0.000889	0.018724	0.000889	0.402854	0.019127
102	U	168	24080	23773	0.007067	558	0	24031	0	0	0	nan	0	0	0	0	0	0	nan	0	0	0	0.007067	0.000545	0.007067	0.000545	1.065752	0.082190
103	G	16	24080	23584	0.000678	558	0	24031	0	0	0	nan	0	0	0	0	0	0	nan	0	0	0	0.000678	0.000170	0.000678	0.000170	nan	nan
104	G	9	24080	23589	0.000382	558	0	24032	0	0	0	nan	0	0	0	0	0	0	nan	0	0	0	0.000382	0.000127	0.000382	0.000127	nan	nan
105	U	37	24078	23601	0.001568	558	0	24029	0	0	0	nan	0	0	0	0	0	0	nan	0	0	0	0.001568	0.000258	0.001568	0.000258	0.236465	0.038908
106	A	419	24079	23790	0.017612	558	0	24030	0	0	0	nan	0	0	0	0	0	0	nan	0	0	0	0.017612	0.000860	0.017612	0.000860	0.378929	0.018503
107	A	60	24079	23734	0.002528	558	0	24029	0	0	0	nan	0	0	0	0	0	0	nan	0	0	0	0.002528	0.000326	0.002528	0.000326	0.054391	0.007014
108	U	101	24079	23696	0.004262	558	0	24030	0	0	0	nan	0	0	0	0	0	0	nan	0	0	0	0.004262	0.000424	0.004262	0.000424	0.642739	0.063942
109	A	21	24079	23676	0.000887	558	0	24030	0	0	0	nan	0	0	0	0	0	0	nan	0	0	0	0.000887	0.000194	0.000887	0.000194	0.019084	0.004174
110	A	281	24080	23701	0.011856	558	0	24031	0	0	0	nan	0	0	0	0	0	0	nan	0	0	0	0.011856	0.000707	0.011856	0.000707	0.255087	0.015211
111	G	24	24080	23687	0.001013	558	0	24031	0	0	0	nan	0	0	0	0	0	0	nan	0	0	0	0.001013	0.000207	0.001013	0.000207	nan	nan
112	C	32	24080	23786	0.001345	558	0	24031	0	0	0	nan	0	0	0	0	0	0	nan	0	0	0	0.001345	0.000238	0.001345	0.000238	0.037801	0.006689
113	U	40	24079	23775	0.001682	558	0	24030	0	0	0	nan	0	0	0	0	0	0	nan	0	0	0	0.001682	0.000266	0.001682	0.000266	0.253657	0.040115
114	G	11	24078	23698	0.000464	558	0	24028	0	0	0	nan	0	0	0	0	0	0	nan	0	0	0	0.000464	0.000140	0.000464	0.000140	nan	nan
115	A	94	24078	23741	0.003959	558	0	24028	0	0	0	nan	0	0	0	0	0	0	nan	0	0	0	0.003959	0.000408	0.003959	0.000408	0.085179	0.008778
116	C	47	24079	23773	0.001977	558	0	24029	0	0	0	nan	0	0	0	0	0	0	nan	0	0	0	0.001977	0.000288	0.001977	0.000288	0.055563	0.008094
117	G	15	24079	23687	0.000633	558	0	24028	0	0	0	nan	0	0	0	0	0	0	nan	0	0	0	0.000633	0.000164	0.000633	0.000164	nan	nan
118	G	18	24079	23699	0.000760	558	0	24028	0	0	0	nan	0	0	0	0	0	0	nan	0	0	0	0.000760	0.000179	0.000760	0.000179	nan	nan
119	A	86	24079	23690	0.003630	558	0	24028	0	0	0	nan	0	0	0	0	0	0	nan	0	0	0	0.003630	0.000391	0.003630	0.000391	0.078101	0.008413
120	C	51	24079	23781	0.002145	558	0	24028	0	0	0	nan	0	0	0	0	0	0	nan	0	0	0	0.002145	0.000300	0.002145	0.000300	0.060285	0.008431
121	A	3067	24078	23755	0.129110	558	0	24027	0	0	0	nan	0	0	0	0	0	0	nan	0	0	0	0.129110	0.002331	0.129110	0.002331	2.777853	0.050152
122	U	188	24078	23768	0.007910	559	0	24025	0	0	0	nan	0	0	0	0	0	0	nan	0	0	0	0.007910	0.000577	0.007910	0.000577	1.192882	0.087016
123	G	31	24078	23636	0.001312	559	0	24025	0	0	0	nan	0	0	0	0	0	0	nan	0	0	0	0.001312	0.000236	0.001312	0.000236	nan	nan
124	G	18	24078	23671	0.000760	559	0	24025	0	0	0	nan	0	0	0	0	0	0	nan	0	0	0	0.000760	0.000179	0.000760	0.000179	nan	nan
125	U	33	24078	23640	0.001396	559	0	24025	0	0	0	nan	0	0	0	0	0	0	nan	0	0	0	0.001396	0.000243	0.001396	0.000243	0.210526	0.036646
126	C	35	24078	23664	0.001479	559	0	24025	0	0	0	nan	0	0	0	0	0	0	nan	0	0	0	0.001479	0.000250	0.001479	0.000250	0.041567	0.007026
127	C	45	24079	23635	0.001904	559	0	24026	0	0	0	nan	0	0	0	0	0	0	nan	0	0	0	0.001904	0.000284	0.001904	0.000284	0.053512	0.007982
128	U	35	24077	23481	0.001491	559	0	24018	0	0	0	nan	0	0	0	0	0	0	nan	0	0	0	0.001491	0.000252	0.001491	0.000252	0.224853	0.038003
129	A	406	23972	23121	0.017560	559	0	23735	0	0	0	nan	0	0	0	0	0	0	nan	0	0	0	0.017560	0.000871	0.017560	0.000871	0.377810	0.018740
130	A	2913	23971	23038	0.126443	559	0	23731	0	0	0	nan	0	0	0	0	0	0	nan	0	0	0	0.126443	0.002343	0.126443	0.002343	2.720472	0.050411
131	C	121	23971	22948	0.005273	561	0	23731	0	0	0	nan	0	0	0	0	0	0	nan	0	0	0	0.005273	0.000479	0.005273	0.000479	0.148197	0.013462
132	C	53	23971	22948	0.002310	561	0	23731	0	0	0	nan	0	0	0	0	0	0	nan	0	0	0	0.002310	0.000317	0.002310	0.000317	0.064922	0.008909
133	A	656	23972	22877	0.028675	561	0	23732	0	0	0	nan	0	0	0	0	0	0	nan	0	0	0	0.028675	0.001120	0.028675	0.001120	0.616954	0.024097
134	C	57	23972	22757	0.002505	561	0	23732	0	0	0	nan	0	0	0	0	0	0	nan	0	0	0	0.002505	0.000332	0.002505	0.000332	0.070403	0.009331
135	G	32	23973	22530	0.001420	561	0	23733	0	0	0	nan	0	0	0	0	0	0	nan	0	0	0	0.001420	0.000251	0.001420	0.000251	nan	nan
136	C	33	23974	22697	0.001454	561	0	23734	0	0	0	nan	0	0	0	0	0	0	nan	0	0	0	0.001454	0.000253	0.001454	0.000253	0.040865	0.007111
137	A	113	23974	22868	0.004941	561	0	23736	0	0	0	nan	0	0	0	0	0	0	nan	0	0	0	0.004941	0.000465	0.004941	0.000465	0.106308	0.010005
138	G	21	23974	22876	0.000918	561	0	23737	0	0	0	nan	0	0	0	0	0	0	nan	0	0	0	0.000918	0.000200	0.000918	0.000200	nan	nan
139	C	162	23974	22988	0.007047	561	0	23737	0	0	0	nan	0	0	0	0	0	0	nan	0	0	0	0.007047	0.000554	0.007047	0.000554	0.198055	0.015570
140	C	147	23975	23012	0.006388	561	0	23738	0	0	0	nan	0	0	0	0	0	0	nan	0	0	0	0.006388	0.000527	0.006388	0.000527	0.179534	0.014811
141	A	935	23975	22847	0.040924	561	0	23739	0	0	0	nan	0	0	0	0	0	0	nan	0	0	0	0.040924	0.001338	0.040924	0.001338	0.880496	0.028788
142	A	2105	23975	22606	0.093117	561	0	23739	0	0	0	nan	0	0	0	0	0	0	nan	0	0	0	0.093117	0.002030	0.093117	0.002030	2.003450	0.043676
143	G	14	23975	22320	0.000627	561	0	23739	0	0	0	nan	0	0	0	0	0	0	nan	0	0	0	0.000627	0.000168	0.000627	0.000168	nan	nan
144	U	24	23975	22524	0.001066	561	0	23739	0	0	0	nan	0	0	0	0	0	0	nan	0	0	0	0.001066	0.000218	0.001066	0.000218	0.160760	0.032876
145	C	42	23975	22752	0.001846	561	0	23742	0	0	0	nan	0	0	0	0	0	0	nan	0	0	0	0.001846	0.000285	0.001846	0.000285	0.051882	0.008010
146	C	69	23975	21871	0.003155	561	0	23742	0	0	0	nan	0	0	0	0	0	0	nan	0	0	0	0.003155	0.000380	0.003155	0.000380	0.088671	0.010680
147	U	38	23975	21752	0.001747	561	0	23742	0	0	0	nan	0	0	0	0	0	0	nan	0	0	0	0.001747	0.000283	0.001747	0.000283	0.263460	0.042678
148	A	30	23975	21736	0.001380	561	0	23745	0	0	0	nan	0	0	0	0	0	0	nan	0	0	0	0.001380	0.000252	0.001380	0.000252	0.029691	0.005422
149	A	512	23976	22193	0.023070	561	0	23748	0	0	0	nan	0	0	0	0	0	0	nan	0	0	0	0.023070	0.001020	0.023070	0.001020	0.496360	0.021946
150	G	17	23976	21943	0.000775	561	0	23749	0	0	0	nan	0	0	0	0	0	0	nan	0	0	0	0.000775	0.000188	0.000775	0.000188	nan	nan
151	U	40	23976	21931	0.001824	561	0	23750	0	0	0	nan	0	0	0	0	0	0	nan	0	0	0	0.001824	0.000288	0.001824	0.000288	0.275072	0.043432
152	C	19	23976	22679	0.000838	561	0	23753	0	0	0	nan	0	0	0	0	0	0	nan	0	0	0	0.000838	0.000192	0.000838	0.000192	0.023552	0.005396
153	A	33	23976	22907	0.001441	561	0	23753	0	0	0	nan	0	0	0	0	0	0	nan	0	0	0	0.001441	0.000251	0.001441	0.000251	0.031004	0.005400
154	A	54	23976	22903	0.002358	561	0	23754	0	0	0	nan	0	0	0	0	0	0	nan	0	0	0	0.002358	0.000321	0.002358	0.000321	0.050733	0.006906
155	C	26	23976	22494	0.001156	561	0	23756	0	0	0	nan	0	0	0	0	0	0	nan	0	0	0	0.001156	0.000227	0.001156	0.000227	0.032489	0.006380
156	A	30	23976	20996	0.001429	562	0	23758	0	0	0	nan	0	0	0	0	0	0	nan	0	0	0	0.001429	0.000261	0.001429	0.000261	0.030746	0.005616
157	G	9	23976	20789	0.000433	562	0	23760	0	0	0	nan	0	0	0	0	0	0	nan	0	0	0	0.000433	0.000144	0.000433	0.000144	nan	nan
158	A	552	23976	20509	0.026915	562	0	23760	0	0	0	nan	0	0	0	0	0	0	nan	0	0	0	0.026915	0.001146	0.026915	0.001146	0.579087	0.024657
159	U	140	23976	21998	0.006364	562	0	23762	0	0	0	nan	0	0	0	0	0	0	nan	0	0	0	0.006364	0.000538	0.006364	0.000538	0.959735	0.081134
160	C	1079	23976	22110	0.048801	562	0	23765	0	0	0	nan	0	0	0	0	0	0	nan	0	0	0	0.048801	0.001486	0.048801	0.001486	1.371547	0.041764
161	U	128	23976	22370	0.005722	562	0	23767	0	0	0	nan	0	0	0	0	0	0	nan	0	0	0	0.005722	0.000506	0.005722	0.000506	0.862917	0.076308
162	U	110	23977	22372	0.004917	562	0	23770	0	0	0	nan	0	0	0	0	0	0	nan	0	0	0	0.004917	0.000469	0.004917	0.000469	0.741517	0.070728
163	C	54	23978	22294	0.002422	562	0	23774	0	0	0	nan	0	0	0	0	0	0	nan	0	0	0	0.002422	0.000330	0.002422	0.000330	0.068070	0.009275
164	U	30	23978	22259	0.001348	562	0	23777	0	0	0	nan	0	0	0	0	0	0	nan	0	0	0	0.001348	0.000246	0.001348	0.000246	0.203288	0.037098
165	G	13	23978	20311	0.000640	562	0	23778	0	0	0	nan	0	0	0	0	0	0	nan	0	0	0	0.000640	0.000178	0.000640	0.000178	nan	nan
166	U	38	23979	20269	0.001875	562	0	23780	0	0	0	nan	0	0	0	0	0	0	nan	0	0	0	0.001875	0.000304	0.001875	0.000304	0.282763	0.045845
167	U	23	23979	20700	0.001111	562	0	23781	0	0	0	nan	0	0	0	0	0	0	nan	0	0	0	0.001111	0.000232	0.001111	0.000232	0.167546	0.034987
168	G	11	23980	22759	0.000483	562	0	23788	0	0	0	nan	0	0	0	0	0	0	nan	0	0	0	0.000483	0.000146	0.000483	0.000146	nan	nan
169	A	38	23980	22857	0.001663	562	0	23790	0	0	0	nan	0	0	0	0	0	0	nan	0	0	0	0.001663	0.000270	0.001663	0.000270	0.035780	0.005809
170	U	13	23981	22767	0.000571	562	0	23792	0	0	0	nan	0	0	0	0	0	0	nan	0	0	0	0.000571	0.000158	0.000571	0.000158	0.086111	0.023827
171	A	127	23981	22385	0.005673	562	0	23793	0	0	0	nan	0	0	0	0	0	0	nan	0	0	0	0.005673	0.000503	0.005673	0.000503	0.122057	0.010822
172	U	101	23982	21733	0.004647	562	0	23794	0	0	0	nan	0	0	0	0	0	0	nan	0	0	0	0.004647	0.000462	0.004647	0.000462	0.700799	0.069673
173	G	7	23982	21782	0.000321	562	0	23798	0	0	0	nan	0	0	0	0	0	0	nan	0	0	0	0.000321	0.000121	0.000321	0.000121	nan	nan
174	G	15	23982	22169	0.000677	562	0	23807	0	0	0	nan	0	0	0	0	0	0	nan	0	0	0	0.000677	0.000175	0.000677	0.000175	nan	nan
175	A	61	23982	21979	0.002775	562	0	23808	0	0	0	nan	0	0	0	0	0	0	nan	0	0	0	0.002775	0.000355	0.002775	0.000355	0.059705	0.007638
176	U	17	23983	21864	0.000778	562	0	23809	0	0	0	nan	0	0	0	0	0	0	nan	0	0	0	0.000778	0.000189	0.000778	0.000189	0.117328	0.028502
177	G	4	23984	21698	0.000184	562	0	23812	0	0	0	nan	0	0	0	0	0	0	nan	0	0	0	0.000184	0.000092	0.000184	0.000092	nan	nan
178	C	2227	23984	22416	0.099349	562	0	23812	0	0	0	nan	0	0	0	0	0	0	nan	0	0	0	0.099349	0.002105	0.099349	0.002105	2.792192	0.059161
179	A	835	23984	22400	0.037277	562	0	23813	0	0	0	nan	0	0	0	0	0	0	nan	0	0	0	0.037277	0.001290	0.037277	0.001290	0.802030	0.027755
180	G	38	23985	21822	0.001741	562	0	23826	0	0	0	nan	0	0	0	0	0	0	nan	0	0	0	0.001741	0.000282	0.001741	0.000282	nan	nan
181	U	40	23986	21637	0.001849	562	0	23831	0	0	0	nan	0	0	0	0	0	0	nan	0	0	0	0.001849	0.000292	0.001849	0.000292	0.278842	0.044036
182	U	87	23986	21428	0.004060	562	0	23832	0	0	0	nan	0	0	0	0	0	0	nan	0	0	0	0.004060	0.000435	0.004060	0.000435	0.612276	0.065601
183	C	713	23987	22036	0.032356	562	0	23835	0	0	0	nan	0	0	0	0	0	0	nan	0	0	0	0.032356	0.001212	0.032356	0.001212	0.909362	0.034063
184	A	687	23987	22495	0.030540	562	0	23838	0	0	0	nan	0	0	0	0	0	0	nan	0	0	0	0.030540	0.001165	0.030540	0.001165	0.657080	0.025065
185	A	478	23987	22598	0.021152	562	0	23838	0	0	0	nan	0	0	0	0	0	0	nan	0	0	0	0.021152	0.000967	0.021152	0.000967	0.455094	0.020805
186	C	492	23988	22128	0.022234	562	0	23839	0	0	0	nan	0	0	0	0	0	0	nan	0	0	0	0.022234	0.001002	0.022234	0.001002	0.624884	0.028161
187	C	427	23988	21996	0.019413	562	0	23839	0	0	0	nan	0	0	0	0	0	0	nan	0	0	0	0.019413	0.000939	0.019413	0.000939	0.545600	0.026390
188	A	378	23988	21954	0.017218	562	0	23841	0	0	0	nan	0	0	0	0	0	0	nan	0	0	0	0.017218	0.000886	0.017218	0.000886	0.370452	0.019063
189	A	606	23989	22191	0.027308	562	0	23843	0	0	0	nan	0	0	0	0	0	0	nan	0	0	0	0.027308	0.001109	0.027308	0.001109	0.587543	0.023861
190	A	492	23989	21275	0.023126	562	0	23845	0	0	0	nan	0	0	0	0	0	0	nan	0	0	0	0.023126	0.001043	0.023126	0.001043	0.497565	0.022441
191	U	248	23989	21112	0.011747	562	0	23847	0	0	0	nan	0	0	0	0	0	0	nan	0	0	0	0.011747	0.000746	0.011747	0.000746	1.771528	0.112502
192	C	782	23989	21077	0.037102	562	0	23847	0	0	0	nan	0	0	0	0	0	0	nan	0	0	0	0.037102	0.001327	0.037102	0.001327	1.042748	0.037295
193	A	42	23991	22597	0.001859	562	0	23867	0	0	0	nan	0	0	0	0	0	0	nan	0	0	0	0.001859	0.000287	0.001859	0.000287	0.039997	0.006175
194	A	292	23992	22878	0.012763	562	0	23868	0	0	0	nan	0	0	0	0	0	0	nan	0	0	0	0.012763	0.000747	0.012763	0.000747	0.274601	0.016072
195	A	371	23992	22854	0.016233	561	0	23869	0	0	0	nan	0	0	0	0	0	0	nan	0	0	0	0.016233	0.000843	0.016233	0.000843	0.349260	0.018137
196	A	225	23992	22546	0.009980	545	0	23869	0	0	0	nan	0	0	0	0	0	0	nan	0	0	0	0.009980	0.000665	0.009980	0.000665	0.214724	0.014308
197	A	479	23992	22147	0.021628	537	0	23869	0	0	0	nan	0	0	0	0	0	0	nan	0	0	0	0.021628	0.000988	0.021628	0.000988	0.465335	0.021257
198	A	394	23992	22170	0.017772	537	0	23871	0	0	0	nan	0	0	0	0	0	0	nan	0	0	0	0.017772	0.000895	0.017772	0.000895	0.382372	0.019256
199	C	47	23992	22377	0.002100	536	0	23872	0	0	0	nan	0	0	0	0	0	0	nan	0	0	0	0.002100	0.000306	0.002100	0.000306	0.059020	0.008600
200	C	49	23992	21859	0.002242	83	0	23874	0	0	0	nan	0	0	0	0	0	0	nan	0	0	0	0.002242	0.000320	0.002242	0.000320	0.063011	0.008994
201	G	28	23993	21822	0.001283	78	0	23877	0	0	0	nan	0	0	0	0	0	0	nan	0	0	0	0.001283	0.000242	0.001283	0.000242	nan	nan
202	C	34	23993	21837	0.001557	78	0	23883	0	0	0	nan	0	0	0	0	0	0	nan	0	0	0	0.001557	0.000267	0.001557	0.000267	0.043759	0.007504
203	C	39	23994	21962	0.001776	78	0	23886	0	0	0	nan	0	0	0	0	0	0	nan	0	0	0	0.001776	0.000284	0.001776	0.000284	0.049914	0.007982
204	U	24	23994	21521	0.001115	42	0	23889	0	0	0	nan	0	0	0	0	0	0	nan	0	0	0	0.001115	0.000228	0.001115	0.000228	0.168150	0.034384
205	A	34	23994	20359	0.001670	6	0	23897	0	0	0	nan	0	0	0	0	0	0	nan	0	0	0	0.001670	0.000286	0.001670	0.000286	0.035931	0.006153
206	G	26	23995	19897	0.001307	6	0	23909	0	0	0	nan	0	0	0	0	0	0	nan	0	0	0	0.001307	0.000256	0.001307	0.000256	nan	nan
207	U	71	23995	19869	0.003573	6	0	23918	0	0	0	nan	0	0	0	0	0	0	nan	0	0	0	0.003573	0.000424	0.003573	0.000424	0.538833	0.063942
208	U	144	23995	20876	0.006898	6	0	23926	0	0	0	nan	0	0	0	0	0	0	nan	0	0	0	0.006898	0.000575	0.006898	0.000575	1.040265	0.086714
209	C	741	23996	21756	0.034060	6	0	23933	0	0	0	nan	0	0	0	0	0	0	nan	0	0	0	0.034060	0.001251	0.034060	0.001251	0.957252	0.035159
210	G	39	23996	21886	0.001782	5	0	23937	0	0	0	nan	0	0	0	0	0	0	nan	0	0	0	0.001782	0.000285	0.001782	0.000285	nan	nan
211	C	74	23997	20373	0.003632	5	0	23939	0	0	0	nan	0	0	0	0	0	0	nan	0	0	0	0.003632	0.000422	0.003632	0.000422	0.102077	0.011860
212	U	28	23999	20484	0.001367	5	0	23946	0	0	0	nan	0	0	0	0	0	0	nan	0	0	0	0.001367	0.000258	0.001367	0.000258	0.206153	0.038908
213	A	36	24001	19659	0.001831	5	0	23953	0	0	0	nan	0	0	0	0	0	0	nan	0	0	0	0.001831	0.000305	0.001831	0.000305	0.039395	0.006562
214	G	14	24002	5304	0.002640	5	0	23960	0	0	0	nan	0	0	0	0	0	0	nan	0	0	0	0.002640	0.000705	0.002640	0.000705	nan	nan
215	G	16	24002	5203	0.003075	5	0	23960	0	0	0	nan	0	0	0	0	0	0	nan	0	0	0	0.003075	0.000769	0.003075	0.000769	nan	nan
216	C	5	24004	5433	0.000920	5	0	23969	0	0	0	nan	0	0	0	0	0	0	nan	0	0	0	0.000920	0.000412	0.000920	0.000412	0.025856	0.011579
217	G	10	24006	22578	0.000443	5	0	24001	0	0	0	nan	0	0	0	0	0	0	nan	0	0	0	0.000443	0.000140	0.000443	0.000140	nan	nan
218	G	6	24006	22859	0.000262	5	0	24005	0	0	0	nan	0	0	0	0	0	0	nan	0	0	0	0.000262	0.000107	0.000262	0.000107	nan	nan
219	A	0	24006	22728	0.000000	5	0	24006	0	0	0	nan	0	0	0	0	0	0	nan	0	0	0	0.000000	0.000000	0.000000	0.000000	0.000000	0.000000
220	A	0	24006	0	nan	5	0	24006	0	0	0	nan	0	0	0	0	0	0	nan	0	0	0	nan	nan	nan	nan	nan	nan
221	A	0	24006	0	nan	5	0	24006	0	0	0	nan	0	0	0	0	0	0	nan	0	0	0	nan	nan	nan	nan	nan	nan
222	A	0	24006	0	nan	5	0	24006	0	0	0	nan	0	0	0	0	0	0	nan	0	0	0	nan	nan	nan	nan	nan	nan
223	c	0	24006	0	nan	5	0	24006	0	0	0	nan	0	0	0	0	0	0	nan	0	0	0	nan	nan	nan	nan	nan	nan
224	c	0	24006	0	nan	5	0	24006	0	0	0	nan	0	0	0	0	0	0	nan	0	0	0	nan	nan	nan	nan	nan	nan
225	a	0	24006	0	nan	5	0	24006	0	0	0	nan	0	0	0	0	0	0	nan	0	0	0	nan	nan	nan	nan	nan	nan
226	a	0	24006	0	nan	5	0	24006	0	0	0	nan	0	0	0	0	0	0	nan	0	0	0	nan	nan	nan	nan	nan	nan
227	a	0	24006	0	nan	5	0	24006	0	0	0	nan	0	0	0	0	0	0	nan	0	0	0	nan	nan	nan	nan	nan	nan
228	c	0	24006	0	nan	5	0	24006	0	0	0	nan	0	0	0	0	0	0	nan	0	0	0	nan	nan	nan	nan	nan	nan
229	c	0	24006	0	nan	5	0	24006	0	0	0	nan	0	0	0	0	0	0	nan	0	0	0	nan	nan	nan	nan	nan	nan
230	a	0	24006	0	nan	5	0	24006	0	0	0	nan	0	0	0	0	0	0	nan	0	0	0	nan	nan	nan	nan	nan	nan
231	a	0	24006	0	nan	5	0	24006	0	0	0	nan	0	0	0	0	0	0	nan	0	0	0	nan	nan	nan	nan	nan	nan
232	a	0	24006	0	nan	5	0	24006	0	0	0	nan	0	0	0	0	0	0	nan	0	0	0	nan	nan	nan	nan	nan	nan
233	g	0	24001	0	nan	5	0	24001	0	0	0	nan	0	0	0	0	0	0	nan	0	0	0	nan	nan	nan	nan	nan	nan
234	a	0	24001	0	nan	5	0	24001	0	0	0	nan	0	0	0	0	0	0	nan	0	0	0	nan	nan	nan	nan	nan	nan
235	a	0	24001	0	nan	5	0	24001	0	0	0	nan	0	0	0	0	0	0	nan	0	0	0	nan	nan	nan	nan	nan	nan
236	a	0	24001	0	nan	5	0	24001	0	0	0	nan	0	0	0	0	0	0	nan	0	0	0	nan	nan	nan	nan	nan	nan
237	c	0	24001	0	nan	5	0	24001	0	0	0	nan	0	0	0	0	0	0	nan	0	0	0	nan	nan	nan	nan	nan	nan
238	a	0	23997	0	nan	5	0	23997	0	0	0	nan	0	0	0	0	0	0	nan	0	0	0	nan	nan	nan	nan	nan	nan
239	a	0	23991	0	nan	5	0	23991	0	0	0	nan	0	0	0	0	0	0	nan	0	0	0	nan	nan	nan	nan	nan	nan
240	c	0	23984	0	nan	5	0	23984	0	0	0	nan	0	0	0	0	0	0	nan	0	0	0	nan	nan	nan	nan	nan	nan
241	c	0	23968	0	nan	5	0	23968	0	0	0	nan	0	0	0	0	0	0	nan	0	0	0	nan	nan	nan	nan	nan	nan