Nucleotide	Sequence	Modified_mutations	Modified_read_depth	Modified_effective_depth	Modified_rate	Modified_off_target_mapped_depth	Modified_low_mapq_mapped_depth	Modified_primer_pair_1_mapped_depth	Untreated_mutations	Untreated_read_depth	Untreated_effective_depth	Untreated_rate	Untreated_off_target_mapped_depth	Untreated_low_mapq_mapped_depth	Untreated_primer_pair_1_mapped_depth	Denatured_mutations	Denatured_read_depth	Denatured_effective_depth	Denatured_rate	Denatured_off_target_mapped_depth	Denatured_low_mapq_mapped_depth	Denatured_primer_pair_1_mapped_depth	Reactivity_profile	Std_err	HQ_profile	HQ_stderr	Norm_profile	Norm_stderr
1	g	0	6778880	0	nan	18	352	6778880	0	0	0	nan	0	0	0	0	0	0	nan	0	0	0	nan	nan	nan	nan	nan	nan
2	g	0	6839896	0	nan	18	357	6839896	0	0	0	nan	0	0	0	0	0	0	nan	0	0	0	nan	nan	nan	nan	nan	nan
3	u	0	6849332	0	nan	18	360	6849332	0	0	0	nan	0	0	0	0	0	0	nan	0	0	0	nan	nan	nan	nan	nan	nan
4	g	0	6855260	0	nan	18	380	6855260	0	0	0	nan	0	0	0	0	0	0	nan	0	0	0	nan	nan	nan	nan	nan	nan
5	u	0	6866368	0	nan	18	382	6866368	0	0	0	nan	0	0	0	0	0	0	nan	0	0	0	nan	nan	nan	nan	nan	nan
6	a	0	6870392	0	nan	18	419	6870392	0	0	0	nan	0	0	0	0	0	0	nan	0	0	0	nan	nan	nan	nan	nan	nan
7	a	0	6871405	0	nan	18	421	6871405	0	0	0	nan	0	0	0	0	0	0	nan	0	0	0	nan	nan	nan	nan	nan	nan
8	g	0	6871994	0	nan	18	421	6871994	0	0	0	nan	0	0	0	0	0	0	nan	0	0	0	nan	nan	nan	nan	nan	nan
9	g	0	6872638	0	nan	18	422	6872638	0	0	0	nan	0	0	0	0	0	0	nan	0	0	0	nan	nan	nan	nan	nan	nan
10	g	0	6874105	0	nan	18	426	6874105	0	0	0	nan	0	0	0	0	0	0	nan	0	0	0	nan	nan	nan	nan	nan	nan
11	u	0	6877407	0	nan	18	427	6877407	0	0	0	nan	0	0	0	0	0	0	nan	0	0	0	nan	nan	nan	nan	nan	nan
12	g	0	6889738	0	nan	57	447	6889738	0	0	0	nan	0	0	0	0	0	0	nan	0	0	0	nan	nan	nan	nan	nan	nan
13	a	0	6902031	0	nan	69	457	6902031	0	0	0	nan	0	0	0	0	0	0	nan	0	0	0	nan	nan	nan	nan	nan	nan
14	a	0	6908515	0	nan	82	458	6908515	0	0	0	nan	0	0	0	0	0	0	nan	0	0	0	nan	nan	nan	nan	nan	nan
15	g	0	6912020	0	nan	279	459	6912020	0	0	0	nan	0	0	0	0	0	0	nan	0	0	0	nan	nan	nan	nan	nan	nan
16	u	0	6916170	0	nan	280	459	6916170	0	0	0	nan	0	0	0	0	0	0	nan	0	0	0	nan	nan	nan	nan	nan	nan
17	g	0	6917865	0	nan	281	464	6917865	0	0	0	nan	0	0	0	0	0	0	nan	0	0	0	nan	nan	nan	nan	nan	nan
18	u	0	6919277	0	nan	281	465	6919277	0	0	0	nan	0	0	0	0	0	0	nan	0	0	0	nan	nan	nan	nan	nan	nan
19	a	0	6920549	0	nan	281	481	6920549	0	0	0	nan	0	0	0	0	0	0	nan	0	0	0	nan	nan	nan	nan	nan	nan
20	A	0	6922065	573	0.000000	281	481	6922065	0	0	0	nan	0	0	0	0	0	0	nan	0	0	0	0.000000	0.000000	nan	nan	nan	nan
21	G	0	6923043	734	0.000000	281	481	6923043	0	0	0	nan	0	0	0	0	0	0	nan	0	0	0	0.000000	0.000000	nan	nan	nan	nan
22	G	0	6923752	757	0.000000	281	481	6923752	0	0	0	nan	0	0	0	0	0	0	nan	0	0	0	0.000000	0.000000	nan	nan	nan	nan
23	U	0	6925292	6259739	0.000000	281	481	6925292	0	0	0	nan	0	0	0	0	0	0	nan	0	0	0	0.000000	0.000000	0.000000	0.000000	0.000000	0.000000
24	U	13162	6926487	6313211	0.002085	281	481	6926487	0	0	0	nan	0	0	0	0	0	0	nan	0	0	0	0.002085	0.000018	0.002085	0.000018	0.641933	0.005542
25	G	7331	6930600	6266722	0.001170	281	481	6930600	0	0	0	nan	0	0	0	0	0	0	nan	0	0	0	0.001170	0.000014	0.001170	0.000014	nan	nan
26	A	38447	6937238	6416174	0.005992	281	481	6937198	0	0	0	nan	0	0	0	0	0	0	nan	0	0	0	0.005992	0.000031	0.005992	0.000031	0.583106	0.003017
27	C	15707	6939918	6171527	0.002545	281	481	6939836	0	0	0	nan	0	0	0	0	0	0	nan	0	0	0	0.002545	0.000020	0.002545	0.000020	0.818196	0.006430
28	C	20621	6941096	6158324	0.003348	281	481	6940990	0	0	0	nan	0	0	0	0	0	0	nan	0	0	0	0.003348	0.000023	0.003348	0.000023	1.076354	0.007394
29	U	22376	6944228	6124755	0.003653	281	481	6944112	0	0	0	nan	0	0	0	0	0	0	nan	0	0	0	0.003653	0.000024	0.003653	0.000024	1.124692	0.007389
30	U	9318	6949765	6226961	0.001496	281	481	6949643	0	0	0	nan	0	0	0	0	0	0	nan	0	0	0	0.001496	0.000016	0.001496	0.000016	0.460591	0.004926
31	U	10474	6955497	6247447	0.001677	281	481	6955352	0	0	0	nan	0	0	0	0	0	0	nan	0	0	0	0.001677	0.000016	0.001677	0.000016	0.516318	0.004926
32	U	12771	6961207	6314716	0.002022	282	481	6961037	0	0	0	nan	0	0	0	0	0	0	nan	0	0	0	0.002022	0.000018	0.002022	0.000018	0.622537	0.005542
33	G	2685	6994734	6397195	0.000420	283	482	6994537	0	0	0	nan	0	0	0	0	0	0	nan	0	0	0	0.000420	0.000008	0.000420	0.000008	nan	nan
34	A	27894	7008211	6781531	0.004113	283	482	7008021	0	0	0	nan	0	0	0	0	0	0	nan	0	0	0	0.004113	0.000025	0.004113	0.000025	0.400253	0.002433
35	A	30518	7011570	6754206	0.004518	283	482	7011379	0	0	0	nan	0	0	0	0	0	0	nan	0	0	0	0.004518	0.000026	0.004518	0.000026	0.439665	0.002530
36	U	4466	7012645	6713513	0.000665	283	482	7012444	0	0	0	nan	0	0	0	0	0	0	nan	0	0	0	0.000665	0.000010	0.000665	0.000010	0.204741	0.003079
37	A	279529	7013332	6416944	0.043561	285	482	7013097	0	0	0	nan	0	0	0	0	0	0	nan	0	0	0	0.043561	0.000082	0.043561	0.000082	4.239101	0.007980
38	G	10655	7013934	6325989	0.001684	296	482	7013699	0	0	0	nan	0	0	0	0	0	0	nan	0	0	0	0.001684	0.000016	0.001684	0.000016	nan	nan
39	U	11798	7014751	6361310	0.001855	297	482	7014509	0	0	0	nan	0	0	0	0	0	0	nan	0	0	0	0.001855	0.000017	0.001855	0.000017	0.571121	0.005234
40	G	9642	7015483	6538840	0.001475	298	482	7015220	0	0	0	nan	0	0	0	0	0	0	nan	0	0	0	0.001475	0.000015	0.001475	0.000015	nan	nan
41	A	67080	7019065	6527773	0.010276	298	482	7018793	0	0	0	nan	0	0	0	0	0	0	nan	0	0	0	0.010276	0.000040	0.010276	0.000040	1.000000	0.003893
42	U	18009	7020043	6490524	0.002775	298	482	7019778	0	0	0	nan	0	0	0	0	0	0	nan	0	0	0	0.002775	0.000021	0.002775	0.000021	0.854372	0.006466
43	U	9416	7022240	6428749	0.001465	298	482	7021955	0	0	0	nan	0	0	0	0	0	0	nan	0	0	0	0.001465	0.000015	0.001465	0.000015	0.451047	0.004618
44	C	18472	7025925	6429000	0.002873	300	482	7025620	0	0	0	nan	0	0	0	0	0	0	nan	0	0	0	0.002873	0.000021	0.002873	0.000021	0.923646	0.006751
45	A	29481	7028423	6436323	0.004580	296	482	7028100	0	0	0	nan	0	0	0	0	0	0	nan	0	0	0	0.004580	0.000027	0.004580	0.000027	0.445699	0.002627
46	G	4578	7030321	6288732	0.000728	291	482	7030012	0	0	0	nan	0	0	0	0	0	0	nan	0	0	0	0.000728	0.000011	0.000728	0.000011	nan	nan
47	G	11093	7034875	6356733	0.001745	290	482	7034560	0	0	0	nan	0	0	0	0	0	0	nan	0	0	0	0.001745	0.000017	0.001745	0.000017	nan	nan
48	A	14956	7042507	6253672	0.002392	292	482	7042188	0	0	0	nan	0	0	0	0	0	0	nan	0	0	0	0.002392	0.000020	0.002392	0.000020	0.232775	0.001946
49	G	18289	7044164	6329923	0.002889	289	482	7043873	0	0	0	nan	0	0	0	0	0	0	nan	0	0	0	0.002889	0.000021	0.002889	0.000021	nan	nan
50	G	4116	7055519	6160287	0.000668	291	482	7055269	0	0	0	nan	0	0	0	0	0	0	nan	0	0	0	0.000668	0.000010	0.000668	0.000010	nan	nan
51	U	20516	7059846	6316338	0.003248	292	482	7059632	0	0	0	nan	0	0	0	0	0	0	nan	0	0	0	0.003248	0.000023	0.003248	0.000023	1.000000	0.007081
52	U	16821	7066931	6313487	0.002664	300	482	7066754	0	0	0	nan	0	0	0	0	0	0	nan	0	0	0	0.002664	0.000021	0.002664	0.000021	0.820197	0.006466
53	A	46581	7071758	6562877	0.007098	299	482	7071594	0	0	0	nan	0	0	0	0	0	0	nan	0	0	0	0.007098	0.000033	0.007098	0.000033	0.690736	0.003211
54	A	73191	7075324	6717667	0.010895	299	482	7075195	0	0	0	nan	0	0	0	0	0	0	nan	0	0	0	0.010895	0.000040	0.010895	0.000040	1.060237	0.003893
55	U	11525	7076463	6642284	0.001735	299	482	7076362	0	0	0	nan	0	0	0	0	0	0	nan	0	0	0	0.001735	0.000016	0.001735	0.000016	0.534175	0.004926
56	G	7760	7077432	6422530	0.001208	296	482	7077353	0	0	0	nan	0	0	0	0	0	0	nan	0	0	0	0.001208	0.000014	0.001208	0.000014	nan	nan
57	G	0	7078570	6451173	0.000000	296	482	7078520	0	0	0	nan	0	0	0	0	0	0	nan	0	0	0	0.000000	0.000000	0.000000	0.000000	nan	nan
58	A	0	7080814	38	0.000000	296	482	7080814	0	0	0	nan	0	0	0	0	0	0	nan	0	0	0	0.000000	0.000000	nan	nan	nan	nan
59	A	0	7080759	29	0.000000	296	482	7080759	0	0	0	nan	0	0	0	0	0	0	nan	0	0	0	0.000000	0.000000	nan	nan	nan	nan
60	G	0	7080718	11	0.000000	296	482	7080718	0	0	0	nan	0	0	0	0	0	0	nan	0	0	0	0.000000	0.000000	nan	nan	nan	nan
61	u	0	7080685	0	nan	296	482	7080685	0	0	0	nan	0	0	0	0	0	0	nan	0	0	0	nan	nan	nan	nan	nan	nan
62	a	0	7080580	0	nan	290	482	7080580	0	0	0	nan	0	0	0	0	0	0	nan	0	0	0	nan	nan	nan	nan	nan	nan
63	a	0	7080520	0	nan	288	482	7080520	0	0	0	nan	0	0	0	0	0	0	nan	0	0	0	nan	nan	nan	nan	nan	nan
64	a	0	7080499	0	nan	283	482	7080499	0	0	0	nan	0	0	0	0	0	0	nan	0	0	0	nan	nan	nan	nan	nan	nan
65	g	0	7080479	0	nan	277	446	7080479	0	0	0	nan	0	0	0	0	0	0	nan	0	0	0	nan	nan	nan	nan	nan	nan
66	g	0	7080465	0	nan	268	438	7080465	0	0	0	nan	0	0	0	0	0	0	nan	0	0	0	nan	nan	nan	nan	nan	nan
67	u	0	7080437	0	nan	267	435	7080437	0	0	0	nan	0	0	0	0	0	0	nan	0	0	0	nan	nan	nan	nan	nan	nan
68	a	0	7080413	0	nan	267	420	7080413	0	0	0	nan	0	0	0	0	0	0	nan	0	0	0	nan	nan	nan	nan	nan	nan
69	a	0	7080395	0	nan	266	417	7080395	0	0	0	nan	0	0	0	0	0	0	nan	0	0	0	nan	nan	nan	nan	nan	nan
70	u	0	7080382	0	nan	266	409	7080382	0	0	0	nan	0	0	0	0	0	0	nan	0	0	0	nan	nan	nan	nan	nan	nan
71	g	0	7080309	0	nan	266	407	7080309	0	0	0	nan	0	0	0	0	0	0	nan	0	0	0	nan	nan	nan	nan	nan	nan
72	a	0	7080256	0	nan	266	404	7080256	0	0	0	nan	0	0	0	0	0	0	nan	0	0	0	nan	nan	nan	nan	nan	nan
73	a	0	7080216	0	nan	266	404	7080216	0	0	0	nan	0	0	0	0	0	0	nan	0	0	0	nan	nan	nan	nan	nan	nan
74	g	0	7080195	0	nan	266	404	7080195	0	0	0	nan	0	0	0	0	0	0	nan	0	0	0	nan	nan	nan	nan	nan	nan
75	g	0	7080138	0	nan	266	403	7080138	0	0	0	nan	0	0	0	0	0	0	nan	0	0	0	nan	nan	nan	nan	nan	nan
76	u	0	7080020	0	nan	266	402	7080020	0	0	0	nan	0	0	0	0	0	0	nan	0	0	0	nan	nan	nan	nan	nan	nan
77	g	0	7079906	0	nan	265	400	7079906	0	0	0	nan	0	0	0	0	0	0	nan	0	0	0	nan	nan	nan	nan	nan	nan
78	a	0	7079783	0	nan	265	400	7079783	0	0	0	nan	0	0	0	0	0	0	nan	0	0	0	nan	nan	nan	nan	nan	nan
79	a	0	7074298	0	nan	262	399	7074298	0	0	0	nan	0	0	0	0	0	0	nan	0	0	0	nan	nan	nan	nan	nan	nan
80	g	0	7071633	0	nan	259	396	7071633	0	0	0	nan	0	0	0	0	0	0	nan	0	0	0	nan	nan	nan	nan	nan	nan