Nucleotide	Sequence	Modified_mutations	Modified_read_depth	Modified_effective_depth	Modified_rate	Modified_off_target_mapped_depth	Modified_low_mapq_mapped_depth	Modified_primer_pair_1_mapped_depth	Untreated_mutations	Untreated_read_depth	Untreated_effective_depth	Untreated_rate	Untreated_off_target_mapped_depth	Untreated_low_mapq_mapped_depth	Untreated_primer_pair_1_mapped_depth	Denatured_mutations	Denatured_read_depth	Denatured_effective_depth	Denatured_rate	Denatured_off_target_mapped_depth	Denatured_low_mapq_mapped_depth	Denatured_primer_pair_1_mapped_depth	Reactivity_profile	Std_err	HQ_profile	HQ_stderr	Norm_profile	Norm_stderr
1	g	0	41465	0	nan	8	0	41465	0	0	0	nan	0	0	0	0	0	0	nan	0	0	0	nan	nan	nan	nan	nan	nan
2	g	0	41499	0	nan	8	0	41499	0	0	0	nan	0	0	0	0	0	0	nan	0	0	0	nan	nan	nan	nan	nan	nan
3	u	0	41542	0	nan	8	0	41542	0	0	0	nan	0	0	0	0	0	0	nan	0	0	0	nan	nan	nan	nan	nan	nan
4	g	0	41572	0	nan	8	0	41572	0	0	0	nan	0	0	0	0	0	0	nan	0	0	0	nan	nan	nan	nan	nan	nan
5	u	0	41611	0	nan	8	0	41611	0	0	0	nan	0	0	0	0	0	0	nan	0	0	0	nan	nan	nan	nan	nan	nan
6	a	0	41664	0	nan	8	0	41664	0	0	0	nan	0	0	0	0	0	0	nan	0	0	0	nan	nan	nan	nan	nan	nan
7	a	0	41813	0	nan	8	0	41813	0	0	0	nan	0	0	0	0	0	0	nan	0	0	0	nan	nan	nan	nan	nan	nan
8	g	0	42137	0	nan	8	0	42137	0	0	0	nan	0	0	0	0	0	0	nan	0	0	0	nan	nan	nan	nan	nan	nan
9	g	0	44883	0	nan	8	0	44883	0	0	0	nan	0	0	0	0	0	0	nan	0	0	0	nan	nan	nan	nan	nan	nan
10	g	0	253497	0	nan	8	0	253497	0	0	0	nan	0	0	0	0	0	0	nan	0	0	0	nan	nan	nan	nan	nan	nan
11	u	0	263020	0	nan	9	0	263020	0	0	0	nan	0	0	0	0	0	0	nan	0	0	0	nan	nan	nan	nan	nan	nan
12	g	0	263329	0	nan	9	0	263329	0	0	0	nan	0	0	0	0	0	0	nan	0	0	0	nan	nan	nan	nan	nan	nan
13	a	0	263346	0	nan	9	0	263346	0	0	0	nan	0	0	0	0	0	0	nan	0	0	0	nan	nan	nan	nan	nan	nan
14	a	0	263364	0	nan	9	0	263364	0	0	0	nan	0	0	0	0	0	0	nan	0	0	0	nan	nan	nan	nan	nan	nan
15	g	0	263435	0	nan	20	0	263435	0	0	0	nan	0	0	0	0	0	0	nan	0	0	0	nan	nan	nan	nan	nan	nan
16	u	0	263457	0	nan	20	0	263457	0	0	0	nan	0	0	0	0	0	0	nan	0	0	0	nan	nan	nan	nan	nan	nan
17	g	0	263480	0	nan	20	0	263480	0	0	0	nan	0	0	0	0	0	0	nan	0	0	0	nan	nan	nan	nan	nan	nan
18	u	0	263488	0	nan	20	0	263488	0	0	0	nan	0	0	0	0	0	0	nan	0	0	0	nan	nan	nan	nan	nan	nan
19	a	0	263591	0	nan	20	0	263591	0	0	0	nan	0	0	0	0	0	0	nan	0	0	0	nan	nan	nan	nan	nan	nan
20	A	0	263626	15	0.000000	20	0	263626	0	0	0	nan	0	0	0	0	0	0	nan	0	0	0	0.000000	0.000000	nan	nan	nan	nan
21	G	0	263682	28	0.000000	20	0	263682	0	0	0	nan	0	0	0	0	0	0	nan	0	0	0	0.000000	0.000000	nan	nan	nan	nan
22	G	0	263713	42	0.000000	20	0	263713	0	0	0	nan	0	0	0	0	0	0	nan	0	0	0	0.000000	0.000000	nan	nan	nan	nan
23	U	0	263741	253308	0.000000	20	0	263741	0	0	0	nan	0	0	0	0	0	0	nan	0	0	0	0.000000	0.000000	0.000000	0.000000	nan	nan
24	U	284	263756	260019	0.001092	20	0	263756	0	0	0	nan	0	0	0	0	0	0	nan	0	0	0	0.001092	0.000065	0.001092	0.000065	nan	nan
25	G	202	263774	258822	0.000780	20	0	263774	0	0	0	nan	0	0	0	0	0	0	nan	0	0	0	0.000780	0.000055	0.000780	0.000055	nan	nan
26	A	9315	263783	256867	0.036264	20	0	263783	0	0	0	nan	0	0	0	0	0	0	nan	0	0	0	0.036264	0.000376	0.036264	0.000376	0.923106	0.009571
27	A	10368	263792	254719	0.040704	20	0	263792	0	0	0	nan	0	0	0	0	0	0	nan	0	0	0	0.040704	0.000400	0.040704	0.000400	1.036127	0.010182
28	C	13516	263800	253217	0.053377	20	0	263800	0	0	0	nan	0	0	0	0	0	0	nan	0	0	0	0.053377	0.000459	0.053377	0.000459	1.044110	0.008979
29	U	183	263826	255487	0.000716	20	0	263826	0	0	0	nan	0	0	0	0	0	0	nan	0	0	0	0.000716	0.000053	0.000716	0.000053	nan	nan
30	U	183	263855	256599	0.000713	20	0	263849	0	0	0	nan	0	0	0	0	0	0	nan	0	0	0	0.000713	0.000053	0.000713	0.000053	nan	nan
31	U	270	263880	257838	0.001047	20	0	263874	0	0	0	nan	0	0	0	0	0	0	nan	0	0	0	0.001047	0.000064	0.001047	0.000064	nan	nan
32	U	270	263920	259155	0.001042	20	0	263914	0	0	0	nan	0	0	0	0	0	0	nan	0	0	0	0.001042	0.000063	0.001042	0.000063	nan	nan
33	G	363	263984	257838	0.001408	20	0	263978	0	0	0	nan	0	0	0	0	0	0	nan	0	0	0	0.001408	0.000074	0.001408	0.000074	nan	nan
34	A	10068	263998	256681	0.039224	20	0	263991	0	0	0	nan	0	0	0	0	0	0	nan	0	0	0	0.039224	0.000391	0.039224	0.000391	0.998454	0.009953
35	A	9169	264006	254855	0.035977	20	0	263999	0	0	0	nan	0	0	0	0	0	0	nan	0	0	0	0.035977	0.000376	0.035977	0.000376	0.915801	0.009571
36	U	247	264012	254317	0.000971	20	0	264005	0	0	0	nan	0	0	0	0	0	0	nan	0	0	0	0.000971	0.000062	0.000971	0.000062	nan	nan
37	A	9882	264019	255966	0.038607	20	0	264012	0	0	0	nan	0	0	0	0	0	0	nan	0	0	0	0.038607	0.000388	0.038607	0.000388	0.982748	0.009877
38	G	283	264044	255803	0.001106	20	0	264037	0	0	0	nan	0	0	0	0	0	0	nan	0	0	0	0.001106	0.000066	0.001106	0.000066	nan	nan
39	U	280	264067	259277	0.001080	20	0	264060	0	0	0	nan	0	0	0	0	0	0	nan	0	0	0	0.001080	0.000065	0.001080	0.000065	nan	nan
40	G	392	264103	256819	0.001526	20	0	264096	0	0	0	nan	0	0	0	0	0	0	nan	0	0	0	0.001526	0.000077	0.001526	0.000077	nan	nan
41	A	10591	264141	257510	0.041128	20	0	264134	0	0	0	nan	0	0	0	0	0	0	nan	0	0	0	0.041128	0.000400	0.041128	0.000400	1.046920	0.010182
42	U	251	264197	255931	0.000981	16	0	264190	0	0	0	nan	0	0	0	0	0	0	nan	0	0	0	0.000981	0.000062	0.000981	0.000062	nan	nan
43	U	259	264233	256227	0.001011	16	0	264226	0	0	0	nan	0	0	0	0	0	0	nan	0	0	0	0.001011	0.000063	0.001011	0.000063	nan	nan
44	C	11275	264267	254188	0.044357	15	0	264260	0	0	0	nan	0	0	0	0	0	0	nan	0	0	0	0.044357	0.000418	0.044357	0.000418	0.867669	0.008177
45	A	10063	264306	256021	0.039305	15	0	264301	0	0	0	nan	0	0	0	0	0	0	nan	0	0	0	0.039305	0.000392	0.039305	0.000392	1.000515	0.009978
46	G	268	264372	257693	0.001040	15	0	264369	0	0	0	nan	0	0	0	0	0	0	nan	0	0	0	0.001040	0.000064	0.001040	0.000064	nan	nan
47	G	257	264396	257419	0.000998	15	0	264393	0	0	0	nan	0	0	0	0	0	0	nan	0	0	0	0.000998	0.000062	0.000998	0.000062	nan	nan
48	A	8730	264403	252416	0.034586	15	0	264401	0	0	0	nan	0	0	0	0	0	0	nan	0	0	0	0.034586	0.000370	0.034586	0.000370	0.880393	0.009418
49	G	341	264477	252307	0.001352	15	0	264476	0	0	0	nan	0	0	0	0	0	0	nan	0	0	0	0.001352	0.000073	0.001352	0.000073	nan	nan
50	G	369	264505	254037	0.001453	15	0	264504	0	0	0	nan	0	0	0	0	0	0	nan	0	0	0	0.001453	0.000076	0.001453	0.000076	nan	nan
51	U	203	264516	253894	0.000800	15	0	264515	0	0	0	nan	0	0	0	0	0	0	nan	0	0	0	0.000800	0.000056	0.000800	0.000056	nan	nan
52	U	314	264530	257858	0.001218	15	0	264528	0	0	0	nan	0	0	0	0	0	0	nan	0	0	0	0.001218	0.000069	0.001218	0.000069	nan	nan
53	A	9755	264534	257456	0.037890	15	0	264532	0	0	0	nan	0	0	0	0	0	0	nan	0	0	0	0.037890	0.000384	0.037890	0.000384	0.964496	0.009775
54	A	8198	264529	258755	0.031682	15	0	264525	0	0	0	nan	0	0	0	0	0	0	nan	0	0	0	0.031682	0.000350	0.031682	0.000350	0.806471	0.008909
55	U	324	264541	260513	0.001244	14	0	264538	0	0	0	nan	0	0	0	0	0	0	nan	0	0	0	0.001244	0.000069	0.001244	0.000069	nan	nan
56	G	366	264549	261530	0.001399	14	0	264546	0	0	0	nan	0	0	0	0	0	0	nan	0	0	0	0.001399	0.000073	0.001399	0.000073	nan	nan
57	G	0	264556	259638	0.000000	14	0	264554	0	0	0	nan	0	0	0	0	0	0	nan	0	0	0	0.000000	0.000000	0.000000	0.000000	nan	nan
58	A	0	264558	0	nan	14	0	264558	0	0	0	nan	0	0	0	0	0	0	nan	0	0	0	nan	nan	nan	nan	nan	nan
59	A	0	264558	0	nan	14	0	264558	0	0	0	nan	0	0	0	0	0	0	nan	0	0	0	nan	nan	nan	nan	nan	nan
60	G	0	264558	0	nan	14	0	264558	0	0	0	nan	0	0	0	0	0	0	nan	0	0	0	nan	nan	nan	nan	nan	nan
61	u	0	264558	0	nan	14	0	264558	0	0	0	nan	0	0	0	0	0	0	nan	0	0	0	nan	nan	nan	nan	nan	nan
62	a	0	264558	0	nan	14	0	264558	0	0	0	nan	0	0	0	0	0	0	nan	0	0	0	nan	nan	nan	nan	nan	nan
63	a	0	264558	0	nan	14	0	264558	0	0	0	nan	0	0	0	0	0	0	nan	0	0	0	nan	nan	nan	nan	nan	nan
64	a	0	264558	0	nan	14	0	264558	0	0	0	nan	0	0	0	0	0	0	nan	0	0	0	nan	nan	nan	nan	nan	nan
65	g	0	264558	0	nan	14	0	264558	0	0	0	nan	0	0	0	0	0	0	nan	0	0	0	nan	nan	nan	nan	nan	nan
66	g	0	264558	0	nan	13	0	264558	0	0	0	nan	0	0	0	0	0	0	nan	0	0	0	nan	nan	nan	nan	nan	nan
67	u	0	264558	0	nan	12	0	264558	0	0	0	nan	0	0	0	0	0	0	nan	0	0	0	nan	nan	nan	nan	nan	nan
68	a	0	264558	0	nan	10	0	264558	0	0	0	nan	0	0	0	0	0	0	nan	0	0	0	nan	nan	nan	nan	nan	nan
69	a	0	264558	0	nan	10	0	264558	0	0	0	nan	0	0	0	0	0	0	nan	0	0	0	nan	nan	nan	nan	nan	nan
70	u	0	264558	0	nan	10	0	264558	0	0	0	nan	0	0	0	0	0	0	nan	0	0	0	nan	nan	nan	nan	nan	nan
71	g	0	264557	0	nan	10	0	264557	0	0	0	nan	0	0	0	0	0	0	nan	0	0	0	nan	nan	nan	nan	nan	nan
72	a	0	264553	0	nan	10	0	264553	0	0	0	nan	0	0	0	0	0	0	nan	0	0	0	nan	nan	nan	nan	nan	nan
73	a	0	264552	0	nan	10	0	264552	0	0	0	nan	0	0	0	0	0	0	nan	0	0	0	nan	nan	nan	nan	nan	nan
74	g	0	264552	0	nan	10	0	264552	0	0	0	nan	0	0	0	0	0	0	nan	0	0	0	nan	nan	nan	nan	nan	nan
75	g	0	264550	0	nan	10	0	264550	0	0	0	nan	0	0	0	0	0	0	nan	0	0	0	nan	nan	nan	nan	nan	nan
76	u	0	264542	0	nan	10	0	264542	0	0	0	nan	0	0	0	0	0	0	nan	0	0	0	nan	nan	nan	nan	nan	nan
77	g	0	264537	0	nan	10	0	264537	0	0	0	nan	0	0	0	0	0	0	nan	0	0	0	nan	nan	nan	nan	nan	nan
78	a	0	264518	0	nan	10	0	264518	0	0	0	nan	0	0	0	0	0	0	nan	0	0	0	nan	nan	nan	nan	nan	nan
79	a	0	264471	0	nan	10	0	264471	0	0	0	nan	0	0	0	0	0	0	nan	0	0	0	nan	nan	nan	nan	nan	nan
80	g	0	264309	0	nan	10	0	264309	0	0	0	nan	0	0	0	0	0	0	nan	0	0	0	nan	nan	nan	nan	nan	nan