Nucleotide	Sequence	Modified_mutations	Modified_read_depth	Modified_effective_depth	Modified_rate	Modified_off_target_mapped_depth	Modified_low_mapq_mapped_depth	Modified_primer_pair_1_mapped_depth	Untreated_mutations	Untreated_read_depth	Untreated_effective_depth	Untreated_rate	Untreated_off_target_mapped_depth	Untreated_low_mapq_mapped_depth	Untreated_primer_pair_1_mapped_depth	Denatured_mutations	Denatured_read_depth	Denatured_effective_depth	Denatured_rate	Denatured_off_target_mapped_depth	Denatured_low_mapq_mapped_depth	Denatured_primer_pair_1_mapped_depth	Reactivity_profile	Std_err	HQ_profile	HQ_stderr	Norm_profile	Norm_stderr
1	g	0	185844	0	nan	0	0	185844	0	0	0	nan	0	0	0	0	0	0	nan	0	0	0	nan	nan	nan	nan	nan	nan
2	g	0	185987	0	nan	0	0	185987	0	0	0	nan	0	0	0	0	0	0	nan	0	0	0	nan	nan	nan	nan	nan	nan
3	u	0	186081	0	nan	0	0	186081	0	0	0	nan	0	0	0	0	0	0	nan	0	0	0	nan	nan	nan	nan	nan	nan
4	g	0	186095	0	nan	0	0	186095	0	0	0	nan	0	0	0	0	0	0	nan	0	0	0	nan	nan	nan	nan	nan	nan
5	u	0	186109	0	nan	0	0	186109	0	0	0	nan	0	0	0	0	0	0	nan	0	0	0	nan	nan	nan	nan	nan	nan
6	a	0	186110	0	nan	0	0	186110	0	0	0	nan	0	0	0	0	0	0	nan	0	0	0	nan	nan	nan	nan	nan	nan
7	a	0	186111	0	nan	0	0	186111	0	0	0	nan	0	0	0	0	0	0	nan	0	0	0	nan	nan	nan	nan	nan	nan
8	g	0	186111	0	nan	0	0	186111	0	0	0	nan	0	0	0	0	0	0	nan	0	0	0	nan	nan	nan	nan	nan	nan
9	g	0	186126	0	nan	0	0	186126	0	0	0	nan	0	0	0	0	0	0	nan	0	0	0	nan	nan	nan	nan	nan	nan
10	g	0	187124	0	nan	1	0	187124	0	0	0	nan	0	0	0	0	0	0	nan	0	0	0	nan	nan	nan	nan	nan	nan
11	u	0	187153	0	nan	1	0	187153	0	0	0	nan	0	0	0	0	0	0	nan	0	0	0	nan	nan	nan	nan	nan	nan
12	g	0	187158	0	nan	1	0	187158	0	0	0	nan	0	0	0	0	0	0	nan	0	0	0	nan	nan	nan	nan	nan	nan
13	a	0	187159	0	nan	1	0	187159	0	0	0	nan	0	0	0	0	0	0	nan	0	0	0	nan	nan	nan	nan	nan	nan
14	a	0	187160	0	nan	1	0	187160	0	0	0	nan	0	0	0	0	0	0	nan	0	0	0	nan	nan	nan	nan	nan	nan
15	g	0	187160	0	nan	24	0	187160	0	0	0	nan	0	0	0	0	0	0	nan	0	0	0	nan	nan	nan	nan	nan	nan
16	u	0	187160	0	nan	24	0	187160	0	0	0	nan	0	0	0	0	0	0	nan	0	0	0	nan	nan	nan	nan	nan	nan
17	g	0	187165	0	nan	24	0	187165	0	0	0	nan	0	0	0	0	0	0	nan	0	0	0	nan	nan	nan	nan	nan	nan
18	u	0	187170	0	nan	24	0	187170	0	0	0	nan	0	0	0	0	0	0	nan	0	0	0	nan	nan	nan	nan	nan	nan
19	a	0	187173	0	nan	24	0	187173	0	0	0	nan	0	0	0	0	0	0	nan	0	0	0	nan	nan	nan	nan	nan	nan
20	A	0	187177	3	0.000000	24	0	187177	0	0	0	nan	0	0	0	0	0	0	nan	0	0	0	0.000000	0.000000	nan	nan	nan	nan
21	G	0	187184	5	0.000000	24	0	187184	0	0	0	nan	0	0	0	0	0	0	nan	0	0	0	0.000000	0.000000	nan	nan	nan	nan
22	G	0	187187	9	0.000000	24	0	187187	0	0	0	nan	0	0	0	0	0	0	nan	0	0	0	0.000000	0.000000	nan	nan	nan	nan
23	U	0	187194	186925	0.000000	24	0	187194	0	0	0	nan	0	0	0	0	0	0	nan	0	0	0	0.000000	0.000000	0.000000	0.000000	nan	nan
24	U	281	187197	186932	0.001503	24	0	187197	0	0	0	nan	0	0	0	0	0	0	nan	0	0	0	0.001503	0.000090	0.001503	0.000090	nan	nan
25	G	153	187197	185736	0.000824	24	0	187197	0	0	0	nan	0	0	0	0	0	0	nan	0	0	0	0.000824	0.000067	0.000824	0.000067	nan	nan
26	A	6380	187198	186413	0.034225	24	0	187197	0	0	0	nan	0	0	0	0	0	0	nan	0	0	0	0.034225	0.000428	0.034225	0.000428	1.184953	0.014818
27	A	5617	187198	186320	0.030147	24	0	187197	0	0	0	nan	0	0	0	0	0	0	nan	0	0	0	0.030147	0.000402	0.030147	0.000402	1.043763	0.013918
28	C	3417	187198	185821	0.018389	24	0	187197	0	0	0	nan	0	0	0	0	0	0	nan	0	0	0	0.018389	0.000315	0.018389	0.000315	1.297055	0.022218
29	U	199	187200	186458	0.001067	24	0	187199	0	0	0	nan	0	0	0	0	0	0	nan	0	0	0	0.001067	0.000076	0.001067	0.000076	nan	nan
30	U	240	187201	186630	0.001286	24	0	187200	0	0	0	nan	0	0	0	0	0	0	nan	0	0	0	0.001286	0.000083	0.001286	0.000083	nan	nan
31	U	337	187202	186703	0.001805	24	0	187197	0	0	0	nan	0	0	0	0	0	0	nan	0	0	0	0.001805	0.000098	0.001805	0.000098	nan	nan
32	U	251	187202	186620	0.001345	24	0	187181	0	0	0	nan	0	0	0	0	0	0	nan	0	0	0	0.001345	0.000085	0.001345	0.000085	nan	nan
33	G	149	187206	185241	0.000804	24	0	187177	0	0	0	nan	0	0	0	0	0	0	nan	0	0	0	0.000804	0.000066	0.000804	0.000066	nan	nan
34	A	2279	187215	186277	0.012234	24	0	187180	0	0	0	nan	0	0	0	0	0	0	nan	0	0	0	0.012234	0.000256	0.012234	0.000256	0.423571	0.008863
35	A	1598	187216	186161	0.008584	24	0	187180	0	0	0	nan	0	0	0	0	0	0	nan	0	0	0	0.008584	0.000215	0.008584	0.000215	0.297199	0.007444
36	U	151	187216	185635	0.000813	24	0	187177	0	0	0	nan	0	0	0	0	0	0	nan	0	0	0	0.000813	0.000066	0.000813	0.000066	nan	nan
37	A	20121	187217	185320	0.108574	24	0	187177	0	0	0	nan	0	0	0	0	0	0	nan	0	0	0	0.108574	0.000765	0.108574	0.000765	3.759097	0.026486
38	G	247	187232	182797	0.001351	24	0	187214	0	0	0	nan	0	0	0	0	0	0	nan	0	0	0	0.001351	0.000086	0.001351	0.000086	nan	nan
39	U	330	187234	186197	0.001772	24	0	187217	0	0	0	nan	0	0	0	0	0	0	nan	0	0	0	0.001772	0.000098	0.001772	0.000098	nan	nan
40	G	297	187235	185357	0.001602	24	0	187219	0	0	0	nan	0	0	0	0	0	0	nan	0	0	0	0.001602	0.000093	0.001602	0.000093	nan	nan
41	A	4676	187239	186363	0.025091	24	0	187227	0	0	0	nan	0	0	0	0	0	0	nan	0	0	0	0.025091	0.000367	0.025091	0.000367	0.868712	0.012706
42	U	357	187240	186485	0.001914	24	0	187233	0	0	0	nan	0	0	0	0	0	0	nan	0	0	0	0.001914	0.000101	0.001914	0.000101	nan	nan
43	U	287	187247	186715	0.001537	24	0	187241	0	0	0	nan	0	0	0	0	0	0	nan	0	0	0	0.001537	0.000091	0.001537	0.000091	nan	nan
44	C	288	187254	186694	0.001543	24	0	187247	0	0	0	nan	0	0	0	0	0	0	nan	0	0	0	0.001543	0.000091	0.001543	0.000091	0.108834	0.006419
45	A	1178	187271	186651	0.006311	24	0	187263	0	0	0	nan	0	0	0	0	0	0	nan	0	0	0	0.006311	0.000184	0.006311	0.000184	0.218502	0.006371
46	G	209	187277	185632	0.001126	24	0	187270	0	0	0	nan	0	0	0	0	0	0	nan	0	0	0	0.001126	0.000078	0.001126	0.000078	nan	nan
47	G	157	187282	185608	0.000846	24	0	187276	0	0	0	nan	0	0	0	0	0	0	nan	0	0	0	0.000846	0.000068	0.000846	0.000068	nan	nan
48	A	990	187283	186615	0.005305	24	0	187277	0	0	0	nan	0	0	0	0	0	0	nan	0	0	0	0.005305	0.000169	0.005305	0.000169	0.183672	0.005851
49	G	251	187285	185481	0.001353	24	0	187280	0	0	0	nan	0	0	0	0	0	0	nan	0	0	0	0.001353	0.000085	0.001353	0.000085	nan	nan
50	G	226	187285	185544	0.001218	24	0	187283	0	0	0	nan	0	0	0	0	0	0	nan	0	0	0	0.001218	0.000081	0.001218	0.000081	nan	nan
51	U	245	187289	186590	0.001313	24	0	187287	0	0	0	nan	0	0	0	0	0	0	nan	0	0	0	0.001313	0.000084	0.001313	0.000084	nan	nan
52	U	231	187292	186436	0.001239	24	0	187290	0	0	0	nan	0	0	0	0	0	0	nan	0	0	0	0.001239	0.000082	0.001239	0.000082	nan	nan
53	A	1943	187290	185978	0.010447	24	0	187288	0	0	0	nan	0	0	0	0	0	0	nan	0	0	0	0.010447	0.000237	0.010447	0.000237	0.361701	0.008206
54	A	1694	187171	185565	0.009129	24	0	187160	0	0	0	nan	0	0	0	0	0	0	nan	0	0	0	0.009129	0.000222	0.009129	0.000222	0.316068	0.007686
55	U	326	187175	185322	0.001759	24	0	187166	0	0	0	nan	0	0	0	0	0	0	nan	0	0	0	0.001759	0.000097	0.001759	0.000097	nan	nan
56	G	267	187191	184607	0.001446	24	0	187183	0	0	0	nan	0	0	0	0	0	0	nan	0	0	0	0.001446	0.000089	0.001446	0.000089	nan	nan
57	G	0	187209	183929	0.000000	24	0	187204	0	0	0	nan	0	0	0	0	0	0	nan	0	0	0	0.000000	0.000000	0.000000	0.000000	nan	nan
58	A	0	187222	0	nan	24	0	187222	0	0	0	nan	0	0	0	0	0	0	nan	0	0	0	nan	nan	nan	nan	nan	nan
59	A	0	187222	0	nan	24	0	187222	0	0	0	nan	0	0	0	0	0	0	nan	0	0	0	nan	nan	nan	nan	nan	nan
60	G	0	187222	0	nan	24	0	187222	0	0	0	nan	0	0	0	0	0	0	nan	0	0	0	nan	nan	nan	nan	nan	nan
61	u	0	187222	0	nan	24	0	187222	0	0	0	nan	0	0	0	0	0	0	nan	0	0	0	nan	nan	nan	nan	nan	nan
62	a	0	187222	0	nan	24	0	187222	0	0	0	nan	0	0	0	0	0	0	nan	0	0	0	nan	nan	nan	nan	nan	nan
63	a	0	187222	0	nan	24	0	187222	0	0	0	nan	0	0	0	0	0	0	nan	0	0	0	nan	nan	nan	nan	nan	nan
64	a	0	187222	0	nan	23	0	187222	0	0	0	nan	0	0	0	0	0	0	nan	0	0	0	nan	nan	nan	nan	nan	nan
65	g	0	187222	0	nan	23	0	187222	0	0	0	nan	0	0	0	0	0	0	nan	0	0	0	nan	nan	nan	nan	nan	nan
66	g	0	187222	0	nan	23	0	187222	0	0	0	nan	0	0	0	0	0	0	nan	0	0	0	nan	nan	nan	nan	nan	nan
67	u	0	187222	0	nan	23	0	187222	0	0	0	nan	0	0	0	0	0	0	nan	0	0	0	nan	nan	nan	nan	nan	nan
68	a	0	187222	0	nan	23	0	187222	0	0	0	nan	0	0	0	0	0	0	nan	0	0	0	nan	nan	nan	nan	nan	nan
69	a	0	187222	0	nan	23	0	187222	0	0	0	nan	0	0	0	0	0	0	nan	0	0	0	nan	nan	nan	nan	nan	nan
70	u	0	187222	0	nan	23	0	187222	0	0	0	nan	0	0	0	0	0	0	nan	0	0	0	nan	nan	nan	nan	nan	nan
71	g	0	187221	0	nan	23	0	187221	0	0	0	nan	0	0	0	0	0	0	nan	0	0	0	nan	nan	nan	nan	nan	nan
72	a	0	187221	0	nan	23	0	187221	0	0	0	nan	0	0	0	0	0	0	nan	0	0	0	nan	nan	nan	nan	nan	nan
73	a	0	187221	0	nan	23	0	187221	0	0	0	nan	0	0	0	0	0	0	nan	0	0	0	nan	nan	nan	nan	nan	nan
74	g	0	187218	0	nan	23	0	187218	0	0	0	nan	0	0	0	0	0	0	nan	0	0	0	nan	nan	nan	nan	nan	nan
75	g	0	187216	0	nan	23	0	187216	0	0	0	nan	0	0	0	0	0	0	nan	0	0	0	nan	nan	nan	nan	nan	nan
76	u	0	187208	0	nan	23	0	187208	0	0	0	nan	0	0	0	0	0	0	nan	0	0	0	nan	nan	nan	nan	nan	nan
77	g	0	187202	0	nan	23	0	187202	0	0	0	nan	0	0	0	0	0	0	nan	0	0	0	nan	nan	nan	nan	nan	nan
78	a	0	187201	0	nan	23	0	187201	0	0	0	nan	0	0	0	0	0	0	nan	0	0	0	nan	nan	nan	nan	nan	nan
79	a	0	187172	0	nan	23	0	187172	0	0	0	nan	0	0	0	0	0	0	nan	0	0	0	nan	nan	nan	nan	nan	nan
80	g	0	187089	0	nan	23	0	187089	0	0	0	nan	0	0	0	0	0	0	nan	0	0	0	nan	nan	nan	nan	nan	nan