Nucleotide	Sequence	Modified_mutations	Modified_read_depth	Modified_effective_depth	Modified_rate	Modified_off_target_mapped_depth	Modified_low_mapq_mapped_depth	Modified_primer_pair_1_mapped_depth	Untreated_mutations	Untreated_read_depth	Untreated_effective_depth	Untreated_rate	Untreated_off_target_mapped_depth	Untreated_low_mapq_mapped_depth	Untreated_primer_pair_1_mapped_depth	Denatured_mutations	Denatured_read_depth	Denatured_effective_depth	Denatured_rate	Denatured_off_target_mapped_depth	Denatured_low_mapq_mapped_depth	Denatured_primer_pair_1_mapped_depth	Reactivity_profile	Std_err	HQ_profile	HQ_stderr	Norm_profile	Norm_stderr
1	g	0	195401	0	nan	8	0	195401	0	0	0	nan	0	0	0	0	0	0	nan	0	0	0	nan	nan	nan	nan	nan	nan
2	g	0	195779	0	nan	8	0	195779	0	0	0	nan	0	0	0	0	0	0	nan	0	0	0	nan	nan	nan	nan	nan	nan
3	c	0	195871	0	nan	10	0	195871	0	0	0	nan	0	0	0	0	0	0	nan	0	0	0	nan	nan	nan	nan	nan	nan
4	a	0	195886	0	nan	10	0	195886	0	0	0	nan	0	0	0	0	0	0	nan	0	0	0	nan	nan	nan	nan	nan	nan
5	c	0	195923	0	nan	10	0	195923	0	0	0	nan	0	0	0	0	0	0	nan	0	0	0	nan	nan	nan	nan	nan	nan
6	c	0	197305	0	nan	10	0	197305	0	0	0	nan	0	0	0	0	0	0	nan	0	0	0	nan	nan	nan	nan	nan	nan
7	u	0	197406	0	nan	10	0	197406	0	0	0	nan	0	0	0	0	0	0	nan	0	0	0	nan	nan	nan	nan	nan	nan
8	c	0	197410	0	nan	10	0	197410	0	0	0	nan	0	0	0	0	0	0	nan	0	0	0	nan	nan	nan	nan	nan	nan
9	a	0	197421	0	nan	10	0	197421	0	0	0	nan	0	0	0	0	0	0	nan	0	0	0	nan	nan	nan	nan	nan	nan
10	u	0	197421	0	nan	10	0	197421	0	0	0	nan	0	0	0	0	0	0	nan	0	0	0	nan	nan	nan	nan	nan	nan
11	a	0	197426	0	nan	10	0	197426	0	0	0	nan	0	0	0	0	0	0	nan	0	0	0	nan	nan	nan	nan	nan	nan
12	a	0	197437	0	nan	10	0	197437	0	0	0	nan	0	0	0	0	0	0	nan	0	0	0	nan	nan	nan	nan	nan	nan
13	c	0	197439	0	nan	10	0	197439	0	0	0	nan	0	0	0	0	0	0	nan	0	0	0	nan	nan	nan	nan	nan	nan
14	a	0	197445	0	nan	10	0	197445	0	0	0	nan	0	0	0	0	0	0	nan	0	0	0	nan	nan	nan	nan	nan	nan
15	u	0	197446	0	nan	10	0	197446	0	0	0	nan	0	0	0	0	0	0	nan	0	0	0	nan	nan	nan	nan	nan	nan
16	a	0	197449	0	nan	10	0	197449	0	0	0	nan	0	0	0	0	0	0	nan	0	0	0	nan	nan	nan	nan	nan	nan
17	a	0	197451	0	nan	10	0	197451	0	0	0	nan	0	0	0	0	0	0	nan	0	0	0	nan	nan	nan	nan	nan	nan
18	c	0	197452	0	nan	10	0	197452	0	0	0	nan	0	0	0	0	0	0	nan	0	0	0	nan	nan	nan	nan	nan	nan
19	U	0	197452	0	nan	10	0	197452	0	0	0	nan	0	0	0	0	0	0	nan	0	0	0	nan	nan	nan	nan	nan	nan
20	A	0	197460	4	0.000000	10	0	197460	0	0	0	nan	0	0	0	0	0	0	nan	0	0	0	0.000000	0.000000	nan	nan	nan	nan
21	A	0	197462	6	0.000000	10	0	197462	0	0	0	nan	0	0	0	0	0	0	nan	0	0	0	0.000000	0.000000	nan	nan	nan	nan
22	G	0	197465	195534	0.000000	10	0	197465	0	0	0	nan	0	0	0	0	0	0	nan	0	0	0	0.000000	0.000000	0.000000	0.000000	nan	nan
23	G	165	197470	192581	0.000857	10	0	197470	0	0	0	nan	0	0	0	0	0	0	nan	0	0	0	0.000857	0.000067	0.000857	0.000067	nan	nan
24	C	3997	197474	195372	0.020458	10	0	197474	0	0	0	nan	0	0	0	0	0	0	nan	0	0	0	0.020458	0.000324	0.020458	0.000324	0.841175	0.013322
25	A	2769	197479	195925	0.014133	10	0	197479	0	0	0	nan	0	0	0	0	0	0	nan	0	0	0	0.014133	0.000269	0.014133	0.000269	0.845629	0.016095
26	G	142	197487	190592	0.000745	10	0	197485	0	0	0	nan	0	0	0	0	0	0	nan	0	0	0	0.000745	0.000063	0.000745	0.000063	nan	nan
27	A	2360	197504	191297	0.012337	10	0	197501	0	0	0	nan	0	0	0	0	0	0	nan	0	0	0	0.012337	0.000254	0.012337	0.000254	0.738168	0.015198
28	U	1099	197507	191094	0.005751	10	0	197501	0	0	0	nan	0	0	0	0	0	0	nan	0	0	0	0.005751	0.000173	0.005751	0.000173	1.093970	0.032909
29	C	3773	197508	195883	0.019261	10	0	197501	0	0	0	nan	0	0	0	0	0	0	nan	0	0	0	0.019261	0.000314	0.019261	0.000314	0.791957	0.012911
30	U	803	197512	195770	0.004102	10	0	197502	0	0	0	nan	0	0	0	0	0	0	nan	0	0	0	0.004102	0.000145	0.004102	0.000145	0.780293	0.027582
31	G	176	197512	194831	0.000903	10	0	197502	0	0	0	nan	0	0	0	0	0	0	nan	0	0	0	0.000903	0.000068	0.000903	0.000068	nan	nan
32	A	3265	197512	195361	0.016713	10	0	197501	0	0	0	nan	0	0	0	0	0	0	nan	0	0	0	0.016713	0.000292	0.016713	0.000292	1.000000	0.017471
33	G	169	197513	192268	0.000879	10	0	197503	0	0	0	nan	0	0	0	0	0	0	nan	0	0	0	0.000879	0.000068	0.000879	0.000068	nan	nan
34	C	3858	197513	190076	0.020297	10	0	197499	0	0	0	nan	0	0	0	0	0	0	nan	0	0	0	0.020297	0.000327	0.020297	0.000327	0.834555	0.013445
35	C	3647	197516	181766	0.020064	10	0	197498	0	0	0	nan	0	0	0	0	0	0	nan	0	0	0	0.020064	0.000332	0.020064	0.000332	0.824975	0.013651
36	U	864	197526	181385	0.004763	10	0	197506	0	0	0	nan	0	0	0	0	0	0	nan	0	0	0	0.004763	0.000162	0.004763	0.000162	0.906030	0.030816
37	U	1184	197534	184924	0.006403	10	0	197508	0	0	0	nan	0	0	0	0	0	0	nan	0	0	0	0.006403	0.000186	0.006403	0.000186	1.217995	0.035381
38	C	4671	197539	193326	0.024161	10	0	197500	0	0	0	nan	0	0	0	0	0	0	nan	0	0	0	0.024161	0.000354	0.024161	0.000354	0.993432	0.014555
39	G	153	197581	192811	0.000794	10	0	197545	0	0	0	nan	0	0	0	0	0	0	nan	0	0	0	0.000794	0.000064	0.000794	0.000064	nan	nan
40	G	148	197615	193473	0.000765	10	0	197601	0	0	0	nan	0	0	0	0	0	0	nan	0	0	0	0.000765	0.000063	0.000765	0.000063	nan	nan
41	G	140	197616	192590	0.000727	10	0	197606	0	0	0	nan	0	0	0	0	0	0	nan	0	0	0	0.000727	0.000061	0.000727	0.000061	nan	nan
42	A	3287	197615	193564	0.016981	10	0	197603	0	0	0	nan	0	0	0	0	0	0	nan	0	0	0	0.016981	0.000296	0.016981	0.000296	1.016035	0.017711
43	G	242	197617	192281	0.001259	10	0	197612	0	0	0	nan	0	0	0	0	0	0	nan	0	0	0	0.001259	0.000081	0.001259	0.000081	nan	nan
44	C	4169	197618	195774	0.021295	10	0	197613	0	0	0	nan	0	0	0	0	0	0	nan	0	0	0	0.021295	0.000330	0.021295	0.000330	0.875590	0.013569
45	U	664	197618	195891	0.003390	10	0	197614	0	0	0	nan	0	0	0	0	0	0	nan	0	0	0	0.003390	0.000132	0.003390	0.000132	0.644854	0.025109
46	C	3941	197617	196037	0.020103	10	0	197613	0	0	0	nan	0	0	0	0	0	0	nan	0	0	0	0.020103	0.000320	0.020103	0.000320	0.826578	0.013157
47	U	897	197615	195895	0.004579	10	0	197607	0	0	0	nan	0	0	0	0	0	0	nan	0	0	0	0.004579	0.000153	0.004579	0.000153	0.871029	0.029104
48	C	4761	197614	195328	0.024374	10	0	197597	0	0	0	nan	0	0	0	0	0	0	nan	0	0	0	0.024374	0.000353	0.024374	0.000353	1.002189	0.014514
49	U	709	197616	195366	0.003629	10	0	197602	0	0	0	nan	0	0	0	0	0	0	nan	0	0	0	0.003629	0.000136	0.003629	0.000136	0.690318	0.025870
50	G	223	197620	193325	0.001153	10	0	197610	0	0	0	nan	0	0	0	0	0	0	nan	0	0	0	0.001153	0.000077	0.001153	0.000077	nan	nan
51	C	4938	197620	195333	0.025280	10	0	197612	0	0	0	nan	0	0	0	0	0	0	nan	0	0	0	0.025280	0.000360	0.025280	0.000360	1.039442	0.014802
52	C	4840	197621	195715	0.024730	10	0	197613	0	0	0	nan	0	0	0	0	0	0	nan	0	0	0	0.024730	0.000355	0.024730	0.000355	1.016827	0.014597
53	A	2494	197625	195990	0.012725	10	0	197620	0	0	0	nan	0	0	0	0	0	0	nan	0	0	0	0.012725	0.000255	0.012725	0.000255	0.761383	0.015258
54	A	0	197521	195700	0.000000	10	0	197521	0	0	0	nan	0	0	0	0	0	0	nan	0	0	0	0.000000	0.000000	0.000000	0.000000	0.000000	0.000000
55	U	0	197521	0	nan	5	0	197521	0	0	0	nan	0	0	0	0	0	0	nan	0	0	0	nan	nan	nan	nan	nan	nan
56	C	0	197521	0	nan	5	0	197521	0	0	0	nan	0	0	0	0	0	0	nan	0	0	0	nan	nan	nan	nan	nan	nan
57	C	0	197521	0	nan	5	0	197521	0	0	0	nan	0	0	0	0	0	0	nan	0	0	0	nan	nan	nan	nan	nan	nan
58	a	0	197521	0	nan	5	0	197521	0	0	0	nan	0	0	0	0	0	0	nan	0	0	0	nan	nan	nan	nan	nan	nan
59	c	0	197521	0	nan	5	0	197521	0	0	0	nan	0	0	0	0	0	0	nan	0	0	0	nan	nan	nan	nan	nan	nan
60	u	0	197521	0	nan	5	0	197521	0	0	0	nan	0	0	0	0	0	0	nan	0	0	0	nan	nan	nan	nan	nan	nan
61	a	0	197521	0	nan	5	0	197521	0	0	0	nan	0	0	0	0	0	0	nan	0	0	0	nan	nan	nan	nan	nan	nan
62	a	0	197521	0	nan	5	0	197521	0	0	0	nan	0	0	0	0	0	0	nan	0	0	0	nan	nan	nan	nan	nan	nan
63	c	0	197521	0	nan	0	0	197521	0	0	0	nan	0	0	0	0	0	0	nan	0	0	0	nan	nan	nan	nan	nan	nan
64	c	0	197521	0	nan	0	0	197521	0	0	0	nan	0	0	0	0	0	0	nan	0	0	0	nan	nan	nan	nan	nan	nan
65	u	0	197521	0	nan	0	0	197521	0	0	0	nan	0	0	0	0	0	0	nan	0	0	0	nan	nan	nan	nan	nan	nan
66	c	0	197521	0	nan	0	0	197521	0	0	0	nan	0	0	0	0	0	0	nan	0	0	0	nan	nan	nan	nan	nan	nan
67	a	0	197521	0	nan	0	0	197521	0	0	0	nan	0	0	0	0	0	0	nan	0	0	0	nan	nan	nan	nan	nan	nan
68	c	0	197521	0	nan	0	0	197521	0	0	0	nan	0	0	0	0	0	0	nan	0	0	0	nan	nan	nan	nan	nan	nan
69	u	0	197518	0	nan	0	0	197518	0	0	0	nan	0	0	0	0	0	0	nan	0	0	0	nan	nan	nan	nan	nan	nan
70	c	0	197518	0	nan	0	0	197518	0	0	0	nan	0	0	0	0	0	0	nan	0	0	0	nan	nan	nan	nan	nan	nan
71	a	0	197518	0	nan	0	0	197518	0	0	0	nan	0	0	0	0	0	0	nan	0	0	0	nan	nan	nan	nan	nan	nan
72	c	0	197514	0	nan	0	0	197514	0	0	0	nan	0	0	0	0	0	0	nan	0	0	0	nan	nan	nan	nan	nan	nan
73	a	0	197507	0	nan	0	0	197507	0	0	0	nan	0	0	0	0	0	0	nan	0	0	0	nan	nan	nan	nan	nan	nan
74	a	0	197449	0	nan	0	0	197449	0	0	0	nan	0	0	0	0	0	0	nan	0	0	0	nan	nan	nan	nan	nan	nan
75	u	0	197365	0	nan	0	0	197365	0	0	0	nan	0	0	0	0	0	0	nan	0	0	0	nan	nan	nan	nan	nan	nan
76	c	0	197120	0	nan	0	0	197120	0	0	0	nan	0	0	0	0	0	0	nan	0	0	0	nan	nan	nan	nan	nan	nan