Nucleotide	Sequence	Modified_mutations	Modified_read_depth	Modified_effective_depth	Modified_rate	Modified_off_target_mapped_depth	Modified_low_mapq_mapped_depth	Modified_primer_pair_1_mapped_depth	Untreated_mutations	Untreated_read_depth	Untreated_effective_depth	Untreated_rate	Untreated_off_target_mapped_depth	Untreated_low_mapq_mapped_depth	Untreated_primer_pair_1_mapped_depth	Denatured_mutations	Denatured_read_depth	Denatured_effective_depth	Denatured_rate	Denatured_off_target_mapped_depth	Denatured_low_mapq_mapped_depth	Denatured_primer_pair_1_mapped_depth	Reactivity_profile	Std_err	HQ_profile	HQ_stderr	Norm_profile	Norm_stderr
1	g	0	253392	0	nan	40	0	253392	0	0	0	nan	0	0	0	0	0	0	nan	0	0	0	nan	nan	nan	nan	nan	nan
2	g	0	253929	0	nan	40	0	253929	0	0	0	nan	0	0	0	0	0	0	nan	0	0	0	nan	nan	nan	nan	nan	nan
3	c	0	254109	0	nan	40	0	254109	0	0	0	nan	0	0	0	0	0	0	nan	0	0	0	nan	nan	nan	nan	nan	nan
4	a	0	259455	0	nan	80	0	259455	0	0	0	nan	0	0	0	0	0	0	nan	0	0	0	nan	nan	nan	nan	nan	nan
5	c	0	259568	0	nan	81	0	259568	0	0	0	nan	0	0	0	0	0	0	nan	0	0	0	nan	nan	nan	nan	nan	nan
6	c	0	259596	0	nan	81	0	259596	0	0	0	nan	0	0	0	0	0	0	nan	0	0	0	nan	nan	nan	nan	nan	nan
7	u	0	259598	0	nan	81	0	259598	0	0	0	nan	0	0	0	0	0	0	nan	0	0	0	nan	nan	nan	nan	nan	nan
8	c	0	259600	0	nan	81	0	259600	0	0	0	nan	0	0	0	0	0	0	nan	0	0	0	nan	nan	nan	nan	nan	nan
9	a	0	259600	0	nan	81	0	259600	0	0	0	nan	0	0	0	0	0	0	nan	0	0	0	nan	nan	nan	nan	nan	nan
10	u	0	259649	0	nan	81	0	259649	0	0	0	nan	0	0	0	0	0	0	nan	0	0	0	nan	nan	nan	nan	nan	nan
11	a	0	259692	0	nan	81	0	259692	0	0	0	nan	0	0	0	0	0	0	nan	0	0	0	nan	nan	nan	nan	nan	nan
12	a	0	259705	0	nan	81	0	259705	0	0	0	nan	0	0	0	0	0	0	nan	0	0	0	nan	nan	nan	nan	nan	nan
13	c	0	259710	0	nan	81	0	259710	0	0	0	nan	0	0	0	0	0	0	nan	0	0	0	nan	nan	nan	nan	nan	nan
14	a	0	259714	0	nan	81	0	259714	0	0	0	nan	0	0	0	0	0	0	nan	0	0	0	nan	nan	nan	nan	nan	nan
15	u	0	259717	0	nan	81	0	259717	0	0	0	nan	0	0	0	0	0	0	nan	0	0	0	nan	nan	nan	nan	nan	nan
16	a	0	259721	0	nan	81	0	259721	0	0	0	nan	0	0	0	0	0	0	nan	0	0	0	nan	nan	nan	nan	nan	nan
17	a	0	259722	0	nan	81	0	259722	0	0	0	nan	0	0	0	0	0	0	nan	0	0	0	nan	nan	nan	nan	nan	nan
18	c	0	259730	0	nan	81	0	259730	0	0	0	nan	0	0	0	0	0	0	nan	0	0	0	nan	nan	nan	nan	nan	nan
19	U	0	259733	1	0.000000	81	0	259733	0	0	0	nan	0	0	0	0	0	0	nan	0	0	0	0.000000	0.000000	nan	nan	nan	nan
20	A	0	259742	6	0.000000	81	0	259742	0	0	0	nan	0	0	0	0	0	0	nan	0	0	0	0.000000	0.000000	nan	nan	nan	nan
21	A	0	259749	12	0.000000	81	0	259749	0	0	0	nan	0	0	0	0	0	0	nan	0	0	0	0.000000	0.000000	nan	nan	nan	nan
22	G	0	259757	257222	0.000000	81	0	259757	0	0	0	nan	0	0	0	0	0	0	nan	0	0	0	0.000000	0.000000	0.000000	0.000000	nan	nan
23	G	245	259760	256177	0.000956	81	0	259760	0	0	0	nan	0	0	0	0	0	0	nan	0	0	0	0.000956	0.000061	0.000956	0.000061	nan	nan
24	C	4711	259770	256959	0.018334	81	0	259770	0	0	0	nan	0	0	0	0	0	0	nan	0	0	0	0.018334	0.000267	0.018334	0.000267	0.955742	0.013919
25	A	3381	259786	257698	0.013120	81	0	259786	0	0	0	nan	0	0	0	0	0	0	nan	0	0	0	0.013120	0.000226	0.013120	0.000226	1.000000	0.017226
26	G	223	259800	257829	0.000865	81	0	259800	0	0	0	nan	0	0	0	0	0	0	nan	0	0	0	0.000865	0.000058	0.000865	0.000058	nan	nan
27	A	3088	259818	258297	0.011955	81	0	259818	0	0	0	nan	0	0	0	0	0	0	nan	0	0	0	0.011955	0.000215	0.011955	0.000215	0.911204	0.016387
28	U	404	259826	257792	0.001567	81	0	259825	0	0	0	nan	0	0	0	0	0	0	nan	0	0	0	0.001567	0.000078	0.001567	0.000078	nan	nan
29	C	4323	259827	258212	0.016742	81	0	259826	0	0	0	nan	0	0	0	0	0	0	nan	0	0	0	0.016742	0.000255	0.016742	0.000255	0.872752	0.013293
30	U	478	259831	258061	0.001852	81	0	259830	0	0	0	nan	0	0	0	0	0	0	nan	0	0	0	0.001852	0.000085	0.001852	0.000085	nan	nan
31	G	204	259834	258009	0.000791	81	0	259832	0	0	0	nan	0	0	0	0	0	0	nan	0	0	0	0.000791	0.000055	0.000791	0.000055	nan	nan
32	A	3263	259835	258168	0.012639	81	0	259833	0	0	0	nan	0	0	0	0	0	0	nan	0	0	0	0.012639	0.000221	0.012639	0.000221	0.963338	0.016845
33	G	199	259837	257221	0.000774	81	0	259834	0	0	0	nan	0	0	0	0	0	0	nan	0	0	0	0.000774	0.000055	0.000774	0.000055	nan	nan
34	C	4104	259841	257090	0.015963	81	0	259834	0	0	0	nan	0	0	0	0	0	0	nan	0	0	0	0.015963	0.000249	0.015963	0.000249	0.832143	0.012980
35	U	628	259848	256676	0.002447	81	0	259833	0	0	0	nan	0	0	0	0	0	0	nan	0	0	0	0.002447	0.000098	0.002447	0.000098	nan	nan
36	U	377	259852	256459	0.001470	81	0	259827	0	0	0	nan	0	0	0	0	0	0	nan	0	0	0	0.001470	0.000076	0.001470	0.000076	nan	nan
37	G	271	259857	256399	0.001057	81	0	259801	0	0	0	nan	0	0	0	0	0	0	nan	0	0	0	0.001057	0.000064	0.001057	0.000064	nan	nan
38	G	278	259856	250018	0.001112	81	0	259799	0	0	0	nan	0	0	0	0	0	0	nan	0	0	0	0.001112	0.000067	0.001112	0.000067	nan	nan
39	G	289	259859	249185	0.001160	81	0	259811	0	0	0	nan	0	0	0	0	0	0	nan	0	0	0	0.001160	0.000068	0.001160	0.000068	nan	nan
40	A	3893	259866	250565	0.015537	81	0	259831	0	0	0	nan	0	0	0	0	0	0	nan	0	0	0	0.015537	0.000249	0.015537	0.000249	1.184223	0.018979
41	G	275	259879	256381	0.001073	80	0	259861	0	0	0	nan	0	0	0	0	0	0	nan	0	0	0	0.001073	0.000065	0.001073	0.000065	nan	nan
42	C	4421	259882	257512	0.017168	47	0	259873	0	0	0	nan	0	0	0	0	0	0	nan	0	0	0	0.017168	0.000258	0.017168	0.000258	0.894959	0.013449
43	U	336	259888	257626	0.001304	47	0	259882	0	0	0	nan	0	0	0	0	0	0	nan	0	0	0	0.001304	0.000071	0.001304	0.000071	nan	nan
44	C	4250	259890	258044	0.016470	47	0	259885	0	0	0	nan	0	0	0	0	0	0	nan	0	0	0	0.016470	0.000253	0.016470	0.000253	0.858573	0.013189
45	U	363	259890	258217	0.001406	47	0	259885	0	0	0	nan	0	0	0	0	0	0	nan	0	0	0	0.001406	0.000074	0.001406	0.000074	nan	nan
46	C	4811	259893	258406	0.018618	47	0	259888	0	0	0	nan	0	0	0	0	0	0	nan	0	0	0	0.018618	0.000268	0.018618	0.000268	0.970547	0.013971
47	U	387	259896	258357	0.001498	47	0	259892	0	0	0	nan	0	0	0	0	0	0	nan	0	0	0	0.001498	0.000076	0.001498	0.000076	nan	nan
48	G	299	259897	257418	0.001162	45	0	259893	0	0	0	nan	0	0	0	0	0	0	nan	0	0	0	0.001162	0.000067	0.001162	0.000067	nan	nan
49	C	5376	259900	257493	0.020878	45	0	259896	0	0	0	nan	0	0	0	0	0	0	nan	0	0	0	0.020878	0.000285	0.020878	0.000285	1.088359	0.014857
50	C	5542	259903	257804	0.021497	45	0	259900	0	0	0	nan	0	0	0	0	0	0	nan	0	0	0	0.021497	0.000289	0.021497	0.000289	1.120628	0.015065
51	A	2943	259905	258221	0.011397	45	0	259903	0	0	0	nan	0	0	0	0	0	0	nan	0	0	0	0.011397	0.000210	0.011397	0.000210	0.868674	0.016006
52	A	0	259908	257386	0.000000	45	0	259908	0	0	0	nan	0	0	0	0	0	0	nan	0	0	0	0.000000	0.000000	0.000000	0.000000	0.000000	0.000000
53	U	0	259904	238	0.000000	41	0	259904	0	0	0	nan	0	0	0	0	0	0	nan	0	0	0	0.000000	0.000000	nan	nan	nan	nan
54	C	0	259629	4	0.000000	38	0	259629	0	0	0	nan	0	0	0	0	0	0	nan	0	0	0	0.000000	0.000000	nan	nan	nan	nan
55	C	0	259626	1	0.000000	38	0	259626	0	0	0	nan	0	0	0	0	0	0	nan	0	0	0	0.000000	0.000000	nan	nan	nan	nan
56	a	0	259625	0	nan	38	0	259625	0	0	0	nan	0	0	0	0	0	0	nan	0	0	0	nan	nan	nan	nan	nan	nan
57	c	0	259625	0	nan	38	0	259625	0	0	0	nan	0	0	0	0	0	0	nan	0	0	0	nan	nan	nan	nan	nan	nan
58	u	0	259625	0	nan	38	0	259625	0	0	0	nan	0	0	0	0	0	0	nan	0	0	0	nan	nan	nan	nan	nan	nan
59	a	0	259625	0	nan	38	0	259625	0	0	0	nan	0	0	0	0	0	0	nan	0	0	0	nan	nan	nan	nan	nan	nan
60	a	0	259625	0	nan	38	0	259625	0	0	0	nan	0	0	0	0	0	0	nan	0	0	0	nan	nan	nan	nan	nan	nan
61	c	0	259625	0	nan	19	0	259625	0	0	0	nan	0	0	0	0	0	0	nan	0	0	0	nan	nan	nan	nan	nan	nan
62	c	0	259625	0	nan	18	0	259625	0	0	0	nan	0	0	0	0	0	0	nan	0	0	0	nan	nan	nan	nan	nan	nan
63	u	0	259625	0	nan	0	0	259625	0	0	0	nan	0	0	0	0	0	0	nan	0	0	0	nan	nan	nan	nan	nan	nan
64	c	0	259625	0	nan	0	0	259625	0	0	0	nan	0	0	0	0	0	0	nan	0	0	0	nan	nan	nan	nan	nan	nan
65	a	0	259625	0	nan	0	0	259625	0	0	0	nan	0	0	0	0	0	0	nan	0	0	0	nan	nan	nan	nan	nan	nan
66	c	0	259621	0	nan	0	0	259621	0	0	0	nan	0	0	0	0	0	0	nan	0	0	0	nan	nan	nan	nan	nan	nan
67	u	0	259620	0	nan	0	0	259620	0	0	0	nan	0	0	0	0	0	0	nan	0	0	0	nan	nan	nan	nan	nan	nan
68	c	0	259620	0	nan	0	0	259620	0	0	0	nan	0	0	0	0	0	0	nan	0	0	0	nan	nan	nan	nan	nan	nan
69	a	0	259620	0	nan	0	0	259620	0	0	0	nan	0	0	0	0	0	0	nan	0	0	0	nan	nan	nan	nan	nan	nan
70	c	0	259614	0	nan	0	0	259614	0	0	0	nan	0	0	0	0	0	0	nan	0	0	0	nan	nan	nan	nan	nan	nan
71	a	0	259614	0	nan	0	0	259614	0	0	0	nan	0	0	0	0	0	0	nan	0	0	0	nan	nan	nan	nan	nan	nan
72	a	0	259532	0	nan	0	0	259532	0	0	0	nan	0	0	0	0	0	0	nan	0	0	0	nan	nan	nan	nan	nan	nan
73	u	0	259413	0	nan	0	0	259413	0	0	0	nan	0	0	0	0	0	0	nan	0	0	0	nan	nan	nan	nan	nan	nan
74	c	0	259031	0	nan	0	0	259031	0	0	0	nan	0	0	0	0	0	0	nan	0	0	0	nan	nan	nan	nan	nan	nan