Nucleotide	Sequence	Modified_mutations	Modified_read_depth	Modified_effective_depth	Modified_rate	Modified_off_target_mapped_depth	Modified_low_mapq_mapped_depth	Modified_primer_pair_1_mapped_depth	Untreated_mutations	Untreated_read_depth	Untreated_effective_depth	Untreated_rate	Untreated_off_target_mapped_depth	Untreated_low_mapq_mapped_depth	Untreated_primer_pair_1_mapped_depth	Denatured_mutations	Denatured_read_depth	Denatured_effective_depth	Denatured_rate	Denatured_off_target_mapped_depth	Denatured_low_mapq_mapped_depth	Denatured_primer_pair_1_mapped_depth	Reactivity_profile	Std_err	HQ_profile	HQ_stderr	Norm_profile	Norm_stderr
1	g	0	709507	0	nan	0	44	709507	0	0	0	nan	0	0	0	0	0	0	nan	0	0	0	nan	nan	nan	nan	nan	nan
2	g	0	710105	0	nan	0	44	710105	0	0	0	nan	0	0	0	0	0	0	nan	0	0	0	nan	nan	nan	nan	nan	nan
3	u	0	710341	0	nan	0	44	710341	0	0	0	nan	0	0	0	0	0	0	nan	0	0	0	nan	nan	nan	nan	nan	nan
4	g	0	710432	0	nan	0	44	710432	0	0	0	nan	0	0	0	0	0	0	nan	0	0	0	nan	nan	nan	nan	nan	nan
5	u	0	710555	0	nan	0	44	710555	0	0	0	nan	0	0	0	0	0	0	nan	0	0	0	nan	nan	nan	nan	nan	nan
6	a	0	710566	0	nan	0	44	710566	0	0	0	nan	0	0	0	0	0	0	nan	0	0	0	nan	nan	nan	nan	nan	nan
7	a	0	710579	0	nan	0	44	710579	0	0	0	nan	0	0	0	0	0	0	nan	0	0	0	nan	nan	nan	nan	nan	nan
8	g	0	710616	0	nan	0	44	710616	0	0	0	nan	0	0	0	0	0	0	nan	0	0	0	nan	nan	nan	nan	nan	nan
9	g	0	711415	0	nan	0	44	711415	0	0	0	nan	0	0	0	0	0	0	nan	0	0	0	nan	nan	nan	nan	nan	nan
10	g	0	848978	0	nan	2	44	848978	0	0	0	nan	0	0	0	0	0	0	nan	0	0	0	nan	nan	nan	nan	nan	nan
11	u	0	849976	0	nan	2	44	849976	0	0	0	nan	0	0	0	0	0	0	nan	0	0	0	nan	nan	nan	nan	nan	nan
12	g	0	850717	0	nan	2	44	850717	0	0	0	nan	0	0	0	0	0	0	nan	0	0	0	nan	nan	nan	nan	nan	nan
13	a	0	850788	0	nan	2	44	850788	0	0	0	nan	0	0	0	0	0	0	nan	0	0	0	nan	nan	nan	nan	nan	nan
14	a	0	850793	0	nan	2	44	850793	0	0	0	nan	0	0	0	0	0	0	nan	0	0	0	nan	nan	nan	nan	nan	nan
15	g	0	850796	0	nan	3	44	850796	0	0	0	nan	0	0	0	0	0	0	nan	0	0	0	nan	nan	nan	nan	nan	nan
16	u	0	850829	0	nan	3	44	850829	0	0	0	nan	0	0	0	0	0	0	nan	0	0	0	nan	nan	nan	nan	nan	nan
17	g	0	850889	0	nan	3	44	850889	0	0	0	nan	0	0	0	0	0	0	nan	0	0	0	nan	nan	nan	nan	nan	nan
18	u	0	851029	0	nan	3	44	851029	0	0	0	nan	0	0	0	0	0	0	nan	0	0	0	nan	nan	nan	nan	nan	nan
19	a	0	851263	0	nan	4	44	851263	0	0	0	nan	0	0	0	0	0	0	nan	0	0	0	nan	nan	nan	nan	nan	nan
20	A	0	851689	414	0.000000	4	44	851689	0	0	0	nan	0	0	0	0	0	0	nan	0	0	0	0.000000	0.000000	nan	nan	nan	nan
21	G	0	852136	839	0.000000	6	44	852136	0	0	0	nan	0	0	0	0	0	0	nan	0	0	0	0.000000	0.000000	nan	nan	nan	nan
22	G	0	852491	1170	0.000000	6	44	852491	0	0	0	nan	0	0	0	0	0	0	nan	0	0	0	0.000000	0.000000	nan	nan	nan	nan
23	U	0	852527	850766	0.000000	6	44	852527	0	0	0	nan	0	0	0	0	0	0	nan	0	0	0	0.000000	0.000000	0.000000	0.000000	nan	nan
24	U	777	852529	850710	0.000913	6	44	852529	0	0	0	nan	0	0	0	0	0	0	nan	0	0	0	0.000913	0.000033	0.000913	0.000033	nan	nan
25	G	542	852530	850432	0.000637	6	44	852530	0	0	0	nan	0	0	0	0	0	0	nan	0	0	0	0.000637	0.000027	0.000637	0.000027	nan	nan
26	A	792	852531	835162	0.000948	6	44	852531	0	0	0	nan	0	0	0	0	0	0	nan	0	0	0	0.000948	0.000034	0.000948	0.000034	0.433272	0.015539
27	C	6623	852533	834504	0.007936	6	44	852533	0	0	0	nan	0	0	0	0	0	0	nan	0	0	0	0.007936	0.000098	0.007936	0.000098	1.622904	0.020041
28	C	944	852538	834044	0.001132	6	44	852538	0	0	0	nan	0	0	0	0	0	0	nan	0	0	0	0.001132	0.000037	0.001132	0.000037	0.231493	0.007566
29	U	681	852552	848061	0.000803	6	44	852552	0	0	0	nan	0	0	0	0	0	0	nan	0	0	0	0.000803	0.000031	0.000803	0.000031	nan	nan
30	U	952	852578	849034	0.001121	6	44	852578	0	0	0	nan	0	0	0	0	0	0	nan	0	0	0	0.001121	0.000036	0.001121	0.000036	nan	nan
31	U	1169	852638	850214	0.001375	6	44	852638	0	0	0	nan	0	0	0	0	0	0	nan	0	0	0	0.001375	0.000040	0.001375	0.000040	nan	nan
32	U	592	852786	851327	0.000695	6	44	852786	0	0	0	nan	0	0	0	0	0	0	nan	0	0	0	0.000695	0.000029	0.000695	0.000029	nan	nan
33	G	545	852919	851103	0.000640	6	44	852917	0	0	0	nan	0	0	0	0	0	0	nan	0	0	0	0.000640	0.000027	0.000640	0.000027	nan	nan
34	A	757	852992	851554	0.000889	6	44	852989	0	0	0	nan	0	0	0	0	0	0	nan	0	0	0	0.000889	0.000032	0.000889	0.000032	0.406307	0.014625
35	A	778	852994	850851	0.000914	6	44	852991	0	0	0	nan	0	0	0	0	0	0	nan	0	0	0	0.000914	0.000033	0.000914	0.000033	0.417733	0.015082
36	U	492	852996	850559	0.000578	6	44	852993	0	0	0	nan	0	0	0	0	0	0	nan	0	0	0	0.000578	0.000026	0.000578	0.000026	nan	nan
37	A	2583	853000	850793	0.003036	6	44	852996	0	0	0	nan	0	0	0	0	0	0	nan	0	0	0	0.003036	0.000060	0.003036	0.000060	1.387569	0.027422
38	G	518	853004	850005	0.000609	6	44	853000	0	0	0	nan	0	0	0	0	0	0	nan	0	0	0	0.000609	0.000027	0.000609	0.000027	nan	nan
39	U	772	853006	851385	0.000907	6	44	853004	0	0	0	nan	0	0	0	0	0	0	nan	0	0	0	0.000907	0.000033	0.000907	0.000033	nan	nan
40	G	617	853022	850528	0.000725	6	44	853020	0	0	0	nan	0	0	0	0	0	0	nan	0	0	0	0.000725	0.000029	0.000725	0.000029	nan	nan
41	A	1862	853024	850883	0.002188	6	44	853022	0	0	0	nan	0	0	0	0	0	0	nan	0	0	0	0.002188	0.000051	0.002188	0.000051	1.000000	0.023309
42	U	1352	853039	850138	0.001590	6	44	853037	0	0	0	nan	0	0	0	0	0	0	nan	0	0	0	0.001590	0.000043	0.001590	0.000043	nan	nan
43	U	1049	853053	850241	0.001234	6	45	853048	0	0	0	nan	0	0	0	0	0	0	nan	0	0	0	0.001234	0.000038	0.001234	0.000038	nan	nan
44	C	1568	853064	850475	0.001844	6	45	853062	0	0	0	nan	0	0	0	0	0	0	nan	0	0	0	0.001844	0.000047	0.001844	0.000047	0.377096	0.009611
45	A	931	853077	851240	0.001094	6	46	853074	0	0	0	nan	0	0	0	0	0	0	nan	0	0	0	0.001094	0.000036	0.001094	0.000036	0.500000	0.016453
46	G	602	853109	851225	0.000707	6	46	853108	0	0	0	nan	0	0	0	0	0	0	nan	0	0	0	0.000707	0.000029	0.000707	0.000029	nan	nan
47	G	503	853117	851546	0.000591	6	46	853116	0	0	0	nan	0	0	0	0	0	0	nan	0	0	0	0.000591	0.000026	0.000591	0.000026	nan	nan
48	A	629	853121	851809	0.000738	7	46	853120	0	0	0	nan	0	0	0	0	0	0	nan	0	0	0	0.000738	0.000029	0.000738	0.000029	0.337294	0.013254
49	G	774	853142	851564	0.000909	7	46	853142	0	0	0	nan	0	0	0	0	0	0	nan	0	0	0	0.000909	0.000033	0.000909	0.000033	nan	nan
50	G	422	853146	851045	0.000496	9	46	853146	0	0	0	nan	0	0	0	0	0	0	nan	0	0	0	0.000496	0.000024	0.000496	0.000024	nan	nan
51	U	938	853150	850995	0.001102	9	46	853150	0	0	0	nan	0	0	0	0	0	0	nan	0	0	0	0.001102	0.000036	0.001102	0.000036	nan	nan
52	U	867	853154	850684	0.001019	12	46	853154	0	0	0	nan	0	0	0	0	0	0	nan	0	0	0	0.001019	0.000035	0.001019	0.000035	nan	nan
53	A	967	853152	850756	0.001137	12	46	853152	0	0	0	nan	0	0	0	0	0	0	nan	0	0	0	0.001137	0.000037	0.001137	0.000037	0.519653	0.016910
54	A	1035	852530	849332	0.001219	12	46	852524	0	0	0	nan	0	0	0	0	0	0	nan	0	0	0	0.001219	0.000038	0.001219	0.000038	0.557130	0.017367
55	U	784	852530	849159	0.000923	12	46	852524	0	0	0	nan	0	0	0	0	0	0	nan	0	0	0	0.000923	0.000033	0.000923	0.000033	nan	nan
56	G	555	852533	849470	0.000653	10	46	852528	0	0	0	nan	0	0	0	0	0	0	nan	0	0	0	0.000653	0.000028	0.000653	0.000028	nan	nan
57	G	0	852534	849990	0.000000	10	46	852533	0	0	0	nan	0	0	0	0	0	0	nan	0	0	0	0.000000	0.000000	0.000000	0.000000	nan	nan
58	A	0	852534	0	nan	10	46	852534	0	0	0	nan	0	0	0	0	0	0	nan	0	0	0	nan	nan	nan	nan	nan	nan
59	A	0	852534	0	nan	10	46	852534	0	0	0	nan	0	0	0	0	0	0	nan	0	0	0	nan	nan	nan	nan	nan	nan
60	G	0	852534	0	nan	10	46	852534	0	0	0	nan	0	0	0	0	0	0	nan	0	0	0	nan	nan	nan	nan	nan	nan
61	u	0	852534	0	nan	10	46	852534	0	0	0	nan	0	0	0	0	0	0	nan	0	0	0	nan	nan	nan	nan	nan	nan
62	a	0	852534	0	nan	8	46	852534	0	0	0	nan	0	0	0	0	0	0	nan	0	0	0	nan	nan	nan	nan	nan	nan
63	a	0	852534	0	nan	8	46	852534	0	0	0	nan	0	0	0	0	0	0	nan	0	0	0	nan	nan	nan	nan	nan	nan
64	a	0	852534	0	nan	8	46	852534	0	0	0	nan	0	0	0	0	0	0	nan	0	0	0	nan	nan	nan	nan	nan	nan
65	g	0	852534	0	nan	8	46	852534	0	0	0	nan	0	0	0	0	0	0	nan	0	0	0	nan	nan	nan	nan	nan	nan
66	g	0	852534	0	nan	8	46	852534	0	0	0	nan	0	0	0	0	0	0	nan	0	0	0	nan	nan	nan	nan	nan	nan
67	u	0	852534	0	nan	8	46	852534	0	0	0	nan	0	0	0	0	0	0	nan	0	0	0	nan	nan	nan	nan	nan	nan
68	a	0	852534	0	nan	8	46	852534	0	0	0	nan	0	0	0	0	0	0	nan	0	0	0	nan	nan	nan	nan	nan	nan
69	a	0	852534	0	nan	8	46	852534	0	0	0	nan	0	0	0	0	0	0	nan	0	0	0	nan	nan	nan	nan	nan	nan
70	u	0	852534	0	nan	8	46	852534	0	0	0	nan	0	0	0	0	0	0	nan	0	0	0	nan	nan	nan	nan	nan	nan
71	g	0	852534	0	nan	8	46	852534	0	0	0	nan	0	0	0	0	0	0	nan	0	0	0	nan	nan	nan	nan	nan	nan
72	a	0	852527	0	nan	8	46	852527	0	0	0	nan	0	0	0	0	0	0	nan	0	0	0	nan	nan	nan	nan	nan	nan
73	a	0	852526	0	nan	8	46	852526	0	0	0	nan	0	0	0	0	0	0	nan	0	0	0	nan	nan	nan	nan	nan	nan
74	g	0	852525	0	nan	8	46	852525	0	0	0	nan	0	0	0	0	0	0	nan	0	0	0	nan	nan	nan	nan	nan	nan
75	g	0	852521	0	nan	8	46	852521	0	0	0	nan	0	0	0	0	0	0	nan	0	0	0	nan	nan	nan	nan	nan	nan
76	u	0	852502	0	nan	8	46	852502	0	0	0	nan	0	0	0	0	0	0	nan	0	0	0	nan	nan	nan	nan	nan	nan
77	g	0	852491	0	nan	8	46	852491	0	0	0	nan	0	0	0	0	0	0	nan	0	0	0	nan	nan	nan	nan	nan	nan
78	a	0	852450	0	nan	8	46	852450	0	0	0	nan	0	0	0	0	0	0	nan	0	0	0	nan	nan	nan	nan	nan	nan
79	a	0	852304	0	nan	8	46	852304	0	0	0	nan	0	0	0	0	0	0	nan	0	0	0	nan	nan	nan	nan	nan	nan
80	g	0	851780	0	nan	8	46	851780	0	0	0	nan	0	0	0	0	0	0	nan	0	0	0	nan	nan	nan	nan	nan	nan