Nucleotide	Sequence	Modified_mutations	Modified_read_depth	Modified_effective_depth	Modified_rate	Modified_off_target_mapped_depth	Modified_low_mapq_mapped_depth	Modified_primer_pair_1_mapped_depth	Untreated_mutations	Untreated_read_depth	Untreated_effective_depth	Untreated_rate	Untreated_off_target_mapped_depth	Untreated_low_mapq_mapped_depth	Untreated_primer_pair_1_mapped_depth	Denatured_mutations	Denatured_read_depth	Denatured_effective_depth	Denatured_rate	Denatured_off_target_mapped_depth	Denatured_low_mapq_mapped_depth	Denatured_primer_pair_1_mapped_depth	Reactivity_profile	Std_err	HQ_profile	HQ_stderr	Norm_profile	Norm_stderr
1	g	0	6188904	0	nan	27	1478	6188904	0	0	0	nan	0	0	0	0	0	0	nan	0	0	0	nan	nan	nan	nan	nan	nan
2	g	0	6322120	0	nan	27	1486	6322120	0	0	0	nan	0	0	0	0	0	0	nan	0	0	0	nan	nan	nan	nan	nan	nan
3	u	0	6366593	0	nan	27	1491	6366593	0	0	0	nan	0	0	0	0	0	0	nan	0	0	0	nan	nan	nan	nan	nan	nan
4	g	0	6381271	0	nan	27	1520	6381271	0	0	0	nan	0	0	0	0	0	0	nan	0	0	0	nan	nan	nan	nan	nan	nan
5	u	0	6389257	0	nan	27	1535	6389257	0	0	0	nan	0	0	0	0	0	0	nan	0	0	0	nan	nan	nan	nan	nan	nan
6	a	0	6399646	0	nan	28	1771	6399646	0	0	0	nan	0	0	0	0	0	0	nan	0	0	0	nan	nan	nan	nan	nan	nan
7	a	0	6404515	0	nan	28	1772	6404515	0	0	0	nan	0	0	0	0	0	0	nan	0	0	0	nan	nan	nan	nan	nan	nan
8	g	0	6407005	0	nan	28	1773	6407005	0	0	0	nan	0	0	0	0	0	0	nan	0	0	0	nan	nan	nan	nan	nan	nan
9	g	0	6410170	0	nan	28	1773	6410170	0	0	0	nan	0	0	0	0	0	0	nan	0	0	0	nan	nan	nan	nan	nan	nan
10	g	0	6415190	0	nan	28	1781	6415190	0	0	0	nan	0	0	0	0	0	0	nan	0	0	0	nan	nan	nan	nan	nan	nan
11	u	0	6424505	0	nan	28	1781	6424505	0	0	0	nan	0	0	0	0	0	0	nan	0	0	0	nan	nan	nan	nan	nan	nan
12	g	0	6447773	0	nan	142	1868	6447773	0	0	0	nan	0	0	0	0	0	0	nan	0	0	0	nan	nan	nan	nan	nan	nan
13	a	0	6479267	0	nan	144	1869	6479267	0	0	0	nan	0	0	0	0	0	0	nan	0	0	0	nan	nan	nan	nan	nan	nan
14	a	0	6516583	0	nan	183	1869	6516583	0	0	0	nan	0	0	0	0	0	0	nan	0	0	0	nan	nan	nan	nan	nan	nan
15	g	0	6547534	0	nan	280	1871	6547534	0	0	0	nan	0	0	0	0	0	0	nan	0	0	0	nan	nan	nan	nan	nan	nan
16	u	0	6574855	0	nan	282	1871	6574855	0	0	0	nan	0	0	0	0	0	0	nan	0	0	0	nan	nan	nan	nan	nan	nan
17	g	0	6587619	0	nan	290	1892	6587619	0	0	0	nan	0	0	0	0	0	0	nan	0	0	0	nan	nan	nan	nan	nan	nan
18	u	0	6595329	0	nan	295	1895	6595329	0	0	0	nan	0	0	0	0	0	0	nan	0	0	0	nan	nan	nan	nan	nan	nan
19	a	0	6601012	0	nan	295	1980	6601012	0	0	0	nan	0	0	0	0	0	0	nan	0	0	0	nan	nan	nan	nan	nan	nan
20	A	0	6603211	461	0.000000	295	1980	6603211	0	0	0	nan	0	0	0	0	0	0	nan	0	0	0	0.000000	0.000000	nan	nan	nan	nan
21	G	0	6604115	484	0.000000	295	1980	6604115	0	0	0	nan	0	0	0	0	0	0	nan	0	0	0	0.000000	0.000000	nan	nan	nan	nan
22	G	0	6605541	851	0.000000	296	1980	6605541	0	0	0	nan	0	0	0	0	0	0	nan	0	0	0	0.000000	0.000000	nan	nan	nan	nan
23	U	0	6608828	5362226	0.000000	296	1980	6608828	0	0	0	nan	0	0	0	0	0	0	nan	0	0	0	0.000000	0.000000	0.000000	0.000000	0.000000	0.000000
24	U	23140	6610450	5337086	0.004336	296	1980	6610450	0	0	0	nan	0	0	0	0	0	0	nan	0	0	0	0.004336	0.000029	0.004336	0.000029	0.805050	0.005384
25	G	4710	6620079	5382558	0.000875	296	1980	6620079	0	0	0	nan	0	0	0	0	0	0	nan	0	0	0	0.000875	0.000013	0.000875	0.000013	0.184133	0.002736
26	A	4186	6658339	5787365	0.000723	296	1980	6658309	0	0	0	nan	0	0	0	0	0	0	nan	0	0	0	0.000723	0.000011	0.000723	0.000011	nan	nan
27	C	28587	6667851	5626177	0.005081	296	1980	6667793	0	0	0	nan	0	0	0	0	0	0	nan	0	0	0	0.005081	0.000030	0.005081	0.000030	0.705107	0.004163
28	C	50298	6669069	5390161	0.009331	296	1980	6668941	0	0	0	nan	0	0	0	0	0	0	nan	0	0	0	0.009331	0.000042	0.009331	0.000042	1.294893	0.005828
29	U	16455	6674105	5248406	0.003135	296	1980	6673955	0	0	0	nan	0	0	0	0	0	0	nan	0	0	0	0.003135	0.000024	0.003135	0.000024	0.582065	0.004456
30	U	9361	6681554	5338710	0.001753	296	1980	6681381	0	0	0	nan	0	0	0	0	0	0	nan	0	0	0	0.001753	0.000018	0.001753	0.000018	0.325473	0.003342
31	U	7868	6690167	5347228	0.001471	296	1980	6689954	0	0	0	nan	0	0	0	0	0	0	nan	0	0	0	0.001471	0.000017	0.001471	0.000017	0.273115	0.003156
32	U	30194	6698782	5605534	0.005386	296	1980	6698559	0	0	0	nan	0	0	0	0	0	0	nan	0	0	0	0.005386	0.000031	0.005386	0.000031	1.000000	0.005756
33	G	1784	6775623	5801627	0.000307	299	1980	6775401	0	0	0	nan	0	0	0	0	0	0	nan	0	0	0	0.000307	0.000007	0.000307	0.000007	0.064604	0.001473
34	A	2324	6820028	6371310	0.000365	299	1980	6819848	0	0	0	nan	0	0	0	0	0	0	nan	0	0	0	0.000365	0.000008	0.000365	0.000008	nan	nan
35	A	8354	6834576	6320002	0.001322	299	1980	6834403	0	0	0	nan	0	0	0	0	0	0	nan	0	0	0	0.001322	0.000014	0.001322	0.000014	nan	nan
36	U	4109	6836287	6261353	0.000656	299	1980	6836104	0	0	0	nan	0	0	0	0	0	0	nan	0	0	0	0.000656	0.000010	0.000656	0.000010	0.121797	0.001857
37	A	8935	6839540	5817779	0.001536	299	1980	6839350	0	0	0	nan	0	0	0	0	0	0	nan	0	0	0	0.001536	0.000016	0.001536	0.000016	nan	nan
38	G	10584	6840029	5706259	0.001855	303	1980	6839840	0	0	0	nan	0	0	0	0	0	0	nan	0	0	0	0.001855	0.000018	0.001855	0.000018	0.390362	0.003788
39	U	7792	6841642	5650124	0.001379	303	1980	6841452	0	0	0	nan	0	0	0	0	0	0	nan	0	0	0	0.001379	0.000016	0.001379	0.000016	0.256034	0.002971
40	G	5183	6845200	5888039	0.000880	303	1980	6845011	0	0	0	nan	0	0	0	0	0	0	nan	0	0	0	0.000880	0.000012	0.000880	0.000012	0.185185	0.002525
41	A	12572	6856731	5847548	0.002150	303	1980	6856540	0	0	0	nan	0	0	0	0	0	0	nan	0	0	0	0.002150	0.000019	0.002150	0.000019	nan	nan
42	U	28460	6859009	5651142	0.005036	303	1980	6858811	0	0	0	nan	0	0	0	0	0	0	nan	0	0	0	0.005036	0.000030	0.005036	0.000030	0.935017	0.005570
43	U	12654	6864018	5580924	0.002267	305	1980	6863817	0	0	0	nan	0	0	0	0	0	0	nan	0	0	0	0.002267	0.000020	0.002267	0.000020	0.420906	0.003713
44	C	10281	6876267	5654813	0.001818	305	1980	6876078	0	0	0	nan	0	0	0	0	0	0	nan	0	0	0	0.001818	0.000018	0.001818	0.000018	0.252290	0.002498
45	A	7813	6885218	5750048	0.001359	303	1980	6884998	0	0	0	nan	0	0	0	0	0	0	nan	0	0	0	0.001359	0.000015	0.001359	0.000015	nan	nan
46	G	3487	6891996	5617336	0.000621	301	1980	6891792	0	0	0	nan	0	0	0	0	0	0	nan	0	0	0	0.000621	0.000011	0.000621	0.000011	0.130682	0.002315
47	G	12419	6908970	5743656	0.002162	296	1980	6908775	0	0	0	nan	0	0	0	0	0	0	nan	0	0	0	0.002162	0.000019	0.002162	0.000019	0.454966	0.003998
48	A	2645	6931317	5514670	0.000480	295	1980	6931139	0	0	0	nan	0	0	0	0	0	0	nan	0	0	0	0.000480	0.000009	0.000480	0.000009	nan	nan
49	G	41187	6935421	5609438	0.007342	294	1980	6935267	0	0	0	nan	0	0	0	0	0	0	nan	0	0	0	0.007342	0.000036	0.007342	0.000036	1.545034	0.007576
50	G	1072	6951880	5359619	0.000200	295	1980	6951774	0	0	0	nan	0	0	0	0	0	0	nan	0	0	0	0.000200	0.000006	0.000200	0.000006	0.042088	0.001263
51	U	39439	6961851	5624925	0.007011	295	1980	6961773	0	0	0	nan	0	0	0	0	0	0	nan	0	0	0	0.007011	0.000035	0.007011	0.000035	1.301708	0.006498
52	U	25362	6978795	5733235	0.004424	296	1980	6978734	0	0	0	nan	0	0	0	0	0	0	nan	0	0	0	0.004424	0.000028	0.004424	0.000028	0.821389	0.005199
53	A	2479	6993846	6218642	0.000399	294	1980	6993796	0	0	0	nan	0	0	0	0	0	0	nan	0	0	0	0.000399	0.000008	0.000399	0.000008	nan	nan
54	A	3111	7002074	6292013	0.000494	293	1980	7002033	0	0	0	nan	0	0	0	0	0	0	nan	0	0	0	0.000494	0.000009	0.000494	0.000009	nan	nan
55	U	27236	7003623	6216185	0.004381	292	1980	7003591	0	0	0	nan	0	0	0	0	0	0	nan	0	0	0	0.004381	0.000027	0.004381	0.000027	0.813405	0.005013
56	G	2902	7006708	6010418	0.000483	289	1980	7006684	0	0	0	nan	0	0	0	0	0	0	nan	0	0	0	0.000483	0.000009	0.000483	0.000009	0.101641	0.001894
57	G	0	7008430	6308667	0.000000	287	1980	7008422	0	0	0	nan	0	0	0	0	0	0	nan	0	0	0	0.000000	0.000000	0.000000	0.000000	0.000000	0.000000
58	A	0	7010823	82	0.000000	286	1980	7010823	0	0	0	nan	0	0	0	0	0	0	nan	0	0	0	0.000000	0.000000	nan	nan	nan	nan
59	A	0	7010736	95	0.000000	286	1980	7010736	0	0	0	nan	0	0	0	0	0	0	nan	0	0	0	0.000000	0.000000	nan	nan	nan	nan
60	G	0	7010649	64	0.000000	286	1980	7010649	0	0	0	nan	0	0	0	0	0	0	nan	0	0	0	0.000000	0.000000	nan	nan	nan	nan
61	u	0	7010537	0	nan	285	1980	7010537	0	0	0	nan	0	0	0	0	0	0	nan	0	0	0	nan	nan	nan	nan	nan	nan
62	a	0	7010284	0	nan	276	1980	7010284	0	0	0	nan	0	0	0	0	0	0	nan	0	0	0	nan	nan	nan	nan	nan	nan
63	a	0	7010152	0	nan	267	1979	7010152	0	0	0	nan	0	0	0	0	0	0	nan	0	0	0	nan	nan	nan	nan	nan	nan
64	a	0	7010115	0	nan	265	1975	7010115	0	0	0	nan	0	0	0	0	0	0	nan	0	0	0	nan	nan	nan	nan	nan	nan
65	g	0	7010076	0	nan	260	1654	7010076	0	0	0	nan	0	0	0	0	0	0	nan	0	0	0	nan	nan	nan	nan	nan	nan
66	g	0	7010061	0	nan	247	1640	7010061	0	0	0	nan	0	0	0	0	0	0	nan	0	0	0	nan	nan	nan	nan	nan	nan
67	u	0	7010045	0	nan	240	1639	7010045	0	0	0	nan	0	0	0	0	0	0	nan	0	0	0	nan	nan	nan	nan	nan	nan
68	a	0	7010026	0	nan	239	1560	7010026	0	0	0	nan	0	0	0	0	0	0	nan	0	0	0	nan	nan	nan	nan	nan	nan
69	a	0	7010001	0	nan	239	1549	7010001	0	0	0	nan	0	0	0	0	0	0	nan	0	0	0	nan	nan	nan	nan	nan	nan
70	u	0	7009941	0	nan	235	1528	7009941	0	0	0	nan	0	0	0	0	0	0	nan	0	0	0	nan	nan	nan	nan	nan	nan
71	g	0	7009809	0	nan	230	1521	7009809	0	0	0	nan	0	0	0	0	0	0	nan	0	0	0	nan	nan	nan	nan	nan	nan
72	a	0	7009598	0	nan	213	1520	7009598	0	0	0	nan	0	0	0	0	0	0	nan	0	0	0	nan	nan	nan	nan	nan	nan
73	a	0	7009537	0	nan	213	1518	7009537	0	0	0	nan	0	0	0	0	0	0	nan	0	0	0	nan	nan	nan	nan	nan	nan
74	g	0	7009473	0	nan	212	1514	7009473	0	0	0	nan	0	0	0	0	0	0	nan	0	0	0	nan	nan	nan	nan	nan	nan
75	g	0	7009402	0	nan	211	1512	7009402	0	0	0	nan	0	0	0	0	0	0	nan	0	0	0	nan	nan	nan	nan	nan	nan
76	u	0	7009272	0	nan	210	1507	7009272	0	0	0	nan	0	0	0	0	0	0	nan	0	0	0	nan	nan	nan	nan	nan	nan
77	g	0	7009130	0	nan	210	1495	7009130	0	0	0	nan	0	0	0	0	0	0	nan	0	0	0	nan	nan	nan	nan	nan	nan
78	a	0	7008926	0	nan	190	1495	7008926	0	0	0	nan	0	0	0	0	0	0	nan	0	0	0	nan	nan	nan	nan	nan	nan
79	a	0	7004870	0	nan	182	1482	7004870	0	0	0	nan	0	0	0	0	0	0	nan	0	0	0	nan	nan	nan	nan	nan	nan
80	g	0	7001763	0	nan	177	1459	7001763	0	0	0	nan	0	0	0	0	0	0	nan	0	0	0	nan	nan	nan	nan	nan	nan