Nucleotide	Sequence	Modified_mutations	Modified_read_depth	Modified_effective_depth	Modified_rate	Modified_off_target_mapped_depth	Modified_low_mapq_mapped_depth	Modified_primer_pair_1_mapped_depth	Untreated_mutations	Untreated_read_depth	Untreated_effective_depth	Untreated_rate	Untreated_off_target_mapped_depth	Untreated_low_mapq_mapped_depth	Untreated_primer_pair_1_mapped_depth	Denatured_mutations	Denatured_read_depth	Denatured_effective_depth	Denatured_rate	Denatured_off_target_mapped_depth	Denatured_low_mapq_mapped_depth	Denatured_primer_pair_1_mapped_depth	Reactivity_profile	Std_err	HQ_profile	HQ_stderr	Norm_profile	Norm_stderr
1	g	0	909986	0	nan	11	39	909986	0	0	0	nan	0	0	0	0	0	0	nan	0	0	0	nan	nan	nan	nan	nan	nan
2	g	0	911837	0	nan	11	39	911837	0	0	0	nan	0	0	0	0	0	0	nan	0	0	0	nan	nan	nan	nan	nan	nan
3	u	0	912415	0	nan	11	39	912415	0	0	0	nan	0	0	0	0	0	0	nan	0	0	0	nan	nan	nan	nan	nan	nan
4	g	0	912640	0	nan	11	39	912640	0	0	0	nan	0	0	0	0	0	0	nan	0	0	0	nan	nan	nan	nan	nan	nan
5	u	0	913021	0	nan	11	39	913021	0	0	0	nan	0	0	0	0	0	0	nan	0	0	0	nan	nan	nan	nan	nan	nan
6	a	0	913090	0	nan	11	39	913090	0	0	0	nan	0	0	0	0	0	0	nan	0	0	0	nan	nan	nan	nan	nan	nan
7	a	0	913169	0	nan	11	39	913169	0	0	0	nan	0	0	0	0	0	0	nan	0	0	0	nan	nan	nan	nan	nan	nan
8	g	0	913206	0	nan	11	39	913206	0	0	0	nan	0	0	0	0	0	0	nan	0	0	0	nan	nan	nan	nan	nan	nan
9	g	0	913386	0	nan	11	39	913386	0	0	0	nan	0	0	0	0	0	0	nan	0	0	0	nan	nan	nan	nan	nan	nan
10	g	0	943845	0	nan	12	39	943845	0	0	0	nan	0	0	0	0	0	0	nan	0	0	0	nan	nan	nan	nan	nan	nan
11	u	0	944201	0	nan	12	39	944201	0	0	0	nan	0	0	0	0	0	0	nan	0	0	0	nan	nan	nan	nan	nan	nan
12	g	0	944649	0	nan	14	39	944649	0	0	0	nan	0	0	0	0	0	0	nan	0	0	0	nan	nan	nan	nan	nan	nan
13	a	0	944678	0	nan	73	39	944678	0	0	0	nan	0	0	0	0	0	0	nan	0	0	0	nan	nan	nan	nan	nan	nan
14	a	0	944699	0	nan	143	39	944699	0	0	0	nan	0	0	0	0	0	0	nan	0	0	0	nan	nan	nan	nan	nan	nan
15	g	0	944708	0	nan	266	39	944708	0	0	0	nan	0	0	0	0	0	0	nan	0	0	0	nan	nan	nan	nan	nan	nan
16	u	0	944852	0	nan	275	39	944852	0	0	0	nan	0	0	0	0	0	0	nan	0	0	0	nan	nan	nan	nan	nan	nan
17	g	0	944933	0	nan	279	39	944933	0	0	0	nan	0	0	0	0	0	0	nan	0	0	0	nan	nan	nan	nan	nan	nan
18	u	0	945090	0	nan	303	39	945090	0	0	0	nan	0	0	0	0	0	0	nan	0	0	0	nan	nan	nan	nan	nan	nan
19	a	0	945262	0	nan	381	39	945262	0	0	0	nan	0	0	0	0	0	0	nan	0	0	0	nan	nan	nan	nan	nan	nan
20	A	0	945362	79	0.000000	413	39	945362	0	0	0	nan	0	0	0	0	0	0	nan	0	0	0	0.000000	0.000000	nan	nan	nan	nan
21	G	0	945491	158	0.000000	435	39	945491	0	0	0	nan	0	0	0	0	0	0	nan	0	0	0	0.000000	0.000000	nan	nan	nan	nan
22	G	0	945566	185	0.000000	445	39	945566	0	0	0	nan	0	0	0	0	0	0	nan	0	0	0	0.000000	0.000000	nan	nan	nan	nan
23	U	0	945674	942082	0.000000	491	39	945674	0	0	0	nan	0	0	0	0	0	0	nan	0	0	0	0.000000	0.000000	0.000000	0.000000	nan	nan
24	U	1294	945744	941083	0.001375	495	39	945744	0	0	0	nan	0	0	0	0	0	0	nan	0	0	0	0.001375	0.000038	0.001375	0.000038	nan	nan
25	G	698	945778	937760	0.000744	497	39	945778	0	0	0	nan	0	0	0	0	0	0	nan	0	0	0	0.000744	0.000028	0.000744	0.000028	nan	nan
26	A	23713	945813	933374	0.025406	497	39	945790	0	0	0	nan	0	0	0	0	0	0	nan	0	0	0	0.025406	0.000165	0.025406	0.000165	1.008855	0.006552
27	A	23532	945854	932877	0.025225	510	39	945814	0	0	0	nan	0	0	0	0	0	0	nan	0	0	0	0.025225	0.000164	0.025225	0.000164	1.001668	0.006512
28	C	20297	945955	929366	0.021840	524	39	945900	0	0	0	nan	0	0	0	0	0	0	nan	0	0	0	0.021840	0.000153	0.021840	0.000153	1.050985	0.007363
29	U	946	946053	937204	0.001009	531	39	945997	0	0	0	nan	0	0	0	0	0	0	nan	0	0	0	0.001009	0.000033	0.001009	0.000033	nan	nan
30	U	1225	946234	938618	0.001305	537	39	946170	0	0	0	nan	0	0	0	0	0	0	nan	0	0	0	0.001305	0.000037	0.001305	0.000037	nan	nan
31	U	1604	946414	939713	0.001707	540	39	946342	0	0	0	nan	0	0	0	0	0	0	nan	0	0	0	0.001707	0.000043	0.001707	0.000043	nan	nan
32	U	1045	946627	940344	0.001111	561	39	946552	0	0	0	nan	0	0	0	0	0	0	nan	0	0	0	0.001111	0.000034	0.001111	0.000034	nan	nan
33	G	732	946871	937294	0.000781	569	39	946797	0	0	0	nan	0	0	0	0	0	0	nan	0	0	0	0.000781	0.000029	0.000781	0.000029	nan	nan
34	A	15083	947023	939523	0.016054	577	39	946946	0	0	0	nan	0	0	0	0	0	0	nan	0	0	0	0.016054	0.000131	0.016054	0.000131	0.637494	0.005202
35	A	11655	947130	938430	0.012420	598	39	947056	0	0	0	nan	0	0	0	0	0	0	nan	0	0	0	0.012420	0.000115	0.012420	0.000115	0.493190	0.004567
36	U	852	947237	938126	0.000908	598	39	947154	0	0	0	nan	0	0	0	0	0	0	nan	0	0	0	0.000908	0.000031	0.000908	0.000031	nan	nan
37	A	25461	947355	938307	0.027135	647	39	947275	0	0	0	nan	0	0	0	0	0	0	nan	0	0	0	0.027135	0.000170	0.027135	0.000170	1.077513	0.006751
38	G	790	947584	934372	0.000845	648	39	947506	0	0	0	nan	0	0	0	0	0	0	nan	0	0	0	0.000845	0.000030	0.000845	0.000030	nan	nan
39	U	1238	947773	941060	0.001316	653	39	947695	0	0	0	nan	0	0	0	0	0	0	nan	0	0	0	0.001316	0.000037	0.001316	0.000037	nan	nan
40	G	1043	947871	938402	0.001111	654	39	947793	0	0	0	nan	0	0	0	0	0	0	nan	0	0	0	0.001111	0.000034	0.001111	0.000034	nan	nan
41	A	17190	948108	939661	0.018294	672	39	948033	0	0	0	nan	0	0	0	0	0	0	nan	0	0	0	0.018294	0.000140	0.018294	0.000140	0.726442	0.005559
42	U	1803	948287	938922	0.001920	705	39	948217	0	0	0	nan	0	0	0	0	0	0	nan	0	0	0	0.001920	0.000045	0.001920	0.000045	nan	nan
43	U	1274	948476	939309	0.001356	708	39	948413	0	0	0	nan	0	0	0	0	0	0	nan	0	0	0	0.001356	0.000038	0.001356	0.000038	nan	nan
44	C	16508	948640	937826	0.017602	709	39	948582	0	0	0	nan	0	0	0	0	0	0	nan	0	0	0	0.017602	0.000137	0.017602	0.000137	0.847044	0.006593
45	A	16978	948840	939065	0.018080	711	39	948790	0	0	0	nan	0	0	0	0	0	0	nan	0	0	0	0.018080	0.000139	0.018080	0.000139	0.717945	0.005520
46	G	926	949034	938318	0.000987	711	39	948999	0	0	0	nan	0	0	0	0	0	0	nan	0	0	0	0.000987	0.000032	0.000987	0.000032	nan	nan
47	G	826	949197	938996	0.000880	708	39	949167	0	0	0	nan	0	0	0	0	0	0	nan	0	0	0	0.000880	0.000031	0.000880	0.000031	nan	nan
48	A	17230	949257	941109	0.018308	716	39	949226	0	0	0	nan	0	0	0	0	0	0	nan	0	0	0	0.018308	0.000139	0.018308	0.000139	0.726998	0.005520
49	G	554	949322	939160	0.000590	715	39	949302	0	0	0	nan	0	0	0	0	0	0	nan	0	0	0	0.000590	0.000025	0.000590	0.000025	nan	nan
50	G	649	949365	938234	0.000692	718	39	949349	0	0	0	nan	0	0	0	0	0	0	nan	0	0	0	0.000692	0.000027	0.000692	0.000027	nan	nan
51	U	1254	949406	940654	0.001333	726	39	949396	0	0	0	nan	0	0	0	0	0	0	nan	0	0	0	0.001333	0.000038	0.001333	0.000038	nan	nan
52	U	1168	949435	939037	0.001244	727	39	949426	0	0	0	nan	0	0	0	0	0	0	nan	0	0	0	0.001244	0.000036	0.001244	0.000036	nan	nan
53	A	23542	949450	939547	0.025057	744	39	949441	0	0	0	nan	0	0	0	0	0	0	nan	0	0	0	0.025057	0.000163	0.025057	0.000163	0.994997	0.006473
54	A	20101	948852	940648	0.021369	704	39	948828	0	0	0	nan	0	0	0	0	0	0	nan	0	0	0	0.021369	0.000151	0.021369	0.000151	0.848549	0.005996
55	U	1367	948896	941751	0.001452	703	39	948878	0	0	0	nan	0	0	0	0	0	0	nan	0	0	0	0.001452	0.000039	0.001452	0.000039	nan	nan
56	G	1015	948924	941963	0.001078	697	39	948914	0	0	0	nan	0	0	0	0	0	0	nan	0	0	0	0.001078	0.000034	0.001078	0.000034	nan	nan
57	G	0	948954	942425	0.000000	697	39	948948	0	0	0	nan	0	0	0	0	0	0	nan	0	0	0	0.000000	0.000000	0.000000	0.000000	nan	nan
58	A	0	948976	0	nan	697	39	948976	0	0	0	nan	0	0	0	0	0	0	nan	0	0	0	nan	nan	nan	nan	nan	nan
59	A	0	948976	0	nan	695	39	948976	0	0	0	nan	0	0	0	0	0	0	nan	0	0	0	nan	nan	nan	nan	nan	nan
60	G	0	948976	0	nan	695	39	948976	0	0	0	nan	0	0	0	0	0	0	nan	0	0	0	nan	nan	nan	nan	nan	nan
61	u	0	948976	0	nan	695	39	948976	0	0	0	nan	0	0	0	0	0	0	nan	0	0	0	nan	nan	nan	nan	nan	nan
62	a	0	948976	0	nan	693	39	948976	0	0	0	nan	0	0	0	0	0	0	nan	0	0	0	nan	nan	nan	nan	nan	nan
63	a	0	948976	0	nan	693	39	948976	0	0	0	nan	0	0	0	0	0	0	nan	0	0	0	nan	nan	nan	nan	nan	nan
64	a	0	948976	0	nan	693	39	948976	0	0	0	nan	0	0	0	0	0	0	nan	0	0	0	nan	nan	nan	nan	nan	nan
65	g	0	948976	0	nan	692	39	948976	0	0	0	nan	0	0	0	0	0	0	nan	0	0	0	nan	nan	nan	nan	nan	nan
66	g	0	948976	0	nan	692	39	948976	0	0	0	nan	0	0	0	0	0	0	nan	0	0	0	nan	nan	nan	nan	nan	nan
67	u	0	948976	0	nan	690	39	948976	0	0	0	nan	0	0	0	0	0	0	nan	0	0	0	nan	nan	nan	nan	nan	nan
68	a	0	948976	0	nan	686	39	948976	0	0	0	nan	0	0	0	0	0	0	nan	0	0	0	nan	nan	nan	nan	nan	nan
69	a	0	948976	0	nan	683	39	948976	0	0	0	nan	0	0	0	0	0	0	nan	0	0	0	nan	nan	nan	nan	nan	nan
70	u	0	948976	0	nan	678	39	948976	0	0	0	nan	0	0	0	0	0	0	nan	0	0	0	nan	nan	nan	nan	nan	nan
71	g	0	948971	0	nan	677	39	948971	0	0	0	nan	0	0	0	0	0	0	nan	0	0	0	nan	nan	nan	nan	nan	nan
72	a	0	948962	0	nan	677	39	948962	0	0	0	nan	0	0	0	0	0	0	nan	0	0	0	nan	nan	nan	nan	nan	nan
73	a	0	948948	0	nan	677	39	948948	0	0	0	nan	0	0	0	0	0	0	nan	0	0	0	nan	nan	nan	nan	nan	nan
74	g	0	948939	0	nan	677	39	948939	0	0	0	nan	0	0	0	0	0	0	nan	0	0	0	nan	nan	nan	nan	nan	nan
75	g	0	948919	0	nan	677	39	948919	0	0	0	nan	0	0	0	0	0	0	nan	0	0	0	nan	nan	nan	nan	nan	nan
76	u	0	948883	0	nan	677	39	948883	0	0	0	nan	0	0	0	0	0	0	nan	0	0	0	nan	nan	nan	nan	nan	nan
77	g	0	948835	0	nan	677	39	948835	0	0	0	nan	0	0	0	0	0	0	nan	0	0	0	nan	nan	nan	nan	nan	nan
78	a	0	948741	0	nan	677	38	948741	0	0	0	nan	0	0	0	0	0	0	nan	0	0	0	nan	nan	nan	nan	nan	nan
79	a	0	948469	0	nan	677	38	948469	0	0	0	nan	0	0	0	0	0	0	nan	0	0	0	nan	nan	nan	nan	nan	nan
80	g	0	947676	0	nan	677	38	947676	0	0	0	nan	0	0	0	0	0	0	nan	0	0	0	nan	nan	nan	nan	nan	nan