Nucleotide	Sequence	Modified_mutations	Modified_read_depth	Modified_effective_depth	Modified_rate	Modified_off_target_mapped_depth	Modified_low_mapq_mapped_depth	Modified_primer_pair_1_mapped_depth	Untreated_mutations	Untreated_read_depth	Untreated_effective_depth	Untreated_rate	Untreated_off_target_mapped_depth	Untreated_low_mapq_mapped_depth	Untreated_primer_pair_1_mapped_depth	Denatured_mutations	Denatured_read_depth	Denatured_effective_depth	Denatured_rate	Denatured_off_target_mapped_depth	Denatured_low_mapq_mapped_depth	Denatured_primer_pair_1_mapped_depth	Reactivity_profile	Std_err	HQ_profile	HQ_stderr	Norm_profile	Norm_stderr
1	g	0	187983	0	nan	2	3	187983	0	0	0	nan	0	0	0	0	0	0	nan	0	0	0	nan	nan	nan	nan	nan	nan
2	g	0	188140	0	nan	2	3	188140	0	0	0	nan	0	0	0	0	0	0	nan	0	0	0	nan	nan	nan	nan	nan	nan
3	u	0	188213	0	nan	2	3	188213	0	0	0	nan	0	0	0	0	0	0	nan	0	0	0	nan	nan	nan	nan	nan	nan
4	g	0	188232	0	nan	2	3	188232	0	0	0	nan	0	0	0	0	0	0	nan	0	0	0	nan	nan	nan	nan	nan	nan
5	u	0	188247	0	nan	2	3	188247	0	0	0	nan	0	0	0	0	0	0	nan	0	0	0	nan	nan	nan	nan	nan	nan
6	a	0	188247	0	nan	2	3	188247	0	0	0	nan	0	0	0	0	0	0	nan	0	0	0	nan	nan	nan	nan	nan	nan
7	a	0	188249	0	nan	2	3	188249	0	0	0	nan	0	0	0	0	0	0	nan	0	0	0	nan	nan	nan	nan	nan	nan
8	g	0	188249	0	nan	2	3	188249	0	0	0	nan	0	0	0	0	0	0	nan	0	0	0	nan	nan	nan	nan	nan	nan
9	g	0	188260	0	nan	2	3	188260	0	0	0	nan	0	0	0	0	0	0	nan	0	0	0	nan	nan	nan	nan	nan	nan
10	g	0	189219	0	nan	2	3	189219	0	0	0	nan	0	0	0	0	0	0	nan	0	0	0	nan	nan	nan	nan	nan	nan
11	u	0	189239	0	nan	2	3	189239	0	0	0	nan	0	0	0	0	0	0	nan	0	0	0	nan	nan	nan	nan	nan	nan
12	g	0	189258	0	nan	2	3	189258	0	0	0	nan	0	0	0	0	0	0	nan	0	0	0	nan	nan	nan	nan	nan	nan
13	a	0	189259	0	nan	2	3	189259	0	0	0	nan	0	0	0	0	0	0	nan	0	0	0	nan	nan	nan	nan	nan	nan
14	a	0	189259	0	nan	2	3	189259	0	0	0	nan	0	0	0	0	0	0	nan	0	0	0	nan	nan	nan	nan	nan	nan
15	g	0	189259	0	nan	13	3	189259	0	0	0	nan	0	0	0	0	0	0	nan	0	0	0	nan	nan	nan	nan	nan	nan
16	u	0	189259	0	nan	13	3	189259	0	0	0	nan	0	0	0	0	0	0	nan	0	0	0	nan	nan	nan	nan	nan	nan
17	g	0	189262	0	nan	13	3	189262	0	0	0	nan	0	0	0	0	0	0	nan	0	0	0	nan	nan	nan	nan	nan	nan
18	u	0	189264	0	nan	13	3	189264	0	0	0	nan	0	0	0	0	0	0	nan	0	0	0	nan	nan	nan	nan	nan	nan
19	a	0	189273	0	nan	13	3	189273	0	0	0	nan	0	0	0	0	0	0	nan	0	0	0	nan	nan	nan	nan	nan	nan
20	A	0	189277	3	0.000000	14	3	189277	0	0	0	nan	0	0	0	0	0	0	nan	0	0	0	0.000000	0.000000	nan	nan	nan	nan
21	G	0	189280	5	0.000000	14	3	189280	0	0	0	nan	0	0	0	0	0	0	nan	0	0	0	0.000000	0.000000	nan	nan	nan	nan
22	G	0	189293	17	0.000000	14	3	189293	0	0	0	nan	0	0	0	0	0	0	nan	0	0	0	0.000000	0.000000	nan	nan	nan	nan
23	U	0	189299	189040	0.000000	15	3	189299	0	0	0	nan	0	0	0	0	0	0	nan	0	0	0	0.000000	0.000000	0.000000	0.000000	nan	nan
24	U	235	189304	189031	0.001243	15	3	189304	0	0	0	nan	0	0	0	0	0	0	nan	0	0	0	0.001243	0.000081	0.001243	0.000081	nan	nan
25	G	150	189304	188084	0.000798	15	3	189304	0	0	0	nan	0	0	0	0	0	0	nan	0	0	0	0.000798	0.000065	0.000798	0.000065	nan	nan
26	A	7618	189304	188459	0.040423	15	3	189304	0	0	0	nan	0	0	0	0	0	0	nan	0	0	0	0.040423	0.000463	0.040423	0.000463	1.194348	0.013680
27	A	6597	189304	188346	0.035026	15	3	189304	0	0	0	nan	0	0	0	0	0	0	nan	0	0	0	0.035026	0.000431	0.035026	0.000431	1.034887	0.012734
28	C	4579	189305	187710	0.024394	15	3	189305	0	0	0	nan	0	0	0	0	0	0	nan	0	0	0	0.024394	0.000360	0.024394	0.000360	1.185398	0.017494
29	U	178	189305	188446	0.000945	15	3	189305	0	0	0	nan	0	0	0	0	0	0	nan	0	0	0	0.000945	0.000071	0.000945	0.000071	nan	nan
30	U	230	189307	188641	0.001219	15	3	189307	0	0	0	nan	0	0	0	0	0	0	nan	0	0	0	0.001219	0.000080	0.001219	0.000080	nan	nan
31	U	282	189309	188721	0.001494	15	3	189309	0	0	0	nan	0	0	0	0	0	0	nan	0	0	0	0.001494	0.000089	0.001494	0.000089	nan	nan
32	U	194	189314	188616	0.001029	15	3	189288	0	0	0	nan	0	0	0	0	0	0	nan	0	0	0	0.001029	0.000074	0.001029	0.000074	nan	nan
33	G	114	189324	187636	0.000608	15	3	189285	0	0	0	nan	0	0	0	0	0	0	nan	0	0	0	0.000608	0.000057	0.000608	0.000057	nan	nan
34	A	3055	189334	188414	0.016214	15	3	189290	0	0	0	nan	0	0	0	0	0	0	nan	0	0	0	0.016214	0.000293	0.016214	0.000293	0.479063	0.008657
35	A	2501	189337	188314	0.013281	15	3	189292	0	0	0	nan	0	0	0	0	0	0	nan	0	0	0	0.013281	0.000266	0.013281	0.000266	0.392404	0.007859
36	U	149	189338	188010	0.000793	15	3	189293	0	0	0	nan	0	0	0	0	0	0	nan	0	0	0	0.000793	0.000065	0.000793	0.000065	nan	nan
37	A	10421	189340	187842	0.055477	15	3	189294	0	0	0	nan	0	0	0	0	0	0	nan	0	0	0	0.055477	0.000543	0.055477	0.000543	1.639137	0.016044
38	G	224	189359	186178	0.001203	15	3	189342	0	0	0	nan	0	0	0	0	0	0	nan	0	0	0	0.001203	0.000080	0.001203	0.000080	nan	nan
39	U	374	189362	188462	0.001984	15	3	189345	0	0	0	nan	0	0	0	0	0	0	nan	0	0	0	0.001984	0.000103	0.001984	0.000103	nan	nan
40	G	281	189367	187812	0.001496	15	3	189350	0	0	0	nan	0	0	0	0	0	0	nan	0	0	0	0.001496	0.000089	0.001496	0.000089	nan	nan
41	A	2949	189367	188430	0.015650	15	3	189353	0	0	0	nan	0	0	0	0	0	0	nan	0	0	0	0.015650	0.000288	0.015650	0.000288	0.462399	0.008509
42	U	319	189369	188484	0.001692	16	3	189360	0	0	0	nan	0	0	0	0	0	0	nan	0	0	0	0.001692	0.000095	0.001692	0.000095	nan	nan
43	U	246	189372	188634	0.001304	16	3	189363	0	0	0	nan	0	0	0	0	0	0	nan	0	0	0	0.001304	0.000083	0.001304	0.000083	nan	nan
44	C	1721	189384	188429	0.009133	16	3	189377	0	0	0	nan	0	0	0	0	0	0	nan	0	0	0	0.009133	0.000220	0.009133	0.000220	0.443807	0.010691
45	A	2547	189395	188400	0.013519	17	3	189389	0	0	0	nan	0	0	0	0	0	0	nan	0	0	0	0.013519	0.000268	0.013519	0.000268	0.399436	0.007918
46	G	151	189407	187756	0.000804	17	3	189402	0	0	0	nan	0	0	0	0	0	0	nan	0	0	0	0.000804	0.000065	0.000804	0.000065	nan	nan
47	G	133	189411	187763	0.000708	17	3	189406	0	0	0	nan	0	0	0	0	0	0	nan	0	0	0	0.000708	0.000061	0.000708	0.000061	nan	nan
48	A	2082	189411	188415	0.011050	17	3	189406	0	0	0	nan	0	0	0	0	0	0	nan	0	0	0	0.011050	0.000242	0.011050	0.000242	0.326486	0.007150
49	G	184	189411	187700	0.000980	17	3	189408	0	0	0	nan	0	0	0	0	0	0	nan	0	0	0	0.000980	0.000072	0.000980	0.000072	nan	nan
50	G	281	189414	187498	0.001499	17	3	189411	0	0	0	nan	0	0	0	0	0	0	nan	0	0	0	0.001499	0.000089	0.001499	0.000089	nan	nan
51	U	281	189419	188398	0.001492	17	3	189417	0	0	0	nan	0	0	0	0	0	0	nan	0	0	0	0.001492	0.000089	0.001492	0.000089	nan	nan
52	U	241	189419	188084	0.001281	17	3	189417	0	0	0	nan	0	0	0	0	0	0	nan	0	0	0	0.001281	0.000083	0.001281	0.000083	nan	nan
53	A	5680	189415	187443	0.030303	17	3	189412	0	0	0	nan	0	0	0	0	0	0	nan	0	0	0	0.030303	0.000402	0.030303	0.000402	0.895340	0.011878
54	A	3774	189278	187241	0.020156	15	3	189263	0	0	0	nan	0	0	0	0	0	0	nan	0	0	0	0.020156	0.000328	0.020156	0.000328	0.595534	0.009691
55	U	303	189279	187205	0.001619	15	3	189268	0	0	0	nan	0	0	0	0	0	0	nan	0	0	0	0.001619	0.000093	0.001619	0.000093	nan	nan
56	G	230	189288	187016	0.001230	15	3	189283	0	0	0	nan	0	0	0	0	0	0	nan	0	0	0	0.001230	0.000081	0.001230	0.000081	nan	nan
57	G	0	189310	186608	0.000000	15	3	189307	0	0	0	nan	0	0	0	0	0	0	nan	0	0	0	0.000000	0.000000	0.000000	0.000000	nan	nan
58	A	0	189319	0	nan	15	3	189319	0	0	0	nan	0	0	0	0	0	0	nan	0	0	0	nan	nan	nan	nan	nan	nan
59	A	0	189319	0	nan	15	3	189319	0	0	0	nan	0	0	0	0	0	0	nan	0	0	0	nan	nan	nan	nan	nan	nan
60	G	0	189319	0	nan	15	3	189319	0	0	0	nan	0	0	0	0	0	0	nan	0	0	0	nan	nan	nan	nan	nan	nan
61	u	0	189319	0	nan	15	3	189319	0	0	0	nan	0	0	0	0	0	0	nan	0	0	0	nan	nan	nan	nan	nan	nan
62	a	0	189319	0	nan	15	3	189319	0	0	0	nan	0	0	0	0	0	0	nan	0	0	0	nan	nan	nan	nan	nan	nan
63	a	0	189319	0	nan	15	3	189319	0	0	0	nan	0	0	0	0	0	0	nan	0	0	0	nan	nan	nan	nan	nan	nan
64	a	0	189319	0	nan	14	3	189319	0	0	0	nan	0	0	0	0	0	0	nan	0	0	0	nan	nan	nan	nan	nan	nan
65	g	0	189319	0	nan	14	3	189319	0	0	0	nan	0	0	0	0	0	0	nan	0	0	0	nan	nan	nan	nan	nan	nan
66	g	0	189319	0	nan	14	3	189319	0	0	0	nan	0	0	0	0	0	0	nan	0	0	0	nan	nan	nan	nan	nan	nan
67	u	0	189319	0	nan	14	3	189319	0	0	0	nan	0	0	0	0	0	0	nan	0	0	0	nan	nan	nan	nan	nan	nan
68	a	0	189319	0	nan	13	3	189319	0	0	0	nan	0	0	0	0	0	0	nan	0	0	0	nan	nan	nan	nan	nan	nan
69	a	0	189319	0	nan	13	3	189319	0	0	0	nan	0	0	0	0	0	0	nan	0	0	0	nan	nan	nan	nan	nan	nan
70	u	0	189319	0	nan	13	3	189319	0	0	0	nan	0	0	0	0	0	0	nan	0	0	0	nan	nan	nan	nan	nan	nan
71	g	0	189319	0	nan	13	3	189319	0	0	0	nan	0	0	0	0	0	0	nan	0	0	0	nan	nan	nan	nan	nan	nan
72	a	0	189319	0	nan	13	3	189319	0	0	0	nan	0	0	0	0	0	0	nan	0	0	0	nan	nan	nan	nan	nan	nan
73	a	0	189319	0	nan	13	3	189319	0	0	0	nan	0	0	0	0	0	0	nan	0	0	0	nan	nan	nan	nan	nan	nan
74	g	0	189317	0	nan	13	3	189317	0	0	0	nan	0	0	0	0	0	0	nan	0	0	0	nan	nan	nan	nan	nan	nan
75	g	0	189316	0	nan	13	3	189316	0	0	0	nan	0	0	0	0	0	0	nan	0	0	0	nan	nan	nan	nan	nan	nan
76	u	0	189306	0	nan	13	3	189306	0	0	0	nan	0	0	0	0	0	0	nan	0	0	0	nan	nan	nan	nan	nan	nan
77	g	0	189303	0	nan	13	3	189303	0	0	0	nan	0	0	0	0	0	0	nan	0	0	0	nan	nan	nan	nan	nan	nan
78	a	0	189298	0	nan	13	3	189298	0	0	0	nan	0	0	0	0	0	0	nan	0	0	0	nan	nan	nan	nan	nan	nan
79	a	0	189259	0	nan	13	3	189259	0	0	0	nan	0	0	0	0	0	0	nan	0	0	0	nan	nan	nan	nan	nan	nan
80	g	0	189201	0	nan	13	3	189201	0	0	0	nan	0	0	0	0	0	0	nan	0	0	0	nan	nan	nan	nan	nan	nan