Nucleotide	Sequence	Modified_mutations	Modified_read_depth	Modified_effective_depth	Modified_rate	Modified_off_target_mapped_depth	Modified_low_mapq_mapped_depth	Modified_primer_pair_1_mapped_depth	Untreated_mutations	Untreated_read_depth	Untreated_effective_depth	Untreated_rate	Untreated_off_target_mapped_depth	Untreated_low_mapq_mapped_depth	Untreated_primer_pair_1_mapped_depth	Denatured_mutations	Denatured_read_depth	Denatured_effective_depth	Denatured_rate	Denatured_off_target_mapped_depth	Denatured_low_mapq_mapped_depth	Denatured_primer_pair_1_mapped_depth	Reactivity_profile	Std_err	HQ_profile	HQ_stderr	Norm_profile	Norm_stderr
1	g	0	229993	0	nan	4	0	229993	0	0	0	nan	0	0	0	0	0	0	nan	0	0	0	nan	nan	nan	nan	nan	nan
2	g	0	230459	0	nan	4	0	230459	0	0	0	nan	0	0	0	0	0	0	nan	0	0	0	nan	nan	nan	nan	nan	nan
3	c	0	230596	0	nan	6	0	230596	0	0	0	nan	0	0	0	0	0	0	nan	0	0	0	nan	nan	nan	nan	nan	nan
4	a	0	232313	0	nan	9	0	232313	0	0	0	nan	0	0	0	0	0	0	nan	0	0	0	nan	nan	nan	nan	nan	nan
5	c	0	232367	0	nan	9	0	232367	0	0	0	nan	0	0	0	0	0	0	nan	0	0	0	nan	nan	nan	nan	nan	nan
6	c	0	232379	0	nan	9	0	232379	0	0	0	nan	0	0	0	0	0	0	nan	0	0	0	nan	nan	nan	nan	nan	nan
7	u	0	232381	0	nan	9	0	232381	0	0	0	nan	0	0	0	0	0	0	nan	0	0	0	nan	nan	nan	nan	nan	nan
8	c	0	232387	0	nan	9	0	232387	0	0	0	nan	0	0	0	0	0	0	nan	0	0	0	nan	nan	nan	nan	nan	nan
9	a	0	232388	0	nan	9	0	232388	0	0	0	nan	0	0	0	0	0	0	nan	0	0	0	nan	nan	nan	nan	nan	nan
10	u	0	232405	0	nan	9	0	232405	0	0	0	nan	0	0	0	0	0	0	nan	0	0	0	nan	nan	nan	nan	nan	nan
11	a	0	232414	0	nan	9	0	232414	0	0	0	nan	0	0	0	0	0	0	nan	0	0	0	nan	nan	nan	nan	nan	nan
12	a	0	232428	0	nan	9	0	232428	0	0	0	nan	0	0	0	0	0	0	nan	0	0	0	nan	nan	nan	nan	nan	nan
13	c	0	232433	0	nan	9	0	232433	0	0	0	nan	0	0	0	0	0	0	nan	0	0	0	nan	nan	nan	nan	nan	nan
14	a	0	232434	0	nan	9	0	232434	0	0	0	nan	0	0	0	0	0	0	nan	0	0	0	nan	nan	nan	nan	nan	nan
15	u	0	232436	0	nan	9	0	232436	0	0	0	nan	0	0	0	0	0	0	nan	0	0	0	nan	nan	nan	nan	nan	nan
16	a	0	232438	0	nan	9	0	232438	0	0	0	nan	0	0	0	0	0	0	nan	0	0	0	nan	nan	nan	nan	nan	nan
17	a	0	232440	0	nan	9	0	232440	0	0	0	nan	0	0	0	0	0	0	nan	0	0	0	nan	nan	nan	nan	nan	nan
18	c	0	232448	0	nan	9	0	232448	0	0	0	nan	0	0	0	0	0	0	nan	0	0	0	nan	nan	nan	nan	nan	nan
19	U	0	232452	4	0.000000	9	0	232452	0	0	0	nan	0	0	0	0	0	0	nan	0	0	0	0.000000	0.000000	nan	nan	nan	nan
20	A	0	232464	9	0.000000	9	0	232464	0	0	0	nan	0	0	0	0	0	0	nan	0	0	0	0.000000	0.000000	nan	nan	nan	nan
21	A	0	232465	7	0.000000	9	0	232465	0	0	0	nan	0	0	0	0	0	0	nan	0	0	0	0.000000	0.000000	nan	nan	nan	nan
22	G	0	232473	229978	0.000000	9	0	232473	0	0	0	nan	0	0	0	0	0	0	nan	0	0	0	0.000000	0.000000	0.000000	0.000000	nan	nan
23	G	282	232477	226384	0.001246	9	0	232477	0	0	0	nan	0	0	0	0	0	0	nan	0	0	0	0.001246	0.000074	0.001246	0.000074	nan	nan
24	C	8549	232487	223778	0.038203	9	0	232487	0	0	0	nan	0	0	0	0	0	0	nan	0	0	0	0.038203	0.000413	0.038203	0.000413	1.000000	0.010811
25	A	3496	232521	224685	0.015560	9	0	232521	0	0	0	nan	0	0	0	0	0	0	nan	0	0	0	0.015560	0.000263	0.015560	0.000263	1.177606	0.019904
26	G	221	232531	224074	0.000986	9	0	232531	0	0	0	nan	0	0	0	0	0	0	nan	0	0	0	0.000986	0.000066	0.000986	0.000066	nan	nan
27	A	2870	232540	230873	0.012431	9	0	232539	0	0	0	nan	0	0	0	0	0	0	nan	0	0	0	0.012431	0.000232	0.012431	0.000232	0.940798	0.017558
28	U	1145	232546	230729	0.004963	9	0	232544	0	0	0	nan	0	0	0	0	0	0	nan	0	0	0	0.004963	0.000147	0.004963	0.000147	1.326119	0.039279
29	C	4634	232546	230932	0.020067	9	0	232543	0	0	0	nan	0	0	0	0	0	0	nan	0	0	0	0.020067	0.000295	0.020067	0.000295	0.525273	0.007722
30	U	830	232546	230741	0.003597	9	0	232540	0	0	0	nan	0	0	0	0	0	0	nan	0	0	0	0.003597	0.000125	0.003597	0.000125	0.961122	0.033400
31	G	240	232553	229949	0.001044	9	0	232547	0	0	0	nan	0	0	0	0	0	0	nan	0	0	0	0.001044	0.000067	0.001044	0.000067	nan	nan
32	A	2639	232557	230213	0.011463	9	0	232551	0	0	0	nan	0	0	0	0	0	0	nan	0	0	0	0.011463	0.000223	0.011463	0.000223	0.867538	0.016877
33	G	200	232559	222093	0.000901	9	0	232552	0	0	0	nan	0	0	0	0	0	0	nan	0	0	0	0.000901	0.000064	0.000901	0.000064	nan	nan
34	C	4078	232561	218901	0.018629	9	0	232552	0	0	0	nan	0	0	0	0	0	0	nan	0	0	0	0.018629	0.000292	0.018629	0.000292	0.487632	0.007643
35	C	3915	232563	219194	0.017861	9	0	232546	0	0	0	nan	0	0	0	0	0	0	nan	0	0	0	0.017861	0.000285	0.017861	0.000285	0.467529	0.007460
36	U	765	232562	223115	0.003429	9	0	232528	0	0	0	nan	0	0	0	0	0	0	nan	0	0	0	0.003429	0.000124	0.003429	0.000124	0.916232	0.033133
37	G	354	232602	226653	0.001562	9	0	232563	0	0	0	nan	0	0	0	0	0	0	nan	0	0	0	0.001562	0.000083	0.001562	0.000083	nan	nan
38	G	207	232635	226573	0.000914	9	0	232624	0	0	0	nan	0	0	0	0	0	0	nan	0	0	0	0.000914	0.000064	0.000914	0.000064	nan	nan
39	G	299	232641	226899	0.001318	9	0	232629	0	0	0	nan	0	0	0	0	0	0	nan	0	0	0	0.001318	0.000076	0.001318	0.000076	nan	nan
40	G	180	232641	227474	0.000791	9	0	232628	0	0	0	nan	0	0	0	0	0	0	nan	0	0	0	0.000791	0.000059	0.000791	0.000059	nan	nan
41	G	264	232640	226575	0.001165	9	0	232632	0	0	0	nan	0	0	0	0	0	0	nan	0	0	0	0.001165	0.000072	0.001165	0.000072	nan	nan
42	C	4326	232642	230768	0.018746	9	0	232635	0	0	0	nan	0	0	0	0	0	0	nan	0	0	0	0.018746	0.000285	0.018746	0.000285	0.490694	0.007460
43	U	632	232642	230856	0.002738	9	0	232636	0	0	0	nan	0	0	0	0	0	0	nan	0	0	0	0.002738	0.000109	0.002738	0.000109	0.731597	0.029125
44	C	4024	232645	230696	0.017443	9	0	232639	0	0	0	nan	0	0	0	0	0	0	nan	0	0	0	0.017443	0.000275	0.017443	0.000275	0.456587	0.007198
45	U	874	232644	230574	0.003791	9	0	232641	0	0	0	nan	0	0	0	0	0	0	nan	0	0	0	0.003791	0.000128	0.003791	0.000128	1.012959	0.034202
46	C	5837	232645	230326	0.025342	9	0	232643	0	0	0	nan	0	0	0	0	0	0	nan	0	0	0	0.025342	0.000332	0.025342	0.000332	0.663351	0.008690
47	U	790	232645	230223	0.003431	9	0	232642	0	0	0	nan	0	0	0	0	0	0	nan	0	0	0	0.003431	0.000122	0.003431	0.000122	0.916767	0.032599
48	G	389	232645	227624	0.001709	9	0	232638	0	0	0	nan	0	0	0	0	0	0	nan	0	0	0	0.001709	0.000087	0.001709	0.000087	nan	nan
49	C	13106	232651	229040	0.057221	9	0	232645	0	0	0	nan	0	0	0	0	0	0	nan	0	0	0	0.057221	0.000500	0.057221	0.000500	1.497814	0.013088
50	C	10603	232655	229842	0.046132	9	0	232649	0	0	0	nan	0	0	0	0	0	0	nan	0	0	0	0.046132	0.000448	0.046132	0.000448	1.207549	0.011727
51	A	2177	232657	230673	0.009438	9	0	232656	0	0	0	nan	0	0	0	0	0	0	nan	0	0	0	0.009438	0.000202	0.009438	0.000202	0.714283	0.015288
52	A	0	232658	231312	0.000000	9	0	232658	0	0	0	nan	0	0	0	0	0	0	nan	0	0	0	0.000000	0.000000	0.000000	0.000000	0.000000	0.000000
53	U	0	232643	71	0.000000	6	0	232643	0	0	0	nan	0	0	0	0	0	0	nan	0	0	0	0.000000	0.000000	nan	nan	nan	nan
54	C	0	232542	0	nan	5	0	232542	0	0	0	nan	0	0	0	0	0	0	nan	0	0	0	nan	nan	nan	nan	nan	nan
55	C	0	232542	0	nan	5	0	232542	0	0	0	nan	0	0	0	0	0	0	nan	0	0	0	nan	nan	nan	nan	nan	nan
56	a	0	232542	0	nan	5	0	232542	0	0	0	nan	0	0	0	0	0	0	nan	0	0	0	nan	nan	nan	nan	nan	nan
57	c	0	232542	0	nan	5	0	232542	0	0	0	nan	0	0	0	0	0	0	nan	0	0	0	nan	nan	nan	nan	nan	nan
58	u	0	232542	0	nan	5	0	232542	0	0	0	nan	0	0	0	0	0	0	nan	0	0	0	nan	nan	nan	nan	nan	nan
59	a	0	232542	0	nan	5	0	232542	0	0	0	nan	0	0	0	0	0	0	nan	0	0	0	nan	nan	nan	nan	nan	nan
60	a	0	232542	0	nan	5	0	232542	0	0	0	nan	0	0	0	0	0	0	nan	0	0	0	nan	nan	nan	nan	nan	nan
61	c	0	232542	0	nan	0	0	232542	0	0	0	nan	0	0	0	0	0	0	nan	0	0	0	nan	nan	nan	nan	nan	nan
62	c	0	232542	0	nan	0	0	232542	0	0	0	nan	0	0	0	0	0	0	nan	0	0	0	nan	nan	nan	nan	nan	nan
63	u	0	232542	0	nan	0	0	232542	0	0	0	nan	0	0	0	0	0	0	nan	0	0	0	nan	nan	nan	nan	nan	nan
64	c	0	232542	0	nan	0	0	232542	0	0	0	nan	0	0	0	0	0	0	nan	0	0	0	nan	nan	nan	nan	nan	nan
65	a	0	232542	0	nan	0	0	232542	0	0	0	nan	0	0	0	0	0	0	nan	0	0	0	nan	nan	nan	nan	nan	nan
66	c	0	232542	0	nan	0	0	232542	0	0	0	nan	0	0	0	0	0	0	nan	0	0	0	nan	nan	nan	nan	nan	nan
67	u	0	232539	0	nan	0	0	232539	0	0	0	nan	0	0	0	0	0	0	nan	0	0	0	nan	nan	nan	nan	nan	nan
68	c	0	232539	0	nan	0	0	232539	0	0	0	nan	0	0	0	0	0	0	nan	0	0	0	nan	nan	nan	nan	nan	nan
69	a	0	232539	0	nan	0	0	232539	0	0	0	nan	0	0	0	0	0	0	nan	0	0	0	nan	nan	nan	nan	nan	nan
70	c	0	232520	0	nan	0	0	232520	0	0	0	nan	0	0	0	0	0	0	nan	0	0	0	nan	nan	nan	nan	nan	nan
71	a	0	232513	0	nan	0	0	232513	0	0	0	nan	0	0	0	0	0	0	nan	0	0	0	nan	nan	nan	nan	nan	nan
72	a	0	232452	0	nan	0	0	232452	0	0	0	nan	0	0	0	0	0	0	nan	0	0	0	nan	nan	nan	nan	nan	nan
73	u	0	232315	0	nan	0	0	232315	0	0	0	nan	0	0	0	0	0	0	nan	0	0	0	nan	nan	nan	nan	nan	nan
74	c	0	232032	0	nan	0	0	232032	0	0	0	nan	0	0	0	0	0	0	nan	0	0	0	nan	nan	nan	nan	nan	nan