Nucleotide	Sequence	Modified_mutations	Modified_read_depth	Modified_effective_depth	Modified_rate	Modified_off_target_mapped_depth	Modified_low_mapq_mapped_depth	Modified_primer_pair_1_mapped_depth	Untreated_mutations	Untreated_read_depth	Untreated_effective_depth	Untreated_rate	Untreated_off_target_mapped_depth	Untreated_low_mapq_mapped_depth	Untreated_primer_pair_1_mapped_depth	Denatured_mutations	Denatured_read_depth	Denatured_effective_depth	Denatured_rate	Denatured_off_target_mapped_depth	Denatured_low_mapq_mapped_depth	Denatured_primer_pair_1_mapped_depth	Reactivity_profile	Std_err	HQ_profile	HQ_stderr	Norm_profile	Norm_stderr
1	g	0	134599	0	nan	10	0	134599	0	0	0	nan	0	0	0	0	0	0	nan	0	0	0	nan	nan	nan	nan	nan	nan
2	g	0	144658	0	nan	34	0	144658	0	0	0	nan	0	0	0	0	0	0	nan	0	0	0	nan	nan	nan	nan	nan	nan
3	c	0	144889	0	nan	35	0	144889	0	0	0	nan	0	0	0	0	0	0	nan	0	0	0	nan	nan	nan	nan	nan	nan
4	a	0	144941	0	nan	35	0	144941	0	0	0	nan	0	0	0	0	0	0	nan	0	0	0	nan	nan	nan	nan	nan	nan
5	c	0	144965	0	nan	35	0	144965	0	0	0	nan	0	0	0	0	0	0	nan	0	0	0	nan	nan	nan	nan	nan	nan
6	c	0	144969	0	nan	35	0	144969	0	0	0	nan	0	0	0	0	0	0	nan	0	0	0	nan	nan	nan	nan	nan	nan
7	u	0	144969	0	nan	35	0	144969	0	0	0	nan	0	0	0	0	0	0	nan	0	0	0	nan	nan	nan	nan	nan	nan
8	c	0	144993	0	nan	35	0	144993	0	0	0	nan	0	0	0	0	0	0	nan	0	0	0	nan	nan	nan	nan	nan	nan
9	a	0	145008	0	nan	35	0	145008	0	0	0	nan	0	0	0	0	0	0	nan	0	0	0	nan	nan	nan	nan	nan	nan
10	u	0	145028	0	nan	35	0	145028	0	0	0	nan	0	0	0	0	0	0	nan	0	0	0	nan	nan	nan	nan	nan	nan
11	a	0	145103	0	nan	35	0	145103	0	0	0	nan	0	0	0	0	0	0	nan	0	0	0	nan	nan	nan	nan	nan	nan
12	a	0	145119	0	nan	35	0	145119	0	0	0	nan	0	0	0	0	0	0	nan	0	0	0	nan	nan	nan	nan	nan	nan
13	c	0	145120	0	nan	35	0	145120	0	0	0	nan	0	0	0	0	0	0	nan	0	0	0	nan	nan	nan	nan	nan	nan
14	a	0	145122	0	nan	35	0	145122	0	0	0	nan	0	0	0	0	0	0	nan	0	0	0	nan	nan	nan	nan	nan	nan
15	u	0	145126	0	nan	35	0	145126	0	0	0	nan	0	0	0	0	0	0	nan	0	0	0	nan	nan	nan	nan	nan	nan
16	a	0	145128	0	nan	35	0	145128	0	0	0	nan	0	0	0	0	0	0	nan	0	0	0	nan	nan	nan	nan	nan	nan
17	a	0	145130	0	nan	35	0	145130	0	0	0	nan	0	0	0	0	0	0	nan	0	0	0	nan	nan	nan	nan	nan	nan
18	c	0	145131	0	nan	35	0	145131	0	0	0	nan	0	0	0	0	0	0	nan	0	0	0	nan	nan	nan	nan	nan	nan
19	U	0	145132	0	nan	35	0	145132	0	0	0	nan	0	0	0	0	0	0	nan	0	0	0	nan	nan	nan	nan	nan	nan
20	A	0	145152	16	0.000000	35	0	145152	0	0	0	nan	0	0	0	0	0	0	nan	0	0	0	0.000000	0.000000	nan	nan	nan	nan
21	A	0	145159	18	0.000000	35	0	145159	0	0	0	nan	0	0	0	0	0	0	nan	0	0	0	0.000000	0.000000	nan	nan	nan	nan
22	G	0	145169	142297	0.000000	35	0	145169	0	0	0	nan	0	0	0	0	0	0	nan	0	0	0	0.000000	0.000000	0.000000	0.000000	nan	nan
23	G	97	145177	141423	0.000686	35	0	145177	0	0	0	nan	0	0	0	0	0	0	nan	0	0	0	0.000686	0.000070	0.000686	0.000070	nan	nan
24	C	1395	145234	142397	0.009797	35	0	145234	0	0	0	nan	0	0	0	0	0	0	nan	0	0	0	0.009797	0.000262	0.009797	0.000262	1.000000	0.026743
25	A	629	145315	143972	0.004369	35	0	145315	0	0	0	nan	0	0	0	0	0	0	nan	0	0	0	0.004369	0.000174	0.004369	0.000174	0.951696	0.037902
26	G	60	145336	144124	0.000416	35	0	145335	0	0	0	nan	0	0	0	0	0	0	nan	0	0	0	0.000416	0.000054	0.000416	0.000054	nan	nan
27	A	623	145347	144236	0.004319	35	0	145345	0	0	0	nan	0	0	0	0	0	0	nan	0	0	0	0.004319	0.000173	0.004319	0.000173	0.940805	0.037684
28	U	521	145353	143840	0.003622	35	0	145350	0	0	0	nan	0	0	0	0	0	0	nan	0	0	0	0.003622	0.000159	0.003622	0.000159	1.037079	0.045526
29	C	1110	145356	143897	0.007714	35	0	145351	0	0	0	nan	0	0	0	0	0	0	nan	0	0	0	0.007714	0.000232	0.007714	0.000232	0.787384	0.023681
30	U	374	145360	143944	0.002598	35	0	145356	0	0	0	nan	0	0	0	0	0	0	nan	0	0	0	0.002598	0.000134	0.002598	0.000134	0.743880	0.038368
31	G	71	145367	143839	0.000494	35	0	145360	0	0	0	nan	0	0	0	0	0	0	nan	0	0	0	0.000494	0.000059	0.000494	0.000059	nan	nan
32	A	757	145368	144031	0.005256	35	0	145359	0	0	0	nan	0	0	0	0	0	0	nan	0	0	0	0.005256	0.000191	0.005256	0.000191	1.144911	0.041605
33	G	80	145369	142775	0.000560	35	0	145354	0	0	0	nan	0	0	0	0	0	0	nan	0	0	0	0.000560	0.000063	0.000560	0.000063	nan	nan
34	C	1185	145369	141294	0.008387	30	0	145349	0	0	0	nan	0	0	0	0	0	0	nan	0	0	0	0.008387	0.000244	0.008387	0.000244	0.856078	0.024906
35	U	561	145381	140918	0.003981	30	0	145338	0	0	0	nan	0	0	0	0	0	0	nan	0	0	0	0.003981	0.000168	0.003981	0.000168	1.139871	0.048103
36	U	442	145387	140834	0.003138	30	0	145334	0	0	0	nan	0	0	0	0	0	0	nan	0	0	0	0.003138	0.000149	0.003138	0.000149	0.898497	0.042663
37	C	1125	145407	141542	0.007948	30	0	145258	0	0	0	nan	0	0	0	0	0	0	nan	0	0	0	0.007948	0.000237	0.007948	0.000237	0.811269	0.024191
38	G	89	145445	141519	0.000629	30	0	145300	0	0	0	nan	0	0	0	0	0	0	nan	0	0	0	0.000629	0.000067	0.000629	0.000067	nan	nan
39	G	87	145663	143239	0.000607	30	0	145594	0	0	0	nan	0	0	0	0	0	0	nan	0	0	0	0.000607	0.000065	0.000607	0.000065	nan	nan
40	C	804	145781	144866	0.005550	21	0	145772	0	0	0	nan	0	0	0	0	0	0	nan	0	0	0	0.005550	0.000196	0.005550	0.000196	0.566500	0.020006
41	U	340	145791	144962	0.002345	21	0	145788	0	0	0	nan	0	0	0	0	0	0	nan	0	0	0	0.002345	0.000127	0.002345	0.000127	0.671439	0.036364
42	C	927	145791	145036	0.006392	18	0	145788	0	0	0	nan	0	0	0	0	0	0	nan	0	0	0	0.006392	0.000210	0.006392	0.000210	0.652445	0.021435
43	U	488	145791	145091	0.003363	18	0	145787	0	0	0	nan	0	0	0	0	0	0	nan	0	0	0	0.003363	0.000152	0.003363	0.000152	0.962921	0.043522
44	C	1147	145795	145170	0.007901	18	0	145792	0	0	0	nan	0	0	0	0	0	0	nan	0	0	0	0.007901	0.000233	0.007901	0.000233	0.806471	0.023783
45	U	285	145791	145099	0.001964	18	0	145788	0	0	0	nan	0	0	0	0	0	0	nan	0	0	0	0.001964	0.000116	0.001964	0.000116	0.562348	0.033214
46	G	77	145792	144127	0.000534	18	0	145788	0	0	0	nan	0	0	0	0	0	0	nan	0	0	0	0.000534	0.000061	0.000534	0.000061	nan	nan
47	C	1941	145794	144353	0.013446	18	0	145790	0	0	0	nan	0	0	0	0	0	0	nan	0	0	0	0.013446	0.000305	0.013446	0.000305	1.372461	0.031132
48	C	1890	145794	144465	0.013083	18	0	145790	0	0	0	nan	0	0	0	0	0	0	nan	0	0	0	0.013083	0.000301	0.013083	0.000301	1.335409	0.030724
49	A	493	145800	144874	0.003403	18	0	145799	0	0	0	nan	0	0	0	0	0	0	nan	0	0	0	0.003403	0.000153	0.003403	0.000153	0.741273	0.033328
50	A	0	145801	145258	0.000000	18	0	145801	0	0	0	nan	0	0	0	0	0	0	nan	0	0	0	0.000000	0.000000	0.000000	0.000000	0.000000	0.000000
51	U	0	145801	99	0.000000	10	0	145801	0	0	0	nan	0	0	0	0	0	0	nan	0	0	0	0.000000	0.000000	nan	nan	nan	nan
52	C	0	145801	98	0.000000	10	0	145801	0	0	0	nan	0	0	0	0	0	0	nan	0	0	0	0.000000	0.000000	nan	nan	nan	nan
53	C	0	145797	100	0.000000	10	0	145797	0	0	0	nan	0	0	0	0	0	0	nan	0	0	0	0.000000	0.000000	nan	nan	nan	nan
54	a	0	145680	0	nan	10	0	145680	0	0	0	nan	0	0	0	0	0	0	nan	0	0	0	nan	nan	nan	nan	nan	nan
55	c	0	145678	0	nan	10	0	145678	0	0	0	nan	0	0	0	0	0	0	nan	0	0	0	nan	nan	nan	nan	nan	nan
56	u	0	145675	0	nan	10	0	145675	0	0	0	nan	0	0	0	0	0	0	nan	0	0	0	nan	nan	nan	nan	nan	nan
57	a	0	145674	0	nan	10	0	145674	0	0	0	nan	0	0	0	0	0	0	nan	0	0	0	nan	nan	nan	nan	nan	nan
58	a	0	145674	0	nan	10	0	145674	0	0	0	nan	0	0	0	0	0	0	nan	0	0	0	nan	nan	nan	nan	nan	nan
59	c	0	145673	0	nan	5	0	145673	0	0	0	nan	0	0	0	0	0	0	nan	0	0	0	nan	nan	nan	nan	nan	nan
60	c	0	145673	0	nan	5	0	145673	0	0	0	nan	0	0	0	0	0	0	nan	0	0	0	nan	nan	nan	nan	nan	nan
61	u	0	145673	0	nan	0	0	145673	0	0	0	nan	0	0	0	0	0	0	nan	0	0	0	nan	nan	nan	nan	nan	nan
62	c	0	145673	0	nan	0	0	145673	0	0	0	nan	0	0	0	0	0	0	nan	0	0	0	nan	nan	nan	nan	nan	nan
63	a	0	145673	0	nan	0	0	145673	0	0	0	nan	0	0	0	0	0	0	nan	0	0	0	nan	nan	nan	nan	nan	nan
64	c	0	145673	0	nan	0	0	145673	0	0	0	nan	0	0	0	0	0	0	nan	0	0	0	nan	nan	nan	nan	nan	nan
65	u	0	145671	0	nan	0	0	145671	0	0	0	nan	0	0	0	0	0	0	nan	0	0	0	nan	nan	nan	nan	nan	nan
66	c	0	145671	0	nan	0	0	145671	0	0	0	nan	0	0	0	0	0	0	nan	0	0	0	nan	nan	nan	nan	nan	nan
67	a	0	145671	0	nan	0	0	145671	0	0	0	nan	0	0	0	0	0	0	nan	0	0	0	nan	nan	nan	nan	nan	nan
68	c	0	145667	0	nan	0	0	145667	0	0	0	nan	0	0	0	0	0	0	nan	0	0	0	nan	nan	nan	nan	nan	nan
69	a	0	145667	0	nan	0	0	145667	0	0	0	nan	0	0	0	0	0	0	nan	0	0	0	nan	nan	nan	nan	nan	nan
70	a	0	145626	0	nan	0	0	145626	0	0	0	nan	0	0	0	0	0	0	nan	0	0	0	nan	nan	nan	nan	nan	nan
71	u	0	145526	0	nan	0	0	145526	0	0	0	nan	0	0	0	0	0	0	nan	0	0	0	nan	nan	nan	nan	nan	nan
72	c	0	145329	0	nan	0	0	145329	0	0	0	nan	0	0	0	0	0	0	nan	0	0	0	nan	nan	nan	nan	nan	nan