Nucleotide	Sequence	Modified_mutations	Modified_read_depth	Modified_effective_depth	Modified_rate	Modified_off_target_mapped_depth	Modified_low_mapq_mapped_depth	Modified_primer_pair_1_mapped_depth	Untreated_mutations	Untreated_read_depth	Untreated_effective_depth	Untreated_rate	Untreated_off_target_mapped_depth	Untreated_low_mapq_mapped_depth	Untreated_primer_pair_1_mapped_depth	Denatured_mutations	Denatured_read_depth	Denatured_effective_depth	Denatured_rate	Denatured_off_target_mapped_depth	Denatured_low_mapq_mapped_depth	Denatured_primer_pair_1_mapped_depth	Reactivity_profile	Std_err	HQ_profile	HQ_stderr	Norm_profile	Norm_stderr
1	g	0	157705	0	nan	14	0	157705	0	0	0	nan	0	0	0	0	0	0	nan	0	0	0	nan	nan	nan	nan	nan	nan
2	g	0	169849	0	nan	50	0	169849	0	0	0	nan	0	0	0	0	0	0	nan	0	0	0	nan	nan	nan	nan	nan	nan
3	c	0	170205	0	nan	51	0	170205	0	0	0	nan	0	0	0	0	0	0	nan	0	0	0	nan	nan	nan	nan	nan	nan
4	a	0	170280	0	nan	51	0	170280	0	0	0	nan	0	0	0	0	0	0	nan	0	0	0	nan	nan	nan	nan	nan	nan
5	c	0	170301	0	nan	51	0	170301	0	0	0	nan	0	0	0	0	0	0	nan	0	0	0	nan	nan	nan	nan	nan	nan
6	c	0	170311	0	nan	51	0	170311	0	0	0	nan	0	0	0	0	0	0	nan	0	0	0	nan	nan	nan	nan	nan	nan
7	u	0	170312	0	nan	51	0	170312	0	0	0	nan	0	0	0	0	0	0	nan	0	0	0	nan	nan	nan	nan	nan	nan
8	c	0	170328	0	nan	51	0	170328	0	0	0	nan	0	0	0	0	0	0	nan	0	0	0	nan	nan	nan	nan	nan	nan
9	a	0	170338	0	nan	51	0	170338	0	0	0	nan	0	0	0	0	0	0	nan	0	0	0	nan	nan	nan	nan	nan	nan
10	u	0	170368	0	nan	51	0	170368	0	0	0	nan	0	0	0	0	0	0	nan	0	0	0	nan	nan	nan	nan	nan	nan
11	a	0	170479	0	nan	51	0	170479	0	0	0	nan	0	0	0	0	0	0	nan	0	0	0	nan	nan	nan	nan	nan	nan
12	a	0	170488	0	nan	51	0	170488	0	0	0	nan	0	0	0	0	0	0	nan	0	0	0	nan	nan	nan	nan	nan	nan
13	c	0	170494	0	nan	51	0	170494	0	0	0	nan	0	0	0	0	0	0	nan	0	0	0	nan	nan	nan	nan	nan	nan
14	a	0	170496	0	nan	51	0	170496	0	0	0	nan	0	0	0	0	0	0	nan	0	0	0	nan	nan	nan	nan	nan	nan
15	u	0	170502	0	nan	51	0	170502	0	0	0	nan	0	0	0	0	0	0	nan	0	0	0	nan	nan	nan	nan	nan	nan
16	a	0	170506	0	nan	51	0	170506	0	0	0	nan	0	0	0	0	0	0	nan	0	0	0	nan	nan	nan	nan	nan	nan
17	a	0	170507	0	nan	51	0	170507	0	0	0	nan	0	0	0	0	0	0	nan	0	0	0	nan	nan	nan	nan	nan	nan
18	c	0	170509	0	nan	51	0	170509	0	0	0	nan	0	0	0	0	0	0	nan	0	0	0	nan	nan	nan	nan	nan	nan
19	U	0	170511	0	nan	51	0	170511	0	0	0	nan	0	0	0	0	0	0	nan	0	0	0	nan	nan	nan	nan	nan	nan
20	A	0	170531	17	0.000000	51	0	170531	0	0	0	nan	0	0	0	0	0	0	nan	0	0	0	0.000000	0.000000	nan	nan	nan	nan
21	A	0	170541	21	0.000000	51	0	170541	0	0	0	nan	0	0	0	0	0	0	nan	0	0	0	0.000000	0.000000	nan	nan	nan	nan
22	G	0	170551	166972	0.000000	51	0	170551	0	0	0	nan	0	0	0	0	0	0	nan	0	0	0	0.000000	0.000000	0.000000	0.000000	nan	nan
23	G	204	170556	165196	0.001235	51	0	170556	0	0	0	nan	0	0	0	0	0	0	nan	0	0	0	0.001235	0.000086	0.001235	0.000086	nan	nan
24	C	1498	170586	166946	0.008973	51	0	170586	0	0	0	nan	0	0	0	0	0	0	nan	0	0	0	0.008973	0.000232	0.008973	0.000232	0.849716	0.021970
25	A	815	170633	168887	0.004826	51	0	170633	0	0	0	nan	0	0	0	0	0	0	nan	0	0	0	0.004826	0.000169	0.004826	0.000169	0.865922	0.030323
26	G	109	170652	168884	0.000645	51	0	170651	0	0	0	nan	0	0	0	0	0	0	nan	0	0	0	0.000645	0.000062	0.000645	0.000062	nan	nan
27	A	1068	170658	169202	0.006312	51	0	170657	0	0	0	nan	0	0	0	0	0	0	nan	0	0	0	0.006312	0.000193	0.006312	0.000193	1.132553	0.034630
28	U	962	170666	168688	0.005703	51	0	170663	0	0	0	nan	0	0	0	0	0	0	nan	0	0	0	0.005703	0.000184	0.005703	0.000184	1.120102	0.036139
29	C	1898	170672	168750	0.011247	51	0	170667	0	0	0	nan	0	0	0	0	0	0	nan	0	0	0	0.011247	0.000258	0.011247	0.000258	1.065057	0.024432
30	U	648	170674	168762	0.003840	51	0	170666	0	0	0	nan	0	0	0	0	0	0	nan	0	0	0	0.003840	0.000151	0.003840	0.000151	0.754198	0.029657
31	G	149	170689	168493	0.000884	51	0	170677	0	0	0	nan	0	0	0	0	0	0	nan	0	0	0	0.000884	0.000072	0.000884	0.000072	nan	nan
32	A	762	170689	168912	0.004511	51	0	170677	0	0	0	nan	0	0	0	0	0	0	nan	0	0	0	0.004511	0.000163	0.004511	0.000163	0.809402	0.029247
33	G	169	170693	166881	0.001013	51	0	170671	0	0	0	nan	0	0	0	0	0	0	nan	0	0	0	0.001013	0.000078	0.001013	0.000078	nan	nan
34	C	1305	170698	165374	0.007891	41	0	170664	0	0	0	nan	0	0	0	0	0	0	nan	0	0	0	0.007891	0.000218	0.007891	0.000218	0.747254	0.020644
35	U	904	170713	165016	0.005478	41	0	170645	0	0	0	nan	0	0	0	0	0	0	nan	0	0	0	0.005478	0.000182	0.005478	0.000182	1.075911	0.035746
36	U	776	170720	164916	0.004705	41	0	170641	0	0	0	nan	0	0	0	0	0	0	nan	0	0	0	0.004705	0.000169	0.004705	0.000169	0.924089	0.033193
37	C	1718	170751	165745	0.010365	41	0	170517	0	0	0	nan	0	0	0	0	0	0	nan	0	0	0	0.010365	0.000250	0.010365	0.000250	0.981534	0.023674
38	G	173	170783	165488	0.001045	41	0	170554	0	0	0	nan	0	0	0	0	0	0	nan	0	0	0	0.001045	0.000079	0.001045	0.000079	nan	nan
39	G	216	171076	167371	0.001291	41	0	170964	0	0	0	nan	0	0	0	0	0	0	nan	0	0	0	0.001291	0.000088	0.001291	0.000088	nan	nan
40	C	710	171248	169903	0.004179	30	0	171231	0	0	0	nan	0	0	0	0	0	0	nan	0	0	0	0.004179	0.000157	0.004179	0.000157	0.395739	0.014867
41	U	543	171261	170100	0.003192	29	0	171255	0	0	0	nan	0	0	0	0	0	0	nan	0	0	0	0.003192	0.000137	0.003192	0.000137	0.626927	0.026908
42	C	823	171267	170275	0.004833	27	0	171262	0	0	0	nan	0	0	0	0	0	0	nan	0	0	0	0.004833	0.000168	0.004833	0.000168	0.457670	0.015909
43	U	777	171267	170411	0.004560	27	0	171261	0	0	0	nan	0	0	0	0	0	0	nan	0	0	0	0.004560	0.000164	0.004560	0.000164	0.895610	0.032211
44	C	1279	171268	170461	0.007503	26	0	171264	0	0	0	nan	0	0	0	0	0	0	nan	0	0	0	0.007503	0.000210	0.007503	0.000210	0.710511	0.019886
45	U	564	171272	170341	0.003311	25	0	171268	0	0	0	nan	0	0	0	0	0	0	nan	0	0	0	0.003311	0.000139	0.003311	0.000139	0.650300	0.027300
46	G	174	171270	168820	0.001031	25	0	171259	0	0	0	nan	0	0	0	0	0	0	nan	0	0	0	0.001031	0.000078	0.001031	0.000078	nan	nan
47	C	1832	171270	169456	0.010811	25	0	171260	0	0	0	nan	0	0	0	0	0	0	nan	0	0	0	0.010811	0.000253	0.010811	0.000253	1.023769	0.023958
48	C	1791	171270	169597	0.010560	25	0	171263	0	0	0	nan	0	0	0	0	0	0	nan	0	0	0	0.010560	0.000250	0.010560	0.000250	1.000000	0.023674
49	A	906	171273	170064	0.005327	25	0	171270	0	0	0	nan	0	0	0	0	0	0	nan	0	0	0	0.005327	0.000177	0.005327	0.000177	0.955816	0.031759
50	A	0	171273	170447	0.000000	25	0	171273	0	0	0	nan	0	0	0	0	0	0	nan	0	0	0	0.000000	0.000000	0.000000	0.000000	0.000000	0.000000
51	U	0	171273	123	0.000000	20	0	171273	0	0	0	nan	0	0	0	0	0	0	nan	0	0	0	0.000000	0.000000	nan	nan	nan	nan
52	C	0	171272	120	0.000000	17	0	171272	0	0	0	nan	0	0	0	0	0	0	nan	0	0	0	0.000000	0.000000	nan	nan	nan	nan
53	C	0	171269	122	0.000000	17	0	171269	0	0	0	nan	0	0	0	0	0	0	nan	0	0	0	0.000000	0.000000	nan	nan	nan	nan
54	a	0	171121	0	nan	17	0	171121	0	0	0	nan	0	0	0	0	0	0	nan	0	0	0	nan	nan	nan	nan	nan	nan
55	c	0	171117	0	nan	17	0	171117	0	0	0	nan	0	0	0	0	0	0	nan	0	0	0	nan	nan	nan	nan	nan	nan
56	u	0	171111	0	nan	17	0	171111	0	0	0	nan	0	0	0	0	0	0	nan	0	0	0	nan	nan	nan	nan	nan	nan
57	a	0	171109	0	nan	17	0	171109	0	0	0	nan	0	0	0	0	0	0	nan	0	0	0	nan	nan	nan	nan	nan	nan
58	a	0	171109	0	nan	17	0	171109	0	0	0	nan	0	0	0	0	0	0	nan	0	0	0	nan	nan	nan	nan	nan	nan
59	c	0	171109	0	nan	6	0	171109	0	0	0	nan	0	0	0	0	0	0	nan	0	0	0	nan	nan	nan	nan	nan	nan
60	c	0	171109	0	nan	6	0	171109	0	0	0	nan	0	0	0	0	0	0	nan	0	0	0	nan	nan	nan	nan	nan	nan
61	u	0	171109	0	nan	0	0	171109	0	0	0	nan	0	0	0	0	0	0	nan	0	0	0	nan	nan	nan	nan	nan	nan
62	c	0	171108	0	nan	0	0	171108	0	0	0	nan	0	0	0	0	0	0	nan	0	0	0	nan	nan	nan	nan	nan	nan
63	a	0	171108	0	nan	0	0	171108	0	0	0	nan	0	0	0	0	0	0	nan	0	0	0	nan	nan	nan	nan	nan	nan
64	c	0	171108	0	nan	0	0	171108	0	0	0	nan	0	0	0	0	0	0	nan	0	0	0	nan	nan	nan	nan	nan	nan
65	u	0	171108	0	nan	0	0	171108	0	0	0	nan	0	0	0	0	0	0	nan	0	0	0	nan	nan	nan	nan	nan	nan
66	c	0	171108	0	nan	0	0	171108	0	0	0	nan	0	0	0	0	0	0	nan	0	0	0	nan	nan	nan	nan	nan	nan
67	a	0	171108	0	nan	0	0	171108	0	0	0	nan	0	0	0	0	0	0	nan	0	0	0	nan	nan	nan	nan	nan	nan
68	c	0	171101	0	nan	0	0	171101	0	0	0	nan	0	0	0	0	0	0	nan	0	0	0	nan	nan	nan	nan	nan	nan
69	a	0	171094	0	nan	0	0	171094	0	0	0	nan	0	0	0	0	0	0	nan	0	0	0	nan	nan	nan	nan	nan	nan
70	a	0	171042	0	nan	0	0	171042	0	0	0	nan	0	0	0	0	0	0	nan	0	0	0	nan	nan	nan	nan	nan	nan
71	u	0	170974	0	nan	0	0	170974	0	0	0	nan	0	0	0	0	0	0	nan	0	0	0	nan	nan	nan	nan	nan	nan
72	c	0	170778	0	nan	0	0	170778	0	0	0	nan	0	0	0	0	0	0	nan	0	0	0	nan	nan	nan	nan	nan	nan