Nucleotide	Sequence	Modified_mutations	Modified_read_depth	Modified_effective_depth	Modified_rate	Modified_off_target_mapped_depth	Modified_low_mapq_mapped_depth	Modified_primer_pair_1_mapped_depth	Untreated_mutations	Untreated_read_depth	Untreated_effective_depth	Untreated_rate	Untreated_off_target_mapped_depth	Untreated_low_mapq_mapped_depth	Untreated_primer_pair_1_mapped_depth	Denatured_mutations	Denatured_read_depth	Denatured_effective_depth	Denatured_rate	Denatured_off_target_mapped_depth	Denatured_low_mapq_mapped_depth	Denatured_primer_pair_1_mapped_depth	Reactivity_profile	Std_err	HQ_profile	HQ_stderr	Norm_profile	Norm_stderr
1	g	0	245023	0	nan	32	1	245023	0	0	0	nan	0	0	0	0	0	0	nan	0	0	0	nan	nan	nan	nan	nan	nan
2	g	0	245508	0	nan	32	1	245508	0	0	0	nan	0	0	0	0	0	0	nan	0	0	0	nan	nan	nan	nan	nan	nan
3	c	0	245682	0	nan	33	1	245682	0	0	0	nan	0	0	0	0	0	0	nan	0	0	0	nan	nan	nan	nan	nan	nan
4	a	0	251216	0	nan	63	1	251216	0	0	0	nan	0	0	0	0	0	0	nan	0	0	0	nan	nan	nan	nan	nan	nan
5	c	0	251348	0	nan	64	1	251348	0	0	0	nan	0	0	0	0	0	0	nan	0	0	0	nan	nan	nan	nan	nan	nan
6	c	0	251378	0	nan	64	1	251378	0	0	0	nan	0	0	0	0	0	0	nan	0	0	0	nan	nan	nan	nan	nan	nan
7	u	0	251380	0	nan	64	1	251380	0	0	0	nan	0	0	0	0	0	0	nan	0	0	0	nan	nan	nan	nan	nan	nan
8	c	0	251383	0	nan	64	1	251383	0	0	0	nan	0	0	0	0	0	0	nan	0	0	0	nan	nan	nan	nan	nan	nan
9	a	0	251383	0	nan	64	1	251383	0	0	0	nan	0	0	0	0	0	0	nan	0	0	0	nan	nan	nan	nan	nan	nan
10	u	0	251461	0	nan	64	1	251461	0	0	0	nan	0	0	0	0	0	0	nan	0	0	0	nan	nan	nan	nan	nan	nan
11	a	0	251501	0	nan	64	1	251501	0	0	0	nan	0	0	0	0	0	0	nan	0	0	0	nan	nan	nan	nan	nan	nan
12	a	0	251506	0	nan	64	1	251506	0	0	0	nan	0	0	0	0	0	0	nan	0	0	0	nan	nan	nan	nan	nan	nan
13	c	0	251510	0	nan	64	1	251510	0	0	0	nan	0	0	0	0	0	0	nan	0	0	0	nan	nan	nan	nan	nan	nan
14	a	0	251511	0	nan	64	1	251511	0	0	0	nan	0	0	0	0	0	0	nan	0	0	0	nan	nan	nan	nan	nan	nan
15	u	0	251513	0	nan	64	1	251513	0	0	0	nan	0	0	0	0	0	0	nan	0	0	0	nan	nan	nan	nan	nan	nan
16	a	0	251515	0	nan	64	1	251515	0	0	0	nan	0	0	0	0	0	0	nan	0	0	0	nan	nan	nan	nan	nan	nan
17	a	0	251516	0	nan	64	1	251516	0	0	0	nan	0	0	0	0	0	0	nan	0	0	0	nan	nan	nan	nan	nan	nan
18	c	0	251521	0	nan	64	1	251521	0	0	0	nan	0	0	0	0	0	0	nan	0	0	0	nan	nan	nan	nan	nan	nan
19	U	0	251525	1	0.000000	64	1	251525	0	0	0	nan	0	0	0	0	0	0	nan	0	0	0	0.000000	0.000000	nan	nan	nan	nan
20	A	0	251544	17	0.000000	64	1	251544	0	0	0	nan	0	0	0	0	0	0	nan	0	0	0	0.000000	0.000000	nan	nan	nan	nan
21	A	0	251554	26	0.000000	64	1	251554	0	0	0	nan	0	0	0	0	0	0	nan	0	0	0	0.000000	0.000000	nan	nan	nan	nan
22	G	0	251562	248904	0.000000	64	1	251562	0	0	0	nan	0	0	0	0	0	0	nan	0	0	0	0.000000	0.000000	0.000000	0.000000	nan	nan
23	G	301	251565	246258	0.001222	64	1	251565	0	0	0	nan	0	0	0	0	0	0	nan	0	0	0	0.001222	0.000070	0.001222	0.000070	nan	nan
24	C	834	251570	248996	0.003349	64	1	251570	0	0	0	nan	0	0	0	0	0	0	nan	0	0	0	0.003349	0.000116	0.003349	0.000116	1.164465	0.040334
25	A	2148	251587	249641	0.008604	64	1	251587	0	0	0	nan	0	0	0	0	0	0	nan	0	0	0	0.008604	0.000186	0.008604	0.000186	0.282404	0.006105
26	G	338	251592	248806	0.001358	64	1	251592	0	0	0	nan	0	0	0	0	0	0	nan	0	0	0	0.001358	0.000074	0.001358	0.000074	nan	nan
27	A	7592	251601	249190	0.030467	64	1	251601	0	0	0	nan	0	0	0	0	0	0	nan	0	0	0	0.030467	0.000350	0.030467	0.000350	1.000000	0.011488
28	U	380	251607	248119	0.001532	64	1	251606	0	0	0	nan	0	0	0	0	0	0	nan	0	0	0	0.001532	0.000079	0.001532	0.000079	nan	nan
29	C	14009	251609	249198	0.056216	64	1	251607	0	0	0	nan	0	0	0	0	0	0	nan	0	0	0	0.056216	0.000475	0.056216	0.000475	19.546592	0.165160
30	U	495	251613	249059	0.001987	64	1	251609	0	0	0	nan	0	0	0	0	0	0	nan	0	0	0	0.001987	0.000089	0.001987	0.000089	nan	nan
31	G	323	251618	249215	0.001296	64	1	251615	0	0	0	nan	0	0	0	0	0	0	nan	0	0	0	0.001296	0.000072	0.001296	0.000072	nan	nan
32	A	1319	251619	249964	0.005277	64	1	251615	0	0	0	nan	0	0	0	0	0	0	nan	0	0	0	0.005277	0.000145	0.005277	0.000145	0.173204	0.004759
33	G	347	251622	247931	0.001400	64	1	251619	0	0	0	nan	0	0	0	0	0	0	nan	0	0	0	0.001400	0.000075	0.001400	0.000075	nan	nan
34	C	497	251623	249492	0.001992	64	1	251619	0	0	0	nan	0	0	0	0	0	0	nan	0	0	0	0.001992	0.000089	0.001992	0.000089	0.692629	0.030946
35	U	394	251632	249147	0.001581	64	1	251616	0	0	0	nan	0	0	0	0	0	0	nan	0	0	0	0.001581	0.000080	0.001581	0.000080	nan	nan
36	U	414	251635	248371	0.001667	64	1	251611	0	0	0	nan	0	0	0	0	0	0	nan	0	0	0	0.001667	0.000082	0.001667	0.000082	nan	nan
37	G	409	251638	247152	0.001655	64	1	251581	0	0	0	nan	0	0	0	0	0	0	nan	0	0	0	0.001655	0.000082	0.001655	0.000082	nan	nan
38	G	337	251638	240955	0.001399	64	1	251581	0	0	0	nan	0	0	0	0	0	0	nan	0	0	0	0.001399	0.000076	0.001399	0.000076	nan	nan
39	G	425	251642	240869	0.001764	64	1	251591	0	0	0	nan	0	0	0	0	0	0	nan	0	0	0	0.001764	0.000086	0.001764	0.000086	nan	nan
40	A	4037	251647	242727	0.016632	64	1	251612	0	0	0	nan	0	0	0	0	0	0	nan	0	0	0	0.016632	0.000262	0.016632	0.000262	0.545902	0.008599
41	G	608	251655	247468	0.002457	64	1	251633	0	0	0	nan	0	0	0	0	0	0	nan	0	0	0	0.002457	0.000100	0.002457	0.000100	nan	nan
42	C	227	251661	250213	0.000907	39	1	251649	0	0	0	nan	0	0	0	0	0	0	nan	0	0	0	0.000907	0.000060	0.000907	0.000060	0.315369	0.020862
43	U	222	251662	250608	0.000886	39	1	251650	0	0	0	nan	0	0	0	0	0	0	nan	0	0	0	0.000886	0.000059	0.000886	0.000059	nan	nan
44	C	380	251666	250710	0.001516	39	1	251657	0	0	0	nan	0	0	0	0	0	0	nan	0	0	0	0.001516	0.000078	0.001516	0.000078	0.527121	0.027121
45	U	261	251666	250885	0.001040	39	1	251657	0	0	0	nan	0	0	0	0	0	0	nan	0	0	0	0.001040	0.000064	0.001040	0.000064	nan	nan
46	C	603	251666	250912	0.002403	38	1	251658	0	0	0	nan	0	0	0	0	0	0	nan	0	0	0	0.002403	0.000098	0.002403	0.000098	0.835535	0.034075
47	U	332	251670	250743	0.001324	38	1	251661	0	0	0	nan	0	0	0	0	0	0	nan	0	0	0	0.001324	0.000073	0.001324	0.000073	nan	nan
48	G	387	251667	249243	0.001553	38	1	251658	0	0	0	nan	0	0	0	0	0	0	nan	0	0	0	0.001553	0.000079	0.001553	0.000079	nan	nan
49	C	584	251668	249997	0.002336	38	1	251662	0	0	0	nan	0	0	0	0	0	0	nan	0	0	0	0.002336	0.000097	0.002336	0.000097	0.812239	0.033727
50	C	582	251669	249112	0.002336	38	1	251665	0	0	0	nan	0	0	0	0	0	0	nan	0	0	0	0.002336	0.000097	0.002336	0.000097	0.812239	0.033727
51	A	11969	251671	248848	0.048098	38	1	251668	0	0	0	nan	0	0	0	0	0	0	nan	0	0	0	0.048098	0.000440	0.048098	0.000440	1.578692	0.014442
52	A	0	251668	248026	0.000000	38	1	251668	0	0	0	nan	0	0	0	0	0	0	nan	0	0	0	0.000000	0.000000	0.000000	0.000000	0.000000	0.000000
53	U	0	251659	244	0.000000	32	1	251659	0	0	0	nan	0	0	0	0	0	0	nan	0	0	0	0.000000	0.000000	nan	nan	nan	nan
54	C	0	251375	1	0.000000	29	1	251375	0	0	0	nan	0	0	0	0	0	0	nan	0	0	0	0.000000	0.000000	nan	nan	nan	nan
55	C	0	251373	0	nan	29	1	251373	0	0	0	nan	0	0	0	0	0	0	nan	0	0	0	nan	nan	nan	nan	nan	nan
56	a	0	251373	0	nan	29	1	251373	0	0	0	nan	0	0	0	0	0	0	nan	0	0	0	nan	nan	nan	nan	nan	nan
57	c	0	251373	0	nan	29	1	251373	0	0	0	nan	0	0	0	0	0	0	nan	0	0	0	nan	nan	nan	nan	nan	nan
58	u	0	251373	0	nan	29	1	251373	0	0	0	nan	0	0	0	0	0	0	nan	0	0	0	nan	nan	nan	nan	nan	nan
59	a	0	251373	0	nan	29	1	251373	0	0	0	nan	0	0	0	0	0	0	nan	0	0	0	nan	nan	nan	nan	nan	nan
60	a	0	251373	0	nan	29	1	251373	0	0	0	nan	0	0	0	0	0	0	nan	0	0	0	nan	nan	nan	nan	nan	nan
61	c	0	251373	0	nan	15	1	251373	0	0	0	nan	0	0	0	0	0	0	nan	0	0	0	nan	nan	nan	nan	nan	nan
62	c	0	251373	0	nan	15	1	251373	0	0	0	nan	0	0	0	0	0	0	nan	0	0	0	nan	nan	nan	nan	nan	nan
63	u	0	251373	0	nan	0	1	251373	0	0	0	nan	0	0	0	0	0	0	nan	0	0	0	nan	nan	nan	nan	nan	nan
64	c	0	251373	0	nan	0	1	251373	0	0	0	nan	0	0	0	0	0	0	nan	0	0	0	nan	nan	nan	nan	nan	nan
65	a	0	251373	0	nan	0	1	251373	0	0	0	nan	0	0	0	0	0	0	nan	0	0	0	nan	nan	nan	nan	nan	nan
66	c	0	251371	0	nan	0	1	251371	0	0	0	nan	0	0	0	0	0	0	nan	0	0	0	nan	nan	nan	nan	nan	nan
67	u	0	251371	0	nan	0	1	251371	0	0	0	nan	0	0	0	0	0	0	nan	0	0	0	nan	nan	nan	nan	nan	nan
68	c	0	251371	0	nan	0	1	251371	0	0	0	nan	0	0	0	0	0	0	nan	0	0	0	nan	nan	nan	nan	nan	nan
69	a	0	251370	0	nan	0	1	251370	0	0	0	nan	0	0	0	0	0	0	nan	0	0	0	nan	nan	nan	nan	nan	nan
70	c	0	251358	0	nan	0	1	251358	0	0	0	nan	0	0	0	0	0	0	nan	0	0	0	nan	nan	nan	nan	nan	nan
71	a	0	251355	0	nan	0	1	251355	0	0	0	nan	0	0	0	0	0	0	nan	0	0	0	nan	nan	nan	nan	nan	nan
72	a	0	251282	0	nan	0	1	251282	0	0	0	nan	0	0	0	0	0	0	nan	0	0	0	nan	nan	nan	nan	nan	nan
73	u	0	251164	0	nan	0	1	251164	0	0	0	nan	0	0	0	0	0	0	nan	0	0	0	nan	nan	nan	nan	nan	nan
74	c	0	250831	0	nan	0	1	250831	0	0	0	nan	0	0	0	0	0	0	nan	0	0	0	nan	nan	nan	nan	nan	nan