Nucleotide	Sequence	Modified_mutations	Modified_read_depth	Modified_effective_depth	Modified_rate	Modified_off_target_mapped_depth	Modified_low_mapq_mapped_depth	Modified_primer_pair_1_mapped_depth	Untreated_mutations	Untreated_read_depth	Untreated_effective_depth	Untreated_rate	Untreated_off_target_mapped_depth	Untreated_low_mapq_mapped_depth	Untreated_primer_pair_1_mapped_depth	Denatured_mutations	Denatured_read_depth	Denatured_effective_depth	Denatured_rate	Denatured_off_target_mapped_depth	Denatured_low_mapq_mapped_depth	Denatured_primer_pair_1_mapped_depth	Reactivity_profile	Std_err	HQ_profile	HQ_stderr	Norm_profile	Norm_stderr
1	g	0	6320850	0	nan	137	2301	6320850	0	0	0	nan	0	0	0	0	0	0	nan	0	0	0	nan	nan	nan	nan	nan	nan
2	g	0	6364802	0	nan	140	2326	6364802	0	0	0	nan	0	0	0	0	0	0	nan	0	0	0	nan	nan	nan	nan	nan	nan
3	u	0	6373536	0	nan	141	2349	6373536	0	0	0	nan	0	0	0	0	0	0	nan	0	0	0	nan	nan	nan	nan	nan	nan
4	g	0	6379347	0	nan	141	2398	6379347	0	0	0	nan	0	0	0	0	0	0	nan	0	0	0	nan	nan	nan	nan	nan	nan
5	u	0	6389456	0	nan	141	2420	6389456	0	0	0	nan	0	0	0	0	0	0	nan	0	0	0	nan	nan	nan	nan	nan	nan
6	a	0	6393268	0	nan	141	2490	6393268	0	0	0	nan	0	0	0	0	0	0	nan	0	0	0	nan	nan	nan	nan	nan	nan
7	a	0	6394290	0	nan	141	2494	6394290	0	0	0	nan	0	0	0	0	0	0	nan	0	0	0	nan	nan	nan	nan	nan	nan
8	g	0	6394876	0	nan	141	2496	6394876	0	0	0	nan	0	0	0	0	0	0	nan	0	0	0	nan	nan	nan	nan	nan	nan
9	g	0	6395484	0	nan	141	2500	6395484	0	0	0	nan	0	0	0	0	0	0	nan	0	0	0	nan	nan	nan	nan	nan	nan
10	g	0	6396745	0	nan	141	2532	6396745	0	0	0	nan	0	0	0	0	0	0	nan	0	0	0	nan	nan	nan	nan	nan	nan
11	u	0	6399393	0	nan	141	2537	6399393	0	0	0	nan	0	0	0	0	0	0	nan	0	0	0	nan	nan	nan	nan	nan	nan
12	g	0	6410017	0	nan	188	2723	6410017	0	0	0	nan	0	0	0	0	0	0	nan	0	0	0	nan	nan	nan	nan	nan	nan
13	a	0	6423206	0	nan	193	2764	6423206	0	0	0	nan	0	0	0	0	0	0	nan	0	0	0	nan	nan	nan	nan	nan	nan
14	a	0	6430760	0	nan	202	2771	6430760	0	0	0	nan	0	0	0	0	0	0	nan	0	0	0	nan	nan	nan	nan	nan	nan
15	g	0	6435095	0	nan	516	2779	6435095	0	0	0	nan	0	0	0	0	0	0	nan	0	0	0	nan	nan	nan	nan	nan	nan
16	u	0	6440667	0	nan	517	2781	6440667	0	0	0	nan	0	0	0	0	0	0	nan	0	0	0	nan	nan	nan	nan	nan	nan
17	g	0	6442699	0	nan	520	2825	6442699	0	0	0	nan	0	0	0	0	0	0	nan	0	0	0	nan	nan	nan	nan	nan	nan
18	u	0	6444126	0	nan	522	2851	6444126	0	0	0	nan	0	0	0	0	0	0	nan	0	0	0	nan	nan	nan	nan	nan	nan
19	a	0	6445430	0	nan	529	3167	6445430	0	0	0	nan	0	0	0	0	0	0	nan	0	0	0	nan	nan	nan	nan	nan	nan
20	A	0	6446908	620	0.000000	529	3168	6446908	0	0	0	nan	0	0	0	0	0	0	nan	0	0	0	0.000000	0.000000	nan	nan	nan	nan
21	G	0	6447843	703	0.000000	529	3168	6447843	0	0	0	nan	0	0	0	0	0	0	nan	0	0	0	0.000000	0.000000	nan	nan	nan	nan
22	G	0	6448544	724	0.000000	529	3168	6448544	0	0	0	nan	0	0	0	0	0	0	nan	0	0	0	0.000000	0.000000	nan	nan	nan	nan
23	U	0	6449933	5846577	0.000000	529	3168	6449933	0	0	0	nan	0	0	0	0	0	0	nan	0	0	0	0.000000	0.000000	0.000000	0.000000	0.000000	0.000000
24	U	8592	6450974	5892862	0.001458	531	3168	6450974	0	0	0	nan	0	0	0	0	0	0	nan	0	0	0	0.001458	0.000016	0.001458	0.000016	0.502239	0.005512
25	G	8443	6454684	5860088	0.001441	531	3168	6454684	0	0	0	nan	0	0	0	0	0	0	nan	0	0	0	0.001441	0.000016	0.001441	0.000016	nan	nan
26	A	29901	6460403	5982762	0.004998	531	3168	6460353	0	0	0	nan	0	0	0	0	0	0	nan	0	0	0	0.004998	0.000029	0.004998	0.000029	1.000000	0.005802
27	C	11962	6462552	5749915	0.002080	530	3168	6462460	0	0	0	nan	0	0	0	0	0	0	nan	0	0	0	0.002080	0.000019	0.002080	0.000019	0.802160	0.007327
28	C	17415	6463589	5737980	0.003035	530	3168	6463476	0	0	0	nan	0	0	0	0	0	0	nan	0	0	0	0.003035	0.000023	0.003035	0.000023	1.170459	0.008870
29	U	20977	6466413	5712221	0.003672	530	3168	6466289	0	0	0	nan	0	0	0	0	0	0	nan	0	0	0	0.003672	0.000025	0.003672	0.000025	1.264898	0.008612
30	U	5358	6471421	5814040	0.000922	530	3168	6471281	0	0	0	nan	0	0	0	0	0	0	nan	0	0	0	0.000922	0.000013	0.000922	0.000013	0.317602	0.004478
31	U	5016	6476935	5840924	0.000859	530	3168	6476775	0	0	0	nan	0	0	0	0	0	0	nan	0	0	0	0.000859	0.000012	0.000859	0.000012	0.295901	0.004134
32	U	10057	6482513	5903952	0.001703	530	3168	6482340	0	0	0	nan	0	0	0	0	0	0	nan	0	0	0	0.001703	0.000017	0.001703	0.000017	0.586635	0.005856
33	G	2716	6513293	5992512	0.000453	530	3168	6513108	0	0	0	nan	0	0	0	0	0	0	nan	0	0	0	0.000453	0.000009	0.000453	0.000009	nan	nan
34	A	23951	6524211	6325532	0.003786	530	3168	6524037	0	0	0	nan	0	0	0	0	0	0	nan	0	0	0	0.003786	0.000024	0.003786	0.000024	0.757503	0.004802
35	A	21592	6526812	6289927	0.003433	531	3168	6526636	0	0	0	nan	0	0	0	0	0	0	nan	0	0	0	0.003433	0.000023	0.003433	0.000023	0.686875	0.004602
36	U	2750	6527637	6230207	0.000441	531	3168	6527454	0	0	0	nan	0	0	0	0	0	0	nan	0	0	0	0.000441	0.000008	0.000441	0.000008	0.151912	0.002756
37	A	612727	6528142	5982617	0.102418	532	3168	6527939	0	0	0	nan	0	0	0	0	0	0	nan	0	0	0	0.102418	0.000131	0.102418	0.000131	20.491797	0.026210
38	G	10265	6528994	5938328	0.001729	542	3168	6528799	0	0	0	nan	0	0	0	0	0	0	nan	0	0	0	0.001729	0.000017	0.001729	0.000017	nan	nan
39	U	7584	6529679	5952198	0.001274	542	3168	6529481	0	0	0	nan	0	0	0	0	0	0	nan	0	0	0	0.001274	0.000015	0.001274	0.000015	0.438856	0.005167
40	G	10831	6530355	6094116	0.001777	545	3168	6530140	0	0	0	nan	0	0	0	0	0	0	nan	0	0	0	0.001777	0.000017	0.001777	0.000017	nan	nan
41	A	100665	6533569	6073245	0.016575	546	3168	6533343	0	0	0	nan	0	0	0	0	0	0	nan	0	0	0	0.016575	0.000052	0.016575	0.000052	3.316327	0.010404
42	U	12921	6534465	6042727	0.002138	548	3168	6534254	0	0	0	nan	0	0	0	0	0	0	nan	0	0	0	0.002138	0.000019	0.002138	0.000019	0.736480	0.006545
43	U	5489	6536560	5986217	0.000917	549	3168	6536339	0	0	0	nan	0	0	0	0	0	0	nan	0	0	0	0.000917	0.000012	0.000917	0.000012	0.315880	0.004134
44	C	12892	6540102	5992487	0.002151	549	3168	6539856	0	0	0	nan	0	0	0	0	0	0	nan	0	0	0	0.002151	0.000019	0.002151	0.000019	0.829541	0.007327
45	A	26734	6542655	6010495	0.004448	549	3168	6542387	0	0	0	nan	0	0	0	0	0	0	nan	0	0	0	0.004448	0.000027	0.004448	0.000027	0.889956	0.005402
46	G	5293	6544965	5902073	0.000897	547	3168	6544704	0	0	0	nan	0	0	0	0	0	0	nan	0	0	0	0.000897	0.000012	0.000897	0.000012	nan	nan
47	G	10597	6549422	5972857	0.001774	545	3168	6549161	0	0	0	nan	0	0	0	0	0	0	nan	0	0	0	0.001774	0.000017	0.001774	0.000017	nan	nan
48	A	9944	6556019	5870641	0.001694	552	3168	6555768	0	0	0	nan	0	0	0	0	0	0	nan	0	0	0	0.001694	0.000017	0.001694	0.000017	0.338936	0.003401
49	G	19987	6557479	5947326	0.003361	551	3168	6557244	0	0	0	nan	0	0	0	0	0	0	nan	0	0	0	0.003361	0.000024	0.003361	0.000024	nan	nan
50	G	5519	6567183	5795576	0.000952	556	3168	6566987	0	0	0	nan	0	0	0	0	0	0	nan	0	0	0	0.000952	0.000013	0.000952	0.000013	nan	nan
51	U	17179	6570531	5918603	0.002903	556	3168	6570361	0	0	0	nan	0	0	0	0	0	0	nan	0	0	0	0.002903	0.000022	0.002903	0.000022	1.000000	0.007578
52	U	16665	6575994	5917001	0.002816	556	3168	6575852	0	0	0	nan	0	0	0	0	0	0	nan	0	0	0	0.002816	0.000022	0.002816	0.000022	0.970031	0.007578
53	A	14564	6580235	6150388	0.002368	553	3168	6580104	0	0	0	nan	0	0	0	0	0	0	nan	0	0	0	0.002368	0.000020	0.002368	0.000020	0.473790	0.004002
54	A	26281	6582570	6294316	0.004175	553	3168	6582461	0	0	0	nan	0	0	0	0	0	0	nan	0	0	0	0.004175	0.000026	0.004175	0.000026	0.835334	0.005202
55	U	7891	6583502	6231367	0.001266	553	3168	6583414	0	0	0	nan	0	0	0	0	0	0	nan	0	0	0	0.001266	0.000014	0.001266	0.000014	0.436101	0.004823
56	G	7474	6584261	6044142	0.001237	551	3168	6584201	0	0	0	nan	0	0	0	0	0	0	nan	0	0	0	0.001237	0.000014	0.001237	0.000014	nan	nan
57	G	0	6585188	6063249	0.000000	551	3168	6585153	0	0	0	nan	0	0	0	0	0	0	nan	0	0	0	0.000000	0.000000	0.000000	0.000000	nan	nan
58	A	0	6586748	33	0.000000	551	3168	6586748	0	0	0	nan	0	0	0	0	0	0	nan	0	0	0	0.000000	0.000000	nan	nan	nan	nan
59	A	0	6586694	21	0.000000	551	3168	6586694	0	0	0	nan	0	0	0	0	0	0	nan	0	0	0	0.000000	0.000000	nan	nan	nan	nan
60	G	0	6586665	18	0.000000	551	3168	6586665	0	0	0	nan	0	0	0	0	0	0	nan	0	0	0	0.000000	0.000000	nan	nan	nan	nan
61	u	0	6586630	0	nan	550	3168	6586630	0	0	0	nan	0	0	0	0	0	0	nan	0	0	0	nan	nan	nan	nan	nan	nan
62	a	0	6586543	0	nan	540	3164	6586543	0	0	0	nan	0	0	0	0	0	0	nan	0	0	0	nan	nan	nan	nan	nan	nan
63	a	0	6586496	0	nan	538	3162	6586496	0	0	0	nan	0	0	0	0	0	0	nan	0	0	0	nan	nan	nan	nan	nan	nan
64	a	0	6586471	0	nan	519	3148	6586471	0	0	0	nan	0	0	0	0	0	0	nan	0	0	0	nan	nan	nan	nan	nan	nan
65	g	0	6586447	0	nan	476	2595	6586447	0	0	0	nan	0	0	0	0	0	0	nan	0	0	0	nan	nan	nan	nan	nan	nan
66	g	0	6586425	0	nan	440	2529	6586425	0	0	0	nan	0	0	0	0	0	0	nan	0	0	0	nan	nan	nan	nan	nan	nan
67	u	0	6586393	0	nan	426	2521	6586393	0	0	0	nan	0	0	0	0	0	0	nan	0	0	0	nan	nan	nan	nan	nan	nan
68	a	0	6586378	0	nan	407	2312	6586378	0	0	0	nan	0	0	0	0	0	0	nan	0	0	0	nan	nan	nan	nan	nan	nan
69	a	0	6586352	0	nan	406	2295	6586352	0	0	0	nan	0	0	0	0	0	0	nan	0	0	0	nan	nan	nan	nan	nan	nan
70	u	0	6586345	0	nan	406	2230	6586345	0	0	0	nan	0	0	0	0	0	0	nan	0	0	0	nan	nan	nan	nan	nan	nan
71	g	0	6586288	0	nan	404	2221	6586288	0	0	0	nan	0	0	0	0	0	0	nan	0	0	0	nan	nan	nan	nan	nan	nan
72	a	0	6586229	0	nan	402	2221	6586229	0	0	0	nan	0	0	0	0	0	0	nan	0	0	0	nan	nan	nan	nan	nan	nan
73	a	0	6586169	0	nan	401	2220	6586169	0	0	0	nan	0	0	0	0	0	0	nan	0	0	0	nan	nan	nan	nan	nan	nan
74	g	0	6586134	0	nan	401	2213	6586134	0	0	0	nan	0	0	0	0	0	0	nan	0	0	0	nan	nan	nan	nan	nan	nan
75	g	0	6586084	0	nan	401	2210	6586084	0	0	0	nan	0	0	0	0	0	0	nan	0	0	0	nan	nan	nan	nan	nan	nan
76	u	0	6585965	0	nan	401	2207	6585965	0	0	0	nan	0	0	0	0	0	0	nan	0	0	0	nan	nan	nan	nan	nan	nan
77	g	0	6585825	0	nan	400	2176	6585825	0	0	0	nan	0	0	0	0	0	0	nan	0	0	0	nan	nan	nan	nan	nan	nan
78	a	0	6585722	0	nan	397	2169	6585722	0	0	0	nan	0	0	0	0	0	0	nan	0	0	0	nan	nan	nan	nan	nan	nan
79	a	0	6580582	0	nan	392	2160	6580582	0	0	0	nan	0	0	0	0	0	0	nan	0	0	0	nan	nan	nan	nan	nan	nan
80	g	0	6577789	0	nan	392	2118	6577789	0	0	0	nan	0	0	0	0	0	0	nan	0	0	0	nan	nan	nan	nan	nan	nan