Nucleotide	Sequence	Modified_mutations	Modified_read_depth	Modified_effective_depth	Modified_rate	Modified_off_target_mapped_depth	Modified_low_mapq_mapped_depth	Modified_primer_pair_1_mapped_depth	Untreated_mutations	Untreated_read_depth	Untreated_effective_depth	Untreated_rate	Untreated_off_target_mapped_depth	Untreated_low_mapq_mapped_depth	Untreated_primer_pair_1_mapped_depth	Denatured_mutations	Denatured_read_depth	Denatured_effective_depth	Denatured_rate	Denatured_off_target_mapped_depth	Denatured_low_mapq_mapped_depth	Denatured_primer_pair_1_mapped_depth	Reactivity_profile	Std_err	HQ_profile	HQ_stderr	Norm_profile	Norm_stderr
1	g	0	53519	0	nan	1	0	53519	0	0	0	nan	0	0	0	0	0	0	nan	0	0	0	nan	nan	nan	nan	nan	nan
2	g	0	53555	0	nan	1	0	53555	0	0	0	nan	0	0	0	0	0	0	nan	0	0	0	nan	nan	nan	nan	nan	nan
3	u	0	53571	0	nan	1	0	53571	0	0	0	nan	0	0	0	0	0	0	nan	0	0	0	nan	nan	nan	nan	nan	nan
4	g	0	53580	0	nan	1	0	53580	0	0	0	nan	0	0	0	0	0	0	nan	0	0	0	nan	nan	nan	nan	nan	nan
5	u	0	53587	0	nan	1	0	53587	0	0	0	nan	0	0	0	0	0	0	nan	0	0	0	nan	nan	nan	nan	nan	nan
6	a	0	53595	0	nan	1	0	53595	0	0	0	nan	0	0	0	0	0	0	nan	0	0	0	nan	nan	nan	nan	nan	nan
7	a	0	53626	0	nan	1	0	53626	0	0	0	nan	0	0	0	0	0	0	nan	0	0	0	nan	nan	nan	nan	nan	nan
8	g	0	53698	0	nan	1	0	53698	0	0	0	nan	0	0	0	0	0	0	nan	0	0	0	nan	nan	nan	nan	nan	nan
9	g	0	54961	0	nan	1	0	54961	0	0	0	nan	0	0	0	0	0	0	nan	0	0	0	nan	nan	nan	nan	nan	nan
10	g	0	224713	0	nan	1	0	224713	0	0	0	nan	0	0	0	0	0	0	nan	0	0	0	nan	nan	nan	nan	nan	nan
11	u	0	234030	0	nan	1	0	234030	0	0	0	nan	0	0	0	0	0	0	nan	0	0	0	nan	nan	nan	nan	nan	nan
12	g	0	234337	0	nan	1	0	234337	0	0	0	nan	0	0	0	0	0	0	nan	0	0	0	nan	nan	nan	nan	nan	nan
13	a	0	234371	0	nan	1	0	234371	0	0	0	nan	0	0	0	0	0	0	nan	0	0	0	nan	nan	nan	nan	nan	nan
14	a	0	234380	0	nan	1	0	234380	0	0	0	nan	0	0	0	0	0	0	nan	0	0	0	nan	nan	nan	nan	nan	nan
15	g	0	234384	0	nan	3	0	234384	0	0	0	nan	0	0	0	0	0	0	nan	0	0	0	nan	nan	nan	nan	nan	nan
16	u	0	234394	0	nan	3	0	234394	0	0	0	nan	0	0	0	0	0	0	nan	0	0	0	nan	nan	nan	nan	nan	nan
17	g	0	234410	0	nan	3	0	234410	0	0	0	nan	0	0	0	0	0	0	nan	0	0	0	nan	nan	nan	nan	nan	nan
18	u	0	234415	0	nan	3	0	234415	0	0	0	nan	0	0	0	0	0	0	nan	0	0	0	nan	nan	nan	nan	nan	nan
19	a	0	234498	0	nan	3	0	234498	0	0	0	nan	0	0	0	0	0	0	nan	0	0	0	nan	nan	nan	nan	nan	nan
20	A	0	234537	17	0.000000	3	0	234537	0	0	0	nan	0	0	0	0	0	0	nan	0	0	0	0.000000	0.000000	nan	nan	nan	nan
21	G	0	234598	38	0.000000	3	0	234598	0	0	0	nan	0	0	0	0	0	0	nan	0	0	0	0.000000	0.000000	nan	nan	nan	nan
22	G	0	234608	39	0.000000	3	0	234608	0	0	0	nan	0	0	0	0	0	0	nan	0	0	0	0.000000	0.000000	nan	nan	nan	nan
23	U	0	234615	232055	0.000000	3	0	234615	0	0	0	nan	0	0	0	0	0	0	nan	0	0	0	0.000000	0.000000	0.000000	0.000000	nan	nan
24	U	283	234620	231935	0.001220	3	0	234620	0	0	0	nan	0	0	0	0	0	0	nan	0	0	0	0.001220	0.000073	0.001220	0.000073	nan	nan
25	G	128	234627	231006	0.000554	3	0	234627	0	0	0	nan	0	0	0	0	0	0	nan	0	0	0	0.000554	0.000049	0.000554	0.000049	nan	nan
26	A	2954	234623	226517	0.013041	3	0	234600	0	0	0	nan	0	0	0	0	0	0	nan	0	0	0	0.013041	0.000240	0.013041	0.000240	0.945205	0.017395
27	C	11468	234633	225415	0.050875	3	0	234602	0	0	0	nan	0	0	0	0	0	0	nan	0	0	0	0.050875	0.000475	0.050875	0.000475	1.444881	0.013490
28	C	2674	234650	225973	0.011833	3	0	234623	0	0	0	nan	0	0	0	0	0	0	nan	0	0	0	0.011833	0.000229	0.011833	0.000229	0.336065	0.006504
29	U	226	234706	229455	0.000985	3	0	234686	0	0	0	nan	0	0	0	0	0	0	nan	0	0	0	0.000985	0.000066	0.000985	0.000066	nan	nan
30	U	312	234734	230464	0.001354	3	0	234715	0	0	0	nan	0	0	0	0	0	0	nan	0	0	0	0.001354	0.000077	0.001354	0.000077	nan	nan
31	U	413	234765	231300	0.001786	3	0	234746	0	0	0	nan	0	0	0	0	0	0	nan	0	0	0	0.001786	0.000088	0.001786	0.000088	nan	nan
32	U	263	234812	232476	0.001131	3	0	234798	0	0	0	nan	0	0	0	0	0	0	nan	0	0	0	0.001131	0.000070	0.001131	0.000070	nan	nan
33	G	61	234846	231562	0.000263	3	0	234830	0	0	0	nan	0	0	0	0	0	0	nan	0	0	0	0.000263	0.000034	0.000263	0.000034	nan	nan
34	A	3275	234869	231272	0.014161	3	0	234853	0	0	0	nan	0	0	0	0	0	0	nan	0	0	0	0.014161	0.000247	0.014161	0.000247	1.026383	0.017902
35	A	2565	234880	230228	0.011141	3	0	234864	0	0	0	nan	0	0	0	0	0	0	nan	0	0	0	0.011141	0.000220	0.011141	0.000220	0.807494	0.015945
36	U	258	234906	229837	0.001123	3	0	234890	0	0	0	nan	0	0	0	0	0	0	nan	0	0	0	0.001123	0.000070	0.001123	0.000070	nan	nan
37	A	2647	234919	230637	0.011477	3	0	234905	0	0	0	nan	0	0	0	0	0	0	nan	0	0	0	0.011477	0.000223	0.011477	0.000223	0.831848	0.016163
38	G	166	234944	230071	0.000722	3	0	234930	0	0	0	nan	0	0	0	0	0	0	nan	0	0	0	0.000722	0.000056	0.000722	0.000056	nan	nan
39	U	319	234952	232495	0.001372	3	0	234939	0	0	0	nan	0	0	0	0	0	0	nan	0	0	0	0.001372	0.000077	0.001372	0.000077	nan	nan
40	G	205	234964	231013	0.000887	3	0	234952	0	0	0	nan	0	0	0	0	0	0	nan	0	0	0	0.000887	0.000062	0.000887	0.000062	nan	nan
41	A	3196	234977	231640	0.013797	3	0	234968	0	0	0	nan	0	0	0	0	0	0	nan	0	0	0	0.013797	0.000244	0.013797	0.000244	1.000000	0.017685
42	U	472	235006	230722	0.002046	2	0	234999	0	0	0	nan	0	0	0	0	0	0	nan	0	0	0	0.002046	0.000094	0.002046	0.000094	nan	nan
43	U	407	235028	230560	0.001765	2	0	235024	0	0	0	nan	0	0	0	0	0	0	nan	0	0	0	0.001765	0.000088	0.001765	0.000088	nan	nan
44	C	4505	235040	230484	0.019546	2	0	235036	0	0	0	nan	0	0	0	0	0	0	nan	0	0	0	0.019546	0.000291	0.019546	0.000291	0.555119	0.008265
45	A	3256	235058	231379	0.014072	2	0	235054	0	0	0	nan	0	0	0	0	0	0	nan	0	0	0	0.014072	0.000247	0.014072	0.000247	1.019932	0.017902
46	G	88	235079	232586	0.000378	2	0	235076	0	0	0	nan	0	0	0	0	0	0	nan	0	0	0	0.000378	0.000040	0.000378	0.000040	nan	nan
47	G	107	235094	232090	0.000461	2	0	235091	0	0	0	nan	0	0	0	0	0	0	nan	0	0	0	0.000461	0.000045	0.000461	0.000045	nan	nan
48	A	3141	235098	232410	0.013515	2	0	235095	0	0	0	nan	0	0	0	0	0	0	nan	0	0	0	0.013515	0.000241	0.013515	0.000241	0.979561	0.017468
49	G	137	235138	232195	0.000590	2	0	235137	0	0	0	nan	0	0	0	0	0	0	nan	0	0	0	0.000590	0.000050	0.000590	0.000050	nan	nan
50	G	105	235148	232216	0.000452	2	0	235147	0	0	0	nan	0	0	0	0	0	0	nan	0	0	0	0.000452	0.000044	0.000452	0.000044	nan	nan
51	U	268	235149	232314	0.001154	2	0	235148	0	0	0	nan	0	0	0	0	0	0	nan	0	0	0	0.001154	0.000070	0.001154	0.000070	nan	nan
52	U	265	235155	231616	0.001144	2	0	235154	0	0	0	nan	0	0	0	0	0	0	nan	0	0	0	0.001144	0.000070	0.001144	0.000070	nan	nan
53	A	2166	235156	232289	0.009325	2	0	235155	0	0	0	nan	0	0	0	0	0	0	nan	0	0	0	0.009325	0.000200	0.009325	0.000200	0.675872	0.014496
54	A	1915	235148	232263	0.008245	2	0	235144	0	0	0	nan	0	0	0	0	0	0	nan	0	0	0	0.008245	0.000188	0.008245	0.000188	0.597594	0.013626
55	U	316	235149	232885	0.001357	2	0	235146	0	0	0	nan	0	0	0	0	0	0	nan	0	0	0	0.001357	0.000076	0.001357	0.000076	nan	nan
56	G	157	235154	233022	0.000674	2	0	235152	0	0	0	nan	0	0	0	0	0	0	nan	0	0	0	0.000674	0.000054	0.000674	0.000054	nan	nan
57	G	0	235155	232332	0.000000	2	0	235153	0	0	0	nan	0	0	0	0	0	0	nan	0	0	0	0.000000	0.000000	0.000000	0.000000	nan	nan
58	A	0	235155	0	nan	2	0	235155	0	0	0	nan	0	0	0	0	0	0	nan	0	0	0	nan	nan	nan	nan	nan	nan
59	A	0	235155	0	nan	2	0	235155	0	0	0	nan	0	0	0	0	0	0	nan	0	0	0	nan	nan	nan	nan	nan	nan
60	G	0	235155	0	nan	2	0	235155	0	0	0	nan	0	0	0	0	0	0	nan	0	0	0	nan	nan	nan	nan	nan	nan
61	u	0	235155	0	nan	2	0	235155	0	0	0	nan	0	0	0	0	0	0	nan	0	0	0	nan	nan	nan	nan	nan	nan
62	a	0	235155	0	nan	2	0	235155	0	0	0	nan	0	0	0	0	0	0	nan	0	0	0	nan	nan	nan	nan	nan	nan
63	a	0	235155	0	nan	2	0	235155	0	0	0	nan	0	0	0	0	0	0	nan	0	0	0	nan	nan	nan	nan	nan	nan
64	a	0	235155	0	nan	2	0	235155	0	0	0	nan	0	0	0	0	0	0	nan	0	0	0	nan	nan	nan	nan	nan	nan
65	g	0	235155	0	nan	2	0	235155	0	0	0	nan	0	0	0	0	0	0	nan	0	0	0	nan	nan	nan	nan	nan	nan
66	g	0	235155	0	nan	2	0	235155	0	0	0	nan	0	0	0	0	0	0	nan	0	0	0	nan	nan	nan	nan	nan	nan
67	u	0	235155	0	nan	2	0	235155	0	0	0	nan	0	0	0	0	0	0	nan	0	0	0	nan	nan	nan	nan	nan	nan
68	a	0	235155	0	nan	2	0	235155	0	0	0	nan	0	0	0	0	0	0	nan	0	0	0	nan	nan	nan	nan	nan	nan
69	a	0	235155	0	nan	2	0	235155	0	0	0	nan	0	0	0	0	0	0	nan	0	0	0	nan	nan	nan	nan	nan	nan
70	u	0	235155	0	nan	2	0	235155	0	0	0	nan	0	0	0	0	0	0	nan	0	0	0	nan	nan	nan	nan	nan	nan
71	g	0	235155	0	nan	2	0	235155	0	0	0	nan	0	0	0	0	0	0	nan	0	0	0	nan	nan	nan	nan	nan	nan
72	a	0	235154	0	nan	2	0	235154	0	0	0	nan	0	0	0	0	0	0	nan	0	0	0	nan	nan	nan	nan	nan	nan
73	a	0	235154	0	nan	2	0	235154	0	0	0	nan	0	0	0	0	0	0	nan	0	0	0	nan	nan	nan	nan	nan	nan
74	g	0	235154	0	nan	2	0	235154	0	0	0	nan	0	0	0	0	0	0	nan	0	0	0	nan	nan	nan	nan	nan	nan
75	g	0	235152	0	nan	2	0	235152	0	0	0	nan	0	0	0	0	0	0	nan	0	0	0	nan	nan	nan	nan	nan	nan
76	u	0	235144	0	nan	2	0	235144	0	0	0	nan	0	0	0	0	0	0	nan	0	0	0	nan	nan	nan	nan	nan	nan
77	g	0	235139	0	nan	2	0	235139	0	0	0	nan	0	0	0	0	0	0	nan	0	0	0	nan	nan	nan	nan	nan	nan
78	a	0	235136	0	nan	2	0	235136	0	0	0	nan	0	0	0	0	0	0	nan	0	0	0	nan	nan	nan	nan	nan	nan
79	a	0	235091	0	nan	2	0	235091	0	0	0	nan	0	0	0	0	0	0	nan	0	0	0	nan	nan	nan	nan	nan	nan
80	g	0	234987	0	nan	2	0	234987	0	0	0	nan	0	0	0	0	0	0	nan	0	0	0	nan	nan	nan	nan	nan	nan