Nucleotide	Sequence	Modified_mutations	Modified_read_depth	Modified_effective_depth	Modified_rate	Modified_off_target_mapped_depth	Modified_low_mapq_mapped_depth	Modified_primer_pair_1_mapped_depth	Untreated_mutations	Untreated_read_depth	Untreated_effective_depth	Untreated_rate	Untreated_off_target_mapped_depth	Untreated_low_mapq_mapped_depth	Untreated_primer_pair_1_mapped_depth	Denatured_mutations	Denatured_read_depth	Denatured_effective_depth	Denatured_rate	Denatured_off_target_mapped_depth	Denatured_low_mapq_mapped_depth	Denatured_primer_pair_1_mapped_depth	Reactivity_profile	Std_err	HQ_profile	HQ_stderr	Norm_profile	Norm_stderr
1	g	0	5730575	0	nan	8	410	5730575	0	0	0	nan	0	0	0	0	0	0	nan	0	0	0	nan	nan	nan	nan	nan	nan
2	g	0	5847594	0	nan	8	416	5847594	0	0	0	nan	0	0	0	0	0	0	nan	0	0	0	nan	nan	nan	nan	nan	nan
3	u	0	5889579	0	nan	8	427	5889579	0	0	0	nan	0	0	0	0	0	0	nan	0	0	0	nan	nan	nan	nan	nan	nan
4	g	0	5900661	0	nan	8	432	5900661	0	0	0	nan	0	0	0	0	0	0	nan	0	0	0	nan	nan	nan	nan	nan	nan
5	u	0	5907909	0	nan	8	434	5907909	0	0	0	nan	0	0	0	0	0	0	nan	0	0	0	nan	nan	nan	nan	nan	nan
6	a	0	5916296	0	nan	8	438	5916296	0	0	0	nan	0	0	0	0	0	0	nan	0	0	0	nan	nan	nan	nan	nan	nan
7	a	0	5920023	0	nan	8	444	5920023	0	0	0	nan	0	0	0	0	0	0	nan	0	0	0	nan	nan	nan	nan	nan	nan
8	g	0	5922160	0	nan	8	448	5922160	0	0	0	nan	0	0	0	0	0	0	nan	0	0	0	nan	nan	nan	nan	nan	nan
9	g	0	5924830	0	nan	8	453	5924830	0	0	0	nan	0	0	0	0	0	0	nan	0	0	0	nan	nan	nan	nan	nan	nan
10	g	0	5928931	0	nan	8	453	5928931	0	0	0	nan	0	0	0	0	0	0	nan	0	0	0	nan	nan	nan	nan	nan	nan
11	u	0	5935538	0	nan	8	457	5935538	0	0	0	nan	0	0	0	0	0	0	nan	0	0	0	nan	nan	nan	nan	nan	nan
12	g	0	5952584	0	nan	184	466	5952584	0	0	0	nan	0	0	0	0	0	0	nan	0	0	0	nan	nan	nan	nan	nan	nan
13	a	0	5974463	0	nan	204	467	5974463	0	0	0	nan	0	0	0	0	0	0	nan	0	0	0	nan	nan	nan	nan	nan	nan
14	a	0	5999858	0	nan	278	469	5999858	0	0	0	nan	0	0	0	0	0	0	nan	0	0	0	nan	nan	nan	nan	nan	nan
15	g	0	6022284	0	nan	1073	470	6022284	0	0	0	nan	0	0	0	0	0	0	nan	0	0	0	nan	nan	nan	nan	nan	nan
16	u	0	6043885	0	nan	1076	472	6043885	0	0	0	nan	0	0	0	0	0	0	nan	0	0	0	nan	nan	nan	nan	nan	nan
17	g	0	6053729	0	nan	1086	476	6053729	0	0	0	nan	0	0	0	0	0	0	nan	0	0	0	nan	nan	nan	nan	nan	nan
18	u	0	6059929	0	nan	1090	485	6059929	0	0	0	nan	0	0	0	0	0	0	nan	0	0	0	nan	nan	nan	nan	nan	nan
19	a	0	6064502	0	nan	1090	503	6064502	0	0	0	nan	0	0	0	0	0	0	nan	0	0	0	nan	nan	nan	nan	nan	nan
20	A	0	6067098	653	0.000000	1090	503	6067098	0	0	0	nan	0	0	0	0	0	0	nan	0	0	0	0.000000	0.000000	nan	nan	nan	nan
21	G	0	6068569	753	0.000000	1090	503	6068569	0	0	0	nan	0	0	0	0	0	0	nan	0	0	0	0.000000	0.000000	nan	nan	nan	nan
22	G	0	6070969	1539	0.000000	1090	503	6070969	0	0	0	nan	0	0	0	0	0	0	nan	0	0	0	0.000000	0.000000	nan	nan	nan	nan
23	U	0	6075254	5127285	0.000000	1091	503	6075254	0	0	0	nan	0	0	0	0	0	0	nan	0	0	0	0.000000	0.000000	0.000000	0.000000	0.000000	0.000000
24	U	10613	6078328	5213593	0.002036	1091	503	6078328	0	0	0	nan	0	0	0	0	0	0	nan	0	0	0	0.002036	0.000020	0.002036	0.000020	0.491787	0.004831
25	G	6610	6088357	5273665	0.001253	1091	503	6088357	0	0	0	nan	0	0	0	0	0	0	nan	0	0	0	0.001253	0.000015	0.001253	0.000015	0.573718	0.006868
26	A	155942	6106118	5468302	0.028517	1091	503	6106053	0	0	0	nan	0	0	0	0	0	0	nan	0	0	0	0.028517	0.000072	0.028517	0.000072	1.096776	0.002769
27	A	163678	6112048	5283856	0.030977	1091	503	6111941	0	0	0	nan	0	0	0	0	0	0	nan	0	0	0	0.030977	0.000077	0.030977	0.000077	1.191389	0.002961
28	C	112921	6114602	5104569	0.022122	1091	503	6114469	0	0	0	nan	0	0	0	0	0	0	nan	0	0	0	0.022122	0.000066	0.022122	0.000066	1.288354	0.003844
29	U	14669	6118005	5057378	0.002901	1091	503	6117865	0	0	0	nan	0	0	0	0	0	0	nan	0	0	0	0.002901	0.000024	0.002901	0.000024	0.700725	0.005797
30	U	6098	6121961	5089003	0.001198	1095	503	6121803	0	0	0	nan	0	0	0	0	0	0	nan	0	0	0	0.001198	0.000015	0.001198	0.000015	0.289372	0.003623
31	U	4274	6126446	5003162	0.000854	1095	503	6126261	0	0	0	nan	0	0	0	0	0	0	nan	0	0	0	0.000854	0.000013	0.000854	0.000013	0.206280	0.003140
32	U	28007	6131115	5093198	0.005499	1097	503	6130901	0	0	0	nan	0	0	0	0	0	0	nan	0	0	0	0.005499	0.000033	0.005499	0.000033	1.328261	0.007971
33	G	3686	6180204	5209775	0.000708	1099	503	6179961	0	0	0	nan	0	0	0	0	0	0	nan	0	0	0	0.000708	0.000012	0.000708	0.000012	0.324176	0.005495
34	A	57149	6216107	5769180	0.009906	1099	503	6215911	0	0	0	nan	0	0	0	0	0	0	nan	0	0	0	0.009906	0.000041	0.009906	0.000041	0.380989	0.001577
35	A	50649	6230665	5781851	0.008760	1099	503	6230477	0	0	0	nan	0	0	0	0	0	0	nan	0	0	0	0.008760	0.000039	0.008760	0.000039	0.336913	0.001500
36	U	2515	6233697	5746545	0.000438	1099	503	6233506	0	0	0	nan	0	0	0	0	0	0	nan	0	0	0	0.000438	0.000009	0.000438	0.000009	0.105797	0.002174
37	A	490283	6236500	5519828	0.088822	1099	503	6236293	0	0	0	nan	0	0	0	0	0	0	nan	0	0	0	0.088822	0.000127	0.088822	0.000127	3.416132	0.004884
38	G	7785	6239330	5381679	0.001447	1107	503	6239133	0	0	0	nan	0	0	0	0	0	0	nan	0	0	0	0.001447	0.000016	0.001447	0.000016	0.662546	0.007326
39	U	7560	6240781	5298243	0.001427	1108	503	6240576	0	0	0	nan	0	0	0	0	0	0	nan	0	0	0	0.001427	0.000016	0.001427	0.000016	0.344686	0.003865
40	G	10935	6242996	5335523	0.002049	1110	503	6242777	0	0	0	nan	0	0	0	0	0	0	nan	0	0	0	0.002049	0.000020	0.002049	0.000020	0.938187	0.009158
41	A	97902	6251043	5305768	0.018452	1110	503	6250814	0	0	0	nan	0	0	0	0	0	0	nan	0	0	0	0.018452	0.000059	0.018452	0.000059	0.709672	0.002269
42	U	18564	6253398	5210029	0.003563	1110	503	6253174	0	0	0	nan	0	0	0	0	0	0	nan	0	0	0	0.003563	0.000026	0.003563	0.000026	0.860628	0.006280
43	U	6547	6258724	5188009	0.001262	1110	503	6258499	0	0	0	nan	0	0	0	0	0	0	nan	0	0	0	0.001262	0.000016	0.001262	0.000016	0.304831	0.003865
44	C	12149	6272646	5244430	0.002317	1109	503	6272408	0	0	0	nan	0	0	0	0	0	0	nan	0	0	0	0.002317	0.000021	0.002317	0.000021	0.134939	0.001223
45	A	36962	6284497	5298408	0.006976	1106	503	6284233	0	0	0	nan	0	0	0	0	0	0	nan	0	0	0	0.006976	0.000036	0.006976	0.000036	0.268300	0.001385
46	G	6646	6292228	5141127	0.001293	1100	503	6291978	0	0	0	nan	0	0	0	0	0	0	nan	0	0	0	0.001293	0.000016	0.001293	0.000016	0.592033	0.007326
47	G	13555	6308557	5236406	0.002589	1097	503	6308319	0	0	0	nan	0	0	0	0	0	0	nan	0	0	0	0.002589	0.000022	0.002589	0.000022	1.185440	0.010073
48	A	31814	6333728	5060841	0.006286	1093	503	6333487	0	0	0	nan	0	0	0	0	0	0	nan	0	0	0	0.006286	0.000035	0.006286	0.000035	0.241762	0.001346
49	G	46214	6339171	5196107	0.008894	1090	503	6338956	0	0	0	nan	0	0	0	0	0	0	nan	0	0	0	0.008894	0.000041	0.008894	0.000041	4.072344	0.018773
50	G	6517	6358615	4973185	0.001310	1090	503	6358439	0	0	0	nan	0	0	0	0	0	0	nan	0	0	0	0.001310	0.000016	0.001310	0.000016	0.599817	0.007326
51	U	21518	6366915	5197978	0.004140	1090	503	6366781	0	0	0	nan	0	0	0	0	0	0	nan	0	0	0	0.004140	0.000028	0.004140	0.000028	1.000000	0.006763
52	U	16110	6380734	5211750	0.003091	1091	503	6380617	0	0	0	nan	0	0	0	0	0	0	nan	0	0	0	0.003091	0.000024	0.003091	0.000024	0.746618	0.005797
53	A	41406	6393230	5601136	0.007392	1091	503	6393109	0	0	0	nan	0	0	0	0	0	0	nan	0	0	0	0.007392	0.000036	0.007392	0.000036	0.284299	0.001385
54	A	54099	6402818	5664593	0.009550	1090	503	6402755	0	0	0	nan	0	0	0	0	0	0	nan	0	0	0	0.009550	0.000041	0.009550	0.000041	0.367297	0.001577
55	U	17530	6404428	5451492	0.003216	1088	503	6404379	0	0	0	nan	0	0	0	0	0	0	nan	0	0	0	0.003216	0.000024	0.003216	0.000024	0.776812	0.005797
56	G	10041	6407381	5159576	0.001946	1086	503	6407343	0	0	0	nan	0	0	0	0	0	0	nan	0	0	0	0.001946	0.000019	0.001946	0.000019	0.891026	0.008700
57	G	0	6409871	5302060	0.000000	1085	503	6409847	0	0	0	nan	0	0	0	0	0	0	nan	0	0	0	0.000000	0.000000	0.000000	0.000000	0.000000	0.000000
58	A	0	6414104	101	0.000000	1084	503	6414104	0	0	0	nan	0	0	0	0	0	0	nan	0	0	0	0.000000	0.000000	nan	nan	nan	nan
59	A	0	6413953	71	0.000000	1084	503	6413953	0	0	0	nan	0	0	0	0	0	0	nan	0	0	0	0.000000	0.000000	nan	nan	nan	nan
60	G	0	6413854	36	0.000000	1084	503	6413854	0	0	0	nan	0	0	0	0	0	0	nan	0	0	0	0.000000	0.000000	nan	nan	nan	nan
61	u	0	6413772	0	nan	1082	503	6413772	0	0	0	nan	0	0	0	0	0	0	nan	0	0	0	nan	nan	nan	nan	nan	nan
62	a	0	6413573	0	nan	1071	502	6413573	0	0	0	nan	0	0	0	0	0	0	nan	0	0	0	nan	nan	nan	nan	nan	nan
63	a	0	6413496	0	nan	1065	502	6413496	0	0	0	nan	0	0	0	0	0	0	nan	0	0	0	nan	nan	nan	nan	nan	nan
64	a	0	6413462	0	nan	1065	502	6413462	0	0	0	nan	0	0	0	0	0	0	nan	0	0	0	nan	nan	nan	nan	nan	nan
65	g	0	6413423	0	nan	1060	500	6413423	0	0	0	nan	0	0	0	0	0	0	nan	0	0	0	nan	nan	nan	nan	nan	nan
66	g	0	6413399	0	nan	1059	500	6413399	0	0	0	nan	0	0	0	0	0	0	nan	0	0	0	nan	nan	nan	nan	nan	nan
67	u	0	6413371	0	nan	1058	500	6413371	0	0	0	nan	0	0	0	0	0	0	nan	0	0	0	nan	nan	nan	nan	nan	nan
68	a	0	6413315	0	nan	1057	500	6413315	0	0	0	nan	0	0	0	0	0	0	nan	0	0	0	nan	nan	nan	nan	nan	nan
69	a	0	6413289	0	nan	1055	499	6413289	0	0	0	nan	0	0	0	0	0	0	nan	0	0	0	nan	nan	nan	nan	nan	nan
70	u	0	6413259	0	nan	1051	497	6413259	0	0	0	nan	0	0	0	0	0	0	nan	0	0	0	nan	nan	nan	nan	nan	nan
71	g	0	6413186	0	nan	1048	495	6413186	0	0	0	nan	0	0	0	0	0	0	nan	0	0	0	nan	nan	nan	nan	nan	nan
72	a	0	6413060	0	nan	1038	490	6413060	0	0	0	nan	0	0	0	0	0	0	nan	0	0	0	nan	nan	nan	nan	nan	nan
73	a	0	6413019	0	nan	1036	489	6413019	0	0	0	nan	0	0	0	0	0	0	nan	0	0	0	nan	nan	nan	nan	nan	nan
74	g	0	6412975	0	nan	1035	480	6412975	0	0	0	nan	0	0	0	0	0	0	nan	0	0	0	nan	nan	nan	nan	nan	nan
75	g	0	6412936	0	nan	1031	479	6412936	0	0	0	nan	0	0	0	0	0	0	nan	0	0	0	nan	nan	nan	nan	nan	nan
76	u	0	6412856	0	nan	1029	478	6412856	0	0	0	nan	0	0	0	0	0	0	nan	0	0	0	nan	nan	nan	nan	nan	nan
77	g	0	6412778	0	nan	1028	477	6412778	0	0	0	nan	0	0	0	0	0	0	nan	0	0	0	nan	nan	nan	nan	nan	nan
78	a	0	6412624	0	nan	1003	471	6412624	0	0	0	nan	0	0	0	0	0	0	nan	0	0	0	nan	nan	nan	nan	nan	nan
79	a	0	6409424	0	nan	992	456	6409424	0	0	0	nan	0	0	0	0	0	0	nan	0	0	0	nan	nan	nan	nan	nan	nan
80	g	0	6406964	0	nan	988	428	6406964	0	0	0	nan	0	0	0	0	0	0	nan	0	0	0	nan	nan	nan	nan	nan	nan