Nucleotide	Sequence	Modified_mutations	Modified_read_depth	Modified_effective_depth	Modified_rate	Modified_off_target_mapped_depth	Modified_low_mapq_mapped_depth	Modified_primer_pair_1_mapped_depth	Untreated_mutations	Untreated_read_depth	Untreated_effective_depth	Untreated_rate	Untreated_off_target_mapped_depth	Untreated_low_mapq_mapped_depth	Untreated_primer_pair_1_mapped_depth	Denatured_mutations	Denatured_read_depth	Denatured_effective_depth	Denatured_rate	Denatured_off_target_mapped_depth	Denatured_low_mapq_mapped_depth	Denatured_primer_pair_1_mapped_depth	Reactivity_profile	Std_err	HQ_profile	HQ_stderr	Norm_profile	Norm_stderr
1	g	0	5058093	0	nan	4	216	5058093	0	0	0	nan	0	0	0	0	0	0	nan	0	0	0	nan	nan	nan	nan	nan	nan
2	g	0	5144559	0	nan	4	219	5144559	0	0	0	nan	0	0	0	0	0	0	nan	0	0	0	nan	nan	nan	nan	nan	nan
3	u	0	5179049	0	nan	4	220	5179049	0	0	0	nan	0	0	0	0	0	0	nan	0	0	0	nan	nan	nan	nan	nan	nan
4	g	0	5186151	0	nan	4	221	5186151	0	0	0	nan	0	0	0	0	0	0	nan	0	0	0	nan	nan	nan	nan	nan	nan
5	u	0	5191109	0	nan	4	224	5191109	0	0	0	nan	0	0	0	0	0	0	nan	0	0	0	nan	nan	nan	nan	nan	nan
6	a	0	5195838	0	nan	4	226	5195838	0	0	0	nan	0	0	0	0	0	0	nan	0	0	0	nan	nan	nan	nan	nan	nan
7	a	0	5197766	0	nan	4	227	5197766	0	0	0	nan	0	0	0	0	0	0	nan	0	0	0	nan	nan	nan	nan	nan	nan
8	g	0	5198883	0	nan	4	227	5198883	0	0	0	nan	0	0	0	0	0	0	nan	0	0	0	nan	nan	nan	nan	nan	nan
9	g	0	5200365	0	nan	4	227	5200365	0	0	0	nan	0	0	0	0	0	0	nan	0	0	0	nan	nan	nan	nan	nan	nan
10	g	0	5202711	0	nan	4	228	5202711	0	0	0	nan	0	0	0	0	0	0	nan	0	0	0	nan	nan	nan	nan	nan	nan
11	u	0	5207380	0	nan	4	228	5207380	0	0	0	nan	0	0	0	0	0	0	nan	0	0	0	nan	nan	nan	nan	nan	nan
12	g	0	5219269	0	nan	115	230	5219269	0	0	0	nan	0	0	0	0	0	0	nan	0	0	0	nan	nan	nan	nan	nan	nan
13	a	0	5236126	0	nan	125	231	5236126	0	0	0	nan	0	0	0	0	0	0	nan	0	0	0	nan	nan	nan	nan	nan	nan
14	a	0	5253677	0	nan	152	232	5253677	0	0	0	nan	0	0	0	0	0	0	nan	0	0	0	nan	nan	nan	nan	nan	nan
15	g	0	5267976	0	nan	961	232	5267976	0	0	0	nan	0	0	0	0	0	0	nan	0	0	0	nan	nan	nan	nan	nan	nan
16	u	0	5279987	0	nan	963	233	5279987	0	0	0	nan	0	0	0	0	0	0	nan	0	0	0	nan	nan	nan	nan	nan	nan
17	g	0	5285237	0	nan	968	234	5285237	0	0	0	nan	0	0	0	0	0	0	nan	0	0	0	nan	nan	nan	nan	nan	nan
18	u	0	5288780	0	nan	968	237	5288780	0	0	0	nan	0	0	0	0	0	0	nan	0	0	0	nan	nan	nan	nan	nan	nan
19	a	0	5291474	0	nan	968	240	5291474	0	0	0	nan	0	0	0	0	0	0	nan	0	0	0	nan	nan	nan	nan	nan	nan
20	A	0	5293086	403	0.000000	968	240	5293086	0	0	0	nan	0	0	0	0	0	0	nan	0	0	0	0.000000	0.000000	nan	nan	nan	nan
21	G	0	5294222	578	0.000000	968	240	5294222	0	0	0	nan	0	0	0	0	0	0	nan	0	0	0	0.000000	0.000000	nan	nan	nan	nan
22	G	0	5295936	1176	0.000000	968	240	5295936	0	0	0	nan	0	0	0	0	0	0	nan	0	0	0	0.000000	0.000000	nan	nan	nan	nan
23	U	0	5299434	4591690	0.000000	968	240	5299434	0	0	0	nan	0	0	0	0	0	0	nan	0	0	0	0.000000	0.000000	0.000000	0.000000	0.000000	0.000000
24	U	10319	5301522	4658102	0.002215	968	240	5301522	0	0	0	nan	0	0	0	0	0	0	nan	0	0	0	0.002215	0.000022	0.002215	0.000022	0.644833	0.006405
25	G	5452	5307822	4687721	0.001163	968	240	5307822	0	0	0	nan	0	0	0	0	0	0	nan	0	0	0	0.001163	0.000016	0.001163	0.000016	nan	nan
26	A	113707	5319119	4812982	0.023625	968	240	5319053	0	0	0	nan	0	0	0	0	0	0	nan	0	0	0	0.023625	0.000070	0.023625	0.000070	1.109637	0.003288
27	A	120250	5323395	4698071	0.025596	968	240	5323293	0	0	0	nan	0	0	0	0	0	0	nan	0	0	0	0.025596	0.000074	0.025596	0.000074	1.202212	0.003476
28	C	80227	5325365	4577472	0.017526	968	240	5325233	0	0	0	nan	0	0	0	0	0	0	nan	0	0	0	0.017526	0.000062	0.017526	0.000062	1.285298	0.004547
29	U	12653	5327827	4568551	0.002770	968	240	5327688	0	0	0	nan	0	0	0	0	0	0	nan	0	0	0	0.002770	0.000025	0.002770	0.000025	0.806405	0.007278
30	U	7107	5330478	4599029	0.001545	971	240	5330323	0	0	0	nan	0	0	0	0	0	0	nan	0	0	0	0.001545	0.000018	0.001545	0.000018	0.449782	0.005240
31	U	6384	5333416	4557167	0.001401	971	240	5333231	0	0	0	nan	0	0	0	0	0	0	nan	0	0	0	0.001401	0.000018	0.001401	0.000018	0.407860	0.005240
32	U	22398	5336654	4652210	0.004814	971	240	5336446	0	0	0	nan	0	0	0	0	0	0	nan	0	0	0	0.004814	0.000032	0.004814	0.000032	1.401456	0.009316
33	G	3393	5363501	4722907	0.000718	973	240	5363259	0	0	0	nan	0	0	0	0	0	0	nan	0	0	0	0.000718	0.000012	0.000718	0.000012	nan	nan
34	A	38680	5380013	5102509	0.007581	973	240	5379782	0	0	0	nan	0	0	0	0	0	0	nan	0	0	0	0.007581	0.000039	0.007581	0.000039	0.356070	0.001832
35	A	35094	5385857	5106627	0.006872	973	240	5385622	0	0	0	nan	0	0	0	0	0	0	nan	0	0	0	0.006872	0.000037	0.006872	0.000037	0.322769	0.001738
36	U	2943	5387238	5059902	0.000582	973	240	5386978	0	0	0	nan	0	0	0	0	0	0	nan	0	0	0	0.000582	0.000011	0.000582	0.000011	0.169432	0.003202
37	A	329551	5388350	4927418	0.066881	973	240	5388054	0	0	0	nan	0	0	0	0	0	0	nan	0	0	0	0.066881	0.000117	0.066881	0.000117	3.141317	0.005495
38	G	5125	5389893	4800830	0.001068	979	240	5389606	0	0	0	nan	0	0	0	0	0	0	nan	0	0	0	0.001068	0.000015	0.001068	0.000015	nan	nan
39	U	8213	5390619	4773129	0.001721	979	240	5390324	0	0	0	nan	0	0	0	0	0	0	nan	0	0	0	0.001721	0.000019	0.001721	0.000019	0.501019	0.005531
40	G	7725	5391837	4763912	0.001622	979	240	5391512	0	0	0	nan	0	0	0	0	0	0	nan	0	0	0	0.001622	0.000018	0.001622	0.000018	nan	nan
41	A	67590	5395516	4730533	0.014288	979	240	5395180	0	0	0	nan	0	0	0	0	0	0	nan	0	0	0	0.014288	0.000055	0.014288	0.000055	0.671090	0.002583
42	U	15900	5396728	4628865	0.003435	978	240	5396388	0	0	0	nan	0	0	0	0	0	0	nan	0	0	0	0.003435	0.000027	0.003435	0.000027	1.000000	0.007860
43	U	6768	5399182	4630117	0.001462	981	240	5398830	0	0	0	nan	0	0	0	0	0	0	nan	0	0	0	0.001462	0.000018	0.001462	0.000018	0.425619	0.005240
44	C	9151	5406851	4657010	0.001965	980	240	5406480	0	0	0	nan	0	0	0	0	0	0	nan	0	0	0	0.001965	0.000021	0.001965	0.000021	0.144106	0.001540
45	A	23610	5413829	4704163	0.005019	976	240	5413424	0	0	0	nan	0	0	0	0	0	0	nan	0	0	0	0.005019	0.000033	0.005019	0.000033	0.235736	0.001550
46	G	4572	5418661	4542825	0.001006	973	240	5418254	0	0	0	nan	0	0	0	0	0	0	nan	0	0	0	0.001006	0.000015	0.001006	0.000015	nan	nan
47	G	9365	5428823	4596693	0.002037	973	240	5428411	0	0	0	nan	0	0	0	0	0	0	nan	0	0	0	0.002037	0.000021	0.002037	0.000021	nan	nan
48	A	21478	5444329	4407368	0.004873	973	240	5443902	0	0	0	nan	0	0	0	0	0	0	nan	0	0	0	0.004873	0.000033	0.004873	0.000033	0.228879	0.001550
49	G	42663	5447291	4378965	0.009743	972	240	5446877	0	0	0	nan	0	0	0	0	0	0	nan	0	0	0	0.009743	0.000047	0.009743	0.000047	nan	nan
50	G	5070	5459256	4215426	0.001203	972	240	5458816	0	0	0	nan	0	0	0	0	0	0	nan	0	0	0	0.001203	0.000017	0.001203	0.000017	nan	nan
51	U	14477	5467153	4371801	0.003311	971	240	5466777	0	0	0	nan	0	0	0	0	0	0	nan	0	0	0	0.003311	0.000028	0.003311	0.000028	0.963901	0.008151
52	U	7829	5490131	4429303	0.001768	971	240	5489821	0	0	0	nan	0	0	0	0	0	0	nan	0	0	0	0.001768	0.000020	0.001768	0.000020	0.514702	0.005822
53	A	27783	5507059	4802742	0.005785	970	240	5506756	0	0	0	nan	0	0	0	0	0	0	nan	0	0	0	0.005785	0.000035	0.005785	0.000035	0.271714	0.001644
54	A	40128	5525484	4861575	0.008254	970	240	5525346	0	0	0	nan	0	0	0	0	0	0	nan	0	0	0	0.008254	0.000041	0.008254	0.000041	0.387680	0.001926
55	U	11311	5528250	4633608	0.002441	968	240	5528152	0	0	0	nan	0	0	0	0	0	0	nan	0	0	0	0.002441	0.000023	0.002441	0.000023	0.710626	0.006696
56	G	8242	5531329	4392643	0.001876	967	240	5531243	0	0	0	nan	0	0	0	0	0	0	nan	0	0	0	0.001876	0.000021	0.001876	0.000021	nan	nan
57	G	0	5534173	4467204	0.000000	967	240	5534110	0	0	0	nan	0	0	0	0	0	0	nan	0	0	0	0.000000	0.000000	0.000000	0.000000	nan	nan
58	A	0	5540157	99	0.000000	965	240	5540157	0	0	0	nan	0	0	0	0	0	0	nan	0	0	0	0.000000	0.000000	nan	nan	nan	nan
59	A	0	5540047	78	0.000000	964	240	5540047	0	0	0	nan	0	0	0	0	0	0	nan	0	0	0	0.000000	0.000000	nan	nan	nan	nan
60	G	0	5539929	37	0.000000	964	240	5539929	0	0	0	nan	0	0	0	0	0	0	nan	0	0	0	0.000000	0.000000	nan	nan	nan	nan
61	u	0	5539867	0	nan	964	240	5539867	0	0	0	nan	0	0	0	0	0	0	nan	0	0	0	nan	nan	nan	nan	nan	nan
62	a	0	5539694	0	nan	960	240	5539694	0	0	0	nan	0	0	0	0	0	0	nan	0	0	0	nan	nan	nan	nan	nan	nan
63	a	0	5539625	0	nan	956	240	5539625	0	0	0	nan	0	0	0	0	0	0	nan	0	0	0	nan	nan	nan	nan	nan	nan
64	a	0	5539598	0	nan	954	240	5539598	0	0	0	nan	0	0	0	0	0	0	nan	0	0	0	nan	nan	nan	nan	nan	nan
65	g	0	5539555	0	nan	953	240	5539555	0	0	0	nan	0	0	0	0	0	0	nan	0	0	0	nan	nan	nan	nan	nan	nan
66	g	0	5539531	0	nan	952	240	5539531	0	0	0	nan	0	0	0	0	0	0	nan	0	0	0	nan	nan	nan	nan	nan	nan
67	u	0	5539504	0	nan	951	240	5539504	0	0	0	nan	0	0	0	0	0	0	nan	0	0	0	nan	nan	nan	nan	nan	nan
68	a	0	5539456	0	nan	950	240	5539456	0	0	0	nan	0	0	0	0	0	0	nan	0	0	0	nan	nan	nan	nan	nan	nan
69	a	0	5539446	0	nan	950	240	5539446	0	0	0	nan	0	0	0	0	0	0	nan	0	0	0	nan	nan	nan	nan	nan	nan
70	u	0	5539423	0	nan	950	239	5539423	0	0	0	nan	0	0	0	0	0	0	nan	0	0	0	nan	nan	nan	nan	nan	nan
71	g	0	5539332	0	nan	949	237	5539332	0	0	0	nan	0	0	0	0	0	0	nan	0	0	0	nan	nan	nan	nan	nan	nan
72	a	0	5539231	0	nan	941	237	5539231	0	0	0	nan	0	0	0	0	0	0	nan	0	0	0	nan	nan	nan	nan	nan	nan
73	a	0	5539208	0	nan	941	237	5539208	0	0	0	nan	0	0	0	0	0	0	nan	0	0	0	nan	nan	nan	nan	nan	nan
74	g	0	5539175	0	nan	941	234	5539175	0	0	0	nan	0	0	0	0	0	0	nan	0	0	0	nan	nan	nan	nan	nan	nan
75	g	0	5539131	0	nan	941	231	5539131	0	0	0	nan	0	0	0	0	0	0	nan	0	0	0	nan	nan	nan	nan	nan	nan
76	u	0	5539038	0	nan	940	231	5539038	0	0	0	nan	0	0	0	0	0	0	nan	0	0	0	nan	nan	nan	nan	nan	nan
77	g	0	5538957	0	nan	938	227	5538957	0	0	0	nan	0	0	0	0	0	0	nan	0	0	0	nan	nan	nan	nan	nan	nan
78	a	0	5538863	0	nan	925	225	5538863	0	0	0	nan	0	0	0	0	0	0	nan	0	0	0	nan	nan	nan	nan	nan	nan
79	a	0	5535607	0	nan	914	222	5535607	0	0	0	nan	0	0	0	0	0	0	nan	0	0	0	nan	nan	nan	nan	nan	nan
80	g	0	5533152	0	nan	911	220	5533152	0	0	0	nan	0	0	0	0	0	0	nan	0	0	0	nan	nan	nan	nan	nan	nan