Nucleotide	Sequence	Modified_mutations	Modified_read_depth	Modified_effective_depth	Modified_rate	Modified_off_target_mapped_depth	Modified_low_mapq_mapped_depth	Modified_primer_pair_1_mapped_depth	Untreated_mutations	Untreated_read_depth	Untreated_effective_depth	Untreated_rate	Untreated_off_target_mapped_depth	Untreated_low_mapq_mapped_depth	Untreated_primer_pair_1_mapped_depth	Denatured_mutations	Denatured_read_depth	Denatured_effective_depth	Denatured_rate	Denatured_off_target_mapped_depth	Denatured_low_mapq_mapped_depth	Denatured_primer_pair_1_mapped_depth	Reactivity_profile	Std_err	HQ_profile	HQ_stderr	Norm_profile	Norm_stderr
1	g	0	44970	0	nan	1	243	44970	0	0	0	nan	0	0	0	0	0	0	nan	0	0	0	nan	nan	nan	nan	nan	nan
2	g	0	45053	0	nan	1	243	45053	0	0	0	nan	0	0	0	0	0	0	nan	0	0	0	nan	nan	nan	nan	nan	nan
3	u	0	45069	0	nan	1	243	45069	0	0	0	nan	0	0	0	0	0	0	nan	0	0	0	nan	nan	nan	nan	nan	nan
4	g	0	45077	0	nan	1	245	45077	0	0	0	nan	0	0	0	0	0	0	nan	0	0	0	nan	nan	nan	nan	nan	nan
5	u	0	45170	0	nan	1	245	45170	0	0	0	nan	0	0	0	0	0	0	nan	0	0	0	nan	nan	nan	nan	nan	nan
6	a	0	45171	0	nan	1	245	45171	0	0	0	nan	0	0	0	0	0	0	nan	0	0	0	nan	nan	nan	nan	nan	nan
7	a	0	45174	0	nan	1	245	45174	0	0	0	nan	0	0	0	0	0	0	nan	0	0	0	nan	nan	nan	nan	nan	nan
8	g	0	45175	0	nan	1	246	45175	0	0	0	nan	0	0	0	0	0	0	nan	0	0	0	nan	nan	nan	nan	nan	nan
9	g	0	45175	0	nan	1	246	45175	0	0	0	nan	0	0	0	0	0	0	nan	0	0	0	nan	nan	nan	nan	nan	nan
10	g	0	45175	0	nan	1	246	45175	0	0	0	nan	0	0	0	0	0	0	nan	0	0	0	nan	nan	nan	nan	nan	nan
11	u	0	45175	0	nan	1	246	45175	0	0	0	nan	0	0	0	0	0	0	nan	0	0	0	nan	nan	nan	nan	nan	nan
12	g	0	45175	0	nan	1	246	45175	0	0	0	nan	0	0	0	0	0	0	nan	0	0	0	nan	nan	nan	nan	nan	nan
13	a	0	45175	0	nan	1	246	45175	0	0	0	nan	0	0	0	0	0	0	nan	0	0	0	nan	nan	nan	nan	nan	nan
14	a	0	45176	0	nan	1	246	45176	0	0	0	nan	0	0	0	0	0	0	nan	0	0	0	nan	nan	nan	nan	nan	nan
15	g	0	45176	0	nan	1	246	45176	0	0	0	nan	0	0	0	0	0	0	nan	0	0	0	nan	nan	nan	nan	nan	nan
16	u	0	45176	0	nan	1	246	45176	0	0	0	nan	0	0	0	0	0	0	nan	0	0	0	nan	nan	nan	nan	nan	nan
17	g	0	45176	0	nan	1	246	45176	0	0	0	nan	0	0	0	0	0	0	nan	0	0	0	nan	nan	nan	nan	nan	nan
18	u	0	45176	0	nan	1	246	45176	0	0	0	nan	0	0	0	0	0	0	nan	0	0	0	nan	nan	nan	nan	nan	nan
19	a	0	45176	0	nan	1	246	45176	0	0	0	nan	0	0	0	0	0	0	nan	0	0	0	nan	nan	nan	nan	nan	nan
20	A	0	45176	0	nan	1	246	45176	0	0	0	nan	0	0	0	0	0	0	nan	0	0	0	nan	nan	nan	nan	nan	nan
21	G	0	45176	0	nan	1	246	45176	0	0	0	nan	0	0	0	0	0	0	nan	0	0	0	nan	nan	nan	nan	nan	nan
22	G	0	45178	2	0.000000	1	246	45178	0	0	0	nan	0	0	0	0	0	0	nan	0	0	0	0.000000	0.000000	nan	nan	nan	nan
23	U	0	45178	44967	0.000000	1	246	45178	0	0	0	nan	0	0	0	0	0	0	nan	0	0	0	0.000000	0.000000	0.000000	0.000000	0.000000	0.000000
24	U	61	45178	44953	0.001357	1	246	45178	0	0	0	nan	0	0	0	0	0	0	nan	0	0	0	0.001357	0.000174	0.001357	0.000174	0.608520	0.078027
25	G	33	45178	45019	0.000733	1	246	45178	0	0	0	nan	0	0	0	0	0	0	nan	0	0	0	0.000733	0.000128	0.000733	0.000128	nan	nan
26	A	20	45178	45033	0.000444	1	246	45178	0	0	0	nan	0	0	0	0	0	0	nan	0	0	0	0.000444	0.000099	0.000444	0.000099	nan	nan
27	A	28	45178	45030	0.000622	1	246	45178	0	0	0	nan	0	0	0	0	0	0	nan	0	0	0	0.000622	0.000118	0.000622	0.000118	nan	nan
28	C	31	45178	44990	0.000689	1	246	45178	0	0	0	nan	0	0	0	0	0	0	nan	0	0	0	0.000689	0.000124	0.000689	0.000124	nan	nan
29	U	62	45178	45004	0.001378	1	246	45178	0	0	0	nan	0	0	0	0	0	0	nan	0	0	0	0.001378	0.000175	0.001378	0.000175	0.617937	0.078475
30	U	58	45178	44977	0.001290	1	246	45177	0	0	0	nan	0	0	0	0	0	0	nan	0	0	0	0.001290	0.000169	0.001290	0.000169	0.578475	0.075785
31	U	101	45178	45008	0.002244	1	246	45177	0	0	0	nan	0	0	0	0	0	0	nan	0	0	0	0.002244	0.000223	0.002244	0.000223	1.006278	0.100000
32	U	46	45178	45052	0.001021	1	246	45177	0	0	0	nan	0	0	0	0	0	0	nan	0	0	0	0.001021	0.000151	0.001021	0.000151	0.457848	0.067713
33	G	26	45178	45063	0.000577	1	246	45177	0	0	0	nan	0	0	0	0	0	0	nan	0	0	0	0.000577	0.000113	0.000577	0.000113	nan	nan
34	A	25	45178	45008	0.000555	1	246	45177	0	0	0	nan	0	0	0	0	0	0	nan	0	0	0	0.000555	0.000111	0.000555	0.000111	nan	nan
35	A	25	45178	44971	0.000556	1	246	45177	0	0	0	nan	0	0	0	0	0	0	nan	0	0	0	0.000556	0.000111	0.000556	0.000111	nan	nan
36	U	38	45178	44973	0.000845	1	246	45177	0	0	0	nan	0	0	0	0	0	0	nan	0	0	0	0.000845	0.000137	0.000845	0.000137	0.378924	0.061435
37	A	27	45178	45082	0.000599	1	246	45177	0	0	0	nan	0	0	0	0	0	0	nan	0	0	0	0.000599	0.000115	0.000599	0.000115	nan	nan
38	G	22	45179	44967	0.000489	1	246	45178	0	0	0	nan	0	0	0	0	0	0	nan	0	0	0	0.000489	0.000104	0.000489	0.000104	nan	nan
39	U	62	45180	45036	0.001377	1	246	45179	0	0	0	nan	0	0	0	0	0	0	nan	0	0	0	0.001377	0.000175	0.001377	0.000175	0.617489	0.078475
40	G	36	45180	44927	0.000801	1	246	45180	0	0	0	nan	0	0	0	0	0	0	nan	0	0	0	0.000801	0.000134	0.000801	0.000134	nan	nan
41	A	60	45180	44908	0.001336	1	246	45180	0	0	0	nan	0	0	0	0	0	0	nan	0	0	0	0.001336	0.000172	0.001336	0.000172	nan	nan
42	U	100	45180	44850	0.002230	1	246	45180	0	0	0	nan	0	0	0	0	0	0	nan	0	0	0	0.002230	0.000223	0.002230	0.000223	1.000000	0.100000
43	U	92	45180	44921	0.002048	1	246	45180	0	0	0	nan	0	0	0	0	0	0	nan	0	0	0	0.002048	0.000214	0.002048	0.000214	0.918386	0.095964
44	C	69	45180	45034	0.001532	1	246	45180	0	0	0	nan	0	0	0	0	0	0	nan	0	0	0	0.001532	0.000184	0.001532	0.000184	nan	nan
45	A	40	45181	45099	0.000887	1	246	45181	0	0	0	nan	0	0	0	0	0	0	nan	0	0	0	0.000887	0.000140	0.000887	0.000140	nan	nan
46	G	26	45181	45016	0.000578	1	246	45181	0	0	0	nan	0	0	0	0	0	0	nan	0	0	0	0.000578	0.000113	0.000578	0.000113	nan	nan
47	G	27	45181	44942	0.000601	1	246	45181	0	0	0	nan	0	0	0	0	0	0	nan	0	0	0	0.000601	0.000116	0.000601	0.000116	nan	nan
48	A	23	45181	44961	0.000512	1	246	45181	0	0	0	nan	0	0	0	0	0	0	nan	0	0	0	0.000512	0.000107	0.000512	0.000107	nan	nan
49	G	21	45182	44913	0.000468	1	246	45182	0	0	0	nan	0	0	0	0	0	0	nan	0	0	0	0.000468	0.000102	0.000468	0.000102	nan	nan
50	G	19	45181	44962	0.000423	2	246	45181	0	0	0	nan	0	0	0	0	0	0	nan	0	0	0	0.000423	0.000097	0.000423	0.000097	nan	nan
51	U	79	45181	44914	0.001759	2	246	45181	0	0	0	nan	0	0	0	0	0	0	nan	0	0	0	0.001759	0.000198	0.001759	0.000198	0.788789	0.088789
52	U	59	45181	44895	0.001314	2	246	45181	0	0	0	nan	0	0	0	0	0	0	nan	0	0	0	0.001314	0.000171	0.001314	0.000171	0.589238	0.076682
53	A	23	45181	44948	0.000512	2	246	45181	0	0	0	nan	0	0	0	0	0	0	nan	0	0	0	0.000512	0.000107	0.000512	0.000107	nan	nan
54	A	42	45181	44989	0.000934	2	246	45181	0	0	0	nan	0	0	0	0	0	0	nan	0	0	0	0.000934	0.000144	0.000934	0.000144	nan	nan
55	U	70	45181	44998	0.001556	2	246	45181	0	0	0	nan	0	0	0	0	0	0	nan	0	0	0	0.001556	0.000186	0.001556	0.000186	0.697758	0.083408
56	G	43	45181	45019	0.000955	2	246	45181	0	0	0	nan	0	0	0	0	0	0	nan	0	0	0	0.000955	0.000146	0.000955	0.000146	nan	nan
57	G	0	45181	45072	0.000000	2	246	45181	0	0	0	nan	0	0	0	0	0	0	nan	0	0	0	0.000000	0.000000	0.000000	0.000000	nan	nan
58	A	0	45181	0	nan	2	246	45181	0	0	0	nan	0	0	0	0	0	0	nan	0	0	0	nan	nan	nan	nan	nan	nan
59	A	0	45181	0	nan	2	246	45181	0	0	0	nan	0	0	0	0	0	0	nan	0	0	0	nan	nan	nan	nan	nan	nan
60	G	0	45181	0	nan	2	246	45181	0	0	0	nan	0	0	0	0	0	0	nan	0	0	0	nan	nan	nan	nan	nan	nan
61	u	0	45181	0	nan	2	246	45181	0	0	0	nan	0	0	0	0	0	0	nan	0	0	0	nan	nan	nan	nan	nan	nan
62	a	0	45181	0	nan	2	246	45181	0	0	0	nan	0	0	0	0	0	0	nan	0	0	0	nan	nan	nan	nan	nan	nan
63	a	0	45181	0	nan	2	246	45181	0	0	0	nan	0	0	0	0	0	0	nan	0	0	0	nan	nan	nan	nan	nan	nan
64	a	0	45181	0	nan	2	246	45181	0	0	0	nan	0	0	0	0	0	0	nan	0	0	0	nan	nan	nan	nan	nan	nan
65	g	0	45181	0	nan	2	246	45181	0	0	0	nan	0	0	0	0	0	0	nan	0	0	0	nan	nan	nan	nan	nan	nan
66	g	0	45181	0	nan	2	246	45181	0	0	0	nan	0	0	0	0	0	0	nan	0	0	0	nan	nan	nan	nan	nan	nan
67	u	0	45181	0	nan	2	246	45181	0	0	0	nan	0	0	0	0	0	0	nan	0	0	0	nan	nan	nan	nan	nan	nan
68	a	0	45181	0	nan	2	246	45181	0	0	0	nan	0	0	0	0	0	0	nan	0	0	0	nan	nan	nan	nan	nan	nan
69	a	0	45181	0	nan	1	246	45181	0	0	0	nan	0	0	0	0	0	0	nan	0	0	0	nan	nan	nan	nan	nan	nan
70	u	0	45181	0	nan	1	246	45181	0	0	0	nan	0	0	0	0	0	0	nan	0	0	0	nan	nan	nan	nan	nan	nan
71	g	0	45180	0	nan	1	246	45180	0	0	0	nan	0	0	0	0	0	0	nan	0	0	0	nan	nan	nan	nan	nan	nan
72	a	0	45179	0	nan	1	246	45179	0	0	0	nan	0	0	0	0	0	0	nan	0	0	0	nan	nan	nan	nan	nan	nan
73	a	0	45179	0	nan	1	246	45179	0	0	0	nan	0	0	0	0	0	0	nan	0	0	0	nan	nan	nan	nan	nan	nan
74	g	0	45177	0	nan	1	246	45177	0	0	0	nan	0	0	0	0	0	0	nan	0	0	0	nan	nan	nan	nan	nan	nan
75	g	0	45175	0	nan	1	246	45175	0	0	0	nan	0	0	0	0	0	0	nan	0	0	0	nan	nan	nan	nan	nan	nan
76	u	0	45170	0	nan	1	246	45170	0	0	0	nan	0	0	0	0	0	0	nan	0	0	0	nan	nan	nan	nan	nan	nan
77	g	0	45168	0	nan	1	246	45168	0	0	0	nan	0	0	0	0	0	0	nan	0	0	0	nan	nan	nan	nan	nan	nan
78	a	0	45164	0	nan	1	245	45164	0	0	0	nan	0	0	0	0	0	0	nan	0	0	0	nan	nan	nan	nan	nan	nan
79	a	0	45125	0	nan	1	244	45125	0	0	0	nan	0	0	0	0	0	0	nan	0	0	0	nan	nan	nan	nan	nan	nan
80	g	0	45101	0	nan	1	236	45101	0	0	0	nan	0	0	0	0	0	0	nan	0	0	0	nan	nan	nan	nan	nan	nan