Nucleotide	Sequence	Modified_mutations	Modified_read_depth	Modified_effective_depth	Modified_rate	Modified_off_target_mapped_depth	Modified_low_mapq_mapped_depth	Modified_primer_pair_1_mapped_depth	Untreated_mutations	Untreated_read_depth	Untreated_effective_depth	Untreated_rate	Untreated_off_target_mapped_depth	Untreated_low_mapq_mapped_depth	Untreated_primer_pair_1_mapped_depth	Denatured_mutations	Denatured_read_depth	Denatured_effective_depth	Denatured_rate	Denatured_off_target_mapped_depth	Denatured_low_mapq_mapped_depth	Denatured_primer_pair_1_mapped_depth	Reactivity_profile	Std_err	HQ_profile	HQ_stderr	Norm_profile	Norm_stderr
1	g	0	266420	0	nan	42	1	266420	0	0	0	nan	0	0	0	0	0	0	nan	0	0	0	nan	nan	nan	nan	nan	nan
2	g	0	267039	0	nan	42	1	267039	0	0	0	nan	0	0	0	0	0	0	nan	0	0	0	nan	nan	nan	nan	nan	nan
3	c	0	267215	0	nan	42	1	267215	0	0	0	nan	0	0	0	0	0	0	nan	0	0	0	nan	nan	nan	nan	nan	nan
4	a	0	274250	0	nan	86	1	274250	0	0	0	nan	0	0	0	0	0	0	nan	0	0	0	nan	nan	nan	nan	nan	nan
5	c	0	274389	0	nan	86	1	274389	0	0	0	nan	0	0	0	0	0	0	nan	0	0	0	nan	nan	nan	nan	nan	nan
6	c	0	274419	0	nan	86	1	274419	0	0	0	nan	0	0	0	0	0	0	nan	0	0	0	nan	nan	nan	nan	nan	nan
7	u	0	274424	0	nan	86	1	274424	0	0	0	nan	0	0	0	0	0	0	nan	0	0	0	nan	nan	nan	nan	nan	nan
8	c	0	274424	0	nan	86	1	274424	0	0	0	nan	0	0	0	0	0	0	nan	0	0	0	nan	nan	nan	nan	nan	nan
9	a	0	274425	0	nan	86	1	274425	0	0	0	nan	0	0	0	0	0	0	nan	0	0	0	nan	nan	nan	nan	nan	nan
10	u	0	274482	0	nan	86	1	274482	0	0	0	nan	0	0	0	0	0	0	nan	0	0	0	nan	nan	nan	nan	nan	nan
11	a	0	274544	0	nan	86	1	274544	0	0	0	nan	0	0	0	0	0	0	nan	0	0	0	nan	nan	nan	nan	nan	nan
12	a	0	274553	0	nan	87	1	274553	0	0	0	nan	0	0	0	0	0	0	nan	0	0	0	nan	nan	nan	nan	nan	nan
13	c	0	274559	0	nan	87	1	274559	0	0	0	nan	0	0	0	0	0	0	nan	0	0	0	nan	nan	nan	nan	nan	nan
14	a	0	274561	0	nan	87	1	274561	0	0	0	nan	0	0	0	0	0	0	nan	0	0	0	nan	nan	nan	nan	nan	nan
15	u	0	274563	0	nan	87	1	274563	0	0	0	nan	0	0	0	0	0	0	nan	0	0	0	nan	nan	nan	nan	nan	nan
16	a	0	274566	0	nan	87	1	274566	0	0	0	nan	0	0	0	0	0	0	nan	0	0	0	nan	nan	nan	nan	nan	nan
17	a	0	274566	0	nan	87	1	274566	0	0	0	nan	0	0	0	0	0	0	nan	0	0	0	nan	nan	nan	nan	nan	nan
18	c	0	274571	0	nan	87	1	274571	0	0	0	nan	0	0	0	0	0	0	nan	0	0	0	nan	nan	nan	nan	nan	nan
19	U	0	274571	0	nan	87	1	274571	0	0	0	nan	0	0	0	0	0	0	nan	0	0	0	nan	nan	nan	nan	nan	nan
20	A	0	274576	5	0.000000	87	1	274576	0	0	0	nan	0	0	0	0	0	0	nan	0	0	0	0.000000	0.000000	nan	nan	nan	nan
21	A	0	274580	5	0.000000	87	1	274580	0	0	0	nan	0	0	0	0	0	0	nan	0	0	0	0.000000	0.000000	nan	nan	nan	nan
22	G	0	274587	272059	0.000000	87	1	274587	0	0	0	nan	0	0	0	0	0	0	nan	0	0	0	0.000000	0.000000	0.000000	0.000000	nan	nan
23	G	158	274591	271686	0.000582	87	1	274591	0	0	0	nan	0	0	0	0	0	0	nan	0	0	0	0.000582	0.000046	0.000582	0.000046	nan	nan
24	C	288	274596	272441	0.001057	87	1	274596	0	0	0	nan	0	0	0	0	0	0	nan	0	0	0	0.001057	0.000062	0.001057	0.000062	nan	nan
25	A	180	274618	273271	0.000659	87	1	274618	0	0	0	nan	0	0	0	0	0	0	nan	0	0	0	0.000659	0.000049	0.000659	0.000049	0.298731	0.022212
26	G	129	274627	273641	0.000471	87	1	274625	0	0	0	nan	0	0	0	0	0	0	nan	0	0	0	0.000471	0.000042	0.000471	0.000042	nan	nan
27	A	146	274640	273735	0.000533	87	1	274638	0	0	0	nan	0	0	0	0	0	0	nan	0	0	0	0.000533	0.000044	0.000533	0.000044	0.241614	0.019946
28	U	405	274656	273370	0.001482	87	1	274654	0	0	0	nan	0	0	0	0	0	0	nan	0	0	0	0.001482	0.000074	0.001482	0.000074	nan	nan
29	C	670	274657	273491	0.002450	87	1	274654	0	0	0	nan	0	0	0	0	0	0	nan	0	0	0	0.002450	0.000095	0.002450	0.000095	nan	nan
30	U	416	274661	273265	0.001522	87	1	274656	0	0	0	nan	0	0	0	0	0	0	nan	0	0	0	0.001522	0.000075	0.001522	0.000075	nan	nan
31	G	141	274667	273361	0.000516	87	1	274661	0	0	0	nan	0	0	0	0	0	0	nan	0	0	0	0.000516	0.000043	0.000516	0.000043	nan	nan
32	A	122	274669	273453	0.000446	87	1	274663	0	0	0	nan	0	0	0	0	0	0	nan	0	0	0	0.000446	0.000040	0.000446	0.000040	0.202176	0.018132
33	G	135	274670	273133	0.000494	87	1	274662	0	0	0	nan	0	0	0	0	0	0	nan	0	0	0	0.000494	0.000043	0.000494	0.000043	nan	nan
34	C	361	274675	272334	0.001326	87	1	274669	0	0	0	nan	0	0	0	0	0	0	nan	0	0	0	0.001326	0.000070	0.001326	0.000070	nan	nan
35	U	612	274678	271770	0.002252	87	1	274661	0	0	0	nan	0	0	0	0	0	0	nan	0	0	0	0.002252	0.000091	0.002252	0.000091	nan	nan
36	U	366	274682	270872	0.001351	87	1	274648	0	0	0	nan	0	0	0	0	0	0	nan	0	0	0	0.001351	0.000071	0.001351	0.000071	nan	nan
37	G	202	274690	270734	0.000746	87	1	274622	0	0	0	nan	0	0	0	0	0	0	nan	0	0	0	0.000746	0.000052	0.000746	0.000052	nan	nan
38	G	214	274690	263880	0.000811	87	1	274624	0	0	0	nan	0	0	0	0	0	0	nan	0	0	0	0.000811	0.000055	0.000811	0.000055	nan	nan
39	G	221	274693	263269	0.000839	87	1	274637	0	0	0	nan	0	0	0	0	0	0	nan	0	0	0	0.000839	0.000056	0.000839	0.000056	nan	nan
40	A	585	274702	265152	0.002206	87	1	274658	0	0	0	nan	0	0	0	0	0	0	nan	0	0	0	0.002206	0.000091	0.002206	0.000091	1.000000	0.041251
41	G	229	274711	271981	0.000842	87	1	274689	0	0	0	nan	0	0	0	0	0	0	nan	0	0	0	0.000842	0.000056	0.000842	0.000056	nan	nan
42	C	227	274715	273217	0.000831	46	1	274706	0	0	0	nan	0	0	0	0	0	0	nan	0	0	0	0.000831	0.000055	0.000831	0.000055	nan	nan
43	U	267	274717	273544	0.000976	46	1	274710	0	0	0	nan	0	0	0	0	0	0	nan	0	0	0	0.000976	0.000060	0.000976	0.000060	nan	nan
44	C	167	274718	273677	0.000610	46	1	274711	0	0	0	nan	0	0	0	0	0	0	nan	0	0	0	0.000610	0.000047	0.000610	0.000047	nan	nan
45	U	309	274718	273785	0.001129	46	1	274711	0	0	0	nan	0	0	0	0	0	0	nan	0	0	0	0.001129	0.000064	0.001129	0.000064	nan	nan
46	C	295	274721	272792	0.001081	46	1	274714	0	0	0	nan	0	0	0	0	0	0	nan	0	0	0	0.001081	0.000063	0.001081	0.000063	nan	nan
47	U	298	274726	272586	0.001093	46	1	274716	0	0	0	nan	0	0	0	0	0	0	nan	0	0	0	0.001093	0.000063	0.001093	0.000063	nan	nan
48	G	174	274726	271863	0.000640	46	1	274718	0	0	0	nan	0	0	0	0	0	0	nan	0	0	0	0.000640	0.000049	0.000640	0.000049	nan	nan
49	C	356	274728	272600	0.001306	46	1	274721	0	0	0	nan	0	0	0	0	0	0	nan	0	0	0	0.001306	0.000069	0.001306	0.000069	nan	nan
50	C	344	274731	272897	0.001261	46	1	274726	0	0	0	nan	0	0	0	0	0	0	nan	0	0	0	0.001261	0.000068	0.001261	0.000068	nan	nan
51	A	127	274737	273308	0.000465	46	1	274735	0	0	0	nan	0	0	0	0	0	0	nan	0	0	0	0.000465	0.000041	0.000465	0.000041	0.210789	0.018586
52	A	0	274740	272280	0.000000	46	1	274740	0	0	0	nan	0	0	0	0	0	0	nan	0	0	0	0.000000	0.000000	0.000000	0.000000	0.000000	0.000000
53	U	0	274735	245	0.000000	43	1	274735	0	0	0	nan	0	0	0	0	0	0	nan	0	0	0	0.000000	0.000000	nan	nan	nan	nan
54	C	0	274442	1	0.000000	37	1	274442	0	0	0	nan	0	0	0	0	0	0	nan	0	0	0	0.000000	0.000000	nan	nan	nan	nan
55	C	0	274440	0	nan	37	1	274440	0	0	0	nan	0	0	0	0	0	0	nan	0	0	0	nan	nan	nan	nan	nan	nan
56	a	0	274440	0	nan	37	1	274440	0	0	0	nan	0	0	0	0	0	0	nan	0	0	0	nan	nan	nan	nan	nan	nan
57	c	0	274440	0	nan	37	1	274440	0	0	0	nan	0	0	0	0	0	0	nan	0	0	0	nan	nan	nan	nan	nan	nan
58	u	0	274440	0	nan	37	1	274440	0	0	0	nan	0	0	0	0	0	0	nan	0	0	0	nan	nan	nan	nan	nan	nan
59	a	0	274440	0	nan	37	1	274440	0	0	0	nan	0	0	0	0	0	0	nan	0	0	0	nan	nan	nan	nan	nan	nan
60	a	0	274440	0	nan	37	1	274440	0	0	0	nan	0	0	0	0	0	0	nan	0	0	0	nan	nan	nan	nan	nan	nan
61	c	0	274440	0	nan	18	1	274440	0	0	0	nan	0	0	0	0	0	0	nan	0	0	0	nan	nan	nan	nan	nan	nan
62	c	0	274440	0	nan	17	1	274440	0	0	0	nan	0	0	0	0	0	0	nan	0	0	0	nan	nan	nan	nan	nan	nan
63	u	0	274440	0	nan	1	1	274440	0	0	0	nan	0	0	0	0	0	0	nan	0	0	0	nan	nan	nan	nan	nan	nan
64	c	0	274440	0	nan	1	1	274440	0	0	0	nan	0	0	0	0	0	0	nan	0	0	0	nan	nan	nan	nan	nan	nan
65	a	0	274440	0	nan	1	1	274440	0	0	0	nan	0	0	0	0	0	0	nan	0	0	0	nan	nan	nan	nan	nan	nan
66	c	0	274438	0	nan	1	1	274438	0	0	0	nan	0	0	0	0	0	0	nan	0	0	0	nan	nan	nan	nan	nan	nan
67	u	0	274438	0	nan	1	1	274438	0	0	0	nan	0	0	0	0	0	0	nan	0	0	0	nan	nan	nan	nan	nan	nan
68	c	0	274438	0	nan	1	1	274438	0	0	0	nan	0	0	0	0	0	0	nan	0	0	0	nan	nan	nan	nan	nan	nan
69	a	0	274438	0	nan	1	1	274438	0	0	0	nan	0	0	0	0	0	0	nan	0	0	0	nan	nan	nan	nan	nan	nan
70	c	0	274426	0	nan	1	1	274426	0	0	0	nan	0	0	0	0	0	0	nan	0	0	0	nan	nan	nan	nan	nan	nan
71	a	0	274421	0	nan	1	1	274421	0	0	0	nan	0	0	0	0	0	0	nan	0	0	0	nan	nan	nan	nan	nan	nan
72	a	0	274339	0	nan	1	1	274339	0	0	0	nan	0	0	0	0	0	0	nan	0	0	0	nan	nan	nan	nan	nan	nan
73	u	0	274194	0	nan	1	1	274194	0	0	0	nan	0	0	0	0	0	0	nan	0	0	0	nan	nan	nan	nan	nan	nan
74	c	0	273835	0	nan	1	1	273835	0	0	0	nan	0	0	0	0	0	0	nan	0	0	0	nan	nan	nan	nan	nan	nan