Nucleotide	Sequence	Modified_mutations	Modified_read_depth	Modified_effective_depth	Modified_rate	Modified_off_target_mapped_depth	Modified_low_mapq_mapped_depth	Modified_primer_pair_1_mapped_depth	Untreated_mutations	Untreated_read_depth	Untreated_effective_depth	Untreated_rate	Untreated_off_target_mapped_depth	Untreated_low_mapq_mapped_depth	Untreated_primer_pair_1_mapped_depth	Denatured_mutations	Denatured_read_depth	Denatured_effective_depth	Denatured_rate	Denatured_off_target_mapped_depth	Denatured_low_mapq_mapped_depth	Denatured_primer_pair_1_mapped_depth	Reactivity_profile	Std_err	HQ_profile	HQ_stderr	Norm_profile	Norm_stderr
1	g	0	225093	0	nan	13	0	225093	0	0	0	nan	0	0	0	0	0	0	nan	0	0	0	nan	nan	nan	nan	nan	nan
2	g	0	225489	0	nan	13	0	225489	0	0	0	nan	0	0	0	0	0	0	nan	0	0	0	nan	nan	nan	nan	nan	nan
3	c	0	225607	0	nan	16	0	225607	0	0	0	nan	0	0	0	0	0	0	nan	0	0	0	nan	nan	nan	nan	nan	nan
4	a	0	225620	0	nan	16	0	225620	0	0	0	nan	0	0	0	0	0	0	nan	0	0	0	nan	nan	nan	nan	nan	nan
5	c	0	225654	0	nan	16	0	225654	0	0	0	nan	0	0	0	0	0	0	nan	0	0	0	nan	nan	nan	nan	nan	nan
6	c	0	227162	0	nan	17	0	227162	0	0	0	nan	0	0	0	0	0	0	nan	0	0	0	nan	nan	nan	nan	nan	nan
7	u	0	227246	0	nan	17	0	227246	0	0	0	nan	0	0	0	0	0	0	nan	0	0	0	nan	nan	nan	nan	nan	nan
8	c	0	227256	0	nan	17	0	227256	0	0	0	nan	0	0	0	0	0	0	nan	0	0	0	nan	nan	nan	nan	nan	nan
9	a	0	227258	0	nan	17	0	227258	0	0	0	nan	0	0	0	0	0	0	nan	0	0	0	nan	nan	nan	nan	nan	nan
10	u	0	227262	0	nan	17	0	227262	0	0	0	nan	0	0	0	0	0	0	nan	0	0	0	nan	nan	nan	nan	nan	nan
11	a	0	227262	0	nan	17	0	227262	0	0	0	nan	0	0	0	0	0	0	nan	0	0	0	nan	nan	nan	nan	nan	nan
12	a	0	227272	0	nan	17	0	227272	0	0	0	nan	0	0	0	0	0	0	nan	0	0	0	nan	nan	nan	nan	nan	nan
13	c	0	227281	0	nan	17	0	227281	0	0	0	nan	0	0	0	0	0	0	nan	0	0	0	nan	nan	nan	nan	nan	nan
14	a	0	227285	0	nan	17	0	227285	0	0	0	nan	0	0	0	0	0	0	nan	0	0	0	nan	nan	nan	nan	nan	nan
15	u	0	227289	0	nan	17	0	227289	0	0	0	nan	0	0	0	0	0	0	nan	0	0	0	nan	nan	nan	nan	nan	nan
16	a	0	227292	0	nan	17	0	227292	0	0	0	nan	0	0	0	0	0	0	nan	0	0	0	nan	nan	nan	nan	nan	nan
17	a	0	227294	0	nan	17	0	227294	0	0	0	nan	0	0	0	0	0	0	nan	0	0	0	nan	nan	nan	nan	nan	nan
18	c	0	227305	0	nan	17	0	227305	0	0	0	nan	0	0	0	0	0	0	nan	0	0	0	nan	nan	nan	nan	nan	nan
19	U	0	227309	1	0.000000	17	0	227309	0	0	0	nan	0	0	0	0	0	0	nan	0	0	0	0.000000	0.000000	nan	nan	nan	nan
20	A	0	227319	5	0.000000	17	0	227319	0	0	0	nan	0	0	0	0	0	0	nan	0	0	0	0.000000	0.000000	nan	nan	nan	nan
21	A	0	227322	5	0.000000	17	0	227322	0	0	0	nan	0	0	0	0	0	0	nan	0	0	0	0.000000	0.000000	nan	nan	nan	nan
22	G	0	227325	225223	0.000000	17	0	227325	0	0	0	nan	0	0	0	0	0	0	nan	0	0	0	0.000000	0.000000	0.000000	0.000000	nan	nan
23	G	191	227332	222095	0.000860	17	0	227332	0	0	0	nan	0	0	0	0	0	0	nan	0	0	0	0.000860	0.000062	0.000860	0.000062	nan	nan
24	C	4073	227339	225214	0.018085	17	0	227339	0	0	0	nan	0	0	0	0	0	0	nan	0	0	0	0.018085	0.000283	0.018085	0.000283	0.886846	0.013878
25	A	2678	227343	225846	0.011858	17	0	227343	0	0	0	nan	0	0	0	0	0	0	nan	0	0	0	0.011858	0.000229	0.011858	0.000229	0.846577	0.016349
26	G	143	227349	219608	0.000651	17	0	227347	0	0	0	nan	0	0	0	0	0	0	nan	0	0	0	0.000651	0.000054	0.000651	0.000054	nan	nan
27	A	2398	227369	220386	0.010881	17	0	227366	0	0	0	nan	0	0	0	0	0	0	nan	0	0	0	0.010881	0.000222	0.010881	0.000222	0.776826	0.015849
28	U	1237	227370	220160	0.005619	17	0	227365	0	0	0	nan	0	0	0	0	0	0	nan	0	0	0	0.005619	0.000160	0.005619	0.000160	1.106102	0.031496
29	C	3910	227371	225732	0.017321	17	0	227364	0	0	0	nan	0	0	0	0	0	0	nan	0	0	0	0.017321	0.000277	0.017321	0.000277	0.849381	0.013583
30	U	917	227374	225501	0.004067	17	0	227361	0	0	0	nan	0	0	0	0	0	0	nan	0	0	0	0.004067	0.000134	0.004067	0.000134	0.800591	0.026378
31	G	155	227374	224545	0.000690	17	0	227361	0	0	0	nan	0	0	0	0	0	0	nan	0	0	0	0.000690	0.000055	0.000690	0.000055	nan	nan
32	A	3252	227375	225068	0.014449	17	0	227362	0	0	0	nan	0	0	0	0	0	0	nan	0	0	0	0.014449	0.000253	0.014449	0.000253	1.031556	0.018062
33	G	212	227379	222046	0.000955	17	0	227366	0	0	0	nan	0	0	0	0	0	0	nan	0	0	0	0.000955	0.000066	0.000955	0.000066	nan	nan
34	C	4077	227380	219260	0.018594	17	0	227365	0	0	0	nan	0	0	0	0	0	0	nan	0	0	0	0.018594	0.000291	0.018594	0.000291	0.911806	0.014270
35	C	3645	227382	209493	0.017399	17	0	227365	0	0	0	nan	0	0	0	0	0	0	nan	0	0	0	0.017399	0.000288	0.017399	0.000288	0.853206	0.014123
36	U	950	227392	209201	0.004541	17	0	227373	0	0	0	nan	0	0	0	0	0	0	nan	0	0	0	0.004541	0.000147	0.004541	0.000147	0.893898	0.028937
37	U	1226	227407	213211	0.005750	17	0	227382	0	0	0	nan	0	0	0	0	0	0	nan	0	0	0	0.005750	0.000164	0.005750	0.000164	1.131890	0.032283
38	C	4555	227409	223198	0.020408	17	0	227358	0	0	0	nan	0	0	0	0	0	0	nan	0	0	0	0.020408	0.000302	0.020408	0.000302	1.000760	0.014809
39	G	135	227452	222599	0.000606	17	0	227409	0	0	0	nan	0	0	0	0	0	0	nan	0	0	0	0.000606	0.000052	0.000606	0.000052	nan	nan
40	G	149	227487	223520	0.000667	17	0	227470	0	0	0	nan	0	0	0	0	0	0	nan	0	0	0	0.000667	0.000055	0.000667	0.000055	nan	nan
41	G	162	227490	222315	0.000729	17	0	227477	0	0	0	nan	0	0	0	0	0	0	nan	0	0	0	0.000729	0.000057	0.000729	0.000057	nan	nan
42	A	3128	227491	223320	0.014007	17	0	227482	0	0	0	nan	0	0	0	0	0	0	nan	0	0	0	0.014007	0.000250	0.014007	0.000250	1.000000	0.017848
43	G	224	227491	222067	0.001009	17	0	227483	0	0	0	nan	0	0	0	0	0	0	nan	0	0	0	0.001009	0.000067	0.001009	0.000067	nan	nan
44	C	3948	227492	225685	0.017493	17	0	227487	0	0	0	nan	0	0	0	0	0	0	nan	0	0	0	0.017493	0.000278	0.017493	0.000278	0.857815	0.013632
45	U	661	227492	225913	0.002926	17	0	227487	0	0	0	nan	0	0	0	0	0	0	nan	0	0	0	0.002926	0.000114	0.002926	0.000114	0.575984	0.022441
46	C	3926	227492	226075	0.017366	17	0	227487	0	0	0	nan	0	0	0	0	0	0	nan	0	0	0	0.017366	0.000277	0.017366	0.000277	0.851588	0.013583
47	U	917	227490	225928	0.004059	17	0	227482	0	0	0	nan	0	0	0	0	0	0	nan	0	0	0	0.004059	0.000134	0.004059	0.000134	0.799016	0.026378
48	C	4854	227487	225823	0.021495	17	0	227476	0	0	0	nan	0	0	0	0	0	0	nan	0	0	0	0.021495	0.000309	0.021495	0.000309	1.054064	0.015153
49	U	713	227488	225847	0.003157	17	0	227480	0	0	0	nan	0	0	0	0	0	0	nan	0	0	0	0.003157	0.000118	0.003157	0.000118	0.621457	0.023228
50	G	243	227495	223821	0.001086	17	0	227486	0	0	0	nan	0	0	0	0	0	0	nan	0	0	0	0.001086	0.000070	0.001086	0.000070	nan	nan
51	C	4581	227495	225160	0.020346	16	0	227487	0	0	0	nan	0	0	0	0	0	0	nan	0	0	0	0.020346	0.000301	0.020346	0.000301	0.997720	0.014760
52	C	4736	227500	225307	0.021020	16	0	227493	0	0	0	nan	0	0	0	0	0	0	nan	0	0	0	0.021020	0.000305	0.021020	0.000305	1.030771	0.014956
53	A	2420	227501	225578	0.010728	16	0	227499	0	0	0	nan	0	0	0	0	0	0	nan	0	0	0	0.010728	0.000218	0.010728	0.000218	0.765903	0.015564
54	A	0	227392	225490	0.000000	16	0	227392	0	0	0	nan	0	0	0	0	0	0	nan	0	0	0	0.000000	0.000000	0.000000	0.000000	0.000000	0.000000
55	U	0	227392	0	nan	9	0	227392	0	0	0	nan	0	0	0	0	0	0	nan	0	0	0	nan	nan	nan	nan	nan	nan
56	C	0	227392	0	nan	9	0	227392	0	0	0	nan	0	0	0	0	0	0	nan	0	0	0	nan	nan	nan	nan	nan	nan
57	C	0	227392	0	nan	9	0	227392	0	0	0	nan	0	0	0	0	0	0	nan	0	0	0	nan	nan	nan	nan	nan	nan
58	a	0	227392	0	nan	9	0	227392	0	0	0	nan	0	0	0	0	0	0	nan	0	0	0	nan	nan	nan	nan	nan	nan
59	c	0	227392	0	nan	9	0	227392	0	0	0	nan	0	0	0	0	0	0	nan	0	0	0	nan	nan	nan	nan	nan	nan
60	u	0	227392	0	nan	9	0	227392	0	0	0	nan	0	0	0	0	0	0	nan	0	0	0	nan	nan	nan	nan	nan	nan
61	a	0	227392	0	nan	9	0	227392	0	0	0	nan	0	0	0	0	0	0	nan	0	0	0	nan	nan	nan	nan	nan	nan
62	a	0	227392	0	nan	9	0	227392	0	0	0	nan	0	0	0	0	0	0	nan	0	0	0	nan	nan	nan	nan	nan	nan
63	c	0	227392	0	nan	0	0	227392	0	0	0	nan	0	0	0	0	0	0	nan	0	0	0	nan	nan	nan	nan	nan	nan
64	c	0	227392	0	nan	0	0	227392	0	0	0	nan	0	0	0	0	0	0	nan	0	0	0	nan	nan	nan	nan	nan	nan
65	u	0	227392	0	nan	0	0	227392	0	0	0	nan	0	0	0	0	0	0	nan	0	0	0	nan	nan	nan	nan	nan	nan
66	c	0	227392	0	nan	0	0	227392	0	0	0	nan	0	0	0	0	0	0	nan	0	0	0	nan	nan	nan	nan	nan	nan
67	a	0	227392	0	nan	0	0	227392	0	0	0	nan	0	0	0	0	0	0	nan	0	0	0	nan	nan	nan	nan	nan	nan
68	c	0	227392	0	nan	0	0	227392	0	0	0	nan	0	0	0	0	0	0	nan	0	0	0	nan	nan	nan	nan	nan	nan
69	u	0	227392	0	nan	0	0	227392	0	0	0	nan	0	0	0	0	0	0	nan	0	0	0	nan	nan	nan	nan	nan	nan
70	c	0	227392	0	nan	0	0	227392	0	0	0	nan	0	0	0	0	0	0	nan	0	0	0	nan	nan	nan	nan	nan	nan
71	a	0	227389	0	nan	0	0	227389	0	0	0	nan	0	0	0	0	0	0	nan	0	0	0	nan	nan	nan	nan	nan	nan
72	c	0	227373	0	nan	0	0	227373	0	0	0	nan	0	0	0	0	0	0	nan	0	0	0	nan	nan	nan	nan	nan	nan
73	a	0	227368	0	nan	0	0	227368	0	0	0	nan	0	0	0	0	0	0	nan	0	0	0	nan	nan	nan	nan	nan	nan
74	a	0	227307	0	nan	0	0	227307	0	0	0	nan	0	0	0	0	0	0	nan	0	0	0	nan	nan	nan	nan	nan	nan
75	u	0	227185	0	nan	0	0	227185	0	0	0	nan	0	0	0	0	0	0	nan	0	0	0	nan	nan	nan	nan	nan	nan
76	c	0	226869	0	nan	0	0	226869	0	0	0	nan	0	0	0	0	0	0	nan	0	0	0	nan	nan	nan	nan	nan	nan