Nucleotide	Sequence	Modified_mutations	Modified_read_depth	Modified_effective_depth	Modified_rate	Modified_off_target_mapped_depth	Modified_low_mapq_mapped_depth	Modified_primer_pair_1_mapped_depth	Untreated_mutations	Untreated_read_depth	Untreated_effective_depth	Untreated_rate	Untreated_off_target_mapped_depth	Untreated_low_mapq_mapped_depth	Untreated_primer_pair_1_mapped_depth	Denatured_mutations	Denatured_read_depth	Denatured_effective_depth	Denatured_rate	Denatured_off_target_mapped_depth	Denatured_low_mapq_mapped_depth	Denatured_primer_pair_1_mapped_depth	Reactivity_profile	Std_err	HQ_profile	HQ_stderr	Norm_profile	Norm_stderr
1	g	0	5623847	0	nan	31	574	5623847	0	0	0	nan	0	0	0	0	0	0	nan	0	0	0	nan	nan	nan	nan	nan	nan
2	g	0	5658702	0	nan	31	583	5658702	0	0	0	nan	0	0	0	0	0	0	nan	0	0	0	nan	nan	nan	nan	nan	nan
3	u	0	5667382	0	nan	31	590	5667382	0	0	0	nan	0	0	0	0	0	0	nan	0	0	0	nan	nan	nan	nan	nan	nan
4	g	0	5672686	0	nan	31	622	5672686	0	0	0	nan	0	0	0	0	0	0	nan	0	0	0	nan	nan	nan	nan	nan	nan
5	u	0	5681585	0	nan	31	628	5681585	0	0	0	nan	0	0	0	0	0	0	nan	0	0	0	nan	nan	nan	nan	nan	nan
6	a	0	5684575	0	nan	31	648	5684575	0	0	0	nan	0	0	0	0	0	0	nan	0	0	0	nan	nan	nan	nan	nan	nan
7	a	0	5685452	0	nan	31	649	5685452	0	0	0	nan	0	0	0	0	0	0	nan	0	0	0	nan	nan	nan	nan	nan	nan
8	g	0	5685952	0	nan	31	649	5685952	0	0	0	nan	0	0	0	0	0	0	nan	0	0	0	nan	nan	nan	nan	nan	nan
9	g	0	5686411	0	nan	31	653	5686411	0	0	0	nan	0	0	0	0	0	0	nan	0	0	0	nan	nan	nan	nan	nan	nan
10	g	0	5687596	0	nan	31	660	5687596	0	0	0	nan	0	0	0	0	0	0	nan	0	0	0	nan	nan	nan	nan	nan	nan
11	u	0	5690358	0	nan	31	661	5690358	0	0	0	nan	0	0	0	0	0	0	nan	0	0	0	nan	nan	nan	nan	nan	nan
12	g	0	5701556	0	nan	78	696	5701556	0	0	0	nan	0	0	0	0	0	0	nan	0	0	0	nan	nan	nan	nan	nan	nan
13	a	0	5715846	0	nan	82	710	5715846	0	0	0	nan	0	0	0	0	0	0	nan	0	0	0	nan	nan	nan	nan	nan	nan
14	a	0	5723954	0	nan	92	710	5723954	0	0	0	nan	0	0	0	0	0	0	nan	0	0	0	nan	nan	nan	nan	nan	nan
15	g	0	5728097	0	nan	357	711	5728097	0	0	0	nan	0	0	0	0	0	0	nan	0	0	0	nan	nan	nan	nan	nan	nan
16	u	0	5733571	0	nan	357	711	5733571	0	0	0	nan	0	0	0	0	0	0	nan	0	0	0	nan	nan	nan	nan	nan	nan
17	g	0	5735735	0	nan	357	713	5735735	0	0	0	nan	0	0	0	0	0	0	nan	0	0	0	nan	nan	nan	nan	nan	nan
18	u	0	5737490	0	nan	357	720	5737490	0	0	0	nan	0	0	0	0	0	0	nan	0	0	0	nan	nan	nan	nan	nan	nan
19	a	0	5738821	0	nan	357	739	5738821	0	0	0	nan	0	0	0	0	0	0	nan	0	0	0	nan	nan	nan	nan	nan	nan
20	A	0	5740385	661	0.000000	357	739	5740385	0	0	0	nan	0	0	0	0	0	0	nan	0	0	0	0.000000	0.000000	nan	nan	nan	nan
21	G	0	5741451	769	0.000000	357	739	5741451	0	0	0	nan	0	0	0	0	0	0	nan	0	0	0	0.000000	0.000000	nan	nan	nan	nan
22	G	0	5742125	747	0.000000	357	739	5742125	0	0	0	nan	0	0	0	0	0	0	nan	0	0	0	0.000000	0.000000	nan	nan	nan	nan
23	U	0	5743817	5197713	0.000000	357	739	5743817	0	0	0	nan	0	0	0	0	0	0	nan	0	0	0	0.000000	0.000000	0.000000	0.000000	0.000000	0.000000
24	U	12177	5744877	5236519	0.002325	357	739	5744877	0	0	0	nan	0	0	0	0	0	0	nan	0	0	0	0.002325	0.000021	0.002325	0.000021	0.690116	0.006233
25	G	7139	5748938	5180883	0.001378	357	739	5748938	0	0	0	nan	0	0	0	0	0	0	nan	0	0	0	0.001378	0.000016	0.001378	0.000016	nan	nan
26	A	26418	5755489	5316010	0.004970	357	739	5755450	0	0	0	nan	0	0	0	0	0	0	nan	0	0	0	0.004970	0.000031	0.004970	0.000031	1.000000	0.006237
27	C	9859	5758135	5143927	0.001917	357	739	5758035	0	0	0	nan	0	0	0	0	0	0	nan	0	0	0	0.001917	0.000019	0.001917	0.000019	0.819932	0.008127
28	C	14120	5759280	5148058	0.002743	357	739	5759163	0	0	0	nan	0	0	0	0	0	0	nan	0	0	0	0.002743	0.000023	0.002743	0.000023	1.173225	0.009837
29	U	18225	5762191	5115574	0.003563	357	739	5762059	0	0	0	nan	0	0	0	0	0	0	nan	0	0	0	0.003563	0.000026	0.003563	0.000026	1.057584	0.007717
30	U	8494	5767311	5189263	0.001637	357	739	5767155	0	0	0	nan	0	0	0	0	0	0	nan	0	0	0	0.001637	0.000018	0.001637	0.000018	0.485901	0.005343
31	U	8782	5772340	5194512	0.001691	358	739	5772166	0	0	0	nan	0	0	0	0	0	0	nan	0	0	0	0.001691	0.000018	0.001691	0.000018	0.501929	0.005343
32	U	11756	5776952	5247527	0.002240	358	739	5776736	0	0	0	nan	0	0	0	0	0	0	nan	0	0	0	0.002240	0.000021	0.002240	0.000021	0.664886	0.006233
33	G	2364	5807288	5304979	0.000446	358	739	5807062	0	0	0	nan	0	0	0	0	0	0	nan	0	0	0	0.000446	0.000009	0.000446	0.000009	nan	nan
34	A	21836	5819771	5627827	0.003880	358	739	5819559	0	0	0	nan	0	0	0	0	0	0	nan	0	0	0	0.003880	0.000026	0.003880	0.000026	0.780684	0.005231
35	A	20118	5822776	5618326	0.003581	358	739	5822556	0	0	0	nan	0	0	0	0	0	0	nan	0	0	0	0.003581	0.000025	0.003581	0.000025	0.720523	0.005030
36	U	3711	5823616	5573965	0.000666	358	739	5823383	0	0	0	nan	0	0	0	0	0	0	nan	0	0	0	0.000666	0.000011	0.000666	0.000011	0.197685	0.003265
37	A	488049	5824104	5399638	0.090386	358	739	5823825	0	0	0	nan	0	0	0	0	0	0	nan	0	0	0	0.090386	0.000129	0.090386	0.000129	18.186318	0.025956
38	G	7242	5825064	5299814	0.001366	361	739	5824802	0	0	0	nan	0	0	0	0	0	0	nan	0	0	0	0.001366	0.000016	0.001366	0.000016	nan	nan
39	U	10907	5825557	5347779	0.002040	361	739	5825274	0	0	0	nan	0	0	0	0	0	0	nan	0	0	0	0.002040	0.000020	0.002040	0.000020	0.605521	0.005936
40	G	9607	5826119	5413108	0.001775	365	739	5825820	0	0	0	nan	0	0	0	0	0	0	nan	0	0	0	0.001775	0.000018	0.001775	0.000018	nan	nan
41	A	79483	5828776	5408215	0.014697	365	739	5828481	0	0	0	nan	0	0	0	0	0	0	nan	0	0	0	0.014697	0.000052	0.014697	0.000052	2.957143	0.010463
42	U	15412	5829560	5377749	0.002866	366	739	5829279	0	0	0	nan	0	0	0	0	0	0	nan	0	0	0	0.002866	0.000023	0.002866	0.000023	0.850698	0.006827
43	U	8428	5831281	5340034	0.001578	367	739	5830984	0	0	0	nan	0	0	0	0	0	0	nan	0	0	0	0.001578	0.000017	0.001578	0.000017	0.468388	0.005046
44	C	10326	5834538	5342571	0.001933	366	739	5834220	0	0	0	nan	0	0	0	0	0	0	nan	0	0	0	0.001933	0.000019	0.001933	0.000019	0.826775	0.008127
45	A	23162	5837020	5356450	0.004324	365	739	5836688	0	0	0	nan	0	0	0	0	0	0	nan	0	0	0	0.004324	0.000028	0.004324	0.000028	0.870020	0.005634
46	G	4555	5838948	5225105	0.000872	364	739	5838609	0	0	0	nan	0	0	0	0	0	0	nan	0	0	0	0.000872	0.000013	0.000872	0.000013	nan	nan
47	G	9560	5843046	5275757	0.001812	364	739	5842704	0	0	0	nan	0	0	0	0	0	0	nan	0	0	0	0.001812	0.000019	0.001812	0.000019	nan	nan
48	A	10357	5850593	5200168	0.001992	366	739	5850266	0	0	0	nan	0	0	0	0	0	0	nan	0	0	0	0.001992	0.000020	0.001992	0.000020	0.400805	0.004024
49	G	18163	5851910	5244535	0.003463	366	739	5851599	0	0	0	nan	0	0	0	0	0	0	nan	0	0	0	0.003463	0.000026	0.003463	0.000026	nan	nan
50	G	4672	5862027	5110916	0.000914	367	739	5861748	0	0	0	nan	0	0	0	0	0	0	nan	0	0	0	0.000914	0.000013	0.000914	0.000013	nan	nan
51	U	17713	5865778	5257558	0.003369	367	739	5865559	0	0	0	nan	0	0	0	0	0	0	nan	0	0	0	0.003369	0.000025	0.003369	0.000025	1.000000	0.007421
52	U	13734	5872862	5261639	0.002610	368	739	5872710	0	0	0	nan	0	0	0	0	0	0	nan	0	0	0	0.002610	0.000022	0.002610	0.000022	0.774711	0.006530
53	A	13714	5877818	5473863	0.002505	367	739	5877678	0	0	0	nan	0	0	0	0	0	0	nan	0	0	0	0.002505	0.000021	0.002505	0.000021	0.504024	0.004225
54	A	26079	5880720	5594242	0.004662	367	739	5880607	0	0	0	nan	0	0	0	0	0	0	nan	0	0	0	0.004662	0.000029	0.004662	0.000029	0.938028	0.005835
55	U	9889	5881582	5525585	0.001790	367	739	5881489	0	0	0	nan	0	0	0	0	0	0	nan	0	0	0	0.001790	0.000018	0.001790	0.000018	0.531315	0.005343
56	G	6502	5882255	5332622	0.001219	366	739	5882176	0	0	0	nan	0	0	0	0	0	0	nan	0	0	0	0.001219	0.000015	0.001219	0.000015	nan	nan
57	G	0	5883136	5358238	0.000000	366	739	5883081	0	0	0	nan	0	0	0	0	0	0	nan	0	0	0	0.000000	0.000000	0.000000	0.000000	nan	nan
58	A	0	5884939	64	0.000000	366	739	5884939	0	0	0	nan	0	0	0	0	0	0	nan	0	0	0	0.000000	0.000000	nan	nan	nan	nan
59	A	0	5884867	45	0.000000	365	739	5884867	0	0	0	nan	0	0	0	0	0	0	nan	0	0	0	0.000000	0.000000	nan	nan	nan	nan
60	G	0	5884795	15	0.000000	364	739	5884795	0	0	0	nan	0	0	0	0	0	0	nan	0	0	0	0.000000	0.000000	nan	nan	nan	nan
61	u	0	5884748	0	nan	364	739	5884748	0	0	0	nan	0	0	0	0	0	0	nan	0	0	0	nan	nan	nan	nan	nan	nan
62	a	0	5884619	0	nan	362	739	5884619	0	0	0	nan	0	0	0	0	0	0	nan	0	0	0	nan	nan	nan	nan	nan	nan
63	a	0	5884532	0	nan	361	739	5884532	0	0	0	nan	0	0	0	0	0	0	nan	0	0	0	nan	nan	nan	nan	nan	nan
64	a	0	5884504	0	nan	359	739	5884504	0	0	0	nan	0	0	0	0	0	0	nan	0	0	0	nan	nan	nan	nan	nan	nan
65	g	0	5884478	0	nan	351	690	5884478	0	0	0	nan	0	0	0	0	0	0	nan	0	0	0	nan	nan	nan	nan	nan	nan
66	g	0	5884447	0	nan	337	684	5884447	0	0	0	nan	0	0	0	0	0	0	nan	0	0	0	nan	nan	nan	nan	nan	nan
67	u	0	5884419	0	nan	332	682	5884419	0	0	0	nan	0	0	0	0	0	0	nan	0	0	0	nan	nan	nan	nan	nan	nan
68	a	0	5884395	0	nan	331	669	5884395	0	0	0	nan	0	0	0	0	0	0	nan	0	0	0	nan	nan	nan	nan	nan	nan
69	a	0	5884358	0	nan	330	667	5884358	0	0	0	nan	0	0	0	0	0	0	nan	0	0	0	nan	nan	nan	nan	nan	nan
70	u	0	5884338	0	nan	329	661	5884338	0	0	0	nan	0	0	0	0	0	0	nan	0	0	0	nan	nan	nan	nan	nan	nan
71	g	0	5884241	0	nan	328	659	5884241	0	0	0	nan	0	0	0	0	0	0	nan	0	0	0	nan	nan	nan	nan	nan	nan
72	a	0	5884177	0	nan	327	658	5884177	0	0	0	nan	0	0	0	0	0	0	nan	0	0	0	nan	nan	nan	nan	nan	nan
73	a	0	5884150	0	nan	327	655	5884150	0	0	0	nan	0	0	0	0	0	0	nan	0	0	0	nan	nan	nan	nan	nan	nan
74	g	0	5884122	0	nan	327	655	5884122	0	0	0	nan	0	0	0	0	0	0	nan	0	0	0	nan	nan	nan	nan	nan	nan
75	g	0	5884057	0	nan	326	651	5884057	0	0	0	nan	0	0	0	0	0	0	nan	0	0	0	nan	nan	nan	nan	nan	nan
76	u	0	5883940	0	nan	326	650	5883940	0	0	0	nan	0	0	0	0	0	0	nan	0	0	0	nan	nan	nan	nan	nan	nan
77	g	0	5883825	0	nan	326	649	5883825	0	0	0	nan	0	0	0	0	0	0	nan	0	0	0	nan	nan	nan	nan	nan	nan
78	a	0	5883721	0	nan	325	644	5883721	0	0	0	nan	0	0	0	0	0	0	nan	0	0	0	nan	nan	nan	nan	nan	nan
79	a	0	5879466	0	nan	325	641	5879466	0	0	0	nan	0	0	0	0	0	0	nan	0	0	0	nan	nan	nan	nan	nan	nan
80	g	0	5877073	0	nan	324	637	5877073	0	0	0	nan	0	0	0	0	0	0	nan	0	0	0	nan	nan	nan	nan	nan	nan