Nucleotide	Sequence	Modified_mutations	Modified_read_depth	Modified_effective_depth	Modified_rate	Modified_off_target_mapped_depth	Modified_low_mapq_mapped_depth	Modified_primer_pair_1_mapped_depth	Untreated_mutations	Untreated_read_depth	Untreated_effective_depth	Untreated_rate	Untreated_off_target_mapped_depth	Untreated_low_mapq_mapped_depth	Untreated_primer_pair_1_mapped_depth	Denatured_mutations	Denatured_read_depth	Denatured_effective_depth	Denatured_rate	Denatured_off_target_mapped_depth	Denatured_low_mapq_mapped_depth	Denatured_primer_pair_1_mapped_depth	Reactivity_profile	Std_err	HQ_profile	HQ_stderr	Norm_profile	Norm_stderr
1	g	0	5435782	0	nan	143	1428	5435782	0	0	0	nan	0	0	0	0	0	0	nan	0	0	0	nan	nan	nan	nan	nan	nan
2	g	0	5470818	0	nan	144	1438	5470818	0	0	0	nan	0	0	0	0	0	0	nan	0	0	0	nan	nan	nan	nan	nan	nan
3	u	0	5478919	0	nan	144	1457	5478919	0	0	0	nan	0	0	0	0	0	0	nan	0	0	0	nan	nan	nan	nan	nan	nan
4	g	0	5483759	0	nan	144	1532	5483759	0	0	0	nan	0	0	0	0	0	0	nan	0	0	0	nan	nan	nan	nan	nan	nan
5	u	0	5493443	0	nan	144	1558	5493443	0	0	0	nan	0	0	0	0	0	0	nan	0	0	0	nan	nan	nan	nan	nan	nan
6	a	0	5496268	0	nan	144	1724	5496268	0	0	0	nan	0	0	0	0	0	0	nan	0	0	0	nan	nan	nan	nan	nan	nan
7	a	0	5497021	0	nan	144	1726	5497021	0	0	0	nan	0	0	0	0	0	0	nan	0	0	0	nan	nan	nan	nan	nan	nan
8	g	0	5497458	0	nan	144	1728	5497458	0	0	0	nan	0	0	0	0	0	0	nan	0	0	0	nan	nan	nan	nan	nan	nan
9	g	0	5497893	0	nan	144	1733	5497893	0	0	0	nan	0	0	0	0	0	0	nan	0	0	0	nan	nan	nan	nan	nan	nan
10	g	0	5498988	0	nan	144	1792	5498988	0	0	0	nan	0	0	0	0	0	0	nan	0	0	0	nan	nan	nan	nan	nan	nan
11	u	0	5501656	0	nan	144	1801	5501656	0	0	0	nan	0	0	0	0	0	0	nan	0	0	0	nan	nan	nan	nan	nan	nan
12	g	0	5512116	0	nan	182	1956	5512116	0	0	0	nan	0	0	0	0	0	0	nan	0	0	0	nan	nan	nan	nan	nan	nan
13	a	0	5524357	0	nan	189	2012	5524357	0	0	0	nan	0	0	0	0	0	0	nan	0	0	0	nan	nan	nan	nan	nan	nan
14	a	0	5530312	0	nan	195	2018	5530312	0	0	0	nan	0	0	0	0	0	0	nan	0	0	0	nan	nan	nan	nan	nan	nan
15	g	0	5533027	0	nan	338	2022	5533027	0	0	0	nan	0	0	0	0	0	0	nan	0	0	0	nan	nan	nan	nan	nan	nan
16	u	0	5536062	0	nan	339	2023	5536062	0	0	0	nan	0	0	0	0	0	0	nan	0	0	0	nan	nan	nan	nan	nan	nan
17	g	0	5537220	0	nan	339	2049	5537220	0	0	0	nan	0	0	0	0	0	0	nan	0	0	0	nan	nan	nan	nan	nan	nan
18	u	0	5538257	0	nan	339	2060	5538257	0	0	0	nan	0	0	0	0	0	0	nan	0	0	0	nan	nan	nan	nan	nan	nan
19	a	0	5539259	0	nan	341	2114	5539259	0	0	0	nan	0	0	0	0	0	0	nan	0	0	0	nan	nan	nan	nan	nan	nan
20	A	0	5540225	376	0.000000	341	2115	5540225	0	0	0	nan	0	0	0	0	0	0	nan	0	0	0	0.000000	0.000000	nan	nan	nan	nan
21	G	0	5540740	402	0.000000	341	2116	5540740	0	0	0	nan	0	0	0	0	0	0	nan	0	0	0	0.000000	0.000000	nan	nan	nan	nan
22	G	0	5541113	386	0.000000	341	2116	5541113	0	0	0	nan	0	0	0	0	0	0	nan	0	0	0	0.000000	0.000000	nan	nan	nan	nan
23	U	0	5542117	4995709	0.000000	341	2116	5542117	0	0	0	nan	0	0	0	0	0	0	nan	0	0	0	0.000000	0.000000	0.000000	0.000000	0.000000	0.000000
24	U	8773	5542881	5038438	0.001741	341	2116	5542881	0	0	0	nan	0	0	0	0	0	0	nan	0	0	0	0.001741	0.000019	0.001741	0.000019	0.658721	0.007189
25	G	3459	5545775	5000448	0.000692	341	2116	5545775	0	0	0	nan	0	0	0	0	0	0	nan	0	0	0	0.000692	0.000012	0.000692	0.000012	0.294030	0.005099
26	A	16219	5551466	5128816	0.003162	341	2116	5551418	0	0	0	nan	0	0	0	0	0	0	nan	0	0	0	0.003162	0.000025	0.003162	0.000025	0.621584	0.004914
27	C	7789	5553620	4947169	0.001574	341	2116	5553522	0	0	0	nan	0	0	0	0	0	0	nan	0	0	0	0.001574	0.000018	0.001574	0.000018	0.650548	0.007440
28	C	13805	5554582	4943855	0.002792	341	2116	5554470	0	0	0	nan	0	0	0	0	0	0	nan	0	0	0	0.002792	0.000024	0.002792	0.000024	1.153957	0.009919
29	U	17130	5557099	4916721	0.003484	341	2116	5556975	0	0	0	nan	0	0	0	0	0	0	nan	0	0	0	0.003484	0.000027	0.003484	0.000027	1.318199	0.010216
30	U	5652	5561280	4996214	0.001131	341	2116	5561145	0	0	0	nan	0	0	0	0	0	0	nan	0	0	0	0.001131	0.000015	0.001131	0.000015	0.427923	0.005675
31	U	5683	5565576	5001096	0.001136	341	2116	5565418	0	0	0	nan	0	0	0	0	0	0	nan	0	0	0	0.001136	0.000015	0.001136	0.000015	0.429815	0.005675
32	U	9936	5569703	5049698	0.001968	342	2116	5569525	0	0	0	nan	0	0	0	0	0	0	nan	0	0	0	0.001968	0.000020	0.001968	0.000020	0.744608	0.007567
33	G	1400	5597801	5131925	0.000273	343	2116	5597618	0	0	0	nan	0	0	0	0	0	0	nan	0	0	0	0.000273	0.000007	0.000273	0.000007	0.115997	0.002974
34	A	10421	5608522	5451189	0.001912	345	2116	5608349	0	0	0	nan	0	0	0	0	0	0	nan	0	0	0	0.001912	0.000019	0.001912	0.000019	0.375860	0.003735
35	A	12912	5611018	5447484	0.002370	345	2116	5610846	0	0	0	nan	0	0	0	0	0	0	nan	0	0	0	0.002370	0.000021	0.002370	0.000021	0.465893	0.004128
36	U	2812	5611675	5433104	0.000518	345	2116	5611498	0	0	0	nan	0	0	0	0	0	0	nan	0	0	0	0.000518	0.000010	0.000518	0.000010	0.195989	0.003784
37	A	103847	5612082	5255431	0.019760	345	2116	5611881	0	0	0	nan	0	0	0	0	0	0	nan	0	0	0	0.019760	0.000061	0.019760	0.000061	3.884411	0.011991
38	G	4401	5612340	5192114	0.000848	348	2116	5612146	0	0	0	nan	0	0	0	0	0	0	nan	0	0	0	0.000848	0.000013	0.000848	0.000013	0.360314	0.005524
39	U	6298	5612705	5158866	0.001221	348	2116	5612503	0	0	0	nan	0	0	0	0	0	0	nan	0	0	0	0.001221	0.000015	0.001221	0.000015	0.461975	0.005675
40	G	5620	5613116	5248583	0.001071	350	2116	5612907	0	0	0	nan	0	0	0	0	0	0	nan	0	0	0	0.001071	0.000014	0.001071	0.000014	0.455067	0.005949
41	A	26600	5615186	5228539	0.005087	349	2116	5614968	0	0	0	nan	0	0	0	0	0	0	nan	0	0	0	0.005087	0.000031	0.005087	0.000031	1.000000	0.006094
42	U	12094	5615755	5180784	0.002334	349	2116	5615540	0	0	0	nan	0	0	0	0	0	0	nan	0	0	0	0.002334	0.000021	0.002334	0.000021	0.883087	0.007946
43	U	5985	5617135	5137838	0.001165	351	2116	5616911	0	0	0	nan	0	0	0	0	0	0	nan	0	0	0	0.001165	0.000015	0.001165	0.000015	0.440787	0.005675
44	C	10517	5619939	5138208	0.002047	351	2116	5619703	0	0	0	nan	0	0	0	0	0	0	nan	0	0	0	0.002047	0.000020	0.002047	0.000020	0.846043	0.008266
45	A	14387	5621687	5146668	0.002795	351	2116	5621420	0	0	0	nan	0	0	0	0	0	0	nan	0	0	0	0.002795	0.000023	0.002795	0.000023	0.549440	0.004521
46	G	2343	5622918	5022260	0.000467	346	2116	5622647	0	0	0	nan	0	0	0	0	0	0	nan	0	0	0	0.000467	0.000010	0.000467	0.000010	0.198428	0.004249
47	G	8345	5626306	5063811	0.001648	345	2116	5626035	0	0	0	nan	0	0	0	0	0	0	nan	0	0	0	0.001648	0.000018	0.001648	0.000018	0.700234	0.007648
48	A	6788	5633154	4969541	0.001366	350	2116	5632867	0	0	0	nan	0	0	0	0	0	0	nan	0	0	0	0.001366	0.000017	0.001366	0.000017	0.268528	0.003342
49	G	15404	5634321	5035494	0.003059	350	2116	5634057	0	0	0	nan	0	0	0	0	0	0	nan	0	0	0	0.003059	0.000025	0.003059	0.000025	1.299766	0.010622
50	G	1657	5644109	4928057	0.000336	359	2116	5643878	0	0	0	nan	0	0	0	0	0	0	nan	0	0	0	0.000336	0.000008	0.000336	0.000008	0.142766	0.003399
51	U	13347	5647947	5050123	0.002643	359	2116	5647754	0	0	0	nan	0	0	0	0	0	0	nan	0	0	0	0.002643	0.000023	0.002643	0.000023	1.000000	0.008702
52	U	10825	5654487	5056842	0.002141	360	2116	5654336	0	0	0	nan	0	0	0	0	0	0	nan	0	0	0	0.002141	0.000021	0.002141	0.000021	0.810064	0.007946
53	A	15103	5658761	5268627	0.002867	360	2116	5658619	0	0	0	nan	0	0	0	0	0	0	nan	0	0	0	0.002867	0.000023	0.002867	0.000023	0.563593	0.004521
54	A	27440	5661650	5382587	0.005098	360	2116	5661538	0	0	0	nan	0	0	0	0	0	0	nan	0	0	0	0.005098	0.000031	0.005098	0.000031	1.002162	0.006094
55	U	6565	5662418	5300311	0.001239	360	2116	5662327	0	0	0	nan	0	0	0	0	0	0	nan	0	0	0	0.001239	0.000015	0.001239	0.000015	0.468785	0.005675
56	G	3829	5663093	5106210	0.000750	360	2116	5663027	0	0	0	nan	0	0	0	0	0	0	nan	0	0	0	0.000750	0.000012	0.000750	0.000012	0.318674	0.005099
57	G	0	5664048	5120586	0.000000	359	2116	5664003	0	0	0	nan	0	0	0	0	0	0	nan	0	0	0	0.000000	0.000000	0.000000	0.000000	0.000000	0.000000
58	A	0	5665767	26	0.000000	358	2116	5665767	0	0	0	nan	0	0	0	0	0	0	nan	0	0	0	0.000000	0.000000	nan	nan	nan	nan
59	A	0	5665730	31	0.000000	358	2116	5665730	0	0	0	nan	0	0	0	0	0	0	nan	0	0	0	0.000000	0.000000	nan	nan	nan	nan
60	G	0	5665682	11	0.000000	357	2116	5665682	0	0	0	nan	0	0	0	0	0	0	nan	0	0	0	0.000000	0.000000	nan	nan	nan	nan
61	u	0	5665659	0	nan	357	2116	5665659	0	0	0	nan	0	0	0	0	0	0	nan	0	0	0	nan	nan	nan	nan	nan	nan
62	a	0	5665553	0	nan	353	2111	5665553	0	0	0	nan	0	0	0	0	0	0	nan	0	0	0	nan	nan	nan	nan	nan	nan
63	a	0	5665502	0	nan	348	2106	5665502	0	0	0	nan	0	0	0	0	0	0	nan	0	0	0	nan	nan	nan	nan	nan	nan
64	a	0	5665482	0	nan	338	2099	5665482	0	0	0	nan	0	0	0	0	0	0	nan	0	0	0	nan	nan	nan	nan	nan	nan
65	g	0	5665459	0	nan	301	1692	5665459	0	0	0	nan	0	0	0	0	0	0	nan	0	0	0	nan	nan	nan	nan	nan	nan
66	g	0	5665439	0	nan	240	1633	5665439	0	0	0	nan	0	0	0	0	0	0	nan	0	0	0	nan	nan	nan	nan	nan	nan
67	u	0	5665419	0	nan	216	1617	5665419	0	0	0	nan	0	0	0	0	0	0	nan	0	0	0	nan	nan	nan	nan	nan	nan
68	a	0	5665388	0	nan	214	1508	5665388	0	0	0	nan	0	0	0	0	0	0	nan	0	0	0	nan	nan	nan	nan	nan	nan
69	a	0	5665352	0	nan	210	1505	5665352	0	0	0	nan	0	0	0	0	0	0	nan	0	0	0	nan	nan	nan	nan	nan	nan
70	u	0	5665337	0	nan	204	1427	5665337	0	0	0	nan	0	0	0	0	0	0	nan	0	0	0	nan	nan	nan	nan	nan	nan
71	g	0	5665261	0	nan	203	1425	5665261	0	0	0	nan	0	0	0	0	0	0	nan	0	0	0	nan	nan	nan	nan	nan	nan
72	a	0	5665202	0	nan	202	1413	5665202	0	0	0	nan	0	0	0	0	0	0	nan	0	0	0	nan	nan	nan	nan	nan	nan
73	a	0	5665149	0	nan	202	1412	5665149	0	0	0	nan	0	0	0	0	0	0	nan	0	0	0	nan	nan	nan	nan	nan	nan
74	g	0	5665130	0	nan	201	1411	5665130	0	0	0	nan	0	0	0	0	0	0	nan	0	0	0	nan	nan	nan	nan	nan	nan
75	g	0	5665082	0	nan	201	1411	5665082	0	0	0	nan	0	0	0	0	0	0	nan	0	0	0	nan	nan	nan	nan	nan	nan
76	u	0	5664981	0	nan	201	1408	5664981	0	0	0	nan	0	0	0	0	0	0	nan	0	0	0	nan	nan	nan	nan	nan	nan
77	g	0	5664870	0	nan	201	1384	5664870	0	0	0	nan	0	0	0	0	0	0	nan	0	0	0	nan	nan	nan	nan	nan	nan
78	a	0	5664763	0	nan	201	1384	5664763	0	0	0	nan	0	0	0	0	0	0	nan	0	0	0	nan	nan	nan	nan	nan	nan
79	a	0	5660663	0	nan	199	1376	5660663	0	0	0	nan	0	0	0	0	0	0	nan	0	0	0	nan	nan	nan	nan	nan	nan
80	g	0	5658468	0	nan	199	1360	5658468	0	0	0	nan	0	0	0	0	0	0	nan	0	0	0	nan	nan	nan	nan	nan	nan