Nucleotide	Sequence	Modified_mutations	Modified_read_depth	Modified_effective_depth	Modified_rate	Modified_off_target_mapped_depth	Modified_low_mapq_mapped_depth	Modified_primer_pair_1_mapped_depth	Untreated_mutations	Untreated_read_depth	Untreated_effective_depth	Untreated_rate	Untreated_off_target_mapped_depth	Untreated_low_mapq_mapped_depth	Untreated_primer_pair_1_mapped_depth	Denatured_mutations	Denatured_read_depth	Denatured_effective_depth	Denatured_rate	Denatured_off_target_mapped_depth	Denatured_low_mapq_mapped_depth	Denatured_primer_pair_1_mapped_depth	Reactivity_profile	Std_err	HQ_profile	HQ_stderr	Norm_profile	Norm_stderr
1	g	0	180536	0	nan	7	0	180536	0	0	0	nan	0	0	0	0	0	0	nan	0	0	0	nan	nan	nan	nan	nan	nan
2	g	0	180920	0	nan	7	0	180920	0	0	0	nan	0	0	0	0	0	0	nan	0	0	0	nan	nan	nan	nan	nan	nan
3	c	0	181020	0	nan	7	0	181020	0	0	0	nan	0	0	0	0	0	0	nan	0	0	0	nan	nan	nan	nan	nan	nan
4	a	0	182381	0	nan	9	0	182381	0	0	0	nan	0	0	0	0	0	0	nan	0	0	0	nan	nan	nan	nan	nan	nan
5	c	0	182428	0	nan	9	0	182428	0	0	0	nan	0	0	0	0	0	0	nan	0	0	0	nan	nan	nan	nan	nan	nan
6	c	0	182441	0	nan	9	0	182441	0	0	0	nan	0	0	0	0	0	0	nan	0	0	0	nan	nan	nan	nan	nan	nan
7	u	0	182443	0	nan	9	0	182443	0	0	0	nan	0	0	0	0	0	0	nan	0	0	0	nan	nan	nan	nan	nan	nan
8	c	0	182444	0	nan	9	0	182444	0	0	0	nan	0	0	0	0	0	0	nan	0	0	0	nan	nan	nan	nan	nan	nan
9	a	0	182452	0	nan	9	0	182452	0	0	0	nan	0	0	0	0	0	0	nan	0	0	0	nan	nan	nan	nan	nan	nan
10	u	0	182470	0	nan	9	0	182470	0	0	0	nan	0	0	0	0	0	0	nan	0	0	0	nan	nan	nan	nan	nan	nan
11	a	0	182488	0	nan	9	0	182488	0	0	0	nan	0	0	0	0	0	0	nan	0	0	0	nan	nan	nan	nan	nan	nan
12	a	0	182491	0	nan	9	0	182491	0	0	0	nan	0	0	0	0	0	0	nan	0	0	0	nan	nan	nan	nan	nan	nan
13	c	0	182493	0	nan	9	0	182493	0	0	0	nan	0	0	0	0	0	0	nan	0	0	0	nan	nan	nan	nan	nan	nan
14	a	0	182494	0	nan	9	0	182494	0	0	0	nan	0	0	0	0	0	0	nan	0	0	0	nan	nan	nan	nan	nan	nan
15	u	0	182495	0	nan	9	0	182495	0	0	0	nan	0	0	0	0	0	0	nan	0	0	0	nan	nan	nan	nan	nan	nan
16	a	0	182497	0	nan	9	0	182497	0	0	0	nan	0	0	0	0	0	0	nan	0	0	0	nan	nan	nan	nan	nan	nan
17	a	0	182500	0	nan	9	0	182500	0	0	0	nan	0	0	0	0	0	0	nan	0	0	0	nan	nan	nan	nan	nan	nan
18	c	0	182505	0	nan	9	0	182505	0	0	0	nan	0	0	0	0	0	0	nan	0	0	0	nan	nan	nan	nan	nan	nan
19	U	0	182506	1	0.000000	9	0	182506	0	0	0	nan	0	0	0	0	0	0	nan	0	0	0	0.000000	0.000000	nan	nan	nan	nan
20	A	0	182518	7	0.000000	9	0	182518	0	0	0	nan	0	0	0	0	0	0	nan	0	0	0	0.000000	0.000000	nan	nan	nan	nan
21	A	0	182524	10	0.000000	9	0	182524	0	0	0	nan	0	0	0	0	0	0	nan	0	0	0	0.000000	0.000000	nan	nan	nan	nan
22	G	0	182533	180612	0.000000	9	0	182533	0	0	0	nan	0	0	0	0	0	0	nan	0	0	0	0.000000	0.000000	0.000000	0.000000	nan	nan
23	G	162	182534	177475	0.000913	9	0	182534	0	0	0	nan	0	0	0	0	0	0	nan	0	0	0	0.000913	0.000072	0.000913	0.000072	nan	nan
24	C	3822	182545	175883	0.021730	9	0	182545	0	0	0	nan	0	0	0	0	0	0	nan	0	0	0	0.021730	0.000351	0.021730	0.000351	1.000000	0.016153
25	A	2254	182563	176516	0.012769	9	0	182563	0	0	0	nan	0	0	0	0	0	0	nan	0	0	0	0.012769	0.000269	0.012769	0.000269	0.984768	0.020746
26	G	153	182571	175844	0.000870	9	0	182571	0	0	0	nan	0	0	0	0	0	0	nan	0	0	0	0.000870	0.000070	0.000870	0.000070	nan	nan
27	A	2458	182576	181284	0.013559	9	0	182576	0	0	0	nan	0	0	0	0	0	0	nan	0	0	0	0.013559	0.000273	0.013559	0.000273	1.045695	0.021054
28	U	928	182579	181174	0.005122	9	0	182579	0	0	0	nan	0	0	0	0	0	0	nan	0	0	0	0.005122	0.000168	0.005122	0.000168	1.162902	0.038143
29	C	3719	182579	181389	0.020503	9	0	182578	0	0	0	nan	0	0	0	0	0	0	nan	0	0	0	0.020503	0.000336	0.020503	0.000336	0.943534	0.015462
30	U	708	182580	181288	0.003905	9	0	182579	0	0	0	nan	0	0	0	0	0	0	nan	0	0	0	0.003905	0.000147	0.003905	0.000147	0.886593	0.033375
31	G	130	182581	180598	0.000720	9	0	182580	0	0	0	nan	0	0	0	0	0	0	nan	0	0	0	0.000720	0.000063	0.000720	0.000063	nan	nan
32	A	1257	182581	180929	0.006947	9	0	182579	0	0	0	nan	0	0	0	0	0	0	nan	0	0	0	0.006947	0.000196	0.006947	0.000196	0.535765	0.015116
33	G	143	182583	174400	0.000820	9	0	182580	0	0	0	nan	0	0	0	0	0	0	nan	0	0	0	0.000820	0.000069	0.000820	0.000069	nan	nan
34	C	1709	182584	172071	0.009932	9	0	182579	0	0	0	nan	0	0	0	0	0	0	nan	0	0	0	0.009932	0.000240	0.009932	0.000240	0.457064	0.011045
35	C	1635	182587	172177	0.009496	9	0	182577	0	0	0	nan	0	0	0	0	0	0	nan	0	0	0	0.009496	0.000235	0.009496	0.000235	0.437000	0.010815
36	U	621	182587	175130	0.003546	9	0	182559	0	0	0	nan	0	0	0	0	0	0	nan	0	0	0	0.003546	0.000142	0.003546	0.000142	0.805086	0.032240
37	G	309	182613	177646	0.001739	9	0	182572	0	0	0	nan	0	0	0	0	0	0	nan	0	0	0	0.001739	0.000099	0.001739	0.000099	nan	nan
38	G	137	182638	177725	0.000771	9	0	182618	0	0	0	nan	0	0	0	0	0	0	nan	0	0	0	0.000771	0.000066	0.000771	0.000066	nan	nan
39	G	227	182640	177871	0.001276	9	0	182627	0	0	0	nan	0	0	0	0	0	0	nan	0	0	0	0.001276	0.000085	0.001276	0.000085	nan	nan
40	G	166	182642	178344	0.000931	9	0	182630	0	0	0	nan	0	0	0	0	0	0	nan	0	0	0	0.000931	0.000072	0.000931	0.000072	nan	nan
41	G	222	182645	177371	0.001252	9	0	182637	0	0	0	nan	0	0	0	0	0	0	nan	0	0	0	0.001252	0.000084	0.001252	0.000084	nan	nan
42	C	1456	182645	181305	0.008031	9	0	182639	0	0	0	nan	0	0	0	0	0	0	nan	0	0	0	0.008031	0.000210	0.008031	0.000210	0.369581	0.009664
43	U	503	182647	181385	0.002773	9	0	182641	0	0	0	nan	0	0	0	0	0	0	nan	0	0	0	0.002773	0.000124	0.002773	0.000124	0.629583	0.028153
44	C	1808	182647	181465	0.009963	9	0	182642	0	0	0	nan	0	0	0	0	0	0	nan	0	0	0	0.009963	0.000234	0.009963	0.000234	0.458491	0.010769
45	U	829	182649	181369	0.004571	9	0	182644	0	0	0	nan	0	0	0	0	0	0	nan	0	0	0	0.004571	0.000159	0.004571	0.000159	1.037802	0.036099
46	C	3767	182649	181313	0.020776	9	0	182642	0	0	0	nan	0	0	0	0	0	0	nan	0	0	0	0.020776	0.000339	0.020776	0.000339	0.956098	0.015601
47	U	596	182656	181325	0.003287	9	0	182648	0	0	0	nan	0	0	0	0	0	0	nan	0	0	0	0.003287	0.000135	0.003287	0.000135	0.746282	0.030650
48	G	207	182656	179098	0.001156	9	0	182646	0	0	0	nan	0	0	0	0	0	0	nan	0	0	0	0.001156	0.000080	0.001156	0.000080	nan	nan
49	C	4571	182663	180465	0.025329	8	0	182654	0	0	0	nan	0	0	0	0	0	0	nan	0	0	0	0.025329	0.000375	0.025329	0.000375	1.165624	0.017257
50	C	4392	182668	180693	0.024306	8	0	182663	0	0	0	nan	0	0	0	0	0	0	nan	0	0	0	0.024306	0.000367	0.024306	0.000367	1.118546	0.016889
51	A	1899	182675	181325	0.010473	8	0	182675	0	0	0	nan	0	0	0	0	0	0	nan	0	0	0	0.010473	0.000240	0.010473	0.000240	0.807697	0.018509
52	A	0	182675	181498	0.000000	8	0	182675	0	0	0	nan	0	0	0	0	0	0	nan	0	0	0	0.000000	0.000000	0.000000	0.000000	0.000000	0.000000
53	U	0	182665	59	0.000000	7	0	182665	0	0	0	nan	0	0	0	0	0	0	nan	0	0	0	0.000000	0.000000	nan	nan	nan	nan
54	C	0	182588	0	nan	5	0	182588	0	0	0	nan	0	0	0	0	0	0	nan	0	0	0	nan	nan	nan	nan	nan	nan
55	C	0	182588	0	nan	5	0	182588	0	0	0	nan	0	0	0	0	0	0	nan	0	0	0	nan	nan	nan	nan	nan	nan
56	a	0	182588	0	nan	5	0	182588	0	0	0	nan	0	0	0	0	0	0	nan	0	0	0	nan	nan	nan	nan	nan	nan
57	c	0	182588	0	nan	5	0	182588	0	0	0	nan	0	0	0	0	0	0	nan	0	0	0	nan	nan	nan	nan	nan	nan
58	u	0	182588	0	nan	5	0	182588	0	0	0	nan	0	0	0	0	0	0	nan	0	0	0	nan	nan	nan	nan	nan	nan
59	a	0	182588	0	nan	5	0	182588	0	0	0	nan	0	0	0	0	0	0	nan	0	0	0	nan	nan	nan	nan	nan	nan
60	a	0	182588	0	nan	5	0	182588	0	0	0	nan	0	0	0	0	0	0	nan	0	0	0	nan	nan	nan	nan	nan	nan
61	c	0	182588	0	nan	0	0	182588	0	0	0	nan	0	0	0	0	0	0	nan	0	0	0	nan	nan	nan	nan	nan	nan
62	c	0	182587	0	nan	0	0	182587	0	0	0	nan	0	0	0	0	0	0	nan	0	0	0	nan	nan	nan	nan	nan	nan
63	u	0	182587	0	nan	0	0	182587	0	0	0	nan	0	0	0	0	0	0	nan	0	0	0	nan	nan	nan	nan	nan	nan
64	c	0	182587	0	nan	0	0	182587	0	0	0	nan	0	0	0	0	0	0	nan	0	0	0	nan	nan	nan	nan	nan	nan
65	a	0	182587	0	nan	0	0	182587	0	0	0	nan	0	0	0	0	0	0	nan	0	0	0	nan	nan	nan	nan	nan	nan
66	c	0	182587	0	nan	0	0	182587	0	0	0	nan	0	0	0	0	0	0	nan	0	0	0	nan	nan	nan	nan	nan	nan
67	u	0	182587	0	nan	0	0	182587	0	0	0	nan	0	0	0	0	0	0	nan	0	0	0	nan	nan	nan	nan	nan	nan
68	c	0	182587	0	nan	0	0	182587	0	0	0	nan	0	0	0	0	0	0	nan	0	0	0	nan	nan	nan	nan	nan	nan
69	a	0	182585	0	nan	0	0	182585	0	0	0	nan	0	0	0	0	0	0	nan	0	0	0	nan	nan	nan	nan	nan	nan
70	c	0	182572	0	nan	0	0	182572	0	0	0	nan	0	0	0	0	0	0	nan	0	0	0	nan	nan	nan	nan	nan	nan
71	a	0	182565	0	nan	0	0	182565	0	0	0	nan	0	0	0	0	0	0	nan	0	0	0	nan	nan	nan	nan	nan	nan
72	a	0	182508	0	nan	0	0	182508	0	0	0	nan	0	0	0	0	0	0	nan	0	0	0	nan	nan	nan	nan	nan	nan
73	u	0	182419	0	nan	0	0	182419	0	0	0	nan	0	0	0	0	0	0	nan	0	0	0	nan	nan	nan	nan	nan	nan
74	c	0	182178	0	nan	0	0	182178	0	0	0	nan	0	0	0	0	0	0	nan	0	0	0	nan	nan	nan	nan	nan	nan