Nucleotide	Sequence	Modified_mutations	Modified_read_depth	Modified_effective_depth	Modified_rate	Modified_off_target_mapped_depth	Modified_low_mapq_mapped_depth	Modified_primer_pair_1_mapped_depth	Untreated_mutations	Untreated_read_depth	Untreated_effective_depth	Untreated_rate	Untreated_off_target_mapped_depth	Untreated_low_mapq_mapped_depth	Untreated_primer_pair_1_mapped_depth	Denatured_mutations	Denatured_read_depth	Denatured_effective_depth	Denatured_rate	Denatured_off_target_mapped_depth	Denatured_low_mapq_mapped_depth	Denatured_primer_pair_1_mapped_depth	Reactivity_profile	Std_err	HQ_profile	HQ_stderr	Norm_profile	Norm_stderr
1	g	0	124934	0	nan	2	804	124934	0	0	0	nan	0	0	0	0	0	0	nan	0	0	0	nan	nan	nan	nan	nan	nan
2	g	0	125128	0	nan	2	805	125128	0	0	0	nan	0	0	0	0	0	0	nan	0	0	0	nan	nan	nan	nan	nan	nan
3	u	0	125180	0	nan	2	806	125180	0	0	0	nan	0	0	0	0	0	0	nan	0	0	0	nan	nan	nan	nan	nan	nan
4	g	0	125230	0	nan	2	809	125230	0	0	0	nan	0	0	0	0	0	0	nan	0	0	0	nan	nan	nan	nan	nan	nan
5	u	0	125466	0	nan	2	809	125466	0	0	0	nan	0	0	0	0	0	0	nan	0	0	0	nan	nan	nan	nan	nan	nan
6	a	0	125473	0	nan	2	809	125473	0	0	0	nan	0	0	0	0	0	0	nan	0	0	0	nan	nan	nan	nan	nan	nan
7	a	0	125478	0	nan	2	809	125478	0	0	0	nan	0	0	0	0	0	0	nan	0	0	0	nan	nan	nan	nan	nan	nan
8	g	0	125484	0	nan	2	810	125484	0	0	0	nan	0	0	0	0	0	0	nan	0	0	0	nan	nan	nan	nan	nan	nan
9	g	0	125484	0	nan	2	810	125484	0	0	0	nan	0	0	0	0	0	0	nan	0	0	0	nan	nan	nan	nan	nan	nan
10	g	0	125486	0	nan	2	810	125486	0	0	0	nan	0	0	0	0	0	0	nan	0	0	0	nan	nan	nan	nan	nan	nan
11	u	0	125488	0	nan	2	810	125488	0	0	0	nan	0	0	0	0	0	0	nan	0	0	0	nan	nan	nan	nan	nan	nan
12	g	0	125488	0	nan	2	812	125488	0	0	0	nan	0	0	0	0	0	0	nan	0	0	0	nan	nan	nan	nan	nan	nan
13	a	0	125488	0	nan	3	812	125488	0	0	0	nan	0	0	0	0	0	0	nan	0	0	0	nan	nan	nan	nan	nan	nan
14	a	0	125488	0	nan	3	812	125488	0	0	0	nan	0	0	0	0	0	0	nan	0	0	0	nan	nan	nan	nan	nan	nan
15	g	0	125488	0	nan	11	812	125488	0	0	0	nan	0	0	0	0	0	0	nan	0	0	0	nan	nan	nan	nan	nan	nan
16	u	0	125489	0	nan	11	812	125489	0	0	0	nan	0	0	0	0	0	0	nan	0	0	0	nan	nan	nan	nan	nan	nan
17	g	0	125490	0	nan	11	812	125490	0	0	0	nan	0	0	0	0	0	0	nan	0	0	0	nan	nan	nan	nan	nan	nan
18	u	0	125491	0	nan	11	812	125491	0	0	0	nan	0	0	0	0	0	0	nan	0	0	0	nan	nan	nan	nan	nan	nan
19	a	0	125498	0	nan	11	812	125498	0	0	0	nan	0	0	0	0	0	0	nan	0	0	0	nan	nan	nan	nan	nan	nan
20	A	0	125501	1	0.000000	11	812	125501	0	0	0	nan	0	0	0	0	0	0	nan	0	0	0	0.000000	0.000000	nan	nan	nan	nan
21	G	0	125502	2	0.000000	11	812	125502	0	0	0	nan	0	0	0	0	0	0	nan	0	0	0	0.000000	0.000000	nan	nan	nan	nan
22	G	0	125503	2	0.000000	11	812	125503	0	0	0	nan	0	0	0	0	0	0	nan	0	0	0	0.000000	0.000000	nan	nan	nan	nan
23	U	0	125503	124999	0.000000	11	812	125503	0	0	0	nan	0	0	0	0	0	0	nan	0	0	0	0.000000	0.000000	0.000000	0.000000	0.000000	0.000000
24	U	281	125503	124951	0.002249	11	812	125502	0	0	0	nan	0	0	0	0	0	0	nan	0	0	0	0.002249	0.000134	0.002249	0.000134	0.963582	0.057412
25	G	86	125503	124601	0.000690	11	812	125502	0	0	0	nan	0	0	0	0	0	0	nan	0	0	0	0.000690	0.000074	0.000690	0.000074	nan	nan
26	A	5273	125503	124825	0.042243	11	812	125502	0	0	0	nan	0	0	0	0	0	0	nan	0	0	0	0.042243	0.000582	0.042243	0.000582	1.089130	0.015005
27	A	4380	125503	124717	0.035120	11	812	125502	0	0	0	nan	0	0	0	0	0	0	nan	0	0	0	0.035120	0.000531	0.035120	0.000531	0.905481	0.013691
28	C	4725	125503	123877	0.038143	11	812	125502	0	0	0	nan	0	0	0	0	0	0	nan	0	0	0	0.038143	0.000555	0.038143	0.000555	1.057025	0.015380
29	U	140	125503	124499	0.001125	11	812	125502	0	0	0	nan	0	0	0	0	0	0	nan	0	0	0	0.001125	0.000095	0.001125	0.000095	0.482005	0.040703
30	U	215	125503	124625	0.001725	11	812	125502	0	0	0	nan	0	0	0	0	0	0	nan	0	0	0	0.001725	0.000118	0.001725	0.000118	0.739075	0.050557
31	U	291	125504	124691	0.002334	11	812	125503	0	0	0	nan	0	0	0	0	0	0	nan	0	0	0	0.002334	0.000137	0.002334	0.000137	1.000000	0.058698
32	U	175	125505	124813	0.001402	11	812	125505	0	0	0	nan	0	0	0	0	0	0	nan	0	0	0	0.001402	0.000106	0.001402	0.000106	0.600686	0.045416
33	G	40	125506	124216	0.000322	11	812	125506	0	0	0	nan	0	0	0	0	0	0	nan	0	0	0	0.000322	0.000051	0.000322	0.000051	nan	nan
34	A	3004	125507	124590	0.024111	11	812	125507	0	0	0	nan	0	0	0	0	0	0	nan	0	0	0	0.024111	0.000440	0.024111	0.000440	0.621642	0.011344
35	A	2525	125507	124393	0.020299	11	812	125507	0	0	0	nan	0	0	0	0	0	0	nan	0	0	0	0.020299	0.000404	0.020299	0.000404	0.523359	0.010416
36	U	155	125507	124289	0.001247	11	812	125507	0	0	0	nan	0	0	0	0	0	0	nan	0	0	0	0.001247	0.000100	0.001247	0.000100	0.534276	0.042845
37	A	5298	125507	124442	0.042574	11	812	125507	0	0	0	nan	0	0	0	0	0	0	nan	0	0	0	0.042574	0.000585	0.042574	0.000585	1.097664	0.015083
38	G	90	125507	123132	0.000731	11	812	125507	0	0	0	nan	0	0	0	0	0	0	nan	0	0	0	0.000731	0.000077	0.000731	0.000077	nan	nan
39	U	246	125507	124613	0.001974	11	812	125507	0	0	0	nan	0	0	0	0	0	0	nan	0	0	0	0.001974	0.000126	0.001974	0.000126	0.845758	0.053985
40	G	112	125507	123945	0.000904	11	812	125507	0	0	0	nan	0	0	0	0	0	0	nan	0	0	0	0.000904	0.000085	0.000904	0.000085	nan	nan
41	A	3790	125508	124275	0.030497	11	812	125507	0	0	0	nan	0	0	0	0	0	0	nan	0	0	0	0.030497	0.000495	0.030497	0.000495	0.786289	0.012762
42	U	310	125509	124077	0.002498	11	812	125508	0	0	0	nan	0	0	0	0	0	0	nan	0	0	0	0.002498	0.000142	0.002498	0.000142	1.070266	0.060840
43	U	235	125512	124235	0.001892	11	812	125511	0	0	0	nan	0	0	0	0	0	0	nan	0	0	0	0.001892	0.000123	0.001892	0.000123	0.810626	0.052699
44	C	3714	125513	124163	0.029912	11	812	125513	0	0	0	nan	0	0	0	0	0	0	nan	0	0	0	0.029912	0.000491	0.029912	0.000491	0.828926	0.013607
45	A	3606	125513	124281	0.029015	11	812	125513	0	0	0	nan	0	0	0	0	0	0	nan	0	0	0	0.029015	0.000483	0.029015	0.000483	0.748079	0.012453
46	G	94	125515	123769	0.000759	11	812	125515	0	0	0	nan	0	0	0	0	0	0	nan	0	0	0	0.000759	0.000078	0.000759	0.000078	nan	nan
47	G	63	125515	123412	0.000510	12	812	125515	0	0	0	nan	0	0	0	0	0	0	nan	0	0	0	0.000510	0.000064	0.000510	0.000064	nan	nan
48	A	3738	125514	124034	0.030137	13	812	125514	0	0	0	nan	0	0	0	0	0	0	nan	0	0	0	0.030137	0.000493	0.030137	0.000493	0.777007	0.012711
49	G	71	125514	123586	0.000574	13	812	125514	0	0	0	nan	0	0	0	0	0	0	nan	0	0	0	0.000574	0.000068	0.000574	0.000068	nan	nan
50	G	80	125515	123336	0.000649	13	812	125515	0	0	0	nan	0	0	0	0	0	0	nan	0	0	0	0.000649	0.000073	0.000649	0.000073	nan	nan
51	U	265	125514	123816	0.002140	13	812	125514	0	0	0	nan	0	0	0	0	0	0	nan	0	0	0	0.002140	0.000131	0.002140	0.000131	0.916881	0.056127
52	U	204	125514	123652	0.001650	14	812	125514	0	0	0	nan	0	0	0	0	0	0	nan	0	0	0	0.001650	0.000116	0.001650	0.000116	0.706941	0.049700
53	A	4962	125515	124026	0.040008	14	812	125515	0	0	0	nan	0	0	0	0	0	0	nan	0	0	0	0.040008	0.000568	0.040008	0.000568	1.031506	0.014644
54	A	4266	125516	124570	0.034246	14	812	125516	0	0	0	nan	0	0	0	0	0	0	nan	0	0	0	0.034246	0.000524	0.034246	0.000524	0.882947	0.013510
55	U	277	125516	124723	0.002221	14	812	125516	0	0	0	nan	0	0	0	0	0	0	nan	0	0	0	0.002221	0.000133	0.002221	0.000133	0.951585	0.056984
56	G	122	125516	124431	0.000980	14	812	125516	0	0	0	nan	0	0	0	0	0	0	nan	0	0	0	0.000980	0.000089	0.000980	0.000089	nan	nan
57	G	0	125517	124651	0.000000	14	812	125517	0	0	0	nan	0	0	0	0	0	0	nan	0	0	0	0.000000	0.000000	0.000000	0.000000	nan	nan
58	A	0	125516	0	nan	14	812	125516	0	0	0	nan	0	0	0	0	0	0	nan	0	0	0	nan	nan	nan	nan	nan	nan
59	A	0	125516	0	nan	14	812	125516	0	0	0	nan	0	0	0	0	0	0	nan	0	0	0	nan	nan	nan	nan	nan	nan
60	G	0	125516	0	nan	14	812	125516	0	0	0	nan	0	0	0	0	0	0	nan	0	0	0	nan	nan	nan	nan	nan	nan
61	u	0	125516	0	nan	14	812	125516	0	0	0	nan	0	0	0	0	0	0	nan	0	0	0	nan	nan	nan	nan	nan	nan
62	a	0	125516	0	nan	14	812	125516	0	0	0	nan	0	0	0	0	0	0	nan	0	0	0	nan	nan	nan	nan	nan	nan
63	a	0	125516	0	nan	14	812	125516	0	0	0	nan	0	0	0	0	0	0	nan	0	0	0	nan	nan	nan	nan	nan	nan
64	a	0	125516	0	nan	14	812	125516	0	0	0	nan	0	0	0	0	0	0	nan	0	0	0	nan	nan	nan	nan	nan	nan
65	g	0	125516	0	nan	14	812	125516	0	0	0	nan	0	0	0	0	0	0	nan	0	0	0	nan	nan	nan	nan	nan	nan
66	g	0	125514	0	nan	14	812	125514	0	0	0	nan	0	0	0	0	0	0	nan	0	0	0	nan	nan	nan	nan	nan	nan
67	u	0	125514	0	nan	12	812	125514	0	0	0	nan	0	0	0	0	0	0	nan	0	0	0	nan	nan	nan	nan	nan	nan
68	a	0	125514	0	nan	12	812	125514	0	0	0	nan	0	0	0	0	0	0	nan	0	0	0	nan	nan	nan	nan	nan	nan
69	a	0	125514	0	nan	12	812	125514	0	0	0	nan	0	0	0	0	0	0	nan	0	0	0	nan	nan	nan	nan	nan	nan
70	u	0	125514	0	nan	12	812	125514	0	0	0	nan	0	0	0	0	0	0	nan	0	0	0	nan	nan	nan	nan	nan	nan
71	g	0	125513	0	nan	12	812	125513	0	0	0	nan	0	0	0	0	0	0	nan	0	0	0	nan	nan	nan	nan	nan	nan
72	a	0	125513	0	nan	12	812	125513	0	0	0	nan	0	0	0	0	0	0	nan	0	0	0	nan	nan	nan	nan	nan	nan
73	a	0	125511	0	nan	12	812	125511	0	0	0	nan	0	0	0	0	0	0	nan	0	0	0	nan	nan	nan	nan	nan	nan
74	g	0	125511	0	nan	12	812	125511	0	0	0	nan	0	0	0	0	0	0	nan	0	0	0	nan	nan	nan	nan	nan	nan
75	g	0	125502	0	nan	12	812	125502	0	0	0	nan	0	0	0	0	0	0	nan	0	0	0	nan	nan	nan	nan	nan	nan
76	u	0	125497	0	nan	12	812	125497	0	0	0	nan	0	0	0	0	0	0	nan	0	0	0	nan	nan	nan	nan	nan	nan
77	g	0	125492	0	nan	12	811	125492	0	0	0	nan	0	0	0	0	0	0	nan	0	0	0	nan	nan	nan	nan	nan	nan
78	a	0	125485	0	nan	12	811	125485	0	0	0	nan	0	0	0	0	0	0	nan	0	0	0	nan	nan	nan	nan	nan	nan
79	a	0	125398	0	nan	12	808	125398	0	0	0	nan	0	0	0	0	0	0	nan	0	0	0	nan	nan	nan	nan	nan	nan
80	g	0	125304	0	nan	12	799	125304	0	0	0	nan	0	0	0	0	0	0	nan	0	0	0	nan	nan	nan	nan	nan	nan