Nucleotide	Sequence	Modified_mutations	Modified_read_depth	Modified_effective_depth	Modified_rate	Modified_off_target_mapped_depth	Modified_low_mapq_mapped_depth	Modified_primer_pair_1_mapped_depth	Untreated_mutations	Untreated_read_depth	Untreated_effective_depth	Untreated_rate	Untreated_off_target_mapped_depth	Untreated_low_mapq_mapped_depth	Untreated_primer_pair_1_mapped_depth	Denatured_mutations	Denatured_read_depth	Denatured_effective_depth	Denatured_rate	Denatured_off_target_mapped_depth	Denatured_low_mapq_mapped_depth	Denatured_primer_pair_1_mapped_depth	Reactivity_profile	Std_err	HQ_profile	HQ_stderr	Norm_profile	Norm_stderr
1	g	0	6216439	0	nan	22	498	6216439	0	0	0	nan	0	0	0	0	0	0	nan	0	0	0	nan	nan	nan	nan	nan	nan
2	g	0	6276267	0	nan	22	502	6276267	0	0	0	nan	0	0	0	0	0	0	nan	0	0	0	nan	nan	nan	nan	nan	nan
3	u	0	6284881	0	nan	22	506	6284881	0	0	0	nan	0	0	0	0	0	0	nan	0	0	0	nan	nan	nan	nan	nan	nan
4	g	0	6290131	0	nan	22	515	6290131	0	0	0	nan	0	0	0	0	0	0	nan	0	0	0	nan	nan	nan	nan	nan	nan
5	u	0	6299964	0	nan	22	519	6299964	0	0	0	nan	0	0	0	0	0	0	nan	0	0	0	nan	nan	nan	nan	nan	nan
6	a	0	6304135	0	nan	22	535	6304135	0	0	0	nan	0	0	0	0	0	0	nan	0	0	0	nan	nan	nan	nan	nan	nan
7	a	0	6305175	0	nan	22	535	6305175	0	0	0	nan	0	0	0	0	0	0	nan	0	0	0	nan	nan	nan	nan	nan	nan
8	g	0	6305801	0	nan	22	535	6305801	0	0	0	nan	0	0	0	0	0	0	nan	0	0	0	nan	nan	nan	nan	nan	nan
9	g	0	6306532	0	nan	22	535	6306532	0	0	0	nan	0	0	0	0	0	0	nan	0	0	0	nan	nan	nan	nan	nan	nan
10	g	0	6308012	0	nan	22	542	6308012	0	0	0	nan	0	0	0	0	0	0	nan	0	0	0	nan	nan	nan	nan	nan	nan
11	u	0	6311195	0	nan	22	544	6311195	0	0	0	nan	0	0	0	0	0	0	nan	0	0	0	nan	nan	nan	nan	nan	nan
12	g	0	6323710	0	nan	55	565	6323710	0	0	0	nan	0	0	0	0	0	0	nan	0	0	0	nan	nan	nan	nan	nan	nan
13	a	0	6335394	0	nan	68	570	6335394	0	0	0	nan	0	0	0	0	0	0	nan	0	0	0	nan	nan	nan	nan	nan	nan
14	a	0	6342121	0	nan	97	572	6342121	0	0	0	nan	0	0	0	0	0	0	nan	0	0	0	nan	nan	nan	nan	nan	nan
15	g	0	6345690	0	nan	417	572	6345690	0	0	0	nan	0	0	0	0	0	0	nan	0	0	0	nan	nan	nan	nan	nan	nan
16	u	0	6349999	0	nan	420	572	6349999	0	0	0	nan	0	0	0	0	0	0	nan	0	0	0	nan	nan	nan	nan	nan	nan
17	g	0	6351686	0	nan	420	574	6351686	0	0	0	nan	0	0	0	0	0	0	nan	0	0	0	nan	nan	nan	nan	nan	nan
18	u	0	6353275	0	nan	421	580	6353275	0	0	0	nan	0	0	0	0	0	0	nan	0	0	0	nan	nan	nan	nan	nan	nan
19	a	0	6354460	0	nan	421	599	6354460	0	0	0	nan	0	0	0	0	0	0	nan	0	0	0	nan	nan	nan	nan	nan	nan
20	A	0	6355992	658	0.000000	421	599	6355992	0	0	0	nan	0	0	0	0	0	0	nan	0	0	0	0.000000	0.000000	nan	nan	nan	nan
21	G	0	6357065	789	0.000000	421	599	6357065	0	0	0	nan	0	0	0	0	0	0	nan	0	0	0	0.000000	0.000000	nan	nan	nan	nan
22	G	0	6357721	771	0.000000	421	599	6357721	0	0	0	nan	0	0	0	0	0	0	nan	0	0	0	0.000000	0.000000	nan	nan	nan	nan
23	U	0	6359412	5766911	0.000000	421	599	6359412	0	0	0	nan	0	0	0	0	0	0	nan	0	0	0	0.000000	0.000000	0.000000	0.000000	0.000000	0.000000
24	U	12633	6360487	5813413	0.002173	421	599	6360487	0	0	0	nan	0	0	0	0	0	0	nan	0	0	0	0.002173	0.000019	0.002173	0.000019	0.595179	0.005204
25	G	8164	6364408	5764173	0.001416	421	599	6364408	0	0	0	nan	0	0	0	0	0	0	nan	0	0	0	0.001416	0.000016	0.001416	0.000016	0.705970	0.007977
26	A	27026	6370049	5898550	0.004582	421	599	6370000	0	0	0	nan	0	0	0	0	0	0	nan	0	0	0	0.004582	0.000028	0.004582	0.000028	0.872097	0.005329
27	C	10745	6372396	5674117	0.001894	421	599	6372299	0	0	0	nan	0	0	0	0	0	0	nan	0	0	0	0.001894	0.000018	0.001894	0.000018	0.785892	0.007469
28	C	15840	6373488	5663626	0.002797	421	599	6373366	0	0	0	nan	0	0	0	0	0	0	nan	0	0	0	0.002797	0.000022	0.002797	0.000022	1.160581	0.009129
29	U	21541	6376310	5634489	0.003823	421	599	6376172	0	0	0	nan	0	0	0	0	0	0	nan	0	0	0	0.003823	0.000026	0.003823	0.000026	1.047110	0.007121
30	U	9620	6381603	5729248	0.001679	421	599	6381445	0	0	0	nan	0	0	0	0	0	0	nan	0	0	0	0.001679	0.000017	0.001679	0.000017	0.459874	0.004656
31	U	10609	6387120	5753740	0.001844	421	599	6386944	0	0	0	nan	0	0	0	0	0	0	nan	0	0	0	0.001844	0.000018	0.001844	0.000018	0.505067	0.004930
32	U	11891	6392693	5814907	0.002045	421	599	6392496	0	0	0	nan	0	0	0	0	0	0	nan	0	0	0	0.002045	0.000019	0.002045	0.000019	0.560121	0.005204
33	G	2679	6423643	5879097	0.000456	421	599	6423429	0	0	0	nan	0	0	0	0	0	0	nan	0	0	0	0.000456	0.000009	0.000456	0.000009	0.227346	0.004487
34	A	24192	6435811	6221158	0.003889	421	599	6435612	0	0	0	nan	0	0	0	0	0	0	nan	0	0	0	0.003889	0.000025	0.003889	0.000025	0.740198	0.004758
35	A	23266	6438862	6183826	0.003762	421	599	6438658	0	0	0	nan	0	0	0	0	0	0	nan	0	0	0	0.003762	0.000025	0.003762	0.000025	0.716026	0.004758
36	U	4305	6439841	6126355	0.000703	421	599	6439625	0	0	0	nan	0	0	0	0	0	0	nan	0	0	0	0.000703	0.000011	0.000703	0.000011	0.192550	0.003013
37	A	462241	6440379	5837321	0.079187	421	599	6440119	0	0	0	nan	0	0	0	0	0	0	nan	0	0	0	0.079187	0.000116	0.079187	0.000116	15.071755	0.022078
38	G	12093	6441303	5736989	0.002108	426	599	6441064	0	0	0	nan	0	0	0	0	0	0	nan	0	0	0	0.002108	0.000019	0.002108	0.000019	1.050978	0.009473
39	U	12184	6442118	5824375	0.002092	426	599	6441864	0	0	0	nan	0	0	0	0	0	0	nan	0	0	0	0.002092	0.000019	0.002092	0.000019	0.572994	0.005204
40	G	9880	6442911	5997044	0.001647	432	599	6442649	0	0	0	nan	0	0	0	0	0	0	nan	0	0	0	0.001647	0.000017	0.001647	0.000017	0.821139	0.008476
41	A	78863	6446639	5994387	0.013156	431	599	6446364	0	0	0	nan	0	0	0	0	0	0	nan	0	0	0	0.013156	0.000047	0.013156	0.000047	2.503997	0.008946
42	U	17748	6447554	5965779	0.002975	431	599	6447283	0	0	0	nan	0	0	0	0	0	0	nan	0	0	0	0.002975	0.000022	0.002975	0.000022	0.814845	0.006026
43	U	9802	6449906	5911397	0.001658	432	599	6449632	0	0	0	nan	0	0	0	0	0	0	nan	0	0	0	0.001658	0.000017	0.001658	0.000017	0.454122	0.004656
44	C	11973	6453458	5917191	0.002023	431	599	6453168	0	0	0	nan	0	0	0	0	0	0	nan	0	0	0	0.002023	0.000018	0.002023	0.000018	0.839419	0.007469
45	A	25271	6455879	5928502	0.004263	430	599	6455574	0	0	0	nan	0	0	0	0	0	0	nan	0	0	0	0.004263	0.000027	0.004263	0.000027	0.811382	0.005139
46	G	4835	6457944	5797443	0.000834	427	599	6457650	0	0	0	nan	0	0	0	0	0	0	nan	0	0	0	0.000834	0.000012	0.000834	0.000012	0.415805	0.005983
47	G	9969	6462223	5867862	0.001699	428	599	6461926	0	0	0	nan	0	0	0	0	0	0	nan	0	0	0	0.001699	0.000017	0.001699	0.000017	0.847065	0.008476
48	A	11082	6468817	5787637	0.001915	430	599	6468518	0	0	0	nan	0	0	0	0	0	0	nan	0	0	0	0.001915	0.000018	0.001915	0.000018	0.364484	0.003426
49	G	17458	6470170	5845959	0.002986	428	599	6469891	0	0	0	nan	0	0	0	0	0	0	nan	0	0	0	0.002986	0.000023	0.002986	0.000023	1.488720	0.011467
50	G	5026	6479921	5672603	0.000886	432	599	6479677	0	0	0	nan	0	0	0	0	0	0	nan	0	0	0	0.000886	0.000012	0.000886	0.000012	0.441730	0.005983
51	U	21275	6483587	5826593	0.003651	432	599	6483390	0	0	0	nan	0	0	0	0	0	0	nan	0	0	0	0.003651	0.000025	0.003651	0.000025	1.000000	0.006847
52	U	16658	6489401	5824853	0.002860	432	599	6489259	0	0	0	nan	0	0	0	0	0	0	nan	0	0	0	0.002860	0.000022	0.002860	0.000022	0.783347	0.006026
53	A	18191	6493769	6057609	0.003003	431	599	6493634	0	0	0	nan	0	0	0	0	0	0	nan	0	0	0	0.003003	0.000022	0.003003	0.000022	0.571565	0.004187
54	A	32565	6496405	6197980	0.005254	431	599	6496283	0	0	0	nan	0	0	0	0	0	0	nan	0	0	0	0.005254	0.000029	0.005254	0.000029	1.000000	0.005520
55	U	11551	6497275	6134178	0.001883	431	599	6497181	0	0	0	nan	0	0	0	0	0	0	nan	0	0	0	0.001883	0.000018	0.001883	0.000018	0.515749	0.004930
56	G	6942	6498048	5937057	0.001169	431	599	6497971	0	0	0	nan	0	0	0	0	0	0	nan	0	0	0	0.001169	0.000014	0.001169	0.000014	0.582824	0.006980
57	G	0	6499029	5970272	0.000000	431	599	6498972	0	0	0	nan	0	0	0	0	0	0	nan	0	0	0	0.000000	0.000000	0.000000	0.000000	0.000000	0.000000
58	A	0	6500980	60	0.000000	431	599	6500980	0	0	0	nan	0	0	0	0	0	0	nan	0	0	0	0.000000	0.000000	nan	nan	nan	nan
59	A	0	6500905	41	0.000000	430	599	6500905	0	0	0	nan	0	0	0	0	0	0	nan	0	0	0	0.000000	0.000000	nan	nan	nan	nan
60	G	0	6500844	17	0.000000	429	599	6500844	0	0	0	nan	0	0	0	0	0	0	nan	0	0	0	0.000000	0.000000	nan	nan	nan	nan
61	u	0	6500808	0	nan	426	599	6500808	0	0	0	nan	0	0	0	0	0	0	nan	0	0	0	nan	nan	nan	nan	nan	nan
62	a	0	6500704	0	nan	425	599	6500704	0	0	0	nan	0	0	0	0	0	0	nan	0	0	0	nan	nan	nan	nan	nan	nan
63	a	0	6500635	0	nan	424	599	6500635	0	0	0	nan	0	0	0	0	0	0	nan	0	0	0	nan	nan	nan	nan	nan	nan
64	a	0	6500599	0	nan	421	599	6500599	0	0	0	nan	0	0	0	0	0	0	nan	0	0	0	nan	nan	nan	nan	nan	nan
65	g	0	6500577	0	nan	408	560	6500577	0	0	0	nan	0	0	0	0	0	0	nan	0	0	0	nan	nan	nan	nan	nan	nan
66	g	0	6500559	0	nan	398	553	6500559	0	0	0	nan	0	0	0	0	0	0	nan	0	0	0	nan	nan	nan	nan	nan	nan
67	u	0	6500534	0	nan	398	553	6500534	0	0	0	nan	0	0	0	0	0	0	nan	0	0	0	nan	nan	nan	nan	nan	nan
68	a	0	6500513	0	nan	398	547	6500513	0	0	0	nan	0	0	0	0	0	0	nan	0	0	0	nan	nan	nan	nan	nan	nan
69	a	0	6500491	0	nan	397	546	6500491	0	0	0	nan	0	0	0	0	0	0	nan	0	0	0	nan	nan	nan	nan	nan	nan
70	u	0	6500477	0	nan	397	536	6500477	0	0	0	nan	0	0	0	0	0	0	nan	0	0	0	nan	nan	nan	nan	nan	nan
71	g	0	6500424	0	nan	396	535	6500424	0	0	0	nan	0	0	0	0	0	0	nan	0	0	0	nan	nan	nan	nan	nan	nan
72	a	0	6500363	0	nan	395	535	6500363	0	0	0	nan	0	0	0	0	0	0	nan	0	0	0	nan	nan	nan	nan	nan	nan
73	a	0	6500330	0	nan	395	534	6500330	0	0	0	nan	0	0	0	0	0	0	nan	0	0	0	nan	nan	nan	nan	nan	nan
74	g	0	6500305	0	nan	395	534	6500305	0	0	0	nan	0	0	0	0	0	0	nan	0	0	0	nan	nan	nan	nan	nan	nan
75	g	0	6500243	0	nan	394	534	6500243	0	0	0	nan	0	0	0	0	0	0	nan	0	0	0	nan	nan	nan	nan	nan	nan
76	u	0	6500125	0	nan	394	534	6500125	0	0	0	nan	0	0	0	0	0	0	nan	0	0	0	nan	nan	nan	nan	nan	nan
77	g	0	6500005	0	nan	394	532	6500005	0	0	0	nan	0	0	0	0	0	0	nan	0	0	0	nan	nan	nan	nan	nan	nan
78	a	0	6499866	0	nan	394	532	6499866	0	0	0	nan	0	0	0	0	0	0	nan	0	0	0	nan	nan	nan	nan	nan	nan
79	a	0	6495224	0	nan	389	528	6495224	0	0	0	nan	0	0	0	0	0	0	nan	0	0	0	nan	nan	nan	nan	nan	nan
80	g	0	6492614	0	nan	387	521	6492614	0	0	0	nan	0	0	0	0	0	0	nan	0	0	0	nan	nan	nan	nan	nan	nan