Nucleotide	Sequence	Modified_mutations	Modified_read_depth	Modified_effective_depth	Modified_rate	Modified_off_target_mapped_depth	Modified_low_mapq_mapped_depth	Modified_primer_pair_1_mapped_depth	Untreated_mutations	Untreated_read_depth	Untreated_effective_depth	Untreated_rate	Untreated_off_target_mapped_depth	Untreated_low_mapq_mapped_depth	Untreated_primer_pair_1_mapped_depth	Denatured_mutations	Denatured_read_depth	Denatured_effective_depth	Denatured_rate	Denatured_off_target_mapped_depth	Denatured_low_mapq_mapped_depth	Denatured_primer_pair_1_mapped_depth	Reactivity_profile	Std_err	HQ_profile	HQ_stderr	Norm_profile	Norm_stderr
1	g	0	5542405	0	nan	20	477	5542405	0	0	0	nan	0	0	0	0	0	0	nan	0	0	0	nan	nan	nan	nan	nan	nan
2	g	0	5597863	0	nan	20	483	5597863	0	0	0	nan	0	0	0	0	0	0	nan	0	0	0	nan	nan	nan	nan	nan	nan
3	u	0	5607553	0	nan	20	490	5607553	0	0	0	nan	0	0	0	0	0	0	nan	0	0	0	nan	nan	nan	nan	nan	nan
4	g	0	5613057	0	nan	20	517	5613057	0	0	0	nan	0	0	0	0	0	0	nan	0	0	0	nan	nan	nan	nan	nan	nan
5	u	0	5622149	0	nan	20	519	5622149	0	0	0	nan	0	0	0	0	0	0	nan	0	0	0	nan	nan	nan	nan	nan	nan
6	a	0	5626077	0	nan	20	577	5626077	0	0	0	nan	0	0	0	0	0	0	nan	0	0	0	nan	nan	nan	nan	nan	nan
7	a	0	5626927	0	nan	20	578	5626927	0	0	0	nan	0	0	0	0	0	0	nan	0	0	0	nan	nan	nan	nan	nan	nan
8	g	0	5627453	0	nan	20	580	5627453	0	0	0	nan	0	0	0	0	0	0	nan	0	0	0	nan	nan	nan	nan	nan	nan
9	g	0	5628066	0	nan	20	581	5628066	0	0	0	nan	0	0	0	0	0	0	nan	0	0	0	nan	nan	nan	nan	nan	nan
10	g	0	5629383	0	nan	20	587	5629383	0	0	0	nan	0	0	0	0	0	0	nan	0	0	0	nan	nan	nan	nan	nan	nan
11	u	0	5632063	0	nan	20	587	5632063	0	0	0	nan	0	0	0	0	0	0	nan	0	0	0	nan	nan	nan	nan	nan	nan
12	g	0	5643440	0	nan	38	609	5643440	0	0	0	nan	0	0	0	0	0	0	nan	0	0	0	nan	nan	nan	nan	nan	nan
13	a	0	5654182	0	nan	40	617	5654182	0	0	0	nan	0	0	0	0	0	0	nan	0	0	0	nan	nan	nan	nan	nan	nan
14	a	0	5659908	0	nan	43	618	5659908	0	0	0	nan	0	0	0	0	0	0	nan	0	0	0	nan	nan	nan	nan	nan	nan
15	g	0	5662778	0	nan	206	618	5662778	0	0	0	nan	0	0	0	0	0	0	nan	0	0	0	nan	nan	nan	nan	nan	nan
16	u	0	5666375	0	nan	206	618	5666375	0	0	0	nan	0	0	0	0	0	0	nan	0	0	0	nan	nan	nan	nan	nan	nan
17	g	0	5667721	0	nan	207	624	5667721	0	0	0	nan	0	0	0	0	0	0	nan	0	0	0	nan	nan	nan	nan	nan	nan
18	u	0	5668830	0	nan	207	633	5668830	0	0	0	nan	0	0	0	0	0	0	nan	0	0	0	nan	nan	nan	nan	nan	nan
19	a	0	5669870	0	nan	208	644	5669870	0	0	0	nan	0	0	0	0	0	0	nan	0	0	0	nan	nan	nan	nan	nan	nan
20	A	0	5671050	481	0.000000	208	646	5671050	0	0	0	nan	0	0	0	0	0	0	nan	0	0	0	0.000000	0.000000	nan	nan	nan	nan
21	G	0	5671789	607	0.000000	208	646	5671789	0	0	0	nan	0	0	0	0	0	0	nan	0	0	0	0.000000	0.000000	nan	nan	nan	nan
22	G	0	5672326	561	0.000000	208	646	5672326	0	0	0	nan	0	0	0	0	0	0	nan	0	0	0	0.000000	0.000000	nan	nan	nan	nan
23	U	0	5673482	5163535	0.000000	208	646	5673482	0	0	0	nan	0	0	0	0	0	0	nan	0	0	0	0.000000	0.000000	0.000000	0.000000	0.000000	0.000000
24	U	11698	5674347	5201775	0.002249	208	646	5674347	0	0	0	nan	0	0	0	0	0	0	nan	0	0	0	0.002249	0.000021	0.002249	0.000021	0.631564	0.005897
25	G	5387	5677640	5151114	0.001046	208	646	5677640	0	0	0	nan	0	0	0	0	0	0	nan	0	0	0	0.001046	0.000014	0.001046	0.000014	nan	nan
26	A	39932	5682956	5261854	0.007589	208	646	5682871	0	0	0	nan	0	0	0	0	0	0	nan	0	0	0	0.007589	0.000038	0.007589	0.000038	0.719746	0.003604
27	C	22720	5684939	5081970	0.004471	208	646	5684798	0	0	0	nan	0	0	0	0	0	0	nan	0	0	0	0.004471	0.000030	0.004471	0.000030	0.987957	0.006629
28	C	22055	5685841	5088911	0.004334	208	646	5685665	0	0	0	nan	0	0	0	0	0	0	nan	0	0	0	0.004334	0.000029	0.004334	0.000029	0.957684	0.006408
29	U	19333	5688537	5063814	0.003818	208	646	5688340	0	0	0	nan	0	0	0	0	0	0	nan	0	0	0	0.003818	0.000027	0.003818	0.000027	1.072171	0.007582
30	U	8576	5693277	5145214	0.001667	208	646	5693058	0	0	0	nan	0	0	0	0	0	0	nan	0	0	0	0.001667	0.000018	0.001667	0.000018	0.468127	0.005055
31	U	9136	5697988	5152316	0.001773	209	646	5697729	0	0	0	nan	0	0	0	0	0	0	nan	0	0	0	0.001773	0.000019	0.001773	0.000019	0.497894	0.005336
32	U	11538	5702687	5205382	0.002217	209	646	5702392	0	0	0	nan	0	0	0	0	0	0	nan	0	0	0	0.002217	0.000021	0.002217	0.000021	0.622578	0.005897
33	G	2036	5731430	5268292	0.000386	209	646	5731139	0	0	0	nan	0	0	0	0	0	0	nan	0	0	0	0.000386	0.000009	0.000386	0.000009	nan	nan
34	A	28470	5741819	5564889	0.005116	209	646	5741543	0	0	0	nan	0	0	0	0	0	0	nan	0	0	0	0.005116	0.000030	0.005116	0.000030	0.485205	0.002845
35	A	29507	5744489	5544220	0.005322	209	646	5744215	0	0	0	nan	0	0	0	0	0	0	nan	0	0	0	0.005322	0.000031	0.005322	0.000031	0.504742	0.002940
36	U	3988	5745345	5513263	0.000723	209	646	5745059	0	0	0	nan	0	0	0	0	0	0	nan	0	0	0	0.000723	0.000011	0.000723	0.000011	0.203033	0.003089
37	A	196613	5745840	5293930	0.037139	209	646	5745507	0	0	0	nan	0	0	0	0	0	0	nan	0	0	0	0.037139	0.000084	0.037139	0.000084	3.522288	0.007967
38	G	8000	5746254	5222363	0.001532	214	646	5745927	0	0	0	nan	0	0	0	0	0	0	nan	0	0	0	0.001532	0.000017	0.001532	0.000017	nan	nan
39	U	10057	5746767	5248601	0.001916	214	646	5746428	0	0	0	nan	0	0	0	0	0	0	nan	0	0	0	0.001916	0.000019	0.001916	0.000019	0.538051	0.005336
40	G	6887	5747299	5376856	0.001281	216	646	5746944	0	0	0	nan	0	0	0	0	0	0	nan	0	0	0	0.001281	0.000015	0.001281	0.000015	nan	nan
41	A	56584	5750065	5366311	0.010544	216	646	5749710	0	0	0	nan	0	0	0	0	0	0	nan	0	0	0	0.010544	0.000044	0.010544	0.000044	1.000000	0.004173
42	U	16035	5750731	5334611	0.003006	216	646	5750388	0	0	0	nan	0	0	0	0	0	0	nan	0	0	0	0.003006	0.000024	0.003006	0.000024	0.844145	0.006740
43	U	8502	5752346	5287347	0.001608	216	646	5751981	0	0	0	nan	0	0	0	0	0	0	nan	0	0	0	0.001608	0.000017	0.001608	0.000017	0.451559	0.004774
44	C	24184	5754997	5280872	0.004580	216	646	5754601	0	0	0	nan	0	0	0	0	0	0	nan	0	0	0	0.004580	0.000029	0.004580	0.000029	1.012043	0.006408
45	A	29915	5756773	5287869	0.005657	215	646	5756326	0	0	0	nan	0	0	0	0	0	0	nan	0	0	0	0.005657	0.000033	0.005657	0.000033	0.536514	0.003130
46	G	3243	5758250	5173994	0.000627	214	646	5757796	0	0	0	nan	0	0	0	0	0	0	nan	0	0	0	0.000627	0.000011	0.000627	0.000011	nan	nan
47	G	9001	5761948	5231728	0.001720	216	646	5761499	0	0	0	nan	0	0	0	0	0	0	nan	0	0	0	0.001720	0.000018	0.001720	0.000018	nan	nan
48	A	19444	5768110	5154337	0.003772	218	646	5767682	0	0	0	nan	0	0	0	0	0	0	nan	0	0	0	0.003772	0.000027	0.003772	0.000027	0.357739	0.002561
49	G	14910	5769312	5225137	0.002854	217	646	5768907	0	0	0	nan	0	0	0	0	0	0	nan	0	0	0	0.002854	0.000023	0.002854	0.000023	nan	nan
50	G	2816	5778339	5089522	0.000553	219	646	5777987	0	0	0	nan	0	0	0	0	0	0	nan	0	0	0	0.000553	0.000010	0.000553	0.000010	nan	nan
51	U	18517	5781224	5200167	0.003561	219	646	5780916	0	0	0	nan	0	0	0	0	0	0	nan	0	0	0	0.003561	0.000026	0.003561	0.000026	1.000000	0.007301
52	U	15018	5786353	5194405	0.002891	219	646	5786129	0	0	0	nan	0	0	0	0	0	0	nan	0	0	0	0.002891	0.000024	0.002891	0.000024	0.811851	0.006740
53	A	44735	5790021	5379737	0.008315	218	646	5789818	0	0	0	nan	0	0	0	0	0	0	nan	0	0	0	0.008315	0.000039	0.008315	0.000039	0.788600	0.003699
54	A	62500	5792586	5507801	0.011348	218	646	5792445	0	0	0	nan	0	0	0	0	0	0	nan	0	0	0	0.011348	0.000045	0.011348	0.000045	1.076252	0.004268
55	U	10369	5793393	5455752	0.001901	218	646	5793282	0	0	0	nan	0	0	0	0	0	0	nan	0	0	0	0.001901	0.000019	0.001901	0.000019	0.533839	0.005336
56	G	5357	5794153	5295179	0.001012	218	646	5794062	0	0	0	nan	0	0	0	0	0	0	nan	0	0	0	0.001012	0.000014	0.001012	0.000014	nan	nan
57	G	0	5795007	5322139	0.000000	218	646	5794948	0	0	0	nan	0	0	0	0	0	0	nan	0	0	0	0.000000	0.000000	0.000000	0.000000	nan	nan
58	A	0	5796714	66	0.000000	218	646	5796714	0	0	0	nan	0	0	0	0	0	0	nan	0	0	0	0.000000	0.000000	nan	nan	nan	nan
59	A	0	5796628	66	0.000000	218	646	5796628	0	0	0	nan	0	0	0	0	0	0	nan	0	0	0	0.000000	0.000000	nan	nan	nan	nan
60	G	0	5796549	30	0.000000	218	646	5796549	0	0	0	nan	0	0	0	0	0	0	nan	0	0	0	0.000000	0.000000	nan	nan	nan	nan
61	u	0	5796488	0	nan	218	646	5796488	0	0	0	nan	0	0	0	0	0	0	nan	0	0	0	nan	nan	nan	nan	nan	nan
62	a	0	5796286	0	nan	216	645	5796286	0	0	0	nan	0	0	0	0	0	0	nan	0	0	0	nan	nan	nan	nan	nan	nan
63	a	0	5796160	0	nan	215	645	5796160	0	0	0	nan	0	0	0	0	0	0	nan	0	0	0	nan	nan	nan	nan	nan	nan
64	a	0	5796141	0	nan	213	643	5796141	0	0	0	nan	0	0	0	0	0	0	nan	0	0	0	nan	nan	nan	nan	nan	nan
65	g	0	5796099	0	nan	206	561	5796099	0	0	0	nan	0	0	0	0	0	0	nan	0	0	0	nan	nan	nan	nan	nan	nan
66	g	0	5796073	0	nan	198	553	5796073	0	0	0	nan	0	0	0	0	0	0	nan	0	0	0	nan	nan	nan	nan	nan	nan
67	u	0	5796041	0	nan	196	552	5796041	0	0	0	nan	0	0	0	0	0	0	nan	0	0	0	nan	nan	nan	nan	nan	nan
68	a	0	5796011	0	nan	195	535	5796011	0	0	0	nan	0	0	0	0	0	0	nan	0	0	0	nan	nan	nan	nan	nan	nan
69	a	0	5795977	0	nan	195	529	5795977	0	0	0	nan	0	0	0	0	0	0	nan	0	0	0	nan	nan	nan	nan	nan	nan
70	u	0	5795935	0	nan	195	511	5795935	0	0	0	nan	0	0	0	0	0	0	nan	0	0	0	nan	nan	nan	nan	nan	nan
71	g	0	5795783	0	nan	195	511	5795783	0	0	0	nan	0	0	0	0	0	0	nan	0	0	0	nan	nan	nan	nan	nan	nan
72	a	0	5795691	0	nan	194	509	5795691	0	0	0	nan	0	0	0	0	0	0	nan	0	0	0	nan	nan	nan	nan	nan	nan
73	a	0	5795641	0	nan	194	507	5795641	0	0	0	nan	0	0	0	0	0	0	nan	0	0	0	nan	nan	nan	nan	nan	nan
74	g	0	5795585	0	nan	194	506	5795585	0	0	0	nan	0	0	0	0	0	0	nan	0	0	0	nan	nan	nan	nan	nan	nan
75	g	0	5795528	0	nan	194	505	5795528	0	0	0	nan	0	0	0	0	0	0	nan	0	0	0	nan	nan	nan	nan	nan	nan
76	u	0	5795419	0	nan	194	504	5795419	0	0	0	nan	0	0	0	0	0	0	nan	0	0	0	nan	nan	nan	nan	nan	nan
77	g	0	5795284	0	nan	193	496	5795284	0	0	0	nan	0	0	0	0	0	0	nan	0	0	0	nan	nan	nan	nan	nan	nan
78	a	0	5795173	0	nan	192	496	5795173	0	0	0	nan	0	0	0	0	0	0	nan	0	0	0	nan	nan	nan	nan	nan	nan
79	a	0	5790759	0	nan	190	495	5790759	0	0	0	nan	0	0	0	0	0	0	nan	0	0	0	nan	nan	nan	nan	nan	nan
80	g	0	5788387	0	nan	190	492	5788387	0	0	0	nan	0	0	0	0	0	0	nan	0	0	0	nan	nan	nan	nan	nan	nan