Nucleotide	Sequence	Modified_mutations	Modified_read_depth	Modified_effective_depth	Modified_rate	Modified_off_target_mapped_depth	Modified_low_mapq_mapped_depth	Modified_primer_pair_1_mapped_depth	Untreated_mutations	Untreated_read_depth	Untreated_effective_depth	Untreated_rate	Untreated_off_target_mapped_depth	Untreated_low_mapq_mapped_depth	Untreated_primer_pair_1_mapped_depth	Denatured_mutations	Denatured_read_depth	Denatured_effective_depth	Denatured_rate	Denatured_off_target_mapped_depth	Denatured_low_mapq_mapped_depth	Denatured_primer_pair_1_mapped_depth	Reactivity_profile	Std_err	HQ_profile	HQ_stderr	Norm_profile	Norm_stderr
1	g	0	186589	0	nan	1	0	186589	0	0	0	nan	0	0	0	0	0	0	nan	0	0	0	nan	nan	nan	nan	nan	nan
2	g	0	186727	0	nan	1	0	186727	0	0	0	nan	0	0	0	0	0	0	nan	0	0	0	nan	nan	nan	nan	nan	nan
3	u	0	186800	0	nan	1	0	186800	0	0	0	nan	0	0	0	0	0	0	nan	0	0	0	nan	nan	nan	nan	nan	nan
4	g	0	186823	0	nan	1	0	186823	0	0	0	nan	0	0	0	0	0	0	nan	0	0	0	nan	nan	nan	nan	nan	nan
5	u	0	186843	0	nan	1	0	186843	0	0	0	nan	0	0	0	0	0	0	nan	0	0	0	nan	nan	nan	nan	nan	nan
6	a	0	186846	0	nan	1	0	186846	0	0	0	nan	0	0	0	0	0	0	nan	0	0	0	nan	nan	nan	nan	nan	nan
7	a	0	186846	0	nan	1	0	186846	0	0	0	nan	0	0	0	0	0	0	nan	0	0	0	nan	nan	nan	nan	nan	nan
8	g	0	186846	0	nan	1	0	186846	0	0	0	nan	0	0	0	0	0	0	nan	0	0	0	nan	nan	nan	nan	nan	nan
9	g	0	186852	0	nan	1	0	186852	0	0	0	nan	0	0	0	0	0	0	nan	0	0	0	nan	nan	nan	nan	nan	nan
10	g	0	187766	0	nan	2	0	187766	0	0	0	nan	0	0	0	0	0	0	nan	0	0	0	nan	nan	nan	nan	nan	nan
11	u	0	187774	0	nan	2	0	187774	0	0	0	nan	0	0	0	0	0	0	nan	0	0	0	nan	nan	nan	nan	nan	nan
12	g	0	187783	0	nan	2	0	187783	0	0	0	nan	0	0	0	0	0	0	nan	0	0	0	nan	nan	nan	nan	nan	nan
13	a	0	187783	0	nan	2	0	187783	0	0	0	nan	0	0	0	0	0	0	nan	0	0	0	nan	nan	nan	nan	nan	nan
14	a	0	187783	0	nan	2	0	187783	0	0	0	nan	0	0	0	0	0	0	nan	0	0	0	nan	nan	nan	nan	nan	nan
15	g	0	187784	0	nan	8	0	187784	0	0	0	nan	0	0	0	0	0	0	nan	0	0	0	nan	nan	nan	nan	nan	nan
16	u	0	187785	0	nan	8	0	187785	0	0	0	nan	0	0	0	0	0	0	nan	0	0	0	nan	nan	nan	nan	nan	nan
17	g	0	187786	0	nan	8	0	187786	0	0	0	nan	0	0	0	0	0	0	nan	0	0	0	nan	nan	nan	nan	nan	nan
18	u	0	187786	0	nan	8	0	187786	0	0	0	nan	0	0	0	0	0	0	nan	0	0	0	nan	nan	nan	nan	nan	nan
19	a	0	187789	0	nan	8	0	187789	0	0	0	nan	0	0	0	0	0	0	nan	0	0	0	nan	nan	nan	nan	nan	nan
20	A	0	187794	4	0.000000	8	0	187794	0	0	0	nan	0	0	0	0	0	0	nan	0	0	0	0.000000	0.000000	nan	nan	nan	nan
21	G	0	187800	7	0.000000	8	0	187800	0	0	0	nan	0	0	0	0	0	0	nan	0	0	0	0.000000	0.000000	nan	nan	nan	nan
22	G	0	187807	15	0.000000	8	0	187807	0	0	0	nan	0	0	0	0	0	0	nan	0	0	0	0.000000	0.000000	nan	nan	nan	nan
23	U	0	187813	187625	0.000000	8	0	187813	0	0	0	nan	0	0	0	0	0	0	nan	0	0	0	0.000000	0.000000	0.000000	0.000000	0.000000	0.000000
24	U	335	187817	187597	0.001786	8	0	187817	0	0	0	nan	0	0	0	0	0	0	nan	0	0	0	0.001786	0.000098	0.001786	0.000098	0.707607	0.038827
25	G	83	187817	187139	0.000444	8	0	187817	0	0	0	nan	0	0	0	0	0	0	nan	0	0	0	0.000444	0.000049	0.000444	0.000049	nan	nan
26	A	2524	187817	187346	0.013472	8	0	187817	0	0	0	nan	0	0	0	0	0	0	nan	0	0	0	0.013472	0.000268	0.013472	0.000268	0.880465	0.017515
27	A	2594	187817	187243	0.013854	8	0	187817	0	0	0	nan	0	0	0	0	0	0	nan	0	0	0	0.013854	0.000272	0.013854	0.000272	0.905431	0.017777
28	C	3506	187817	186887	0.018760	8	0	187817	0	0	0	nan	0	0	0	0	0	0	nan	0	0	0	0.018760	0.000317	0.018760	0.000317	0.959272	0.016209
29	U	274	187817	187214	0.001464	8	0	187817	0	0	0	nan	0	0	0	0	0	0	nan	0	0	0	0.001464	0.000088	0.001464	0.000088	0.580032	0.034865
30	U	371	187818	187376	0.001980	8	0	187817	0	0	0	nan	0	0	0	0	0	0	nan	0	0	0	0.001980	0.000103	0.001980	0.000103	0.784469	0.040808
31	U	473	187822	187430	0.002524	8	0	187819	0	0	0	nan	0	0	0	0	0	0	nan	0	0	0	0.002524	0.000116	0.002524	0.000116	1.000000	0.045959
32	U	291	187826	187433	0.001553	8	0	187809	0	0	0	nan	0	0	0	0	0	0	nan	0	0	0	0.001553	0.000091	0.001553	0.000091	0.615293	0.036054
33	G	119	187838	186917	0.000637	8	0	187815	0	0	0	nan	0	0	0	0	0	0	nan	0	0	0	0.000637	0.000058	0.000637	0.000058	nan	nan
34	A	2777	187851	187215	0.014833	8	0	187823	0	0	0	nan	0	0	0	0	0	0	nan	0	0	0	0.014833	0.000281	0.014833	0.000281	0.969414	0.018365
35	A	2348	187851	187113	0.012549	8	0	187823	0	0	0	nan	0	0	0	0	0	0	nan	0	0	0	0.012549	0.000259	0.012549	0.000259	0.820142	0.016927
36	U	238	187852	187062	0.001272	8	0	187822	0	0	0	nan	0	0	0	0	0	0	nan	0	0	0	0.001272	0.000082	0.001272	0.000082	0.503962	0.032488
37	A	2408	187857	187107	0.012870	8	0	187823	0	0	0	nan	0	0	0	0	0	0	nan	0	0	0	0.012870	0.000262	0.012870	0.000262	0.841121	0.017123
38	G	102	187890	186328	0.000547	8	0	187869	0	0	0	nan	0	0	0	0	0	0	nan	0	0	0	0.000547	0.000054	0.000547	0.000054	nan	nan
39	U	372	187891	187332	0.001986	8	0	187871	0	0	0	nan	0	0	0	0	0	0	nan	0	0	0	0.001986	0.000103	0.001986	0.000103	0.786846	0.040808
40	G	155	187896	186855	0.000830	8	0	187877	0	0	0	nan	0	0	0	0	0	0	nan	0	0	0	0.000830	0.000067	0.000830	0.000067	nan	nan
41	A	3163	187898	187162	0.016900	8	0	187882	0	0	0	nan	0	0	0	0	0	0	nan	0	0	0	0.016900	0.000300	0.016900	0.000300	1.104503	0.019607
42	U	511	187902	187112	0.002731	8	0	187891	0	0	0	nan	0	0	0	0	0	0	nan	0	0	0	0.002731	0.000121	0.002731	0.000121	1.082013	0.047940
43	U	465	187904	187207	0.002484	8	0	187893	0	0	0	nan	0	0	0	0	0	0	nan	0	0	0	0.002484	0.000115	0.002484	0.000115	0.984152	0.045563
44	C	3709	187915	187111	0.019822	8	0	187907	0	0	0	nan	0	0	0	0	0	0	nan	0	0	0	0.019822	0.000325	0.019822	0.000325	1.013576	0.016619
45	A	2894	187936	187233	0.015457	8	0	187928	0	0	0	nan	0	0	0	0	0	0	nan	0	0	0	0.015457	0.000287	0.015457	0.000287	1.010195	0.018757
46	G	116	187957	186806	0.000621	8	0	187951	0	0	0	nan	0	0	0	0	0	0	nan	0	0	0	0.000621	0.000058	0.000621	0.000058	nan	nan
47	G	115	187958	186784	0.000616	8	0	187952	0	0	0	nan	0	0	0	0	0	0	nan	0	0	0	0.000616	0.000057	0.000616	0.000057	nan	nan
48	A	3006	187960	187269	0.016052	8	0	187953	0	0	0	nan	0	0	0	0	0	0	nan	0	0	0	0.016052	0.000293	0.016052	0.000293	1.049082	0.019149
49	G	109	187961	186917	0.000583	8	0	187955	0	0	0	nan	0	0	0	0	0	0	nan	0	0	0	0.000583	0.000056	0.000583	0.000056	nan	nan
50	G	128	187962	186833	0.000685	8	0	187956	0	0	0	nan	0	0	0	0	0	0	nan	0	0	0	0.000685	0.000061	0.000685	0.000061	nan	nan
51	U	385	187965	187308	0.002055	8	0	187959	0	0	0	nan	0	0	0	0	0	0	nan	0	0	0	0.002055	0.000105	0.002055	0.000105	0.814184	0.041601
52	U	330	187966	187146	0.001763	8	0	187961	0	0	0	nan	0	0	0	0	0	0	nan	0	0	0	0.001763	0.000097	0.001763	0.000097	0.698494	0.038431
53	A	2726	187965	186734	0.014598	8	0	187959	0	0	0	nan	0	0	0	0	0	0	nan	0	0	0	0.014598	0.000280	0.014598	0.000280	0.954055	0.018299
54	A	2185	187838	186367	0.011724	8	0	187828	0	0	0	nan	0	0	0	0	0	0	nan	0	0	0	0.011724	0.000251	0.011724	0.000251	0.766224	0.016404
55	U	452	187839	186321	0.002426	8	0	187831	0	0	0	nan	0	0	0	0	0	0	nan	0	0	0	0.002426	0.000114	0.002426	0.000114	0.961173	0.045166
56	G	139	187850	186321	0.000746	8	0	187846	0	0	0	nan	0	0	0	0	0	0	nan	0	0	0	0.000746	0.000063	0.000746	0.000063	nan	nan
57	G	0	187871	186279	0.000000	8	0	187869	0	0	0	nan	0	0	0	0	0	0	nan	0	0	0	0.000000	0.000000	0.000000	0.000000	nan	nan
58	A	0	187882	0	nan	8	0	187882	0	0	0	nan	0	0	0	0	0	0	nan	0	0	0	nan	nan	nan	nan	nan	nan
59	A	0	187882	0	nan	8	0	187882	0	0	0	nan	0	0	0	0	0	0	nan	0	0	0	nan	nan	nan	nan	nan	nan
60	G	0	187882	0	nan	8	0	187882	0	0	0	nan	0	0	0	0	0	0	nan	0	0	0	nan	nan	nan	nan	nan	nan
61	u	0	187882	0	nan	8	0	187882	0	0	0	nan	0	0	0	0	0	0	nan	0	0	0	nan	nan	nan	nan	nan	nan
62	a	0	187882	0	nan	8	0	187882	0	0	0	nan	0	0	0	0	0	0	nan	0	0	0	nan	nan	nan	nan	nan	nan
63	a	0	187882	0	nan	8	0	187882	0	0	0	nan	0	0	0	0	0	0	nan	0	0	0	nan	nan	nan	nan	nan	nan
64	a	0	187882	0	nan	6	0	187882	0	0	0	nan	0	0	0	0	0	0	nan	0	0	0	nan	nan	nan	nan	nan	nan
65	g	0	187882	0	nan	6	0	187882	0	0	0	nan	0	0	0	0	0	0	nan	0	0	0	nan	nan	nan	nan	nan	nan
66	g	0	187882	0	nan	6	0	187882	0	0	0	nan	0	0	0	0	0	0	nan	0	0	0	nan	nan	nan	nan	nan	nan
67	u	0	187882	0	nan	6	0	187882	0	0	0	nan	0	0	0	0	0	0	nan	0	0	0	nan	nan	nan	nan	nan	nan
68	a	0	187882	0	nan	6	0	187882	0	0	0	nan	0	0	0	0	0	0	nan	0	0	0	nan	nan	nan	nan	nan	nan
69	a	0	187882	0	nan	6	0	187882	0	0	0	nan	0	0	0	0	0	0	nan	0	0	0	nan	nan	nan	nan	nan	nan
70	u	0	187882	0	nan	6	0	187882	0	0	0	nan	0	0	0	0	0	0	nan	0	0	0	nan	nan	nan	nan	nan	nan
71	g	0	187882	0	nan	6	0	187882	0	0	0	nan	0	0	0	0	0	0	nan	0	0	0	nan	nan	nan	nan	nan	nan
72	a	0	187882	0	nan	6	0	187882	0	0	0	nan	0	0	0	0	0	0	nan	0	0	0	nan	nan	nan	nan	nan	nan
73	a	0	187882	0	nan	6	0	187882	0	0	0	nan	0	0	0	0	0	0	nan	0	0	0	nan	nan	nan	nan	nan	nan
74	g	0	187881	0	nan	6	0	187881	0	0	0	nan	0	0	0	0	0	0	nan	0	0	0	nan	nan	nan	nan	nan	nan
75	g	0	187881	0	nan	6	0	187881	0	0	0	nan	0	0	0	0	0	0	nan	0	0	0	nan	nan	nan	nan	nan	nan
76	u	0	187878	0	nan	6	0	187878	0	0	0	nan	0	0	0	0	0	0	nan	0	0	0	nan	nan	nan	nan	nan	nan
77	g	0	187874	0	nan	6	0	187874	0	0	0	nan	0	0	0	0	0	0	nan	0	0	0	nan	nan	nan	nan	nan	nan
78	a	0	187867	0	nan	6	0	187867	0	0	0	nan	0	0	0	0	0	0	nan	0	0	0	nan	nan	nan	nan	nan	nan
79	a	0	187838	0	nan	6	0	187838	0	0	0	nan	0	0	0	0	0	0	nan	0	0	0	nan	nan	nan	nan	nan	nan
80	g	0	187759	0	nan	6	0	187759	0	0	0	nan	0	0	0	0	0	0	nan	0	0	0	nan	nan	nan	nan	nan	nan