Nucleotide	Sequence	Modified_mutations	Modified_read_depth	Modified_effective_depth	Modified_rate	Modified_off_target_mapped_depth	Modified_low_mapq_mapped_depth	Modified_primer_pair_1_mapped_depth	Untreated_mutations	Untreated_read_depth	Untreated_effective_depth	Untreated_rate	Untreated_off_target_mapped_depth	Untreated_low_mapq_mapped_depth	Untreated_primer_pair_1_mapped_depth	Denatured_mutations	Denatured_read_depth	Denatured_effective_depth	Denatured_rate	Denatured_off_target_mapped_depth	Denatured_low_mapq_mapped_depth	Denatured_primer_pair_1_mapped_depth	Reactivity_profile	Std_err	HQ_profile	HQ_stderr	Norm_profile	Norm_stderr
1	g	0	6667190	0	nan	20	333	6667190	0	0	0	nan	0	0	0	0	0	0	nan	0	0	0	nan	nan	nan	nan	nan	nan
2	g	0	6805801	0	nan	20	343	6805801	0	0	0	nan	0	0	0	0	0	0	nan	0	0	0	nan	nan	nan	nan	nan	nan
3	u	0	6850874	0	nan	20	347	6850874	0	0	0	nan	0	0	0	0	0	0	nan	0	0	0	nan	nan	nan	nan	nan	nan
4	g	0	6864474	0	nan	20	354	6864474	0	0	0	nan	0	0	0	0	0	0	nan	0	0	0	nan	nan	nan	nan	nan	nan
5	u	0	6872271	0	nan	20	356	6872271	0	0	0	nan	0	0	0	0	0	0	nan	0	0	0	nan	nan	nan	nan	nan	nan
6	a	0	6882219	0	nan	20	366	6882219	0	0	0	nan	0	0	0	0	0	0	nan	0	0	0	nan	nan	nan	nan	nan	nan
7	a	0	6886739	0	nan	20	366	6886739	0	0	0	nan	0	0	0	0	0	0	nan	0	0	0	nan	nan	nan	nan	nan	nan
8	g	0	6889087	0	nan	20	366	6889087	0	0	0	nan	0	0	0	0	0	0	nan	0	0	0	nan	nan	nan	nan	nan	nan
9	g	0	6892030	0	nan	20	366	6892030	0	0	0	nan	0	0	0	0	0	0	nan	0	0	0	nan	nan	nan	nan	nan	nan
10	g	0	6896713	0	nan	20	373	6896713	0	0	0	nan	0	0	0	0	0	0	nan	0	0	0	nan	nan	nan	nan	nan	nan
11	u	0	6904485	0	nan	20	373	6904485	0	0	0	nan	0	0	0	0	0	0	nan	0	0	0	nan	nan	nan	nan	nan	nan
12	g	0	6922570	0	nan	167	391	6922570	0	0	0	nan	0	0	0	0	0	0	nan	0	0	0	nan	nan	nan	nan	nan	nan
13	a	0	6950949	0	nan	181	400	6950949	0	0	0	nan	0	0	0	0	0	0	nan	0	0	0	nan	nan	nan	nan	nan	nan
14	a	0	6984295	0	nan	221	400	6984295	0	0	0	nan	0	0	0	0	0	0	nan	0	0	0	nan	nan	nan	nan	nan	nan
15	g	0	7013189	0	nan	487	401	7013189	0	0	0	nan	0	0	0	0	0	0	nan	0	0	0	nan	nan	nan	nan	nan	nan
16	u	0	7042288	0	nan	488	402	7042288	0	0	0	nan	0	0	0	0	0	0	nan	0	0	0	nan	nan	nan	nan	nan	nan
17	g	0	7056895	0	nan	492	409	7056895	0	0	0	nan	0	0	0	0	0	0	nan	0	0	0	nan	nan	nan	nan	nan	nan
18	u	0	7067334	0	nan	494	414	7067334	0	0	0	nan	0	0	0	0	0	0	nan	0	0	0	nan	nan	nan	nan	nan	nan
19	a	0	7074646	0	nan	494	440	7074646	0	0	0	nan	0	0	0	0	0	0	nan	0	0	0	nan	nan	nan	nan	nan	nan
20	A	0	7079012	1107	0.000000	494	440	7079012	0	0	0	nan	0	0	0	0	0	0	nan	0	0	0	0.000000	0.000000	nan	nan	nan	nan
21	G	0	7081946	1488	0.000000	495	440	7081946	0	0	0	nan	0	0	0	0	0	0	nan	0	0	0	0.000000	0.000000	nan	nan	nan	nan
22	G	0	7086300	3139	0.000000	495	440	7086300	0	0	0	nan	0	0	0	0	0	0	nan	0	0	0	0.000000	0.000000	nan	nan	nan	nan
23	U	0	7093268	5757333	0.000000	495	440	7093268	0	0	0	nan	0	0	0	0	0	0	nan	0	0	0	0.000000	0.000000	0.000000	0.000000	0.000000	0.000000
24	U	23841	7096086	5740268	0.004153	495	440	7096086	0	0	0	nan	0	0	0	0	0	0	nan	0	0	0	0.004153	0.000027	0.004153	0.000027	1.000000	0.006501
25	G	8586	7110260	5763558	0.001490	495	440	7110260	0	0	0	nan	0	0	0	0	0	0	nan	0	0	0	0.001490	0.000016	0.001490	0.000016	0.673446	0.007232
26	A	20931	7156352	6205758	0.003373	495	440	7156304	0	0	0	nan	0	0	0	0	0	0	nan	0	0	0	0.003373	0.000023	0.003373	0.000023	0.865538	0.005902
27	C	39124	7168694	6069127	0.006446	495	440	7168626	0	0	0	nan	0	0	0	0	0	0	nan	0	0	0	0.006446	0.000033	0.006446	0.000033	0.793989	0.004065
28	C	57087	7170349	5830835	0.009791	495	440	7170177	0	0	0	nan	0	0	0	0	0	0	nan	0	0	0	0.009791	0.000041	0.009791	0.000041	1.206011	0.005050
29	U	14169	7176541	5650363	0.002508	495	440	7176351	0	0	0	nan	0	0	0	0	0	0	nan	0	0	0	0.002508	0.000021	0.002508	0.000021	0.603901	0.005057
30	U	7599	7184465	5734945	0.001325	502	440	7184242	0	0	0	nan	0	0	0	0	0	0	nan	0	0	0	0.001325	0.000015	0.001325	0.000015	0.319046	0.003612
31	U	5796	7193894	5745591	0.001009	502	440	7193612	0	0	0	nan	0	0	0	0	0	0	nan	0	0	0	0.001009	0.000013	0.001009	0.000013	0.242957	0.003130
32	U	24149	7202676	6020750	0.004011	502	440	7202377	0	0	0	nan	0	0	0	0	0	0	nan	0	0	0	0.004011	0.000026	0.004011	0.000026	0.965808	0.006261
33	G	2945	7284429	6192882	0.000476	508	440	7284095	0	0	0	nan	0	0	0	0	0	0	nan	0	0	0	0.000476	0.000009	0.000476	0.000009	0.215141	0.004068
34	A	24601	7338508	6797884	0.003619	508	440	7338222	0	0	0	nan	0	0	0	0	0	0	nan	0	0	0	0.003619	0.000023	0.003619	0.000023	0.928663	0.005902
35	A	26260	7357684	6738989	0.003897	508	440	7357393	0	0	0	nan	0	0	0	0	0	0	nan	0	0	0	0.003897	0.000024	0.003897	0.000024	1.000000	0.006159
36	U	3522	7360441	6672328	0.000528	508	440	7360149	0	0	0	nan	0	0	0	0	0	0	nan	0	0	0	0.000528	0.000009	0.000528	0.000009	0.127137	0.002167
37	A	555060	7363927	6285525	0.088308	508	440	7363605	0	0	0	nan	0	0	0	0	0	0	nan	0	0	0	0.088308	0.000119	0.088308	0.000119	22.660508	0.030536
38	G	11243	7368543	6144336	0.001830	516	440	7368245	0	0	0	nan	0	0	0	0	0	0	nan	0	0	0	0.001830	0.000017	0.001830	0.000017	0.827119	0.007684
39	U	9777	7371342	6099872	0.001603	516	440	7371040	0	0	0	nan	0	0	0	0	0	0	nan	0	0	0	0.001603	0.000016	0.001603	0.000016	0.385986	0.003853
40	G	11126	7375027	6247002	0.001781	517	440	7374711	0	0	0	nan	0	0	0	0	0	0	nan	0	0	0	0.001781	0.000017	0.001781	0.000017	0.804972	0.007684
41	A	86257	7389612	6226627	0.013853	517	440	7389298	0	0	0	nan	0	0	0	0	0	0	nan	0	0	0	0.013853	0.000047	0.013853	0.000047	3.554786	0.012061
42	U	23080	7393027	6078770	0.003797	519	440	7392717	0	0	0	nan	0	0	0	0	0	0	nan	0	0	0	0.003797	0.000025	0.003797	0.000025	0.914279	0.006020
43	U	9032	7400326	6039831	0.001495	521	440	7400012	0	0	0	nan	0	0	0	0	0	0	nan	0	0	0	0.001495	0.000016	0.001495	0.000016	0.359981	0.003853
44	C	9116	7418493	6109265	0.001492	518	440	7418174	0	0	0	nan	0	0	0	0	0	0	nan	0	0	0	0.001492	0.000016	0.001492	0.000016	0.183778	0.001971
45	A	21181	7432088	6180545	0.003427	513	440	7431751	0	0	0	nan	0	0	0	0	0	0	nan	0	0	0	0.003427	0.000024	0.003427	0.000024	0.879394	0.006159
46	G	6258	7439699	5971849	0.001048	510	440	7439370	0	0	0	nan	0	0	0	0	0	0	nan	0	0	0	0.001048	0.000013	0.001048	0.000013	0.473672	0.005876
47	G	15802	7459195	6088346	0.002595	510	440	7458859	0	0	0	nan	0	0	0	0	0	0	nan	0	0	0	0.002595	0.000021	0.002595	0.000021	1.172881	0.009492
48	A	9273	7489999	5841799	0.001587	508	440	7489681	0	0	0	nan	0	0	0	0	0	0	nan	0	0	0	0.001587	0.000016	0.001587	0.000016	0.407236	0.004106
49	G	49203	7495282	5881882	0.008365	509	440	7494989	0	0	0	nan	0	0	0	0	0	0	nan	0	0	0	0.008365	0.000038	0.008365	0.000038	3.780791	0.017175
50	G	4666	7517321	5681228	0.000821	511	440	7517085	0	0	0	nan	0	0	0	0	0	0	nan	0	0	0	0.000821	0.000012	0.000821	0.000012	0.371073	0.005424
51	U	30838	7537671	6064815	0.005085	511	440	7537545	0	0	0	nan	0	0	0	0	0	0	nan	0	0	0	0.005085	0.000029	0.005085	0.000029	1.224416	0.006983
52	U	20811	7566705	6255931	0.003327	511	440	7566619	0	0	0	nan	0	0	0	0	0	0	nan	0	0	0	0.003327	0.000023	0.003327	0.000023	0.801108	0.005538
53	A	11358	7587187	6752411	0.001682	508	440	7587114	0	0	0	nan	0	0	0	0	0	0	nan	0	0	0	0.001682	0.000016	0.001682	0.000016	0.431614	0.004106
54	A	19935	7600366	6810886	0.002927	508	440	7600309	0	0	0	nan	0	0	0	0	0	0	nan	0	0	0	0.002927	0.000021	0.002927	0.000021	0.751091	0.005389
55	U	23802	7602258	6676953	0.003565	507	440	7602209	0	0	0	nan	0	0	0	0	0	0	nan	0	0	0	0.003565	0.000023	0.003565	0.000023	0.858416	0.005538
56	G	7849	7605728	6365451	0.001233	505	440	7605687	0	0	0	nan	0	0	0	0	0	0	nan	0	0	0	0.001233	0.000014	0.001233	0.000014	0.557288	0.006328
57	G	0	7607893	6622298	0.000000	504	440	7607873	0	0	0	nan	0	0	0	0	0	0	nan	0	0	0	0.000000	0.000000	0.000000	0.000000	0.000000	0.000000
58	A	0	7610896	120	0.000000	502	440	7610896	0	0	0	nan	0	0	0	0	0	0	nan	0	0	0	0.000000	0.000000	nan	nan	nan	nan
59	A	0	7610777	90	0.000000	501	440	7610777	0	0	0	nan	0	0	0	0	0	0	nan	0	0	0	0.000000	0.000000	nan	nan	nan	nan
60	G	0	7610646	50	0.000000	501	440	7610646	0	0	0	nan	0	0	0	0	0	0	nan	0	0	0	0.000000	0.000000	nan	nan	nan	nan
61	u	0	7610546	0	nan	500	440	7610546	0	0	0	nan	0	0	0	0	0	0	nan	0	0	0	nan	nan	nan	nan	nan	nan
62	a	0	7610335	0	nan	496	440	7610335	0	0	0	nan	0	0	0	0	0	0	nan	0	0	0	nan	nan	nan	nan	nan	nan
63	a	0	7610234	0	nan	488	440	7610234	0	0	0	nan	0	0	0	0	0	0	nan	0	0	0	nan	nan	nan	nan	nan	nan
64	a	0	7610192	0	nan	483	440	7610192	0	0	0	nan	0	0	0	0	0	0	nan	0	0	0	nan	nan	nan	nan	nan	nan
65	g	0	7610140	0	nan	477	402	7610140	0	0	0	nan	0	0	0	0	0	0	nan	0	0	0	nan	nan	nan	nan	nan	nan
66	g	0	7610106	0	nan	474	398	7610106	0	0	0	nan	0	0	0	0	0	0	nan	0	0	0	nan	nan	nan	nan	nan	nan
67	u	0	7610069	0	nan	470	396	7610069	0	0	0	nan	0	0	0	0	0	0	nan	0	0	0	nan	nan	nan	nan	nan	nan
68	a	0	7610017	0	nan	468	377	7610017	0	0	0	nan	0	0	0	0	0	0	nan	0	0	0	nan	nan	nan	nan	nan	nan
69	a	0	7609992	0	nan	467	376	7609992	0	0	0	nan	0	0	0	0	0	0	nan	0	0	0	nan	nan	nan	nan	nan	nan
70	u	0	7609967	0	nan	467	369	7609967	0	0	0	nan	0	0	0	0	0	0	nan	0	0	0	nan	nan	nan	nan	nan	nan
71	g	0	7609895	0	nan	464	368	7609895	0	0	0	nan	0	0	0	0	0	0	nan	0	0	0	nan	nan	nan	nan	nan	nan
72	a	0	7609776	0	nan	454	367	7609776	0	0	0	nan	0	0	0	0	0	0	nan	0	0	0	nan	nan	nan	nan	nan	nan
73	a	0	7609742	0	nan	454	365	7609742	0	0	0	nan	0	0	0	0	0	0	nan	0	0	0	nan	nan	nan	nan	nan	nan
74	g	0	7609705	0	nan	453	363	7609705	0	0	0	nan	0	0	0	0	0	0	nan	0	0	0	nan	nan	nan	nan	nan	nan
75	g	0	7609665	0	nan	453	363	7609665	0	0	0	nan	0	0	0	0	0	0	nan	0	0	0	nan	nan	nan	nan	nan	nan
76	u	0	7609621	0	nan	451	363	7609621	0	0	0	nan	0	0	0	0	0	0	nan	0	0	0	nan	nan	nan	nan	nan	nan
77	g	0	7609578	0	nan	450	360	7609578	0	0	0	nan	0	0	0	0	0	0	nan	0	0	0	nan	nan	nan	nan	nan	nan
78	a	0	7609460	0	nan	446	360	7609460	0	0	0	nan	0	0	0	0	0	0	nan	0	0	0	nan	nan	nan	nan	nan	nan
79	a	0	7606272	0	nan	435	360	7606272	0	0	0	nan	0	0	0	0	0	0	nan	0	0	0	nan	nan	nan	nan	nan	nan
80	g	0	7603105	0	nan	434	359	7603105	0	0	0	nan	0	0	0	0	0	0	nan	0	0	0	nan	nan	nan	nan	nan	nan