Nucleotide	Sequence	Modified_mutations	Modified_read_depth	Modified_effective_depth	Modified_rate	Modified_off_target_mapped_depth	Modified_low_mapq_mapped_depth	Modified_primer_pair_1_mapped_depth	Untreated_mutations	Untreated_read_depth	Untreated_effective_depth	Untreated_rate	Untreated_off_target_mapped_depth	Untreated_low_mapq_mapped_depth	Untreated_primer_pair_1_mapped_depth	Denatured_mutations	Denatured_read_depth	Denatured_effective_depth	Denatured_rate	Denatured_off_target_mapped_depth	Denatured_low_mapq_mapped_depth	Denatured_primer_pair_1_mapped_depth	Reactivity_profile	Std_err	HQ_profile	HQ_stderr	Norm_profile	Norm_stderr
1	g	0	6706483	0	nan	225	3856	6706483	0	0	0	nan	0	0	0	0	0	0	nan	0	0	0	nan	nan	nan	nan	nan	nan
2	g	0	6752817	0	nan	228	3889	6752817	0	0	0	nan	0	0	0	0	0	0	nan	0	0	0	nan	nan	nan	nan	nan	nan
3	u	0	6761198	0	nan	228	3917	6761198	0	0	0	nan	0	0	0	0	0	0	nan	0	0	0	nan	nan	nan	nan	nan	nan
4	g	0	6766472	0	nan	228	4030	6766472	0	0	0	nan	0	0	0	0	0	0	nan	0	0	0	nan	nan	nan	nan	nan	nan
5	u	0	6777999	0	nan	228	4057	6777999	0	0	0	nan	0	0	0	0	0	0	nan	0	0	0	nan	nan	nan	nan	nan	nan
6	a	0	6781576	0	nan	228	4210	6781576	0	0	0	nan	0	0	0	0	0	0	nan	0	0	0	nan	nan	nan	nan	nan	nan
7	a	0	6782557	0	nan	228	4221	6782557	0	0	0	nan	0	0	0	0	0	0	nan	0	0	0	nan	nan	nan	nan	nan	nan
8	g	0	6783116	0	nan	228	4223	6783116	0	0	0	nan	0	0	0	0	0	0	nan	0	0	0	nan	nan	nan	nan	nan	nan
9	g	0	6783722	0	nan	228	4239	6783722	0	0	0	nan	0	0	0	0	0	0	nan	0	0	0	nan	nan	nan	nan	nan	nan
10	g	0	6785060	0	nan	228	4321	6785060	0	0	0	nan	0	0	0	0	0	0	nan	0	0	0	nan	nan	nan	nan	nan	nan
11	u	0	6787692	0	nan	228	4331	6787692	0	0	0	nan	0	0	0	0	0	0	nan	0	0	0	nan	nan	nan	nan	nan	nan
12	g	0	6799055	0	nan	284	4627	6799055	0	0	0	nan	0	0	0	0	0	0	nan	0	0	0	nan	nan	nan	nan	nan	nan
13	a	0	6815859	0	nan	295	4722	6815859	0	0	0	nan	0	0	0	0	0	0	nan	0	0	0	nan	nan	nan	nan	nan	nan
14	a	0	6825424	0	nan	315	4731	6825424	0	0	0	nan	0	0	0	0	0	0	nan	0	0	0	nan	nan	nan	nan	nan	nan
15	g	0	6830010	0	nan	544	4735	6830009	0	0	0	nan	0	0	0	0	0	0	nan	0	0	0	nan	nan	nan	nan	nan	nan
16	u	0	6837241	0	nan	546	4737	6837240	0	0	0	nan	0	0	0	0	0	0	nan	0	0	0	nan	nan	nan	nan	nan	nan
17	g	0	6839865	0	nan	547	4815	6839864	0	0	0	nan	0	0	0	0	0	0	nan	0	0	0	nan	nan	nan	nan	nan	nan
18	u	0	6841580	0	nan	547	4847	6841579	0	0	0	nan	0	0	0	0	0	0	nan	0	0	0	nan	nan	nan	nan	nan	nan
19	a	0	6843015	0	nan	552	5118	6843014	0	0	0	nan	0	0	0	0	0	0	nan	0	0	0	nan	nan	nan	nan	nan	nan
20	A	0	6844543	594	0.000000	552	5118	6844542	0	0	0	nan	0	0	0	0	0	0	nan	0	0	0	0.000000	0.000000	nan	nan	nan	nan
21	G	0	6845367	650	0.000000	552	5118	6845366	0	0	0	nan	0	0	0	0	0	0	nan	0	0	0	0.000000	0.000000	nan	nan	nan	nan
22	G	0	6845914	629	0.000000	552	5118	6845913	0	0	0	nan	0	0	0	0	0	0	nan	0	0	0	0.000000	0.000000	nan	nan	nan	nan
23	U	0	6847439	6145763	0.000000	553	5118	6847438	0	0	0	nan	0	0	0	0	0	0	nan	0	0	0	0.000000	0.000000	0.000000	0.000000	0.000000	0.000000
24	U	9491	6848471	6197460	0.001531	553	5119	6848470	0	0	0	nan	0	0	0	0	0	0	nan	0	0	0	0.001531	0.000016	0.001531	0.000016	0.556323	0.005814
25	G	6868	6852656	6165550	0.001114	553	5119	6852655	0	0	0	nan	0	0	0	0	0	0	nan	0	0	0	0.001114	0.000013	0.001114	0.000013	nan	nan
26	A	23350	6860654	6331373	0.003688	553	5119	6860621	0	0	0	nan	0	0	0	0	0	0	nan	0	0	0	0.003688	0.000024	0.003688	0.000024	0.777895	0.005062
27	C	9839	6863768	6105660	0.001611	553	5119	6863698	0	0	0	nan	0	0	0	0	0	0	nan	0	0	0	0.001611	0.000016	0.001611	0.000016	0.669159	0.006646
28	C	17022	6865157	6092257	0.002794	553	5119	6865063	0	0	0	nan	0	0	0	0	0	0	nan	0	0	0	0.002794	0.000021	0.002794	0.000021	1.160540	0.008723
29	U	20709	6868673	6060527	0.003417	553	5119	6868564	0	0	0	nan	0	0	0	0	0	0	nan	0	0	0	0.003417	0.000024	0.003417	0.000024	1.241642	0.008721
30	U	4926	6874429	6165191	0.000799	553	5119	6874309	0	0	0	nan	0	0	0	0	0	0	nan	0	0	0	0.000799	0.000011	0.000799	0.000011	0.290334	0.003997
31	U	4614	6880226	6189191	0.000745	553	5119	6880091	0	0	0	nan	0	0	0	0	0	0	nan	0	0	0	0.000745	0.000011	0.000745	0.000011	0.270712	0.003997
32	U	10802	6886159	6265056	0.001724	554	5119	6886010	0	0	0	nan	0	0	0	0	0	0	nan	0	0	0	0.001724	0.000017	0.001724	0.000017	0.626453	0.006177
33	G	2516	6921003	6370641	0.000395	554	5119	6920846	0	0	0	nan	0	0	0	0	0	0	nan	0	0	0	0.000395	0.000008	0.000395	0.000008	nan	nan
34	A	22352	6933273	6750171	0.003311	554	5119	6933120	0	0	0	nan	0	0	0	0	0	0	nan	0	0	0	0.003311	0.000022	0.003311	0.000022	0.698376	0.004640
35	A	21067	6935950	6733356	0.003129	554	5119	6935786	0	0	0	nan	0	0	0	0	0	0	nan	0	0	0	0.003129	0.000022	0.003129	0.000022	0.659987	0.004640
36	U	2532	6936730	6686945	0.000379	554	5119	6936556	0	0	0	nan	0	0	0	0	0	0	nan	0	0	0	0.000379	0.000008	0.000379	0.000008	0.137718	0.002907
37	A	447821	6937180	6486118	0.069043	554	5119	6936982	0	0	0	nan	0	0	0	0	0	0	nan	0	0	0	0.069043	0.000103	0.069043	0.000103	14.562961	0.021725
38	G	6715	6937749	6418424	0.001046	561	5119	6937549	0	0	0	nan	0	0	0	0	0	0	nan	0	0	0	0.001046	0.000013	0.001046	0.000013	nan	nan
39	U	7099	6938135	6385260	0.001112	561	5119	6937923	0	0	0	nan	0	0	0	0	0	0	nan	0	0	0	0.001112	0.000013	0.001112	0.000013	0.404070	0.004724
40	G	9417	6938637	6472881	0.001455	562	5119	6938404	0	0	0	nan	0	0	0	0	0	0	nan	0	0	0	0.001455	0.000015	0.001455	0.000015	nan	nan
41	A	67913	6940913	6439240	0.010547	562	5119	6940673	0	0	0	nan	0	0	0	0	0	0	nan	0	0	0	0.010547	0.000040	0.010547	0.000040	2.224636	0.008437
42	U	12926	6941669	6398174	0.002020	563	5119	6941440	0	0	0	nan	0	0	0	0	0	0	nan	0	0	0	0.002020	0.000018	0.002020	0.000018	0.734012	0.006541
43	U	5258	6943538	6343616	0.000829	564	5118	6943301	0	0	0	nan	0	0	0	0	0	0	nan	0	0	0	0.000829	0.000011	0.000829	0.000011	0.301235	0.003997
44	C	12834	6946643	6350410	0.002021	563	5118	6946385	0	0	0	nan	0	0	0	0	0	0	nan	0	0	0	0.002021	0.000018	0.002021	0.000018	0.839460	0.007477
45	A	24377	6949341	6383273	0.003819	565	5118	6949059	0	0	0	nan	0	0	0	0	0	0	nan	0	0	0	0.003819	0.000024	0.003819	0.000024	0.805526	0.005062
46	G	4129	6951615	6253590	0.000660	563	5118	6951347	0	0	0	nan	0	0	0	0	0	0	nan	0	0	0	0.000660	0.000010	0.000660	0.000010	nan	nan
47	G	10995	6956083	6320156	0.001740	559	5118	6955816	0	0	0	nan	0	0	0	0	0	0	nan	0	0	0	0.001740	0.000017	0.001740	0.000017	nan	nan
48	A	9341	6963388	6203221	0.001506	559	5118	6963116	0	0	0	nan	0	0	0	0	0	0	nan	0	0	0	0.001506	0.000016	0.001506	0.000016	0.317655	0.003375
49	G	19037	6964767	6298722	0.003022	557	5118	6964501	0	0	0	nan	0	0	0	0	0	0	nan	0	0	0	0.003022	0.000022	0.003022	0.000022	nan	nan
50	G	3992	6975266	6144714	0.000650	556	5118	6975030	0	0	0	nan	0	0	0	0	0	0	nan	0	0	0	0.000650	0.000010	0.000650	0.000010	nan	nan
51	U	17281	6979090	6280097	0.002752	555	5118	6978894	0	0	0	nan	0	0	0	0	0	0	nan	0	0	0	0.002752	0.000021	0.002752	0.000021	1.000000	0.007631
52	U	15701	6985043	6279654	0.002500	556	5118	6984878	0	0	0	nan	0	0	0	0	0	0	nan	0	0	0	0.002500	0.000020	0.002500	0.000020	0.908430	0.007267
53	A	17204	6989429	6529335	0.002635	555	5118	6989287	0	0	0	nan	0	0	0	0	0	0	nan	0	0	0	0.002635	0.000020	0.002635	0.000020	0.555790	0.004219
54	A	31675	6992038	6680778	0.004741	554	5118	6991924	0	0	0	nan	0	0	0	0	0	0	nan	0	0	0	0.004741	0.000027	0.004741	0.000027	1.000000	0.005695
55	U	7565	6992937	6619834	0.001143	554	5118	6992853	0	0	0	nan	0	0	0	0	0	0	nan	0	0	0	0.001143	0.000013	0.001143	0.000013	0.415334	0.004724
56	G	5594	6993752	6414013	0.000872	553	5118	6993688	0	0	0	nan	0	0	0	0	0	0	nan	0	0	0	0.000872	0.000012	0.000872	0.000012	nan	nan
57	G	0	6994752	6437749	0.000000	553	5118	6994717	0	0	0	nan	0	0	0	0	0	0	nan	0	0	0	0.000000	0.000000	0.000000	0.000000	nan	nan
58	A	0	6996482	37	0.000000	552	5119	6996481	0	0	0	nan	0	0	0	0	0	0	nan	0	0	0	0.000000	0.000000	nan	nan	nan	nan
59	A	0	6996432	28	0.000000	552	5119	6996431	0	0	0	nan	0	0	0	0	0	0	nan	0	0	0	0.000000	0.000000	nan	nan	nan	nan
60	G	0	6996404	17	0.000000	551	5119	6996403	0	0	0	nan	0	0	0	0	0	0	nan	0	0	0	0.000000	0.000000	nan	nan	nan	nan
61	u	0	6996378	0	nan	548	5118	6996377	0	0	0	nan	0	0	0	0	0	0	nan	0	0	0	nan	nan	nan	nan	nan	nan
62	a	0	6996270	0	nan	538	5107	6996269	0	0	0	nan	0	0	0	0	0	0	nan	0	0	0	nan	nan	nan	nan	nan	nan
63	a	0	6996193	0	nan	530	5099	6996192	0	0	0	nan	0	0	0	0	0	0	nan	0	0	0	nan	nan	nan	nan	nan	nan
64	a	0	6996175	0	nan	505	5080	6996174	0	0	0	nan	0	0	0	0	0	0	nan	0	0	0	nan	nan	nan	nan	nan	nan
65	g	0	6996152	0	nan	440	4366	6996151	0	0	0	nan	0	0	0	0	0	0	nan	0	0	0	nan	nan	nan	nan	nan	nan
66	g	0	6996128	0	nan	354	4297	6996127	0	0	0	nan	0	0	0	0	0	0	nan	0	0	0	nan	nan	nan	nan	nan	nan
67	u	0	6996104	0	nan	330	4271	6996103	0	0	0	nan	0	0	0	0	0	0	nan	0	0	0	nan	nan	nan	nan	nan	nan
68	a	0	6996069	0	nan	323	3951	6996069	0	0	0	nan	0	0	0	0	0	0	nan	0	0	0	nan	nan	nan	nan	nan	nan
69	a	0	6996037	0	nan	316	3930	6996037	0	0	0	nan	0	0	0	0	0	0	nan	0	0	0	nan	nan	nan	nan	nan	nan
70	u	0	6996022	0	nan	311	3821	6996022	0	0	0	nan	0	0	0	0	0	0	nan	0	0	0	nan	nan	nan	nan	nan	nan
71	g	0	6995935	0	nan	309	3815	6995935	0	0	0	nan	0	0	0	0	0	0	nan	0	0	0	nan	nan	nan	nan	nan	nan
72	a	0	6995875	0	nan	306	3803	6995875	0	0	0	nan	0	0	0	0	0	0	nan	0	0	0	nan	nan	nan	nan	nan	nan
73	a	0	6995815	0	nan	306	3800	6995815	0	0	0	nan	0	0	0	0	0	0	nan	0	0	0	nan	nan	nan	nan	nan	nan
74	g	0	6995782	0	nan	306	3797	6995782	0	0	0	nan	0	0	0	0	0	0	nan	0	0	0	nan	nan	nan	nan	nan	nan
75	g	0	6995725	0	nan	306	3793	6995725	0	0	0	nan	0	0	0	0	0	0	nan	0	0	0	nan	nan	nan	nan	nan	nan
76	u	0	6995591	0	nan	306	3789	6995591	0	0	0	nan	0	0	0	0	0	0	nan	0	0	0	nan	nan	nan	nan	nan	nan
77	g	0	6995456	0	nan	305	3762	6995456	0	0	0	nan	0	0	0	0	0	0	nan	0	0	0	nan	nan	nan	nan	nan	nan
78	a	0	6995335	0	nan	305	3759	6995335	0	0	0	nan	0	0	0	0	0	0	nan	0	0	0	nan	nan	nan	nan	nan	nan
79	a	0	6990445	0	nan	300	3724	6990445	0	0	0	nan	0	0	0	0	0	0	nan	0	0	0	nan	nan	nan	nan	nan	nan
80	g	0	6987633	0	nan	300	3676	6987633	0	0	0	nan	0	0	0	0	0	0	nan	0	0	0	nan	nan	nan	nan	nan	nan