Nucleotide	Sequence	Modified_mutations	Modified_read_depth	Modified_effective_depth	Modified_rate	Modified_off_target_mapped_depth	Modified_low_mapq_mapped_depth	Modified_primer_pair_1_mapped_depth	Untreated_mutations	Untreated_read_depth	Untreated_effective_depth	Untreated_rate	Untreated_off_target_mapped_depth	Untreated_low_mapq_mapped_depth	Untreated_primer_pair_1_mapped_depth	Denatured_mutations	Denatured_read_depth	Denatured_effective_depth	Denatured_rate	Denatured_off_target_mapped_depth	Denatured_low_mapq_mapped_depth	Denatured_primer_pair_1_mapped_depth	Reactivity_profile	Std_err	HQ_profile	HQ_stderr	Norm_profile	Norm_stderr
1	g	0	61375	0	nan	5	1	61375	0	0	0	nan	0	0	0	0	0	0	nan	0	0	0	nan	nan	nan	nan	nan	nan
2	g	0	61416	0	nan	5	1	61416	0	0	0	nan	0	0	0	0	0	0	nan	0	0	0	nan	nan	nan	nan	nan	nan
3	u	0	61462	0	nan	5	1	61462	0	0	0	nan	0	0	0	0	0	0	nan	0	0	0	nan	nan	nan	nan	nan	nan
4	g	0	61497	0	nan	5	1	61497	0	0	0	nan	0	0	0	0	0	0	nan	0	0	0	nan	nan	nan	nan	nan	nan
5	u	0	61527	0	nan	5	1	61527	0	0	0	nan	0	0	0	0	0	0	nan	0	0	0	nan	nan	nan	nan	nan	nan
6	a	0	61568	0	nan	5	1	61568	0	0	0	nan	0	0	0	0	0	0	nan	0	0	0	nan	nan	nan	nan	nan	nan
7	a	0	61673	0	nan	5	1	61673	0	0	0	nan	0	0	0	0	0	0	nan	0	0	0	nan	nan	nan	nan	nan	nan
8	g	0	61934	0	nan	5	1	61934	0	0	0	nan	0	0	0	0	0	0	nan	0	0	0	nan	nan	nan	nan	nan	nan
9	g	0	64666	0	nan	5	1	64666	0	0	0	nan	0	0	0	0	0	0	nan	0	0	0	nan	nan	nan	nan	nan	nan
10	g	0	247923	0	nan	5	1	247923	0	0	0	nan	0	0	0	0	0	0	nan	0	0	0	nan	nan	nan	nan	nan	nan
11	u	0	263023	0	nan	5	1	263023	0	0	0	nan	0	0	0	0	0	0	nan	0	0	0	nan	nan	nan	nan	nan	nan
12	g	0	263875	0	nan	5	1	263875	0	0	0	nan	0	0	0	0	0	0	nan	0	0	0	nan	nan	nan	nan	nan	nan
13	a	0	263939	0	nan	5	1	263939	0	0	0	nan	0	0	0	0	0	0	nan	0	0	0	nan	nan	nan	nan	nan	nan
14	a	0	263977	0	nan	5	1	263977	0	0	0	nan	0	0	0	0	0	0	nan	0	0	0	nan	nan	nan	nan	nan	nan
15	g	0	264004	0	nan	10	1	264004	0	0	0	nan	0	0	0	0	0	0	nan	0	0	0	nan	nan	nan	nan	nan	nan
16	u	0	264015	0	nan	10	1	264015	0	0	0	nan	0	0	0	0	0	0	nan	0	0	0	nan	nan	nan	nan	nan	nan
17	g	0	264056	0	nan	10	1	264056	0	0	0	nan	0	0	0	0	0	0	nan	0	0	0	nan	nan	nan	nan	nan	nan
18	u	0	264064	0	nan	10	1	264064	0	0	0	nan	0	0	0	0	0	0	nan	0	0	0	nan	nan	nan	nan	nan	nan
19	a	0	264184	0	nan	10	1	264184	0	0	0	nan	0	0	0	0	0	0	nan	0	0	0	nan	nan	nan	nan	nan	nan
20	A	0	264251	22	0.000000	10	2	264251	0	0	0	nan	0	0	0	0	0	0	nan	0	0	0	0.000000	0.000000	nan	nan	nan	nan
21	G	0	264347	63	0.000000	10	2	264347	0	0	0	nan	0	0	0	0	0	0	nan	0	0	0	0.000000	0.000000	nan	nan	nan	nan
22	G	0	264377	61	0.000000	10	2	264377	0	0	0	nan	0	0	0	0	0	0	nan	0	0	0	0.000000	0.000000	nan	nan	nan	nan
23	U	0	264401	260948	0.000000	10	2	264401	0	0	0	nan	0	0	0	0	0	0	nan	0	0	0	0.000000	0.000000	0.000000	0.000000	nan	nan
24	U	396	264408	260686	0.001519	10	2	264408	0	0	0	nan	0	0	0	0	0	0	nan	0	0	0	0.001519	0.000076	0.001519	0.000076	nan	nan
25	G	324	264416	257684	0.001257	10	2	264416	0	0	0	nan	0	0	0	0	0	0	nan	0	0	0	0.001257	0.000070	0.001257	0.000070	nan	nan
26	A	10349	264419	251244	0.041191	10	1	264348	0	0	0	nan	0	0	0	0	0	0	nan	0	0	0	0.041191	0.000405	0.041191	0.000405	0.939769	0.009240
27	C	21880	264430	249495	0.087697	10	1	264346	0	0	0	nan	0	0	0	0	0	0	nan	0	0	0	0.087697	0.000593	0.087697	0.000593	1.196796	0.008093
28	C	9209	264446	252138	0.036524	10	1	264364	0	0	0	nan	0	0	0	0	0	0	nan	0	0	0	0.036524	0.000381	0.036524	0.000381	0.498441	0.005199
29	U	231	264600	257351	0.000898	10	1	264533	0	0	0	nan	0	0	0	0	0	0	nan	0	0	0	0.000898	0.000059	0.000898	0.000059	nan	nan
30	U	333	264651	258963	0.001286	10	1	264587	0	0	0	nan	0	0	0	0	0	0	nan	0	0	0	0.001286	0.000070	0.001286	0.000070	nan	nan
31	U	397	264679	259777	0.001528	10	1	264616	0	0	0	nan	0	0	0	0	0	0	nan	0	0	0	0.001528	0.000077	0.001528	0.000077	nan	nan
32	U	317	264728	260612	0.001216	10	1	264666	0	0	0	nan	0	0	0	0	0	0	nan	0	0	0	0.001216	0.000068	0.001216	0.000068	nan	nan
33	G	143	264770	257089	0.000556	10	1	264707	0	0	0	nan	0	0	0	0	0	0	nan	0	0	0	0.000556	0.000047	0.000556	0.000047	nan	nan
34	A	11227	264789	256143	0.043831	10	1	264728	0	0	0	nan	0	0	0	0	0	0	nan	0	0	0	0.043831	0.000414	0.043831	0.000414	1.000000	0.009445
35	A	9355	264801	255141	0.036666	10	1	264740	0	0	0	nan	0	0	0	0	0	0	nan	0	0	0	0.036666	0.000379	0.036666	0.000379	0.836531	0.008647
36	U	334	264821	254936	0.001310	10	2	264760	0	0	0	nan	0	0	0	0	0	0	nan	0	0	0	0.001310	0.000072	0.001310	0.000072	nan	nan
37	A	10338	264843	256263	0.040341	10	2	264784	0	0	0	nan	0	0	0	0	0	0	nan	0	0	0	0.040341	0.000397	0.040341	0.000397	0.920376	0.009058
38	G	286	264871	254710	0.001123	10	4	264816	0	0	0	nan	0	0	0	0	0	0	nan	0	0	0	0.001123	0.000066	0.001123	0.000066	nan	nan
39	U	397	264890	259337	0.001531	10	4	264836	0	0	0	nan	0	0	0	0	0	0	nan	0	0	0	0.001531	0.000077	0.001531	0.000077	nan	nan
40	G	428	264931	256377	0.001669	10	4	264880	0	0	0	nan	0	0	0	0	0	0	nan	0	0	0	0.001669	0.000081	0.001669	0.000081	nan	nan
41	A	11462	264960	257311	0.044545	10	6	264913	0	0	0	nan	0	0	0	0	0	0	nan	0	0	0	0.044545	0.000416	0.044545	0.000416	1.016290	0.009491
42	U	484	265023	256555	0.001887	9	6	264987	0	0	0	nan	0	0	0	0	0	0	nan	0	0	0	0.001887	0.000086	0.001887	0.000086	nan	nan
43	U	463	265060	256620	0.001804	9	6	265028	0	0	0	nan	0	0	0	0	0	0	nan	0	0	0	0.001804	0.000084	0.001804	0.000084	nan	nan
44	C	14963	265090	254229	0.058856	9	7	265061	0	0	0	nan	0	0	0	0	0	0	nan	0	0	0	0.058856	0.000481	0.058856	0.000481	0.803204	0.006564
45	A	11778	265129	255220	0.046148	9	8	265105	0	0	0	nan	0	0	0	0	0	0	nan	0	0	0	0.046148	0.000425	0.046148	0.000425	1.052862	0.009696
46	G	297	265186	256734	0.001157	9	8	265165	0	0	0	nan	0	0	0	0	0	0	nan	0	0	0	0.001157	0.000067	0.001157	0.000067	nan	nan
47	G	272	265203	256818	0.001059	9	8	265185	0	0	0	nan	0	0	0	0	0	0	nan	0	0	0	0.001059	0.000064	0.001059	0.000064	nan	nan
48	A	10713	265209	258169	0.041496	9	8	265192	0	0	0	nan	0	0	0	0	0	0	nan	0	0	0	0.041496	0.000401	0.041496	0.000401	0.946727	0.009149
49	G	367	265300	257636	0.001424	9	8	265293	0	0	0	nan	0	0	0	0	0	0	nan	0	0	0	0.001424	0.000074	0.001424	0.000074	nan	nan
50	G	314	265324	258938	0.001213	9	8	265318	0	0	0	nan	0	0	0	0	0	0	nan	0	0	0	0.001213	0.000068	0.001213	0.000068	nan	nan
51	U	311	265341	259960	0.001196	9	8	265339	0	0	0	nan	0	0	0	0	0	0	nan	0	0	0	0.001196	0.000068	0.001196	0.000068	nan	nan
52	U	410	265345	258556	0.001586	8	8	265344	0	0	0	nan	0	0	0	0	0	0	nan	0	0	0	0.001586	0.000078	0.001586	0.000078	nan	nan
53	A	10357	265348	258896	0.040004	8	8	265347	0	0	0	nan	0	0	0	0	0	0	nan	0	0	0	0.040004	0.000393	0.040004	0.000393	0.912687	0.008966
54	A	8041	265342	259787	0.030952	8	8	265340	0	0	0	nan	0	0	0	0	0	0	nan	0	0	0	0.030952	0.000345	0.030952	0.000345	0.706167	0.007871
55	U	479	265345	261216	0.001834	8	8	265344	0	0	0	nan	0	0	0	0	0	0	nan	0	0	0	0.001834	0.000084	0.001834	0.000084	nan	nan
56	G	412	265350	261811	0.001574	8	8	265349	0	0	0	nan	0	0	0	0	0	0	nan	0	0	0	0.001574	0.000078	0.001574	0.000078	nan	nan
57	G	0	265351	259931	0.000000	8	8	265351	0	0	0	nan	0	0	0	0	0	0	nan	0	0	0	0.000000	0.000000	0.000000	0.000000	nan	nan
58	A	0	265353	0	nan	8	8	265353	0	0	0	nan	0	0	0	0	0	0	nan	0	0	0	nan	nan	nan	nan	nan	nan
59	A	0	265353	0	nan	8	8	265353	0	0	0	nan	0	0	0	0	0	0	nan	0	0	0	nan	nan	nan	nan	nan	nan
60	G	0	265353	0	nan	8	8	265353	0	0	0	nan	0	0	0	0	0	0	nan	0	0	0	nan	nan	nan	nan	nan	nan
61	u	0	265353	0	nan	8	8	265353	0	0	0	nan	0	0	0	0	0	0	nan	0	0	0	nan	nan	nan	nan	nan	nan
62	a	0	265353	0	nan	8	8	265353	0	0	0	nan	0	0	0	0	0	0	nan	0	0	0	nan	nan	nan	nan	nan	nan
63	a	0	265353	0	nan	8	8	265353	0	0	0	nan	0	0	0	0	0	0	nan	0	0	0	nan	nan	nan	nan	nan	nan
64	a	0	265353	0	nan	8	8	265353	0	0	0	nan	0	0	0	0	0	0	nan	0	0	0	nan	nan	nan	nan	nan	nan
65	g	0	265353	0	nan	8	8	265353	0	0	0	nan	0	0	0	0	0	0	nan	0	0	0	nan	nan	nan	nan	nan	nan
66	g	0	265353	0	nan	8	8	265353	0	0	0	nan	0	0	0	0	0	0	nan	0	0	0	nan	nan	nan	nan	nan	nan
67	u	0	265353	0	nan	8	8	265353	0	0	0	nan	0	0	0	0	0	0	nan	0	0	0	nan	nan	nan	nan	nan	nan
68	a	0	265353	0	nan	5	8	265353	0	0	0	nan	0	0	0	0	0	0	nan	0	0	0	nan	nan	nan	nan	nan	nan
69	a	0	265353	0	nan	5	8	265353	0	0	0	nan	0	0	0	0	0	0	nan	0	0	0	nan	nan	nan	nan	nan	nan
70	u	0	265353	0	nan	5	8	265353	0	0	0	nan	0	0	0	0	0	0	nan	0	0	0	nan	nan	nan	nan	nan	nan
71	g	0	265352	0	nan	5	8	265352	0	0	0	nan	0	0	0	0	0	0	nan	0	0	0	nan	nan	nan	nan	nan	nan
72	a	0	265352	0	nan	5	8	265352	0	0	0	nan	0	0	0	0	0	0	nan	0	0	0	nan	nan	nan	nan	nan	nan
73	a	0	265352	0	nan	5	8	265352	0	0	0	nan	0	0	0	0	0	0	nan	0	0	0	nan	nan	nan	nan	nan	nan
74	g	0	265352	0	nan	5	8	265352	0	0	0	nan	0	0	0	0	0	0	nan	0	0	0	nan	nan	nan	nan	nan	nan
75	g	0	265351	0	nan	5	8	265351	0	0	0	nan	0	0	0	0	0	0	nan	0	0	0	nan	nan	nan	nan	nan	nan
76	u	0	265348	0	nan	5	8	265348	0	0	0	nan	0	0	0	0	0	0	nan	0	0	0	nan	nan	nan	nan	nan	nan
77	g	0	265339	0	nan	5	8	265339	0	0	0	nan	0	0	0	0	0	0	nan	0	0	0	nan	nan	nan	nan	nan	nan
78	a	0	265332	0	nan	5	8	265332	0	0	0	nan	0	0	0	0	0	0	nan	0	0	0	nan	nan	nan	nan	nan	nan
79	a	0	265270	0	nan	5	8	265270	0	0	0	nan	0	0	0	0	0	0	nan	0	0	0	nan	nan	nan	nan	nan	nan
80	g	0	265164	0	nan	5	7	265164	0	0	0	nan	0	0	0	0	0	0	nan	0	0	0	nan	nan	nan	nan	nan	nan