Nucleotide	Sequence	Modified_mutations	Modified_read_depth	Modified_effective_depth	Modified_rate	Modified_off_target_mapped_depth	Modified_low_mapq_mapped_depth	Modified_primer_pair_1_mapped_depth	Untreated_mutations	Untreated_read_depth	Untreated_effective_depth	Untreated_rate	Untreated_off_target_mapped_depth	Untreated_low_mapq_mapped_depth	Untreated_primer_pair_1_mapped_depth	Denatured_mutations	Denatured_read_depth	Denatured_effective_depth	Denatured_rate	Denatured_off_target_mapped_depth	Denatured_low_mapq_mapped_depth	Denatured_primer_pair_1_mapped_depth	Reactivity_profile	Std_err	HQ_profile	HQ_stderr	Norm_profile	Norm_stderr
1	g	0	169501	0	nan	14	2	169501	0	0	0	nan	0	0	0	0	0	0	nan	0	0	0	nan	nan	nan	nan	nan	nan
2	g	0	182304	0	nan	46	2	182304	0	0	0	nan	0	0	0	0	0	0	nan	0	0	0	nan	nan	nan	nan	nan	nan
3	c	0	182681	0	nan	46	2	182681	0	0	0	nan	0	0	0	0	0	0	nan	0	0	0	nan	nan	nan	nan	nan	nan
4	a	0	182773	0	nan	46	2	182773	0	0	0	nan	0	0	0	0	0	0	nan	0	0	0	nan	nan	nan	nan	nan	nan
5	c	0	182785	0	nan	46	2	182785	0	0	0	nan	0	0	0	0	0	0	nan	0	0	0	nan	nan	nan	nan	nan	nan
6	c	0	182788	0	nan	46	2	182788	0	0	0	nan	0	0	0	0	0	0	nan	0	0	0	nan	nan	nan	nan	nan	nan
7	u	0	182789	0	nan	46	2	182789	0	0	0	nan	0	0	0	0	0	0	nan	0	0	0	nan	nan	nan	nan	nan	nan
8	c	0	182803	0	nan	46	2	182803	0	0	0	nan	0	0	0	0	0	0	nan	0	0	0	nan	nan	nan	nan	nan	nan
9	a	0	182811	0	nan	46	2	182811	0	0	0	nan	0	0	0	0	0	0	nan	0	0	0	nan	nan	nan	nan	nan	nan
10	u	0	182828	0	nan	46	2	182828	0	0	0	nan	0	0	0	0	0	0	nan	0	0	0	nan	nan	nan	nan	nan	nan
11	a	0	182853	0	nan	46	2	182853	0	0	0	nan	0	0	0	0	0	0	nan	0	0	0	nan	nan	nan	nan	nan	nan
12	a	0	182868	0	nan	46	2	182868	0	0	0	nan	0	0	0	0	0	0	nan	0	0	0	nan	nan	nan	nan	nan	nan
13	c	0	182873	0	nan	46	2	182873	0	0	0	nan	0	0	0	0	0	0	nan	0	0	0	nan	nan	nan	nan	nan	nan
14	a	0	182876	0	nan	46	2	182876	0	0	0	nan	0	0	0	0	0	0	nan	0	0	0	nan	nan	nan	nan	nan	nan
15	u	0	182893	0	nan	46	2	182893	0	0	0	nan	0	0	0	0	0	0	nan	0	0	0	nan	nan	nan	nan	nan	nan
16	a	0	182895	0	nan	46	2	182895	0	0	0	nan	0	0	0	0	0	0	nan	0	0	0	nan	nan	nan	nan	nan	nan
17	a	0	182896	0	nan	46	2	182896	0	0	0	nan	0	0	0	0	0	0	nan	0	0	0	nan	nan	nan	nan	nan	nan
18	c	0	182905	0	nan	46	2	182905	0	0	0	nan	0	0	0	0	0	0	nan	0	0	0	nan	nan	nan	nan	nan	nan
19	U	0	182912	3	0.000000	46	2	182912	0	0	0	nan	0	0	0	0	0	0	nan	0	0	0	0.000000	0.000000	nan	nan	nan	nan
20	A	0	182929	12	0.000000	46	2	182929	0	0	0	nan	0	0	0	0	0	0	nan	0	0	0	0.000000	0.000000	nan	nan	nan	nan
21	A	0	182940	19	0.000000	46	2	182940	0	0	0	nan	0	0	0	0	0	0	nan	0	0	0	0.000000	0.000000	nan	nan	nan	nan
22	G	0	182949	179251	0.000000	46	2	182949	0	0	0	nan	0	0	0	0	0	0	nan	0	0	0	0.000000	0.000000	0.000000	0.000000	nan	nan
23	G	268	182952	175885	0.001524	46	2	182952	0	0	0	nan	0	0	0	0	0	0	nan	0	0	0	0.001524	0.000093	0.001524	0.000093	nan	nan
24	C	3537	182979	178617	0.019802	46	2	182979	0	0	0	nan	0	0	0	0	0	0	nan	0	0	0	0.019802	0.000333	0.019802	0.000333	1.000000	0.016816
25	A	1824	183046	180565	0.010102	46	2	183046	0	0	0	nan	0	0	0	0	0	0	nan	0	0	0	0.010102	0.000237	0.010102	0.000237	0.845444	0.019835
26	G	181	183059	180297	0.001004	46	2	183056	0	0	0	nan	0	0	0	0	0	0	nan	0	0	0	0.001004	0.000075	0.001004	0.000075	nan	nan
27	A	2214	183074	181118	0.012224	46	2	183070	0	0	0	nan	0	0	0	0	0	0	nan	0	0	0	0.012224	0.000260	0.012224	0.000260	1.023036	0.021760
28	U	1151	183086	180430	0.006379	46	2	183080	0	0	0	nan	0	0	0	0	0	0	nan	0	0	0	0.006379	0.000188	0.006379	0.000188	1.134347	0.033431
29	C	3480	183088	180646	0.019264	46	2	183079	0	0	0	nan	0	0	0	0	0	0	nan	0	0	0	0.019264	0.000327	0.019264	0.000327	0.972831	0.016513
30	U	731	183093	180642	0.004047	46	2	183081	0	0	0	nan	0	0	0	0	0	0	nan	0	0	0	0.004047	0.000150	0.004047	0.000150	0.719659	0.026674
31	G	220	183101	180219	0.001221	46	2	183083	0	0	0	nan	0	0	0	0	0	0	nan	0	0	0	0.001221	0.000082	0.001221	0.000082	nan	nan
32	A	2144	183103	180820	0.011857	46	2	183085	0	0	0	nan	0	0	0	0	0	0	nan	0	0	0	0.011857	0.000256	0.011857	0.000256	0.992321	0.021425
33	G	197	183103	177871	0.001108	45	2	183066	0	0	0	nan	0	0	0	0	0	0	nan	0	0	0	0.001108	0.000079	0.001108	0.000079	nan	nan
34	C	2766	183111	176949	0.015632	37	2	183050	0	0	0	nan	0	0	0	0	0	0	nan	0	0	0	0.015632	0.000297	0.015632	0.000297	0.789415	0.014998
35	U	1074	183123	176555	0.006083	37	2	183046	0	0	0	nan	0	0	0	0	0	0	nan	0	0	0	0.006083	0.000186	0.006083	0.000186	1.081711	0.033075
36	U	879	183125	176344	0.004985	37	2	183032	0	0	0	nan	0	0	0	0	0	0	nan	0	0	0	0.004985	0.000168	0.004985	0.000168	0.886459	0.029875
37	C	3483	183154	177238	0.019652	37	2	182915	0	0	0	nan	0	0	0	0	0	0	nan	0	0	0	0.019652	0.000333	0.019652	0.000333	0.992425	0.016816
38	G	214	183203	176911	0.001210	37	2	182973	0	0	0	nan	0	0	0	0	0	0	nan	0	0	0	0.001210	0.000083	0.001210	0.000083	nan	nan
39	G	251	183524	178400	0.001407	37	2	183406	0	0	0	nan	0	0	0	0	0	0	nan	0	0	0	0.001407	0.000089	0.001407	0.000089	nan	nan
40	C	1859	183681	181812	0.010225	24	2	183659	0	0	0	nan	0	0	0	0	0	0	nan	0	0	0	0.010225	0.000237	0.010225	0.000237	0.516362	0.011968
41	U	604	183696	181906	0.003320	23	2	183683	0	0	0	nan	0	0	0	0	0	0	nan	0	0	0	0.003320	0.000135	0.003320	0.000135	0.590380	0.024006
42	C	2451	183696	182207	0.013452	21	2	183690	0	0	0	nan	0	0	0	0	0	0	nan	0	0	0	0.013452	0.000272	0.013452	0.000272	0.679325	0.013736
43	U	941	183700	182220	0.005164	21	2	183694	0	0	0	nan	0	0	0	0	0	0	nan	0	0	0	0.005164	0.000168	0.005164	0.000168	0.918289	0.029875
44	C	3118	183702	182262	0.017107	19	2	183695	0	0	0	nan	0	0	0	0	0	0	nan	0	0	0	0.017107	0.000306	0.017107	0.000306	0.863903	0.015453
45	U	671	183701	182076	0.003685	19	2	183695	0	0	0	nan	0	0	0	0	0	0	nan	0	0	0	0.003685	0.000142	0.003685	0.000142	0.655286	0.025251
46	G	246	183698	179870	0.001368	19	2	183690	0	0	0	nan	0	0	0	0	0	0	nan	0	0	0	0.001368	0.000087	0.001368	0.000087	nan	nan
47	C	4100	183700	181226	0.022624	19	2	183692	0	0	0	nan	0	0	0	0	0	0	nan	0	0	0	0.022624	0.000353	0.022624	0.000353	1.142511	0.017826
48	C	4407	183704	181558	0.024273	19	2	183698	0	0	0	nan	0	0	0	0	0	0	nan	0	0	0	0.024273	0.000366	0.024273	0.000366	1.225785	0.018483
49	A	1960	183710	182215	0.010757	19	2	183710	0	0	0	nan	0	0	0	0	0	0	nan	0	0	0	0.010757	0.000243	0.010757	0.000243	0.900262	0.020337
50	A	0	183712	182654	0.000000	19	2	183712	0	0	0	nan	0	0	0	0	0	0	nan	0	0	0	0.000000	0.000000	0.000000	0.000000	0.000000	0.000000
51	U	0	183711	121	0.000000	17	2	183711	0	0	0	nan	0	0	0	0	0	0	nan	0	0	0	0.000000	0.000000	nan	nan	nan	nan
52	C	0	183711	112	0.000000	17	2	183711	0	0	0	nan	0	0	0	0	0	0	nan	0	0	0	0.000000	0.000000	nan	nan	nan	nan
53	C	0	183708	113	0.000000	17	2	183708	0	0	0	nan	0	0	0	0	0	0	nan	0	0	0	0.000000	0.000000	nan	nan	nan	nan
54	a	0	183569	0	nan	17	2	183569	0	0	0	nan	0	0	0	0	0	0	nan	0	0	0	nan	nan	nan	nan	nan	nan
55	c	0	183566	0	nan	17	2	183566	0	0	0	nan	0	0	0	0	0	0	nan	0	0	0	nan	nan	nan	nan	nan	nan
56	u	0	183560	0	nan	17	2	183560	0	0	0	nan	0	0	0	0	0	0	nan	0	0	0	nan	nan	nan	nan	nan	nan
57	a	0	183555	0	nan	17	2	183555	0	0	0	nan	0	0	0	0	0	0	nan	0	0	0	nan	nan	nan	nan	nan	nan
58	a	0	183555	0	nan	17	2	183555	0	0	0	nan	0	0	0	0	0	0	nan	0	0	0	nan	nan	nan	nan	nan	nan
59	c	0	183555	0	nan	9	2	183555	0	0	0	nan	0	0	0	0	0	0	nan	0	0	0	nan	nan	nan	nan	nan	nan
60	c	0	183555	0	nan	9	2	183555	0	0	0	nan	0	0	0	0	0	0	nan	0	0	0	nan	nan	nan	nan	nan	nan
61	u	0	183555	0	nan	0	2	183555	0	0	0	nan	0	0	0	0	0	0	nan	0	0	0	nan	nan	nan	nan	nan	nan
62	c	0	183555	0	nan	0	2	183555	0	0	0	nan	0	0	0	0	0	0	nan	0	0	0	nan	nan	nan	nan	nan	nan
63	a	0	183555	0	nan	0	2	183555	0	0	0	nan	0	0	0	0	0	0	nan	0	0	0	nan	nan	nan	nan	nan	nan
64	c	0	183552	0	nan	0	2	183552	0	0	0	nan	0	0	0	0	0	0	nan	0	0	0	nan	nan	nan	nan	nan	nan
65	u	0	183551	0	nan	0	2	183551	0	0	0	nan	0	0	0	0	0	0	nan	0	0	0	nan	nan	nan	nan	nan	nan
66	c	0	183551	0	nan	0	2	183551	0	0	0	nan	0	0	0	0	0	0	nan	0	0	0	nan	nan	nan	nan	nan	nan
67	a	0	183551	0	nan	0	2	183551	0	0	0	nan	0	0	0	0	0	0	nan	0	0	0	nan	nan	nan	nan	nan	nan
68	c	0	183543	0	nan	0	2	183543	0	0	0	nan	0	0	0	0	0	0	nan	0	0	0	nan	nan	nan	nan	nan	nan
69	a	0	183541	0	nan	0	2	183541	0	0	0	nan	0	0	0	0	0	0	nan	0	0	0	nan	nan	nan	nan	nan	nan
70	a	0	183490	0	nan	0	2	183490	0	0	0	nan	0	0	0	0	0	0	nan	0	0	0	nan	nan	nan	nan	nan	nan
71	u	0	183384	0	nan	0	2	183384	0	0	0	nan	0	0	0	0	0	0	nan	0	0	0	nan	nan	nan	nan	nan	nan
72	c	0	183129	0	nan	0	2	183129	0	0	0	nan	0	0	0	0	0	0	nan	0	0	0	nan	nan	nan	nan	nan	nan