Nucleotide	Sequence	Modified_mutations	Modified_read_depth	Modified_effective_depth	Modified_rate	Modified_off_target_mapped_depth	Modified_low_mapq_mapped_depth	Modified_primer_pair_1_mapped_depth	Untreated_mutations	Untreated_read_depth	Untreated_effective_depth	Untreated_rate	Untreated_off_target_mapped_depth	Untreated_low_mapq_mapped_depth	Untreated_primer_pair_1_mapped_depth	Denatured_mutations	Denatured_read_depth	Denatured_effective_depth	Denatured_rate	Denatured_off_target_mapped_depth	Denatured_low_mapq_mapped_depth	Denatured_primer_pair_1_mapped_depth	Reactivity_profile	Std_err	HQ_profile	HQ_stderr	Norm_profile	Norm_stderr
1	g	0	37009	0	nan	4	0	37009	0	0	0	nan	0	0	0	0	0	0	nan	0	0	0	nan	nan	nan	nan	nan	nan
2	g	0	37047	0	nan	4	0	37047	0	0	0	nan	0	0	0	0	0	0	nan	0	0	0	nan	nan	nan	nan	nan	nan
3	u	0	37061	0	nan	4	0	37061	0	0	0	nan	0	0	0	0	0	0	nan	0	0	0	nan	nan	nan	nan	nan	nan
4	g	0	37080	0	nan	4	0	37080	0	0	0	nan	0	0	0	0	0	0	nan	0	0	0	nan	nan	nan	nan	nan	nan
5	u	0	37105	0	nan	4	0	37105	0	0	0	nan	0	0	0	0	0	0	nan	0	0	0	nan	nan	nan	nan	nan	nan
6	a	0	37138	0	nan	4	0	37138	0	0	0	nan	0	0	0	0	0	0	nan	0	0	0	nan	nan	nan	nan	nan	nan
7	a	0	37267	0	nan	4	0	37267	0	0	0	nan	0	0	0	0	0	0	nan	0	0	0	nan	nan	nan	nan	nan	nan
8	g	0	37529	0	nan	4	0	37529	0	0	0	nan	0	0	0	0	0	0	nan	0	0	0	nan	nan	nan	nan	nan	nan
9	g	0	39761	0	nan	4	0	39761	0	0	0	nan	0	0	0	0	0	0	nan	0	0	0	nan	nan	nan	nan	nan	nan
10	g	0	229338	0	nan	4	0	229338	0	0	0	nan	0	0	0	0	0	0	nan	0	0	0	nan	nan	nan	nan	nan	nan
11	u	0	237745	0	nan	4	0	237745	0	0	0	nan	0	0	0	0	0	0	nan	0	0	0	nan	nan	nan	nan	nan	nan
12	g	0	238032	0	nan	4	0	238032	0	0	0	nan	0	0	0	0	0	0	nan	0	0	0	nan	nan	nan	nan	nan	nan
13	a	0	238062	0	nan	4	0	238062	0	0	0	nan	0	0	0	0	0	0	nan	0	0	0	nan	nan	nan	nan	nan	nan
14	a	0	238072	0	nan	4	0	238072	0	0	0	nan	0	0	0	0	0	0	nan	0	0	0	nan	nan	nan	nan	nan	nan
15	g	0	238112	0	nan	15	0	238112	0	0	0	nan	0	0	0	0	0	0	nan	0	0	0	nan	nan	nan	nan	nan	nan
16	u	0	238127	0	nan	15	0	238127	0	0	0	nan	0	0	0	0	0	0	nan	0	0	0	nan	nan	nan	nan	nan	nan
17	g	0	238143	0	nan	15	0	238143	0	0	0	nan	0	0	0	0	0	0	nan	0	0	0	nan	nan	nan	nan	nan	nan
18	u	0	238150	0	nan	15	0	238150	0	0	0	nan	0	0	0	0	0	0	nan	0	0	0	nan	nan	nan	nan	nan	nan
19	a	0	238247	0	nan	15	0	238247	0	0	0	nan	0	0	0	0	0	0	nan	0	0	0	nan	nan	nan	nan	nan	nan
20	A	0	238285	9	0.000000	15	0	238285	0	0	0	nan	0	0	0	0	0	0	nan	0	0	0	0.000000	0.000000	nan	nan	nan	nan
21	G	0	238353	33	0.000000	15	0	238353	0	0	0	nan	0	0	0	0	0	0	nan	0	0	0	0.000000	0.000000	nan	nan	nan	nan
22	G	0	238370	35	0.000000	15	0	238370	0	0	0	nan	0	0	0	0	0	0	nan	0	0	0	0.000000	0.000000	nan	nan	nan	nan
23	U	0	238381	228585	0.000000	15	0	238381	0	0	0	nan	0	0	0	0	0	0	nan	0	0	0	0.000000	0.000000	0.000000	0.000000	nan	nan
24	U	204	238396	234834	0.000869	15	0	238396	0	0	0	nan	0	0	0	0	0	0	nan	0	0	0	0.000869	0.000061	0.000869	0.000061	nan	nan
25	G	197	238411	233905	0.000842	15	0	238411	0	0	0	nan	0	0	0	0	0	0	nan	0	0	0	0.000842	0.000060	0.000842	0.000060	nan	nan
26	A	8130	238421	232071	0.035032	15	0	238421	0	0	0	nan	0	0	0	0	0	0	nan	0	0	0	0.035032	0.000389	0.035032	0.000389	1.013767	0.011257
27	A	9123	238429	230284	0.039616	15	0	238429	0	0	0	nan	0	0	0	0	0	0	nan	0	0	0	0.039616	0.000415	0.039616	0.000415	1.146421	0.012009
28	C	10214	238433	229121	0.044579	15	0	238433	0	0	0	nan	0	0	0	0	0	0	nan	0	0	0	0.044579	0.000441	0.044579	0.000441	1.102513	0.010907
29	U	176	238454	231296	0.000761	15	0	238454	0	0	0	nan	0	0	0	0	0	0	nan	0	0	0	0.000761	0.000057	0.000761	0.000057	nan	nan
30	U	141	238480	232207	0.000607	13	0	238475	0	0	0	nan	0	0	0	0	0	0	nan	0	0	0	0.000607	0.000051	0.000607	0.000051	nan	nan
31	U	180	238512	233438	0.000771	13	0	238506	0	0	0	nan	0	0	0	0	0	0	nan	0	0	0	0.000771	0.000057	0.000771	0.000057	nan	nan
32	U	214	238551	234618	0.000912	13	0	238545	0	0	0	nan	0	0	0	0	0	0	nan	0	0	0	0.000912	0.000062	0.000912	0.000062	nan	nan
33	G	280	238610	233879	0.001197	13	0	238604	0	0	0	nan	0	0	0	0	0	0	nan	0	0	0	0.001197	0.000072	0.001197	0.000072	nan	nan
34	A	6926	238626	233286	0.029689	13	0	238620	0	0	0	nan	0	0	0	0	0	0	nan	0	0	0	0.029689	0.000357	0.029689	0.000357	0.859150	0.010331
35	A	6139	238631	231676	0.026498	13	0	238625	0	0	0	nan	0	0	0	0	0	0	nan	0	0	0	0.026498	0.000338	0.026498	0.000338	0.766808	0.009781
36	U	179	238636	231161	0.000774	13	0	238629	0	0	0	nan	0	0	0	0	0	0	nan	0	0	0	0.000774	0.000058	0.000774	0.000058	nan	nan
37	A	10899	238639	232242	0.046929	13	0	238631	0	0	0	nan	0	0	0	0	0	0	nan	0	0	0	0.046929	0.000450	0.046929	0.000450	1.358047	0.013022
38	G	286	238662	232172	0.001232	13	0	238655	0	0	0	nan	0	0	0	0	0	0	nan	0	0	0	0.001232	0.000073	0.001232	0.000073	nan	nan
39	U	267	238674	235063	0.001136	13	0	238668	0	0	0	nan	0	0	0	0	0	0	nan	0	0	0	0.001136	0.000070	0.001136	0.000070	nan	nan
40	G	376	238702	232924	0.001614	13	0	238696	0	0	0	nan	0	0	0	0	0	0	nan	0	0	0	0.001614	0.000083	0.001614	0.000083	nan	nan
41	A	7609	238731	233260	0.032620	13	0	238725	0	0	0	nan	0	0	0	0	0	0	nan	0	0	0	0.032620	0.000374	0.032620	0.000374	0.943968	0.010823
42	U	217	238777	231681	0.000937	13	0	238771	0	0	0	nan	0	0	0	0	0	0	nan	0	0	0	0.000937	0.000064	0.000937	0.000064	nan	nan
43	U	168	238803	231977	0.000724	13	0	238797	0	0	0	nan	0	0	0	0	0	0	nan	0	0	0	0.000724	0.000056	0.000724	0.000056	nan	nan
44	C	6466	238828	230933	0.027999	13	0	238823	0	0	0	nan	0	0	0	0	0	0	nan	0	0	0	0.027999	0.000348	0.027999	0.000348	0.692462	0.008607
45	A	7155	238860	232630	0.030757	13	1	238855	0	0	0	nan	0	0	0	0	0	0	nan	0	0	0	0.030757	0.000364	0.030757	0.000364	0.890056	0.010534
46	G	241	238909	233967	0.001030	13	1	238904	0	0	0	nan	0	0	0	0	0	0	nan	0	0	0	0.001030	0.000066	0.001030	0.000066	nan	nan
47	G	232	238925	233575	0.000993	13	1	238920	0	0	0	nan	0	0	0	0	0	0	nan	0	0	0	0.000993	0.000065	0.000993	0.000065	nan	nan
48	A	5993	238933	228776	0.026196	13	1	238927	0	0	0	nan	0	0	0	0	0	0	nan	0	0	0	0.026196	0.000338	0.026196	0.000338	0.758068	0.009781
49	G	272	239026	228580	0.001190	13	1	239022	0	0	0	nan	0	0	0	0	0	0	nan	0	0	0	0.001190	0.000072	0.001190	0.000072	nan	nan
50	G	459	239049	229749	0.001998	13	1	239045	0	0	0	nan	0	0	0	0	0	0	nan	0	0	0	0.001998	0.000093	0.001998	0.000093	nan	nan
51	U	137	239057	229540	0.000597	13	1	239055	0	0	0	nan	0	0	0	0	0	0	nan	0	0	0	0.000597	0.000051	0.000597	0.000051	nan	nan
52	U	204	239065	233215	0.000875	13	1	239061	0	0	0	nan	0	0	0	0	0	0	nan	0	0	0	0.000875	0.000061	0.000875	0.000061	nan	nan
53	A	7714	239067	232850	0.033129	12	1	239064	0	0	0	nan	0	0	0	0	0	0	nan	0	0	0	0.033129	0.000377	0.033129	0.000377	0.958698	0.010910
54	A	6249	239059	233831	0.026724	12	1	239057	0	0	0	nan	0	0	0	0	0	0	nan	0	0	0	0.026724	0.000338	0.026724	0.000338	0.773348	0.009781
55	U	246	239069	235307	0.001045	12	1	239067	0	0	0	nan	0	0	0	0	0	0	nan	0	0	0	0.001045	0.000067	0.001045	0.000067	nan	nan
56	G	306	239076	236156	0.001296	12	1	239074	0	0	0	nan	0	0	0	0	0	0	nan	0	0	0	0.001296	0.000074	0.001296	0.000074	nan	nan
57	G	0	239084	234584	0.000000	11	1	239082	0	0	0	nan	0	0	0	0	0	0	nan	0	0	0	0.000000	0.000000	0.000000	0.000000	nan	nan
58	A	0	239084	0	nan	11	1	239084	0	0	0	nan	0	0	0	0	0	0	nan	0	0	0	nan	nan	nan	nan	nan	nan
59	A	0	239084	0	nan	11	1	239084	0	0	0	nan	0	0	0	0	0	0	nan	0	0	0	nan	nan	nan	nan	nan	nan
60	G	0	239084	0	nan	11	1	239084	0	0	0	nan	0	0	0	0	0	0	nan	0	0	0	nan	nan	nan	nan	nan	nan
61	u	0	239084	0	nan	11	1	239084	0	0	0	nan	0	0	0	0	0	0	nan	0	0	0	nan	nan	nan	nan	nan	nan
62	a	0	239084	0	nan	11	1	239084	0	0	0	nan	0	0	0	0	0	0	nan	0	0	0	nan	nan	nan	nan	nan	nan
63	a	0	239084	0	nan	11	1	239084	0	0	0	nan	0	0	0	0	0	0	nan	0	0	0	nan	nan	nan	nan	nan	nan
64	a	0	239084	0	nan	11	1	239084	0	0	0	nan	0	0	0	0	0	0	nan	0	0	0	nan	nan	nan	nan	nan	nan
65	g	0	239084	0	nan	11	1	239084	0	0	0	nan	0	0	0	0	0	0	nan	0	0	0	nan	nan	nan	nan	nan	nan
66	g	0	239084	0	nan	11	1	239084	0	0	0	nan	0	0	0	0	0	0	nan	0	0	0	nan	nan	nan	nan	nan	nan
67	u	0	239084	0	nan	11	1	239084	0	0	0	nan	0	0	0	0	0	0	nan	0	0	0	nan	nan	nan	nan	nan	nan
68	a	0	239084	0	nan	11	1	239084	0	0	0	nan	0	0	0	0	0	0	nan	0	0	0	nan	nan	nan	nan	nan	nan
69	a	0	239084	0	nan	11	1	239084	0	0	0	nan	0	0	0	0	0	0	nan	0	0	0	nan	nan	nan	nan	nan	nan
70	u	0	239084	0	nan	11	1	239084	0	0	0	nan	0	0	0	0	0	0	nan	0	0	0	nan	nan	nan	nan	nan	nan
71	g	0	239084	0	nan	11	1	239084	0	0	0	nan	0	0	0	0	0	0	nan	0	0	0	nan	nan	nan	nan	nan	nan
72	a	0	239084	0	nan	11	1	239084	0	0	0	nan	0	0	0	0	0	0	nan	0	0	0	nan	nan	nan	nan	nan	nan
73	a	0	239084	0	nan	11	1	239084	0	0	0	nan	0	0	0	0	0	0	nan	0	0	0	nan	nan	nan	nan	nan	nan
74	g	0	239084	0	nan	11	1	239084	0	0	0	nan	0	0	0	0	0	0	nan	0	0	0	nan	nan	nan	nan	nan	nan
75	g	0	239082	0	nan	11	1	239082	0	0	0	nan	0	0	0	0	0	0	nan	0	0	0	nan	nan	nan	nan	nan	nan
76	u	0	239077	0	nan	11	1	239077	0	0	0	nan	0	0	0	0	0	0	nan	0	0	0	nan	nan	nan	nan	nan	nan
77	g	0	239073	0	nan	11	1	239073	0	0	0	nan	0	0	0	0	0	0	nan	0	0	0	nan	nan	nan	nan	nan	nan
78	a	0	239060	0	nan	11	1	239060	0	0	0	nan	0	0	0	0	0	0	nan	0	0	0	nan	nan	nan	nan	nan	nan
79	a	0	239029	0	nan	11	1	239029	0	0	0	nan	0	0	0	0	0	0	nan	0	0	0	nan	nan	nan	nan	nan	nan
80	g	0	238900	0	nan	11	1	238900	0	0	0	nan	0	0	0	0	0	0	nan	0	0	0	nan	nan	nan	nan	nan	nan