Nucleotide	Sequence	Modified_mutations	Modified_read_depth	Modified_effective_depth	Modified_rate	Modified_off_target_mapped_depth	Modified_low_mapq_mapped_depth	Modified_primer_pair_1_mapped_depth	Untreated_mutations	Untreated_read_depth	Untreated_effective_depth	Untreated_rate	Untreated_off_target_mapped_depth	Untreated_low_mapq_mapped_depth	Untreated_primer_pair_1_mapped_depth	Denatured_mutations	Denatured_read_depth	Denatured_effective_depth	Denatured_rate	Denatured_off_target_mapped_depth	Denatured_low_mapq_mapped_depth	Denatured_primer_pair_1_mapped_depth	Reactivity_profile	Std_err	HQ_profile	HQ_stderr	Norm_profile	Norm_stderr
1	g	0	45910	0	nan	13	0	45910	0	0	0	nan	0	0	0	0	0	0	nan	0	0	0	nan	nan	nan	nan	nan	nan
2	g	0	45952	0	nan	13	0	45952	0	0	0	nan	0	0	0	0	0	0	nan	0	0	0	nan	nan	nan	nan	nan	nan
3	a	0	45970	0	nan	13	0	45970	0	0	0	nan	0	0	0	0	0	0	nan	0	0	0	nan	nan	nan	nan	nan	nan
4	u	0	45972	0	nan	13	0	45972	0	0	0	nan	0	0	0	0	0	0	nan	0	0	0	nan	nan	nan	nan	nan	nan
5	a	0	45972	0	nan	13	0	45972	0	0	0	nan	0	0	0	0	0	0	nan	0	0	0	nan	nan	nan	nan	nan	nan
6	a	0	45972	0	nan	13	0	45972	0	0	0	nan	0	0	0	0	0	0	nan	0	0	0	nan	nan	nan	nan	nan	nan
7	u	0	45972	0	nan	13	0	45972	0	0	0	nan	0	0	0	0	0	0	nan	0	0	0	nan	nan	nan	nan	nan	nan
8	c	0	45972	0	nan	13	0	45972	0	0	0	nan	0	0	0	0	0	0	nan	0	0	0	nan	nan	nan	nan	nan	nan
9	c	0	45972	0	nan	13	0	45972	0	0	0	nan	0	0	0	0	0	0	nan	0	0	0	nan	nan	nan	nan	nan	nan
10	a	0	45972	0	nan	13	0	45972	0	0	0	nan	0	0	0	0	0	0	nan	0	0	0	nan	nan	nan	nan	nan	nan
11	a	0	45972	0	nan	13	0	45972	0	0	0	nan	0	0	0	0	0	0	nan	0	0	0	nan	nan	nan	nan	nan	nan
12	a	0	45972	0	nan	13	0	45972	0	0	0	nan	0	0	0	0	0	0	nan	0	0	0	nan	nan	nan	nan	nan	nan
13	a	0	45972	0	nan	13	0	45972	0	0	0	nan	0	0	0	0	0	0	nan	0	0	0	nan	nan	nan	nan	nan	nan
14	c	0	45972	0	nan	13	0	45972	0	0	0	nan	0	0	0	0	0	0	nan	0	0	0	nan	nan	nan	nan	nan	nan
15	a	0	45972	0	nan	13	0	45972	0	0	0	nan	0	0	0	0	0	0	nan	0	0	0	nan	nan	nan	nan	nan	nan
16	a	0	45972	0	nan	13	0	45972	0	0	0	nan	0	0	0	0	0	0	nan	0	0	0	nan	nan	nan	nan	nan	nan
17	c	0	45972	0	nan	13	0	45972	0	0	0	nan	0	0	0	0	0	0	nan	0	0	0	nan	nan	nan	nan	nan	nan
18	a	0	45972	0	nan	13	0	45972	0	0	0	nan	0	0	0	0	0	0	nan	0	0	0	nan	nan	nan	nan	nan	nan
19	a	0	45972	0	nan	13	0	45972	0	0	0	nan	0	0	0	0	0	0	nan	0	0	0	nan	nan	nan	nan	nan	nan
20	c	0	45972	0	nan	13	0	45972	0	0	0	nan	0	0	0	0	0	0	nan	0	0	0	nan	nan	nan	nan	nan	nan
21	c	0	45972	0	nan	13	0	45972	0	0	0	nan	0	0	0	0	0	0	nan	0	0	0	nan	nan	nan	nan	nan	nan
22	A	0	45972	0	nan	13	0	45972	0	0	0	nan	0	0	0	0	0	0	nan	0	0	0	nan	nan	nan	nan	nan	nan
23	A	0	45972	0	nan	13	0	45972	0	0	0	nan	0	0	0	0	0	0	nan	0	0	0	nan	nan	nan	nan	nan	nan
24	A	0	45972	0	nan	13	0	45972	0	0	0	nan	0	0	0	0	0	0	nan	0	0	0	nan	nan	nan	nan	nan	nan
25	G	0	45972	38276	0.000000	13	0	45972	0	0	0	nan	0	0	0	0	0	0	nan	0	0	0	0.000000	0.000000	0.000000	0.000000	nan	nan
26	G	32	45972	34062	0.000939	13	0	45969	0	0	0	nan	0	0	0	0	0	0	nan	0	0	0	0.000939	0.000166	0.000939	0.000166	nan	nan
27	A	836	45972	33597	0.024883	13	0	45966	0	0	0	nan	0	0	0	0	0	0	nan	0	0	0	0.024883	0.000861	0.024883	0.000861	0.779250	0.026964
28	A	607	45972	33027	0.018379	13	0	45965	0	0	0	nan	0	0	0	0	0	0	nan	0	0	0	0.018379	0.000746	0.018379	0.000746	0.575567	0.023362
29	U	110	45972	40511	0.002715	13	0	45963	0	0	0	nan	0	0	0	0	0	0	nan	0	0	0	0.002715	0.000259	0.002715	0.000259	1.025689	0.097847
30	U	98	45972	41704	0.002350	13	0	45952	0	0	0	nan	0	0	0	0	0	0	nan	0	0	0	0.002350	0.000237	0.002350	0.000237	0.887798	0.089535
31	G	19	45972	42639	0.000446	13	0	45946	0	0	0	nan	0	0	0	0	0	0	nan	0	0	0	0.000446	0.000102	0.000446	0.000102	nan	nan
32	C	677	45972	43061	0.015722	13	0	45943	0	0	0	nan	0	0	0	0	0	0	nan	0	0	0	0.015722	0.000604	0.015722	0.000604	0.750543	0.028834
33	G	24	45972	42496	0.000565	13	0	45935	0	0	0	nan	0	0	0	0	0	0	nan	0	0	0	0.000565	0.000115	0.000565	0.000115	nan	nan
34	G	6	45972	42574	0.000141	13	0	45923	0	0	0	nan	0	0	0	0	0	0	nan	0	0	0	0.000141	0.000058	0.000141	0.000058	nan	nan
35	G	18	45972	37644	0.000478	13	0	45910	0	0	0	nan	0	0	0	0	0	0	nan	0	0	0	0.000478	0.000113	0.000478	0.000113	nan	nan
36	A	459	45973	35289	0.013007	13	0	45900	0	0	0	nan	0	0	0	0	0	0	nan	0	0	0	0.013007	0.000607	0.013007	0.000607	0.407334	0.019009
37	A	1129	45973	33690	0.033511	13	0	45892	0	0	0	nan	0	0	0	0	0	0	nan	0	0	0	0.033511	0.000997	0.033511	0.000997	1.049449	0.031223
38	A	1313	45973	37687	0.034840	13	0	45887	0	0	0	nan	0	0	0	0	0	0	nan	0	0	0	0.034840	0.000961	0.034840	0.000961	1.091069	0.030095
39	G	23	45974	40319	0.000570	13	0	45885	0	0	0	nan	0	0	0	0	0	0	nan	0	0	0	0.000570	0.000119	0.000570	0.000119	nan	nan
40	G	18	45974	41660	0.000432	13	0	45883	0	0	0	nan	0	0	0	0	0	0	nan	0	0	0	0.000432	0.000102	0.000432	0.000102	nan	nan
41	G	32	45974	41570	0.000770	13	0	45879	0	0	0	nan	0	0	0	0	0	0	nan	0	0	0	0.000770	0.000136	0.000770	0.000136	nan	nan
42	G	22	45975	42173	0.000522	13	0	45872	0	0	0	nan	0	0	0	0	0	0	nan	0	0	0	0.000522	0.000111	0.000522	0.000111	nan	nan
43	U	42	45974	42750	0.000982	13	0	45867	0	0	0	nan	0	0	0	0	0	0	nan	0	0	0	0.000982	0.000152	0.000982	0.000152	0.370986	0.057423
44	C	328	45974	39131	0.008382	13	0	45858	0	0	0	nan	0	0	0	0	0	0	nan	0	0	0	0.008382	0.000463	0.008382	0.000463	0.400143	0.022103
45	A	732	45974	36353	0.020136	13	0	45844	0	0	0	nan	0	0	0	0	0	0	nan	0	0	0	0.020136	0.000744	0.020136	0.000744	0.630590	0.023300
46	A	885	45974	36654	0.024145	13	0	45838	0	0	0	nan	0	0	0	0	0	0	nan	0	0	0	0.024145	0.000812	0.024145	0.000812	0.756138	0.025429
47	C	2363	45974	39024	0.060552	13	0	45834	0	0	0	nan	0	0	0	0	0	0	nan	0	0	0	0.060552	0.001246	0.060552	0.001246	2.890655	0.059482
48	A	1503	45974	41895	0.035875	13	0	45829	0	0	0	nan	0	0	0	0	0	0	nan	0	0	0	0.035875	0.000925	0.035875	0.000925	1.123481	0.028968
49	G	28	45974	41720	0.000671	13	0	45823	0	0	0	nan	0	0	0	0	0	0	nan	0	0	0	0.000671	0.000127	0.000671	0.000127	nan	nan
50	C	117	45974	40422	0.002894	13	0	45822	0	0	0	nan	0	0	0	0	0	0	nan	0	0	0	0.002894	0.000268	0.002894	0.000268	0.138155	0.012794
51	C	82	45974	40239	0.002038	13	0	45818	0	0	0	nan	0	0	0	0	0	0	nan	0	0	0	0.002038	0.000225	0.002038	0.000225	0.097291	0.010741
52	G	33	45973	38765	0.000851	13	0	45817	0	0	0	nan	0	0	0	0	0	0	nan	0	0	0	0.000851	0.000148	0.000851	0.000148	nan	nan
53	U	125	45974	41023	0.003047	13	0	45817	0	0	0	nan	0	0	0	0	0	0	nan	0	0	0	0.003047	0.000273	0.003047	0.000273	1.151114	0.103136
54	U	97	45974	40428	0.002399	13	0	45809	0	0	0	nan	0	0	0	0	0	0	nan	0	0	0	0.002399	0.000244	0.002399	0.000244	0.906309	0.092180
55	C	233	45974	42003	0.005547	13	0	45806	0	0	0	nan	0	0	0	0	0	0	nan	0	0	0	0.005547	0.000363	0.005547	0.000363	0.264805	0.017329
56	A	313	45974	42107	0.007433	13	0	45796	0	0	0	nan	0	0	0	0	0	0	nan	0	0	0	0.007433	0.000420	0.007433	0.000420	0.232776	0.013153
57	G	55	45974	42803	0.001285	13	0	45796	0	0	0	nan	0	0	0	0	0	0	nan	0	0	0	0.001285	0.000173	0.001285	0.000173	nan	nan
58	U	38	45974	42620	0.000892	13	0	45795	0	0	0	nan	0	0	0	0	0	0	nan	0	0	0	0.000892	0.000145	0.000892	0.000145	0.336985	0.054779
59	A	396	45978	42240	0.009375	13	0	45797	0	0	0	nan	0	0	0	0	0	0	nan	0	0	0	0.009375	0.000471	0.009375	0.000471	0.293593	0.014750
60	C	110	45979	42417	0.002593	13	0	45798	0	0	0	nan	0	0	0	0	0	0	nan	0	0	0	0.002593	0.000247	0.002593	0.000247	0.123786	0.011791
61	C	108	45979	42588	0.002536	13	0	45798	0	0	0	nan	0	0	0	0	0	0	nan	0	0	0	0.002536	0.000244	0.002536	0.000244	0.121065	0.011648
62	A	1292	45979	41882	0.030849	13	0	45798	0	0	0	nan	0	0	0	0	0	0	nan	0	0	0	0.030849	0.000858	0.030849	0.000858	0.966084	0.026870
63	A	1178	45979	42072	0.028000	13	0	45797	0	0	0	nan	0	0	0	0	0	0	nan	0	0	0	0.028000	0.000816	0.028000	0.000816	0.876863	0.025554
64	G	39	45979	42685	0.000914	13	0	45792	0	0	0	nan	0	0	0	0	0	0	nan	0	0	0	0.000914	0.000146	0.000914	0.000146	nan	nan
65	U	34	45979	39692	0.000857	13	0	45787	0	0	0	nan	0	0	0	0	0	0	nan	0	0	0	0.000857	0.000147	0.000857	0.000147	0.323763	0.055535
66	C	44	45990	40000	0.001100	13	0	45792	0	0	0	nan	0	0	0	0	0	0	nan	0	0	0	0.001100	0.000166	0.001100	0.000166	0.052512	0.007925
67	U	33	46648	40444	0.000816	13	0	46614	0	0	0	nan	0	0	0	0	0	0	nan	0	0	0	0.000816	0.000142	0.000816	0.000142	0.308274	0.053646
68	C	90	46671	44922	0.002003	13	0	46637	0	0	0	nan	0	0	0	0	0	0	nan	0	0	0	0.002003	0.000211	0.002003	0.000211	0.095620	0.010073
69	A	261	46685	44281	0.005894	13	0	46651	0	0	0	nan	0	0	0	0	0	0	nan	0	0	0	0.005894	0.000365	0.005894	0.000365	0.184580	0.011431
70	G	42	46687	43760	0.000960	13	0	46653	0	0	0	nan	0	0	0	0	0	0	nan	0	0	0	0.000960	0.000148	0.000960	0.000148	nan	nan
71	G	37	46687	43730	0.000846	13	0	46653	0	0	0	nan	0	0	0	0	0	0	nan	0	0	0	0.000846	0.000139	0.000846	0.000139	nan	nan
72	G	24	46687	44236	0.000543	13	0	46653	0	0	0	nan	0	0	0	0	0	0	nan	0	0	0	0.000543	0.000111	0.000543	0.000111	nan	nan
73	G	35	46688	45765	0.000765	13	0	46654	0	0	0	nan	0	0	0	0	0	0	nan	0	0	0	0.000765	0.000129	0.000765	0.000129	nan	nan
74	A	709	46689	45728	0.015505	13	0	46654	0	0	0	nan	0	0	0	0	0	0	nan	0	0	0	0.015505	0.000582	0.015505	0.000582	0.485563	0.018226
75	A	869	46692	46075	0.018861	13	0	46659	0	0	0	nan	0	0	0	0	0	0	nan	0	0	0	0.018861	0.000640	0.018861	0.000640	0.590661	0.020043
76	A	1083	46694	46019	0.023534	13	0	46661	0	0	0	nan	0	0	0	0	0	0	nan	0	0	0	0.023534	0.000715	0.023534	0.000715	0.737004	0.022391
77	C	113	46694	46026	0.002455	13	0	46661	0	0	0	nan	0	0	0	0	0	0	nan	0	0	0	0.002455	0.000231	0.002455	0.000231	0.117198	0.011028
78	U	44	46695	45942	0.000958	13	0	46662	0	0	0	nan	0	0	0	0	0	0	nan	0	0	0	0.000958	0.000144	0.000958	0.000144	0.361919	0.054401
79	U	88	46695	45909	0.001917	13	0	46662	0	0	0	nan	0	0	0	0	0	0	nan	0	0	0	0.001917	0.000204	0.001917	0.000204	0.724216	0.077068
80	U	41	46695	45116	0.000909	13	0	46661	0	0	0	nan	0	0	0	0	0	0	nan	0	0	0	0.000909	0.000142	0.000909	0.000142	0.343408	0.053646
81	G	39	46695	44995	0.000867	13	0	46654	0	0	0	nan	0	0	0	0	0	0	nan	0	0	0	0.000867	0.000139	0.000867	0.000139	nan	nan
82	A	141	46695	45107	0.003126	13	0	46649	0	0	0	nan	0	0	0	0	0	0	nan	0	0	0	0.003126	0.000263	0.003126	0.000263	0.097896	0.008236
83	G	50	46695	45904	0.001089	13	0	46648	0	0	0	nan	0	0	0	0	0	0	nan	0	0	0	0.001089	0.000154	0.001089	0.000154	nan	nan
84	A	189	46695	46134	0.004097	13	0	46646	0	0	0	nan	0	0	0	0	0	0	nan	0	0	0	0.004097	0.000298	0.004097	0.000298	0.128304	0.009332
85	U	43	46696	46112	0.000933	13	0	46647	0	0	0	nan	0	0	0	0	0	0	nan	0	0	0	0.000933	0.000142	0.000933	0.000142	0.352474	0.053646
86	G	49	46695	46034	0.001064	13	0	46644	0	0	0	nan	0	0	0	0	0	0	nan	0	0	0	0.001064	0.000152	0.001064	0.000152	nan	nan
87	G	39	46695	45986	0.000848	13	0	46644	0	0	0	nan	0	0	0	0	0	0	nan	0	0	0	0.000848	0.000136	0.000848	0.000136	nan	nan
88	C	100	46696	41958	0.002383	13	0	46645	0	0	0	nan	0	0	0	0	0	0	nan	0	0	0	0.002383	0.000238	0.002383	0.000238	0.113761	0.011362
89	C	75	46698	41889	0.001790	13	0	46646	0	0	0	nan	0	0	0	0	0	0	nan	0	0	0	0.001790	0.000207	0.001790	0.000207	0.085452	0.009882
90	U	39	46698	41802	0.000933	13	0	46646	0	0	0	nan	0	0	0	0	0	0	nan	0	0	0	0.000933	0.000149	0.000933	0.000149	0.352474	0.056290
91	U	47	46698	45972	0.001022	13	0	46646	0	0	0	nan	0	0	0	0	0	0	nan	0	0	0	0.001022	0.000149	0.001022	0.000149	0.386097	0.056290
92	G	36	46699	45782	0.000786	13	0	46648	0	0	0	nan	0	0	0	0	0	0	nan	0	0	0	0.000786	0.000131	0.000786	0.000131	nan	nan
93	C	1493	46699	45940	0.032499	13	0	46648	0	0	0	nan	0	0	0	0	0	0	nan	0	0	0	0.032499	0.000841	0.032499	0.000841	1.551450	0.040148
94	A	510	46701	45923	0.011106	13	0	46649	0	0	0	nan	0	0	0	0	0	0	nan	0	0	0	0.011106	0.000492	0.011106	0.000492	0.347802	0.015408
95	A	796	46702	45977	0.017313	13	0	46650	0	0	0	nan	0	0	0	0	0	0	nan	0	0	0	0.017313	0.000614	0.017313	0.000614	0.542183	0.019228
96	A	265	46703	46055	0.005754	13	0	46651	0	0	0	nan	0	0	0	0	0	0	nan	0	0	0	0.005754	0.000353	0.005754	0.000353	0.180195	0.011055
97	G	20	46703	46018	0.000435	13	0	46651	0	0	0	nan	0	0	0	0	0	0	nan	0	0	0	0.000435	0.000097	0.000435	0.000097	nan	nan
98	G	30	46703	46072	0.000651	13	0	46650	0	0	0	nan	0	0	0	0	0	0	nan	0	0	0	0.000651	0.000119	0.000651	0.000119	nan	nan
99	G	47	46704	45745	0.001027	13	0	46651	0	0	0	nan	0	0	0	0	0	0	nan	0	0	0	0.001027	0.000150	0.001027	0.000150	nan	nan
100	U	25	46704	46182	0.000541	13	0	46651	0	0	0	nan	0	0	0	0	0	0	nan	0	0	0	0.000541	0.000108	0.000541	0.000108	0.204382	0.040801
101	A	856	46705	46105	0.018566	13	0	46653	0	0	0	nan	0	0	0	0	0	0	nan	0	0	0	0.018566	0.000635	0.018566	0.000635	0.581423	0.019886
102	U	90	46705	46159	0.001950	13	0	46653	0	0	0	nan	0	0	0	0	0	0	nan	0	0	0	0.001950	0.000206	0.001950	0.000206	0.736683	0.077824
103	G	25	46706	45787	0.000546	13	0	46655	0	0	0	nan	0	0	0	0	0	0	nan	0	0	0	0.000546	0.000109	0.000546	0.000109	nan	nan
104	G	33	46706	45573	0.000724	13	0	46655	0	0	0	nan	0	0	0	0	0	0	nan	0	0	0	0.000724	0.000126	0.000724	0.000126	nan	nan
105	U	48	46706	45762	0.001049	13	0	46656	0	0	0	nan	0	0	0	0	0	0	nan	0	0	0	0.001049	0.000151	0.001049	0.000151	0.396298	0.057046
106	A	1030	46707	45922	0.022429	10	0	46657	0	0	0	nan	0	0	0	0	0	0	nan	0	0	0	0.022429	0.000699	0.022429	0.000699	0.702399	0.021890
107	A	694	46707	45912	0.015116	10	0	46656	0	0	0	nan	0	0	0	0	0	0	nan	0	0	0	0.015116	0.000574	0.015116	0.000574	0.473381	0.017976
108	U	100	46707	45799	0.002183	10	0	46656	0	0	0	nan	0	0	0	0	0	0	nan	0	0	0	0.002183	0.000218	0.002183	0.000218	0.824707	0.082357
109	A	853	46707	45773	0.018635	10	0	46656	0	0	0	nan	0	0	0	0	0	0	nan	0	0	0	0.018635	0.000638	0.018635	0.000638	0.583584	0.019980
110	A	957	46708	45964	0.020821	10	0	46657	0	0	0	nan	0	0	0	0	0	0	nan	0	0	0	0.020821	0.000673	0.020821	0.000673	0.652042	0.021076
111	G	43	46708	45992	0.000935	10	0	46656	0	0	0	nan	0	0	0	0	0	0	nan	0	0	0	0.000935	0.000143	0.000935	0.000143	nan	nan
112	C	69	46708	46297	0.001490	10	0	46656	0	0	0	nan	0	0	0	0	0	0	nan	0	0	0	0.001490	0.000179	0.001490	0.000179	0.071130	0.008545
113	U	41	46708	46221	0.000887	10	0	46656	0	0	0	nan	0	0	0	0	0	0	nan	0	0	0	0.000887	0.000139	0.000887	0.000139	0.335096	0.052512
114	G	21	46707	46074	0.000456	10	0	46654	0	0	0	nan	0	0	0	0	0	0	nan	0	0	0	0.000456	0.000099	0.000456	0.000099	nan	nan
115	A	195	46708	46086	0.004231	11	0	46656	0	0	0	nan	0	0	0	0	0	0	nan	0	0	0	0.004231	0.000303	0.004231	0.000303	0.132500	0.009489
116	C	71	46709	46092	0.001540	11	0	46657	0	0	0	nan	0	0	0	0	0	0	nan	0	0	0	0.001540	0.000183	0.001540	0.000183	0.073517	0.008736
117	G	33	46710	45766	0.000721	11	0	46659	0	0	0	nan	0	0	0	0	0	0	nan	0	0	0	0.000721	0.000126	0.000721	0.000126	nan	nan
118	G	14	46711	45898	0.000305	11	0	46660	0	0	0	nan	0	0	0	0	0	0	nan	0	0	0	0.000305	0.000082	0.000305	0.000082	nan	nan
119	A	440	46711	45904	0.009585	11	0	46660	0	0	0	nan	0	0	0	0	0	0	nan	0	0	0	0.009585	0.000457	0.009585	0.000457	0.300169	0.014312
120	C	898	46711	46197	0.019438	11	0	46659	0	0	0	nan	0	0	0	0	0	0	nan	0	0	0	0.019438	0.000649	0.019438	0.000649	0.927939	0.030982
121	A	950	46711	46177	0.020573	11	0	46659	0	0	0	nan	0	0	0	0	0	0	nan	0	0	0	0.020573	0.000667	0.020573	0.000667	0.644275	0.020888
122	U	85	46711	46217	0.001839	11	0	46659	0	0	0	nan	0	0	0	0	0	0	nan	0	0	0	0.001839	0.000199	0.001839	0.000199	0.694749	0.075179
123	G	39	46711	46103	0.000846	11	0	46655	0	0	0	nan	0	0	0	0	0	0	nan	0	0	0	0.000846	0.000135	0.000846	0.000135	nan	nan
124	G	21	46711	46021	0.000456	11	0	46655	0	0	0	nan	0	0	0	0	0	0	nan	0	0	0	0.000456	0.000100	0.000456	0.000100	nan	nan
125	U	44	46710	45322	0.000971	11	0	46654	0	0	0	nan	0	0	0	0	0	0	nan	0	0	0	0.000971	0.000146	0.000971	0.000146	0.366830	0.055157
126	C	35	46710	45305	0.000773	11	0	46654	0	0	0	nan	0	0	0	0	0	0	nan	0	0	0	0.000773	0.000131	0.000773	0.000131	0.036902	0.006254
127	C	47	46711	45297	0.001038	11	0	46655	0	0	0	nan	0	0	0	0	0	0	nan	0	0	0	0.001038	0.000151	0.001038	0.000151	0.049552	0.007208
128	U	80	46707	45861	0.001744	11	0	46650	0	0	0	nan	0	0	0	0	0	0	nan	0	0	0	0.001744	0.000195	0.001744	0.000195	0.658859	0.073668
129	A	1023	46582	45588	0.022440	11	0	46460	0	0	0	nan	0	0	0	0	0	0	nan	0	0	0	0.022440	0.000702	0.022440	0.000702	0.702743	0.021984
130	A	1505	46581	45586	0.033015	11	0	46460	0	0	0	nan	0	0	0	0	0	0	nan	0	0	0	0.033015	0.000851	0.033015	0.000851	1.033916	0.026650
131	C	271	46581	45538	0.005951	11	0	46463	0	0	0	nan	0	0	0	0	0	0	nan	0	0	0	0.005951	0.000362	0.005951	0.000362	0.284091	0.017281
132	C	89	46581	45468	0.001957	11	0	46465	0	0	0	nan	0	0	0	0	0	0	nan	0	0	0	0.001957	0.000207	0.001957	0.000207	0.093424	0.009882
133	A	569	46581	45461	0.012516	11	0	46466	0	0	0	nan	0	0	0	0	0	0	nan	0	0	0	0.012516	0.000525	0.012516	0.000525	0.391958	0.016441
134	C	77	46582	45396	0.001696	3	0	46467	0	0	0	nan	0	0	0	0	0	0	nan	0	0	0	0.001696	0.000193	0.001696	0.000193	0.080964	0.009214
135	G	50	46582	44955	0.001112	3	0	46467	0	0	0	nan	0	0	0	0	0	0	nan	0	0	0	0.001112	0.000157	0.001112	0.000157	nan	nan
136	C	49	46582	45186	0.001084	3	0	46468	0	0	0	nan	0	0	0	0	0	0	nan	0	0	0	0.001084	0.000155	0.001084	0.000155	0.051748	0.007399
137	A	218	46583	45209	0.004822	3	0	46473	0	0	0	nan	0	0	0	0	0	0	nan	0	0	0	0.004822	0.000327	0.004822	0.000327	0.151008	0.010241
138	G	28	46583	44975	0.000623	2	0	46474	0	0	0	nan	0	0	0	0	0	0	nan	0	0	0	0.000623	0.000118	0.000623	0.000118	nan	nan
139	C	330	46583	45276	0.007289	2	0	46475	0	0	0	nan	0	0	0	0	0	0	nan	0	0	0	0.007289	0.000401	0.007289	0.000401	0.347965	0.019143
140	C	313	46583	45206	0.006924	2	0	46475	0	0	0	nan	0	0	0	0	0	0	nan	0	0	0	0.006924	0.000391	0.006924	0.000391	0.330541	0.018666
141	A	620	46585	45075	0.013755	2	0	46479	0	0	0	nan	0	0	0	0	0	0	nan	0	0	0	0.013755	0.000552	0.013755	0.000552	0.430759	0.017287
142	A	480	46585	44925	0.010684	2	0	46479	0	0	0	nan	0	0	0	0	0	0	nan	0	0	0	0.010684	0.000488	0.010684	0.000488	0.334586	0.015282
143	G	34	46586	44686	0.000761	2	0	46480	0	0	0	nan	0	0	0	0	0	0	nan	0	0	0	0.000761	0.000130	0.000761	0.000130	nan	nan
144	U	50	46588	44893	0.001114	2	0	46483	0	0	0	nan	0	0	0	0	0	0	nan	0	0	0	0.001114	0.000158	0.001114	0.000158	0.420854	0.059690
145	C	78	46588	45093	0.001730	2	0	46486	0	0	0	nan	0	0	0	0	0	0	nan	0	0	0	0.001730	0.000196	0.001730	0.000196	0.082587	0.009357
146	C	122	46588	44319	0.002753	2	0	46488	0	0	0	nan	0	0	0	0	0	0	nan	0	0	0	0.002753	0.000249	0.002753	0.000249	0.131424	0.011887
147	U	56	46588	44263	0.001265	2	0	46489	0	0	0	nan	0	0	0	0	0	0	nan	0	0	0	0.001265	0.000169	0.001265	0.000169	0.477900	0.063846
148	A	469	46589	44047	0.010648	2	0	46492	0	0	0	nan	0	0	0	0	0	0	nan	0	0	0	0.010648	0.000492	0.010648	0.000492	0.333459	0.015408
149	A	647	46590	44261	0.014618	2	0	46494	0	0	0	nan	0	0	0	0	0	0	nan	0	0	0	0.014618	0.000575	0.014618	0.000575	0.457785	0.018007
150	G	50	46590	43643	0.001146	2	0	46496	0	0	0	nan	0	0	0	0	0	0	nan	0	0	0	0.001146	0.000162	0.001146	0.000162	nan	nan
151	U	54	46591	44113	0.001224	2	0	46498	0	0	0	nan	0	0	0	0	0	0	nan	0	0	0	0.001224	0.000167	0.001224	0.000167	0.462410	0.063090
152	C	219	46592	44926	0.004875	2	0	46502	0	0	0	nan	0	0	0	0	0	0	nan	0	0	0	0.004875	0.000329	0.004875	0.000329	0.232725	0.015706
153	A	305	46592	45192	0.006749	2	0	46503	0	0	0	nan	0	0	0	0	0	0	nan	0	0	0	0.006749	0.000386	0.006749	0.000386	0.211355	0.012088
154	A	282	46592	45047	0.006260	2	0	46503	0	0	0	nan	0	0	0	0	0	0	nan	0	0	0	0.006260	0.000373	0.006260	0.000373	0.196042	0.011681
155	C	234	46592	44879	0.005214	2	0	46504	0	0	0	nan	0	0	0	0	0	0	nan	0	0	0	0.005214	0.000341	0.005214	0.000341	0.248908	0.016279
156	A	180	46594	44959	0.004004	2	0	46507	0	0	0	nan	0	0	0	0	0	0	nan	0	0	0	0.004004	0.000298	0.004004	0.000298	0.125391	0.009332
157	G	50	46594	44592	0.001121	2	0	46508	0	0	0	nan	0	0	0	0	0	0	nan	0	0	0	0.001121	0.000159	0.001121	0.000159	nan	nan
158	A	628	46594	43858	0.014319	2	0	46509	0	0	0	nan	0	0	0	0	0	0	nan	0	0	0	0.014319	0.000571	0.014319	0.000571	0.448422	0.017882
159	U	128	46594	43872	0.002918	2	0	46511	0	0	0	nan	0	0	0	0	0	0	nan	0	0	0	0.002918	0.000258	0.002918	0.000258	1.102380	0.097469
160	C	982	46594	43728	0.022457	2	0	46512	0	0	0	nan	0	0	0	0	0	0	nan	0	0	0	0.022457	0.000717	0.022457	0.000717	1.072061	0.034228
161	U	113	46594	43822	0.002579	2	0	46514	0	0	0	nan	0	0	0	0	0	0	nan	0	0	0	0.002579	0.000243	0.002579	0.000243	0.974311	0.091802
162	U	70	46594	43877	0.001595	2	0	46517	0	0	0	nan	0	0	0	0	0	0	nan	0	0	0	0.001595	0.000191	0.001595	0.000191	0.602569	0.072157
163	C	52	46595	44137	0.001178	2	0	46521	0	0	0	nan	0	0	0	0	0	0	nan	0	0	0	0.001178	0.000163	0.001178	0.000163	0.056236	0.007781
164	U	29	46596	44238	0.000656	2	0	46527	0	0	0	nan	0	0	0	0	0	0	nan	0	0	0	0.000656	0.000122	0.000656	0.000122	0.247828	0.046090
165	G	30	46598	42725	0.000702	2	0	46535	0	0	0	nan	0	0	0	0	0	0	nan	0	0	0	0.000702	0.000128	0.000702	0.000128	nan	nan
166	U	49	46600	43061	0.001138	2	0	46540	0	0	0	nan	0	0	0	0	0	0	nan	0	0	0	0.001138	0.000163	0.001138	0.000163	0.429921	0.061579
167	U	19	46601	43970	0.000432	2	0	46541	0	0	0	nan	0	0	0	0	0	0	nan	0	0	0	0.000432	0.000099	0.000432	0.000099	0.163204	0.037401
168	G	27	46604	45302	0.000596	2	0	46548	0	0	0	nan	0	0	0	0	0	0	nan	0	0	0	0.000596	0.000115	0.000596	0.000115	nan	nan
169	A	126	46605	45201	0.002788	2	0	46549	0	0	0	nan	0	0	0	0	0	0	nan	0	0	0	0.002788	0.000248	0.002788	0.000248	0.087311	0.007767
170	U	35	46606	44870	0.000780	2	0	46553	0	0	0	nan	0	0	0	0	0	0	nan	0	0	0	0.000780	0.000132	0.000780	0.000132	0.294673	0.049868
171	A	807	46607	44102	0.018298	2	0	46559	0	0	0	nan	0	0	0	0	0	0	nan	0	0	0	0.018298	0.000644	0.018298	0.000644	0.573030	0.020168
172	U	36	46607	44516	0.000809	2	0	46561	0	0	0	nan	0	0	0	0	0	0	nan	0	0	0	0.000809	0.000135	0.000809	0.000135	0.305629	0.051001
173	G	22	46609	44803	0.000491	2	0	46565	0	0	0	nan	0	0	0	0	0	0	nan	0	0	0	0.000491	0.000105	0.000491	0.000105	nan	nan
174	G	30	46609	45342	0.000662	2	0	46570	0	0	0	nan	0	0	0	0	0	0	nan	0	0	0	0.000662	0.000121	0.000662	0.000121	nan	nan
175	A	186	46610	42742	0.004352	2	0	46572	0	0	0	nan	0	0	0	0	0	0	nan	0	0	0	0.004352	0.000319	0.004352	0.000319	0.136290	0.009990
176	U	26	46610	42764	0.000608	2	0	46572	0	0	0	nan	0	0	0	0	0	0	nan	0	0	0	0.000608	0.000119	0.000608	0.000119	0.229694	0.044957
177	G	35	46610	42605	0.000821	2	0	46573	0	0	0	nan	0	0	0	0	0	0	nan	0	0	0	0.000821	0.000139	0.000821	0.000139	nan	nan
178	C	452	46610	45015	0.010041	1	0	46573	0	0	0	nan	0	0	0	0	0	0	nan	0	0	0	0.010041	0.000472	0.010041	0.000472	0.479341	0.022533
179	A	322	46611	44960	0.007162	1	0	46576	0	0	0	nan	0	0	0	0	0	0	nan	0	0	0	0.007162	0.000399	0.007162	0.000399	0.224289	0.012495
180	G	28	46612	43316	0.000646	1	0	46582	0	0	0	nan	0	0	0	0	0	0	nan	0	0	0	0.000646	0.000122	0.000646	0.000122	nan	nan
181	U	42	46613	42455	0.000989	1	0	46583	0	0	0	nan	0	0	0	0	0	0	nan	0	0	0	0.000989	0.000153	0.000989	0.000153	0.373631	0.057801
182	U	35	46613	42036	0.000833	1	0	46586	0	0	0	nan	0	0	0	0	0	0	nan	0	0	0	0.000833	0.000141	0.000833	0.000141	0.314696	0.053268
183	C	133	46614	43583	0.003052	1	0	46591	0	0	0	nan	0	0	0	0	0	0	nan	0	0	0	0.003052	0.000265	0.003052	0.000265	0.145698	0.012651
184	A	215	46617	44512	0.004830	1	0	46596	0	0	0	nan	0	0	0	0	0	0	nan	0	0	0	0.004830	0.000329	0.004830	0.000329	0.151259	0.010303
185	A	438	46617	44613	0.009818	1	0	46597	0	0	0	nan	0	0	0	0	0	0	nan	0	0	0	0.009818	0.000469	0.009818	0.000469	0.307466	0.014687
186	C	130	46617	44119	0.002947	1	0	46605	0	0	0	nan	0	0	0	0	0	0	nan	0	0	0	0.002947	0.000258	0.002947	0.000258	0.140685	0.012317
187	C	57	46619	44111	0.001292	1	0	46614	0	0	0	nan	0	0	0	0	0	0	nan	0	0	0	0.001292	0.000171	0.001292	0.000171	0.061678	0.008163
188	A	78	46619	44274	0.001762	1	0	46615	0	0	0	nan	0	0	0	0	0	0	nan	0	0	0	0.001762	0.000199	0.001762	0.000199	0.055180	0.006232
189	A	97	46619	44183	0.002195	1	0	46618	0	0	0	nan	0	0	0	0	0	0	nan	0	0	0	0.002195	0.000223	0.002195	0.000223	0.068740	0.006984
190	A	0	46620	42342	0.000000	1	0	46620	0	0	0	nan	0	0	0	0	0	0	nan	0	0	0	0.000000	0.000000	0.000000	0.000000	0.000000	0.000000
191	U	0	46620	0	nan	1	0	46620	0	0	0	nan	0	0	0	0	0	0	nan	0	0	0	nan	nan	nan	nan	nan	nan
192	C	0	46620	0	nan	1	0	46620	0	0	0	nan	0	0	0	0	0	0	nan	0	0	0	nan	nan	nan	nan	nan	nan
193	A	0	46620	0	nan	1	0	46620	0	0	0	nan	0	0	0	0	0	0	nan	0	0	0	nan	nan	nan	nan	nan	nan
194	c	0	46620	0	nan	1	0	46620	0	0	0	nan	0	0	0	0	0	0	nan	0	0	0	nan	nan	nan	nan	nan	nan
195	c	0	46620	0	nan	1	0	46620	0	0	0	nan	0	0	0	0	0	0	nan	0	0	0	nan	nan	nan	nan	nan	nan
196	a	0	46620	0	nan	1	0	46620	0	0	0	nan	0	0	0	0	0	0	nan	0	0	0	nan	nan	nan	nan	nan	nan
197	a	0	46620	0	nan	1	0	46620	0	0	0	nan	0	0	0	0	0	0	nan	0	0	0	nan	nan	nan	nan	nan	nan
198	a	0	46620	0	nan	1	0	46620	0	0	0	nan	0	0	0	0	0	0	nan	0	0	0	nan	nan	nan	nan	nan	nan
199	c	0	46620	0	nan	1	0	46620	0	0	0	nan	0	0	0	0	0	0	nan	0	0	0	nan	nan	nan	nan	nan	nan
200	c	0	46620	0	nan	1	0	46620	0	0	0	nan	0	0	0	0	0	0	nan	0	0	0	nan	nan	nan	nan	nan	nan
201	a	0	46620	0	nan	1	0	46620	0	0	0	nan	0	0	0	0	0	0	nan	0	0	0	nan	nan	nan	nan	nan	nan
202	a	0	46620	0	nan	1	0	46620	0	0	0	nan	0	0	0	0	0	0	nan	0	0	0	nan	nan	nan	nan	nan	nan
203	a	0	46620	0	nan	1	0	46620	0	0	0	nan	0	0	0	0	0	0	nan	0	0	0	nan	nan	nan	nan	nan	nan
204	g	0	46620	0	nan	1	0	46620	0	0	0	nan	0	0	0	0	0	0	nan	0	0	0	nan	nan	nan	nan	nan	nan
205	a	0	46620	0	nan	1	0	46620	0	0	0	nan	0	0	0	0	0	0	nan	0	0	0	nan	nan	nan	nan	nan	nan
206	a	0	46620	0	nan	1	0	46620	0	0	0	nan	0	0	0	0	0	0	nan	0	0	0	nan	nan	nan	nan	nan	nan
207	a	0	46619	0	nan	1	0	46619	0	0	0	nan	0	0	0	0	0	0	nan	0	0	0	nan	nan	nan	nan	nan	nan
208	c	0	46619	0	nan	1	0	46619	0	0	0	nan	0	0	0	0	0	0	nan	0	0	0	nan	nan	nan	nan	nan	nan
209	a	0	46617	0	nan	1	0	46617	0	0	0	nan	0	0	0	0	0	0	nan	0	0	0	nan	nan	nan	nan	nan	nan
210	a	0	46607	0	nan	1	0	46607	0	0	0	nan	0	0	0	0	0	0	nan	0	0	0	nan	nan	nan	nan	nan	nan
211	c	0	46603	0	nan	1	0	46603	0	0	0	nan	0	0	0	0	0	0	nan	0	0	0	nan	nan	nan	nan	nan	nan
212	c	0	46579	0	nan	1	0	46579	0	0	0	nan	0	0	0	0	0	0	nan	0	0	0	nan	nan	nan	nan	nan	nan