Nucleotide	Sequence	Modified_mutations	Modified_read_depth	Modified_effective_depth	Modified_rate	Modified_off_target_mapped_depth	Modified_low_mapq_mapped_depth	Modified_primer_pair_1_mapped_depth	Untreated_mutations	Untreated_read_depth	Untreated_effective_depth	Untreated_rate	Untreated_off_target_mapped_depth	Untreated_low_mapq_mapped_depth	Untreated_primer_pair_1_mapped_depth	Denatured_mutations	Denatured_read_depth	Denatured_effective_depth	Denatured_rate	Denatured_off_target_mapped_depth	Denatured_low_mapq_mapped_depth	Denatured_primer_pair_1_mapped_depth	Reactivity_profile	Std_err	HQ_profile	HQ_stderr	Norm_profile	Norm_stderr
1	g	0	5224591	0	nan	3	709	5224591	0	0	0	nan	0	0	0	0	0	0	nan	0	0	0	nan	nan	nan	nan	nan	nan
2	g	0	5330638	0	nan	3	714	5330638	0	0	0	nan	0	0	0	0	0	0	nan	0	0	0	nan	nan	nan	nan	nan	nan
3	u	0	5367350	0	nan	3	715	5367350	0	0	0	nan	0	0	0	0	0	0	nan	0	0	0	nan	nan	nan	nan	nan	nan
4	g	0	5379296	0	nan	3	727	5379296	0	0	0	nan	0	0	0	0	0	0	nan	0	0	0	nan	nan	nan	nan	nan	nan
5	u	0	5386109	0	nan	3	731	5386109	0	0	0	nan	0	0	0	0	0	0	nan	0	0	0	nan	nan	nan	nan	nan	nan
6	a	0	5395686	0	nan	3	741	5395686	0	0	0	nan	0	0	0	0	0	0	nan	0	0	0	nan	nan	nan	nan	nan	nan
7	a	0	5399880	0	nan	3	743	5399880	0	0	0	nan	0	0	0	0	0	0	nan	0	0	0	nan	nan	nan	nan	nan	nan
8	g	0	5402104	0	nan	3	744	5402104	0	0	0	nan	0	0	0	0	0	0	nan	0	0	0	nan	nan	nan	nan	nan	nan
9	g	0	5405175	0	nan	4	750	5405175	0	0	0	nan	0	0	0	0	0	0	nan	0	0	0	nan	nan	nan	nan	nan	nan
10	g	0	5409931	0	nan	4	753	5409931	0	0	0	nan	0	0	0	0	0	0	nan	0	0	0	nan	nan	nan	nan	nan	nan
11	u	0	5417398	0	nan	4	755	5417398	0	0	0	nan	0	0	0	0	0	0	nan	0	0	0	nan	nan	nan	nan	nan	nan
12	g	0	5434875	0	nan	84	767	5434875	0	0	0	nan	0	0	0	0	0	0	nan	0	0	0	nan	nan	nan	nan	nan	nan
13	a	0	5453850	0	nan	91	768	5453850	0	0	0	nan	0	0	0	0	0	0	nan	0	0	0	nan	nan	nan	nan	nan	nan
14	a	0	5476513	0	nan	118	770	5476513	0	0	0	nan	0	0	0	0	0	0	nan	0	0	0	nan	nan	nan	nan	nan	nan
15	g	0	5499277	0	nan	314	770	5499277	0	0	0	nan	0	0	0	0	0	0	nan	0	0	0	nan	nan	nan	nan	nan	nan
16	u	0	5515063	0	nan	314	770	5515063	0	0	0	nan	0	0	0	0	0	0	nan	0	0	0	nan	nan	nan	nan	nan	nan
17	g	0	5521819	0	nan	321	779	5521819	0	0	0	nan	0	0	0	0	0	0	nan	0	0	0	nan	nan	nan	nan	nan	nan
18	u	0	5526005	0	nan	330	783	5526005	0	0	0	nan	0	0	0	0	0	0	nan	0	0	0	nan	nan	nan	nan	nan	nan
19	a	0	5529232	0	nan	330	810	5529232	0	0	0	nan	0	0	0	0	0	0	nan	0	0	0	nan	nan	nan	nan	nan	nan
20	A	0	5530560	281	0.000000	330	810	5530560	0	0	0	nan	0	0	0	0	0	0	nan	0	0	0	0.000000	0.000000	nan	nan	nan	nan
21	G	0	5531131	314	0.000000	330	810	5531131	0	0	0	nan	0	0	0	0	0	0	nan	0	0	0	0.000000	0.000000	nan	nan	nan	nan
22	G	0	5532038	497	0.000000	330	810	5532038	0	0	0	nan	0	0	0	0	0	0	nan	0	0	0	0.000000	0.000000	nan	nan	nan	nan
23	U	0	5534368	4654613	0.000000	330	810	5534368	0	0	0	nan	0	0	0	0	0	0	nan	0	0	0	0.000000	0.000000	0.000000	0.000000	0.000000	0.000000
24	U	10864	5536235	4735242	0.002294	330	810	5536235	0	0	0	nan	0	0	0	0	0	0	nan	0	0	0	0.002294	0.000022	0.002294	0.000022	0.435873	0.004180
25	G	3142	5544576	4821784	0.000652	330	810	5544576	0	0	0	nan	0	0	0	0	0	0	nan	0	0	0	0.000652	0.000012	0.000652	0.000012	0.181325	0.003337
26	A	9955	5560537	5047774	0.001972	330	810	5560480	0	0	0	nan	0	0	0	0	0	0	nan	0	0	0	0.001972	0.000020	0.001972	0.000020	0.884305	0.008969
27	A	13388	5564588	4845641	0.002763	330	810	5564499	0	0	0	nan	0	0	0	0	0	0	nan	0	0	0	0.002763	0.000024	0.002763	0.000024	1.239013	0.010762
28	C	17457	5565323	4643220	0.003760	330	810	5565202	0	0	0	nan	0	0	0	0	0	0	nan	0	0	0	0.003760	0.000028	0.003760	0.000028	1.159867	0.008637
29	U	16706	5566922	4561064	0.003663	330	810	5566789	0	0	0	nan	0	0	0	0	0	0	nan	0	0	0	0.003663	0.000028	0.003663	0.000028	0.695991	0.005320
30	U	7407	5569249	4592961	0.001613	331	810	5569100	0	0	0	nan	0	0	0	0	0	0	nan	0	0	0	0.001613	0.000019	0.001613	0.000019	0.306479	0.003610
31	U	5850	5572141	4517358	0.001295	331	810	5571945	0	0	0	nan	0	0	0	0	0	0	nan	0	0	0	0.001295	0.000017	0.001295	0.000017	0.246057	0.003230
32	U	31381	5575574	4603283	0.006817	332	810	5575373	0	0	0	nan	0	0	0	0	0	0	nan	0	0	0	0.006817	0.000038	0.006817	0.000038	1.295269	0.007220
33	G	3387	5625489	4735983	0.000715	332	810	5625268	0	0	0	nan	0	0	0	0	0	0	nan	0	0	0	0.000715	0.000012	0.000715	0.000012	0.198846	0.003337
34	A	2224	5662254	5260839	0.000423	332	810	5662069	0	0	0	nan	0	0	0	0	0	0	nan	0	0	0	0.000423	0.000009	0.000423	0.000009	0.189686	0.004036
35	A	8090	5675936	5265246	0.001536	332	810	5675771	0	0	0	nan	0	0	0	0	0	0	nan	0	0	0	0.001536	0.000017	0.001536	0.000017	0.688789	0.007623
36	U	2817	5678358	5231398	0.000538	332	810	5678196	0	0	0	nan	0	0	0	0	0	0	nan	0	0	0	0.000538	0.000010	0.000538	0.000010	0.102223	0.001900
37	A	7604	5680998	4900585	0.001552	332	810	5680829	0	0	0	nan	0	0	0	0	0	0	nan	0	0	0	0.001552	0.000018	0.001552	0.000018	0.695964	0.008072
38	G	7479	5681485	4791193	0.001561	339	810	5681316	0	0	0	nan	0	0	0	0	0	0	nan	0	0	0	0.001561	0.000018	0.001561	0.000018	0.434124	0.005006
39	U	5370	5682983	4707972	0.001141	340	810	5682808	0	0	0	nan	0	0	0	0	0	0	nan	0	0	0	0.001141	0.000016	0.001141	0.000016	0.216797	0.003040
40	G	5461	5685374	4842719	0.001128	341	810	5685200	0	0	0	nan	0	0	0	0	0	0	nan	0	0	0	0.001128	0.000015	0.001128	0.000015	0.313704	0.004172
41	A	11185	5695516	4829482	0.002316	341	810	5695358	0	0	0	nan	0	0	0	0	0	0	nan	0	0	0	0.002316	0.000022	0.002316	0.000022	1.038565	0.009865
42	U	21473	5697756	4733614	0.004536	343	810	5697601	0	0	0	nan	0	0	0	0	0	0	nan	0	0	0	0.004536	0.000031	0.004536	0.000031	0.861866	0.005890
43	U	8900	5703319	4692923	0.001896	347	810	5703164	0	0	0	nan	0	0	0	0	0	0	nan	0	0	0	0.001896	0.000020	0.001896	0.000020	0.360251	0.003800
44	C	8028	5715368	4757663	0.001687	347	810	5715216	0	0	0	nan	0	0	0	0	0	0	nan	0	0	0	0.001687	0.000019	0.001687	0.000019	0.520398	0.005861
45	A	6470	5724771	4820258	0.001342	347	810	5724608	0	0	0	nan	0	0	0	0	0	0	nan	0	0	0	0.001342	0.000017	0.001342	0.000017	0.601794	0.007623
46	G	3172	5730853	4711657	0.000673	347	810	5730701	0	0	0	nan	0	0	0	0	0	0	nan	0	0	0	0.000673	0.000012	0.000673	0.000012	0.187165	0.003337
47	G	10064	5744909	4803497	0.002095	346	810	5744771	0	0	0	nan	0	0	0	0	0	0	nan	0	0	0	0.002095	0.000021	0.002095	0.000021	0.582632	0.005840
48	A	2391	5764647	4650863	0.000514	347	810	5764520	0	0	0	nan	0	0	0	0	0	0	nan	0	0	0	0.000514	0.000011	0.000514	0.000011	0.230493	0.004933
49	G	38839	5768608	4795930	0.008098	346	810	5768499	0	0	0	nan	0	0	0	0	0	0	nan	0	0	0	0.008098	0.000041	0.008098	0.000041	2.252103	0.011402
50	G	2477	5783923	4578845	0.000541	346	810	5783855	0	0	0	nan	0	0	0	0	0	0	nan	0	0	0	0.000541	0.000011	0.000541	0.000011	0.150455	0.003059
51	U	25114	5788678	4771613	0.005263	346	810	5788618	0	0	0	nan	0	0	0	0	0	0	nan	0	0	0	0.005263	0.000033	0.005263	0.000033	1.000000	0.006270
52	U	19332	5797234	4794678	0.004032	346	810	5797182	0	0	0	nan	0	0	0	0	0	0	nan	0	0	0	0.004032	0.000029	0.004032	0.000029	0.766103	0.005510
53	A	2315	5806218	5168899	0.000448	345	810	5806172	0	0	0	nan	0	0	0	0	0	0	nan	0	0	0	0.000448	0.000009	0.000448	0.000009	0.200897	0.004036
54	A	2724	5810238	5208799	0.000523	344	810	5810200	0	0	0	nan	0	0	0	0	0	0	nan	0	0	0	0.000523	0.000010	0.000523	0.000010	0.234529	0.004484
55	U	19200	5810937	5025504	0.003821	342	810	5810908	0	0	0	nan	0	0	0	0	0	0	nan	0	0	0	0.003821	0.000028	0.003821	0.000028	0.726012	0.005320
56	G	4175	5812871	4757499	0.000878	342	810	5812849	0	0	0	nan	0	0	0	0	0	0	nan	0	0	0	0.000878	0.000014	0.000878	0.000014	0.244177	0.003893
57	G	0	5814617	4922000	0.000000	342	810	5814605	0	0	0	nan	0	0	0	0	0	0	nan	0	0	0	0.000000	0.000000	0.000000	0.000000	0.000000	0.000000
58	A	0	5817035	41	0.000000	342	810	5817035	0	0	0	nan	0	0	0	0	0	0	nan	0	0	0	0.000000	0.000000	nan	nan	nan	nan
59	A	0	5816992	47	0.000000	342	810	5816992	0	0	0	nan	0	0	0	0	0	0	nan	0	0	0	0.000000	0.000000	nan	nan	nan	nan
60	G	0	5816934	25	0.000000	342	809	5816934	0	0	0	nan	0	0	0	0	0	0	nan	0	0	0	0.000000	0.000000	nan	nan	nan	nan
61	u	0	5816888	0	nan	342	809	5816888	0	0	0	nan	0	0	0	0	0	0	nan	0	0	0	nan	nan	nan	nan	nan	nan
62	a	0	5816701	0	nan	337	809	5816701	0	0	0	nan	0	0	0	0	0	0	nan	0	0	0	nan	nan	nan	nan	nan	nan
63	a	0	5816618	0	nan	332	809	5816618	0	0	0	nan	0	0	0	0	0	0	nan	0	0	0	nan	nan	nan	nan	nan	nan
64	a	0	5816597	0	nan	331	807	5816597	0	0	0	nan	0	0	0	0	0	0	nan	0	0	0	nan	nan	nan	nan	nan	nan
65	g	0	5816572	0	nan	331	802	5816572	0	0	0	nan	0	0	0	0	0	0	nan	0	0	0	nan	nan	nan	nan	nan	nan
66	g	0	5816562	0	nan	330	799	5816562	0	0	0	nan	0	0	0	0	0	0	nan	0	0	0	nan	nan	nan	nan	nan	nan
67	u	0	5816543	0	nan	328	799	5816543	0	0	0	nan	0	0	0	0	0	0	nan	0	0	0	nan	nan	nan	nan	nan	nan
68	a	0	5816531	0	nan	327	799	5816531	0	0	0	nan	0	0	0	0	0	0	nan	0	0	0	nan	nan	nan	nan	nan	nan
69	a	0	5816513	0	nan	327	797	5816513	0	0	0	nan	0	0	0	0	0	0	nan	0	0	0	nan	nan	nan	nan	nan	nan
70	u	0	5816486	0	nan	325	791	5816486	0	0	0	nan	0	0	0	0	0	0	nan	0	0	0	nan	nan	nan	nan	nan	nan
71	g	0	5816385	0	nan	324	784	5816385	0	0	0	nan	0	0	0	0	0	0	nan	0	0	0	nan	nan	nan	nan	nan	nan
72	a	0	5816206	0	nan	311	783	5816206	0	0	0	nan	0	0	0	0	0	0	nan	0	0	0	nan	nan	nan	nan	nan	nan
73	a	0	5816153	0	nan	310	782	5816153	0	0	0	nan	0	0	0	0	0	0	nan	0	0	0	nan	nan	nan	nan	nan	nan
74	g	0	5816107	0	nan	310	771	5816107	0	0	0	nan	0	0	0	0	0	0	nan	0	0	0	nan	nan	nan	nan	nan	nan
75	g	0	5816050	0	nan	309	771	5816050	0	0	0	nan	0	0	0	0	0	0	nan	0	0	0	nan	nan	nan	nan	nan	nan
76	u	0	5815936	0	nan	309	767	5815936	0	0	0	nan	0	0	0	0	0	0	nan	0	0	0	nan	nan	nan	nan	nan	nan
77	g	0	5815834	0	nan	309	763	5815834	0	0	0	nan	0	0	0	0	0	0	nan	0	0	0	nan	nan	nan	nan	nan	nan
78	a	0	5815658	0	nan	295	758	5815658	0	0	0	nan	0	0	0	0	0	0	nan	0	0	0	nan	nan	nan	nan	nan	nan
79	a	0	5811998	0	nan	289	742	5811998	0	0	0	nan	0	0	0	0	0	0	nan	0	0	0	nan	nan	nan	nan	nan	nan
80	g	0	5809476	0	nan	285	712	5809476	0	0	0	nan	0	0	0	0	0	0	nan	0	0	0	nan	nan	nan	nan	nan	nan