Nucleotide	Sequence	Modified_mutations	Modified_read_depth	Modified_effective_depth	Modified_rate	Modified_off_target_mapped_depth	Modified_low_mapq_mapped_depth	Modified_primer_pair_1_mapped_depth	Untreated_mutations	Untreated_read_depth	Untreated_effective_depth	Untreated_rate	Untreated_off_target_mapped_depth	Untreated_low_mapq_mapped_depth	Untreated_primer_pair_1_mapped_depth	Denatured_mutations	Denatured_read_depth	Denatured_effective_depth	Denatured_rate	Denatured_off_target_mapped_depth	Denatured_low_mapq_mapped_depth	Denatured_primer_pair_1_mapped_depth	Reactivity_profile	Std_err	HQ_profile	HQ_stderr	Norm_profile	Norm_stderr
1	g	0	5634239	0	nan	5	34	5634239	0	0	0	nan	0	0	0	0	0	0	nan	0	0	0	nan	nan	nan	nan	nan	nan
2	g	0	5749271	0	nan	5	37	5749271	0	0	0	nan	0	0	0	0	0	0	nan	0	0	0	nan	nan	nan	nan	nan	nan
3	u	0	5795760	0	nan	5	37	5795760	0	0	0	nan	0	0	0	0	0	0	nan	0	0	0	nan	nan	nan	nan	nan	nan
4	g	0	5806606	0	nan	5	37	5806606	0	0	0	nan	0	0	0	0	0	0	nan	0	0	0	nan	nan	nan	nan	nan	nan
5	u	0	5814462	0	nan	5	38	5814462	0	0	0	nan	0	0	0	0	0	0	nan	0	0	0	nan	nan	nan	nan	nan	nan
6	a	0	5822648	0	nan	5	38	5822648	0	0	0	nan	0	0	0	0	0	0	nan	0	0	0	nan	nan	nan	nan	nan	nan
7	a	0	5826171	0	nan	5	40	5826171	0	0	0	nan	0	0	0	0	0	0	nan	0	0	0	nan	nan	nan	nan	nan	nan
8	g	0	5828072	0	nan	5	40	5828072	0	0	0	nan	0	0	0	0	0	0	nan	0	0	0	nan	nan	nan	nan	nan	nan
9	g	0	5830728	0	nan	5	40	5830728	0	0	0	nan	0	0	0	0	0	0	nan	0	0	0	nan	nan	nan	nan	nan	nan
10	g	0	5834858	0	nan	5	40	5834858	0	0	0	nan	0	0	0	0	0	0	nan	0	0	0	nan	nan	nan	nan	nan	nan
11	u	0	5842453	0	nan	5	40	5842453	0	0	0	nan	0	0	0	0	0	0	nan	0	0	0	nan	nan	nan	nan	nan	nan
12	g	0	5860906	0	nan	179	40	5860906	0	0	0	nan	0	0	0	0	0	0	nan	0	0	0	nan	nan	nan	nan	nan	nan
13	a	0	5883372	0	nan	191	40	5883372	0	0	0	nan	0	0	0	0	0	0	nan	0	0	0	nan	nan	nan	nan	nan	nan
14	a	0	5909226	0	nan	240	40	5909226	0	0	0	nan	0	0	0	0	0	0	nan	0	0	0	nan	nan	nan	nan	nan	nan
15	g	0	5931968	0	nan	1433	40	5931968	0	0	0	nan	0	0	0	0	0	0	nan	0	0	0	nan	nan	nan	nan	nan	nan
16	u	0	5951668	0	nan	1436	40	5951668	0	0	0	nan	0	0	0	0	0	0	nan	0	0	0	nan	nan	nan	nan	nan	nan
17	g	0	5960364	0	nan	1446	40	5960364	0	0	0	nan	0	0	0	0	0	0	nan	0	0	0	nan	nan	nan	nan	nan	nan
18	u	0	5966392	0	nan	1449	40	5966392	0	0	0	nan	0	0	0	0	0	0	nan	0	0	0	nan	nan	nan	nan	nan	nan
19	a	0	5970692	0	nan	1449	40	5970692	0	0	0	nan	0	0	0	0	0	0	nan	0	0	0	nan	nan	nan	nan	nan	nan
20	A	0	5972941	547	0.000000	1449	40	5972941	0	0	0	nan	0	0	0	0	0	0	nan	0	0	0	0.000000	0.000000	nan	nan	nan	nan
21	G	0	5974464	813	0.000000	1449	40	5974464	0	0	0	nan	0	0	0	0	0	0	nan	0	0	0	0.000000	0.000000	nan	nan	nan	nan
22	G	0	5976825	1542	0.000000	1449	40	5976825	0	0	0	nan	0	0	0	0	0	0	nan	0	0	0	0.000000	0.000000	nan	nan	nan	nan
23	U	0	5981095	5086184	0.000000	1449	40	5981095	0	0	0	nan	0	0	0	0	0	0	nan	0	0	0	0.000000	0.000000	0.000000	0.000000	0.000000	0.000000
24	U	12149	5984223	5165021	0.002352	1449	40	5984223	0	0	0	nan	0	0	0	0	0	0	nan	0	0	0	0.002352	0.000021	0.002352	0.000021	0.479511	0.004281
25	G	5873	5994250	5216681	0.001126	1449	40	5994250	0	0	0	nan	0	0	0	0	0	0	nan	0	0	0	0.001126	0.000015	0.001126	0.000015	0.423906	0.005647
26	A	130295	6010656	5391707	0.024166	1449	40	6010575	0	0	0	nan	0	0	0	0	0	0	nan	0	0	0	0.024166	0.000067	0.024166	0.000067	1.097295	0.003042
27	A	132867	6016090	5202946	0.025537	1449	40	6015955	0	0	0	nan	0	0	0	0	0	0	nan	0	0	0	0.025537	0.000070	0.025537	0.000070	1.159547	0.003178
28	C	89640	6018348	5024482	0.017841	1449	40	6018178	0	0	0	nan	0	0	0	0	0	0	nan	0	0	0	0.017841	0.000060	0.017841	0.000060	1.280049	0.004305
29	U	15169	6021656	4961101	0.003058	1449	40	6021474	0	0	0	nan	0	0	0	0	0	0	nan	0	0	0	0.003058	0.000025	0.003058	0.000025	0.623445	0.005097
30	U	7722	6025736	4975394	0.001552	1448	40	6025532	0	0	0	nan	0	0	0	0	0	0	nan	0	0	0	0.001552	0.000018	0.001552	0.000018	0.316412	0.003670
31	U	6688	6030722	4885333	0.001369	1448	40	6030487	0	0	0	nan	0	0	0	0	0	0	nan	0	0	0	0.001369	0.000017	0.001369	0.000017	0.279103	0.003466
32	U	25283	6035431	4949835	0.005108	1450	40	6035171	0	0	0	nan	0	0	0	0	0	0	nan	0	0	0	0.005108	0.000032	0.005108	0.000032	1.041386	0.006524
33	G	3546	6090376	5059675	0.000701	1450	40	6090095	0	0	0	nan	0	0	0	0	0	0	nan	0	0	0	0.000701	0.000012	0.000701	0.000012	0.263906	0.004518
34	A	44871	6141721	5583250	0.008037	1450	40	6141482	0	0	0	nan	0	0	0	0	0	0	nan	0	0	0	0.008037	0.000038	0.008037	0.000038	0.364933	0.001725
35	A	43500	6164740	5624718	0.007734	1451	40	6164523	0	0	0	nan	0	0	0	0	0	0	nan	0	0	0	0.007734	0.000037	0.007734	0.000037	0.351174	0.001680
36	U	3486	6169234	5540630	0.000629	1452	41	6169014	0	0	0	nan	0	0	0	0	0	0	nan	0	0	0	0.000629	0.000011	0.000629	0.000011	0.128236	0.002243
37	A	372147	6172562	5124498	0.072621	1452	41	6172315	0	0	0	nan	0	0	0	0	0	0	nan	0	0	0	0.072621	0.000119	0.072621	0.000119	3.297470	0.005403
38	G	13679	6175590	5023465	0.002723	1475	41	6175359	0	0	0	nan	0	0	0	0	0	0	nan	0	0	0	0.002723	0.000023	0.002723	0.000023	1.025129	0.008659
39	U	8536	6179043	5046278	0.001692	1475	41	6178809	0	0	0	nan	0	0	0	0	0	0	nan	0	0	0	0.001692	0.000018	0.001692	0.000018	0.344954	0.003670
40	G	8994	6183410	5255425	0.001711	1475	41	6183158	0	0	0	nan	0	0	0	0	0	0	nan	0	0	0	0.001711	0.000018	0.001711	0.000018	0.644141	0.006776
41	A	82016	6201686	5259078	0.015595	1475	41	6201435	0	0	0	nan	0	0	0	0	0	0	nan	0	0	0	0.015595	0.000054	0.015595	0.000054	0.708115	0.002452
42	U	21349	6206292	5185433	0.004117	1477	41	6206050	0	0	0	nan	0	0	0	0	0	0	nan	0	0	0	0.004117	0.000028	0.004117	0.000028	0.839348	0.005708
43	U	9133	6215679	5157506	0.001771	1485	41	6215448	0	0	0	nan	0	0	0	0	0	0	nan	0	0	0	0.001771	0.000019	0.001771	0.000019	0.361060	0.003874
44	C	11627	6231478	5219143	0.002228	1485	41	6231233	0	0	0	nan	0	0	0	0	0	0	nan	0	0	0	0.002228	0.000021	0.002228	0.000021	0.159854	0.001507
45	A	27695	6243992	5266064	0.005259	1486	41	6243738	0	0	0	nan	0	0	0	0	0	0	nan	0	0	0	0.005259	0.000032	0.005259	0.000032	0.238793	0.001453
46	G	6341	6252111	5112034	0.001240	1488	41	6251859	0	0	0	nan	0	0	0	0	0	0	nan	0	0	0	0.001240	0.000016	0.001240	0.000016	0.466824	0.006024
47	G	13732	6268653	5212492	0.002634	1485	41	6268402	0	0	0	nan	0	0	0	0	0	0	nan	0	0	0	0.002634	0.000022	0.002634	0.000022	0.991624	0.008282
48	A	24572	6293552	5077915	0.004839	1483	41	6293307	0	0	0	nan	0	0	0	0	0	0	nan	0	0	0	0.004839	0.000031	0.004839	0.000031	0.219722	0.001408
49	G	39212	6298862	5219591	0.007512	1478	41	6298627	0	0	0	nan	0	0	0	0	0	0	nan	0	0	0	0.007512	0.000038	0.007512	0.000038	2.828047	0.014306
50	G	5669	6316288	4973262	0.001140	1478	41	6316105	0	0	0	nan	0	0	0	0	0	0	nan	0	0	0	0.001140	0.000015	0.001140	0.000015	0.429176	0.005647
51	U	25421	6323495	5182193	0.004905	1478	41	6323362	0	0	0	nan	0	0	0	0	0	0	nan	0	0	0	0.004905	0.000031	0.004905	0.000031	1.000000	0.006320
52	U	18859	6335220	5198788	0.003628	1478	41	6335109	0	0	0	nan	0	0	0	0	0	0	nan	0	0	0	0.003628	0.000026	0.003628	0.000026	0.739653	0.005301
53	A	31544	6346328	5577532	0.005656	1477	41	6346227	0	0	0	nan	0	0	0	0	0	0	nan	0	0	0	0.005656	0.000032	0.005656	0.000032	0.256819	0.001453
54	A	40755	6354062	5634707	0.007233	1475	41	6353989	0	0	0	nan	0	0	0	0	0	0	nan	0	0	0	0.007233	0.000036	0.007233	0.000036	0.328426	0.001635
55	U	20938	6355442	5445508	0.003845	1474	41	6355378	0	0	0	nan	0	0	0	0	0	0	nan	0	0	0	0.003845	0.000027	0.003845	0.000027	0.783894	0.005505
56	G	8549	6358150	5163016	0.001656	1473	41	6358094	0	0	0	nan	0	0	0	0	0	0	nan	0	0	0	0.001656	0.000018	0.001656	0.000018	0.623435	0.006776
57	G	0	6360385	5321215	0.000000	1472	41	6360359	0	0	0	nan	0	0	0	0	0	0	nan	0	0	0	0.000000	0.000000	0.000000	0.000000	0.000000	0.000000
58	A	0	6364427	131	0.000000	1468	41	6364427	0	0	0	nan	0	0	0	0	0	0	nan	0	0	0	0.000000	0.000000	nan	nan	nan	nan
59	A	0	6364271	96	0.000000	1467	41	6364271	0	0	0	nan	0	0	0	0	0	0	nan	0	0	0	0.000000	0.000000	nan	nan	nan	nan
60	G	0	6364144	48	0.000000	1467	41	6364144	0	0	0	nan	0	0	0	0	0	0	nan	0	0	0	0.000000	0.000000	nan	nan	nan	nan
61	u	0	6364034	0	nan	1467	41	6364034	0	0	0	nan	0	0	0	0	0	0	nan	0	0	0	nan	nan	nan	nan	nan	nan
62	a	0	6363823	0	nan	1457	41	6363823	0	0	0	nan	0	0	0	0	0	0	nan	0	0	0	nan	nan	nan	nan	nan	nan
63	a	0	6363722	0	nan	1450	41	6363722	0	0	0	nan	0	0	0	0	0	0	nan	0	0	0	nan	nan	nan	nan	nan	nan
64	a	0	6363676	0	nan	1449	41	6363676	0	0	0	nan	0	0	0	0	0	0	nan	0	0	0	nan	nan	nan	nan	nan	nan
65	g	0	6363634	0	nan	1448	41	6363634	0	0	0	nan	0	0	0	0	0	0	nan	0	0	0	nan	nan	nan	nan	nan	nan
66	g	0	6363604	0	nan	1440	41	6363604	0	0	0	nan	0	0	0	0	0	0	nan	0	0	0	nan	nan	nan	nan	nan	nan
67	u	0	6363575	0	nan	1439	41	6363575	0	0	0	nan	0	0	0	0	0	0	nan	0	0	0	nan	nan	nan	nan	nan	nan
68	a	0	6363523	0	nan	1436	41	6363523	0	0	0	nan	0	0	0	0	0	0	nan	0	0	0	nan	nan	nan	nan	nan	nan
69	a	0	6363499	0	nan	1435	41	6363499	0	0	0	nan	0	0	0	0	0	0	nan	0	0	0	nan	nan	nan	nan	nan	nan
70	u	0	6363463	0	nan	1433	41	6363463	0	0	0	nan	0	0	0	0	0	0	nan	0	0	0	nan	nan	nan	nan	nan	nan
71	g	0	6363330	0	nan	1428	41	6363330	0	0	0	nan	0	0	0	0	0	0	nan	0	0	0	nan	nan	nan	nan	nan	nan
72	a	0	6363192	0	nan	1411	40	6363192	0	0	0	nan	0	0	0	0	0	0	nan	0	0	0	nan	nan	nan	nan	nan	nan
73	a	0	6363144	0	nan	1410	40	6363144	0	0	0	nan	0	0	0	0	0	0	nan	0	0	0	nan	nan	nan	nan	nan	nan
74	g	0	6363105	0	nan	1408	38	6363105	0	0	0	nan	0	0	0	0	0	0	nan	0	0	0	nan	nan	nan	nan	nan	nan
75	g	0	6363072	0	nan	1403	38	6363072	0	0	0	nan	0	0	0	0	0	0	nan	0	0	0	nan	nan	nan	nan	nan	nan
76	u	0	6363012	0	nan	1403	38	6363012	0	0	0	nan	0	0	0	0	0	0	nan	0	0	0	nan	nan	nan	nan	nan	nan
77	g	0	6362958	0	nan	1401	38	6362958	0	0	0	nan	0	0	0	0	0	0	nan	0	0	0	nan	nan	nan	nan	nan	nan
78	a	0	6362830	0	nan	1385	38	6362830	0	0	0	nan	0	0	0	0	0	0	nan	0	0	0	nan	nan	nan	nan	nan	nan
79	a	0	6359532	0	nan	1369	37	6359532	0	0	0	nan	0	0	0	0	0	0	nan	0	0	0	nan	nan	nan	nan	nan	nan
80	g	0	6357213	0	nan	1361	36	6357213	0	0	0	nan	0	0	0	0	0	0	nan	0	0	0	nan	nan	nan	nan	nan	nan