Nucleotide	Sequence	Modified_mutations	Modified_read_depth	Modified_effective_depth	Modified_rate	Modified_off_target_mapped_depth	Modified_low_mapq_mapped_depth	Modified_primer_pair_1_mapped_depth	Untreated_mutations	Untreated_read_depth	Untreated_effective_depth	Untreated_rate	Untreated_off_target_mapped_depth	Untreated_low_mapq_mapped_depth	Untreated_primer_pair_1_mapped_depth	Denatured_mutations	Denatured_read_depth	Denatured_effective_depth	Denatured_rate	Denatured_off_target_mapped_depth	Denatured_low_mapq_mapped_depth	Denatured_primer_pair_1_mapped_depth	Reactivity_profile	Std_err	HQ_profile	HQ_stderr	Norm_profile	Norm_stderr
1	g	0	7327586	0	nan	104	2503	7327586	0	0	0	nan	0	0	0	0	0	0	nan	0	0	0	nan	nan	nan	nan	nan	nan
2	g	0	7369482	0	nan	104	2512	7369482	0	0	0	nan	0	0	0	0	0	0	nan	0	0	0	nan	nan	nan	nan	nan	nan
3	u	0	7378131	0	nan	104	2518	7378131	0	0	0	nan	0	0	0	0	0	0	nan	0	0	0	nan	nan	nan	nan	nan	nan
4	g	0	7382990	0	nan	104	2541	7382990	0	0	0	nan	0	0	0	0	0	0	nan	0	0	0	nan	nan	nan	nan	nan	nan
5	u	0	7393886	0	nan	104	2552	7393886	0	0	0	nan	0	0	0	0	0	0	nan	0	0	0	nan	nan	nan	nan	nan	nan
6	a	0	7397209	0	nan	104	2732	7397209	0	0	0	nan	0	0	0	0	0	0	nan	0	0	0	nan	nan	nan	nan	nan	nan
7	a	0	7398138	0	nan	104	2735	7398138	0	0	0	nan	0	0	0	0	0	0	nan	0	0	0	nan	nan	nan	nan	nan	nan
8	g	0	7398679	0	nan	104	2738	7398679	0	0	0	nan	0	0	0	0	0	0	nan	0	0	0	nan	nan	nan	nan	nan	nan
9	g	0	7399337	0	nan	104	2744	7399337	0	0	0	nan	0	0	0	0	0	0	nan	0	0	0	nan	nan	nan	nan	nan	nan
10	g	0	7400677	0	nan	104	2763	7400677	0	0	0	nan	0	0	0	0	0	0	nan	0	0	0	nan	nan	nan	nan	nan	nan
11	u	0	7403602	0	nan	104	2764	7403602	0	0	0	nan	0	0	0	0	0	0	nan	0	0	0	nan	nan	nan	nan	nan	nan
12	g	0	7414644	0	nan	158	2966	7414644	0	0	0	nan	0	0	0	0	0	0	nan	0	0	0	nan	nan	nan	nan	nan	nan
13	a	0	7430946	0	nan	165	2992	7430946	0	0	0	nan	0	0	0	0	0	0	nan	0	0	0	nan	nan	nan	nan	nan	nan
14	a	0	7440683	0	nan	186	2995	7440683	0	0	0	nan	0	0	0	0	0	0	nan	0	0	0	nan	nan	nan	nan	nan	nan
15	g	0	7445732	0	nan	617	2996	7445732	0	0	0	nan	0	0	0	0	0	0	nan	0	0	0	nan	nan	nan	nan	nan	nan
16	u	0	7452978	0	nan	617	2997	7452978	0	0	0	nan	0	0	0	0	0	0	nan	0	0	0	nan	nan	nan	nan	nan	nan
17	g	0	7455591	0	nan	617	3082	7455591	0	0	0	nan	0	0	0	0	0	0	nan	0	0	0	nan	nan	nan	nan	nan	nan
18	u	0	7457705	0	nan	620	3096	7457705	0	0	0	nan	0	0	0	0	0	0	nan	0	0	0	nan	nan	nan	nan	nan	nan
19	a	0	7459415	0	nan	636	3557	7459415	0	0	0	nan	0	0	0	0	0	0	nan	0	0	0	nan	nan	nan	nan	nan	nan
20	A	0	7461396	875	0.000000	636	3557	7461396	0	0	0	nan	0	0	0	0	0	0	nan	0	0	0	0.000000	0.000000	nan	nan	nan	nan
21	G	0	7462699	1016	0.000000	636	3557	7462699	0	0	0	nan	0	0	0	0	0	0	nan	0	0	0	0.000000	0.000000	nan	nan	nan	nan
22	G	0	7463590	979	0.000000	636	3557	7463590	0	0	0	nan	0	0	0	0	0	0	nan	0	0	0	0.000000	0.000000	nan	nan	nan	nan
23	U	0	7465720	6766536	0.000000	636	3557	7465720	0	0	0	nan	0	0	0	0	0	0	nan	0	0	0	0.000000	0.000000	0.000000	0.000000	0.000000	0.000000
24	U	15467	7467087	6819769	0.002268	636	3558	7467087	0	0	0	nan	0	0	0	0	0	0	nan	0	0	0	0.002268	0.000018	0.002268	0.000018	0.665884	0.005285
25	G	10640	7471781	6762616	0.001573	636	3558	7471781	0	0	0	nan	0	0	0	0	0	0	nan	0	0	0	0.001573	0.000015	0.001573	0.000015	0.754527	0.007195
26	A	50989	7478908	6920415	0.007368	636	3558	7478857	0	0	0	nan	0	0	0	0	0	0	nan	0	0	0	0.007368	0.000033	0.007368	0.000033	0.601273	0.002693
27	C	15361	7481946	6666893	0.002304	636	3558	7481840	0	0	0	nan	0	0	0	0	0	0	nan	0	0	0	0.002304	0.000019	0.002304	0.000019	0.771213	0.006360
28	C	21276	7483283	6658551	0.003195	636	3558	7483157	0	0	0	nan	0	0	0	0	0	0	nan	0	0	0	0.003195	0.000022	0.003195	0.000022	1.069456	0.007364
29	U	25232	7486901	6626477	0.003808	636	3558	7486750	0	0	0	nan	0	0	0	0	0	0	nan	0	0	0	0.003808	0.000024	0.003808	0.000024	1.118027	0.007046
30	U	11271	7493348	6738662	0.001673	636	3558	7493177	0	0	0	nan	0	0	0	0	0	0	nan	0	0	0	0.001673	0.000016	0.001673	0.000016	0.491192	0.004698
31	U	12587	7499600	6762757	0.001861	636	3558	7499398	0	0	0	nan	0	0	0	0	0	0	nan	0	0	0	0.001861	0.000017	0.001861	0.000017	0.546389	0.004991
32	U	14917	7506004	6829572	0.002184	636	3558	7505766	0	0	0	nan	0	0	0	0	0	0	nan	0	0	0	0.002184	0.000018	0.002184	0.000018	0.641221	0.005285
33	G	3593	7540930	6904315	0.000520	636	3558	7540656	0	0	0	nan	0	0	0	0	0	0	nan	0	0	0	0.000520	0.000009	0.000520	0.000009	0.249430	0.004317
34	A	39753	7554542	7321548	0.005430	637	3558	7554294	0	0	0	nan	0	0	0	0	0	0	nan	0	0	0	0.005430	0.000027	0.005430	0.000027	0.443121	0.002203
35	A	41780	7558034	7312883	0.005713	637	3558	7557783	0	0	0	nan	0	0	0	0	0	0	nan	0	0	0	0.005713	0.000028	0.005713	0.000028	0.466215	0.002285
36	U	5397	7559201	7269723	0.000742	637	3558	7558925	0	0	0	nan	0	0	0	0	0	0	nan	0	0	0	0.000742	0.000010	0.000742	0.000010	0.217851	0.002936
37	A	442491	7559854	7034765	0.062901	637	3558	7559532	0	0	0	nan	0	0	0	0	0	0	nan	0	0	0	0.062901	0.000095	0.062901	0.000095	5.133099	0.007753
38	G	11989	7560843	6904594	0.001736	651	3558	7560539	0	0	0	nan	0	0	0	0	0	0	nan	0	0	0	0.001736	0.000016	0.001736	0.000016	0.832714	0.007675
39	U	14935	7561478	6948205	0.002149	651	3558	7561161	0	0	0	nan	0	0	0	0	0	0	nan	0	0	0	0.002149	0.000018	0.002149	0.000018	0.630945	0.005285
40	G	15481	7562209	7049807	0.002196	658	3558	7561872	0	0	0	nan	0	0	0	0	0	0	nan	0	0	0	0.002196	0.000018	0.002196	0.000018	1.053364	0.008634
41	A	104935	7565137	7035356	0.014915	658	3558	7564791	0	0	0	nan	0	0	0	0	0	0	nan	0	0	0	0.014915	0.000046	0.014915	0.000046	1.217154	0.003754
42	U	21391	7566157	6990666	0.003060	659	3558	7565826	0	0	0	nan	0	0	0	0	0	0	nan	0	0	0	0.003060	0.000021	0.003060	0.000021	0.898415	0.006166
43	U	11235	7568413	6928562	0.001622	666	3558	7568062	0	0	0	nan	0	0	0	0	0	0	nan	0	0	0	0.001622	0.000015	0.001622	0.000015	0.476218	0.004404
44	C	19265	7572090	6928848	0.002780	668	3558	7571689	0	0	0	nan	0	0	0	0	0	0	nan	0	0	0	0.002780	0.000020	0.002780	0.000020	0.930544	0.006695
45	A	39657	7575015	6949058	0.005707	667	3558	7574585	0	0	0	nan	0	0	0	0	0	0	nan	0	0	0	0.005707	0.000029	0.005707	0.000029	0.465725	0.002367
46	G	6379	7577482	6803608	0.000938	665	3558	7577064	0	0	0	nan	0	0	0	0	0	0	nan	0	0	0	0.000938	0.000012	0.000938	0.000012	0.449934	0.005756
47	G	12055	7582653	6883600	0.001751	666	3558	7582233	0	0	0	nan	0	0	0	0	0	0	nan	0	0	0	0.001751	0.000016	0.001751	0.000016	0.839909	0.007675
48	A	18763	7590897	6779069	0.002768	670	3558	7590473	0	0	0	nan	0	0	0	0	0	0	nan	0	0	0	0.002768	0.000020	0.002768	0.000020	0.225885	0.001632
49	G	21001	7592741	6844803	0.003068	669	3558	7592338	0	0	0	nan	0	0	0	0	0	0	nan	0	0	0	0.003068	0.000021	0.003068	0.000021	1.471639	0.010073
50	G	6534	7604817	6657858	0.000981	700	3558	7604460	0	0	0	nan	0	0	0	0	0	0	nan	0	0	0	0.000981	0.000012	0.000981	0.000012	0.470560	0.005756
51	U	23234	7609808	6821169	0.003406	699	3558	7609533	0	0	0	nan	0	0	0	0	0	0	nan	0	0	0	0.003406	0.000022	0.003406	0.000022	1.000000	0.006459
52	U	20254	7618063	6819154	0.002970	708	3558	7617841	0	0	0	nan	0	0	0	0	0	0	nan	0	0	0	0.002970	0.000021	0.002970	0.000021	0.871991	0.006166
53	A	61120	7623535	7068978	0.008646	707	3558	7623319	0	0	0	nan	0	0	0	0	0	0	nan	0	0	0	0.008646	0.000035	0.008646	0.000035	0.705566	0.002856
54	A	88771	7627897	7244204	0.012254	709	3558	7627751	0	0	0	nan	0	0	0	0	0	0	nan	0	0	0	0.012254	0.000041	0.012254	0.000041	1.000000	0.003346
55	U	13447	7629201	7171232	0.001875	709	3558	7629089	0	0	0	nan	0	0	0	0	0	0	nan	0	0	0	0.001875	0.000016	0.001875	0.000016	0.550499	0.004698
56	G	11249	7630341	6957047	0.001617	708	3558	7630249	0	0	0	nan	0	0	0	0	0	0	nan	0	0	0	0.001617	0.000015	0.001617	0.000015	0.775633	0.007195
57	G	0	7631557	6992974	0.000000	708	3558	7631477	0	0	0	nan	0	0	0	0	0	0	nan	0	0	0	0.000000	0.000000	0.000000	0.000000	0.000000	0.000000
58	A	0	7633902	65	0.000000	706	3558	7633902	0	0	0	nan	0	0	0	0	0	0	nan	0	0	0	0.000000	0.000000	nan	nan	nan	nan
59	A	0	7633811	55	0.000000	704	3558	7633811	0	0	0	nan	0	0	0	0	0	0	nan	0	0	0	0.000000	0.000000	nan	nan	nan	nan
60	G	0	7633743	24	0.000000	704	3558	7633743	0	0	0	nan	0	0	0	0	0	0	nan	0	0	0	0.000000	0.000000	nan	nan	nan	nan
61	u	0	7633690	0	nan	704	3558	7633690	0	0	0	nan	0	0	0	0	0	0	nan	0	0	0	nan	nan	nan	nan	nan	nan
62	a	0	7633549	0	nan	697	3555	7633549	0	0	0	nan	0	0	0	0	0	0	nan	0	0	0	nan	nan	nan	nan	nan	nan
63	a	0	7633467	0	nan	690	3554	7633467	0	0	0	nan	0	0	0	0	0	0	nan	0	0	0	nan	nan	nan	nan	nan	nan
64	a	0	7633428	0	nan	686	3549	7633428	0	0	0	nan	0	0	0	0	0	0	nan	0	0	0	nan	nan	nan	nan	nan	nan
65	g	0	7633390	0	nan	651	2615	7633390	0	0	0	nan	0	0	0	0	0	0	nan	0	0	0	nan	nan	nan	nan	nan	nan
66	g	0	7633357	0	nan	623	2535	7633357	0	0	0	nan	0	0	0	0	0	0	nan	0	0	0	nan	nan	nan	nan	nan	nan
67	u	0	7633329	0	nan	610	2524	7633329	0	0	0	nan	0	0	0	0	0	0	nan	0	0	0	nan	nan	nan	nan	nan	nan
68	a	0	7633295	0	nan	596	2215	7633295	0	0	0	nan	0	0	0	0	0	0	nan	0	0	0	nan	nan	nan	nan	nan	nan
69	a	0	7633267	0	nan	589	2205	7633267	0	0	0	nan	0	0	0	0	0	0	nan	0	0	0	nan	nan	nan	nan	nan	nan
70	u	0	7633245	0	nan	588	2155	7633245	0	0	0	nan	0	0	0	0	0	0	nan	0	0	0	nan	nan	nan	nan	nan	nan
71	g	0	7633128	0	nan	586	2142	7633128	0	0	0	nan	0	0	0	0	0	0	nan	0	0	0	nan	nan	nan	nan	nan	nan
72	a	0	7633054	0	nan	586	2130	7633054	0	0	0	nan	0	0	0	0	0	0	nan	0	0	0	nan	nan	nan	nan	nan	nan
73	a	0	7633013	0	nan	586	2128	7633013	0	0	0	nan	0	0	0	0	0	0	nan	0	0	0	nan	nan	nan	nan	nan	nan
74	g	0	7632981	0	nan	586	2126	7632981	0	0	0	nan	0	0	0	0	0	0	nan	0	0	0	nan	nan	nan	nan	nan	nan
75	g	0	7632923	0	nan	586	2121	7632923	0	0	0	nan	0	0	0	0	0	0	nan	0	0	0	nan	nan	nan	nan	nan	nan
76	u	0	7632825	0	nan	586	2121	7632825	0	0	0	nan	0	0	0	0	0	0	nan	0	0	0	nan	nan	nan	nan	nan	nan
77	g	0	7632736	0	nan	586	2084	7632736	0	0	0	nan	0	0	0	0	0	0	nan	0	0	0	nan	nan	nan	nan	nan	nan
78	a	0	7632639	0	nan	586	2074	7632639	0	0	0	nan	0	0	0	0	0	0	nan	0	0	0	nan	nan	nan	nan	nan	nan
79	a	0	7627766	0	nan	580	2063	7627766	0	0	0	nan	0	0	0	0	0	0	nan	0	0	0	nan	nan	nan	nan	nan	nan
80	g	0	7625177	0	nan	579	2040	7625177	0	0	0	nan	0	0	0	0	0	0	nan	0	0	0	nan	nan	nan	nan	nan	nan