Nucleotide	Sequence	Modified_mutations	Modified_read_depth	Modified_effective_depth	Modified_rate	Modified_off_target_mapped_depth	Modified_low_mapq_mapped_depth	Modified_primer_pair_1_mapped_depth	Untreated_mutations	Untreated_read_depth	Untreated_effective_depth	Untreated_rate	Untreated_off_target_mapped_depth	Untreated_low_mapq_mapped_depth	Untreated_primer_pair_1_mapped_depth	Denatured_mutations	Denatured_read_depth	Denatured_effective_depth	Denatured_rate	Denatured_off_target_mapped_depth	Denatured_low_mapq_mapped_depth	Denatured_primer_pair_1_mapped_depth	Reactivity_profile	Std_err	HQ_profile	HQ_stderr	Norm_profile	Norm_stderr
1	g	0	203920	0	nan	0	2	203920	0	0	0	nan	0	0	0	0	0	0	nan	0	0	0	nan	nan	nan	nan	nan	nan
2	g	0	204108	0	nan	0	2	204108	0	0	0	nan	0	0	0	0	0	0	nan	0	0	0	nan	nan	nan	nan	nan	nan
3	u	0	204198	0	nan	0	2	204198	0	0	0	nan	0	0	0	0	0	0	nan	0	0	0	nan	nan	nan	nan	nan	nan
4	g	0	204207	0	nan	0	2	204207	0	0	0	nan	0	0	0	0	0	0	nan	0	0	0	nan	nan	nan	nan	nan	nan
5	u	0	204219	0	nan	0	2	204219	0	0	0	nan	0	0	0	0	0	0	nan	0	0	0	nan	nan	nan	nan	nan	nan
6	a	0	204219	0	nan	0	2	204219	0	0	0	nan	0	0	0	0	0	0	nan	0	0	0	nan	nan	nan	nan	nan	nan
7	a	0	204221	0	nan	0	2	204221	0	0	0	nan	0	0	0	0	0	0	nan	0	0	0	nan	nan	nan	nan	nan	nan
8	g	0	204222	0	nan	0	2	204222	0	0	0	nan	0	0	0	0	0	0	nan	0	0	0	nan	nan	nan	nan	nan	nan
9	g	0	204232	0	nan	0	2	204232	0	0	0	nan	0	0	0	0	0	0	nan	0	0	0	nan	nan	nan	nan	nan	nan
10	g	0	205276	0	nan	1	2	205276	0	0	0	nan	0	0	0	0	0	0	nan	0	0	0	nan	nan	nan	nan	nan	nan
11	u	0	205286	0	nan	1	2	205286	0	0	0	nan	0	0	0	0	0	0	nan	0	0	0	nan	nan	nan	nan	nan	nan
12	g	0	205294	0	nan	1	2	205294	0	0	0	nan	0	0	0	0	0	0	nan	0	0	0	nan	nan	nan	nan	nan	nan
13	a	0	205294	0	nan	1	2	205294	0	0	0	nan	0	0	0	0	0	0	nan	0	0	0	nan	nan	nan	nan	nan	nan
14	a	0	205295	0	nan	1	2	205295	0	0	0	nan	0	0	0	0	0	0	nan	0	0	0	nan	nan	nan	nan	nan	nan
15	g	0	205295	0	nan	23	2	205295	0	0	0	nan	0	0	0	0	0	0	nan	0	0	0	nan	nan	nan	nan	nan	nan
16	u	0	205295	0	nan	23	2	205295	0	0	0	nan	0	0	0	0	0	0	nan	0	0	0	nan	nan	nan	nan	nan	nan
17	g	0	205296	0	nan	23	2	205296	0	0	0	nan	0	0	0	0	0	0	nan	0	0	0	nan	nan	nan	nan	nan	nan
18	u	0	205296	0	nan	23	2	205296	0	0	0	nan	0	0	0	0	0	0	nan	0	0	0	nan	nan	nan	nan	nan	nan
19	a	0	205299	0	nan	23	2	205299	0	0	0	nan	0	0	0	0	0	0	nan	0	0	0	nan	nan	nan	nan	nan	nan
20	A	0	205307	8	0.000000	23	2	205307	0	0	0	nan	0	0	0	0	0	0	nan	0	0	0	0.000000	0.000000	nan	nan	nan	nan
21	G	0	205317	14	0.000000	23	2	205317	0	0	0	nan	0	0	0	0	0	0	nan	0	0	0	0.000000	0.000000	nan	nan	nan	nan
22	G	0	205327	22	0.000000	23	2	205327	0	0	0	nan	0	0	0	0	0	0	nan	0	0	0	0.000000	0.000000	nan	nan	nan	nan
23	U	0	205338	205134	0.000000	23	2	205338	0	0	0	nan	0	0	0	0	0	0	nan	0	0	0	0.000000	0.000000	0.000000	0.000000	0.000000	0.000000
24	U	354	205347	205117	0.001726	23	2	205347	0	0	0	nan	0	0	0	0	0	0	nan	0	0	0	0.001726	0.000092	0.001726	0.000092	0.614454	0.032752
25	G	95	205349	204760	0.000464	23	2	205349	0	0	0	nan	0	0	0	0	0	0	nan	0	0	0	0.000464	0.000048	0.000464	0.000048	nan	nan
26	A	809	205350	204945	0.003947	23	2	205349	0	0	0	nan	0	0	0	0	0	0	nan	0	0	0	0.003947	0.000139	0.003947	0.000139	0.874875	0.030810
27	A	816	205350	204873	0.003983	23	2	205348	0	0	0	nan	0	0	0	0	0	0	nan	0	0	0	0.003983	0.000139	0.003983	0.000139	0.882855	0.030810
28	C	1051	205352	204791	0.005132	23	2	205350	0	0	0	nan	0	0	0	0	0	0	nan	0	0	0	0.005132	0.000158	0.005132	0.000158	0.946995	0.029155
29	U	306	205352	204798	0.001494	23	2	205350	0	0	0	nan	0	0	0	0	0	0	nan	0	0	0	0.001494	0.000085	0.001494	0.000085	0.531862	0.030260
30	U	434	205353	204979	0.002117	23	2	205351	0	0	0	nan	0	0	0	0	0	0	nan	0	0	0	0.002117	0.000102	0.002117	0.000102	0.753649	0.036312
31	U	576	205353	205041	0.002809	23	2	205349	0	0	0	nan	0	0	0	0	0	0	nan	0	0	0	0.002809	0.000117	0.002809	0.000117	1.000000	0.041652
32	U	301	205353	205026	0.001468	23	2	205323	0	0	0	nan	0	0	0	0	0	0	nan	0	0	0	0.001468	0.000085	0.001468	0.000085	0.522606	0.030260
33	G	140	205364	204619	0.000684	23	2	205322	0	0	0	nan	0	0	0	0	0	0	nan	0	0	0	0.000684	0.000058	0.000684	0.000058	nan	nan
34	A	923	205375	204801	0.004507	23	2	205328	0	0	0	nan	0	0	0	0	0	0	nan	0	0	0	0.004507	0.000148	0.004507	0.000148	0.999003	0.032805
35	A	792	205376	204759	0.003868	23	2	205328	0	0	0	nan	0	0	0	0	0	0	nan	0	0	0	0.003868	0.000137	0.003868	0.000137	0.857365	0.030367
36	U	272	205377	204721	0.001329	23	2	205329	0	0	0	nan	0	0	0	0	0	0	nan	0	0	0	0.001329	0.000081	0.001329	0.000081	0.473122	0.028836
37	A	830	205379	204779	0.004053	23	2	205329	0	0	0	nan	0	0	0	0	0	0	nan	0	0	0	0.004053	0.000141	0.004053	0.000141	0.898371	0.031253
38	G	86	205408	204362	0.000421	24	2	205387	0	0	0	nan	0	0	0	0	0	0	nan	0	0	0	0.000421	0.000045	0.000421	0.000045	nan	nan
39	U	371	205411	204987	0.001810	24	2	205391	0	0	0	nan	0	0	0	0	0	0	nan	0	0	0	0.001810	0.000094	0.001810	0.000094	0.644357	0.033464
40	G	189	205418	204625	0.000924	24	2	205398	0	0	0	nan	0	0	0	0	0	0	nan	0	0	0	0.000924	0.000067	0.000924	0.000067	nan	nan
41	A	1075	205420	204831	0.005248	24	2	205401	0	0	0	nan	0	0	0	0	0	0	nan	0	0	0	0.005248	0.000160	0.005248	0.000160	1.163249	0.035465
42	U	628	205427	204783	0.003067	24	2	205411	0	0	0	nan	0	0	0	0	0	0	nan	0	0	0	0.003067	0.000122	0.003067	0.000122	1.091848	0.043432
43	U	489	205430	204913	0.002386	25	2	205415	0	0	0	nan	0	0	0	0	0	0	nan	0	0	0	0.002386	0.000108	0.002386	0.000108	0.849413	0.038448
44	C	1130	205438	204886	0.005515	25	2	205425	0	0	0	nan	0	0	0	0	0	0	nan	0	0	0	0.005515	0.000164	0.005515	0.000164	1.017668	0.030262
45	A	961	205460	205012	0.004688	25	2	205449	0	0	0	nan	0	0	0	0	0	0	nan	0	0	0	0.004688	0.000151	0.004688	0.000151	1.039122	0.033470
46	G	139	205477	204573	0.000679	25	2	205467	0	0	0	nan	0	0	0	0	0	0	nan	0	0	0	0.000679	0.000058	0.000679	0.000058	nan	nan
47	G	110	205480	204680	0.000537	25	2	205470	0	0	0	nan	0	0	0	0	0	0	nan	0	0	0	0.000537	0.000051	0.000537	0.000051	nan	nan
48	A	925	205479	204964	0.004513	25	2	205469	0	0	0	nan	0	0	0	0	0	0	nan	0	0	0	0.004513	0.000148	0.004513	0.000148	1.000332	0.032805
49	G	98	205479	204757	0.000479	25	2	205471	0	0	0	nan	0	0	0	0	0	0	nan	0	0	0	0.000479	0.000048	0.000479	0.000048	nan	nan
50	G	146	205482	204821	0.000713	25	2	205475	0	0	0	nan	0	0	0	0	0	0	nan	0	0	0	0.000713	0.000059	0.000713	0.000059	nan	nan
51	U	373	205488	204936	0.001820	25	2	205483	0	0	0	nan	0	0	0	0	0	0	nan	0	0	0	0.001820	0.000094	0.001820	0.000094	0.647917	0.033464
52	U	277	205492	204800	0.001353	25	2	205487	0	0	0	nan	0	0	0	0	0	0	nan	0	0	0	0.001353	0.000081	0.001353	0.000081	0.481666	0.028836
53	A	692	205490	204465	0.003384	25	2	205484	0	0	0	nan	0	0	0	0	0	0	nan	0	0	0	0.003384	0.000129	0.003384	0.000129	0.750083	0.028594
54	A	695	205363	203998	0.003407	25	2	205350	0	0	0	nan	0	0	0	0	0	0	nan	0	0	0	0.003407	0.000129	0.003407	0.000129	0.755181	0.028594
55	U	384	205366	203822	0.001884	25	2	205357	0	0	0	nan	0	0	0	0	0	0	nan	0	0	0	0.001884	0.000096	0.001884	0.000096	0.670701	0.034176
56	G	218	205372	203690	0.001070	25	2	205366	0	0	0	nan	0	0	0	0	0	0	nan	0	0	0	0.001070	0.000072	0.001070	0.000072	nan	nan
57	G	0	205395	203881	0.000000	25	2	205394	0	0	0	nan	0	0	0	0	0	0	nan	0	0	0	0.000000	0.000000	0.000000	0.000000	nan	nan
58	A	0	205405	0	nan	25	2	205405	0	0	0	nan	0	0	0	0	0	0	nan	0	0	0	nan	nan	nan	nan	nan	nan
59	A	0	205405	0	nan	25	2	205405	0	0	0	nan	0	0	0	0	0	0	nan	0	0	0	nan	nan	nan	nan	nan	nan
60	G	0	205405	0	nan	25	2	205405	0	0	0	nan	0	0	0	0	0	0	nan	0	0	0	nan	nan	nan	nan	nan	nan
61	u	0	205405	0	nan	25	2	205405	0	0	0	nan	0	0	0	0	0	0	nan	0	0	0	nan	nan	nan	nan	nan	nan
62	a	0	205405	0	nan	25	2	205405	0	0	0	nan	0	0	0	0	0	0	nan	0	0	0	nan	nan	nan	nan	nan	nan
63	a	0	205405	0	nan	25	2	205405	0	0	0	nan	0	0	0	0	0	0	nan	0	0	0	nan	nan	nan	nan	nan	nan
64	a	0	205405	0	nan	24	2	205405	0	0	0	nan	0	0	0	0	0	0	nan	0	0	0	nan	nan	nan	nan	nan	nan
65	g	0	205405	0	nan	24	2	205405	0	0	0	nan	0	0	0	0	0	0	nan	0	0	0	nan	nan	nan	nan	nan	nan
66	g	0	205405	0	nan	24	2	205405	0	0	0	nan	0	0	0	0	0	0	nan	0	0	0	nan	nan	nan	nan	nan	nan
67	u	0	205405	0	nan	24	2	205405	0	0	0	nan	0	0	0	0	0	0	nan	0	0	0	nan	nan	nan	nan	nan	nan
68	a	0	205405	0	nan	24	2	205405	0	0	0	nan	0	0	0	0	0	0	nan	0	0	0	nan	nan	nan	nan	nan	nan
69	a	0	205405	0	nan	24	2	205405	0	0	0	nan	0	0	0	0	0	0	nan	0	0	0	nan	nan	nan	nan	nan	nan
70	u	0	205405	0	nan	24	2	205405	0	0	0	nan	0	0	0	0	0	0	nan	0	0	0	nan	nan	nan	nan	nan	nan
71	g	0	205404	0	nan	24	2	205404	0	0	0	nan	0	0	0	0	0	0	nan	0	0	0	nan	nan	nan	nan	nan	nan
72	a	0	205404	0	nan	24	2	205404	0	0	0	nan	0	0	0	0	0	0	nan	0	0	0	nan	nan	nan	nan	nan	nan
73	a	0	205404	0	nan	24	2	205404	0	0	0	nan	0	0	0	0	0	0	nan	0	0	0	nan	nan	nan	nan	nan	nan
74	g	0	205402	0	nan	24	2	205402	0	0	0	nan	0	0	0	0	0	0	nan	0	0	0	nan	nan	nan	nan	nan	nan
75	g	0	205400	0	nan	24	2	205400	0	0	0	nan	0	0	0	0	0	0	nan	0	0	0	nan	nan	nan	nan	nan	nan
76	u	0	205386	0	nan	24	2	205386	0	0	0	nan	0	0	0	0	0	0	nan	0	0	0	nan	nan	nan	nan	nan	nan
77	g	0	205383	0	nan	24	2	205383	0	0	0	nan	0	0	0	0	0	0	nan	0	0	0	nan	nan	nan	nan	nan	nan
78	a	0	205380	0	nan	24	2	205380	0	0	0	nan	0	0	0	0	0	0	nan	0	0	0	nan	nan	nan	nan	nan	nan
79	a	0	205351	0	nan	24	2	205351	0	0	0	nan	0	0	0	0	0	0	nan	0	0	0	nan	nan	nan	nan	nan	nan
80	g	0	205253	0	nan	24	2	205253	0	0	0	nan	0	0	0	0	0	0	nan	0	0	0	nan	nan	nan	nan	nan	nan