##TITLE= Parameter file, TopSpin 4.1.4
##JCAMPDX= 5.0
##DATATYPE= Parameter Values
##NPOINTS= 267	$$ modification sequence number
##ORIGIN= Bruker BioSpin GmbH
##OWNER= walkon
$$ 2024-04-14 07:17:35.316 -0500  walkon@hcn600
$$ /home/walkon/data/Lucks/ekc5108/20240413-DMS-UTP-5mM-30C_endproduct/4/acqus
$$ process /opt/topspin4.1.4/prog/au/bin/sertoint
##$ACQT0= 0
##$AMP= (0..31)
100 100 100 100 100 100 100 100 100 100 100 100 100 100 100 100 100 100
100 100 100 100 100 100 100 100 100 100 100 100 100 100
##$AMPCOIL= (0..32)
-1 0 0 0 0 0 0 0 0 0 0 0 0 0 0 0 0 0 0 0 0 0 0 0 0 0 0 0 0 0 0 0 0
##$AQSEQ= 0
##$AQ_mod= 3
##$AUNM= <au_getlinv>
##$AUTOPOS= <51 >
##$BF1= 599.8
##$BF2= 150.81982996
##$BF3= 599.8
##$BF4= 599.8
##$BF5= 599.8
##$BF6= 599.8
##$BF7= 599.8
##$BF8= 599.8
##$BWFAC= (0..63)
0 0 0 0 0 0 0 0 0 0 0 0 0 0 0 0 0 0 0 0 0 0 0 0 0 0 0 0 0 0 0 0 0 0 0 0
0 0 0 0 0 0 0 0 0 0 0 0 0 0 0 0 0 0 0 0 0 0 0 0 0 0 0 0
##$BYTORDA= 0
##$CHANFCU= (0..24)
0 1 0 0 2 0 0 0 0 0 0 0 0 0 0 0 0 0 0 0 0 0 0 0 0
##$CHANREC= (0..24)
0 1 0 0 2 0 0 0 0 0 0 0 0 0 0 0 0 0 0 0 0 0 0 0 0
##$CHEMSTR= <none>
##$CNST= (0..63)
1 1 145 1 1 1 1 1 1 1 1 1 1 1 1 1 1 -0.5 1 1 1 1 1 1 1 1 1 1 1 1 1 1 1
1 1 1 1 1 1 1 1 1 1 1 1 1 1 1 1 1 1 1 1 1 1 1 1 1 1 1 1 1 1 1
##$CPDPRG= (0..8)
<> <> <garp> <> <> <> <> <> <>
##$D= (0..63)
3e-06 2 0 0 0.001724138 0 0 0 0 0 0 0.03 0 0 0 0 0.0002 0 0 0 0 0 0 0 0.00086207
0 0 0 0 0 0 0 0 0 0 0 0 0 0 0 0 0 0 0 0 0 0 0 0 0 0 0 0 0 0 0 0 0 0 0 0
0 0 0
##$DATE= 1713097073
##$DATE_START= 1713062173
##$DE= 20
##$DE1= 4.5
##$DE2= 2
##$DEADC= 0.5
##$DECBNUC= <off>
##$DECIM= 2080
##$DECNUC= <off>
##$DECSTAT= 4
##$DEPA= 4.5
##$DERX= 1.5
##$DIGMOD= 3
##$DIGTYP= 17
##$DR= 32
##$DS= 16
##$DSPFIRM= 4
##$DSPFVS= 21
##$DTYPA= 0
##$EXP= <HSQC_icon>
##$ExpStatus= 4
##$FCUCHAN= (0..9)
0 1 4 0 0 0 0 0 0 0
##$FILCOR= 0
##$FL1= 0
##$FL2= 0
##$FL3= 0
##$FL4= 0
##$FN_INDIRECT= (0..7)
0 0 0 0 0 0 0 0
##$FOV= 0
##$FQ1LIST= <>
##$FQ2LIST= <>
##$FQ3LIST= <>
##$FQ4LIST= <>
##$FQ5LIST= <>
##$FQ6LIST= <>
##$FQ7LIST= <>
##$FQ8LIST= <>
##$FS= (0..7)
83 83 83 83 83 83 83 83
##$FTLPGN= 0
##$FW= 2.4e+08
##$FnILOOP= 0
##$FnMODE= 0
##$FnTYPE= 0
##$GPNAM= (0..31)
<> <SMSQ10.100> <SMSQ10.100> <SMSQ10.100> <SMSQ10.100> <> <> <> <> <> <>
<> <> <> <> <> <> <> <> <> <> <> <> <> <> <> <> <> <> <> <> <>
##$GPX= (0..31)
0 0 0 0 0 0 0 0 0 0 0 0 0 0 0 0 0 0 0 0 0 0 0 0 0 0 0 0 0 0 0 0
##$GPY= (0..31)
0 0 0 0 0 0 0 0 0 0 0 0 0 0 0 0 0 0 0 0 0 0 0 0 0 0 0 0 0 0 0 0
##$GPZ= (0..31)
0 80 20.1 11 -5 0 0 0 0 0 0 0 0 0 0 0 0 0 0 0 0 0 0 0 0 0 0 0 0 0 0 0
##$GRPDLY= 76
##$HDDUTY= 20
##$HDRATE= 1
##$HGAIN= (0..3)
0 0 0 0
##$HL1= 0
##$HL2= 0
##$HL3= 0
##$HL4= 0
##$HOLDER= 20
##$HPMOD= (0..32)
1 0 0 0 0 0 0 0 0 0 0 0 0 0 0 0 0 0 0 0 0 0 0 0 0 0 0 0 0 0 0 0 0
##$HPPRGN= 0
##$IN= (0..63)
2.01e-05 0 0 0 0 0 0 0 0 0 0 0 0 0 0 0 0 0 0 0 0 0 0 0 0 0 0 0 0 0 0 0
0 0 0 0 0 0 0 0 0 0 0 0 0 0 0 0 0 0 0 0 0 0 0 0 0 0 0 0 0 0 0 0
##$INF= (0..7)
0 40.1875 0 0 0 0 0 0
##$INP= (0..63)
0 0 0 0 0 0 0 0 0 0 0 0 0 0 0 0 0 0 0 0 0 0 0 0 0 0 0 0 0 0 0 0 0 0 0 0
0 0 0 0 0 0 0 0 0 0 0 0 0 0 0 0 0 0 0 0 0 0 0 0 0 0 0 0
##$INSTRUM= <Avance NEO600>
##$INTEGFAC= (0..63)
0 0 0 0 0 0 0 0 0 0 0 0 0 0 0 0 0 0 0 0 0 0 0 0 0 0 0 0 0 0 0 0 0 0 0 0
0 0 0 0 0 0 0 0 0 0 0 0 0 0 0 0 0 0 0 0 0 0 0 0 0 0 0 0
##$L= (0..31)
1 1 1 1 1 1 1 1 1 1 1 1 1 1 1 1 1 1 1 1 1 1 1 1 1 1 1 1 1 1 1 1
##$LFILTER= 100
##$LGAIN= -5
##$LINPSTP= 0
##$LOCKED= yes
##$LOCKFLD= 1495
##$LOCKGN= 135.474700927734
##$LOCKPOW= -18
##$LOCKPPM= 4.69999980926514
##$LOCNUC= <2H>
##$LOCPHAS= 182.2318
##$LOCSHFT= yes
##$LOCSW= 0
##$LTIME= 0.349999994039536
##$MASR= 5000
##$MULEXPNO= (0..15)
0 0 0 0 0 0 0 0 0 0 0 0 0 0 0 0
##$NBL= 1
##$NC= -2
##$NLOGCH= 5
##$NOVFLW= 0
##$NS= 64
##$NUC1= <1H>
##$NUC2= <13C>
##$NUC3= <off>
##$NUC4= <off>
##$NUC5= <off>
##$NUC6= <off>
##$NUC7= <off>
##$NUC8= <off>
##$NUCLEUS= <off>
##$NUSLIST= <automatic>
##$NusAMOUNT= 100
##$NusFPNZ= no
##$NusJSP= 0
##$NusSEED= 54321
##$NusSPTYPE= 0
##$NusT2= 1
##$NusTD= 0
##$O1= 3598.8
##$O2= 11311.487
##$O3= 3598.8
##$O4= 3598.8
##$O5= 3598.8
##$O6= 3598.8
##$O7= 3598.8
##$O8= 3598.8
##$OVERFLW= 0
##$P= (0..63)
11 11 22 12.2 24.4 16.5 25 50 20000 25 50 80000 80000 1000 500 0 1000 2500
100000 600 2000 0 0 0 2000 180 100000 11 0 1000 0 1730 20000 0 0 0 40000
0 0 160 2000 0 0 3160 200 0 80000 46600 10000 30000 66000 0 3300 3700 4000
0 0 0 0 0 2500 0 0 1500
##$PACOIL= (0..32)
1 5 2 3 4 0 0 0 0 0 0 0 0 0 0 0 0 0 0 0 0 0 0 0 0 0 0 0 0 0 0 0 0
##$PAPS= 0
##$PARMODE= 1
##$PCPD= (0..9)
0 70 60 0 0 0 0 0 0 0
##$PEXSEL= (0..9)
1 1 1 1 1 1 1 1 1 1
##$PHCOR= (0..31)
0 0 0 0 0 0 0 0 0 0 0 0 0 0 0 0 0 0 0 0 0 0 0 0 0 0 0 0 0 0 0 0
##$PHLIST= <>
##$PH_ref= 0
##$PL= (0..63)
120 120 120 120 120 120 120 120 120 120 120 120 120 120 120 120 120 120
120 120 120 120 120 120 120 120 120 120 120 120 120 120 120 120 120 120
120 120 120 120 120 120 120 120 120 120 120 120 120 120 120 120 120 120
120 120 120 120 120 120 120 120 120 120
##$PLSTEP= 0.1
##$PLSTRT= -6
##$PLW= (0..63)
0 6.2778 127.61 0 0 0 0 0 0 3.0385e-05 1.2154 0.093779 5.276 2.6538 0 30.39
0 0 6.2778 0.15502 0 0.3039 0 0 0.033766 5.6135 1.319 0.093779 0 1.2154
5.276 21.104 1.2154e-06 0 0 0 0 0 0 0 0 0 0 0 0 0 0 0 0 0 0 0 0 0 0 0 0
0 0 0 0 0 0 0
##$PLWMAX= (0..7)
96.58712 388.2139 0 0 0 0 0 0
##$PQPHASE= 0
##$PQSCALE= 1
##$PR= 1
##$PRECHAN= (0..32)
-1 3 -1 0 1 4 -1 2 -1 -1 -1 -1 -1 -1 -1 -1 -1 -1 -1 -1 -1 -1 -1 -1 -1 -1
-1 -1 -1 -1 -1 -1 -1
##$PROBHD= <Z150341_0005 (CP QCI 600S3 H/F-C/N-D-05 Z)>
##$PROBINPUTS= (0..15)
<1H> <19F> <13C> <15N> <2H> <> <> <> <> <> <> <> <> <> <> <>
##$PULPROG= <hsqcetgpsisp2.2>
##$PW= 0
##$PYNM= <>
##$ProjAngle= 0
##$QNP= 0
##$RECCHAN= (0..9)
0 1 4 0 0 0 0 0 0 0
##$RECPH= 0
##$RECPRE= (0..24)
-1 0 -1 -1 3 -1 -1 -1 -1 -1 -1 -1 -1 -1 -1 -1 -1 -1 -1 -1 -1 -1 -1 -1 -1
##$RECPRFX= (0..32)
1 1 1 1 1 0 0 0 0 0 0 0 0 0 0 0 0 0 0 0 0 0 0 0 0 0 0 0 0 0 0 0 0
##$RECSEL= (0..24)
0 1 2 3 4 5 6 7 8 9 10 11 12 13 14 15 16 17 18 19 20 21 22 23 24
##$RG= 101
##$RO= 0
##$RSEL= (0..24)
0 1 0 0 4 0 0 0 0 0 0 0 0 0 0 0 0 0 0 0 0 0 0 0 0
##$SAMPLEID= <>
##$SELREC= (0..24)
0 0 0 0 0 0 0 0 0 0 0 0 0 0 0 0 0 0 0 0 0 0 0 0 0
##$SFO1= 599.8035988
##$SFO2= 150.831141447
##$SFO3= 599.8035988
##$SFO4= 599.8035988
##$SFO5= 599.8035988
##$SFO6= 599.8035988
##$SFO7= 599.8035988
##$SFO8= 599.8035988
##$SHAPPR= (0..15)
0 1 1 1 1 1 1 1 1 1 1 1 1 1 1 1
##$SOLVENT= <H2O+D2O_salt>
##$SOLVOLD= <off>
##$SP= (0..63)
120 120 120 120 120 120 120 120 120 120 120 120 120 120 120 120 120 120
120 120 120 120 120 120 120 120 120 120 120 120 120 120 120 120 120 120
120 120 120 120 120 120 120 120 120 120 120 120 120 120 120 120 120 120
120 120 120 120 120 120 120 120 120 120
##$SPECTR= 0
##$SPINCNT= 0
##$SPNAM= (0..63)
<> <Gaus1_270.1000> <Gaus1_180r.1000> <Crp60,0.5,20.1> <Bip720,100,10.1>
<Sinc1.1000> <Squa100.1000> <Crp60comp.4> <Squa100.1000> <> <Sinc1.1000>
<Sinc1.1000> <> <> <Crp42,0.75,20.2> <> <> <> <Crp60_xfilt.2> <Sinc1.1000>
<Sinc1.1000> <Sinc1.1000> <Sinc1.1000> <> <> <> <Q3_surbop.1> <> <> <Crp60,20,20.10>
<Bip720,50,20.1> <Crp42,1.5,20.2> <Q3_surbop.1> <Sinc1.1000> <Rsnob.1000>
<Gaus1_180r.1000> <Gaus1_180r.1000> <Crp_psyche.20> <> <> <Gaus1_180i.1000>
<Squa100.1000> <> <> <Q5tr.1000> <> <Reburp.1000> <> <> <> <> <> <> <>
<> <> <> <> <> <Crp38,1.25,25.4> <Crp38,2.5,25.4> <0.0> <> <>
##$SPOAL= (0..63)
0.5 1 0.5 0.5 0.5 0.5 0.5 0.5 0.5 0.5 0.5 0.5 0.5 0.5 0.5 0.5 0.5 0.5 0.5
1 1 1 1 0.5 0.5 0.5 0.5 0.5 0.5 0.5 0.5 0.5 0.5 0.5 0.5 0.5 0.5 0.5 0.5
0.5 0.5 0.5 0.5 0.5 0 0.5 0.5 0.5 0.5 0.5 0.5 0.5 0.5 0.5 0.5 0.5 0.5 0.5
0.5 0.5 0.5 0.5 0.5 0.5
##$SPOFFS= (0..63)
0 0 0 0 0 0 0 0 0 0 0 0 0 0 0 0 0 0 0 0 0 0 0 0 0 0 0 0 0 0 0 0 0 0 0 0
0 0 0 0 0 0 0 0 0 0 0 0 0 0 0 0 0 0 0 0 0 0 0 0 0 0 0 0
##$SPPEX= (0..63)
0 0 0 0 0 0 0 0 0 0 0 0 0 0 0 0 0 0 0 0 0 0 0 0 0 0 0 0 0 0 0 0 0 0 0 0
0 0 0 0 0 0 0 0 0 0 0 0 0 0 0 0 0 0 0 0 0 0 0 0 0 0 0 0
##$SPW= (0..63)
0 6.306e-06 2.8027e-06 29.02 47.484 0.0021903 3.0385e-05 29.02 0 0 0.0021903
0.0021903 0 0 8.1256 0 0 0 8.3873 4.473729e-06 6.954266e-06 3.247149e-06
1.751161e-05 0 0 0 0.003271 0 0 0.029015 1.2154 4.0628 0.52411 0.0001369
3.064e-05 2.8027e-06 0.00017937 0.0001002 0 0 4.1178e-06 0 0 0 0.46693
0 0.042069 0 0 0 0 0 0 0 0 0 0 0 0 2.9407 1.4703 0 0 0
##$SUBNAM= (0..9)
<> <> <> <> <> <> <> <> <> <>
##$SW= 16.0308885018724
##$SWIBOX= (0..32)
0 3 0 0 1 0 0 0 0 0 0 0 0 0 0 0 0 0 0 0 0 0 0 0 0 0 0 0 0 0 0 0 0
##$SW_h= 9615.385
##$SWfinal= 0
##$SigLockShift= 0
##$TD= 2048
##$TD0= 1
##$TD_INDIRECT= (0..7)
0 256 0 0 0 0 0 0
##$TDav= 1
##$TE= 298.1495
##$TE1= 299.1519
##$TE2= 0
##$TE3= 0
##$TE4= 0
##$TEG= 300
##$TE_MAGNET= 0
##$TE_PIDX= 1
##$TE_RAW= 299.1519
##$TE_STAB= (0..9)
2 2 0 0 0 0 0 0 0 0
##$TOTROT= (0..63)
0 0 0 0 0 0 0 0 0 0 0 0 0 0 0 0 0 0 0 0 0 0 0 0 0 0 0 0 0 0 0 0 0 0 0 0
0 0 0 0 0 0 0 0 0 0 0 0 0 0 0 0 0 0 0 0 0 0 0 0 0 0 0 0
##$TUBE_TYPE= <>
##$USERA1= <>
##$USERA10= <>
##$USERA2= <>
##$USERA3= <>
##$USERA4= <>
##$USERA5= <>
##$USERA6= <>
##$USERA7= <>
##$USERA8= <>
##$USERA9= <>
##$UUID= <c2859d8c-fa07-11ee-bc8e-00139526aeba>
##$V9= 5
##$VALIDCODE= -1
##$VALIST= <>
##$VCLIST= <>
##$VDLIST= <>
##$VPLIST= <>
##$VTLIST= <>
##$WAVEMAKER= (0..7)
<> <> <> <> <> <> <> <>
##$WBST= 1024
##$WBSW= (0..7)
4 10 10 10 10 10 10 10
##$XGAIN= (0..3)
0 0 0 0
##$XL= 0
##$YL= 0
##$YMAX_a= 854631173
##$YMIN_a= -840727276
##$ZGOPTNS= <>
##$ZL1= 120
##$ZL2= 120
##$ZL3= 120
##$ZL4= 120
##$scaledByNS= no
##$scaledByRG= no
##$shimCoilTempK= 305.15
##END=
