Nucleotide	Sequence	Modified_mutations	Modified_read_depth	Modified_effective_depth	Modified_rate	Modified_off_target_mapped_depth	Modified_low_mapq_mapped_depth	Modified_primer_pair_1_mapped_depth	Untreated_mutations	Untreated_read_depth	Untreated_effective_depth	Untreated_rate	Untreated_off_target_mapped_depth	Untreated_low_mapq_mapped_depth	Untreated_primer_pair_1_mapped_depth	Denatured_mutations	Denatured_read_depth	Denatured_effective_depth	Denatured_rate	Denatured_off_target_mapped_depth	Denatured_low_mapq_mapped_depth	Denatured_primer_pair_1_mapped_depth	Reactivity_profile	Std_err	HQ_profile	HQ_stderr	Norm_profile	Norm_stderr
1	g	0	243155	0	nan	0	2	243155	0	0	0	nan	0	0	0	0	0	0	nan	0	0	0	nan	nan	nan	nan	nan	nan
2	g	0	243330	0	nan	0	2	243330	0	0	0	nan	0	0	0	0	0	0	nan	0	0	0	nan	nan	nan	nan	nan	nan
3	u	0	243419	0	nan	0	2	243419	0	0	0	nan	0	0	0	0	0	0	nan	0	0	0	nan	nan	nan	nan	nan	nan
4	g	0	243443	0	nan	0	2	243443	0	0	0	nan	0	0	0	0	0	0	nan	0	0	0	nan	nan	nan	nan	nan	nan
5	u	0	243460	0	nan	0	2	243460	0	0	0	nan	0	0	0	0	0	0	nan	0	0	0	nan	nan	nan	nan	nan	nan
6	a	0	243461	0	nan	0	2	243461	0	0	0	nan	0	0	0	0	0	0	nan	0	0	0	nan	nan	nan	nan	nan	nan
7	a	0	243464	0	nan	0	2	243464	0	0	0	nan	0	0	0	0	0	0	nan	0	0	0	nan	nan	nan	nan	nan	nan
8	g	0	243466	0	nan	0	2	243466	0	0	0	nan	0	0	0	0	0	0	nan	0	0	0	nan	nan	nan	nan	nan	nan
9	g	0	243491	0	nan	0	2	243491	0	0	0	nan	0	0	0	0	0	0	nan	0	0	0	nan	nan	nan	nan	nan	nan
10	g	0	244863	0	nan	1	2	244863	0	0	0	nan	0	0	0	0	0	0	nan	0	0	0	nan	nan	nan	nan	nan	nan
11	u	0	244886	0	nan	1	2	244886	0	0	0	nan	0	0	0	0	0	0	nan	0	0	0	nan	nan	nan	nan	nan	nan
12	g	0	244894	0	nan	1	2	244894	0	0	0	nan	0	0	0	0	0	0	nan	0	0	0	nan	nan	nan	nan	nan	nan
13	a	0	244894	0	nan	1	2	244894	0	0	0	nan	0	0	0	0	0	0	nan	0	0	0	nan	nan	nan	nan	nan	nan
14	a	0	244895	0	nan	1	2	244895	0	0	0	nan	0	0	0	0	0	0	nan	0	0	0	nan	nan	nan	nan	nan	nan
15	g	0	244895	0	nan	18	2	244895	0	0	0	nan	0	0	0	0	0	0	nan	0	0	0	nan	nan	nan	nan	nan	nan
16	u	0	244896	0	nan	18	2	244896	0	0	0	nan	0	0	0	0	0	0	nan	0	0	0	nan	nan	nan	nan	nan	nan
17	g	0	244897	0	nan	18	2	244897	0	0	0	nan	0	0	0	0	0	0	nan	0	0	0	nan	nan	nan	nan	nan	nan
18	u	0	244904	0	nan	18	2	244904	0	0	0	nan	0	0	0	0	0	0	nan	0	0	0	nan	nan	nan	nan	nan	nan
19	a	0	244908	0	nan	18	2	244908	0	0	0	nan	0	0	0	0	0	0	nan	0	0	0	nan	nan	nan	nan	nan	nan
20	A	0	244921	9	0.000000	18	2	244921	0	0	0	nan	0	0	0	0	0	0	nan	0	0	0	0.000000	0.000000	nan	nan	nan	nan
21	G	0	244928	13	0.000000	18	2	244928	0	0	0	nan	0	0	0	0	0	0	nan	0	0	0	0.000000	0.000000	nan	nan	nan	nan
22	G	0	244938	23	0.000000	18	2	244938	0	0	0	nan	0	0	0	0	0	0	nan	0	0	0	0.000000	0.000000	nan	nan	nan	nan
23	U	0	244944	244651	0.000000	18	2	244944	0	0	0	nan	0	0	0	0	0	0	nan	0	0	0	0.000000	0.000000	0.000000	0.000000	0.000000	0.000000
24	U	479	244948	244619	0.001958	18	2	244948	0	0	0	nan	0	0	0	0	0	0	nan	0	0	0	0.001958	0.000089	0.001958	0.000089	0.739705	0.033623
25	G	168	244949	243659	0.000689	18	2	244949	0	0	0	nan	0	0	0	0	0	0	nan	0	0	0	0.000689	0.000053	0.000689	0.000053	nan	nan
26	A	6194	244950	243994	0.025386	18	2	244950	0	0	0	nan	0	0	0	0	0	0	nan	0	0	0	0.025386	0.000323	0.025386	0.000323	0.949906	0.012086
27	A	5701	244950	243817	0.023382	18	2	244950	0	0	0	nan	0	0	0	0	0	0	nan	0	0	0	0.023382	0.000310	0.023382	0.000310	0.874919	0.011600
28	C	7360	244951	242730	0.030322	18	2	244951	0	0	0	nan	0	0	0	0	0	0	nan	0	0	0	0.030322	0.000353	0.030322	0.000353	0.921039	0.010722
29	U	377	244951	243726	0.001547	18	2	244951	0	0	0	nan	0	0	0	0	0	0	nan	0	0	0	0.001547	0.000080	0.001547	0.000080	0.584435	0.030223
30	U	494	244956	243998	0.002025	18	2	244955	0	0	0	nan	0	0	0	0	0	0	nan	0	0	0	0.002025	0.000091	0.002025	0.000091	0.765017	0.034379
31	U	644	244960	244121	0.002638	18	2	244955	0	0	0	nan	0	0	0	0	0	0	nan	0	0	0	0.002638	0.000104	0.002638	0.000104	0.996600	0.039290
32	U	437	244963	244083	0.001790	18	2	244937	0	0	0	nan	0	0	0	0	0	0	nan	0	0	0	0.001790	0.000086	0.001790	0.000086	0.676237	0.032490
33	G	222	244977	243027	0.000913	18	2	244931	0	0	0	nan	0	0	0	0	0	0	nan	0	0	0	0.000913	0.000061	0.000913	0.000061	nan	nan
34	A	6390	244984	243565	0.026235	18	2	244935	0	0	0	nan	0	0	0	0	0	0	nan	0	0	0	0.026235	0.000328	0.026235	0.000328	0.981674	0.012273
35	A	5368	244986	243488	0.022046	18	2	244937	0	0	0	nan	0	0	0	0	0	0	nan	0	0	0	0.022046	0.000301	0.022046	0.000301	0.824928	0.011263
36	U	391	244988	243368	0.001607	18	2	244938	0	0	0	nan	0	0	0	0	0	0	nan	0	0	0	0.001607	0.000081	0.001607	0.000081	0.607102	0.030601
37	A	5252	244991	243422	0.021576	18	2	244943	0	0	0	nan	0	0	0	0	0	0	nan	0	0	0	0.021576	0.000298	0.021576	0.000298	0.807342	0.011151
38	G	212	245013	242025	0.000876	18	2	244998	0	0	0	nan	0	0	0	0	0	0	nan	0	0	0	0.000876	0.000060	0.000876	0.000060	nan	nan
39	U	522	245014	243824	0.002141	18	2	244999	0	0	0	nan	0	0	0	0	0	0	nan	0	0	0	0.002141	0.000094	0.002141	0.000094	0.808840	0.035512
40	G	319	245022	242890	0.001313	18	2	245005	0	0	0	nan	0	0	0	0	0	0	nan	0	0	0	0.001313	0.000074	0.001313	0.000074	nan	nan
41	A	6859	245026	243388	0.028181	18	2	245011	0	0	0	nan	0	0	0	0	0	0	nan	0	0	0	0.028181	0.000340	0.028181	0.000340	1.054491	0.012722
42	U	679	245034	243387	0.002790	18	2	245022	0	0	0	nan	0	0	0	0	0	0	nan	0	0	0	0.002790	0.000107	0.002790	0.000107	1.054023	0.040423
43	U	619	245039	243464	0.002542	18	2	245026	0	0	0	nan	0	0	0	0	0	0	nan	0	0	0	0.002542	0.000102	0.002542	0.000102	0.960332	0.038534
44	C	8211	245054	243012	0.033788	18	2	245044	0	0	0	nan	0	0	0	0	0	0	nan	0	0	0	0.033788	0.000373	0.033788	0.000373	1.026320	0.011330
45	A	6565	245076	243128	0.027002	18	2	245066	0	0	0	nan	0	0	0	0	0	0	nan	0	0	0	0.027002	0.000333	0.027002	0.000333	1.010374	0.012460
46	G	232	245097	242444	0.000957	18	2	245091	0	0	0	nan	0	0	0	0	0	0	nan	0	0	0	0.000957	0.000063	0.000957	0.000063	nan	nan
47	G	235	245103	242585	0.000969	18	2	245095	0	0	0	nan	0	0	0	0	0	0	nan	0	0	0	0.000969	0.000063	0.000969	0.000063	nan	nan
48	A	6547	245103	243487	0.026888	18	2	245095	0	0	0	nan	0	0	0	0	0	0	nan	0	0	0	0.026888	0.000332	0.026888	0.000332	1.006109	0.012423
49	G	267	245107	242988	0.001099	18	2	245103	0	0	0	nan	0	0	0	0	0	0	nan	0	0	0	0.001099	0.000067	0.001099	0.000067	nan	nan
50	G	300	245110	242964	0.001235	18	2	245107	0	0	0	nan	0	0	0	0	0	0	nan	0	0	0	0.001235	0.000071	0.001235	0.000071	nan	nan
51	U	527	245114	243818	0.002161	18	2	245111	0	0	0	nan	0	0	0	0	0	0	nan	0	0	0	0.002161	0.000094	0.002161	0.000094	0.816396	0.035512
52	U	503	245116	243419	0.002066	18	2	245112	0	0	0	nan	0	0	0	0	0	0	nan	0	0	0	0.002066	0.000092	0.002066	0.000092	0.780506	0.034756
53	A	5766	245108	242790	0.023749	18	2	245100	0	0	0	nan	0	0	0	0	0	0	nan	0	0	0	0.023749	0.000313	0.023749	0.000313	0.888652	0.011712
54	A	5006	244948	242604	0.020634	18	2	244928	0	0	0	nan	0	0	0	0	0	0	nan	0	0	0	0.020634	0.000292	0.020634	0.000292	0.772093	0.010926
55	U	642	244948	242559	0.002647	18	2	244932	0	0	0	nan	0	0	0	0	0	0	nan	0	0	0	0.002647	0.000104	0.002647	0.000104	1.000000	0.039290
56	G	346	244961	242416	0.001427	18	2	244954	0	0	0	nan	0	0	0	0	0	0	nan	0	0	0	0.001427	0.000077	0.001427	0.000077	nan	nan
57	G	0	245002	242096	0.000000	18	2	245000	0	0	0	nan	0	0	0	0	0	0	nan	0	0	0	0.000000	0.000000	0.000000	0.000000	nan	nan
58	A	0	245011	0	nan	18	2	245011	0	0	0	nan	0	0	0	0	0	0	nan	0	0	0	nan	nan	nan	nan	nan	nan
59	A	0	245011	0	nan	18	2	245011	0	0	0	nan	0	0	0	0	0	0	nan	0	0	0	nan	nan	nan	nan	nan	nan
60	G	0	245011	0	nan	18	2	245011	0	0	0	nan	0	0	0	0	0	0	nan	0	0	0	nan	nan	nan	nan	nan	nan
61	u	0	245011	0	nan	18	2	245011	0	0	0	nan	0	0	0	0	0	0	nan	0	0	0	nan	nan	nan	nan	nan	nan
62	a	0	245011	0	nan	18	2	245011	0	0	0	nan	0	0	0	0	0	0	nan	0	0	0	nan	nan	nan	nan	nan	nan
63	a	0	245011	0	nan	18	2	245011	0	0	0	nan	0	0	0	0	0	0	nan	0	0	0	nan	nan	nan	nan	nan	nan
64	a	0	245011	0	nan	17	2	245011	0	0	0	nan	0	0	0	0	0	0	nan	0	0	0	nan	nan	nan	nan	nan	nan
65	g	0	245011	0	nan	17	2	245011	0	0	0	nan	0	0	0	0	0	0	nan	0	0	0	nan	nan	nan	nan	nan	nan
66	g	0	245011	0	nan	17	2	245011	0	0	0	nan	0	0	0	0	0	0	nan	0	0	0	nan	nan	nan	nan	nan	nan
67	u	0	245011	0	nan	17	2	245011	0	0	0	nan	0	0	0	0	0	0	nan	0	0	0	nan	nan	nan	nan	nan	nan
68	a	0	245011	0	nan	17	2	245011	0	0	0	nan	0	0	0	0	0	0	nan	0	0	0	nan	nan	nan	nan	nan	nan
69	a	0	245011	0	nan	17	2	245011	0	0	0	nan	0	0	0	0	0	0	nan	0	0	0	nan	nan	nan	nan	nan	nan
70	u	0	245011	0	nan	17	2	245011	0	0	0	nan	0	0	0	0	0	0	nan	0	0	0	nan	nan	nan	nan	nan	nan
71	g	0	245011	0	nan	17	2	245011	0	0	0	nan	0	0	0	0	0	0	nan	0	0	0	nan	nan	nan	nan	nan	nan
72	a	0	245011	0	nan	17	2	245011	0	0	0	nan	0	0	0	0	0	0	nan	0	0	0	nan	nan	nan	nan	nan	nan
73	a	0	245011	0	nan	17	2	245011	0	0	0	nan	0	0	0	0	0	0	nan	0	0	0	nan	nan	nan	nan	nan	nan
74	g	0	245009	0	nan	17	2	245009	0	0	0	nan	0	0	0	0	0	0	nan	0	0	0	nan	nan	nan	nan	nan	nan
75	g	0	245009	0	nan	17	2	245009	0	0	0	nan	0	0	0	0	0	0	nan	0	0	0	nan	nan	nan	nan	nan	nan
76	u	0	245004	0	nan	17	2	245004	0	0	0	nan	0	0	0	0	0	0	nan	0	0	0	nan	nan	nan	nan	nan	nan
77	g	0	244999	0	nan	17	2	244999	0	0	0	nan	0	0	0	0	0	0	nan	0	0	0	nan	nan	nan	nan	nan	nan
78	a	0	244998	0	nan	17	2	244998	0	0	0	nan	0	0	0	0	0	0	nan	0	0	0	nan	nan	nan	nan	nan	nan
79	a	0	244953	0	nan	17	2	244953	0	0	0	nan	0	0	0	0	0	0	nan	0	0	0	nan	nan	nan	nan	nan	nan
80	g	0	244834	0	nan	17	2	244834	0	0	0	nan	0	0	0	0	0	0	nan	0	0	0	nan	nan	nan	nan	nan	nan