Nucleotide	Sequence	Modified_mutations	Modified_read_depth	Modified_effective_depth	Modified_rate	Modified_off_target_mapped_depth	Modified_low_mapq_mapped_depth	Modified_primer_pair_1_mapped_depth	Untreated_mutations	Untreated_read_depth	Untreated_effective_depth	Untreated_rate	Untreated_off_target_mapped_depth	Untreated_low_mapq_mapped_depth	Untreated_primer_pair_1_mapped_depth	Denatured_mutations	Denatured_read_depth	Denatured_effective_depth	Denatured_rate	Denatured_off_target_mapped_depth	Denatured_low_mapq_mapped_depth	Denatured_primer_pair_1_mapped_depth	Reactivity_profile	Std_err	HQ_profile	HQ_stderr	Norm_profile	Norm_stderr
1	g	0	55656	0	nan	3	2	55656	0	0	0	nan	0	0	0	0	0	0	nan	0	0	0	nan	nan	nan	nan	nan	nan
2	g	0	55698	0	nan	3	2	55698	0	0	0	nan	0	0	0	0	0	0	nan	0	0	0	nan	nan	nan	nan	nan	nan
3	u	0	55720	0	nan	3	2	55720	0	0	0	nan	0	0	0	0	0	0	nan	0	0	0	nan	nan	nan	nan	nan	nan
4	g	0	55734	0	nan	3	2	55734	0	0	0	nan	0	0	0	0	0	0	nan	0	0	0	nan	nan	nan	nan	nan	nan
5	u	0	55748	0	nan	3	2	55748	0	0	0	nan	0	0	0	0	0	0	nan	0	0	0	nan	nan	nan	nan	nan	nan
6	a	0	55757	0	nan	3	2	55757	0	0	0	nan	0	0	0	0	0	0	nan	0	0	0	nan	nan	nan	nan	nan	nan
7	a	0	55814	0	nan	3	2	55814	0	0	0	nan	0	0	0	0	0	0	nan	0	0	0	nan	nan	nan	nan	nan	nan
8	g	0	55954	0	nan	3	2	55954	0	0	0	nan	0	0	0	0	0	0	nan	0	0	0	nan	nan	nan	nan	nan	nan
9	g	0	57665	0	nan	3	2	57665	0	0	0	nan	0	0	0	0	0	0	nan	0	0	0	nan	nan	nan	nan	nan	nan
10	g	0	230623	0	nan	3	2	230623	0	0	0	nan	0	0	0	0	0	0	nan	0	0	0	nan	nan	nan	nan	nan	nan
11	u	0	241645	0	nan	3	2	241645	0	0	0	nan	0	0	0	0	0	0	nan	0	0	0	nan	nan	nan	nan	nan	nan
12	g	0	242158	0	nan	3	2	242158	0	0	0	nan	0	0	0	0	0	0	nan	0	0	0	nan	nan	nan	nan	nan	nan
13	a	0	242185	0	nan	3	2	242185	0	0	0	nan	0	0	0	0	0	0	nan	0	0	0	nan	nan	nan	nan	nan	nan
14	a	0	242204	0	nan	3	2	242204	0	0	0	nan	0	0	0	0	0	0	nan	0	0	0	nan	nan	nan	nan	nan	nan
15	g	0	242222	0	nan	6	2	242222	0	0	0	nan	0	0	0	0	0	0	nan	0	0	0	nan	nan	nan	nan	nan	nan
16	u	0	242232	0	nan	6	2	242232	0	0	0	nan	0	0	0	0	0	0	nan	0	0	0	nan	nan	nan	nan	nan	nan
17	g	0	242259	0	nan	6	2	242259	0	0	0	nan	0	0	0	0	0	0	nan	0	0	0	nan	nan	nan	nan	nan	nan
18	u	0	242266	0	nan	6	2	242266	0	0	0	nan	0	0	0	0	0	0	nan	0	0	0	nan	nan	nan	nan	nan	nan
19	a	0	242365	0	nan	6	2	242365	0	0	0	nan	0	0	0	0	0	0	nan	0	0	0	nan	nan	nan	nan	nan	nan
20	A	0	242409	19	0.000000	6	2	242409	0	0	0	nan	0	0	0	0	0	0	nan	0	0	0	0.000000	0.000000	nan	nan	nan	nan
21	G	0	242473	37	0.000000	6	2	242473	0	0	0	nan	0	0	0	0	0	0	nan	0	0	0	0.000000	0.000000	nan	nan	nan	nan
22	G	0	242493	41	0.000000	6	2	242493	0	0	0	nan	0	0	0	0	0	0	nan	0	0	0	0.000000	0.000000	nan	nan	nan	nan
23	U	0	242506	239438	0.000000	6	2	242506	0	0	0	nan	0	0	0	0	0	0	nan	0	0	0	0.000000	0.000000	0.000000	0.000000	0.000000	0.000000
24	U	378	242507	239267	0.001580	6	2	242507	0	0	0	nan	0	0	0	0	0	0	nan	0	0	0	0.001580	0.000081	0.001580	0.000081	0.787637	0.040379
25	G	254	242515	237769	0.001068	6	2	242515	0	0	0	nan	0	0	0	0	0	0	nan	0	0	0	0.001068	0.000067	0.001068	0.000067	nan	nan
26	A	5590	242513	232640	0.024029	6	1	242461	0	0	0	nan	0	0	0	0	0	0	nan	0	0	0	0.024029	0.000321	0.024029	0.000321	0.919348	0.012281
27	C	8331	242531	231513	0.035985	6	1	242467	0	0	0	nan	0	0	0	0	0	0	nan	0	0	0	0.035985	0.000394	0.035985	0.000394	1.034483	0.011327
28	C	4834	242547	232411	0.020799	6	1	242485	0	0	0	nan	0	0	0	0	0	0	nan	0	0	0	0.020799	0.000299	0.020799	0.000299	0.597922	0.008596
29	U	256	242620	236234	0.001084	6	1	242571	0	0	0	nan	0	0	0	0	0	0	nan	0	0	0	0.001084	0.000068	0.001084	0.000068	0.540379	0.033898
30	U	342	242651	237447	0.001440	6	1	242610	0	0	0	nan	0	0	0	0	0	0	nan	0	0	0	0.001440	0.000078	0.001440	0.000078	0.717846	0.038883
31	U	377	242676	238421	0.001581	6	1	242638	0	0	0	nan	0	0	0	0	0	0	nan	0	0	0	0.001581	0.000081	0.001581	0.000081	0.788136	0.040379
32	U	335	242727	239750	0.001397	6	1	242691	0	0	0	nan	0	0	0	0	0	0	nan	0	0	0	0.001397	0.000076	0.001397	0.000076	0.696411	0.037886
33	G	233	242767	237957	0.000979	6	1	242732	0	0	0	nan	0	0	0	0	0	0	nan	0	0	0	0.000979	0.000064	0.000979	0.000064	nan	nan
34	A	6263	242791	237584	0.026361	6	1	242757	0	0	0	nan	0	0	0	0	0	0	nan	0	0	0	0.026361	0.000333	0.026361	0.000333	1.008570	0.012741
35	A	4948	242805	236615	0.020912	6	1	242771	0	0	0	nan	0	0	0	0	0	0	nan	0	0	0	0.020912	0.000297	0.020912	0.000297	0.800092	0.011363
36	U	301	242822	236443	0.001273	5	1	242789	0	0	0	nan	0	0	0	0	0	0	nan	0	0	0	0.001273	0.000073	0.001273	0.000073	0.634596	0.036391
37	A	5078	242834	237502	0.021381	5	2	242803	0	0	0	nan	0	0	0	0	0	0	nan	0	0	0	0.021381	0.000300	0.021381	0.000300	0.818036	0.011478
38	G	241	242853	236626	0.001018	5	3	242824	0	0	0	nan	0	0	0	0	0	0	nan	0	0	0	0.001018	0.000066	0.001018	0.000066	nan	nan
39	U	376	242872	239535	0.001570	5	4	242845	0	0	0	nan	0	0	0	0	0	0	nan	0	0	0	0.001570	0.000081	0.001570	0.000081	0.782652	0.040379
40	G	404	242898	237678	0.001700	5	5	242872	0	0	0	nan	0	0	0	0	0	0	nan	0	0	0	0.001700	0.000085	0.001700	0.000085	nan	nan
41	A	6227	242933	238246	0.026137	5	5	242908	0	0	0	nan	0	0	0	0	0	0	nan	0	0	0	0.026137	0.000331	0.026137	0.000331	1.000000	0.012664
42	U	476	242974	237237	0.002006	4	5	242955	0	0	0	nan	0	0	0	0	0	0	nan	0	0	0	0.002006	0.000092	0.002006	0.000092	1.000000	0.045862
43	U	500	243002	237182	0.002108	4	5	242986	0	0	0	nan	0	0	0	0	0	0	nan	0	0	0	0.002108	0.000094	0.002108	0.000094	1.050847	0.046859
44	C	7945	243013	236559	0.033586	4	5	242998	0	0	0	nan	0	0	0	0	0	0	nan	0	0	0	0.033586	0.000377	0.033586	0.000377	0.965517	0.010838
45	A	6234	243037	237768	0.026219	4	5	243026	0	0	0	nan	0	0	0	0	0	0	nan	0	0	0	0.026219	0.000332	0.026219	0.000332	1.003137	0.012702
46	G	242	243078	239141	0.001012	4	5	243071	0	0	0	nan	0	0	0	0	0	0	nan	0	0	0	0.001012	0.000065	0.001012	0.000065	nan	nan
47	G	254	243091	238871	0.001063	4	5	243086	0	0	0	nan	0	0	0	0	0	0	nan	0	0	0	0.001063	0.000067	0.001063	0.000067	nan	nan
48	A	5627	243093	239337	0.023511	4	5	243088	0	0	0	nan	0	0	0	0	0	0	nan	0	0	0	0.023511	0.000313	0.023511	0.000313	0.899529	0.011975
49	G	396	243151	239080	0.001656	4	5	243149	0	0	0	nan	0	0	0	0	0	0	nan	0	0	0	0.001656	0.000083	0.001656	0.000083	nan	nan
50	G	221	243160	239353	0.000923	4	5	243159	0	0	0	nan	0	0	0	0	0	0	nan	0	0	0	0.000923	0.000062	0.000923	0.000062	nan	nan
51	U	305	243165	239548	0.001273	4	5	243165	0	0	0	nan	0	0	0	0	0	0	nan	0	0	0	0.001273	0.000073	0.001273	0.000073	0.634596	0.036391
52	U	403	243171	238508	0.001690	4	5	243171	0	0	0	nan	0	0	0	0	0	0	nan	0	0	0	0.001690	0.000084	0.001690	0.000084	0.842473	0.041874
53	A	4958	243172	239126	0.020734	3	5	243171	0	0	0	nan	0	0	0	0	0	0	nan	0	0	0	0.020734	0.000294	0.020734	0.000294	0.793282	0.011248
54	A	3980	243167	239387	0.016626	3	5	243166	0	0	0	nan	0	0	0	0	0	0	nan	0	0	0	0.016626	0.000264	0.016626	0.000264	0.636110	0.010101
55	U	417	243171	240299	0.001735	3	5	243170	0	0	0	nan	0	0	0	0	0	0	nan	0	0	0	0.001735	0.000085	0.001735	0.000085	0.864905	0.042373
56	G	493	243171	240622	0.002049	3	5	243171	0	0	0	nan	0	0	0	0	0	0	nan	0	0	0	0.002049	0.000092	0.002049	0.000092	nan	nan
57	G	0	243174	239516	0.000000	3	5	243174	0	0	0	nan	0	0	0	0	0	0	nan	0	0	0	0.000000	0.000000	0.000000	0.000000	nan	nan
58	A	0	243176	0	nan	3	5	243176	0	0	0	nan	0	0	0	0	0	0	nan	0	0	0	nan	nan	nan	nan	nan	nan
59	A	0	243176	0	nan	3	5	243176	0	0	0	nan	0	0	0	0	0	0	nan	0	0	0	nan	nan	nan	nan	nan	nan
60	G	0	243176	0	nan	3	5	243176	0	0	0	nan	0	0	0	0	0	0	nan	0	0	0	nan	nan	nan	nan	nan	nan
61	u	0	243176	0	nan	3	5	243176	0	0	0	nan	0	0	0	0	0	0	nan	0	0	0	nan	nan	nan	nan	nan	nan
62	a	0	243176	0	nan	3	5	243176	0	0	0	nan	0	0	0	0	0	0	nan	0	0	0	nan	nan	nan	nan	nan	nan
63	a	0	243176	0	nan	3	5	243176	0	0	0	nan	0	0	0	0	0	0	nan	0	0	0	nan	nan	nan	nan	nan	nan
64	a	0	243176	0	nan	3	5	243176	0	0	0	nan	0	0	0	0	0	0	nan	0	0	0	nan	nan	nan	nan	nan	nan
65	g	0	243176	0	nan	3	5	243176	0	0	0	nan	0	0	0	0	0	0	nan	0	0	0	nan	nan	nan	nan	nan	nan
66	g	0	243176	0	nan	3	5	243176	0	0	0	nan	0	0	0	0	0	0	nan	0	0	0	nan	nan	nan	nan	nan	nan
67	u	0	243176	0	nan	3	5	243176	0	0	0	nan	0	0	0	0	0	0	nan	0	0	0	nan	nan	nan	nan	nan	nan
68	a	0	243176	0	nan	3	5	243176	0	0	0	nan	0	0	0	0	0	0	nan	0	0	0	nan	nan	nan	nan	nan	nan
69	a	0	243176	0	nan	3	5	243176	0	0	0	nan	0	0	0	0	0	0	nan	0	0	0	nan	nan	nan	nan	nan	nan
70	u	0	243176	0	nan	3	5	243176	0	0	0	nan	0	0	0	0	0	0	nan	0	0	0	nan	nan	nan	nan	nan	nan
71	g	0	243175	0	nan	3	5	243175	0	0	0	nan	0	0	0	0	0	0	nan	0	0	0	nan	nan	nan	nan	nan	nan
72	a	0	243175	0	nan	3	5	243175	0	0	0	nan	0	0	0	0	0	0	nan	0	0	0	nan	nan	nan	nan	nan	nan
73	a	0	243174	0	nan	3	5	243174	0	0	0	nan	0	0	0	0	0	0	nan	0	0	0	nan	nan	nan	nan	nan	nan
74	g	0	243174	0	nan	3	5	243174	0	0	0	nan	0	0	0	0	0	0	nan	0	0	0	nan	nan	nan	nan	nan	nan
75	g	0	243174	0	nan	3	5	243174	0	0	0	nan	0	0	0	0	0	0	nan	0	0	0	nan	nan	nan	nan	nan	nan
76	u	0	243169	0	nan	3	5	243169	0	0	0	nan	0	0	0	0	0	0	nan	0	0	0	nan	nan	nan	nan	nan	nan
77	g	0	243165	0	nan	3	5	243165	0	0	0	nan	0	0	0	0	0	0	nan	0	0	0	nan	nan	nan	nan	nan	nan
78	a	0	243162	0	nan	3	5	243162	0	0	0	nan	0	0	0	0	0	0	nan	0	0	0	nan	nan	nan	nan	nan	nan
79	a	0	243103	0	nan	3	5	243103	0	0	0	nan	0	0	0	0	0	0	nan	0	0	0	nan	nan	nan	nan	nan	nan
80	g	0	243016	0	nan	3	5	243016	0	0	0	nan	0	0	0	0	0	0	nan	0	0	0	nan	nan	nan	nan	nan	nan