Nucleotide	Sequence	Modified_mutations	Modified_read_depth	Modified_effective_depth	Modified_rate	Modified_off_target_mapped_depth	Modified_low_mapq_mapped_depth	Modified_primer_pair_1_mapped_depth	Untreated_mutations	Untreated_read_depth	Untreated_effective_depth	Untreated_rate	Untreated_off_target_mapped_depth	Untreated_low_mapq_mapped_depth	Untreated_primer_pair_1_mapped_depth	Denatured_mutations	Denatured_read_depth	Denatured_effective_depth	Denatured_rate	Denatured_off_target_mapped_depth	Denatured_low_mapq_mapped_depth	Denatured_primer_pair_1_mapped_depth	Reactivity_profile	Std_err	HQ_profile	HQ_stderr	Norm_profile	Norm_stderr
1	g	0	6285772	0	nan	89	1179	6285772	0	0	0	nan	0	0	0	0	0	0	nan	0	0	0	nan	nan	nan	nan	nan	nan
2	g	0	6346911	0	nan	90	1191	6346911	0	0	0	nan	0	0	0	0	0	0	nan	0	0	0	nan	nan	nan	nan	nan	nan
3	u	0	6357675	0	nan	90	1196	6357675	0	0	0	nan	0	0	0	0	0	0	nan	0	0	0	nan	nan	nan	nan	nan	nan
4	g	0	6364195	0	nan	90	1235	6364195	0	0	0	nan	0	0	0	0	0	0	nan	0	0	0	nan	nan	nan	nan	nan	nan
5	u	0	6375067	0	nan	90	1245	6375067	0	0	0	nan	0	0	0	0	0	0	nan	0	0	0	nan	nan	nan	nan	nan	nan
6	a	0	6379470	0	nan	90	1356	6379470	0	0	0	nan	0	0	0	0	0	0	nan	0	0	0	nan	nan	nan	nan	nan	nan
7	a	0	6380568	0	nan	90	1360	6380568	0	0	0	nan	0	0	0	0	0	0	nan	0	0	0	nan	nan	nan	nan	nan	nan
8	g	0	6381181	0	nan	90	1362	6381181	0	0	0	nan	0	0	0	0	0	0	nan	0	0	0	nan	nan	nan	nan	nan	nan
9	g	0	6381889	0	nan	90	1366	6381889	0	0	0	nan	0	0	0	0	0	0	nan	0	0	0	nan	nan	nan	nan	nan	nan
10	g	0	6383425	0	nan	90	1387	6383425	0	0	0	nan	0	0	0	0	0	0	nan	0	0	0	nan	nan	nan	nan	nan	nan
11	u	0	6386867	0	nan	90	1393	6386867	0	0	0	nan	0	0	0	0	0	0	nan	0	0	0	nan	nan	nan	nan	nan	nan
12	g	0	6401669	0	nan	158	1485	6401669	0	0	0	nan	0	0	0	0	0	0	nan	0	0	0	nan	nan	nan	nan	nan	nan
13	a	0	6416350	0	nan	169	1501	6416350	0	0	0	nan	0	0	0	0	0	0	nan	0	0	0	nan	nan	nan	nan	nan	nan
14	a	0	6424320	0	nan	183	1507	6424320	0	0	0	nan	0	0	0	0	0	0	nan	0	0	0	nan	nan	nan	nan	nan	nan
15	g	0	6428387	0	nan	449	1511	6428387	0	0	0	nan	0	0	0	0	0	0	nan	0	0	0	nan	nan	nan	nan	nan	nan
16	u	0	6433194	0	nan	450	1513	6433194	0	0	0	nan	0	0	0	0	0	0	nan	0	0	0	nan	nan	nan	nan	nan	nan
17	g	0	6434999	0	nan	450	1548	6434999	0	0	0	nan	0	0	0	0	0	0	nan	0	0	0	nan	nan	nan	nan	nan	nan
18	u	0	6436347	0	nan	450	1552	6436347	0	0	0	nan	0	0	0	0	0	0	nan	0	0	0	nan	nan	nan	nan	nan	nan
19	a	0	6437601	0	nan	452	1713	6437601	0	0	0	nan	0	0	0	0	0	0	nan	0	0	0	nan	nan	nan	nan	nan	nan
20	A	0	6439060	588	0.000000	452	1713	6439060	0	0	0	nan	0	0	0	0	0	0	nan	0	0	0	0.000000	0.000000	nan	nan	nan	nan
21	G	0	6439998	703	0.000000	452	1713	6439998	0	0	0	nan	0	0	0	0	0	0	nan	0	0	0	0.000000	0.000000	nan	nan	nan	nan
22	G	0	6440661	697	0.000000	452	1713	6440661	0	0	0	nan	0	0	0	0	0	0	nan	0	0	0	0.000000	0.000000	nan	nan	nan	nan
23	U	0	6442153	5833235	0.000000	452	1713	6442153	0	0	0	nan	0	0	0	0	0	0	nan	0	0	0	0.000000	0.000000	0.000000	0.000000	0.000000	0.000000
24	U	12233	6443241	5877895	0.002081	452	1713	6443241	0	0	0	nan	0	0	0	0	0	0	nan	0	0	0	0.002081	0.000019	0.002081	0.000019	0.643874	0.005879
25	G	6989	6447511	5829091	0.001199	452	1713	6447511	0	0	0	nan	0	0	0	0	0	0	nan	0	0	0	0.001199	0.000014	0.001199	0.000014	nan	nan
26	A	42781	6453636	5964700	0.007172	452	1713	6453596	0	0	0	nan	0	0	0	0	0	0	nan	0	0	0	0.007172	0.000035	0.007172	0.000035	0.568349	0.002774
27	C	15201	6456033	5751990	0.002643	452	1713	6455948	0	0	0	nan	0	0	0	0	0	0	nan	0	0	0	0.002643	0.000021	0.002643	0.000021	0.821318	0.006526
28	C	19371	6457219	5748648	0.003370	452	1713	6457122	0	0	0	nan	0	0	0	0	0	0	nan	0	0	0	0.003370	0.000024	0.003370	0.000024	1.047234	0.007458
29	U	20894	6460316	5716051	0.003655	452	1713	6460201	0	0	0	nan	0	0	0	0	0	0	nan	0	0	0	0.003655	0.000025	0.003655	0.000025	1.130879	0.007735
30	U	8220	6465938	5804098	0.001416	452	1713	6465806	0	0	0	nan	0	0	0	0	0	0	nan	0	0	0	0.001416	0.000016	0.001416	0.000016	0.438119	0.004950
31	U	8610	6471838	5816765	0.001480	452	1713	6471684	0	0	0	nan	0	0	0	0	0	0	nan	0	0	0	0.001480	0.000016	0.001480	0.000016	0.457921	0.004950
32	U	12557	6477184	5882753	0.002135	452	1713	6477014	0	0	0	nan	0	0	0	0	0	0	nan	0	0	0	0.002135	0.000019	0.002135	0.000019	0.660582	0.005879
33	G	2460	6510646	5959788	0.000413	452	1713	6510466	0	0	0	nan	0	0	0	0	0	0	nan	0	0	0	0.000413	0.000008	0.000413	0.000008	nan	nan
34	A	33077	6522955	6306752	0.005245	452	1713	6522776	0	0	0	nan	0	0	0	0	0	0	nan	0	0	0	0.005245	0.000029	0.005245	0.000029	0.415643	0.002298
35	A	35870	6526229	6266172	0.005724	452	1713	6526043	0	0	0	nan	0	0	0	0	0	0	nan	0	0	0	0.005724	0.000030	0.005724	0.000030	0.453602	0.002377
36	U	4141	6527318	6220458	0.000666	452	1713	6527114	0	0	0	nan	0	0	0	0	0	0	nan	0	0	0	0.000666	0.000010	0.000666	0.000010	0.206064	0.003094
37	A	329866	6527924	5945161	0.055485	453	1713	6527688	0	0	0	nan	0	0	0	0	0	0	nan	0	0	0	0.055485	0.000097	0.055485	0.000097	4.396941	0.007687
38	G	11653	6528656	5873900	0.001984	465	1713	6528414	0	0	0	nan	0	0	0	0	0	0	nan	0	0	0	0.001984	0.000018	0.001984	0.000018	nan	nan
39	U	10951	6529433	5911216	0.001853	465	1713	6529181	0	0	0	nan	0	0	0	0	0	0	nan	0	0	0	0.001853	0.000018	0.001853	0.000018	0.573329	0.005569
40	G	10672	6530261	6074918	0.001757	470	1714	6530006	0	0	0	nan	0	0	0	0	0	0	nan	0	0	0	0.001757	0.000017	0.001757	0.000017	nan	nan
41	A	79604	6534088	6065924	0.013123	470	1714	6533829	0	0	0	nan	0	0	0	0	0	0	nan	0	0	0	0.013123	0.000047	0.013123	0.000047	1.039940	0.003725
42	U	16025	6535030	6034982	0.002655	470	1714	6534792	0	0	0	nan	0	0	0	0	0	0	nan	0	0	0	0.002655	0.000021	0.002655	0.000021	0.821473	0.006498
43	U	7982	6537345	5982956	0.001334	470	1714	6537092	0	0	0	nan	0	0	0	0	0	0	nan	0	0	0	0.001334	0.000015	0.001334	0.000015	0.412748	0.004641
44	C	18349	6540936	5985358	0.003066	472	1714	6540664	0	0	0	nan	0	0	0	0	0	0	nan	0	0	0	0.003066	0.000023	0.003066	0.000023	0.952766	0.007147
45	A	32920	6543607	6001825	0.005485	470	1714	6543310	0	0	0	nan	0	0	0	0	0	0	nan	0	0	0	0.005485	0.000030	0.005485	0.000030	0.434662	0.002377
46	G	4414	6545854	5869048	0.000752	471	1714	6545566	0	0	0	nan	0	0	0	0	0	0	nan	0	0	0	0.000752	0.000011	0.000752	0.000011	nan	nan
47	G	10024	6550319	5929670	0.001690	471	1714	6550034	0	0	0	nan	0	0	0	0	0	0	nan	0	0	0	0.001690	0.000017	0.001690	0.000017	nan	nan
48	A	16953	6557760	5834739	0.002906	478	1714	6557474	0	0	0	nan	0	0	0	0	0	0	nan	0	0	0	0.002906	0.000022	0.002906	0.000022	0.230288	0.001743
49	G	17520	6559331	5909596	0.002965	475	1714	6559069	0	0	0	nan	0	0	0	0	0	0	nan	0	0	0	0.002965	0.000022	0.002965	0.000022	nan	nan
50	G	4123	6569902	5747770	0.000717	487	1714	6569674	0	0	0	nan	0	0	0	0	0	0	nan	0	0	0	0.000717	0.000011	0.000717	0.000011	nan	nan
51	U	18985	6573567	5874911	0.003232	486	1714	6573376	0	0	0	nan	0	0	0	0	0	0	nan	0	0	0	0.003232	0.000023	0.003232	0.000023	1.000000	0.007116
52	U	16008	6580264	5865140	0.002729	492	1714	6580098	0	0	0	nan	0	0	0	0	0	0	nan	0	0	0	0.002729	0.000022	0.002729	0.000022	0.844369	0.006807
53	A	53149	6585225	6092725	0.008723	492	1714	6585061	0	0	0	nan	0	0	0	0	0	0	nan	0	0	0	0.008723	0.000038	0.008723	0.000038	0.691259	0.003011
54	A	78758	6588543	6241032	0.012619	491	1714	6588423	0	0	0	nan	0	0	0	0	0	0	nan	0	0	0	0.012619	0.000045	0.012619	0.000045	1.000000	0.003566
55	U	11034	6589680	6180815	0.001785	491	1714	6589593	0	0	0	nan	0	0	0	0	0	0	nan	0	0	0	0.001785	0.000017	0.001785	0.000017	0.552290	0.005260
56	G	7757	6590653	5992724	0.001294	488	1714	6590584	0	0	0	nan	0	0	0	0	0	0	nan	0	0	0	0.001294	0.000015	0.001294	0.000015	nan	nan
57	G	0	6591682	6018217	0.000000	487	1714	6591635	0	0	0	nan	0	0	0	0	0	0	nan	0	0	0	0.000000	0.000000	0.000000	0.000000	nan	nan
58	A	0	6593954	44	0.000000	487	1714	6593954	0	0	0	nan	0	0	0	0	0	0	nan	0	0	0	0.000000	0.000000	nan	nan	nan	nan
59	A	0	6593876	33	0.000000	487	1714	6593876	0	0	0	nan	0	0	0	0	0	0	nan	0	0	0	0.000000	0.000000	nan	nan	nan	nan
60	G	0	6593833	17	0.000000	487	1714	6593833	0	0	0	nan	0	0	0	0	0	0	nan	0	0	0	0.000000	0.000000	nan	nan	nan	nan
61	u	0	6593791	0	nan	487	1714	6593791	0	0	0	nan	0	0	0	0	0	0	nan	0	0	0	nan	nan	nan	nan	nan	nan
62	a	0	6593658	0	nan	485	1713	6593658	0	0	0	nan	0	0	0	0	0	0	nan	0	0	0	nan	nan	nan	nan	nan	nan
63	a	0	6593590	0	nan	475	1710	6593590	0	0	0	nan	0	0	0	0	0	0	nan	0	0	0	nan	nan	nan	nan	nan	nan
64	a	0	6593566	0	nan	469	1707	6593566	0	0	0	nan	0	0	0	0	0	0	nan	0	0	0	nan	nan	nan	nan	nan	nan
65	g	0	6593547	0	nan	446	1370	6593547	0	0	0	nan	0	0	0	0	0	0	nan	0	0	0	nan	nan	nan	nan	nan	nan
66	g	0	6593518	0	nan	405	1345	6593518	0	0	0	nan	0	0	0	0	0	0	nan	0	0	0	nan	nan	nan	nan	nan	nan
67	u	0	6593495	0	nan	400	1339	6593495	0	0	0	nan	0	0	0	0	0	0	nan	0	0	0	nan	nan	nan	nan	nan	nan
68	a	0	6593464	0	nan	395	1258	6593464	0	0	0	nan	0	0	0	0	0	0	nan	0	0	0	nan	nan	nan	nan	nan	nan
69	a	0	6593431	0	nan	391	1250	6593431	0	0	0	nan	0	0	0	0	0	0	nan	0	0	0	nan	nan	nan	nan	nan	nan
70	u	0	6593409	0	nan	389	1203	6593409	0	0	0	nan	0	0	0	0	0	0	nan	0	0	0	nan	nan	nan	nan	nan	nan
71	g	0	6593350	0	nan	387	1199	6593350	0	0	0	nan	0	0	0	0	0	0	nan	0	0	0	nan	nan	nan	nan	nan	nan
72	a	0	6593283	0	nan	385	1196	6593283	0	0	0	nan	0	0	0	0	0	0	nan	0	0	0	nan	nan	nan	nan	nan	nan
73	a	0	6593244	0	nan	385	1193	6593244	0	0	0	nan	0	0	0	0	0	0	nan	0	0	0	nan	nan	nan	nan	nan	nan
74	g	0	6593221	0	nan	385	1192	6593221	0	0	0	nan	0	0	0	0	0	0	nan	0	0	0	nan	nan	nan	nan	nan	nan
75	g	0	6593174	0	nan	385	1189	6593174	0	0	0	nan	0	0	0	0	0	0	nan	0	0	0	nan	nan	nan	nan	nan	nan
76	u	0	6593093	0	nan	385	1185	6593093	0	0	0	nan	0	0	0	0	0	0	nan	0	0	0	nan	nan	nan	nan	nan	nan
77	g	0	6593000	0	nan	384	1159	6593000	0	0	0	nan	0	0	0	0	0	0	nan	0	0	0	nan	nan	nan	nan	nan	nan
78	a	0	6592892	0	nan	384	1158	6592892	0	0	0	nan	0	0	0	0	0	0	nan	0	0	0	nan	nan	nan	nan	nan	nan
79	a	0	6587976	0	nan	382	1152	6587976	0	0	0	nan	0	0	0	0	0	0	nan	0	0	0	nan	nan	nan	nan	nan	nan
80	g	0	6585499	0	nan	381	1130	6585499	0	0	0	nan	0	0	0	0	0	0	nan	0	0	0	nan	nan	nan	nan	nan	nan