Nucleotide	Sequence	Modified_mutations	Modified_read_depth	Modified_effective_depth	Modified_rate	Modified_off_target_mapped_depth	Modified_low_mapq_mapped_depth	Modified_primer_pair_1_mapped_depth	Untreated_mutations	Untreated_read_depth	Untreated_effective_depth	Untreated_rate	Untreated_off_target_mapped_depth	Untreated_low_mapq_mapped_depth	Untreated_primer_pair_1_mapped_depth	Denatured_mutations	Denatured_read_depth	Denatured_effective_depth	Denatured_rate	Denatured_off_target_mapped_depth	Denatured_low_mapq_mapped_depth	Denatured_primer_pair_1_mapped_depth	Reactivity_profile	Std_err	HQ_profile	HQ_stderr	Norm_profile	Norm_stderr
1	g	0	4879830	0	nan	34	683	4879830	0	0	0	nan	0	0	0	0	0	0	nan	0	0	0	nan	nan	nan	nan	nan	nan
2	g	0	4975114	0	nan	34	686	4975114	0	0	0	nan	0	0	0	0	0	0	nan	0	0	0	nan	nan	nan	nan	nan	nan
3	u	0	5006386	0	nan	34	690	5006386	0	0	0	nan	0	0	0	0	0	0	nan	0	0	0	nan	nan	nan	nan	nan	nan
4	g	0	5019098	0	nan	34	732	5019098	0	0	0	nan	0	0	0	0	0	0	nan	0	0	0	nan	nan	nan	nan	nan	nan
5	u	0	5025569	0	nan	34	744	5025569	0	0	0	nan	0	0	0	0	0	0	nan	0	0	0	nan	nan	nan	nan	nan	nan
6	a	0	5035114	0	nan	34	856	5035114	0	0	0	nan	0	0	0	0	0	0	nan	0	0	0	nan	nan	nan	nan	nan	nan
7	a	0	5039259	0	nan	34	859	5039259	0	0	0	nan	0	0	0	0	0	0	nan	0	0	0	nan	nan	nan	nan	nan	nan
8	g	0	5041178	0	nan	34	859	5041178	0	0	0	nan	0	0	0	0	0	0	nan	0	0	0	nan	nan	nan	nan	nan	nan
9	g	0	5043931	0	nan	34	859	5043931	0	0	0	nan	0	0	0	0	0	0	nan	0	0	0	nan	nan	nan	nan	nan	nan
10	g	0	5048195	0	nan	34	873	5048195	0	0	0	nan	0	0	0	0	0	0	nan	0	0	0	nan	nan	nan	nan	nan	nan
11	u	0	5055490	0	nan	34	876	5055490	0	0	0	nan	0	0	0	0	0	0	nan	0	0	0	nan	nan	nan	nan	nan	nan
12	g	0	5074968	0	nan	120	921	5074968	0	0	0	nan	0	0	0	0	0	0	nan	0	0	0	nan	nan	nan	nan	nan	nan
13	a	0	5098955	0	nan	126	928	5098955	0	0	0	nan	0	0	0	0	0	0	nan	0	0	0	nan	nan	nan	nan	nan	nan
14	a	0	5127481	0	nan	141	931	5127481	0	0	0	nan	0	0	0	0	0	0	nan	0	0	0	nan	nan	nan	nan	nan	nan
15	g	0	5151013	0	nan	210	933	5151013	0	0	0	nan	0	0	0	0	0	0	nan	0	0	0	nan	nan	nan	nan	nan	nan
16	u	0	5170600	0	nan	210	934	5170600	0	0	0	nan	0	0	0	0	0	0	nan	0	0	0	nan	nan	nan	nan	nan	nan
17	g	0	5180194	0	nan	220	944	5180194	0	0	0	nan	0	0	0	0	0	0	nan	0	0	0	nan	nan	nan	nan	nan	nan
18	u	0	5186140	0	nan	228	947	5186140	0	0	0	nan	0	0	0	0	0	0	nan	0	0	0	nan	nan	nan	nan	nan	nan
19	a	0	5190800	0	nan	228	966	5190800	0	0	0	nan	0	0	0	0	0	0	nan	0	0	0	nan	nan	nan	nan	nan	nan
20	A	0	5192596	370	0.000000	228	967	5192596	0	0	0	nan	0	0	0	0	0	0	nan	0	0	0	0.000000	0.000000	nan	nan	nan	nan
21	G	0	5193322	322	0.000000	228	967	5193322	0	0	0	nan	0	0	0	0	0	0	nan	0	0	0	0.000000	0.000000	nan	nan	nan	nan
22	G	0	5194429	623	0.000000	228	967	5194429	0	0	0	nan	0	0	0	0	0	0	nan	0	0	0	0.000000	0.000000	nan	nan	nan	nan
23	U	0	5197224	4260529	0.000000	229	967	5197224	0	0	0	nan	0	0	0	0	0	0	nan	0	0	0	0.000000	0.000000	0.000000	0.000000	0.000000	0.000000
24	U	21055	5198605	4238692	0.004967	229	967	5198605	0	0	0	nan	0	0	0	0	0	0	nan	0	0	0	0.004967	0.000034	0.004967	0.000034	0.903255	0.006183
25	G	3263	5206853	4263536	0.000765	229	968	5206853	0	0	0	nan	0	0	0	0	0	0	nan	0	0	0	0.000765	0.000013	0.000765	0.000013	0.141654	0.002407
26	A	3827	5239470	4542611	0.000842	229	968	5239436	0	0	0	nan	0	0	0	0	0	0	nan	0	0	0	0.000842	0.000014	0.000842	0.000014	nan	nan
27	C	24743	5247722	4448002	0.005563	229	968	5247661	0	0	0	nan	0	0	0	0	0	0	nan	0	0	0	0.005563	0.000035	0.005563	0.000035	0.736236	0.004632
28	C	40927	5248813	4286017	0.009549	229	968	5248669	0	0	0	nan	0	0	0	0	0	0	nan	0	0	0	0.009549	0.000047	0.009549	0.000047	1.263764	0.006220
29	U	12599	5253196	4186209	0.003010	229	968	5253030	0	0	0	nan	0	0	0	0	0	0	nan	0	0	0	0.003010	0.000027	0.003010	0.000027	0.547372	0.004910
30	U	7795	5259252	4250039	0.001834	230	968	5259056	0	0	0	nan	0	0	0	0	0	0	nan	0	0	0	0.001834	0.000021	0.001834	0.000021	0.333515	0.003819
31	U	6494	5266516	4259469	0.001525	230	968	5266284	0	0	0	nan	0	0	0	0	0	0	nan	0	0	0	0.001525	0.000019	0.001525	0.000019	0.277323	0.003455
32	U	24482	5273421	4451822	0.005499	230	968	5273177	0	0	0	nan	0	0	0	0	0	0	nan	0	0	0	0.005499	0.000035	0.005499	0.000035	1.000000	0.006365
33	G	1449	5336107	4601927	0.000315	233	968	5335876	0	0	0	nan	0	0	0	0	0	0	nan	0	0	0	0.000315	0.000008	0.000315	0.000008	0.058328	0.001481
34	A	2032	5372740	5036542	0.000403	233	968	5372553	0	0	0	nan	0	0	0	0	0	0	nan	0	0	0	0.000403	0.000009	0.000403	0.000009	nan	nan
35	A	6336	5384576	5010450	0.001265	233	968	5384392	0	0	0	nan	0	0	0	0	0	0	nan	0	0	0	0.001265	0.000016	0.001265	0.000016	nan	nan
36	U	3396	5386032	4990686	0.000680	233	968	5385841	0	0	0	nan	0	0	0	0	0	0	nan	0	0	0	0.000680	0.000012	0.000680	0.000012	0.123659	0.002182
37	A	7925	5388551	4713752	0.001681	233	968	5388334	0	0	0	nan	0	0	0	0	0	0	nan	0	0	0	0.001681	0.000019	0.001681	0.000019	nan	nan
38	G	6065	5388889	4602812	0.001318	236	968	5388661	0	0	0	nan	0	0	0	0	0	0	nan	0	0	0	0.001318	0.000017	0.001318	0.000017	0.244051	0.003148
39	U	6625	5389875	4533752	0.001461	236	968	5389643	0	0	0	nan	0	0	0	0	0	0	nan	0	0	0	0.001461	0.000018	0.001461	0.000018	0.265685	0.003273
40	G	4441	5392073	4651215	0.000955	237	968	5391830	0	0	0	nan	0	0	0	0	0	0	nan	0	0	0	0.000955	0.000014	0.000955	0.000014	0.176835	0.002592
41	A	10353	5399286	4622682	0.002240	236	968	5399038	0	0	0	nan	0	0	0	0	0	0	nan	0	0	0	0.002240	0.000022	0.002240	0.000022	nan	nan
42	U	22985	5400636	4475616	0.005136	237	968	5400381	0	0	0	nan	0	0	0	0	0	0	nan	0	0	0	0.005136	0.000034	0.005136	0.000034	0.933988	0.006183
43	U	10024	5404033	4427300	0.002264	237	968	5403778	0	0	0	nan	0	0	0	0	0	0	nan	0	0	0	0.002264	0.000023	0.002264	0.000023	0.411711	0.004183
44	C	7387	5413338	4479314	0.001649	237	968	5413086	0	0	0	nan	0	0	0	0	0	0	nan	0	0	0	0.001649	0.000019	0.001649	0.000019	0.218237	0.002515
45	A	5861	5420076	4544864	0.001290	234	968	5419791	0	0	0	nan	0	0	0	0	0	0	nan	0	0	0	0.001290	0.000017	0.001290	0.000017	nan	nan
46	G	2774	5424896	4421975	0.000627	232	968	5424609	0	0	0	nan	0	0	0	0	0	0	nan	0	0	0	0.000627	0.000012	0.000627	0.000012	0.116100	0.002222
47	G	10830	5437708	4507938	0.002402	232	968	5437431	0	0	0	nan	0	0	0	0	0	0	nan	0	0	0	0.002402	0.000023	0.002402	0.000023	0.444774	0.004259
48	A	2245	5456465	4324977	0.000519	232	968	5456219	0	0	0	nan	0	0	0	0	0	0	nan	0	0	0	0.000519	0.000011	0.000519	0.000011	nan	nan
49	G	36846	5459437	4386777	0.008399	232	968	5459213	0	0	0	nan	0	0	0	0	0	0	nan	0	0	0	0.008399	0.000044	0.008399	0.000044	1.555226	0.008147
50	G	872	5472779	4226280	0.000206	232	968	5472604	0	0	0	nan	0	0	0	0	0	0	nan	0	0	0	0.000206	0.000007	0.000206	0.000007	0.038145	0.001296
51	U	30404	5481744	4438744	0.006850	232	968	5481611	0	0	0	nan	0	0	0	0	0	0	nan	0	0	0	0.006850	0.000039	0.006850	0.000039	1.245681	0.007092
52	U	19423	5497744	4541169	0.004277	234	968	5497651	0	0	0	nan	0	0	0	0	0	0	nan	0	0	0	0.004277	0.000031	0.004277	0.000031	0.777778	0.005637
53	A	2148	5511413	4907727	0.000438	234	968	5511340	0	0	0	nan	0	0	0	0	0	0	nan	0	0	0	0.000438	0.000009	0.000438	0.000009	nan	nan
54	A	2607	5519442	4956840	0.000526	234	968	5519390	0	0	0	nan	0	0	0	0	0	0	nan	0	0	0	0.000526	0.000010	0.000526	0.000010	nan	nan
55	U	21157	5520742	4883658	0.004332	232	968	5520702	0	0	0	nan	0	0	0	0	0	0	nan	0	0	0	0.004332	0.000030	0.004332	0.000030	0.787780	0.005456
56	G	2429	5523400	4707523	0.000516	231	968	5523370	0	0	0	nan	0	0	0	0	0	0	nan	0	0	0	0.000516	0.000010	0.000516	0.000010	0.095547	0.001852
57	G	0	5524877	4927707	0.000000	231	968	5524867	0	0	0	nan	0	0	0	0	0	0	nan	0	0	0	0.000000	0.000000	0.000000	0.000000	0.000000	0.000000
58	A	0	5526837	66	0.000000	228	968	5526837	0	0	0	nan	0	0	0	0	0	0	nan	0	0	0	0.000000	0.000000	nan	nan	nan	nan
59	A	0	5526774	105	0.000000	228	968	5526774	0	0	0	nan	0	0	0	0	0	0	nan	0	0	0	0.000000	0.000000	nan	nan	nan	nan
60	G	0	5526660	55	0.000000	228	968	5526660	0	0	0	nan	0	0	0	0	0	0	nan	0	0	0	0.000000	0.000000	nan	nan	nan	nan
61	u	0	5526561	0	nan	228	968	5526561	0	0	0	nan	0	0	0	0	0	0	nan	0	0	0	nan	nan	nan	nan	nan	nan
62	a	0	5526271	0	nan	217	967	5526271	0	0	0	nan	0	0	0	0	0	0	nan	0	0	0	nan	nan	nan	nan	nan	nan
63	a	0	5526128	0	nan	214	965	5526128	0	0	0	nan	0	0	0	0	0	0	nan	0	0	0	nan	nan	nan	nan	nan	nan
64	a	0	5526087	0	nan	210	963	5526087	0	0	0	nan	0	0	0	0	0	0	nan	0	0	0	nan	nan	nan	nan	nan	nan
65	g	0	5526036	0	nan	194	841	5526036	0	0	0	nan	0	0	0	0	0	0	nan	0	0	0	nan	nan	nan	nan	nan	nan
66	g	0	5526015	0	nan	187	830	5526015	0	0	0	nan	0	0	0	0	0	0	nan	0	0	0	nan	nan	nan	nan	nan	nan
67	u	0	5525989	0	nan	183	829	5525989	0	0	0	nan	0	0	0	0	0	0	nan	0	0	0	nan	nan	nan	nan	nan	nan
68	a	0	5525957	0	nan	183	800	5525957	0	0	0	nan	0	0	0	0	0	0	nan	0	0	0	nan	nan	nan	nan	nan	nan
69	a	0	5525927	0	nan	182	798	5525927	0	0	0	nan	0	0	0	0	0	0	nan	0	0	0	nan	nan	nan	nan	nan	nan
70	u	0	5525859	0	nan	181	786	5525859	0	0	0	nan	0	0	0	0	0	0	nan	0	0	0	nan	nan	nan	nan	nan	nan
71	g	0	5525663	0	nan	177	786	5525663	0	0	0	nan	0	0	0	0	0	0	nan	0	0	0	nan	nan	nan	nan	nan	nan
72	a	0	5525372	0	nan	160	783	5525372	0	0	0	nan	0	0	0	0	0	0	nan	0	0	0	nan	nan	nan	nan	nan	nan
73	a	0	5525308	0	nan	156	783	5525308	0	0	0	nan	0	0	0	0	0	0	nan	0	0	0	nan	nan	nan	nan	nan	nan
74	g	0	5525238	0	nan	156	782	5525238	0	0	0	nan	0	0	0	0	0	0	nan	0	0	0	nan	nan	nan	nan	nan	nan
75	g	0	5525142	0	nan	152	781	5525142	0	0	0	nan	0	0	0	0	0	0	nan	0	0	0	nan	nan	nan	nan	nan	nan
76	u	0	5525029	0	nan	151	780	5525029	0	0	0	nan	0	0	0	0	0	0	nan	0	0	0	nan	nan	nan	nan	nan	nan
77	g	0	5524915	0	nan	151	768	5524915	0	0	0	nan	0	0	0	0	0	0	nan	0	0	0	nan	nan	nan	nan	nan	nan
78	a	0	5524696	0	nan	138	768	5524696	0	0	0	nan	0	0	0	0	0	0	nan	0	0	0	nan	nan	nan	nan	nan	nan
79	a	0	5521145	0	nan	132	766	5521145	0	0	0	nan	0	0	0	0	0	0	nan	0	0	0	nan	nan	nan	nan	nan	nan
80	g	0	5518711	0	nan	127	759	5518711	0	0	0	nan	0	0	0	0	0	0	nan	0	0	0	nan	nan	nan	nan	nan	nan