Nucleotide	Sequence	Modified_mutations	Modified_read_depth	Modified_effective_depth	Modified_rate	Modified_off_target_mapped_depth	Modified_low_mapq_mapped_depth	Modified_primer_pair_1_mapped_depth	Untreated_mutations	Untreated_read_depth	Untreated_effective_depth	Untreated_rate	Untreated_off_target_mapped_depth	Untreated_low_mapq_mapped_depth	Untreated_primer_pair_1_mapped_depth	Denatured_mutations	Denatured_read_depth	Denatured_effective_depth	Denatured_rate	Denatured_off_target_mapped_depth	Denatured_low_mapq_mapped_depth	Denatured_primer_pair_1_mapped_depth	Reactivity_profile	Std_err	HQ_profile	HQ_stderr	Norm_profile	Norm_stderr
1	g	0	5954239	0	nan	119	2236	5954239	0	0	0	nan	0	0	0	0	0	0	nan	0	0	0	nan	nan	nan	nan	nan	nan
2	g	0	5977385	0	nan	120	2255	5977385	0	0	0	nan	0	0	0	0	0	0	nan	0	0	0	nan	nan	nan	nan	nan	nan
3	u	0	5988225	0	nan	120	2269	5988225	0	0	0	nan	0	0	0	0	0	0	nan	0	0	0	nan	nan	nan	nan	nan	nan
4	g	0	5997502	0	nan	120	2303	5997502	0	0	0	nan	0	0	0	0	0	0	nan	0	0	0	nan	nan	nan	nan	nan	nan
5	u	0	6006671	0	nan	120	2313	6006671	0	0	0	nan	0	0	0	0	0	0	nan	0	0	0	nan	nan	nan	nan	nan	nan
6	a	0	6010703	0	nan	120	2388	6010703	0	0	0	nan	0	0	0	0	0	0	nan	0	0	0	nan	nan	nan	nan	nan	nan
7	a	0	6012081	0	nan	120	2395	6012081	0	0	0	nan	0	0	0	0	0	0	nan	0	0	0	nan	nan	nan	nan	nan	nan
8	g	0	6012691	0	nan	120	2398	6012691	0	0	0	nan	0	0	0	0	0	0	nan	0	0	0	nan	nan	nan	nan	nan	nan
9	g	0	6013421	0	nan	120	2408	6013421	0	0	0	nan	0	0	0	0	0	0	nan	0	0	0	nan	nan	nan	nan	nan	nan
10	g	0	6014714	0	nan	120	2447	6014714	0	0	0	nan	0	0	0	0	0	0	nan	0	0	0	nan	nan	nan	nan	nan	nan
11	u	0	6017023	0	nan	120	2456	6017023	0	0	0	nan	0	0	0	0	0	0	nan	0	0	0	nan	nan	nan	nan	nan	nan
12	g	0	6028637	0	nan	141	2665	6028637	0	0	0	nan	0	0	0	0	0	0	nan	0	0	0	nan	nan	nan	nan	nan	nan
13	a	0	6049241	0	nan	148	2700	6049241	0	0	0	nan	0	0	0	0	0	0	nan	0	0	0	nan	nan	nan	nan	nan	nan
14	a	0	6059316	0	nan	164	2712	6059316	0	0	0	nan	0	0	0	0	0	0	nan	0	0	0	nan	nan	nan	nan	nan	nan
15	g	0	6065397	0	nan	363	2718	6065397	0	0	0	nan	0	0	0	0	0	0	nan	0	0	0	nan	nan	nan	nan	nan	nan
16	u	0	6087134	0	nan	363	2722	6087134	0	0	0	nan	0	0	0	0	0	0	nan	0	0	0	nan	nan	nan	nan	nan	nan
17	g	0	6094286	0	nan	363	2789	6094286	0	0	0	nan	0	0	0	0	0	0	nan	0	0	0	nan	nan	nan	nan	nan	nan
18	u	0	6107312	0	nan	363	2825	6107312	0	0	0	nan	0	0	0	0	0	0	nan	0	0	0	nan	nan	nan	nan	nan	nan
19	a	0	6120047	0	nan	371	3148	6120047	0	0	0	nan	0	0	0	0	0	0	nan	0	0	0	nan	nan	nan	nan	nan	nan
20	A	0	6129782	3277	0.000000	371	3148	6129782	0	0	0	nan	0	0	0	0	0	0	nan	0	0	0	0.000000	0.000000	nan	nan	nan	nan
21	G	0	6132787	1953	0.000000	371	3149	6132787	0	0	0	nan	0	0	0	0	0	0	nan	0	0	0	0.000000	0.000000	nan	nan	nan	nan
22	G	0	6134659	1852	0.000000	371	3149	6134659	0	0	0	nan	0	0	0	0	0	0	nan	0	0	0	0.000000	0.000000	nan	nan	nan	nan
23	U	0	6138178	5465177	0.000000	371	3149	6138178	0	0	0	nan	0	0	0	0	0	0	nan	0	0	0	0.000000	0.000000	0.000000	0.000000	0.000000	0.000000
24	U	13585	6140164	5500202	0.002470	371	3149	6140164	0	0	0	nan	0	0	0	0	0	0	nan	0	0	0	0.002470	0.000021	0.002470	0.000021	1.000000	0.008502
25	G	6979	6152022	5481287	0.001273	371	3149	6152022	0	0	0	nan	0	0	0	0	0	0	nan	0	0	0	0.001273	0.000015	0.001273	0.000015	nan	nan
26	A	29273	6182993	5650965	0.005180	371	3149	6182936	0	0	0	nan	0	0	0	0	0	0	nan	0	0	0	0.005180	0.000030	0.005180	0.000030	0.671942	0.003892
27	C	9384	6191325	5555839	0.001689	371	3149	6191211	0	0	0	nan	0	0	0	0	0	0	nan	0	0	0	0.001689	0.000017	0.001689	0.000017	0.678722	0.006831
28	C	16674	6194114	5574348	0.002991	371	3149	6193968	0	0	0	nan	0	0	0	0	0	0	nan	0	0	0	0.002991	0.000023	0.002991	0.000023	1.201929	0.009243
29	U	16336	6200396	5548698	0.002944	371	3149	6200241	0	0	0	nan	0	0	0	0	0	0	nan	0	0	0	0.002944	0.000023	0.002944	0.000023	1.191903	0.009312
30	U	5130	6211583	5629469	0.000911	371	3149	6211411	0	0	0	nan	0	0	0	0	0	0	nan	0	0	0	0.000911	0.000013	0.000911	0.000013	0.368826	0.005263
31	U	4971	6217668	5643757	0.000881	371	3149	6217468	0	0	0	nan	0	0	0	0	0	0	nan	0	0	0	0.000881	0.000012	0.000881	0.000012	0.356680	0.004858
32	U	10813	6222592	5707537	0.001895	371	3149	6222360	0	0	0	nan	0	0	0	0	0	0	nan	0	0	0	0.001895	0.000018	0.001895	0.000018	0.767206	0.007287
33	G	2256	6252981	5794033	0.000389	372	3149	6252728	0	0	0	nan	0	0	0	0	0	0	nan	0	0	0	0.000389	0.000008	0.000389	0.000008	nan	nan
34	A	24329	6261996	6105984	0.003984	372	3149	6261742	0	0	0	nan	0	0	0	0	0	0	nan	0	0	0	0.003984	0.000026	0.003984	0.000026	0.516799	0.003373
35	A	24186	6263826	6080515	0.003978	372	3149	6263561	0	0	0	nan	0	0	0	0	0	0	nan	0	0	0	0.003978	0.000026	0.003978	0.000026	0.516020	0.003373
36	U	2610	6264390	6026005	0.000433	372	3149	6264106	0	0	0	nan	0	0	0	0	0	0	nan	0	0	0	0.000433	0.000008	0.000433	0.000008	0.175304	0.003239
37	A	399408	6264769	5880257	0.067924	372	3149	6264454	0	0	0	nan	0	0	0	0	0	0	nan	0	0	0	0.067924	0.000107	0.067924	0.000107	8.811000	0.013880
38	G	6423	6265295	5827869	0.001102	382	3149	6264982	0	0	0	nan	0	0	0	0	0	0	nan	0	0	0	0.001102	0.000014	0.001102	0.000014	nan	nan
39	U	7112	6265549	5794751	0.001227	382	3149	6265219	0	0	0	nan	0	0	0	0	0	0	nan	0	0	0	0.001227	0.000015	0.001227	0.000015	0.496761	0.006073
40	G	9676	6265995	5833481	0.001659	387	3149	6265651	0	0	0	nan	0	0	0	0	0	0	nan	0	0	0	0.001659	0.000017	0.001659	0.000017	nan	nan
41	A	70611	6268109	5801131	0.012172	387	3149	6267743	0	0	0	nan	0	0	0	0	0	0	nan	0	0	0	0.012172	0.000046	0.012172	0.000046	1.578934	0.005967
42	U	11066	6268849	5756550	0.001922	391	3149	6268489	0	0	0	nan	0	0	0	0	0	0	nan	0	0	0	0.001922	0.000018	0.001922	0.000018	0.778138	0.007287
43	U	5079	6270491	5735712	0.000886	393	3149	6270097	0	0	0	nan	0	0	0	0	0	0	nan	0	0	0	0.000886	0.000012	0.000886	0.000012	0.358704	0.004858
44	C	11405	6273975	5743616	0.001986	392	3149	6273539	0	0	0	nan	0	0	0	0	0	0	nan	0	0	0	0.001986	0.000019	0.001986	0.000019	0.798071	0.007635
45	A	24814	6277363	5798541	0.004279	392	3149	6276899	0	0	0	nan	0	0	0	0	0	0	nan	0	0	0	0.004279	0.000027	0.004279	0.000027	0.555066	0.003502
46	G	3924	6280083	5676672	0.000691	390	3149	6279615	0	0	0	nan	0	0	0	0	0	0	nan	0	0	0	0.000691	0.000011	0.000691	0.000011	nan	nan
47	G	9722	6284323	5712093	0.001702	390	3149	6283857	0	0	0	nan	0	0	0	0	0	0	nan	0	0	0	0.001702	0.000017	0.001702	0.000017	nan	nan
48	A	10471	6291812	5593898	0.001872	397	3149	6291336	0	0	0	nan	0	0	0	0	0	0	nan	0	0	0	0.001872	0.000018	0.001872	0.000018	0.242833	0.002335
49	G	17345	6292973	5583080	0.003107	397	3149	6292509	0	0	0	nan	0	0	0	0	0	0	nan	0	0	0	0.003107	0.000024	0.003107	0.000024	nan	nan
50	G	3856	6302708	5474052	0.000704	400	3149	6302256	0	0	0	nan	0	0	0	0	0	0	nan	0	0	0	0.000704	0.000011	0.000704	0.000011	nan	nan
51	U	12702	6307953	5568952	0.002281	400	3149	6307563	0	0	0	nan	0	0	0	0	0	0	nan	0	0	0	0.002281	0.000020	0.002281	0.000020	0.923482	0.008097
52	U	10660	6323228	5645061	0.001888	404	3149	6322923	0	0	0	nan	0	0	0	0	0	0	nan	0	0	0	0.001888	0.000018	0.001888	0.000018	0.764372	0.007287
53	A	24052	6332035	5895624	0.004080	404	3149	6331753	0	0	0	nan	0	0	0	0	0	0	nan	0	0	0	0.004080	0.000026	0.004080	0.000026	0.529252	0.003373
54	A	46414	6339101	6020694	0.007709	403	3149	6338920	0	0	0	nan	0	0	0	0	0	0	nan	0	0	0	0.007709	0.000036	0.007709	0.000036	1.000000	0.004670
55	U	6747	6340566	5954031	0.001133	403	3149	6340441	0	0	0	nan	0	0	0	0	0	0	nan	0	0	0	0.001133	0.000014	0.001133	0.000014	0.458704	0.005668
56	G	6095	6341613	5759883	0.001058	401	3149	6341508	0	0	0	nan	0	0	0	0	0	0	nan	0	0	0	0.001058	0.000014	0.001058	0.000014	nan	nan
57	G	0	6342659	5773372	0.000000	401	3149	6342585	0	0	0	nan	0	0	0	0	0	0	nan	0	0	0	0.000000	0.000000	0.000000	0.000000	nan	nan
58	A	0	6344684	51	0.000000	401	3149	6344684	0	0	0	nan	0	0	0	0	0	0	nan	0	0	0	0.000000	0.000000	nan	nan	nan	nan
59	A	0	6344620	29	0.000000	401	3149	6344620	0	0	0	nan	0	0	0	0	0	0	nan	0	0	0	0.000000	0.000000	nan	nan	nan	nan
60	G	0	6344587	17	0.000000	401	3149	6344587	0	0	0	nan	0	0	0	0	0	0	nan	0	0	0	0.000000	0.000000	nan	nan	nan	nan
61	u	0	6344550	0	nan	400	3149	6344550	0	0	0	nan	0	0	0	0	0	0	nan	0	0	0	nan	nan	nan	nan	nan	nan
62	a	0	6344447	0	nan	397	3145	6344447	0	0	0	nan	0	0	0	0	0	0	nan	0	0	0	nan	nan	nan	nan	nan	nan
63	a	0	6344382	0	nan	395	3138	6344382	0	0	0	nan	0	0	0	0	0	0	nan	0	0	0	nan	nan	nan	nan	nan	nan
64	a	0	6344359	0	nan	383	3127	6344359	0	0	0	nan	0	0	0	0	0	0	nan	0	0	0	nan	nan	nan	nan	nan	nan
65	g	0	6344337	0	nan	348	2488	6344337	0	0	0	nan	0	0	0	0	0	0	nan	0	0	0	nan	nan	nan	nan	nan	nan
66	g	0	6344317	0	nan	298	2442	6344317	0	0	0	nan	0	0	0	0	0	0	nan	0	0	0	nan	nan	nan	nan	nan	nan
67	u	0	6344296	0	nan	287	2431	6344296	0	0	0	nan	0	0	0	0	0	0	nan	0	0	0	nan	nan	nan	nan	nan	nan
68	a	0	6344271	0	nan	280	2183	6344271	0	0	0	nan	0	0	0	0	0	0	nan	0	0	0	nan	nan	nan	nan	nan	nan
69	a	0	6344247	0	nan	280	2176	6344247	0	0	0	nan	0	0	0	0	0	0	nan	0	0	0	nan	nan	nan	nan	nan	nan
70	u	0	6344228	0	nan	277	2116	6344228	0	0	0	nan	0	0	0	0	0	0	nan	0	0	0	nan	nan	nan	nan	nan	nan
71	g	0	6344165	0	nan	276	2105	6344165	0	0	0	nan	0	0	0	0	0	0	nan	0	0	0	nan	nan	nan	nan	nan	nan
72	a	0	6344104	0	nan	275	2102	6344104	0	0	0	nan	0	0	0	0	0	0	nan	0	0	0	nan	nan	nan	nan	nan	nan
73	a	0	6344067	0	nan	275	2097	6344067	0	0	0	nan	0	0	0	0	0	0	nan	0	0	0	nan	nan	nan	nan	nan	nan
74	g	0	6344045	0	nan	275	2095	6344045	0	0	0	nan	0	0	0	0	0	0	nan	0	0	0	nan	nan	nan	nan	nan	nan
75	g	0	6344012	0	nan	274	2090	6344012	0	0	0	nan	0	0	0	0	0	0	nan	0	0	0	nan	nan	nan	nan	nan	nan
76	u	0	6343926	0	nan	274	2089	6343926	0	0	0	nan	0	0	0	0	0	0	nan	0	0	0	nan	nan	nan	nan	nan	nan
77	g	0	6343860	0	nan	274	2059	6343860	0	0	0	nan	0	0	0	0	0	0	nan	0	0	0	nan	nan	nan	nan	nan	nan
78	a	0	6343774	0	nan	273	2058	6343774	0	0	0	nan	0	0	0	0	0	0	nan	0	0	0	nan	nan	nan	nan	nan	nan
79	a	0	6339218	0	nan	270	2044	6339218	0	0	0	nan	0	0	0	0	0	0	nan	0	0	0	nan	nan	nan	nan	nan	nan
80	g	0	6336904	0	nan	270	2025	6336904	0	0	0	nan	0	0	0	0	0	0	nan	0	0	0	nan	nan	nan	nan	nan	nan