Nucleotide	Sequence	Modified_mutations	Modified_read_depth	Modified_effective_depth	Modified_rate	Modified_off_target_mapped_depth	Modified_low_mapq_mapped_depth	Modified_primer_pair_1_mapped_depth	Untreated_mutations	Untreated_read_depth	Untreated_effective_depth	Untreated_rate	Untreated_off_target_mapped_depth	Untreated_low_mapq_mapped_depth	Untreated_primer_pair_1_mapped_depth	Denatured_mutations	Denatured_read_depth	Denatured_effective_depth	Denatured_rate	Denatured_off_target_mapped_depth	Denatured_low_mapq_mapped_depth	Denatured_primer_pair_1_mapped_depth	Reactivity_profile	Std_err	HQ_profile	HQ_stderr	Norm_profile	Norm_stderr
1	g	0	46559	0	nan	0	1	46559	0	0	0	nan	0	0	0	0	0	0	nan	0	0	0	nan	nan	nan	nan	nan	nan
2	g	0	46589	0	nan	0	1	46589	0	0	0	nan	0	0	0	0	0	0	nan	0	0	0	nan	nan	nan	nan	nan	nan
3	u	0	46609	0	nan	0	1	46609	0	0	0	nan	0	0	0	0	0	0	nan	0	0	0	nan	nan	nan	nan	nan	nan
4	g	0	46627	0	nan	0	1	46627	0	0	0	nan	0	0	0	0	0	0	nan	0	0	0	nan	nan	nan	nan	nan	nan
5	u	0	46642	0	nan	0	1	46642	0	0	0	nan	0	0	0	0	0	0	nan	0	0	0	nan	nan	nan	nan	nan	nan
6	a	0	46657	0	nan	0	1	46657	0	0	0	nan	0	0	0	0	0	0	nan	0	0	0	nan	nan	nan	nan	nan	nan
7	a	0	46698	0	nan	0	1	46698	0	0	0	nan	0	0	0	0	0	0	nan	0	0	0	nan	nan	nan	nan	nan	nan
8	g	0	46835	0	nan	0	1	46835	0	0	0	nan	0	0	0	0	0	0	nan	0	0	0	nan	nan	nan	nan	nan	nan
9	g	0	48397	0	nan	0	1	48397	0	0	0	nan	0	0	0	0	0	0	nan	0	0	0	nan	nan	nan	nan	nan	nan
10	g	0	190561	0	nan	0	1	190561	0	0	0	nan	0	0	0	0	0	0	nan	0	0	0	nan	nan	nan	nan	nan	nan
11	u	0	200072	0	nan	0	1	200072	0	0	0	nan	0	0	0	0	0	0	nan	0	0	0	nan	nan	nan	nan	nan	nan
12	g	0	200503	0	nan	0	1	200503	0	0	0	nan	0	0	0	0	0	0	nan	0	0	0	nan	nan	nan	nan	nan	nan
13	a	0	200532	0	nan	0	1	200532	0	0	0	nan	0	0	0	0	0	0	nan	0	0	0	nan	nan	nan	nan	nan	nan
14	a	0	200545	0	nan	0	1	200545	0	0	0	nan	0	0	0	0	0	0	nan	0	0	0	nan	nan	nan	nan	nan	nan
15	g	0	200564	0	nan	0	1	200564	0	0	0	nan	0	0	0	0	0	0	nan	0	0	0	nan	nan	nan	nan	nan	nan
16	u	0	200572	0	nan	0	1	200572	0	0	0	nan	0	0	0	0	0	0	nan	0	0	0	nan	nan	nan	nan	nan	nan
17	g	0	200587	0	nan	0	1	200587	0	0	0	nan	0	0	0	0	0	0	nan	0	0	0	nan	nan	nan	nan	nan	nan
18	u	0	200595	0	nan	0	1	200595	0	0	0	nan	0	0	0	0	0	0	nan	0	0	0	nan	nan	nan	nan	nan	nan
19	a	0	200668	0	nan	0	1	200668	0	0	0	nan	0	0	0	0	0	0	nan	0	0	0	nan	nan	nan	nan	nan	nan
20	A	0	200720	20	0.000000	0	1	200720	0	0	0	nan	0	0	0	0	0	0	nan	0	0	0	0.000000	0.000000	nan	nan	nan	nan
21	G	0	200784	41	0.000000	0	1	200784	0	0	0	nan	0	0	0	0	0	0	nan	0	0	0	0.000000	0.000000	nan	nan	nan	nan
22	G	0	200797	44	0.000000	0	1	200797	0	0	0	nan	0	0	0	0	0	0	nan	0	0	0	0.000000	0.000000	nan	nan	nan	nan
23	U	0	200809	198241	0.000000	0	1	200809	0	0	0	nan	0	0	0	0	0	0	nan	0	0	0	0.000000	0.000000	0.000000	0.000000	0.000000	0.000000
24	U	352	200814	198022	0.001778	0	1	200814	0	0	0	nan	0	0	0	0	0	0	nan	0	0	0	0.001778	0.000095	0.001778	0.000095	0.855630	0.045717
25	G	543	200819	196454	0.002764	0	1	200819	0	0	0	nan	0	0	0	0	0	0	nan	0	0	0	0.002764	0.000119	0.002764	0.000119	0.891038	0.038362
26	A	4983	200815	192227	0.025922	0	1	200783	0	0	0	nan	0	0	0	0	0	0	nan	0	0	0	0.025922	0.000367	0.025922	0.000367	0.931943	0.013194
27	C	13205	200832	190989	0.069140	0	1	200786	0	0	0	nan	0	0	0	0	0	0	nan	0	0	0	0.069140	0.000602	0.069140	0.000602	1.300076	0.011320
28	C	4468	200845	192257	0.023240	0	1	200802	0	0	0	nan	0	0	0	0	0	0	nan	0	0	0	0.023240	0.000348	0.023240	0.000348	0.436994	0.006544
29	U	178	200935	195602	0.000910	0	1	200895	0	0	0	nan	0	0	0	0	0	0	nan	0	0	0	0.000910	0.000068	0.000910	0.000068	0.437921	0.032724
30	U	259	200962	196635	0.001317	0	1	200926	0	0	0	nan	0	0	0	0	0	0	nan	0	0	0	0.001317	0.000082	0.001317	0.000082	0.633782	0.039461
31	U	344	200983	197396	0.001743	0	1	200950	0	0	0	nan	0	0	0	0	0	0	nan	0	0	0	0.001743	0.000094	0.001743	0.000094	0.838787	0.045236
32	U	269	201035	198295	0.001357	0	1	201003	0	0	0	nan	0	0	0	0	0	0	nan	0	0	0	0.001357	0.000083	0.001357	0.000083	0.653032	0.039942
33	G	641	201066	196748	0.003258	0	1	201035	0	0	0	nan	0	0	0	0	0	0	nan	0	0	0	0.003258	0.000129	0.003258	0.000129	1.050290	0.041586
34	A	5459	201076	196263	0.027815	0	1	201045	0	0	0	nan	0	0	0	0	0	0	nan	0	0	0	0.027815	0.000376	0.027815	0.000376	1.000000	0.013518
35	A	4380	201087	195479	0.022406	0	1	201056	0	0	0	nan	0	0	0	0	0	0	nan	0	0	0	0.022406	0.000339	0.022406	0.000339	0.805537	0.012188
36	U	256	201100	195654	0.001308	0	1	201069	0	0	0	nan	0	0	0	0	0	0	nan	0	0	0	0.001308	0.000082	0.001308	0.000082	0.629451	0.039461
37	A	5150	201115	196748	0.026176	0	1	201084	0	0	0	nan	0	0	0	0	0	0	nan	0	0	0	0.026176	0.000365	0.026176	0.000365	0.941075	0.013122
38	G	329	201131	196064	0.001678	0	3	201103	0	0	0	nan	0	0	0	0	0	0	nan	0	0	0	0.001678	0.000093	0.001678	0.000093	0.540941	0.029981
39	U	395	201142	198308	0.001992	0	3	201116	0	0	0	nan	0	0	0	0	0	0	nan	0	0	0	0.001992	0.000100	0.001992	0.000100	0.958614	0.048123
40	G	604	201160	196487	0.003074	0	3	201134	0	0	0	nan	0	0	0	0	0	0	nan	0	0	0	0.003074	0.000125	0.003074	0.000125	0.990974	0.040297
41	A	5708	201184	196977	0.028978	0	3	201159	0	0	0	nan	0	0	0	0	0	0	nan	0	0	0	0.028978	0.000384	0.028978	0.000384	1.041812	0.013806
42	U	402	201217	196363	0.002047	0	3	201197	0	0	0	nan	0	0	0	0	0	0	nan	0	0	0	0.002047	0.000102	0.002047	0.000102	0.985082	0.049086
43	U	364	201238	196355	0.001854	0	4	201221	0	0	0	nan	0	0	0	0	0	0	nan	0	0	0	0.001854	0.000097	0.001854	0.000097	0.892204	0.046679
44	C	7280	201257	195577	0.037223	0	4	201241	0	0	0	nan	0	0	0	0	0	0	nan	0	0	0	0.037223	0.000436	0.037223	0.000436	0.699924	0.008198
45	A	5490	201283	196232	0.027977	0	4	201272	0	0	0	nan	0	0	0	0	0	0	nan	0	0	0	0.027977	0.000378	0.027977	0.000378	1.005824	0.013590
46	G	545	201317	197334	0.002762	0	4	201307	0	0	0	nan	0	0	0	0	0	0	nan	0	0	0	0.002762	0.000118	0.002762	0.000118	0.890393	0.038040
47	G	518	201330	197153	0.002627	0	4	201321	0	0	0	nan	0	0	0	0	0	0	nan	0	0	0	0.002627	0.000115	0.002627	0.000115	0.846873	0.037073
48	A	5140	201333	197541	0.026020	0	4	201325	0	0	0	nan	0	0	0	0	0	0	nan	0	0	0	0.026020	0.000363	0.026020	0.000363	0.935466	0.013051
49	G	1294	201377	197238	0.006561	0	4	201374	0	0	0	nan	0	0	0	0	0	0	nan	0	0	0	0.006561	0.000182	0.006561	0.000182	2.115087	0.058672
50	G	449	201391	197673	0.002271	0	4	201390	0	0	0	nan	0	0	0	0	0	0	nan	0	0	0	0.002271	0.000107	0.002271	0.000107	0.732108	0.034494
51	U	220	201401	198061	0.001111	0	4	201401	0	0	0	nan	0	0	0	0	0	0	nan	0	0	0	0.001111	0.000075	0.001111	0.000075	0.534649	0.036092
52	U	410	201408	197268	0.002078	0	4	201408	0	0	0	nan	0	0	0	0	0	0	nan	0	0	0	0.002078	0.000103	0.002078	0.000103	1.000000	0.049567
53	A	4480	201411	197709	0.022660	0	4	201411	0	0	0	nan	0	0	0	0	0	0	nan	0	0	0	0.022660	0.000339	0.022660	0.000339	0.814668	0.012188
54	A	3594	201409	197984	0.018153	0	4	201409	0	0	0	nan	0	0	0	0	0	0	nan	0	0	0	0.018153	0.000303	0.018153	0.000303	0.652633	0.010893
55	U	728	201410	198670	0.003664	0	4	201410	0	0	0	nan	0	0	0	0	0	0	nan	0	0	0	0.003664	0.000136	0.003664	0.000136	1.763234	0.065448
56	G	617	201411	198908	0.003102	0	4	201411	0	0	0	nan	0	0	0	0	0	0	nan	0	0	0	0.003102	0.000125	0.003102	0.000125	1.000000	0.040297
57	G	0	201413	198010	0.000000	0	4	201413	0	0	0	nan	0	0	0	0	0	0	nan	0	0	0	0.000000	0.000000	0.000000	0.000000	0.000000	0.000000
58	A	0	201413	0	nan	0	4	201413	0	0	0	nan	0	0	0	0	0	0	nan	0	0	0	nan	nan	nan	nan	nan	nan
59	A	0	201413	0	nan	0	4	201413	0	0	0	nan	0	0	0	0	0	0	nan	0	0	0	nan	nan	nan	nan	nan	nan
60	G	0	201413	0	nan	0	4	201413	0	0	0	nan	0	0	0	0	0	0	nan	0	0	0	nan	nan	nan	nan	nan	nan
61	u	0	201413	0	nan	0	4	201413	0	0	0	nan	0	0	0	0	0	0	nan	0	0	0	nan	nan	nan	nan	nan	nan
62	a	0	201413	0	nan	0	4	201413	0	0	0	nan	0	0	0	0	0	0	nan	0	0	0	nan	nan	nan	nan	nan	nan
63	a	0	201413	0	nan	0	4	201413	0	0	0	nan	0	0	0	0	0	0	nan	0	0	0	nan	nan	nan	nan	nan	nan
64	a	0	201413	0	nan	0	4	201413	0	0	0	nan	0	0	0	0	0	0	nan	0	0	0	nan	nan	nan	nan	nan	nan
65	g	0	201413	0	nan	0	4	201413	0	0	0	nan	0	0	0	0	0	0	nan	0	0	0	nan	nan	nan	nan	nan	nan
66	g	0	201413	0	nan	0	4	201413	0	0	0	nan	0	0	0	0	0	0	nan	0	0	0	nan	nan	nan	nan	nan	nan
67	u	0	201413	0	nan	0	4	201413	0	0	0	nan	0	0	0	0	0	0	nan	0	0	0	nan	nan	nan	nan	nan	nan
68	a	0	201413	0	nan	0	4	201413	0	0	0	nan	0	0	0	0	0	0	nan	0	0	0	nan	nan	nan	nan	nan	nan
69	a	0	201413	0	nan	0	4	201413	0	0	0	nan	0	0	0	0	0	0	nan	0	0	0	nan	nan	nan	nan	nan	nan
70	u	0	201413	0	nan	0	4	201413	0	0	0	nan	0	0	0	0	0	0	nan	0	0	0	nan	nan	nan	nan	nan	nan
71	g	0	201413	0	nan	0	4	201413	0	0	0	nan	0	0	0	0	0	0	nan	0	0	0	nan	nan	nan	nan	nan	nan
72	a	0	201413	0	nan	0	4	201413	0	0	0	nan	0	0	0	0	0	0	nan	0	0	0	nan	nan	nan	nan	nan	nan
73	a	0	201412	0	nan	0	4	201412	0	0	0	nan	0	0	0	0	0	0	nan	0	0	0	nan	nan	nan	nan	nan	nan
74	g	0	201412	0	nan	0	4	201412	0	0	0	nan	0	0	0	0	0	0	nan	0	0	0	nan	nan	nan	nan	nan	nan
75	g	0	201410	0	nan	0	4	201410	0	0	0	nan	0	0	0	0	0	0	nan	0	0	0	nan	nan	nan	nan	nan	nan
76	u	0	201404	0	nan	0	4	201404	0	0	0	nan	0	0	0	0	0	0	nan	0	0	0	nan	nan	nan	nan	nan	nan
77	g	0	201396	0	nan	0	4	201396	0	0	0	nan	0	0	0	0	0	0	nan	0	0	0	nan	nan	nan	nan	nan	nan
78	a	0	201393	0	nan	0	4	201393	0	0	0	nan	0	0	0	0	0	0	nan	0	0	0	nan	nan	nan	nan	nan	nan
79	a	0	201346	0	nan	0	4	201346	0	0	0	nan	0	0	0	0	0	0	nan	0	0	0	nan	nan	nan	nan	nan	nan
80	g	0	201259	0	nan	0	4	201259	0	0	0	nan	0	0	0	0	0	0	nan	0	0	0	nan	nan	nan	nan	nan	nan