Nucleotide	Sequence	Modified_mutations	Modified_read_depth	Modified_effective_depth	Modified_rate	Modified_off_target_mapped_depth	Modified_low_mapq_mapped_depth	Modified_primer_pair_1_mapped_depth	Untreated_mutations	Untreated_read_depth	Untreated_effective_depth	Untreated_rate	Untreated_off_target_mapped_depth	Untreated_low_mapq_mapped_depth	Untreated_primer_pair_1_mapped_depth	Denatured_mutations	Denatured_read_depth	Denatured_effective_depth	Denatured_rate	Denatured_off_target_mapped_depth	Denatured_low_mapq_mapped_depth	Denatured_primer_pair_1_mapped_depth	Reactivity_profile	Std_err	HQ_profile	HQ_stderr	Norm_profile	Norm_stderr
1	g	0	171160	0	nan	5	0	171160	0	0	0	nan	0	0	0	0	0	0	nan	0	0	0	nan	nan	nan	nan	nan	nan
2	g	0	171472	0	nan	5	0	171472	0	0	0	nan	0	0	0	0	0	0	nan	0	0	0	nan	nan	nan	nan	nan	nan
3	c	0	171572	0	nan	5	0	171572	0	0	0	nan	0	0	0	0	0	0	nan	0	0	0	nan	nan	nan	nan	nan	nan
4	a	0	173117	0	nan	6	0	173117	0	0	0	nan	0	0	0	0	0	0	nan	0	0	0	nan	nan	nan	nan	nan	nan
5	c	0	173162	0	nan	6	0	173162	0	0	0	nan	0	0	0	0	0	0	nan	0	0	0	nan	nan	nan	nan	nan	nan
6	c	0	173173	0	nan	6	0	173173	0	0	0	nan	0	0	0	0	0	0	nan	0	0	0	nan	nan	nan	nan	nan	nan
7	u	0	173176	0	nan	6	0	173176	0	0	0	nan	0	0	0	0	0	0	nan	0	0	0	nan	nan	nan	nan	nan	nan
8	c	0	173176	0	nan	6	0	173176	0	0	0	nan	0	0	0	0	0	0	nan	0	0	0	nan	nan	nan	nan	nan	nan
9	a	0	173176	0	nan	6	0	173176	0	0	0	nan	0	0	0	0	0	0	nan	0	0	0	nan	nan	nan	nan	nan	nan
10	u	0	173189	0	nan	6	0	173189	0	0	0	nan	0	0	0	0	0	0	nan	0	0	0	nan	nan	nan	nan	nan	nan
11	a	0	173205	0	nan	6	0	173205	0	0	0	nan	0	0	0	0	0	0	nan	0	0	0	nan	nan	nan	nan	nan	nan
12	a	0	173217	0	nan	6	0	173217	0	0	0	nan	0	0	0	0	0	0	nan	0	0	0	nan	nan	nan	nan	nan	nan
13	c	0	173219	0	nan	6	0	173219	0	0	0	nan	0	0	0	0	0	0	nan	0	0	0	nan	nan	nan	nan	nan	nan
14	a	0	173221	0	nan	6	0	173221	0	0	0	nan	0	0	0	0	0	0	nan	0	0	0	nan	nan	nan	nan	nan	nan
15	u	0	173222	0	nan	6	0	173222	0	0	0	nan	0	0	0	0	0	0	nan	0	0	0	nan	nan	nan	nan	nan	nan
16	a	0	173225	0	nan	6	0	173225	0	0	0	nan	0	0	0	0	0	0	nan	0	0	0	nan	nan	nan	nan	nan	nan
17	a	0	173226	0	nan	6	0	173226	0	0	0	nan	0	0	0	0	0	0	nan	0	0	0	nan	nan	nan	nan	nan	nan
18	c	0	173231	0	nan	6	0	173231	0	0	0	nan	0	0	0	0	0	0	nan	0	0	0	nan	nan	nan	nan	nan	nan
19	U	0	173233	2	0.000000	6	0	173233	0	0	0	nan	0	0	0	0	0	0	nan	0	0	0	0.000000	0.000000	nan	nan	nan	nan
20	A	0	173244	11	0.000000	6	0	173244	0	0	0	nan	0	0	0	0	0	0	nan	0	0	0	0.000000	0.000000	nan	nan	nan	nan
21	A	0	173247	11	0.000000	6	0	173247	0	0	0	nan	0	0	0	0	0	0	nan	0	0	0	0.000000	0.000000	nan	nan	nan	nan
22	G	0	173256	170814	0.000000	6	0	173256	0	0	0	nan	0	0	0	0	0	0	nan	0	0	0	0.000000	0.000000	0.000000	0.000000	0.000000	0.000000
23	G	321	173260	164165	0.001955	6	0	173260	0	0	0	nan	0	0	0	0	0	0	nan	0	0	0	0.001955	0.000109	0.001955	0.000109	0.938550	0.052328
24	C	1239	173274	166357	0.007448	6	0	173274	0	0	0	nan	0	0	0	0	0	0	nan	0	0	0	0.007448	0.000212	0.007448	0.000212	1.281266	0.036470
25	A	1755	173307	167115	0.010502	6	0	173307	0	0	0	nan	0	0	0	0	0	0	nan	0	0	0	0.010502	0.000251	0.010502	0.000251	0.425669	0.010174
26	G	212	173318	165584	0.001280	6	0	173318	0	0	0	nan	0	0	0	0	0	0	nan	0	0	0	0.001280	0.000088	0.001280	0.000088	0.614498	0.042247
27	A	4167	173322	171078	0.024357	6	0	173321	0	0	0	nan	0	0	0	0	0	0	nan	0	0	0	0.024357	0.000377	0.024357	0.000377	0.987242	0.015281
28	U	881	173328	170823	0.005157	6	0	173325	0	0	0	nan	0	0	0	0	0	0	nan	0	0	0	0.005157	0.000174	0.005157	0.000174	1.108913	0.037415
29	C	7278	173329	171109	0.042534	6	0	173326	0	0	0	nan	0	0	0	0	0	0	nan	0	0	0	0.042534	0.000499	0.042534	0.000499	7.317048	0.085842
30	U	797	173330	171030	0.004660	6	0	173323	0	0	0	nan	0	0	0	0	0	0	nan	0	0	0	0.004660	0.000165	0.004660	0.000165	1.002043	0.035480
31	G	220	173331	169308	0.001299	6	0	173323	0	0	0	nan	0	0	0	0	0	0	nan	0	0	0	0.001299	0.000088	0.001299	0.000088	0.623620	0.042247
32	A	1230	173333	170737	0.007204	6	0	173322	0	0	0	nan	0	0	0	0	0	0	nan	0	0	0	0.007204	0.000205	0.007204	0.000205	0.291994	0.008309
33	G	291	173334	161642	0.001800	6	0	173324	0	0	0	nan	0	0	0	0	0	0	nan	0	0	0	0.001800	0.000106	0.001800	0.000106	0.864138	0.050888
34	C	721	173336	163118	0.004420	6	0	173327	0	0	0	nan	0	0	0	0	0	0	nan	0	0	0	0.004420	0.000165	0.004420	0.000165	0.760365	0.028385
35	C	646	173339	163304	0.003956	6	0	173325	0	0	0	nan	0	0	0	0	0	0	nan	0	0	0	0.003956	0.000156	0.003956	0.000156	0.680544	0.026836
36	U	649	173342	165586	0.003919	6	0	173311	0	0	0	nan	0	0	0	0	0	0	nan	0	0	0	0.003919	0.000154	0.003919	0.000154	0.842705	0.033115
37	G	347	173386	166620	0.002083	6	0	173349	0	0	0	nan	0	0	0	0	0	0	nan	0	0	0	0.002083	0.000112	0.002083	0.000112	1.000000	0.053769
38	G	186	173409	166982	0.001114	6	0	173394	0	0	0	nan	0	0	0	0	0	0	nan	0	0	0	0.001114	0.000082	0.001114	0.000082	0.534806	0.039366
39	G	335	173413	166929	0.002007	6	0	173400	0	0	0	nan	0	0	0	0	0	0	nan	0	0	0	0.002007	0.000110	0.002007	0.000110	0.963514	0.052808
40	G	277	173415	167399	0.001655	6	0	173403	0	0	0	nan	0	0	0	0	0	0	nan	0	0	0	0.001655	0.000099	0.001655	0.000099	0.794527	0.047528
41	G	339	173417	164732	0.002058	6	0	173407	0	0	0	nan	0	0	0	0	0	0	nan	0	0	0	0.002058	0.000112	0.002058	0.000112	0.987998	0.053769
42	C	514	173417	172153	0.002986	7	0	173411	0	0	0	nan	0	0	0	0	0	0	nan	0	0	0	0.002986	0.000132	0.002986	0.000132	0.513676	0.022708
43	U	537	173418	172427	0.003114	7	0	173413	0	0	0	nan	0	0	0	0	0	0	nan	0	0	0	0.003114	0.000134	0.003114	0.000134	0.669605	0.028814
44	C	445	173421	172569	0.002579	7	0	173418	0	0	0	nan	0	0	0	0	0	0	nan	0	0	0	0.002579	0.000122	0.002579	0.000122	0.443661	0.020987
45	U	798	173421	172662	0.004622	7	0	173418	0	0	0	nan	0	0	0	0	0	0	nan	0	0	0	0.004622	0.000164	0.004622	0.000164	0.993872	0.035265
46	C	724	173421	172690	0.004192	7	0	173418	0	0	0	nan	0	0	0	0	0	0	nan	0	0	0	0.004192	0.000156	0.004192	0.000156	0.721142	0.026836
47	U	717	173422	172595	0.004154	7	0	173415	0	0	0	nan	0	0	0	0	0	0	nan	0	0	0	0.004154	0.000155	0.004154	0.000155	0.893237	0.033330
48	G	386	173423	169247	0.002281	7	0	173412	0	0	0	nan	0	0	0	0	0	0	nan	0	0	0	0.002281	0.000116	0.002281	0.000116	1.095055	0.055689
49	C	970	173424	171529	0.005655	7	0	173416	0	0	0	nan	0	0	0	0	0	0	nan	0	0	0	0.005655	0.000182	0.005655	0.000182	0.972820	0.031309
50	C	995	173425	171178	0.005813	7	0	173421	0	0	0	nan	0	0	0	0	0	0	nan	0	0	0	0.005813	0.000184	0.005813	0.000184	1.000000	0.031653
51	A	4399	173430	171730	0.025616	7	0	173429	0	0	0	nan	0	0	0	0	0	0	nan	0	0	0	0.025616	0.000386	0.025616	0.000386	1.038273	0.015645
52	A	0	173431	171959	0.000000	7	0	173431	0	0	0	nan	0	0	0	0	0	0	nan	0	0	0	0.000000	0.000000	0.000000	0.000000	0.000000	0.000000
53	U	0	173422	51	0.000000	5	0	173422	0	0	0	nan	0	0	0	0	0	0	nan	0	0	0	0.000000	0.000000	nan	nan	nan	nan
54	C	0	173352	0	nan	4	0	173352	0	0	0	nan	0	0	0	0	0	0	nan	0	0	0	nan	nan	nan	nan	nan	nan
55	C	0	173351	0	nan	4	0	173351	0	0	0	nan	0	0	0	0	0	0	nan	0	0	0	nan	nan	nan	nan	nan	nan
56	a	0	173351	0	nan	4	0	173351	0	0	0	nan	0	0	0	0	0	0	nan	0	0	0	nan	nan	nan	nan	nan	nan
57	c	0	173351	0	nan	4	0	173351	0	0	0	nan	0	0	0	0	0	0	nan	0	0	0	nan	nan	nan	nan	nan	nan
58	u	0	173351	0	nan	4	0	173351	0	0	0	nan	0	0	0	0	0	0	nan	0	0	0	nan	nan	nan	nan	nan	nan
59	a	0	173351	0	nan	4	0	173351	0	0	0	nan	0	0	0	0	0	0	nan	0	0	0	nan	nan	nan	nan	nan	nan
60	a	0	173351	0	nan	4	0	173351	0	0	0	nan	0	0	0	0	0	0	nan	0	0	0	nan	nan	nan	nan	nan	nan
61	c	0	173351	0	nan	1	0	173351	0	0	0	nan	0	0	0	0	0	0	nan	0	0	0	nan	nan	nan	nan	nan	nan
62	c	0	173351	0	nan	1	0	173351	0	0	0	nan	0	0	0	0	0	0	nan	0	0	0	nan	nan	nan	nan	nan	nan
63	u	0	173351	0	nan	1	0	173351	0	0	0	nan	0	0	0	0	0	0	nan	0	0	0	nan	nan	nan	nan	nan	nan
64	c	0	173351	0	nan	1	0	173351	0	0	0	nan	0	0	0	0	0	0	nan	0	0	0	nan	nan	nan	nan	nan	nan
65	a	0	173351	0	nan	1	0	173351	0	0	0	nan	0	0	0	0	0	0	nan	0	0	0	nan	nan	nan	nan	nan	nan
66	c	0	173351	0	nan	1	0	173351	0	0	0	nan	0	0	0	0	0	0	nan	0	0	0	nan	nan	nan	nan	nan	nan
67	u	0	173351	0	nan	1	0	173351	0	0	0	nan	0	0	0	0	0	0	nan	0	0	0	nan	nan	nan	nan	nan	nan
68	c	0	173351	0	nan	1	0	173351	0	0	0	nan	0	0	0	0	0	0	nan	0	0	0	nan	nan	nan	nan	nan	nan
69	a	0	173349	0	nan	1	0	173349	0	0	0	nan	0	0	0	0	0	0	nan	0	0	0	nan	nan	nan	nan	nan	nan
70	c	0	173336	0	nan	1	0	173336	0	0	0	nan	0	0	0	0	0	0	nan	0	0	0	nan	nan	nan	nan	nan	nan
71	a	0	173325	0	nan	1	0	173325	0	0	0	nan	0	0	0	0	0	0	nan	0	0	0	nan	nan	nan	nan	nan	nan
72	a	0	173275	0	nan	1	0	173275	0	0	0	nan	0	0	0	0	0	0	nan	0	0	0	nan	nan	nan	nan	nan	nan
73	u	0	173189	0	nan	1	0	173189	0	0	0	nan	0	0	0	0	0	0	nan	0	0	0	nan	nan	nan	nan	nan	nan
74	c	0	172977	0	nan	1	0	172977	0	0	0	nan	0	0	0	0	0	0	nan	0	0	0	nan	nan	nan	nan	nan	nan