Nucleotide	Sequence	Modified_mutations	Modified_read_depth	Modified_effective_depth	Modified_rate	Modified_off_target_mapped_depth	Modified_low_mapq_mapped_depth	Modified_primer_pair_1_mapped_depth	Untreated_mutations	Untreated_read_depth	Untreated_effective_depth	Untreated_rate	Untreated_off_target_mapped_depth	Untreated_low_mapq_mapped_depth	Untreated_primer_pair_1_mapped_depth	Denatured_mutations	Denatured_read_depth	Denatured_effective_depth	Denatured_rate	Denatured_off_target_mapped_depth	Denatured_low_mapq_mapped_depth	Denatured_primer_pair_1_mapped_depth	Reactivity_profile	Std_err	HQ_profile	HQ_stderr	Norm_profile	Norm_stderr
1	g	0	121504	0	nan	5	1189	121504	0	0	0	nan	0	0	0	0	0	0	nan	0	0	0	nan	nan	nan	nan	nan	nan
2	g	0	121690	0	nan	5	1190	121690	0	0	0	nan	0	0	0	0	0	0	nan	0	0	0	nan	nan	nan	nan	nan	nan
3	u	0	121757	0	nan	5	1190	121757	0	0	0	nan	0	0	0	0	0	0	nan	0	0	0	nan	nan	nan	nan	nan	nan
4	g	0	121816	0	nan	5	1194	121816	0	0	0	nan	0	0	0	0	0	0	nan	0	0	0	nan	nan	nan	nan	nan	nan
5	u	0	122040	0	nan	5	1195	122040	0	0	0	nan	0	0	0	0	0	0	nan	0	0	0	nan	nan	nan	nan	nan	nan
6	a	0	122044	0	nan	5	1196	122044	0	0	0	nan	0	0	0	0	0	0	nan	0	0	0	nan	nan	nan	nan	nan	nan
7	a	0	122049	0	nan	5	1196	122049	0	0	0	nan	0	0	0	0	0	0	nan	0	0	0	nan	nan	nan	nan	nan	nan
8	g	0	122056	0	nan	5	1196	122056	0	0	0	nan	0	0	0	0	0	0	nan	0	0	0	nan	nan	nan	nan	nan	nan
9	g	0	122060	0	nan	5	1197	122060	0	0	0	nan	0	0	0	0	0	0	nan	0	0	0	nan	nan	nan	nan	nan	nan
10	g	0	122062	0	nan	5	1197	122062	0	0	0	nan	0	0	0	0	0	0	nan	0	0	0	nan	nan	nan	nan	nan	nan
11	u	0	122063	0	nan	5	1199	122063	0	0	0	nan	0	0	0	0	0	0	nan	0	0	0	nan	nan	nan	nan	nan	nan
12	g	0	122063	0	nan	5	1199	122063	0	0	0	nan	0	0	0	0	0	0	nan	0	0	0	nan	nan	nan	nan	nan	nan
13	a	0	122063	0	nan	5	1199	122063	0	0	0	nan	0	0	0	0	0	0	nan	0	0	0	nan	nan	nan	nan	nan	nan
14	a	0	122063	0	nan	5	1199	122063	0	0	0	nan	0	0	0	0	0	0	nan	0	0	0	nan	nan	nan	nan	nan	nan
15	g	0	122063	0	nan	11	1199	122063	0	0	0	nan	0	0	0	0	0	0	nan	0	0	0	nan	nan	nan	nan	nan	nan
16	u	0	122063	0	nan	11	1199	122063	0	0	0	nan	0	0	0	0	0	0	nan	0	0	0	nan	nan	nan	nan	nan	nan
17	g	0	122064	0	nan	11	1199	122064	0	0	0	nan	0	0	0	0	0	0	nan	0	0	0	nan	nan	nan	nan	nan	nan
18	u	0	122064	0	nan	11	1199	122064	0	0	0	nan	0	0	0	0	0	0	nan	0	0	0	nan	nan	nan	nan	nan	nan
19	a	0	122066	0	nan	11	1199	122066	0	0	0	nan	0	0	0	0	0	0	nan	0	0	0	nan	nan	nan	nan	nan	nan
20	A	0	122067	1	0.000000	11	1199	122067	0	0	0	nan	0	0	0	0	0	0	nan	0	0	0	0.000000	0.000000	nan	nan	nan	nan
21	G	0	122068	2	0.000000	11	1199	122068	0	0	0	nan	0	0	0	0	0	0	nan	0	0	0	0.000000	0.000000	nan	nan	nan	nan
22	G	0	122070	2	0.000000	11	1199	122070	0	0	0	nan	0	0	0	0	0	0	nan	0	0	0	0.000000	0.000000	nan	nan	nan	nan
23	U	0	122070	121229	0.000000	11	1199	122070	0	0	0	nan	0	0	0	0	0	0	nan	0	0	0	0.000000	0.000000	0.000000	0.000000	0.000000	0.000000
24	U	268	122070	121160	0.002212	11	1199	122070	0	0	0	nan	0	0	0	0	0	0	nan	0	0	0	0.002212	0.000135	0.002212	0.000135	0.925523	0.056485
25	G	104	122071	120857	0.000861	11	1199	122071	0	0	0	nan	0	0	0	0	0	0	nan	0	0	0	0.000861	0.000084	0.000861	0.000084	nan	nan
26	A	6612	122072	121172	0.054567	11	1199	122072	0	0	0	nan	0	0	0	0	0	0	nan	0	0	0	0.054567	0.000671	0.054567	0.000671	1.047306	0.012879
27	A	5887	122073	121030	0.048641	11	1199	122073	0	0	0	nan	0	0	0	0	0	0	nan	0	0	0	0.048641	0.000634	0.048641	0.000634	0.933568	0.012168
28	C	5822	122074	119973	0.048528	11	1199	122074	0	0	0	nan	0	0	0	0	0	0	nan	0	0	0	0.048528	0.000636	0.048528	0.000636	1.060698	0.013901
29	U	171	122074	120702	0.001417	11	1199	122074	0	0	0	nan	0	0	0	0	0	0	nan	0	0	0	0.001417	0.000108	0.001417	0.000108	0.592887	0.045188
30	U	240	122077	120806	0.001987	11	1199	122077	0	0	0	nan	0	0	0	0	0	0	nan	0	0	0	0.001987	0.000128	0.001987	0.000128	0.831381	0.053556
31	U	289	122077	120916	0.002390	11	1199	122077	0	0	0	nan	0	0	0	0	0	0	nan	0	0	0	0.002390	0.000141	0.002390	0.000141	1.000000	0.058996
32	U	246	122078	121016	0.002033	11	1199	122078	0	0	0	nan	0	0	0	0	0	0	nan	0	0	0	0.002033	0.000130	0.002033	0.000130	0.850628	0.054393
33	G	53	122079	120323	0.000440	11	1199	122078	0	0	0	nan	0	0	0	0	0	0	nan	0	0	0	0.000440	0.000061	0.000440	0.000061	nan	nan
34	A	3865	122080	120835	0.031986	11	1199	122079	0	0	0	nan	0	0	0	0	0	0	nan	0	0	0	0.031986	0.000514	0.031986	0.000514	0.613908	0.009865
35	A	3170	122081	120614	0.026282	11	1199	122079	0	0	0	nan	0	0	0	0	0	0	nan	0	0	0	0.026282	0.000467	0.026282	0.000467	0.504431	0.008963
36	U	142	122081	120488	0.001179	11	1199	122079	0	0	0	nan	0	0	0	0	0	0	nan	0	0	0	0.001179	0.000099	0.001179	0.000099	0.493305	0.041423
37	A	6660	122081	120510	0.055265	11	1199	122079	0	0	0	nan	0	0	0	0	0	0	nan	0	0	0	0.055265	0.000677	0.055265	0.000677	1.060703	0.012994
38	G	86	122081	118827	0.000724	11	1199	122079	0	0	0	nan	0	0	0	0	0	0	nan	0	0	0	0.000724	0.000078	0.000724	0.000078	nan	nan
39	U	283	122081	120638	0.002346	11	1199	122079	0	0	0	nan	0	0	0	0	0	0	nan	0	0	0	0.002346	0.000139	0.002346	0.000139	0.981590	0.058159
40	G	161	122081	119832	0.001344	11	1199	122079	0	0	0	nan	0	0	0	0	0	0	nan	0	0	0	0.001344	0.000106	0.001344	0.000106	nan	nan
41	A	4637	122083	120254	0.038560	11	1199	122081	0	0	0	nan	0	0	0	0	0	0	nan	0	0	0	0.038560	0.000566	0.038560	0.000566	0.740083	0.010863
42	U	296	122084	120171	0.002463	11	1199	122082	0	0	0	nan	0	0	0	0	0	0	nan	0	0	0	0.002463	0.000143	0.002463	0.000143	1.030544	0.059833
43	U	238	122089	120343	0.001978	11	1199	122088	0	0	0	nan	0	0	0	0	0	0	nan	0	0	0	0.001978	0.000128	0.001978	0.000128	0.827615	0.053556
44	C	4496	122091	120151	0.037420	11	1199	122090	0	0	0	nan	0	0	0	0	0	0	nan	0	0	0	0.037420	0.000558	0.037420	0.000558	0.817906	0.012196
45	A	4427	122091	120177	0.036837	11	1199	122090	0	0	0	nan	0	0	0	0	0	0	nan	0	0	0	0.036837	0.000554	0.036837	0.000554	0.707014	0.010633
46	G	109	122092	119573	0.000912	12	1199	122091	0	0	0	nan	0	0	0	0	0	0	nan	0	0	0	0.000912	0.000087	0.000912	0.000087	nan	nan
47	G	76	122092	119129	0.000638	13	1199	122091	0	0	0	nan	0	0	0	0	0	0	nan	0	0	0	0.000638	0.000073	0.000638	0.000073	nan	nan
48	A	4474	122093	119866	0.037325	14	1199	122092	0	0	0	nan	0	0	0	0	0	0	nan	0	0	0	0.037325	0.000558	0.037325	0.000558	0.716380	0.010710
49	G	91	122094	119353	0.000762	15	1199	122093	0	0	0	nan	0	0	0	0	0	0	nan	0	0	0	0.000762	0.000080	0.000762	0.000080	nan	nan
50	G	94	122094	119230	0.000788	16	1199	122093	0	0	0	nan	0	0	0	0	0	0	nan	0	0	0	0.000788	0.000081	0.000788	0.000081	nan	nan
51	U	259	122094	119960	0.002159	16	1199	122093	0	0	0	nan	0	0	0	0	0	0	nan	0	0	0	0.002159	0.000134	0.002159	0.000134	0.903347	0.056067
52	U	243	122094	119780	0.002029	16	1199	122093	0	0	0	nan	0	0	0	0	0	0	nan	0	0	0	0.002029	0.000130	0.002029	0.000130	0.848954	0.054393
53	A	6398	122094	120137	0.053256	16	1199	122093	0	0	0	nan	0	0	0	0	0	0	nan	0	0	0	0.053256	0.000666	0.053256	0.000666	1.022144	0.012783
54	A	5491	122094	120977	0.045389	16	1199	122094	0	0	0	nan	0	0	0	0	0	0	nan	0	0	0	0.045389	0.000613	0.045389	0.000613	0.871152	0.011765
55	U	281	122094	121176	0.002319	17	1199	122094	0	0	0	nan	0	0	0	0	0	0	nan	0	0	0	0.002319	0.000138	0.002319	0.000138	0.970293	0.057741
56	G	133	122094	120648	0.001102	17	1199	122094	0	0	0	nan	0	0	0	0	0	0	nan	0	0	0	0.001102	0.000096	0.001102	0.000096	nan	nan
57	G	0	122094	120963	0.000000	17	1199	122094	0	0	0	nan	0	0	0	0	0	0	nan	0	0	0	0.000000	0.000000	0.000000	0.000000	nan	nan
58	A	0	122093	0	nan	17	1199	122093	0	0	0	nan	0	0	0	0	0	0	nan	0	0	0	nan	nan	nan	nan	nan	nan
59	A	0	122093	0	nan	17	1199	122093	0	0	0	nan	0	0	0	0	0	0	nan	0	0	0	nan	nan	nan	nan	nan	nan
60	G	0	122093	0	nan	17	1199	122093	0	0	0	nan	0	0	0	0	0	0	nan	0	0	0	nan	nan	nan	nan	nan	nan
61	u	0	122093	0	nan	17	1199	122093	0	0	0	nan	0	0	0	0	0	0	nan	0	0	0	nan	nan	nan	nan	nan	nan
62	a	0	122093	0	nan	17	1199	122093	0	0	0	nan	0	0	0	0	0	0	nan	0	0	0	nan	nan	nan	nan	nan	nan
63	a	0	122093	0	nan	17	1199	122093	0	0	0	nan	0	0	0	0	0	0	nan	0	0	0	nan	nan	nan	nan	nan	nan
64	a	0	122093	0	nan	17	1199	122093	0	0	0	nan	0	0	0	0	0	0	nan	0	0	0	nan	nan	nan	nan	nan	nan
65	g	0	122093	0	nan	17	1199	122093	0	0	0	nan	0	0	0	0	0	0	nan	0	0	0	nan	nan	nan	nan	nan	nan
66	g	0	122092	0	nan	17	1199	122092	0	0	0	nan	0	0	0	0	0	0	nan	0	0	0	nan	nan	nan	nan	nan	nan
67	u	0	122092	0	nan	16	1199	122092	0	0	0	nan	0	0	0	0	0	0	nan	0	0	0	nan	nan	nan	nan	nan	nan
68	a	0	122092	0	nan	15	1198	122092	0	0	0	nan	0	0	0	0	0	0	nan	0	0	0	nan	nan	nan	nan	nan	nan
69	a	0	122092	0	nan	14	1198	122092	0	0	0	nan	0	0	0	0	0	0	nan	0	0	0	nan	nan	nan	nan	nan	nan
70	u	0	122092	0	nan	12	1198	122092	0	0	0	nan	0	0	0	0	0	0	nan	0	0	0	nan	nan	nan	nan	nan	nan
71	g	0	122092	0	nan	12	1198	122092	0	0	0	nan	0	0	0	0	0	0	nan	0	0	0	nan	nan	nan	nan	nan	nan
72	a	0	122091	0	nan	12	1198	122091	0	0	0	nan	0	0	0	0	0	0	nan	0	0	0	nan	nan	nan	nan	nan	nan
73	a	0	122089	0	nan	12	1198	122089	0	0	0	nan	0	0	0	0	0	0	nan	0	0	0	nan	nan	nan	nan	nan	nan
74	g	0	122086	0	nan	12	1198	122086	0	0	0	nan	0	0	0	0	0	0	nan	0	0	0	nan	nan	nan	nan	nan	nan
75	g	0	122079	0	nan	12	1198	122079	0	0	0	nan	0	0	0	0	0	0	nan	0	0	0	nan	nan	nan	nan	nan	nan
76	u	0	122072	0	nan	12	1198	122072	0	0	0	nan	0	0	0	0	0	0	nan	0	0	0	nan	nan	nan	nan	nan	nan
77	g	0	122066	0	nan	12	1198	122066	0	0	0	nan	0	0	0	0	0	0	nan	0	0	0	nan	nan	nan	nan	nan	nan
78	a	0	122056	0	nan	12	1197	122056	0	0	0	nan	0	0	0	0	0	0	nan	0	0	0	nan	nan	nan	nan	nan	nan
79	a	0	121955	0	nan	12	1195	121955	0	0	0	nan	0	0	0	0	0	0	nan	0	0	0	nan	nan	nan	nan	nan	nan
80	g	0	121858	0	nan	12	1182	121858	0	0	0	nan	0	0	0	0	0	0	nan	0	0	0	nan	nan	nan	nan	nan	nan