Nucleotide	Sequence	Modified_mutations	Modified_read_depth	Modified_effective_depth	Modified_rate	Modified_off_target_mapped_depth	Modified_low_mapq_mapped_depth	Modified_primer_pair_1_mapped_depth	Untreated_mutations	Untreated_read_depth	Untreated_effective_depth	Untreated_rate	Untreated_off_target_mapped_depth	Untreated_low_mapq_mapped_depth	Untreated_primer_pair_1_mapped_depth	Denatured_mutations	Denatured_read_depth	Denatured_effective_depth	Denatured_rate	Denatured_off_target_mapped_depth	Denatured_low_mapq_mapped_depth	Denatured_primer_pair_1_mapped_depth	Reactivity_profile	Std_err	HQ_profile	HQ_stderr	Norm_profile	Norm_stderr
1	g	0	49503	0	nan	1	0	49503	0	0	0	nan	0	0	0	0	0	0	nan	0	0	0	nan	nan	nan	nan	nan	nan
2	g	0	49531	0	nan	1	0	49531	0	0	0	nan	0	0	0	0	0	0	nan	0	0	0	nan	nan	nan	nan	nan	nan
3	u	0	49545	0	nan	1	0	49545	0	0	0	nan	0	0	0	0	0	0	nan	0	0	0	nan	nan	nan	nan	nan	nan
4	g	0	49554	0	nan	1	0	49554	0	0	0	nan	0	0	0	0	0	0	nan	0	0	0	nan	nan	nan	nan	nan	nan
5	u	0	49565	0	nan	1	0	49565	0	0	0	nan	0	0	0	0	0	0	nan	0	0	0	nan	nan	nan	nan	nan	nan
6	a	0	49586	0	nan	1	0	49586	0	0	0	nan	0	0	0	0	0	0	nan	0	0	0	nan	nan	nan	nan	nan	nan
7	a	0	49629	0	nan	1	0	49629	0	0	0	nan	0	0	0	0	0	0	nan	0	0	0	nan	nan	nan	nan	nan	nan
8	g	0	49784	0	nan	1	0	49784	0	0	0	nan	0	0	0	0	0	0	nan	0	0	0	nan	nan	nan	nan	nan	nan
9	g	0	51793	0	nan	1	0	51793	0	0	0	nan	0	0	0	0	0	0	nan	0	0	0	nan	nan	nan	nan	nan	nan
10	g	0	203091	0	nan	1	0	203091	0	0	0	nan	0	0	0	0	0	0	nan	0	0	0	nan	nan	nan	nan	nan	nan
11	u	0	214341	0	nan	1	0	214341	0	0	0	nan	0	0	0	0	0	0	nan	0	0	0	nan	nan	nan	nan	nan	nan
12	g	0	214873	0	nan	1	0	214873	0	0	0	nan	0	0	0	0	0	0	nan	0	0	0	nan	nan	nan	nan	nan	nan
13	a	0	214910	0	nan	1	0	214910	0	0	0	nan	0	0	0	0	0	0	nan	0	0	0	nan	nan	nan	nan	nan	nan
14	a	0	214922	0	nan	1	0	214922	0	0	0	nan	0	0	0	0	0	0	nan	0	0	0	nan	nan	nan	nan	nan	nan
15	g	0	214938	0	nan	4	0	214938	0	0	0	nan	0	0	0	0	0	0	nan	0	0	0	nan	nan	nan	nan	nan	nan
16	u	0	214948	0	nan	4	0	214948	0	0	0	nan	0	0	0	0	0	0	nan	0	0	0	nan	nan	nan	nan	nan	nan
17	g	0	214972	0	nan	4	0	214972	0	0	0	nan	0	0	0	0	0	0	nan	0	0	0	nan	nan	nan	nan	nan	nan
18	u	0	214983	0	nan	4	0	214983	0	0	0	nan	0	0	0	0	0	0	nan	0	0	0	nan	nan	nan	nan	nan	nan
19	a	0	215079	0	nan	4	0	215079	0	0	0	nan	0	0	0	0	0	0	nan	0	0	0	nan	nan	nan	nan	nan	nan
20	A	0	215137	17	0.000000	4	0	215137	0	0	0	nan	0	0	0	0	0	0	nan	0	0	0	0.000000	0.000000	nan	nan	nan	nan
21	G	0	215210	44	0.000000	4	0	215210	0	0	0	nan	0	0	0	0	0	0	nan	0	0	0	0.000000	0.000000	nan	nan	nan	nan
22	G	0	215236	49	0.000000	4	0	215236	0	0	0	nan	0	0	0	0	0	0	nan	0	0	0	0.000000	0.000000	nan	nan	nan	nan
23	U	0	215252	212647	0.000000	4	0	215252	0	0	0	nan	0	0	0	0	0	0	nan	0	0	0	0.000000	0.000000	0.000000	0.000000	0.000000	0.000000
24	U	370	215259	212503	0.001741	4	0	215259	0	0	0	nan	0	0	0	0	0	0	nan	0	0	0	0.001741	0.000091	0.001741	0.000091	0.804157	0.042032
25	G	374	215262	210232	0.001779	4	0	215262	0	0	0	nan	0	0	0	0	0	0	nan	0	0	0	0.001779	0.000092	0.001779	0.000092	nan	nan
26	A	7530	215259	205643	0.036617	4	0	215226	0	0	0	nan	0	0	0	0	0	0	nan	0	0	0	0.036617	0.000422	0.036617	0.000422	0.939572	0.010828
27	C	17520	215264	204268	0.085770	4	0	215221	0	0	0	nan	0	0	0	0	0	0	nan	0	0	0	0.085770	0.000648	0.085770	0.000648	1.219545	0.009214
28	C	7238	215284	206025	0.035132	4	0	215244	0	0	0	nan	0	0	0	0	0	0	nan	0	0	0	0.035132	0.000413	0.035132	0.000413	0.499534	0.005872
29	U	245	215374	209854	0.001167	4	0	215344	0	0	0	nan	0	0	0	0	0	0	nan	0	0	0	0.001167	0.000075	0.001167	0.000075	0.539030	0.034642
30	U	304	215408	211126	0.001440	4	0	215381	0	0	0	nan	0	0	0	0	0	0	nan	0	0	0	0.001440	0.000083	0.001440	0.000083	0.665127	0.038337
31	U	396	215427	211736	0.001870	4	0	215401	0	0	0	nan	0	0	0	0	0	0	nan	0	0	0	0.001870	0.000094	0.001870	0.000094	0.863741	0.043418
32	U	318	215472	212511	0.001496	4	0	215446	0	0	0	nan	0	0	0	0	0	0	nan	0	0	0	0.001496	0.000084	0.001496	0.000084	0.690993	0.038799
33	G	389	215500	210113	0.001851	4	0	215475	0	0	0	nan	0	0	0	0	0	0	nan	0	0	0	0.001851	0.000094	0.001851	0.000094	nan	nan
34	A	8365	215524	209804	0.039871	4	0	215499	0	0	0	nan	0	0	0	0	0	0	nan	0	0	0	0.039871	0.000436	0.039871	0.000436	1.023068	0.011188
35	A	6555	215535	209093	0.031350	4	0	215510	0	0	0	nan	0	0	0	0	0	0	nan	0	0	0	0.031350	0.000387	0.031350	0.000387	0.804424	0.009930
36	U	338	215544	209386	0.001614	4	0	215519	0	0	0	nan	0	0	0	0	0	0	nan	0	0	0	0.001614	0.000088	0.001614	0.000088	0.745497	0.040647
37	A	6689	215559	210344	0.031800	4	0	215534	0	0	0	nan	0	0	0	0	0	0	nan	0	0	0	0.031800	0.000389	0.031800	0.000389	0.815970	0.009982
38	G	279	215582	209114	0.001334	4	0	215558	0	0	0	nan	0	0	0	0	0	0	nan	0	0	0	0.001334	0.000080	0.001334	0.000080	nan	nan
39	U	381	215591	212065	0.001797	4	0	215566	0	0	0	nan	0	0	0	0	0	0	nan	0	0	0	0.001797	0.000092	0.001797	0.000092	0.830023	0.042494
40	G	395	215614	209897	0.001882	4	1	215591	0	0	0	nan	0	0	0	0	0	0	nan	0	0	0	0.001882	0.000095	0.001882	0.000095	nan	nan
41	A	8153	215639	210515	0.038729	4	1	215618	0	0	0	nan	0	0	0	0	0	0	nan	0	0	0	0.038729	0.000429	0.038729	0.000429	0.993765	0.011008
42	U	454	215671	209694	0.002165	3	1	215654	0	0	0	nan	0	0	0	0	0	0	nan	0	0	0	0.002165	0.000102	0.002165	0.000102	1.000000	0.047113
43	U	445	215693	209779	0.002121	3	1	215676	0	0	0	nan	0	0	0	0	0	0	nan	0	0	0	0.002121	0.000101	0.002121	0.000101	0.979677	0.046651
44	C	11429	215708	208222	0.054889	3	1	215691	0	0	0	nan	0	0	0	0	0	0	nan	0	0	0	0.054889	0.000513	0.054889	0.000513	0.780455	0.007294
45	A	8620	215734	209042	0.041236	3	1	215718	0	0	0	nan	0	0	0	0	0	0	nan	0	0	0	0.041236	0.000444	0.041236	0.000444	1.058093	0.011393
46	G	390	215762	209907	0.001858	3	1	215749	0	0	0	nan	0	0	0	0	0	0	nan	0	0	0	0.001858	0.000094	0.001858	0.000094	nan	nan
47	G	340	215771	209744	0.001621	3	1	215759	0	0	0	nan	0	0	0	0	0	0	nan	0	0	0	0.001621	0.000088	0.001621	0.000088	nan	nan
48	A	8206	215774	210561	0.038972	3	1	215763	0	0	0	nan	0	0	0	0	0	0	nan	0	0	0	0.038972	0.000430	0.038972	0.000430	1.000000	0.011034
49	G	858	215831	210149	0.004083	3	1	215825	0	0	0	nan	0	0	0	0	0	0	nan	0	0	0	0.004083	0.000139	0.004083	0.000139	nan	nan
50	G	335	215846	211050	0.001587	3	1	215844	0	0	0	nan	0	0	0	0	0	0	nan	0	0	0	0.001587	0.000087	0.001587	0.000087	nan	nan
51	U	334	215850	211835	0.001577	3	1	215848	0	0	0	nan	0	0	0	0	0	0	nan	0	0	0	0.001577	0.000086	0.001577	0.000086	0.728406	0.039723
52	U	411	215852	210926	0.001949	3	1	215850	0	0	0	nan	0	0	0	0	0	0	nan	0	0	0	0.001949	0.000096	0.001949	0.000096	0.900231	0.044342
53	A	6827	215852	211289	0.032311	3	1	215852	0	0	0	nan	0	0	0	0	0	0	nan	0	0	0	0.032311	0.000391	0.032311	0.000391	0.829082	0.010033
54	A	5687	215851	211843	0.026845	3	1	215849	0	0	0	nan	0	0	0	0	0	0	nan	0	0	0	0.026845	0.000356	0.026845	0.000356	0.688828	0.009135
55	U	541	215853	212782	0.002543	3	1	215852	0	0	0	nan	0	0	0	0	0	0	nan	0	0	0	0.002543	0.000109	0.002543	0.000109	1.174596	0.050346
56	G	431	215856	213173	0.002022	3	1	215855	0	0	0	nan	0	0	0	0	0	0	nan	0	0	0	0.002022	0.000097	0.002022	0.000097	nan	nan
57	G	0	215859	211938	0.000000	3	1	215859	0	0	0	nan	0	0	0	0	0	0	nan	0	0	0	0.000000	0.000000	0.000000	0.000000	nan	nan
58	A	0	215861	0	nan	3	1	215861	0	0	0	nan	0	0	0	0	0	0	nan	0	0	0	nan	nan	nan	nan	nan	nan
59	A	0	215861	0	nan	3	1	215861	0	0	0	nan	0	0	0	0	0	0	nan	0	0	0	nan	nan	nan	nan	nan	nan
60	G	0	215861	0	nan	3	1	215861	0	0	0	nan	0	0	0	0	0	0	nan	0	0	0	nan	nan	nan	nan	nan	nan
61	u	0	215861	0	nan	3	1	215861	0	0	0	nan	0	0	0	0	0	0	nan	0	0	0	nan	nan	nan	nan	nan	nan
62	a	0	215861	0	nan	3	1	215861	0	0	0	nan	0	0	0	0	0	0	nan	0	0	0	nan	nan	nan	nan	nan	nan
63	a	0	215861	0	nan	3	1	215861	0	0	0	nan	0	0	0	0	0	0	nan	0	0	0	nan	nan	nan	nan	nan	nan
64	a	0	215861	0	nan	3	1	215861	0	0	0	nan	0	0	0	0	0	0	nan	0	0	0	nan	nan	nan	nan	nan	nan
65	g	0	215861	0	nan	3	1	215861	0	0	0	nan	0	0	0	0	0	0	nan	0	0	0	nan	nan	nan	nan	nan	nan
66	g	0	215861	0	nan	3	1	215861	0	0	0	nan	0	0	0	0	0	0	nan	0	0	0	nan	nan	nan	nan	nan	nan
67	u	0	215861	0	nan	3	1	215861	0	0	0	nan	0	0	0	0	0	0	nan	0	0	0	nan	nan	nan	nan	nan	nan
68	a	0	215861	0	nan	3	1	215861	0	0	0	nan	0	0	0	0	0	0	nan	0	0	0	nan	nan	nan	nan	nan	nan
69	a	0	215861	0	nan	3	1	215861	0	0	0	nan	0	0	0	0	0	0	nan	0	0	0	nan	nan	nan	nan	nan	nan
70	u	0	215861	0	nan	3	1	215861	0	0	0	nan	0	0	0	0	0	0	nan	0	0	0	nan	nan	nan	nan	nan	nan
71	g	0	215861	0	nan	3	1	215861	0	0	0	nan	0	0	0	0	0	0	nan	0	0	0	nan	nan	nan	nan	nan	nan
72	a	0	215861	0	nan	3	1	215861	0	0	0	nan	0	0	0	0	0	0	nan	0	0	0	nan	nan	nan	nan	nan	nan
73	a	0	215861	0	nan	3	1	215861	0	0	0	nan	0	0	0	0	0	0	nan	0	0	0	nan	nan	nan	nan	nan	nan
74	g	0	215861	0	nan	3	1	215861	0	0	0	nan	0	0	0	0	0	0	nan	0	0	0	nan	nan	nan	nan	nan	nan
75	g	0	215861	0	nan	3	1	215861	0	0	0	nan	0	0	0	0	0	0	nan	0	0	0	nan	nan	nan	nan	nan	nan
76	u	0	215851	0	nan	3	1	215851	0	0	0	nan	0	0	0	0	0	0	nan	0	0	0	nan	nan	nan	nan	nan	nan
77	g	0	215847	0	nan	3	1	215847	0	0	0	nan	0	0	0	0	0	0	nan	0	0	0	nan	nan	nan	nan	nan	nan
78	a	0	215844	0	nan	3	1	215844	0	0	0	nan	0	0	0	0	0	0	nan	0	0	0	nan	nan	nan	nan	nan	nan
79	a	0	215819	0	nan	3	1	215819	0	0	0	nan	0	0	0	0	0	0	nan	0	0	0	nan	nan	nan	nan	nan	nan
80	g	0	215727	0	nan	3	1	215727	0	0	0	nan	0	0	0	0	0	0	nan	0	0	0	nan	nan	nan	nan	nan	nan