Nucleotide	Sequence	Modified_mutations	Modified_read_depth	Modified_effective_depth	Modified_rate	Modified_off_target_mapped_depth	Modified_low_mapq_mapped_depth	Modified_primer_pair_1_mapped_depth	Untreated_mutations	Untreated_read_depth	Untreated_effective_depth	Untreated_rate	Untreated_off_target_mapped_depth	Untreated_low_mapq_mapped_depth	Untreated_primer_pair_1_mapped_depth	Denatured_mutations	Denatured_read_depth	Denatured_effective_depth	Denatured_rate	Denatured_off_target_mapped_depth	Denatured_low_mapq_mapped_depth	Denatured_primer_pair_1_mapped_depth	Reactivity_profile	Std_err	HQ_profile	HQ_stderr	Norm_profile	Norm_stderr
1	g	0	953811	0	nan	0	13	953811	0	0	0	nan	0	0	0	0	0	0	nan	0	0	0	nan	nan	nan	nan	nan	nan
2	g	0	954343	0	nan	0	13	954343	0	0	0	nan	0	0	0	0	0	0	nan	0	0	0	nan	nan	nan	nan	nan	nan
3	u	0	954664	0	nan	0	13	954664	0	0	0	nan	0	0	0	0	0	0	nan	0	0	0	nan	nan	nan	nan	nan	nan
4	g	0	954774	0	nan	0	13	954774	0	0	0	nan	0	0	0	0	0	0	nan	0	0	0	nan	nan	nan	nan	nan	nan
5	u	0	954897	0	nan	0	13	954897	0	0	0	nan	0	0	0	0	0	0	nan	0	0	0	nan	nan	nan	nan	nan	nan
6	a	0	954906	0	nan	0	13	954906	0	0	0	nan	0	0	0	0	0	0	nan	0	0	0	nan	nan	nan	nan	nan	nan
7	a	0	954930	0	nan	0	13	954930	0	0	0	nan	0	0	0	0	0	0	nan	0	0	0	nan	nan	nan	nan	nan	nan
8	g	0	954998	0	nan	0	13	954998	0	0	0	nan	0	0	0	0	0	0	nan	0	0	0	nan	nan	nan	nan	nan	nan
9	g	0	956119	0	nan	0	13	956119	0	0	0	nan	0	0	0	0	0	0	nan	0	0	0	nan	nan	nan	nan	nan	nan
10	g	0	1138061	0	nan	0	13	1138061	0	0	0	nan	0	0	0	0	0	0	nan	0	0	0	nan	nan	nan	nan	nan	nan
11	u	0	1139884	0	nan	0	13	1139884	0	0	0	nan	0	0	0	0	0	0	nan	0	0	0	nan	nan	nan	nan	nan	nan
12	g	0	1140659	0	nan	0	13	1140659	0	0	0	nan	0	0	0	0	0	0	nan	0	0	0	nan	nan	nan	nan	nan	nan
13	a	0	1140750	0	nan	0	13	1140750	0	0	0	nan	0	0	0	0	0	0	nan	0	0	0	nan	nan	nan	nan	nan	nan
14	a	0	1140763	0	nan	0	13	1140763	0	0	0	nan	0	0	0	0	0	0	nan	0	0	0	nan	nan	nan	nan	nan	nan
15	g	0	1140773	0	nan	4	13	1140773	0	0	0	nan	0	0	0	0	0	0	nan	0	0	0	nan	nan	nan	nan	nan	nan
16	u	0	1140823	0	nan	4	13	1140823	0	0	0	nan	0	0	0	0	0	0	nan	0	0	0	nan	nan	nan	nan	nan	nan
17	g	0	1140893	0	nan	4	13	1140893	0	0	0	nan	0	0	0	0	0	0	nan	0	0	0	nan	nan	nan	nan	nan	nan
18	u	0	1141096	0	nan	5	13	1141096	0	0	0	nan	0	0	0	0	0	0	nan	0	0	0	nan	nan	nan	nan	nan	nan
19	a	0	1141411	0	nan	5	13	1141411	0	0	0	nan	0	0	0	0	0	0	nan	0	0	0	nan	nan	nan	nan	nan	nan
20	A	0	1141991	564	0.000000	5	13	1141991	0	0	0	nan	0	0	0	0	0	0	nan	0	0	0	0.000000	0.000000	nan	nan	nan	nan
21	G	0	1142600	1131	0.000000	5	13	1142600	0	0	0	nan	0	0	0	0	0	0	nan	0	0	0	0.000000	0.000000	nan	nan	nan	nan
22	G	0	1143098	1596	0.000000	5	13	1143098	0	0	0	nan	0	0	0	0	0	0	nan	0	0	0	0.000000	0.000000	nan	nan	nan	nan
23	U	0	1143165	1140489	0.000000	5	13	1143165	0	0	0	nan	0	0	0	0	0	0	nan	0	0	0	0.000000	0.000000	0.000000	0.000000	nan	nan
24	U	997	1143170	1140430	0.000874	5	13	1143170	0	0	0	nan	0	0	0	0	0	0	nan	0	0	0	0.000874	0.000028	0.000874	0.000028	nan	nan
25	G	635	1143173	1139614	0.000557	5	13	1143173	0	0	0	nan	0	0	0	0	0	0	nan	0	0	0	0.000557	0.000022	0.000557	0.000022	nan	nan
26	A	9328	1143173	1132116	0.008239	5	13	1143170	0	0	0	nan	0	0	0	0	0	0	nan	0	0	0	0.008239	0.000085	0.008239	0.000085	1.009063	0.010410
27	A	11436	1143178	1131003	0.010111	5	13	1143173	0	0	0	nan	0	0	0	0	0	0	nan	0	0	0	0.010111	0.000095	0.010111	0.000095	1.238334	0.011635
28	C	9909	1143182	1128475	0.008781	5	13	1143177	0	0	0	nan	0	0	0	0	0	0	nan	0	0	0	0.008781	0.000088	0.008781	0.000088	0.909289	0.009113
29	U	1081	1143195	1136810	0.000951	5	13	1143190	0	0	0	nan	0	0	0	0	0	0	nan	0	0	0	0.000951	0.000029	0.000951	0.000029	nan	nan
30	U	1194	1143224	1137414	0.001050	5	13	1143219	0	0	0	nan	0	0	0	0	0	0	nan	0	0	0	0.001050	0.000030	0.001050	0.000030	nan	nan
31	U	1457	1143261	1138737	0.001279	5	13	1143254	0	0	0	nan	0	0	0	0	0	0	nan	0	0	0	0.001279	0.000034	0.001279	0.000034	nan	nan
32	U	948	1143332	1140246	0.000831	5	13	1143326	0	0	0	nan	0	0	0	0	0	0	nan	0	0	0	0.000831	0.000027	0.000831	0.000027	nan	nan
33	G	604	1143532	1139459	0.000530	6	13	1143520	0	0	0	nan	0	0	0	0	0	0	nan	0	0	0	0.000530	0.000022	0.000530	0.000022	nan	nan
34	A	9037	1143658	1140258	0.007925	6	13	1143643	0	0	0	nan	0	0	0	0	0	0	nan	0	0	0	0.007925	0.000083	0.007925	0.000083	0.970606	0.010165
35	A	7705	1143672	1139308	0.006763	7	13	1143660	0	0	0	nan	0	0	0	0	0	0	nan	0	0	0	0.006763	0.000077	0.006763	0.000077	0.828291	0.009430
36	U	794	1143676	1138766	0.000697	7	13	1143661	0	0	0	nan	0	0	0	0	0	0	nan	0	0	0	0.000697	0.000025	0.000697	0.000025	nan	nan
37	A	8775	1143683	1139288	0.007702	7	13	1143665	0	0	0	nan	0	0	0	0	0	0	nan	0	0	0	0.007702	0.000082	0.007702	0.000082	0.943295	0.010043
38	G	794	1143703	1137349	0.000698	7	13	1143688	0	0	0	nan	0	0	0	0	0	0	nan	0	0	0	0.000698	0.000025	0.000698	0.000025	nan	nan
39	U	1065	1143709	1140605	0.000934	7	13	1143693	0	0	0	nan	0	0	0	0	0	0	nan	0	0	0	0.000934	0.000029	0.000934	0.000029	nan	nan
40	G	912	1143720	1138991	0.000801	7	13	1143705	0	0	0	nan	0	0	0	0	0	0	nan	0	0	0	0.000801	0.000027	0.000801	0.000027	nan	nan
41	A	9803	1143729	1139688	0.008601	7	13	1143713	0	0	0	nan	0	0	0	0	0	0	nan	0	0	0	0.008601	0.000087	0.008601	0.000087	1.053399	0.010655
42	U	1659	1143767	1138574	0.001457	8	13	1143755	0	0	0	nan	0	0	0	0	0	0	nan	0	0	0	0.001457	0.000036	0.001457	0.000036	nan	nan
43	U	1334	1143791	1138670	0.001172	8	13	1143780	0	0	0	nan	0	0	0	0	0	0	nan	0	0	0	0.001172	0.000032	0.001172	0.000032	nan	nan
44	C	11326	1143805	1138394	0.009949	8	13	1143794	0	0	0	nan	0	0	0	0	0	0	nan	0	0	0	0.009949	0.000093	0.009949	0.000093	1.030237	0.009630
45	A	8894	1143824	1139585	0.007805	8	15	1143811	0	0	0	nan	0	0	0	0	0	0	nan	0	0	0	0.007805	0.000083	0.007805	0.000083	0.955909	0.010165
46	G	833	1143869	1139926	0.000731	8	15	1143860	0	0	0	nan	0	0	0	0	0	0	nan	0	0	0	0.000731	0.000025	0.000731	0.000025	nan	nan
47	G	748	1143878	1140065	0.000656	7	15	1143869	0	0	0	nan	0	0	0	0	0	0	nan	0	0	0	0.000656	0.000024	0.000656	0.000024	nan	nan
48	A	9063	1143878	1140940	0.007943	7	15	1143870	0	0	0	nan	0	0	0	0	0	0	nan	0	0	0	0.007943	0.000083	0.007943	0.000083	0.972811	0.010165
49	G	676	1143916	1140327	0.000593	7	15	1143911	0	0	0	nan	0	0	0	0	0	0	nan	0	0	0	0.000593	0.000023	0.000593	0.000023	nan	nan
50	G	676	1143927	1140154	0.000593	7	15	1143923	0	0	0	nan	0	0	0	0	0	0	nan	0	0	0	0.000593	0.000023	0.000593	0.000023	nan	nan
51	U	1163	1143938	1140448	0.001020	7	15	1143935	0	0	0	nan	0	0	0	0	0	0	nan	0	0	0	0.001020	0.000030	0.001020	0.000030	nan	nan
52	U	998	1143941	1139693	0.000876	7	15	1143938	0	0	0	nan	0	0	0	0	0	0	nan	0	0	0	0.000876	0.000028	0.000876	0.000028	nan	nan
53	A	8257	1143934	1139088	0.007249	7	15	1143930	0	0	0	nan	0	0	0	0	0	0	nan	0	0	0	0.007249	0.000080	0.007249	0.000080	0.887814	0.009798
54	A	7183	1143155	1137907	0.006312	7	15	1143143	0	0	0	nan	0	0	0	0	0	0	nan	0	0	0	0.006312	0.000074	0.006312	0.000074	0.773056	0.009063
55	U	1211	1143152	1137800	0.001064	7	15	1143143	0	0	0	nan	0	0	0	0	0	0	nan	0	0	0	0.001064	0.000031	0.001064	0.000031	nan	nan
56	G	982	1143152	1138658	0.000862	7	15	1143146	0	0	0	nan	0	0	0	0	0	0	nan	0	0	0	0.000862	0.000028	0.000862	0.000028	nan	nan
57	G	0	1143155	1139114	0.000000	7	15	1143154	0	0	0	nan	0	0	0	0	0	0	nan	0	0	0	0.000000	0.000000	0.000000	0.000000	nan	nan
58	A	0	1143159	0	nan	7	15	1143159	0	0	0	nan	0	0	0	0	0	0	nan	0	0	0	nan	nan	nan	nan	nan	nan
59	A	0	1143159	0	nan	7	15	1143159	0	0	0	nan	0	0	0	0	0	0	nan	0	0	0	nan	nan	nan	nan	nan	nan
60	G	0	1143159	0	nan	7	15	1143159	0	0	0	nan	0	0	0	0	0	0	nan	0	0	0	nan	nan	nan	nan	nan	nan
61	u	0	1143159	0	nan	7	15	1143159	0	0	0	nan	0	0	0	0	0	0	nan	0	0	0	nan	nan	nan	nan	nan	nan
62	a	0	1143159	0	nan	7	15	1143159	0	0	0	nan	0	0	0	0	0	0	nan	0	0	0	nan	nan	nan	nan	nan	nan
63	a	0	1143159	0	nan	7	15	1143159	0	0	0	nan	0	0	0	0	0	0	nan	0	0	0	nan	nan	nan	nan	nan	nan
64	a	0	1143159	0	nan	7	15	1143159	0	0	0	nan	0	0	0	0	0	0	nan	0	0	0	nan	nan	nan	nan	nan	nan
65	g	0	1143159	0	nan	7	15	1143159	0	0	0	nan	0	0	0	0	0	0	nan	0	0	0	nan	nan	nan	nan	nan	nan
66	g	0	1143159	0	nan	7	15	1143159	0	0	0	nan	0	0	0	0	0	0	nan	0	0	0	nan	nan	nan	nan	nan	nan
67	u	0	1143159	0	nan	7	15	1143159	0	0	0	nan	0	0	0	0	0	0	nan	0	0	0	nan	nan	nan	nan	nan	nan
68	a	0	1143159	0	nan	7	15	1143159	0	0	0	nan	0	0	0	0	0	0	nan	0	0	0	nan	nan	nan	nan	nan	nan
69	a	0	1143159	0	nan	7	15	1143159	0	0	0	nan	0	0	0	0	0	0	nan	0	0	0	nan	nan	nan	nan	nan	nan
70	u	0	1143159	0	nan	7	15	1143159	0	0	0	nan	0	0	0	0	0	0	nan	0	0	0	nan	nan	nan	nan	nan	nan
71	g	0	1143158	0	nan	7	15	1143158	0	0	0	nan	0	0	0	0	0	0	nan	0	0	0	nan	nan	nan	nan	nan	nan
72	a	0	1143156	0	nan	7	15	1143156	0	0	0	nan	0	0	0	0	0	0	nan	0	0	0	nan	nan	nan	nan	nan	nan
73	a	0	1143156	0	nan	7	15	1143156	0	0	0	nan	0	0	0	0	0	0	nan	0	0	0	nan	nan	nan	nan	nan	nan
74	g	0	1143152	0	nan	7	15	1143152	0	0	0	nan	0	0	0	0	0	0	nan	0	0	0	nan	nan	nan	nan	nan	nan
75	g	0	1143148	0	nan	7	15	1143148	0	0	0	nan	0	0	0	0	0	0	nan	0	0	0	nan	nan	nan	nan	nan	nan
76	u	0	1143124	0	nan	7	15	1143124	0	0	0	nan	0	0	0	0	0	0	nan	0	0	0	nan	nan	nan	nan	nan	nan
77	g	0	1143105	0	nan	7	15	1143105	0	0	0	nan	0	0	0	0	0	0	nan	0	0	0	nan	nan	nan	nan	nan	nan
78	a	0	1143037	0	nan	7	15	1143037	0	0	0	nan	0	0	0	0	0	0	nan	0	0	0	nan	nan	nan	nan	nan	nan
79	a	0	1142836	0	nan	7	15	1142836	0	0	0	nan	0	0	0	0	0	0	nan	0	0	0	nan	nan	nan	nan	nan	nan
80	g	0	1142195	0	nan	7	15	1142195	0	0	0	nan	0	0	0	0	0	0	nan	0	0	0	nan	nan	nan	nan	nan	nan