Nucleotide	Sequence	Modified_mutations	Modified_read_depth	Modified_effective_depth	Modified_rate	Modified_off_target_mapped_depth	Modified_low_mapq_mapped_depth	Modified_primer_pair_1_mapped_depth	Untreated_mutations	Untreated_read_depth	Untreated_effective_depth	Untreated_rate	Untreated_off_target_mapped_depth	Untreated_low_mapq_mapped_depth	Untreated_primer_pair_1_mapped_depth	Denatured_mutations	Denatured_read_depth	Denatured_effective_depth	Denatured_rate	Denatured_off_target_mapped_depth	Denatured_low_mapq_mapped_depth	Denatured_primer_pair_1_mapped_depth	Reactivity_profile	Std_err	HQ_profile	HQ_stderr	Norm_profile	Norm_stderr
1	g	0	29714	0	nan	2	0	29714	0	0	0	nan	0	0	0	0	0	0	nan	0	0	0	nan	nan	nan	nan	nan	nan
2	g	0	29746	0	nan	2	0	29746	0	0	0	nan	0	0	0	0	0	0	nan	0	0	0	nan	nan	nan	nan	nan	nan
3	a	0	29761	0	nan	2	0	29761	0	0	0	nan	0	0	0	0	0	0	nan	0	0	0	nan	nan	nan	nan	nan	nan
4	u	0	29761	0	nan	2	0	29761	0	0	0	nan	0	0	0	0	0	0	nan	0	0	0	nan	nan	nan	nan	nan	nan
5	a	0	29761	0	nan	2	0	29761	0	0	0	nan	0	0	0	0	0	0	nan	0	0	0	nan	nan	nan	nan	nan	nan
6	a	0	29761	0	nan	2	0	29761	0	0	0	nan	0	0	0	0	0	0	nan	0	0	0	nan	nan	nan	nan	nan	nan
7	u	0	29761	0	nan	2	0	29761	0	0	0	nan	0	0	0	0	0	0	nan	0	0	0	nan	nan	nan	nan	nan	nan
8	c	0	29761	0	nan	2	0	29761	0	0	0	nan	0	0	0	0	0	0	nan	0	0	0	nan	nan	nan	nan	nan	nan
9	c	0	29761	0	nan	2	0	29761	0	0	0	nan	0	0	0	0	0	0	nan	0	0	0	nan	nan	nan	nan	nan	nan
10	a	0	29761	0	nan	2	0	29761	0	0	0	nan	0	0	0	0	0	0	nan	0	0	0	nan	nan	nan	nan	nan	nan
11	a	0	29761	0	nan	2	0	29761	0	0	0	nan	0	0	0	0	0	0	nan	0	0	0	nan	nan	nan	nan	nan	nan
12	a	0	29761	0	nan	2	0	29761	0	0	0	nan	0	0	0	0	0	0	nan	0	0	0	nan	nan	nan	nan	nan	nan
13	a	0	29761	0	nan	2	0	29761	0	0	0	nan	0	0	0	0	0	0	nan	0	0	0	nan	nan	nan	nan	nan	nan
14	c	0	29761	0	nan	2	0	29761	0	0	0	nan	0	0	0	0	0	0	nan	0	0	0	nan	nan	nan	nan	nan	nan
15	a	0	29761	0	nan	2	0	29761	0	0	0	nan	0	0	0	0	0	0	nan	0	0	0	nan	nan	nan	nan	nan	nan
16	a	0	29761	0	nan	2	0	29761	0	0	0	nan	0	0	0	0	0	0	nan	0	0	0	nan	nan	nan	nan	nan	nan
17	c	0	29761	0	nan	2	0	29761	0	0	0	nan	0	0	0	0	0	0	nan	0	0	0	nan	nan	nan	nan	nan	nan
18	a	0	29761	0	nan	2	0	29761	0	0	0	nan	0	0	0	0	0	0	nan	0	0	0	nan	nan	nan	nan	nan	nan
19	a	0	29761	0	nan	2	0	29761	0	0	0	nan	0	0	0	0	0	0	nan	0	0	0	nan	nan	nan	nan	nan	nan
20	c	0	29761	0	nan	2	0	29761	0	0	0	nan	0	0	0	0	0	0	nan	0	0	0	nan	nan	nan	nan	nan	nan
21	c	0	29761	0	nan	2	0	29761	0	0	0	nan	0	0	0	0	0	0	nan	0	0	0	nan	nan	nan	nan	nan	nan
22	A	0	29761	0	nan	2	0	29761	0	0	0	nan	0	0	0	0	0	0	nan	0	0	0	nan	nan	nan	nan	nan	nan
23	A	0	29761	0	nan	2	0	29761	0	0	0	nan	0	0	0	0	0	0	nan	0	0	0	nan	nan	nan	nan	nan	nan
24	A	0	29761	0	nan	2	0	29761	0	0	0	nan	0	0	0	0	0	0	nan	0	0	0	nan	nan	nan	nan	nan	nan
25	G	0	29761	26082	0.000000	2	0	29761	0	0	0	nan	0	0	0	0	0	0	nan	0	0	0	0.000000	0.000000	0.000000	0.000000	nan	nan
26	G	15	29761	23483	0.000639	2	0	29760	0	0	0	nan	0	0	0	0	0	0	nan	0	0	0	0.000639	0.000165	0.000639	0.000165	nan	nan
27	A	14	29761	23304	0.000601	2	0	29758	0	0	0	nan	0	0	0	0	0	0	nan	0	0	0	0.000601	0.000161	0.000601	0.000161	nan	nan
28	A	8	29761	22738	0.000352	2	0	29758	0	0	0	nan	0	0	0	0	0	0	nan	0	0	0	0.000352	0.000124	0.000352	0.000124	nan	nan
29	U	42	29761	26918	0.001560	2	0	29756	0	0	0	nan	0	0	0	0	0	0	nan	0	0	0	0.001560	0.000241	0.001560	0.000241	nan	nan
30	U	25	29761	27210	0.000919	2	0	29748	0	0	0	nan	0	0	0	0	0	0	nan	0	0	0	0.000919	0.000184	0.000919	0.000184	nan	nan
31	G	7	29760	28041	0.000250	2	0	29747	0	0	0	nan	0	0	0	0	0	0	nan	0	0	0	0.000250	0.000094	0.000250	0.000094	nan	nan
32	C	48	29760	28278	0.001697	2	0	29746	0	0	0	nan	0	0	0	0	0	0	nan	0	0	0	0.001697	0.000245	0.001697	0.000245	nan	nan
33	G	17	29759	27988	0.000607	2	0	29742	0	0	0	nan	0	0	0	0	0	0	nan	0	0	0	0.000607	0.000147	0.000607	0.000147	nan	nan
34	G	17	29759	28140	0.000604	2	0	29739	0	0	0	nan	0	0	0	0	0	0	nan	0	0	0	0.000604	0.000147	0.000604	0.000147	nan	nan
35	G	13	29757	25279	0.000514	2	0	29735	0	0	0	nan	0	0	0	0	0	0	nan	0	0	0	0.000514	0.000143	0.000514	0.000143	nan	nan
36	A	6	29757	23853	0.000252	2	0	29730	0	0	0	nan	0	0	0	0	0	0	nan	0	0	0	0.000252	0.000103	0.000252	0.000103	nan	nan
37	A	12	29756	22715	0.000528	2	0	29725	0	0	0	nan	0	0	0	0	0	0	nan	0	0	0	0.000528	0.000153	0.000528	0.000153	nan	nan
38	A	24	29756	25145	0.000954	2	0	29724	0	0	0	nan	0	0	0	0	0	0	nan	0	0	0	0.000954	0.000195	0.000954	0.000195	nan	nan
39	G	7	29756	26685	0.000262	2	0	29724	0	0	0	nan	0	0	0	0	0	0	nan	0	0	0	0.000262	0.000099	0.000262	0.000099	nan	nan
40	G	9	29756	27583	0.000326	2	0	29723	0	0	0	nan	0	0	0	0	0	0	nan	0	0	0	0.000326	0.000109	0.000326	0.000109	nan	nan
41	G	19	29756	27518	0.000690	2	0	29721	0	0	0	nan	0	0	0	0	0	0	nan	0	0	0	0.000690	0.000158	0.000690	0.000158	nan	nan
42	G	21	29756	27865	0.000754	2	0	29718	0	0	0	nan	0	0	0	0	0	0	nan	0	0	0	0.000754	0.000164	0.000754	0.000164	nan	nan
43	U	34	29756	28066	0.001211	2	0	29718	0	0	0	nan	0	0	0	0	0	0	nan	0	0	0	0.001211	0.000208	0.001211	0.000208	nan	nan
44	C	21	29756	26088	0.000805	2	0	29715	0	0	0	nan	0	0	0	0	0	0	nan	0	0	0	0.000805	0.000176	0.000805	0.000176	nan	nan
45	A	7	29756	24370	0.000287	2	0	29710	0	0	0	nan	0	0	0	0	0	0	nan	0	0	0	0.000287	0.000109	0.000287	0.000109	nan	nan
46	A	10	29756	24661	0.000405	2	0	29708	0	0	0	nan	0	0	0	0	0	0	nan	0	0	0	0.000405	0.000128	0.000405	0.000128	nan	nan
47	C	30	29756	26043	0.001152	2	0	29708	0	0	0	nan	0	0	0	0	0	0	nan	0	0	0	0.001152	0.000210	0.001152	0.000210	nan	nan
48	A	3	29756	27747	0.000108	2	0	29706	0	0	0	nan	0	0	0	0	0	0	nan	0	0	0	0.000108	0.000062	0.000108	0.000062	nan	nan
49	G	19	29756	27642	0.000687	2	0	29702	0	0	0	nan	0	0	0	0	0	0	nan	0	0	0	0.000687	0.000158	0.000687	0.000158	nan	nan
50	C	38	29755	26602	0.001428	2	0	29698	0	0	0	nan	0	0	0	0	0	0	nan	0	0	0	0.001428	0.000232	0.001428	0.000232	nan	nan
51	C	24	29755	26564	0.000903	2	0	29696	0	0	0	nan	0	0	0	0	0	0	nan	0	0	0	0.000903	0.000184	0.000903	0.000184	nan	nan
52	G	14	29755	25721	0.000544	2	0	29695	0	0	0	nan	0	0	0	0	0	0	nan	0	0	0	0.000544	0.000145	0.000544	0.000145	nan	nan
53	U	30	29755	26978	0.001112	2	0	29693	0	0	0	nan	0	0	0	0	0	0	nan	0	0	0	0.001112	0.000203	0.001112	0.000203	nan	nan
54	U	31	29754	26620	0.001165	2	0	29687	0	0	0	nan	0	0	0	0	0	0	nan	0	0	0	0.001165	0.000209	0.001165	0.000209	nan	nan
55	C	22	29754	27534	0.000799	2	0	29684	0	0	0	nan	0	0	0	0	0	0	nan	0	0	0	0.000799	0.000170	0.000799	0.000170	nan	nan
56	A	2	29754	27700	0.000072	2	0	29678	0	0	0	nan	0	0	0	0	0	0	nan	0	0	0	0.000072	0.000051	0.000072	0.000051	nan	nan
57	G	10	29755	28232	0.000354	2	0	29679	0	0	0	nan	0	0	0	0	0	0	nan	0	0	0	0.000354	0.000112	0.000354	0.000112	nan	nan
58	U	17	29755	27918	0.000609	2	0	29677	0	0	0	nan	0	0	0	0	0	0	nan	0	0	0	0.000609	0.000148	0.000609	0.000148	nan	nan
59	A	18	29756	27819	0.000647	2	0	29678	0	0	0	nan	0	0	0	0	0	0	nan	0	0	0	0.000647	0.000153	0.000647	0.000153	nan	nan
60	C	49	29757	28017	0.001749	2	0	29679	0	0	0	nan	0	0	0	0	0	0	nan	0	0	0	0.001749	0.000250	0.001749	0.000250	nan	nan
61	C	18	29757	28120	0.000640	2	0	29679	0	0	0	nan	0	0	0	0	0	0	nan	0	0	0	0.000640	0.000151	0.000640	0.000151	nan	nan
62	A	16	29757	27672	0.000578	2	0	29678	0	0	0	nan	0	0	0	0	0	0	nan	0	0	0	0.000578	0.000145	0.000578	0.000145	nan	nan
63	A	9	29757	27609	0.000326	2	0	29678	0	0	0	nan	0	0	0	0	0	0	nan	0	0	0	0.000326	0.000109	0.000326	0.000109	nan	nan
64	G	9	29759	28086	0.000320	2	0	29678	0	0	0	nan	0	0	0	0	0	0	nan	0	0	0	0.000320	0.000107	0.000320	0.000107	nan	nan
65	U	31	29759	26209	0.001183	2	0	29676	0	0	0	nan	0	0	0	0	0	0	nan	0	0	0	0.001183	0.000212	0.001183	0.000212	nan	nan
66	C	28	29760	26394	0.001061	2	0	29673	0	0	0	nan	0	0	0	0	0	0	nan	0	0	0	0.001061	0.000200	0.001061	0.000200	nan	nan
67	U	16	30036	26535	0.000603	2	0	30021	0	0	0	nan	0	0	0	0	0	0	nan	0	0	0	0.000603	0.000151	0.000603	0.000151	nan	nan
68	C	31	30041	29126	0.001064	2	0	30026	0	0	0	nan	0	0	0	0	0	0	nan	0	0	0	0.001064	0.000191	0.001064	0.000191	nan	nan
69	A	17	30041	28781	0.000591	2	0	30026	0	0	0	nan	0	0	0	0	0	0	nan	0	0	0	0.000591	0.000143	0.000591	0.000143	nan	nan
70	G	23	30041	28551	0.000806	2	0	30023	0	0	0	nan	0	0	0	0	0	0	nan	0	0	0	0.000806	0.000168	0.000806	0.000168	nan	nan
71	G	50	30042	28550	0.001751	2	0	30023	0	0	0	nan	0	0	0	0	0	0	nan	0	0	0	0.001751	0.000248	0.001751	0.000248	nan	nan
72	G	17	30042	28834	0.000590	2	0	30023	0	0	0	nan	0	0	0	0	0	0	nan	0	0	0	0.000590	0.000143	0.000590	0.000143	nan	nan
73	G	21	30042	29591	0.000710	2	0	30023	0	0	0	nan	0	0	0	0	0	0	nan	0	0	0	0.000710	0.000155	0.000710	0.000155	nan	nan
74	A	8	30043	29624	0.000270	2	0	30023	0	0	0	nan	0	0	0	0	0	0	nan	0	0	0	0.000270	0.000095	0.000270	0.000095	nan	nan
75	A	9	30044	29715	0.000303	2	0	30024	0	0	0	nan	0	0	0	0	0	0	nan	0	0	0	0.000303	0.000101	0.000303	0.000101	nan	nan
76	A	14	30044	29691	0.000472	2	0	30024	0	0	0	nan	0	0	0	0	0	0	nan	0	0	0	0.000472	0.000126	0.000472	0.000126	nan	nan
77	C	38	30044	29702	0.001279	2	0	30024	0	0	0	nan	0	0	0	0	0	0	nan	0	0	0	0.001279	0.000208	0.001279	0.000208	nan	nan
78	U	20	30044	29631	0.000675	2	0	30024	0	0	0	nan	0	0	0	0	0	0	nan	0	0	0	0.000675	0.000151	0.000675	0.000151	nan	nan
79	U	34	30044	29643	0.001147	2	0	30024	0	0	0	nan	0	0	0	0	0	0	nan	0	0	0	0.001147	0.000197	0.001147	0.000197	nan	nan
80	U	32	30043	29260	0.001094	2	0	30022	0	0	0	nan	0	0	0	0	0	0	nan	0	0	0	0.001094	0.000193	0.001094	0.000193	nan	nan
81	G	14	30041	29186	0.000480	2	0	30018	0	0	0	nan	0	0	0	0	0	0	nan	0	0	0	0.000480	0.000128	0.000480	0.000128	nan	nan
82	A	20	30041	29208	0.000685	2	0	30018	0	0	0	nan	0	0	0	0	0	0	nan	0	0	0	0.000685	0.000153	0.000685	0.000153	nan	nan
83	G	12	30042	29655	0.000405	2	0	30019	0	0	0	nan	0	0	0	0	0	0	nan	0	0	0	0.000405	0.000117	0.000405	0.000117	nan	nan
84	A	20	30042	29728	0.000673	2	0	30019	0	0	0	nan	0	0	0	0	0	0	nan	0	0	0	0.000673	0.000150	0.000673	0.000150	nan	nan
85	U	25	30041	29710	0.000841	2	0	30018	0	0	0	nan	0	0	0	0	0	0	nan	0	0	0	0.000841	0.000168	0.000841	0.000168	nan	nan
86	G	5	30042	29716	0.000168	2	0	30018	0	0	0	nan	0	0	0	0	0	0	nan	0	0	0	0.000168	0.000075	0.000168	0.000075	nan	nan
87	G	9	30041	29716	0.000303	2	0	30016	0	0	0	nan	0	0	0	0	0	0	nan	0	0	0	0.000303	0.000101	0.000303	0.000101	nan	nan
88	C	24	30041	27262	0.000880	2	0	30016	0	0	0	nan	0	0	0	0	0	0	nan	0	0	0	0.000880	0.000180	0.000880	0.000180	nan	nan
89	C	24	30041	27240	0.000881	2	0	30016	0	0	0	nan	0	0	0	0	0	0	nan	0	0	0	0.000881	0.000180	0.000881	0.000180	nan	nan
90	U	30	30041	27204	0.001103	2	0	30015	0	0	0	nan	0	0	0	0	0	0	nan	0	0	0	0.001103	0.000201	0.001103	0.000201	nan	nan
91	U	34	30040	29686	0.001145	2	0	30014	0	0	0	nan	0	0	0	0	0	0	nan	0	0	0	0.001145	0.000196	0.001145	0.000196	nan	nan
92	G	3	30039	29673	0.000101	2	0	30013	0	0	0	nan	0	0	0	0	0	0	nan	0	0	0	0.000101	0.000058	0.000101	0.000058	nan	nan
93	C	26	30039	29693	0.000876	2	0	30013	0	0	0	nan	0	0	0	0	0	0	nan	0	0	0	0.000876	0.000172	0.000876	0.000172	nan	nan
94	A	15	30040	29674	0.000505	2	0	30014	0	0	0	nan	0	0	0	0	0	0	nan	0	0	0	0.000505	0.000131	0.000505	0.000131	nan	nan
95	A	6	30040	29671	0.000202	2	0	30014	0	0	0	nan	0	0	0	0	0	0	nan	0	0	0	0.000202	0.000083	0.000202	0.000083	nan	nan
96	A	9	30040	29745	0.000303	2	0	30014	0	0	0	nan	0	0	0	0	0	0	nan	0	0	0	0.000303	0.000101	0.000303	0.000101	nan	nan
97	G	18	30040	29773	0.000605	2	0	30014	0	0	0	nan	0	0	0	0	0	0	nan	0	0	0	0.000605	0.000142	0.000605	0.000142	nan	nan
98	G	18	30040	29811	0.000604	2	0	30014	0	0	0	nan	0	0	0	0	0	0	nan	0	0	0	0.000604	0.000142	0.000604	0.000142	nan	nan
99	G	8	30040	29800	0.000268	2	0	30014	0	0	0	nan	0	0	0	0	0	0	nan	0	0	0	0.000268	0.000095	0.000268	0.000095	nan	nan
100	U	32	30040	29764	0.001075	2	0	30014	0	0	0	nan	0	0	0	0	0	0	nan	0	0	0	0.001075	0.000190	0.001075	0.000190	nan	nan
101	A	19	30041	29728	0.000639	2	0	30015	0	0	0	nan	0	0	0	0	0	0	nan	0	0	0	0.000639	0.000147	0.000639	0.000147	nan	nan
102	U	28	30041	29749	0.000941	2	0	30015	0	0	0	nan	0	0	0	0	0	0	nan	0	0	0	0.000941	0.000178	0.000941	0.000178	nan	nan
103	G	7	30041	29632	0.000236	2	0	30015	0	0	0	nan	0	0	0	0	0	0	nan	0	0	0	0.000236	0.000089	0.000236	0.000089	nan	nan
104	G	11	30041	29644	0.000371	2	0	30014	0	0	0	nan	0	0	0	0	0	0	nan	0	0	0	0.000371	0.000112	0.000371	0.000112	nan	nan
105	U	16	30041	29633	0.000540	2	0	30014	0	0	0	nan	0	0	0	0	0	0	nan	0	0	0	0.000540	0.000135	0.000540	0.000135	nan	nan
106	A	30	30041	29687	0.001011	2	0	30013	0	0	0	nan	0	0	0	0	0	0	nan	0	0	0	0.001011	0.000184	0.001011	0.000184	nan	nan
107	A	21	30041	29654	0.000708	2	0	30013	0	0	0	nan	0	0	0	0	0	0	nan	0	0	0	0.000708	0.000155	0.000708	0.000155	nan	nan
108	U	19	30041	29589	0.000642	2	0	30013	0	0	0	nan	0	0	0	0	0	0	nan	0	0	0	0.000642	0.000147	0.000642	0.000147	nan	nan
109	A	7	30042	29600	0.000236	2	0	30014	0	0	0	nan	0	0	0	0	0	0	nan	0	0	0	0.000236	0.000089	0.000236	0.000089	nan	nan
110	A	8	30042	29675	0.000270	2	0	30014	0	0	0	nan	0	0	0	0	0	0	nan	0	0	0	0.000270	0.000095	0.000270	0.000095	nan	nan
111	G	6	30042	29756	0.000202	2	0	30014	0	0	0	nan	0	0	0	0	0	0	nan	0	0	0	0.000202	0.000082	0.000202	0.000082	nan	nan
112	C	26	30042	29834	0.000871	2	0	30015	0	0	0	nan	0	0	0	0	0	0	nan	0	0	0	0.000871	0.000171	0.000871	0.000171	nan	nan
113	U	29	30043	29814	0.000973	2	0	30016	0	0	0	nan	0	0	0	0	0	0	nan	0	0	0	0.000973	0.000181	0.000973	0.000181	nan	nan
114	G	13	30043	29765	0.000437	2	0	30016	0	0	0	nan	0	0	0	0	0	0	nan	0	0	0	0.000437	0.000121	0.000437	0.000121	nan	nan
115	A	16	30044	29719	0.000538	2	0	30017	0	0	0	nan	0	0	0	0	0	0	nan	0	0	0	0.000538	0.000135	0.000538	0.000135	nan	nan
116	C	51	30044	29733	0.001715	2	0	30017	0	0	0	nan	0	0	0	0	0	0	nan	0	0	0	0.001715	0.000240	0.001715	0.000240	nan	nan
117	G	15	30044	29608	0.000507	2	0	30017	0	0	0	nan	0	0	0	0	0	0	nan	0	0	0	0.000507	0.000131	0.000507	0.000131	nan	nan
118	G	13	30045	29679	0.000438	2	0	30019	0	0	0	nan	0	0	0	0	0	0	nan	0	0	0	0.000438	0.000121	0.000438	0.000121	nan	nan
119	A	10	30045	29667	0.000337	2	0	30019	0	0	0	nan	0	0	0	0	0	0	nan	0	0	0	0.000337	0.000107	0.000337	0.000107	nan	nan
120	C	21	30045	29787	0.000705	2	0	30019	0	0	0	nan	0	0	0	0	0	0	nan	0	0	0	0.000705	0.000154	0.000705	0.000154	nan	nan
121	A	16	30045	29776	0.000537	2	0	30020	0	0	0	nan	0	0	0	0	0	0	nan	0	0	0	0.000537	0.000134	0.000537	0.000134	nan	nan
122	U	21	30045	29776	0.000705	2	0	30020	0	0	0	nan	0	0	0	0	0	0	nan	0	0	0	0.000705	0.000154	0.000705	0.000154	nan	nan
123	G	6	30045	29768	0.000202	2	0	30020	0	0	0	nan	0	0	0	0	0	0	nan	0	0	0	0.000202	0.000082	0.000202	0.000082	nan	nan
124	G	12	30045	29714	0.000404	2	0	30020	0	0	0	nan	0	0	0	0	0	0	nan	0	0	0	0.000404	0.000117	0.000404	0.000117	nan	nan
125	U	29	30045	29163	0.000994	2	0	30020	0	0	0	nan	0	0	0	0	0	0	nan	0	0	0	0.000994	0.000185	0.000994	0.000185	nan	nan
126	C	40	30045	29139	0.001373	2	0	30020	0	0	0	nan	0	0	0	0	0	0	nan	0	0	0	0.001373	0.000217	0.001373	0.000217	nan	nan
127	C	26	30045	29136	0.000892	2	0	30020	0	0	0	nan	0	0	0	0	0	0	nan	0	0	0	0.000892	0.000175	0.000892	0.000175	nan	nan
128	U	58	30042	29597	0.001960	2	0	30016	0	0	0	nan	0	0	0	0	0	0	nan	0	0	0	0.001960	0.000257	0.001960	0.000257	nan	nan
129	A	10	29933	29421	0.000340	2	0	29848	0	0	0	nan	0	0	0	0	0	0	nan	0	0	0	0.000340	0.000107	0.000340	0.000107	nan	nan
130	A	7	29933	29339	0.000239	2	0	29848	0	0	0	nan	0	0	0	0	0	0	nan	0	0	0	0.000239	0.000090	0.000239	0.000090	nan	nan
131	C	40	29933	29332	0.001364	2	0	29848	0	0	0	nan	0	0	0	0	0	0	nan	0	0	0	0.001364	0.000216	0.001364	0.000216	nan	nan
132	C	26	29933	29284	0.000888	2	0	29850	0	0	0	nan	0	0	0	0	0	0	nan	0	0	0	0.000888	0.000174	0.000888	0.000174	nan	nan
133	A	11	29933	29298	0.000375	2	0	29850	0	0	0	nan	0	0	0	0	0	0	nan	0	0	0	0.000375	0.000113	0.000375	0.000113	nan	nan
134	C	42	29933	29253	0.001436	0	0	29851	0	0	0	nan	0	0	0	0	0	0	nan	0	0	0	0.001436	0.000222	0.001436	0.000222	nan	nan
135	G	15	29933	29187	0.000514	0	0	29852	0	0	0	nan	0	0	0	0	0	0	nan	0	0	0	0.000514	0.000133	0.000514	0.000133	nan	nan
136	C	52	29933	29090	0.001788	0	0	29855	0	0	0	nan	0	0	0	0	0	0	nan	0	0	0	0.001788	0.000248	0.001788	0.000248	nan	nan
137	A	13	29933	29116	0.000446	0	0	29856	0	0	0	nan	0	0	0	0	0	0	nan	0	0	0	0.000446	0.000124	0.000446	0.000124	nan	nan
138	G	11	29934	29124	0.000378	0	0	29858	0	0	0	nan	0	0	0	0	0	0	nan	0	0	0	0.000378	0.000114	0.000378	0.000114	nan	nan
139	C	61	29934	29192	0.002090	0	0	29860	0	0	0	nan	0	0	0	0	0	0	nan	0	0	0	0.002090	0.000268	0.002090	0.000268	nan	nan
140	C	42	29934	29113	0.001443	0	0	29861	0	0	0	nan	0	0	0	0	0	0	nan	0	0	0	0.001443	0.000223	0.001443	0.000223	nan	nan
141	A	12	29936	29039	0.000413	0	0	29864	0	0	0	nan	0	0	0	0	0	0	nan	0	0	0	0.000413	0.000119	0.000413	0.000119	nan	nan
142	A	13	29936	28948	0.000449	0	0	29864	0	0	0	nan	0	0	0	0	0	0	nan	0	0	0	0.000449	0.000125	0.000449	0.000125	nan	nan
143	G	35	29936	28803	0.001215	0	0	29864	0	0	0	nan	0	0	0	0	0	0	nan	0	0	0	0.001215	0.000205	0.001215	0.000205	nan	nan
144	U	44	29936	28863	0.001524	0	0	29864	0	0	0	nan	0	0	0	0	0	0	nan	0	0	0	0.001524	0.000230	0.001524	0.000230	nan	nan
145	C	87	29937	28952	0.003005	0	0	29866	0	0	0	nan	0	0	0	0	0	0	nan	0	0	0	0.003005	0.000322	0.003005	0.000322	nan	nan
146	C	34	29937	28519	0.001192	0	0	29866	0	0	0	nan	0	0	0	0	0	0	nan	0	0	0	0.001192	0.000204	0.001192	0.000204	nan	nan
147	U	26	29937	28542	0.000911	0	0	29866	0	0	0	nan	0	0	0	0	0	0	nan	0	0	0	0.000911	0.000179	0.000911	0.000179	nan	nan
148	A	9	29938	28395	0.000317	0	0	29868	0	0	0	nan	0	0	0	0	0	0	nan	0	0	0	0.000317	0.000106	0.000317	0.000106	nan	nan
149	A	10	29938	28589	0.000350	0	0	29869	0	0	0	nan	0	0	0	0	0	0	nan	0	0	0	0.000350	0.000111	0.000350	0.000111	nan	nan
150	G	29	29938	28321	0.001024	0	0	29871	0	0	0	nan	0	0	0	0	0	0	nan	0	0	0	0.001024	0.000190	0.001024	0.000190	nan	nan
151	U	44	29938	28507	0.001543	0	0	29871	0	0	0	nan	0	0	0	0	0	0	nan	0	0	0	0.001543	0.000233	0.001543	0.000233	nan	nan
152	C	36	29938	28915	0.001245	0	0	29872	0	0	0	nan	0	0	0	0	0	0	nan	0	0	0	0.001245	0.000208	0.001245	0.000208	nan	nan
153	A	8	29939	29026	0.000276	0	0	29873	0	0	0	nan	0	0	0	0	0	0	nan	0	0	0	0.000276	0.000097	0.000276	0.000097	nan	nan
154	A	7	29939	28981	0.000242	0	0	29873	0	0	0	nan	0	0	0	0	0	0	nan	0	0	0	0.000242	0.000091	0.000242	0.000091	nan	nan
155	C	47	29940	28892	0.001627	0	0	29874	0	0	0	nan	0	0	0	0	0	0	nan	0	0	0	0.001627	0.000237	0.001627	0.000237	nan	nan
156	A	10	29940	28984	0.000345	0	0	29876	0	0	0	nan	0	0	0	0	0	0	nan	0	0	0	0.000345	0.000109	0.000345	0.000109	nan	nan
157	G	11	29940	28835	0.000381	0	0	29877	0	0	0	nan	0	0	0	0	0	0	nan	0	0	0	0.000381	0.000115	0.000381	0.000115	nan	nan
158	A	8	29940	28577	0.000280	0	0	29878	0	0	0	nan	0	0	0	0	0	0	nan	0	0	0	0.000280	0.000099	0.000280	0.000099	nan	nan
159	U	19	29940	28584	0.000665	0	0	29879	0	0	0	nan	0	0	0	0	0	0	nan	0	0	0	0.000665	0.000152	0.000665	0.000152	nan	nan
160	C	23	29941	28511	0.000807	0	0	29884	0	0	0	nan	0	0	0	0	0	0	nan	0	0	0	0.000807	0.000168	0.000807	0.000168	nan	nan
161	U	24	29944	28556	0.000840	0	0	29888	0	0	0	nan	0	0	0	0	0	0	nan	0	0	0	0.000840	0.000172	0.000840	0.000172	nan	nan
162	U	27	29944	28589	0.000944	0	0	29889	0	0	0	nan	0	0	0	0	0	0	nan	0	0	0	0.000944	0.000182	0.000944	0.000182	nan	nan
163	C	8	29944	28683	0.000279	0	0	29889	0	0	0	nan	0	0	0	0	0	0	nan	0	0	0	0.000279	0.000099	0.000279	0.000099	nan	nan
164	U	18	29944	28587	0.000630	0	0	29894	0	0	0	nan	0	0	0	0	0	0	nan	0	0	0	0.000630	0.000148	0.000630	0.000148	nan	nan
165	G	3	29944	27680	0.000108	0	0	29896	0	0	0	nan	0	0	0	0	0	0	nan	0	0	0	0.000108	0.000063	0.000108	0.000063	nan	nan
166	U	38	29945	27772	0.001368	0	0	29898	0	0	0	nan	0	0	0	0	0	0	nan	0	0	0	0.001368	0.000222	0.001368	0.000222	nan	nan
167	U	28	29945	28239	0.000992	0	0	29898	0	0	0	nan	0	0	0	0	0	0	nan	0	0	0	0.000992	0.000187	0.000992	0.000187	nan	nan
168	G	11	29948	29148	0.000377	0	0	29905	0	0	0	nan	0	0	0	0	0	0	nan	0	0	0	0.000377	0.000114	0.000377	0.000114	nan	nan
169	A	8	29949	29064	0.000275	0	0	29909	0	0	0	nan	0	0	0	0	0	0	nan	0	0	0	0.000275	0.000097	0.000275	0.000097	nan	nan
170	U	21	29949	28811	0.000729	0	0	29910	0	0	0	nan	0	0	0	0	0	0	nan	0	0	0	0.000729	0.000159	0.000729	0.000159	nan	nan
171	A	16	29949	28399	0.000563	0	0	29915	0	0	0	nan	0	0	0	0	0	0	nan	0	0	0	0.000563	0.000141	0.000563	0.000141	nan	nan
172	U	27	29949	28679	0.000941	0	0	29917	0	0	0	nan	0	0	0	0	0	0	nan	0	0	0	0.000941	0.000181	0.000941	0.000181	nan	nan
173	G	8	29950	28891	0.000277	0	0	29920	0	0	0	nan	0	0	0	0	0	0	nan	0	0	0	0.000277	0.000098	0.000277	0.000098	nan	nan
174	G	13	29950	29287	0.000444	0	0	29922	0	0	0	nan	0	0	0	0	0	0	nan	0	0	0	0.000444	0.000123	0.000444	0.000123	nan	nan
175	A	16	29950	27701	0.000578	0	0	29922	0	0	0	nan	0	0	0	0	0	0	nan	0	0	0	0.000578	0.000144	0.000578	0.000144	nan	nan
176	U	31	29951	27714	0.001119	0	0	29923	0	0	0	nan	0	0	0	0	0	0	nan	0	0	0	0.001119	0.000201	0.001119	0.000201	nan	nan
177	G	20	29951	27665	0.000723	0	0	29924	0	0	0	nan	0	0	0	0	0	0	nan	0	0	0	0.000723	0.000162	0.000723	0.000162	nan	nan
178	C	50	29951	28939	0.001728	0	0	29924	0	0	0	nan	0	0	0	0	0	0	nan	0	0	0	0.001728	0.000244	0.001728	0.000244	nan	nan
179	A	15	29951	28928	0.000519	0	0	29925	0	0	0	nan	0	0	0	0	0	0	nan	0	0	0	0.000519	0.000134	0.000519	0.000134	nan	nan
180	G	17	29951	28005	0.000607	0	0	29925	0	0	0	nan	0	0	0	0	0	0	nan	0	0	0	0.000607	0.000147	0.000607	0.000147	nan	nan
181	U	45	29951	27326	0.001647	0	0	29926	0	0	0	nan	0	0	0	0	0	0	nan	0	0	0	0.001647	0.000245	0.001647	0.000245	nan	nan
182	U	42	29951	27000	0.001556	0	0	29928	0	0	0	nan	0	0	0	0	0	0	nan	0	0	0	0.001556	0.000240	0.001556	0.000240	nan	nan
183	C	41	29951	27951	0.001467	0	0	29930	0	0	0	nan	0	0	0	0	0	0	nan	0	0	0	0.001467	0.000229	0.001467	0.000229	nan	nan
184	A	9	29951	28718	0.000313	0	0	29932	0	0	0	nan	0	0	0	0	0	0	nan	0	0	0	0.000313	0.000104	0.000313	0.000104	nan	nan
185	A	9	29951	28741	0.000313	0	0	29934	0	0	0	nan	0	0	0	0	0	0	nan	0	0	0	0.000313	0.000104	0.000313	0.000104	nan	nan
186	C	67	29951	28444	0.002356	0	0	29934	0	0	0	nan	0	0	0	0	0	0	nan	0	0	0	0.002356	0.000288	0.002356	0.000288	nan	nan
187	C	31	29951	28390	0.001092	0	0	29938	0	0	0	nan	0	0	0	0	0	0	nan	0	0	0	0.001092	0.000196	0.001092	0.000196	nan	nan
188	A	10	29951	28490	0.000351	0	0	29944	0	0	0	nan	0	0	0	0	0	0	nan	0	0	0	0.000351	0.000111	0.000351	0.000111	nan	nan
189	A	9	29951	28477	0.000316	0	0	29948	0	0	0	nan	0	0	0	0	0	0	nan	0	0	0	0.000316	0.000105	0.000316	0.000105	nan	nan
190	A	0	29952	27329	0.000000	0	0	29952	0	0	0	nan	0	0	0	0	0	0	nan	0	0	0	0.000000	0.000000	0.000000	0.000000	nan	nan
191	U	0	29952	0	nan	0	0	29952	0	0	0	nan	0	0	0	0	0	0	nan	0	0	0	nan	nan	nan	nan	nan	nan
192	C	0	29952	0	nan	0	0	29952	0	0	0	nan	0	0	0	0	0	0	nan	0	0	0	nan	nan	nan	nan	nan	nan
193	A	0	29952	0	nan	0	0	29952	0	0	0	nan	0	0	0	0	0	0	nan	0	0	0	nan	nan	nan	nan	nan	nan
194	c	0	29952	0	nan	0	0	29952	0	0	0	nan	0	0	0	0	0	0	nan	0	0	0	nan	nan	nan	nan	nan	nan
195	c	0	29952	0	nan	0	0	29952	0	0	0	nan	0	0	0	0	0	0	nan	0	0	0	nan	nan	nan	nan	nan	nan
196	a	0	29952	0	nan	0	0	29952	0	0	0	nan	0	0	0	0	0	0	nan	0	0	0	nan	nan	nan	nan	nan	nan
197	a	0	29952	0	nan	0	0	29952	0	0	0	nan	0	0	0	0	0	0	nan	0	0	0	nan	nan	nan	nan	nan	nan
198	a	0	29952	0	nan	0	0	29952	0	0	0	nan	0	0	0	0	0	0	nan	0	0	0	nan	nan	nan	nan	nan	nan
199	c	0	29952	0	nan	0	0	29952	0	0	0	nan	0	0	0	0	0	0	nan	0	0	0	nan	nan	nan	nan	nan	nan
200	c	0	29952	0	nan	0	0	29952	0	0	0	nan	0	0	0	0	0	0	nan	0	0	0	nan	nan	nan	nan	nan	nan
201	a	0	29952	0	nan	0	0	29952	0	0	0	nan	0	0	0	0	0	0	nan	0	0	0	nan	nan	nan	nan	nan	nan
202	a	0	29952	0	nan	0	0	29952	0	0	0	nan	0	0	0	0	0	0	nan	0	0	0	nan	nan	nan	nan	nan	nan
203	a	0	29952	0	nan	0	0	29952	0	0	0	nan	0	0	0	0	0	0	nan	0	0	0	nan	nan	nan	nan	nan	nan
204	g	0	29952	0	nan	0	0	29952	0	0	0	nan	0	0	0	0	0	0	nan	0	0	0	nan	nan	nan	nan	nan	nan
205	a	0	29952	0	nan	0	0	29952	0	0	0	nan	0	0	0	0	0	0	nan	0	0	0	nan	nan	nan	nan	nan	nan
206	a	0	29951	0	nan	0	0	29951	0	0	0	nan	0	0	0	0	0	0	nan	0	0	0	nan	nan	nan	nan	nan	nan
207	a	0	29951	0	nan	0	0	29951	0	0	0	nan	0	0	0	0	0	0	nan	0	0	0	nan	nan	nan	nan	nan	nan
208	c	0	29951	0	nan	0	0	29951	0	0	0	nan	0	0	0	0	0	0	nan	0	0	0	nan	nan	nan	nan	nan	nan
209	a	0	29950	0	nan	0	0	29950	0	0	0	nan	0	0	0	0	0	0	nan	0	0	0	nan	nan	nan	nan	nan	nan
210	a	0	29944	0	nan	0	0	29944	0	0	0	nan	0	0	0	0	0	0	nan	0	0	0	nan	nan	nan	nan	nan	nan
211	c	0	29936	0	nan	0	0	29936	0	0	0	nan	0	0	0	0	0	0	nan	0	0	0	nan	nan	nan	nan	nan	nan
212	c	0	29915	0	nan	0	0	29915	0	0	0	nan	0	0	0	0	0	0	nan	0	0	0	nan	nan	nan	nan	nan	nan