Nucleotide	Sequence	Modified_mutations	Modified_read_depth	Modified_effective_depth	Modified_rate	Modified_off_target_mapped_depth	Modified_low_mapq_mapped_depth	Modified_primer_pair_1_mapped_depth	Untreated_mutations	Untreated_read_depth	Untreated_effective_depth	Untreated_rate	Untreated_off_target_mapped_depth	Untreated_low_mapq_mapped_depth	Untreated_primer_pair_1_mapped_depth	Denatured_mutations	Denatured_read_depth	Denatured_effective_depth	Denatured_rate	Denatured_off_target_mapped_depth	Denatured_low_mapq_mapped_depth	Denatured_primer_pair_1_mapped_depth	Reactivity_profile	Std_err	HQ_profile	HQ_stderr	Norm_profile	Norm_stderr
1	g	0	522506	0	nan	0	4	522506	0	0	0	nan	0	0	0	0	0	0	nan	0	0	0	nan	nan	nan	nan	nan	nan
2	g	0	522797	0	nan	0	4	522797	0	0	0	nan	0	0	0	0	0	0	nan	0	0	0	nan	nan	nan	nan	nan	nan
3	u	0	522959	0	nan	0	4	522959	0	0	0	nan	0	0	0	0	0	0	nan	0	0	0	nan	nan	nan	nan	nan	nan
4	g	0	523011	0	nan	0	4	523011	0	0	0	nan	0	0	0	0	0	0	nan	0	0	0	nan	nan	nan	nan	nan	nan
5	u	0	523090	0	nan	0	4	523090	0	0	0	nan	0	0	0	0	0	0	nan	0	0	0	nan	nan	nan	nan	nan	nan
6	a	0	523094	0	nan	0	4	523094	0	0	0	nan	0	0	0	0	0	0	nan	0	0	0	nan	nan	nan	nan	nan	nan
7	a	0	523100	0	nan	0	4	523100	0	0	0	nan	0	0	0	0	0	0	nan	0	0	0	nan	nan	nan	nan	nan	nan
8	g	0	523116	0	nan	0	4	523116	0	0	0	nan	0	0	0	0	0	0	nan	0	0	0	nan	nan	nan	nan	nan	nan
9	g	0	523533	0	nan	0	4	523533	0	0	0	nan	0	0	0	0	0	0	nan	0	0	0	nan	nan	nan	nan	nan	nan
10	g	0	625048	0	nan	0	4	625048	0	0	0	nan	0	0	0	0	0	0	nan	0	0	0	nan	nan	nan	nan	nan	nan
11	u	0	625631	0	nan	0	4	625631	0	0	0	nan	0	0	0	0	0	0	nan	0	0	0	nan	nan	nan	nan	nan	nan
12	g	0	626043	0	nan	0	4	626043	0	0	0	nan	0	0	0	0	0	0	nan	0	0	0	nan	nan	nan	nan	nan	nan
13	a	0	626107	0	nan	0	4	626107	0	0	0	nan	0	0	0	0	0	0	nan	0	0	0	nan	nan	nan	nan	nan	nan
14	a	0	626108	0	nan	0	4	626108	0	0	0	nan	0	0	0	0	0	0	nan	0	0	0	nan	nan	nan	nan	nan	nan
15	g	0	626111	0	nan	2	4	626111	0	0	0	nan	0	0	0	0	0	0	nan	0	0	0	nan	nan	nan	nan	nan	nan
16	u	0	626134	0	nan	2	4	626134	0	0	0	nan	0	0	0	0	0	0	nan	0	0	0	nan	nan	nan	nan	nan	nan
17	g	0	626176	0	nan	2	4	626176	0	0	0	nan	0	0	0	0	0	0	nan	0	0	0	nan	nan	nan	nan	nan	nan
18	u	0	626262	0	nan	3	4	626262	0	0	0	nan	0	0	0	0	0	0	nan	0	0	0	nan	nan	nan	nan	nan	nan
19	a	0	626453	0	nan	3	4	626453	0	0	0	nan	0	0	0	0	0	0	nan	0	0	0	nan	nan	nan	nan	nan	nan
20	A	0	626780	321	0.000000	3	4	626780	0	0	0	nan	0	0	0	0	0	0	nan	0	0	0	0.000000	0.000000	nan	nan	nan	nan
21	G	0	627123	657	0.000000	3	4	627123	0	0	0	nan	0	0	0	0	0	0	nan	0	0	0	0.000000	0.000000	nan	nan	nan	nan
22	G	0	627362	885	0.000000	3	4	627362	0	0	0	nan	0	0	0	0	0	0	nan	0	0	0	0.000000	0.000000	nan	nan	nan	nan
23	U	0	627389	626061	0.000000	3	4	627389	0	0	0	nan	0	0	0	0	0	0	nan	0	0	0	0.000000	0.000000	0.000000	0.000000	nan	nan
24	U	562	627391	626033	0.000898	3	4	627391	0	0	0	nan	0	0	0	0	0	0	nan	0	0	0	0.000898	0.000038	0.000898	0.000038	nan	nan
25	G	249	627392	626113	0.000398	3	4	627392	0	0	0	nan	0	0	0	0	0	0	nan	0	0	0	0.000398	0.000025	0.000398	0.000025	nan	nan
26	A	236	627392	621913	0.000379	3	4	627390	0	0	0	nan	0	0	0	0	0	0	nan	0	0	0	0.000379	0.000025	0.000379	0.000025	0.126841	0.008367
27	A	1857	627393	621407	0.002988	3	4	627390	0	0	0	nan	0	0	0	0	0	0	nan	0	0	0	0.002988	0.000069	0.002988	0.000069	1.000000	0.023092
28	C	650	627397	620688	0.001047	3	4	627392	0	0	0	nan	0	0	0	0	0	0	nan	0	0	0	0.001047	0.000041	0.001047	0.000041	nan	nan
29	U	618	627405	624299	0.000990	3	4	627399	0	0	0	nan	0	0	0	0	0	0	nan	0	0	0	0.000990	0.000040	0.000990	0.000040	nan	nan
30	U	648	627421	624438	0.001038	3	4	627414	0	0	0	nan	0	0	0	0	0	0	nan	0	0	0	0.001038	0.000041	0.001038	0.000041	nan	nan
31	U	836	627449	625196	0.001337	3	4	627442	0	0	0	nan	0	0	0	0	0	0	nan	0	0	0	0.001337	0.000046	0.001337	0.000046	nan	nan
32	U	420	627477	626020	0.000671	3	4	627471	0	0	0	nan	0	0	0	0	0	0	nan	0	0	0	0.000671	0.000033	0.000671	0.000033	nan	nan
33	G	188	627615	626237	0.000300	3	4	627609	0	0	0	nan	0	0	0	0	0	0	nan	0	0	0	0.000300	0.000022	0.000300	0.000022	nan	nan
34	A	355	627692	626621	0.000567	4	4	627685	0	0	0	nan	0	0	0	0	0	0	nan	0	0	0	0.000567	0.000030	0.000567	0.000030	0.189759	0.010040
35	A	325	627696	625955	0.000519	4	4	627687	0	0	0	nan	0	0	0	0	0	0	nan	0	0	0	0.000519	0.000029	0.000519	0.000029	0.173695	0.009705
36	U	384	627699	625856	0.000614	4	4	627691	0	0	0	nan	0	0	0	0	0	0	nan	0	0	0	0.000614	0.000031	0.000614	0.000031	nan	nan
37	A	377	627702	626078	0.000602	4	4	627692	0	0	0	nan	0	0	0	0	0	0	nan	0	0	0	0.000602	0.000031	0.000602	0.000031	0.201473	0.010375
38	G	362	627708	625513	0.000579	4	4	627699	0	0	0	nan	0	0	0	0	0	0	nan	0	0	0	0.000579	0.000030	0.000579	0.000030	nan	nan
39	U	508	627711	626310	0.000811	4	4	627703	0	0	0	nan	0	0	0	0	0	0	nan	0	0	0	0.000811	0.000036	0.000811	0.000036	nan	nan
40	G	402	627717	625873	0.000642	4	4	627708	0	0	0	nan	0	0	0	0	0	0	nan	0	0	0	0.000642	0.000032	0.000642	0.000032	nan	nan
41	A	562	627721	626068	0.000898	4	4	627711	0	0	0	nan	0	0	0	0	0	0	nan	0	0	0	0.000898	0.000038	0.000898	0.000038	0.300535	0.012718
42	U	984	627735	625383	0.001573	4	4	627725	0	0	0	nan	0	0	0	0	0	0	nan	0	0	0	0.001573	0.000050	0.001573	0.000050	nan	nan
43	U	730	627744	625388	0.001167	4	4	627734	0	0	0	nan	0	0	0	0	0	0	nan	0	0	0	0.001167	0.000043	0.001167	0.000043	nan	nan
44	C	994	627747	625727	0.001589	4	4	627737	0	0	0	nan	0	0	0	0	0	0	nan	0	0	0	0.001589	0.000050	0.001589	0.000050	nan	nan
45	A	511	627756	626458	0.000816	4	4	627746	0	0	0	nan	0	0	0	0	0	0	nan	0	0	0	0.000816	0.000036	0.000816	0.000036	0.273092	0.012048
46	G	332	627786	626656	0.000530	4	4	627780	0	0	0	nan	0	0	0	0	0	0	nan	0	0	0	0.000530	0.000029	0.000530	0.000029	nan	nan
47	G	268	627787	626790	0.000428	4	5	627781	0	0	0	nan	0	0	0	0	0	0	nan	0	0	0	0.000428	0.000026	0.000428	0.000026	nan	nan
48	A	333	627789	627017	0.000531	4	5	627782	0	0	0	nan	0	0	0	0	0	0	nan	0	0	0	0.000531	0.000029	0.000531	0.000029	0.177711	0.009705
49	G	254	627796	626721	0.000405	4	5	627792	0	0	0	nan	0	0	0	0	0	0	nan	0	0	0	0.000405	0.000025	0.000405	0.000025	nan	nan
50	G	300	627807	626488	0.000479	4	5	627803	0	0	0	nan	0	0	0	0	0	0	nan	0	0	0	0.000479	0.000028	0.000479	0.000028	nan	nan
51	U	590	627811	626265	0.000942	4	5	627806	0	0	0	nan	0	0	0	0	0	0	nan	0	0	0	0.000942	0.000039	0.000942	0.000039	nan	nan
52	U	490	627812	626156	0.000783	4	5	627807	0	0	0	nan	0	0	0	0	0	0	nan	0	0	0	0.000783	0.000035	0.000783	0.000035	nan	nan
53	A	323	627814	626205	0.000516	4	5	627812	0	0	0	nan	0	0	0	0	0	0	nan	0	0	0	0.000516	0.000029	0.000516	0.000029	0.172691	0.009705
54	A	405	627595	625577	0.000647	4	5	627586	0	0	0	nan	0	0	0	0	0	0	nan	0	0	0	0.000647	0.000032	0.000647	0.000032	0.216533	0.010710
55	U	521	627594	625153	0.000833	4	5	627586	0	0	0	nan	0	0	0	0	0	0	nan	0	0	0	0.000833	0.000037	0.000833	0.000037	nan	nan
56	G	415	627594	625254	0.000664	4	5	627588	0	0	0	nan	0	0	0	0	0	0	nan	0	0	0	0.000664	0.000033	0.000664	0.000033	nan	nan
57	G	0	627597	625508	0.000000	4	5	627596	0	0	0	nan	0	0	0	0	0	0	nan	0	0	0	0.000000	0.000000	0.000000	0.000000	nan	nan
58	A	0	627597	0	nan	4	5	627597	0	0	0	nan	0	0	0	0	0	0	nan	0	0	0	nan	nan	nan	nan	nan	nan
59	A	0	627597	0	nan	4	5	627597	0	0	0	nan	0	0	0	0	0	0	nan	0	0	0	nan	nan	nan	nan	nan	nan
60	G	0	627597	0	nan	4	5	627597	0	0	0	nan	0	0	0	0	0	0	nan	0	0	0	nan	nan	nan	nan	nan	nan
61	u	0	627597	0	nan	4	5	627597	0	0	0	nan	0	0	0	0	0	0	nan	0	0	0	nan	nan	nan	nan	nan	nan
62	a	0	627597	0	nan	4	5	627597	0	0	0	nan	0	0	0	0	0	0	nan	0	0	0	nan	nan	nan	nan	nan	nan
63	a	0	627597	0	nan	4	5	627597	0	0	0	nan	0	0	0	0	0	0	nan	0	0	0	nan	nan	nan	nan	nan	nan
64	a	0	627597	0	nan	4	5	627597	0	0	0	nan	0	0	0	0	0	0	nan	0	0	0	nan	nan	nan	nan	nan	nan
65	g	0	627597	0	nan	4	5	627597	0	0	0	nan	0	0	0	0	0	0	nan	0	0	0	nan	nan	nan	nan	nan	nan
66	g	0	627597	0	nan	4	5	627597	0	0	0	nan	0	0	0	0	0	0	nan	0	0	0	nan	nan	nan	nan	nan	nan
67	u	0	627597	0	nan	4	5	627597	0	0	0	nan	0	0	0	0	0	0	nan	0	0	0	nan	nan	nan	nan	nan	nan
68	a	0	627597	0	nan	4	5	627597	0	0	0	nan	0	0	0	0	0	0	nan	0	0	0	nan	nan	nan	nan	nan	nan
69	a	0	627597	0	nan	4	5	627597	0	0	0	nan	0	0	0	0	0	0	nan	0	0	0	nan	nan	nan	nan	nan	nan
70	u	0	627597	0	nan	4	5	627597	0	0	0	nan	0	0	0	0	0	0	nan	0	0	0	nan	nan	nan	nan	nan	nan
71	g	0	627597	0	nan	4	5	627597	0	0	0	nan	0	0	0	0	0	0	nan	0	0	0	nan	nan	nan	nan	nan	nan
72	a	0	627596	0	nan	4	5	627596	0	0	0	nan	0	0	0	0	0	0	nan	0	0	0	nan	nan	nan	nan	nan	nan
73	a	0	627596	0	nan	4	5	627596	0	0	0	nan	0	0	0	0	0	0	nan	0	0	0	nan	nan	nan	nan	nan	nan
74	g	0	627596	0	nan	4	5	627596	0	0	0	nan	0	0	0	0	0	0	nan	0	0	0	nan	nan	nan	nan	nan	nan
75	g	0	627594	0	nan	4	5	627594	0	0	0	nan	0	0	0	0	0	0	nan	0	0	0	nan	nan	nan	nan	nan	nan
76	u	0	627584	0	nan	4	5	627584	0	0	0	nan	0	0	0	0	0	0	nan	0	0	0	nan	nan	nan	nan	nan	nan
77	g	0	627582	0	nan	4	5	627582	0	0	0	nan	0	0	0	0	0	0	nan	0	0	0	nan	nan	nan	nan	nan	nan
78	a	0	627579	0	nan	4	5	627579	0	0	0	nan	0	0	0	0	0	0	nan	0	0	0	nan	nan	nan	nan	nan	nan
79	a	0	627483	0	nan	4	5	627483	0	0	0	nan	0	0	0	0	0	0	nan	0	0	0	nan	nan	nan	nan	nan	nan
80	g	0	627229	0	nan	4	5	627229	0	0	0	nan	0	0	0	0	0	0	nan	0	0	0	nan	nan	nan	nan	nan	nan