Nucleotide	Sequence	Modified_mutations	Modified_read_depth	Modified_effective_depth	Modified_rate	Modified_off_target_mapped_depth	Modified_low_mapq_mapped_depth	Modified_primer_pair_1_mapped_depth	Untreated_mutations	Untreated_read_depth	Untreated_effective_depth	Untreated_rate	Untreated_off_target_mapped_depth	Untreated_low_mapq_mapped_depth	Untreated_primer_pair_1_mapped_depth	Denatured_mutations	Denatured_read_depth	Denatured_effective_depth	Denatured_rate	Denatured_off_target_mapped_depth	Denatured_low_mapq_mapped_depth	Denatured_primer_pair_1_mapped_depth	Reactivity_profile	Std_err	HQ_profile	HQ_stderr	Norm_profile	Norm_stderr
1	g	0	6417222	0	nan	57	704	6417222	0	0	0	nan	0	0	0	0	0	0	nan	0	0	0	nan	nan	nan	nan	nan	nan
2	g	0	6466471	0	nan	58	717	6466471	0	0	0	nan	0	0	0	0	0	0	nan	0	0	0	nan	nan	nan	nan	nan	nan
3	u	0	6473283	0	nan	58	724	6473283	0	0	0	nan	0	0	0	0	0	0	nan	0	0	0	nan	nan	nan	nan	nan	nan
4	g	0	6477810	0	nan	58	746	6477810	0	0	0	nan	0	0	0	0	0	0	nan	0	0	0	nan	nan	nan	nan	nan	nan
5	u	0	6487091	0	nan	58	753	6487091	0	0	0	nan	0	0	0	0	0	0	nan	0	0	0	nan	nan	nan	nan	nan	nan
6	a	0	6490634	0	nan	58	780	6490634	0	0	0	nan	0	0	0	0	0	0	nan	0	0	0	nan	nan	nan	nan	nan	nan
7	a	0	6491492	0	nan	58	784	6491492	0	0	0	nan	0	0	0	0	0	0	nan	0	0	0	nan	nan	nan	nan	nan	nan
8	g	0	6492015	0	nan	58	784	6492015	0	0	0	nan	0	0	0	0	0	0	nan	0	0	0	nan	nan	nan	nan	nan	nan
9	g	0	6492627	0	nan	58	784	6492627	0	0	0	nan	0	0	0	0	0	0	nan	0	0	0	nan	nan	nan	nan	nan	nan
10	g	0	6493924	0	nan	58	805	6493924	0	0	0	nan	0	0	0	0	0	0	nan	0	0	0	nan	nan	nan	nan	nan	nan
11	u	0	6496882	0	nan	58	807	6496882	0	0	0	nan	0	0	0	0	0	0	nan	0	0	0	nan	nan	nan	nan	nan	nan
12	g	0	6510198	0	nan	89	864	6510198	0	0	0	nan	0	0	0	0	0	0	nan	0	0	0	nan	nan	nan	nan	nan	nan
13	a	0	6527166	0	nan	92	877	6527166	0	0	0	nan	0	0	0	0	0	0	nan	0	0	0	nan	nan	nan	nan	nan	nan
14	a	0	6536417	0	nan	103	880	6536417	0	0	0	nan	0	0	0	0	0	0	nan	0	0	0	nan	nan	nan	nan	nan	nan
15	g	0	6541020	0	nan	410	880	6541020	0	0	0	nan	0	0	0	0	0	0	nan	0	0	0	nan	nan	nan	nan	nan	nan
16	u	0	6546460	0	nan	410	881	6546460	0	0	0	nan	0	0	0	0	0	0	nan	0	0	0	nan	nan	nan	nan	nan	nan
17	g	0	6548304	0	nan	410	892	6548304	0	0	0	nan	0	0	0	0	0	0	nan	0	0	0	nan	nan	nan	nan	nan	nan
18	u	0	6549720	0	nan	412	897	6549720	0	0	0	nan	0	0	0	0	0	0	nan	0	0	0	nan	nan	nan	nan	nan	nan
19	a	0	6550839	0	nan	416	996	6550839	0	0	0	nan	0	0	0	0	0	0	nan	0	0	0	nan	nan	nan	nan	nan	nan
20	A	0	6552234	604	0.000000	416	998	6552234	0	0	0	nan	0	0	0	0	0	0	nan	0	0	0	0.000000	0.000000	nan	nan	nan	nan
21	G	0	6553221	758	0.000000	416	998	6553221	0	0	0	nan	0	0	0	0	0	0	nan	0	0	0	0.000000	0.000000	nan	nan	nan	nan
22	G	0	6553824	689	0.000000	416	998	6553824	0	0	0	nan	0	0	0	0	0	0	nan	0	0	0	0.000000	0.000000	nan	nan	nan	nan
23	U	0	6555302	5930825	0.000000	416	998	6555302	0	0	0	nan	0	0	0	0	0	0	nan	0	0	0	0.000000	0.000000	0.000000	0.000000	0.000000	0.000000
24	U	12574	6556310	5971798	0.002106	416	998	6556310	0	0	0	nan	0	0	0	0	0	0	nan	0	0	0	0.002106	0.000019	0.002106	0.000019	0.650201	0.005866
25	G	7593	6560621	5918402	0.001283	416	998	6560621	0	0	0	nan	0	0	0	0	0	0	nan	0	0	0	0.001283	0.000015	0.001283	0.000015	nan	nan
26	A	29267	6567085	6065983	0.004825	416	998	6567017	0	0	0	nan	0	0	0	0	0	0	nan	0	0	0	0.004825	0.000028	0.004825	0.000028	0.704174	0.004086
27	C	10056	6569734	5862043	0.001715	416	998	6569614	0	0	0	nan	0	0	0	0	0	0	nan	0	0	0	0.001715	0.000017	0.001715	0.000017	0.668616	0.006628
28	C	16903	6570986	5863496	0.002883	416	998	6570838	0	0	0	nan	0	0	0	0	0	0	nan	0	0	0	0.002883	0.000022	0.002883	0.000022	1.123977	0.008577
29	U	21119	6574322	5830963	0.003622	416	998	6574158	0	0	0	nan	0	0	0	0	0	0	nan	0	0	0	0.003622	0.000025	0.003622	0.000025	1.118246	0.007718
30	U	8467	6580095	5923850	0.001429	416	998	6579903	0	0	0	nan	0	0	0	0	0	0	nan	0	0	0	0.001429	0.000016	0.001429	0.000016	0.441186	0.004940
31	U	8958	6585917	5939368	0.001508	416	998	6585698	0	0	0	nan	0	0	0	0	0	0	nan	0	0	0	0.001508	0.000016	0.001508	0.000016	0.465576	0.004940
32	U	12125	6591235	6005762	0.002019	416	998	6590985	0	0	0	nan	0	0	0	0	0	0	nan	0	0	0	0.002019	0.000018	0.002019	0.000018	0.623341	0.005557
33	G	2571	6624685	6081385	0.000423	417	998	6624414	0	0	0	nan	0	0	0	0	0	0	nan	0	0	0	0.000423	0.000008	0.000423	0.000008	nan	nan
34	A	27113	6636791	6433571	0.004214	417	998	6636545	0	0	0	nan	0	0	0	0	0	0	nan	0	0	0	0.004214	0.000026	0.004214	0.000026	0.615003	0.003795
35	A	27403	6639606	6402848	0.004280	417	998	6639358	0	0	0	nan	0	0	0	0	0	0	nan	0	0	0	0.004280	0.000026	0.004280	0.000026	0.624635	0.003795
36	U	3832	6640483	6358582	0.000603	417	998	6640233	0	0	0	nan	0	0	0	0	0	0	nan	0	0	0	0.000603	0.000010	0.000603	0.000010	0.186169	0.003087
37	A	410977	6641017	6115724	0.067200	417	998	6640733	0	0	0	nan	0	0	0	0	0	0	nan	0	0	0	0.067200	0.000105	0.067200	0.000105	9.807356	0.015324
38	G	10001	6641870	6028542	0.001659	426	998	6641600	0	0	0	nan	0	0	0	0	0	0	nan	0	0	0	0.001659	0.000017	0.001659	0.000017	nan	nan
39	U	11107	6642527	6056349	0.001834	426	998	6642250	0	0	0	nan	0	0	0	0	0	0	nan	0	0	0	0.001834	0.000017	0.001834	0.000017	0.566224	0.005249
40	G	11249	6643165	6176745	0.001821	430	998	6642874	0	0	0	nan	0	0	0	0	0	0	nan	0	0	0	0.001821	0.000017	0.001821	0.000017	nan	nan
41	A	76019	6646489	6168300	0.012324	429	998	6646184	0	0	0	nan	0	0	0	0	0	0	nan	0	0	0	0.012324	0.000045	0.012324	0.000045	1.798599	0.006567
42	U	16539	6647408	6140250	0.002694	431	998	6647109	0	0	0	nan	0	0	0	0	0	0	nan	0	0	0	0.002694	0.000021	0.002694	0.000021	0.831738	0.006483
43	U	8213	6649562	6090558	0.001348	433	998	6649244	0	0	0	nan	0	0	0	0	0	0	nan	0	0	0	0.001348	0.000015	0.001348	0.000015	0.416178	0.004631
44	C	13700	6653287	6096222	0.002247	433	998	6652949	0	0	0	nan	0	0	0	0	0	0	nan	0	0	0	0.002247	0.000019	0.002247	0.000019	0.876023	0.007407
45	A	26851	6656182	6122075	0.004386	434	998	6655833	0	0	0	nan	0	0	0	0	0	0	nan	0	0	0	0.004386	0.000027	0.004386	0.000027	0.640105	0.003940
46	G	4537	6658492	5996040	0.000757	435	998	6658157	0	0	0	nan	0	0	0	0	0	0	nan	0	0	0	0.000757	0.000011	0.000757	0.000011	nan	nan
47	G	10391	6663076	6059055	0.001715	439	998	6662747	0	0	0	nan	0	0	0	0	0	0	nan	0	0	0	0.001715	0.000017	0.001715	0.000017	nan	nan
48	A	11596	6670460	5964740	0.001944	446	998	6670119	0	0	0	nan	0	0	0	0	0	0	nan	0	0	0	0.001944	0.000018	0.001944	0.000018	0.283713	0.002627
49	G	18860	6671928	6033825	0.003126	447	998	6671611	0	0	0	nan	0	0	0	0	0	0	nan	0	0	0	0.003126	0.000023	0.003126	0.000023	nan	nan
50	G	4307	6682308	5868764	0.000734	460	998	6682045	0	0	0	nan	0	0	0	0	0	0	nan	0	0	0	0.000734	0.000011	0.000734	0.000011	nan	nan
51	U	19442	6685931	6001806	0.003239	460	998	6685714	0	0	0	nan	0	0	0	0	0	0	nan	0	0	0	0.003239	0.000023	0.003239	0.000023	1.000000	0.007101
52	U	16121	6692720	5999441	0.002687	465	998	6692559	0	0	0	nan	0	0	0	0	0	0	nan	0	0	0	0.002687	0.000021	0.002687	0.000021	0.829577	0.006483
53	A	25275	6697666	6241367	0.004050	464	998	6697516	0	0	0	nan	0	0	0	0	0	0	nan	0	0	0	0.004050	0.000025	0.004050	0.000025	0.591068	0.003649
54	A	43735	6700652	6382567	0.006852	464	998	6700545	0	0	0	nan	0	0	0	0	0	0	nan	0	0	0	0.006852	0.000033	0.006852	0.000033	1.000000	0.004816
55	U	10221	6701615	6318944	0.001618	464	998	6701533	0	0	0	nan	0	0	0	0	0	0	nan	0	0	0	0.001618	0.000016	0.001618	0.000016	0.499537	0.004940
56	G	7439	6702481	6123926	0.001215	464	998	6702413	0	0	0	nan	0	0	0	0	0	0	nan	0	0	0	0.001215	0.000014	0.001215	0.000014	nan	nan
57	G	0	6703484	6151767	0.000000	463	998	6703437	0	0	0	nan	0	0	0	0	0	0	nan	0	0	0	0.000000	0.000000	0.000000	0.000000	nan	nan
58	A	0	6705410	59	0.000000	463	998	6705410	0	0	0	nan	0	0	0	0	0	0	nan	0	0	0	0.000000	0.000000	nan	nan	nan	nan
59	A	0	6705347	42	0.000000	463	998	6705347	0	0	0	nan	0	0	0	0	0	0	nan	0	0	0	0.000000	0.000000	nan	nan	nan	nan
60	G	0	6705289	16	0.000000	463	998	6705289	0	0	0	nan	0	0	0	0	0	0	nan	0	0	0	0.000000	0.000000	nan	nan	nan	nan
61	u	0	6705248	0	nan	463	998	6705248	0	0	0	nan	0	0	0	0	0	0	nan	0	0	0	nan	nan	nan	nan	nan	nan
62	a	0	6705146	0	nan	462	998	6705146	0	0	0	nan	0	0	0	0	0	0	nan	0	0	0	nan	nan	nan	nan	nan	nan
63	a	0	6705088	0	nan	461	993	6705088	0	0	0	nan	0	0	0	0	0	0	nan	0	0	0	nan	nan	nan	nan	nan	nan
64	a	0	6705069	0	nan	456	989	6705069	0	0	0	nan	0	0	0	0	0	0	nan	0	0	0	nan	nan	nan	nan	nan	nan
65	g	0	6705049	0	nan	438	793	6705049	0	0	0	nan	0	0	0	0	0	0	nan	0	0	0	nan	nan	nan	nan	nan	nan
66	g	0	6705026	0	nan	418	776	6705026	0	0	0	nan	0	0	0	0	0	0	nan	0	0	0	nan	nan	nan	nan	nan	nan
67	u	0	6705004	0	nan	408	771	6705004	0	0	0	nan	0	0	0	0	0	0	nan	0	0	0	nan	nan	nan	nan	nan	nan
68	a	0	6704980	0	nan	407	696	6704980	0	0	0	nan	0	0	0	0	0	0	nan	0	0	0	nan	nan	nan	nan	nan	nan
69	a	0	6704945	0	nan	407	690	6704945	0	0	0	nan	0	0	0	0	0	0	nan	0	0	0	nan	nan	nan	nan	nan	nan
70	u	0	6704931	0	nan	404	657	6704931	0	0	0	nan	0	0	0	0	0	0	nan	0	0	0	nan	nan	nan	nan	nan	nan
71	g	0	6704872	0	nan	402	653	6704872	0	0	0	nan	0	0	0	0	0	0	nan	0	0	0	nan	nan	nan	nan	nan	nan
72	a	0	6704814	0	nan	401	651	6704814	0	0	0	nan	0	0	0	0	0	0	nan	0	0	0	nan	nan	nan	nan	nan	nan
73	a	0	6704785	0	nan	401	650	6704785	0	0	0	nan	0	0	0	0	0	0	nan	0	0	0	nan	nan	nan	nan	nan	nan
74	g	0	6704768	0	nan	401	649	6704768	0	0	0	nan	0	0	0	0	0	0	nan	0	0	0	nan	nan	nan	nan	nan	nan
75	g	0	6704727	0	nan	400	649	6704727	0	0	0	nan	0	0	0	0	0	0	nan	0	0	0	nan	nan	nan	nan	nan	nan
76	u	0	6704652	0	nan	400	648	6704652	0	0	0	nan	0	0	0	0	0	0	nan	0	0	0	nan	nan	nan	nan	nan	nan
77	g	0	6704570	0	nan	400	639	6704570	0	0	0	nan	0	0	0	0	0	0	nan	0	0	0	nan	nan	nan	nan	nan	nan
78	a	0	6704475	0	nan	400	639	6704475	0	0	0	nan	0	0	0	0	0	0	nan	0	0	0	nan	nan	nan	nan	nan	nan
79	a	0	6700044	0	nan	391	636	6700044	0	0	0	nan	0	0	0	0	0	0	nan	0	0	0	nan	nan	nan	nan	nan	nan
80	g	0	6697324	0	nan	391	621	6697324	0	0	0	nan	0	0	0	0	0	0	nan	0	0	0	nan	nan	nan	nan	nan	nan