Nucleotide	Sequence	Modified_mutations	Modified_read_depth	Modified_effective_depth	Modified_rate	Modified_off_target_mapped_depth	Modified_low_mapq_mapped_depth	Modified_primer_pair_1_mapped_depth	Untreated_mutations	Untreated_read_depth	Untreated_effective_depth	Untreated_rate	Untreated_off_target_mapped_depth	Untreated_low_mapq_mapped_depth	Untreated_primer_pair_1_mapped_depth	Denatured_mutations	Denatured_read_depth	Denatured_effective_depth	Denatured_rate	Denatured_off_target_mapped_depth	Denatured_low_mapq_mapped_depth	Denatured_primer_pair_1_mapped_depth	Reactivity_profile	Std_err	HQ_profile	HQ_stderr	Norm_profile	Norm_stderr
1	g	0	279501	0	nan	25	1	279501	0	0	0	nan	0	0	0	0	0	0	nan	0	0	0	nan	nan	nan	nan	nan	nan
2	g	0	279950	0	nan	25	1	279950	0	0	0	nan	0	0	0	0	0	0	nan	0	0	0	nan	nan	nan	nan	nan	nan
3	c	0	280279	0	nan	25	1	280279	0	0	0	nan	0	0	0	0	0	0	nan	0	0	0	nan	nan	nan	nan	nan	nan
4	a	0	301044	0	nan	67	1	301044	0	0	0	nan	0	0	0	0	0	0	nan	0	0	0	nan	nan	nan	nan	nan	nan
5	c	0	301586	0	nan	67	1	301586	0	0	0	nan	0	0	0	0	0	0	nan	0	0	0	nan	nan	nan	nan	nan	nan
6	c	0	301671	0	nan	67	1	301671	0	0	0	nan	0	0	0	0	0	0	nan	0	0	0	nan	nan	nan	nan	nan	nan
7	u	0	301676	0	nan	67	1	301676	0	0	0	nan	0	0	0	0	0	0	nan	0	0	0	nan	nan	nan	nan	nan	nan
8	c	0	301685	0	nan	67	1	301685	0	0	0	nan	0	0	0	0	0	0	nan	0	0	0	nan	nan	nan	nan	nan	nan
9	a	0	301686	0	nan	67	1	301686	0	0	0	nan	0	0	0	0	0	0	nan	0	0	0	nan	nan	nan	nan	nan	nan
10	u	0	301702	0	nan	67	1	301702	0	0	0	nan	0	0	0	0	0	0	nan	0	0	0	nan	nan	nan	nan	nan	nan
11	a	0	301722	0	nan	67	1	301722	0	0	0	nan	0	0	0	0	0	0	nan	0	0	0	nan	nan	nan	nan	nan	nan
12	a	0	301740	0	nan	67	1	301740	0	0	0	nan	0	0	0	0	0	0	nan	0	0	0	nan	nan	nan	nan	nan	nan
13	c	0	301754	0	nan	68	1	301754	0	0	0	nan	0	0	0	0	0	0	nan	0	0	0	nan	nan	nan	nan	nan	nan
14	a	0	301762	0	nan	68	1	301762	0	0	0	nan	0	0	0	0	0	0	nan	0	0	0	nan	nan	nan	nan	nan	nan
15	u	0	301764	0	nan	68	1	301764	0	0	0	nan	0	0	0	0	0	0	nan	0	0	0	nan	nan	nan	nan	nan	nan
16	a	0	301775	0	nan	68	1	301775	0	0	0	nan	0	0	0	0	0	0	nan	0	0	0	nan	nan	nan	nan	nan	nan
17	a	0	301797	0	nan	68	1	301797	0	0	0	nan	0	0	0	0	0	0	nan	0	0	0	nan	nan	nan	nan	nan	nan
18	c	0	301810	0	nan	68	1	301810	0	0	0	nan	0	0	0	0	0	0	nan	0	0	0	nan	nan	nan	nan	nan	nan
19	U	0	301821	9	0.000000	68	1	301821	0	0	0	nan	0	0	0	0	0	0	nan	0	0	0	0.000000	0.000000	nan	nan	nan	nan
20	A	0	301846	27	0.000000	68	1	301846	0	0	0	nan	0	0	0	0	0	0	nan	0	0	0	0.000000	0.000000	nan	nan	nan	nan
21	A	0	301866	37	0.000000	68	1	301866	0	0	0	nan	0	0	0	0	0	0	nan	0	0	0	0.000000	0.000000	nan	nan	nan	nan
22	G	0	301886	296583	0.000000	68	1	301886	0	0	0	nan	0	0	0	0	0	0	nan	0	0	0	0.000000	0.000000	0.000000	0.000000	nan	nan
23	G	495	301901	279974	0.001768	68	1	301901	0	0	0	nan	0	0	0	0	0	0	nan	0	0	0	0.001768	0.000079	0.001768	0.000079	nan	nan
24	C	1213	301940	295523	0.004105	68	1	301940	0	0	0	nan	0	0	0	0	0	0	nan	0	0	0	0.004105	0.000118	0.004105	0.000118	1.000000	0.028745
25	A	2622	301976	297538	0.008812	68	1	301976	0	0	0	nan	0	0	0	0	0	0	nan	0	0	0	0.008812	0.000172	0.008812	0.000172	0.250940	0.004898
26	G	346	302030	294503	0.001175	68	1	302030	0	0	0	nan	0	0	0	0	0	0	nan	0	0	0	0.001175	0.000063	0.001175	0.000063	nan	nan
27	A	6950	302105	296389	0.023449	68	1	302103	0	0	0	nan	0	0	0	0	0	0	nan	0	0	0	0.023449	0.000281	0.023449	0.000281	0.667758	0.008002
28	U	1743	302112	295200	0.005904	68	1	302107	0	0	0	nan	0	0	0	0	0	0	nan	0	0	0	0.005904	0.000141	0.005904	0.000141	1.043340	0.024917
29	C	13963	302130	295850	0.047196	68	1	302120	0	0	0	nan	0	0	0	0	0	0	nan	0	0	0	0.047196	0.000399	0.047196	0.000399	11.497199	0.097199
30	U	1458	302144	296140	0.004923	68	1	302130	0	0	0	nan	0	0	0	0	0	0	nan	0	0	0	0.004923	0.000129	0.004923	0.000129	0.869980	0.022797
31	G	541	302152	291678	0.001855	68	1	302127	0	0	0	nan	0	0	0	0	0	0	nan	0	0	0	0.001855	0.000080	0.001855	0.000080	nan	nan
32	A	2104	302157	295408	0.007122	68	1	302123	0	0	0	nan	0	0	0	0	0	0	nan	0	0	0	0.007122	0.000155	0.007122	0.000155	0.202814	0.004414
33	G	525	302188	277192	0.001894	68	1	302115	0	0	0	nan	0	0	0	0	0	0	nan	0	0	0	0.001894	0.000083	0.001894	0.000083	nan	nan
34	C	1091	302194	289442	0.003769	68	1	302076	0	0	0	nan	0	0	0	0	0	0	nan	0	0	0	0.003769	0.000114	0.003769	0.000114	0.918149	0.027771
35	C	1388	302215	289705	0.004791	68	1	302011	0	0	0	nan	0	0	0	0	0	0	nan	0	0	0	0.004791	0.000129	0.004791	0.000129	1.167113	0.031425
36	U	1731	302328	289834	0.005972	68	1	302145	0	0	0	nan	0	0	0	0	0	0	nan	0	0	0	0.005972	0.000144	0.005972	0.000144	1.055357	0.025447
37	G	425	302375	287332	0.001479	68	1	301884	0	0	0	nan	0	0	0	0	0	0	nan	0	0	0	0.001479	0.000072	0.001479	0.000072	nan	nan
38	G	321	302386	284172	0.001130	68	1	301892	0	0	0	nan	0	0	0	0	0	0	nan	0	0	0	0.001130	0.000063	0.001130	0.000063	nan	nan
39	G	306	302441	287127	0.001066	69	1	301972	0	0	0	nan	0	0	0	0	0	0	nan	0	0	0	0.001066	0.000061	0.001066	0.000061	nan	nan
40	A	10238	302516	291549	0.035116	69	1	302124	0	0	0	nan	0	0	0	0	0	0	nan	0	0	0	0.035116	0.000347	0.035116	0.000347	1.000000	0.009882
41	G	673	302633	281799	0.002388	66	1	302428	0	0	0	nan	0	0	0	0	0	0	nan	0	0	0	0.002388	0.000092	0.002388	0.000092	nan	nan
42	C	659	302751	298786	0.002206	45	1	302718	0	0	0	nan	0	0	0	0	0	0	nan	0	0	0	0.002206	0.000086	0.002206	0.000086	0.537393	0.020950
43	U	1032	302766	300838	0.003430	43	1	302752	0	0	0	nan	0	0	0	0	0	0	nan	0	0	0	0.003430	0.000107	0.003430	0.000107	0.606141	0.018909
44	C	648	302770	301039	0.002153	41	1	302759	0	0	0	nan	0	0	0	0	0	0	nan	0	0	0	0.002153	0.000085	0.002153	0.000085	0.524482	0.020706
45	U	1379	302770	300936	0.004582	40	1	302760	0	0	0	nan	0	0	0	0	0	0	nan	0	0	0	0.004582	0.000123	0.004582	0.000123	0.809719	0.021736
46	C	1143	302769	301001	0.003797	39	1	302754	0	0	0	nan	0	0	0	0	0	0	nan	0	0	0	0.003797	0.000112	0.003797	0.000112	0.924970	0.027284
47	U	1239	302768	300503	0.004123	39	1	302750	0	0	0	nan	0	0	0	0	0	0	nan	0	0	0	0.004123	0.000117	0.004123	0.000117	0.728606	0.020676
48	G	656	302770	293328	0.002236	39	1	302754	0	0	0	nan	0	0	0	0	0	0	nan	0	0	0	0.002236	0.000087	0.002236	0.000087	nan	nan
49	C	1125	302772	299192	0.003760	38	1	302757	0	0	0	nan	0	0	0	0	0	0	nan	0	0	0	0.003760	0.000112	0.003760	0.000112	0.915956	0.027284
50	C	944	302775	298483	0.003163	38	1	302763	0	0	0	nan	0	0	0	0	0	0	nan	0	0	0	0.003163	0.000103	0.003163	0.000103	0.770524	0.025091
51	A	10848	302781	298832	0.036301	38	1	302780	0	0	0	nan	0	0	0	0	0	0	nan	0	0	0	0.036301	0.000349	0.036301	0.000349	1.033745	0.009938
52	A	0	302780	298593	0.000000	38	1	302780	0	0	0	nan	0	0	0	0	0	0	nan	0	0	0	0.000000	0.000000	0.000000	0.000000	0.000000	0.000000
53	U	0	302773	153	0.000000	27	1	302773	0	0	0	nan	0	0	0	0	0	0	nan	0	0	0	0.000000	0.000000	nan	nan	nan	nan
54	C	0	302554	2	0.000000	24	1	302554	0	0	0	nan	0	0	0	0	0	0	nan	0	0	0	0.000000	0.000000	nan	nan	nan	nan
55	C	0	302553	1	0.000000	24	1	302553	0	0	0	nan	0	0	0	0	0	0	nan	0	0	0	0.000000	0.000000	nan	nan	nan	nan
56	a	0	302552	0	nan	24	1	302552	0	0	0	nan	0	0	0	0	0	0	nan	0	0	0	nan	nan	nan	nan	nan	nan
57	c	0	302552	0	nan	24	1	302552	0	0	0	nan	0	0	0	0	0	0	nan	0	0	0	nan	nan	nan	nan	nan	nan
58	u	0	302552	0	nan	24	1	302552	0	0	0	nan	0	0	0	0	0	0	nan	0	0	0	nan	nan	nan	nan	nan	nan
59	a	0	302552	0	nan	24	1	302552	0	0	0	nan	0	0	0	0	0	0	nan	0	0	0	nan	nan	nan	nan	nan	nan
60	a	0	302552	0	nan	24	1	302552	0	0	0	nan	0	0	0	0	0	0	nan	0	0	0	nan	nan	nan	nan	nan	nan
61	c	0	302552	0	nan	9	1	302552	0	0	0	nan	0	0	0	0	0	0	nan	0	0	0	nan	nan	nan	nan	nan	nan
62	c	0	302552	0	nan	9	1	302552	0	0	0	nan	0	0	0	0	0	0	nan	0	0	0	nan	nan	nan	nan	nan	nan
63	u	0	302552	0	nan	2	1	302552	0	0	0	nan	0	0	0	0	0	0	nan	0	0	0	nan	nan	nan	nan	nan	nan
64	c	0	302552	0	nan	2	1	302552	0	0	0	nan	0	0	0	0	0	0	nan	0	0	0	nan	nan	nan	nan	nan	nan
65	a	0	302552	0	nan	2	1	302552	0	0	0	nan	0	0	0	0	0	0	nan	0	0	0	nan	nan	nan	nan	nan	nan
66	c	0	302551	0	nan	2	1	302551	0	0	0	nan	0	0	0	0	0	0	nan	0	0	0	nan	nan	nan	nan	nan	nan
67	u	0	302549	0	nan	2	1	302549	0	0	0	nan	0	0	0	0	0	0	nan	0	0	0	nan	nan	nan	nan	nan	nan
68	c	0	302548	0	nan	2	1	302548	0	0	0	nan	0	0	0	0	0	0	nan	0	0	0	nan	nan	nan	nan	nan	nan
69	a	0	302546	0	nan	2	1	302546	0	0	0	nan	0	0	0	0	0	0	nan	0	0	0	nan	nan	nan	nan	nan	nan
70	c	0	302531	0	nan	2	1	302531	0	0	0	nan	0	0	0	0	0	0	nan	0	0	0	nan	nan	nan	nan	nan	nan
71	a	0	302520	0	nan	2	1	302520	0	0	0	nan	0	0	0	0	0	0	nan	0	0	0	nan	nan	nan	nan	nan	nan
72	a	0	302439	0	nan	2	1	302439	0	0	0	nan	0	0	0	0	0	0	nan	0	0	0	nan	nan	nan	nan	nan	nan
73	u	0	302278	0	nan	2	1	302278	0	0	0	nan	0	0	0	0	0	0	nan	0	0	0	nan	nan	nan	nan	nan	nan
74	c	0	301886	0	nan	2	1	301886	0	0	0	nan	0	0	0	0	0	0	nan	0	0	0	nan	nan	nan	nan	nan	nan