Nucleotide	Sequence	Modified_mutations	Modified_read_depth	Modified_effective_depth	Modified_rate	Modified_off_target_mapped_depth	Modified_low_mapq_mapped_depth	Modified_primer_pair_1_mapped_depth	Untreated_mutations	Untreated_read_depth	Untreated_effective_depth	Untreated_rate	Untreated_off_target_mapped_depth	Untreated_low_mapq_mapped_depth	Untreated_primer_pair_1_mapped_depth	Denatured_mutations	Denatured_read_depth	Denatured_effective_depth	Denatured_rate	Denatured_off_target_mapped_depth	Denatured_low_mapq_mapped_depth	Denatured_primer_pair_1_mapped_depth	Reactivity_profile	Std_err	HQ_profile	HQ_stderr	Norm_profile	Norm_stderr
1	g	0	222944	0	nan	7	1	222944	0	0	0	nan	0	0	0	0	0	0	nan	0	0	0	nan	nan	nan	nan	nan	nan
2	g	0	223371	0	nan	7	1	223371	0	0	0	nan	0	0	0	0	0	0	nan	0	0	0	nan	nan	nan	nan	nan	nan
3	c	0	223490	0	nan	9	1	223490	0	0	0	nan	0	0	0	0	0	0	nan	0	0	0	nan	nan	nan	nan	nan	nan
4	a	0	223502	0	nan	9	1	223502	0	0	0	nan	0	0	0	0	0	0	nan	0	0	0	nan	nan	nan	nan	nan	nan
5	c	0	223532	0	nan	9	1	223532	0	0	0	nan	0	0	0	0	0	0	nan	0	0	0	nan	nan	nan	nan	nan	nan
6	c	0	225012	0	nan	9	1	225012	0	0	0	nan	0	0	0	0	0	0	nan	0	0	0	nan	nan	nan	nan	nan	nan
7	u	0	225099	0	nan	9	1	225099	0	0	0	nan	0	0	0	0	0	0	nan	0	0	0	nan	nan	nan	nan	nan	nan
8	c	0	225103	0	nan	9	1	225103	0	0	0	nan	0	0	0	0	0	0	nan	0	0	0	nan	nan	nan	nan	nan	nan
9	a	0	225106	0	nan	9	1	225106	0	0	0	nan	0	0	0	0	0	0	nan	0	0	0	nan	nan	nan	nan	nan	nan
10	u	0	225107	0	nan	9	1	225107	0	0	0	nan	0	0	0	0	0	0	nan	0	0	0	nan	nan	nan	nan	nan	nan
11	a	0	225108	0	nan	9	1	225108	0	0	0	nan	0	0	0	0	0	0	nan	0	0	0	nan	nan	nan	nan	nan	nan
12	a	0	225118	0	nan	9	1	225118	0	0	0	nan	0	0	0	0	0	0	nan	0	0	0	nan	nan	nan	nan	nan	nan
13	c	0	225127	0	nan	9	1	225127	0	0	0	nan	0	0	0	0	0	0	nan	0	0	0	nan	nan	nan	nan	nan	nan
14	a	0	225130	0	nan	9	1	225130	0	0	0	nan	0	0	0	0	0	0	nan	0	0	0	nan	nan	nan	nan	nan	nan
15	u	0	225131	0	nan	9	1	225131	0	0	0	nan	0	0	0	0	0	0	nan	0	0	0	nan	nan	nan	nan	nan	nan
16	a	0	225133	0	nan	9	1	225133	0	0	0	nan	0	0	0	0	0	0	nan	0	0	0	nan	nan	nan	nan	nan	nan
17	a	0	225136	0	nan	9	1	225136	0	0	0	nan	0	0	0	0	0	0	nan	0	0	0	nan	nan	nan	nan	nan	nan
18	c	0	225141	0	nan	9	1	225141	0	0	0	nan	0	0	0	0	0	0	nan	0	0	0	nan	nan	nan	nan	nan	nan
19	U	0	225144	1	0.000000	9	1	225144	0	0	0	nan	0	0	0	0	0	0	nan	0	0	0	0.000000	0.000000	nan	nan	nan	nan
20	A	0	225151	3	0.000000	9	1	225151	0	0	0	nan	0	0	0	0	0	0	nan	0	0	0	0.000000	0.000000	nan	nan	nan	nan
21	A	0	225154	3	0.000000	9	1	225154	0	0	0	nan	0	0	0	0	0	0	nan	0	0	0	0.000000	0.000000	nan	nan	nan	nan
22	G	0	225158	223025	0.000000	9	1	225158	0	0	0	nan	0	0	0	0	0	0	nan	0	0	0	0.000000	0.000000	0.000000	0.000000	nan	nan
23	G	196	225161	219725	0.000892	9	1	225161	0	0	0	nan	0	0	0	0	0	0	nan	0	0	0	0.000892	0.000064	0.000892	0.000064	nan	nan
24	C	6339	225166	222689	0.028466	9	1	225166	0	0	0	nan	0	0	0	0	0	0	nan	0	0	0	0.028466	0.000358	0.028466	0.000358	0.963765	0.012121
25	A	3846	225170	223325	0.017222	9	1	225170	0	0	0	nan	0	0	0	0	0	0	nan	0	0	0	0.017222	0.000278	0.017222	0.000278	1.000000	0.016142
26	G	193	225173	217020	0.000889	9	1	225172	0	0	0	nan	0	0	0	0	0	0	nan	0	0	0	0.000889	0.000064	0.000889	0.000064	nan	nan
27	A	2883	225194	217756	0.013240	9	1	225190	0	0	0	nan	0	0	0	0	0	0	nan	0	0	0	0.013240	0.000247	0.013240	0.000247	0.768784	0.014342
28	U	1133	225196	217572	0.005207	9	1	225189	0	0	0	nan	0	0	0	0	0	0	nan	0	0	0	0.005207	0.000155	0.005207	0.000155	1.154802	0.034376
29	C	4854	225197	223213	0.021746	9	1	225188	0	0	0	nan	0	0	0	0	0	0	nan	0	0	0	0.021746	0.000312	0.021746	0.000312	0.736248	0.010563
30	U	815	225199	223100	0.003653	9	1	225186	0	0	0	nan	0	0	0	0	0	0	nan	0	0	0	0.003653	0.000128	0.003653	0.000128	0.810157	0.028388
31	G	200	225199	222075	0.000901	9	1	225187	0	0	0	nan	0	0	0	0	0	0	nan	0	0	0	0.000901	0.000064	0.000901	0.000064	nan	nan
32	A	4560	225200	222501	0.020494	9	1	225189	0	0	0	nan	0	0	0	0	0	0	nan	0	0	0	0.020494	0.000303	0.020494	0.000303	1.189990	0.017594
33	G	239	225207	219570	0.001088	9	1	225196	0	0	0	nan	0	0	0	0	0	0	nan	0	0	0	0.001088	0.000070	0.001088	0.000070	nan	nan
34	C	5795	225207	216562	0.026759	9	1	225195	0	0	0	nan	0	0	0	0	0	0	nan	0	0	0	0.026759	0.000352	0.026759	0.000352	0.905971	0.011918
35	C	5006	225210	207081	0.024174	9	1	225194	0	0	0	nan	0	0	0	0	0	0	nan	0	0	0	0.024174	0.000342	0.024174	0.000342	0.818452	0.011579
36	U	816	225223	206967	0.003943	9	1	225202	0	0	0	nan	0	0	0	0	0	0	nan	0	0	0	0.003943	0.000138	0.003943	0.000138	0.874473	0.030605
37	U	1072	225244	211247	0.005075	9	1	225218	0	0	0	nan	0	0	0	0	0	0	nan	0	0	0	0.005075	0.000155	0.005075	0.000155	1.125527	0.034376
38	C	5669	225244	221081	0.025642	9	1	225206	0	0	0	nan	0	0	0	0	0	0	nan	0	0	0	0.025642	0.000341	0.025642	0.000341	0.868154	0.011545
39	G	159	225306	220742	0.000720	9	1	225279	0	0	0	nan	0	0	0	0	0	0	nan	0	0	0	0.000720	0.000057	0.000720	0.000057	nan	nan
40	G	183	225326	221458	0.000826	9	1	225313	0	0	0	nan	0	0	0	0	0	0	nan	0	0	0	0.000826	0.000061	0.000826	0.000061	nan	nan
41	G	180	225330	220578	0.000816	9	1	225319	0	0	0	nan	0	0	0	0	0	0	nan	0	0	0	0.000816	0.000061	0.000816	0.000061	nan	nan
42	A	3681	225344	221412	0.016625	9	1	225333	0	0	0	nan	0	0	0	0	0	0	nan	0	0	0	0.016625	0.000274	0.016625	0.000274	0.965335	0.015910
43	G	249	225358	220111	0.001131	9	1	225351	0	0	0	nan	0	0	0	0	0	0	nan	0	0	0	0.001131	0.000072	0.001131	0.000072	nan	nan
44	C	5632	225360	223283	0.025224	9	1	225353	0	0	0	nan	0	0	0	0	0	0	nan	0	0	0	0.025224	0.000336	0.025224	0.000336	0.854001	0.011376
45	U	676	225362	223401	0.003026	9	1	225356	0	0	0	nan	0	0	0	0	0	0	nan	0	0	0	0.003026	0.000116	0.003026	0.000116	0.671102	0.025726
46	C	5174	225364	223449	0.023155	9	1	225357	0	0	0	nan	0	0	0	0	0	0	nan	0	0	0	0.023155	0.000322	0.023155	0.000322	0.783952	0.010902
47	U	801	225362	223304	0.003587	9	1	225353	0	0	0	nan	0	0	0	0	0	0	nan	0	0	0	0.003587	0.000127	0.003587	0.000127	0.795520	0.028166
48	C	6674	225358	223260	0.029893	9	1	225349	0	0	0	nan	0	0	0	0	0	0	nan	0	0	0	0.029893	0.000366	0.029893	0.000366	1.012078	0.012392
49	U	695	225362	223277	0.003113	9	1	225355	0	0	0	nan	0	0	0	0	0	0	nan	0	0	0	0.003113	0.000118	0.003113	0.000118	0.690397	0.026170
50	G	277	225373	221249	0.001252	9	1	225366	0	0	0	nan	0	0	0	0	0	0	nan	0	0	0	0.001252	0.000075	0.001252	0.000075	nan	nan
51	C	7251	225376	222753	0.032552	9	1	225370	0	0	0	nan	0	0	0	0	0	0	nan	0	0	0	0.032552	0.000382	0.032552	0.000382	1.102103	0.012933
52	C	7140	225380	223195	0.031990	9	1	225375	0	0	0	nan	0	0	0	0	0	0	nan	0	0	0	0.031990	0.000379	0.031990	0.000379	1.083076	0.012832
53	A	2759	225384	223443	0.012348	9	1	225384	0	0	0	nan	0	0	0	0	0	0	nan	0	0	0	0.012348	0.000235	0.012348	0.000235	0.716990	0.013645
54	A	0	225265	223144	0.000000	9	1	225265	0	0	0	nan	0	0	0	0	0	0	nan	0	0	0	0.000000	0.000000	0.000000	0.000000	0.000000	0.000000
55	U	0	225265	0	nan	4	1	225265	0	0	0	nan	0	0	0	0	0	0	nan	0	0	0	nan	nan	nan	nan	nan	nan
56	C	0	225265	0	nan	3	1	225265	0	0	0	nan	0	0	0	0	0	0	nan	0	0	0	nan	nan	nan	nan	nan	nan
57	C	0	225265	0	nan	3	1	225265	0	0	0	nan	0	0	0	0	0	0	nan	0	0	0	nan	nan	nan	nan	nan	nan
58	a	0	225265	0	nan	3	1	225265	0	0	0	nan	0	0	0	0	0	0	nan	0	0	0	nan	nan	nan	nan	nan	nan
59	c	0	225265	0	nan	3	1	225265	0	0	0	nan	0	0	0	0	0	0	nan	0	0	0	nan	nan	nan	nan	nan	nan
60	u	0	225265	0	nan	3	1	225265	0	0	0	nan	0	0	0	0	0	0	nan	0	0	0	nan	nan	nan	nan	nan	nan
61	a	0	225265	0	nan	3	1	225265	0	0	0	nan	0	0	0	0	0	0	nan	0	0	0	nan	nan	nan	nan	nan	nan
62	a	0	225265	0	nan	3	1	225265	0	0	0	nan	0	0	0	0	0	0	nan	0	0	0	nan	nan	nan	nan	nan	nan
63	c	0	225265	0	nan	0	1	225265	0	0	0	nan	0	0	0	0	0	0	nan	0	0	0	nan	nan	nan	nan	nan	nan
64	c	0	225265	0	nan	0	1	225265	0	0	0	nan	0	0	0	0	0	0	nan	0	0	0	nan	nan	nan	nan	nan	nan
65	u	0	225265	0	nan	0	1	225265	0	0	0	nan	0	0	0	0	0	0	nan	0	0	0	nan	nan	nan	nan	nan	nan
66	c	0	225265	0	nan	0	1	225265	0	0	0	nan	0	0	0	0	0	0	nan	0	0	0	nan	nan	nan	nan	nan	nan
67	a	0	225265	0	nan	0	1	225265	0	0	0	nan	0	0	0	0	0	0	nan	0	0	0	nan	nan	nan	nan	nan	nan
68	c	0	225265	0	nan	0	1	225265	0	0	0	nan	0	0	0	0	0	0	nan	0	0	0	nan	nan	nan	nan	nan	nan
69	u	0	225263	0	nan	0	1	225263	0	0	0	nan	0	0	0	0	0	0	nan	0	0	0	nan	nan	nan	nan	nan	nan
70	c	0	225262	0	nan	0	1	225262	0	0	0	nan	0	0	0	0	0	0	nan	0	0	0	nan	nan	nan	nan	nan	nan
71	a	0	225260	0	nan	0	1	225260	0	0	0	nan	0	0	0	0	0	0	nan	0	0	0	nan	nan	nan	nan	nan	nan
72	c	0	225246	0	nan	0	1	225246	0	0	0	nan	0	0	0	0	0	0	nan	0	0	0	nan	nan	nan	nan	nan	nan
73	a	0	225244	0	nan	0	1	225244	0	0	0	nan	0	0	0	0	0	0	nan	0	0	0	nan	nan	nan	nan	nan	nan
74	a	0	225169	0	nan	0	1	225169	0	0	0	nan	0	0	0	0	0	0	nan	0	0	0	nan	nan	nan	nan	nan	nan
75	u	0	225043	0	nan	0	1	225043	0	0	0	nan	0	0	0	0	0	0	nan	0	0	0	nan	nan	nan	nan	nan	nan
76	c	0	224722	0	nan	0	1	224722	0	0	0	nan	0	0	0	0	0	0	nan	0	0	0	nan	nan	nan	nan	nan	nan