Nucleotide	Sequence	Modified_mutations	Modified_read_depth	Modified_effective_depth	Modified_rate	Modified_off_target_mapped_depth	Modified_low_mapq_mapped_depth	Modified_primer_pair_1_mapped_depth	Untreated_mutations	Untreated_read_depth	Untreated_effective_depth	Untreated_rate	Untreated_off_target_mapped_depth	Untreated_low_mapq_mapped_depth	Untreated_primer_pair_1_mapped_depth	Denatured_mutations	Denatured_read_depth	Denatured_effective_depth	Denatured_rate	Denatured_off_target_mapped_depth	Denatured_low_mapq_mapped_depth	Denatured_primer_pair_1_mapped_depth	Reactivity_profile	Std_err	HQ_profile	HQ_stderr	Norm_profile	Norm_stderr
1	g	0	40792	0	nan	9	0	40792	0	0	0	nan	0	0	0	0	0	0	nan	0	0	0	nan	nan	nan	nan	nan	nan
2	g	0	40818	0	nan	9	0	40818	0	0	0	nan	0	0	0	0	0	0	nan	0	0	0	nan	nan	nan	nan	nan	nan
3	u	0	40850	0	nan	9	0	40850	0	0	0	nan	0	0	0	0	0	0	nan	0	0	0	nan	nan	nan	nan	nan	nan
4	g	0	40873	0	nan	9	0	40873	0	0	0	nan	0	0	0	0	0	0	nan	0	0	0	nan	nan	nan	nan	nan	nan
5	u	0	40892	0	nan	9	0	40892	0	0	0	nan	0	0	0	0	0	0	nan	0	0	0	nan	nan	nan	nan	nan	nan
6	a	0	40921	0	nan	9	0	40921	0	0	0	nan	0	0	0	0	0	0	nan	0	0	0	nan	nan	nan	nan	nan	nan
7	a	0	41030	0	nan	9	0	41030	0	0	0	nan	0	0	0	0	0	0	nan	0	0	0	nan	nan	nan	nan	nan	nan
8	g	0	41347	0	nan	9	0	41347	0	0	0	nan	0	0	0	0	0	0	nan	0	0	0	nan	nan	nan	nan	nan	nan
9	g	0	43791	0	nan	9	0	43791	0	0	0	nan	0	0	0	0	0	0	nan	0	0	0	nan	nan	nan	nan	nan	nan
10	g	0	246720	0	nan	9	0	246720	0	0	0	nan	0	0	0	0	0	0	nan	0	0	0	nan	nan	nan	nan	nan	nan
11	u	0	255812	0	nan	9	0	255812	0	0	0	nan	0	0	0	0	0	0	nan	0	0	0	nan	nan	nan	nan	nan	nan
12	g	0	256169	0	nan	9	0	256169	0	0	0	nan	0	0	0	0	0	0	nan	0	0	0	nan	nan	nan	nan	nan	nan
13	a	0	256188	0	nan	9	0	256188	0	0	0	nan	0	0	0	0	0	0	nan	0	0	0	nan	nan	nan	nan	nan	nan
14	a	0	256198	0	nan	9	0	256198	0	0	0	nan	0	0	0	0	0	0	nan	0	0	0	nan	nan	nan	nan	nan	nan
15	g	0	256250	0	nan	14	0	256250	0	0	0	nan	0	0	0	0	0	0	nan	0	0	0	nan	nan	nan	nan	nan	nan
16	u	0	256265	0	nan	14	0	256265	0	0	0	nan	0	0	0	0	0	0	nan	0	0	0	nan	nan	nan	nan	nan	nan
17	g	0	256282	0	nan	14	0	256282	0	0	0	nan	0	0	0	0	0	0	nan	0	0	0	nan	nan	nan	nan	nan	nan
18	u	0	256288	0	nan	14	0	256288	0	0	0	nan	0	0	0	0	0	0	nan	0	0	0	nan	nan	nan	nan	nan	nan
19	a	0	256389	0	nan	14	0	256389	0	0	0	nan	0	0	0	0	0	0	nan	0	0	0	nan	nan	nan	nan	nan	nan
20	A	0	256424	11	0.000000	14	0	256424	0	0	0	nan	0	0	0	0	0	0	nan	0	0	0	0.000000	0.000000	nan	nan	nan	nan
21	G	0	256484	35	0.000000	14	0	256484	0	0	0	nan	0	0	0	0	0	0	nan	0	0	0	0.000000	0.000000	nan	nan	nan	nan
22	G	0	256499	38	0.000000	14	0	256499	0	0	0	nan	0	0	0	0	0	0	nan	0	0	0	0.000000	0.000000	nan	nan	nan	nan
23	U	0	256522	246233	0.000000	14	0	256522	0	0	0	nan	0	0	0	0	0	0	nan	0	0	0	0.000000	0.000000	0.000000	0.000000	nan	nan
24	U	213	256530	252820	0.000842	14	0	256530	0	0	0	nan	0	0	0	0	0	0	nan	0	0	0	0.000842	0.000058	0.000842	0.000058	nan	nan
25	G	176	256539	251895	0.000699	14	0	256539	0	0	0	nan	0	0	0	0	0	0	nan	0	0	0	0.000699	0.000053	0.000699	0.000053	nan	nan
26	A	8207	256549	249977	0.032831	14	0	256549	0	0	0	nan	0	0	0	0	0	0	nan	0	0	0	0.032831	0.000362	0.032831	0.000362	0.875668	0.009655
27	A	9449	256554	247904	0.038116	14	0	256554	0	0	0	nan	0	0	0	0	0	0	nan	0	0	0	0.038116	0.000392	0.038116	0.000392	1.016630	0.010455
28	C	12320	256559	246410	0.049998	14	0	256559	0	0	0	nan	0	0	0	0	0	0	nan	0	0	0	0.049998	0.000450	0.049998	0.000450	1.055061	0.009496
29	U	197	256581	248475	0.000793	14	0	256581	0	0	0	nan	0	0	0	0	0	0	nan	0	0	0	0.000793	0.000056	0.000793	0.000056	nan	nan
30	U	165	256612	249454	0.000661	14	0	256607	0	0	0	nan	0	0	0	0	0	0	nan	0	0	0	0.000661	0.000051	0.000661	0.000051	nan	nan
31	U	257	256638	250618	0.001025	14	0	256633	0	0	0	nan	0	0	0	0	0	0	nan	0	0	0	0.001025	0.000064	0.001025	0.000064	nan	nan
32	U	262	256686	252119	0.001039	14	0	256681	0	0	0	nan	0	0	0	0	0	0	nan	0	0	0	0.001039	0.000064	0.001039	0.000064	nan	nan
33	G	251	256752	251076	0.001000	14	0	256746	0	0	0	nan	0	0	0	0	0	0	nan	0	0	0	0.001000	0.000063	0.001000	0.000063	nan	nan
34	A	8909	256773	250097	0.035622	14	0	256767	0	0	0	nan	0	0	0	0	0	0	nan	0	0	0	0.035622	0.000377	0.035622	0.000377	0.950110	0.010055
35	A	7959	256782	248278	0.032057	14	0	256776	0	0	0	nan	0	0	0	0	0	0	nan	0	0	0	0.032057	0.000359	0.032057	0.000359	0.855024	0.009575
36	U	247	256790	247812	0.000997	14	0	256785	0	0	0	nan	0	0	0	0	0	0	nan	0	0	0	0.000997	0.000063	0.000997	0.000063	nan	nan
37	A	9568	256796	249389	0.038366	14	0	256791	0	0	0	nan	0	0	0	0	0	0	nan	0	0	0	0.038366	0.000392	0.038366	0.000392	1.023298	0.010455
38	G	232	256823	249245	0.000931	14	0	256818	0	0	0	nan	0	0	0	0	0	0	nan	0	0	0	0.000931	0.000061	0.000931	0.000061	nan	nan
39	U	266	256841	252543	0.001053	14	0	256835	0	0	0	nan	0	0	0	0	0	0	nan	0	0	0	0.001053	0.000065	0.001053	0.000065	nan	nan
40	G	325	256865	250288	0.001299	14	0	256860	0	0	0	nan	0	0	0	0	0	0	nan	0	0	0	0.001299	0.000072	0.001299	0.000072	nan	nan
41	A	9597	256897	250907	0.038249	14	0	256892	0	0	0	nan	0	0	0	0	0	0	nan	0	0	0	0.038249	0.000390	0.038249	0.000390	1.020177	0.010402
42	U	285	256964	249357	0.001143	9	0	256959	0	0	0	nan	0	0	0	0	0	0	nan	0	0	0	0.001143	0.000068	0.001143	0.000068	nan	nan
43	U	242	256990	249491	0.000970	9	0	256985	0	0	0	nan	0	0	0	0	0	0	nan	0	0	0	0.000970	0.000062	0.000970	0.000062	nan	nan
44	C	9804	257013	247819	0.039561	9	0	257009	0	0	0	nan	0	0	0	0	0	0	nan	0	0	0	0.039561	0.000400	0.039561	0.000400	0.834818	0.008441
45	A	8834	257054	249530	0.035403	9	0	257050	0	0	0	nan	0	0	0	0	0	0	nan	0	0	0	0.035403	0.000377	0.035403	0.000377	0.944269	0.010055
46	G	255	257114	251192	0.001015	9	0	257111	0	0	0	nan	0	0	0	0	0	0	nan	0	0	0	0.001015	0.000064	0.001015	0.000064	nan	nan
47	G	260	257130	250816	0.001037	9	0	257127	0	0	0	nan	0	0	0	0	0	0	nan	0	0	0	0.001037	0.000064	0.001037	0.000064	nan	nan
48	A	7618	257135	245884	0.030982	9	0	257132	0	0	0	nan	0	0	0	0	0	0	nan	0	0	0	0.030982	0.000355	0.030982	0.000355	0.826352	0.009469
49	G	285	257213	245828	0.001159	9	0	257211	0	0	0	nan	0	0	0	0	0	0	nan	0	0	0	0.001159	0.000069	0.001159	0.000069	nan	nan
50	G	391	257253	247368	0.001581	9	0	257253	0	0	0	nan	0	0	0	0	0	0	nan	0	0	0	0.001581	0.000080	0.001581	0.000080	nan	nan
51	U	191	257269	247204	0.000773	9	0	257269	0	0	0	nan	0	0	0	0	0	0	nan	0	0	0	0.000773	0.000056	0.000773	0.000056	nan	nan
52	U	219	257276	251279	0.000872	9	0	257276	0	0	0	nan	0	0	0	0	0	0	nan	0	0	0	0.000872	0.000059	0.000872	0.000059	nan	nan
53	A	7919	257282	250870	0.031566	9	0	257282	0	0	0	nan	0	0	0	0	0	0	nan	0	0	0	0.031566	0.000355	0.031566	0.000355	0.841928	0.009469
54	A	6835	257275	251908	0.027133	9	0	257274	0	0	0	nan	0	0	0	0	0	0	nan	0	0	0	0.027133	0.000328	0.027133	0.000328	0.723691	0.008748
55	U	317	257281	253474	0.001251	9	0	257280	0	0	0	nan	0	0	0	0	0	0	nan	0	0	0	0.001251	0.000070	0.001251	0.000070	nan	nan
56	G	319	257290	254355	0.001254	9	0	257290	0	0	0	nan	0	0	0	0	0	0	nan	0	0	0	0.001254	0.000070	0.001254	0.000070	nan	nan
57	G	0	257298	252731	0.000000	9	0	257298	0	0	0	nan	0	0	0	0	0	0	nan	0	0	0	0.000000	0.000000	0.000000	0.000000	nan	nan
58	A	0	257300	0	nan	9	0	257300	0	0	0	nan	0	0	0	0	0	0	nan	0	0	0	nan	nan	nan	nan	nan	nan
59	A	0	257300	0	nan	9	0	257300	0	0	0	nan	0	0	0	0	0	0	nan	0	0	0	nan	nan	nan	nan	nan	nan
60	G	0	257300	0	nan	9	0	257300	0	0	0	nan	0	0	0	0	0	0	nan	0	0	0	nan	nan	nan	nan	nan	nan
61	u	0	257300	0	nan	9	0	257300	0	0	0	nan	0	0	0	0	0	0	nan	0	0	0	nan	nan	nan	nan	nan	nan
62	a	0	257300	0	nan	9	0	257300	0	0	0	nan	0	0	0	0	0	0	nan	0	0	0	nan	nan	nan	nan	nan	nan
63	a	0	257300	0	nan	9	0	257300	0	0	0	nan	0	0	0	0	0	0	nan	0	0	0	nan	nan	nan	nan	nan	nan
64	a	0	257300	0	nan	9	0	257300	0	0	0	nan	0	0	0	0	0	0	nan	0	0	0	nan	nan	nan	nan	nan	nan
65	g	0	257300	0	nan	9	0	257300	0	0	0	nan	0	0	0	0	0	0	nan	0	0	0	nan	nan	nan	nan	nan	nan
66	g	0	257300	0	nan	9	0	257300	0	0	0	nan	0	0	0	0	0	0	nan	0	0	0	nan	nan	nan	nan	nan	nan
67	u	0	257300	0	nan	8	0	257300	0	0	0	nan	0	0	0	0	0	0	nan	0	0	0	nan	nan	nan	nan	nan	nan
68	a	0	257300	0	nan	5	0	257300	0	0	0	nan	0	0	0	0	0	0	nan	0	0	0	nan	nan	nan	nan	nan	nan
69	a	0	257300	0	nan	5	0	257300	0	0	0	nan	0	0	0	0	0	0	nan	0	0	0	nan	nan	nan	nan	nan	nan
70	u	0	257300	0	nan	5	0	257300	0	0	0	nan	0	0	0	0	0	0	nan	0	0	0	nan	nan	nan	nan	nan	nan
71	g	0	257300	0	nan	5	0	257300	0	0	0	nan	0	0	0	0	0	0	nan	0	0	0	nan	nan	nan	nan	nan	nan
72	a	0	257300	0	nan	5	0	257300	0	0	0	nan	0	0	0	0	0	0	nan	0	0	0	nan	nan	nan	nan	nan	nan
73	a	0	257299	0	nan	5	0	257299	0	0	0	nan	0	0	0	0	0	0	nan	0	0	0	nan	nan	nan	nan	nan	nan
74	g	0	257299	0	nan	5	0	257299	0	0	0	nan	0	0	0	0	0	0	nan	0	0	0	nan	nan	nan	nan	nan	nan
75	g	0	257298	0	nan	5	0	257298	0	0	0	nan	0	0	0	0	0	0	nan	0	0	0	nan	nan	nan	nan	nan	nan
76	u	0	257290	0	nan	5	0	257290	0	0	0	nan	0	0	0	0	0	0	nan	0	0	0	nan	nan	nan	nan	nan	nan
77	g	0	257284	0	nan	5	0	257284	0	0	0	nan	0	0	0	0	0	0	nan	0	0	0	nan	nan	nan	nan	nan	nan
78	a	0	257273	0	nan	5	0	257273	0	0	0	nan	0	0	0	0	0	0	nan	0	0	0	nan	nan	nan	nan	nan	nan
79	a	0	257226	0	nan	5	0	257226	0	0	0	nan	0	0	0	0	0	0	nan	0	0	0	nan	nan	nan	nan	nan	nan
80	g	0	257081	0	nan	5	0	257081	0	0	0	nan	0	0	0	0	0	0	nan	0	0	0	nan	nan	nan	nan	nan	nan