Nucleotide	Sequence	Modified_mutations	Modified_read_depth	Modified_effective_depth	Modified_rate	Modified_off_target_mapped_depth	Modified_low_mapq_mapped_depth	Modified_primer_pair_1_mapped_depth	Untreated_mutations	Untreated_read_depth	Untreated_effective_depth	Untreated_rate	Untreated_off_target_mapped_depth	Untreated_low_mapq_mapped_depth	Untreated_primer_pair_1_mapped_depth	Denatured_mutations	Denatured_read_depth	Denatured_effective_depth	Denatured_rate	Denatured_off_target_mapped_depth	Denatured_low_mapq_mapped_depth	Denatured_primer_pair_1_mapped_depth	Reactivity_profile	Std_err	HQ_profile	HQ_stderr	Norm_profile	Norm_stderr
1	g	0	217698	0	nan	5	1	217698	0	0	0	nan	0	0	0	0	0	0	nan	0	0	0	nan	nan	nan	nan	nan	nan
2	g	0	218214	0	nan	5	1	218214	0	0	0	nan	0	0	0	0	0	0	nan	0	0	0	nan	nan	nan	nan	nan	nan
3	c	0	218323	0	nan	8	1	218323	0	0	0	nan	0	0	0	0	0	0	nan	0	0	0	nan	nan	nan	nan	nan	nan
4	a	0	219870	0	nan	10	1	219870	0	0	0	nan	0	0	0	0	0	0	nan	0	0	0	nan	nan	nan	nan	nan	nan
5	c	0	219940	0	nan	10	1	219940	0	0	0	nan	0	0	0	0	0	0	nan	0	0	0	nan	nan	nan	nan	nan	nan
6	c	0	219952	0	nan	10	1	219952	0	0	0	nan	0	0	0	0	0	0	nan	0	0	0	nan	nan	nan	nan	nan	nan
7	u	0	219953	0	nan	10	1	219953	0	0	0	nan	0	0	0	0	0	0	nan	0	0	0	nan	nan	nan	nan	nan	nan
8	c	0	219956	0	nan	10	1	219956	0	0	0	nan	0	0	0	0	0	0	nan	0	0	0	nan	nan	nan	nan	nan	nan
9	a	0	219956	0	nan	10	1	219956	0	0	0	nan	0	0	0	0	0	0	nan	0	0	0	nan	nan	nan	nan	nan	nan
10	u	0	219973	0	nan	10	1	219973	0	0	0	nan	0	0	0	0	0	0	nan	0	0	0	nan	nan	nan	nan	nan	nan
11	a	0	219988	0	nan	10	1	219988	0	0	0	nan	0	0	0	0	0	0	nan	0	0	0	nan	nan	nan	nan	nan	nan
12	a	0	219998	0	nan	10	1	219998	0	0	0	nan	0	0	0	0	0	0	nan	0	0	0	nan	nan	nan	nan	nan	nan
13	c	0	220003	0	nan	10	1	220003	0	0	0	nan	0	0	0	0	0	0	nan	0	0	0	nan	nan	nan	nan	nan	nan
14	a	0	220007	0	nan	10	1	220007	0	0	0	nan	0	0	0	0	0	0	nan	0	0	0	nan	nan	nan	nan	nan	nan
15	u	0	220009	0	nan	10	1	220009	0	0	0	nan	0	0	0	0	0	0	nan	0	0	0	nan	nan	nan	nan	nan	nan
16	a	0	220009	0	nan	10	1	220009	0	0	0	nan	0	0	0	0	0	0	nan	0	0	0	nan	nan	nan	nan	nan	nan
17	a	0	220014	0	nan	10	1	220014	0	0	0	nan	0	0	0	0	0	0	nan	0	0	0	nan	nan	nan	nan	nan	nan
18	c	0	220017	0	nan	10	1	220017	0	0	0	nan	0	0	0	0	0	0	nan	0	0	0	nan	nan	nan	nan	nan	nan
19	U	0	220020	2	0.000000	10	1	220020	0	0	0	nan	0	0	0	0	0	0	nan	0	0	0	0.000000	0.000000	nan	nan	nan	nan
20	A	0	220029	6	0.000000	10	1	220029	0	0	0	nan	0	0	0	0	0	0	nan	0	0	0	0.000000	0.000000	nan	nan	nan	nan
21	A	0	220035	6	0.000000	10	1	220035	0	0	0	nan	0	0	0	0	0	0	nan	0	0	0	0.000000	0.000000	nan	nan	nan	nan
22	G	0	220044	217673	0.000000	10	1	220044	0	0	0	nan	0	0	0	0	0	0	nan	0	0	0	0.000000	0.000000	0.000000	0.000000	nan	nan
23	G	292	220050	211865	0.001378	10	1	220050	0	0	0	nan	0	0	0	0	0	0	nan	0	0	0	0.001378	0.000081	0.001378	0.000081	nan	nan
24	C	7700	220064	211272	0.036446	10	1	220064	0	0	0	nan	0	0	0	0	0	0	nan	0	0	0	0.036446	0.000415	0.036446	0.000415	1.000000	0.011387
25	A	4135	220080	211943	0.019510	10	1	220080	0	0	0	nan	0	0	0	0	0	0	nan	0	0	0	0.019510	0.000303	0.019510	0.000303	1.001579	0.015555
26	G	253	220101	210527	0.001202	10	1	220101	0	0	0	nan	0	0	0	0	0	0	nan	0	0	0	0.001202	0.000076	0.001202	0.000076	nan	nan
27	A	4235	220110	217530	0.019469	10	1	220110	0	0	0	nan	0	0	0	0	0	0	nan	0	0	0	0.019469	0.000299	0.019469	0.000299	0.999474	0.015350
28	U	1405	220114	217462	0.006461	10	1	220114	0	0	0	nan	0	0	0	0	0	0	nan	0	0	0	0.006461	0.000172	0.006461	0.000172	1.419376	0.037786
29	C	6706	220117	217859	0.030781	10	1	220113	0	0	0	nan	0	0	0	0	0	0	nan	0	0	0	0.030781	0.000376	0.030781	0.000376	0.844565	0.010317
30	U	966	220117	217710	0.004437	10	1	220115	0	0	0	nan	0	0	0	0	0	0	nan	0	0	0	0.004437	0.000143	0.004437	0.000143	0.974736	0.031415
31	G	224	220124	216400	0.001035	10	1	220118	0	0	0	nan	0	0	0	0	0	0	nan	0	0	0	0.001035	0.000069	0.001035	0.000069	nan	nan
32	A	2741	220126	217174	0.012621	10	1	220120	0	0	0	nan	0	0	0	0	0	0	nan	0	0	0	0.012621	0.000241	0.012621	0.000241	0.647920	0.012372
33	G	232	220129	208010	0.001115	10	1	220121	0	0	0	nan	0	0	0	0	0	0	nan	0	0	0	0.001115	0.000073	0.001115	0.000073	nan	nan
34	C	3670	220129	206705	0.017755	10	1	220119	0	0	0	nan	0	0	0	0	0	0	nan	0	0	0	0.017755	0.000293	0.017755	0.000293	0.487159	0.008039
35	C	3499	220135	207049	0.016899	10	1	220114	0	0	0	nan	0	0	0	0	0	0	nan	0	0	0	0.016899	0.000286	0.016899	0.000286	0.463672	0.007847
36	U	966	220135	210614	0.004587	10	1	220089	0	0	0	nan	0	0	0	0	0	0	nan	0	0	0	0.004587	0.000148	0.004587	0.000148	1.007689	0.032513
37	G	451	220182	212874	0.002119	10	1	220114	0	0	0	nan	0	0	0	0	0	0	nan	0	0	0	0.002119	0.000100	0.002119	0.000100	nan	nan
38	G	215	220220	213020	0.001009	10	1	220192	0	0	0	nan	0	0	0	0	0	0	nan	0	0	0	0.001009	0.000069	0.001009	0.000069	nan	nan
39	G	359	220223	213370	0.001683	10	1	220202	0	0	0	nan	0	0	0	0	0	0	nan	0	0	0	0.001683	0.000089	0.001683	0.000089	nan	nan
40	G	208	220226	213851	0.000973	10	1	220206	0	0	0	nan	0	0	0	0	0	0	nan	0	0	0	0.000973	0.000067	0.000973	0.000067	nan	nan
41	G	300	220225	212065	0.001415	10	1	220215	0	0	0	nan	0	0	0	0	0	0	nan	0	0	0	0.001415	0.000082	0.001415	0.000082	nan	nan
42	C	3344	220225	217900	0.015346	10	1	220215	0	0	0	nan	0	0	0	0	0	0	nan	0	0	0	0.015346	0.000265	0.015346	0.000265	0.421061	0.007271
43	U	703	220225	218053	0.003224	10	1	220216	0	0	0	nan	0	0	0	0	0	0	nan	0	0	0	0.003224	0.000122	0.003224	0.000122	0.708260	0.026801
44	C	3990	220225	218058	0.018298	10	1	220215	0	0	0	nan	0	0	0	0	0	0	nan	0	0	0	0.018298	0.000290	0.018298	0.000290	0.502058	0.007957
45	U	969	220225	217890	0.004447	10	1	220216	0	0	0	nan	0	0	0	0	0	0	nan	0	0	0	0.004447	0.000143	0.004447	0.000143	0.976933	0.031415
46	C	7318	220226	217531	0.033641	10	1	220215	0	0	0	nan	0	0	0	0	0	0	nan	0	0	0	0.033641	0.000393	0.033641	0.000393	0.923037	0.010783
47	U	961	220230	217559	0.004417	10	1	220219	0	0	0	nan	0	0	0	0	0	0	nan	0	0	0	0.004417	0.000142	0.004417	0.000142	0.970343	0.031195
48	G	350	220228	213916	0.001636	10	1	220218	0	0	0	nan	0	0	0	0	0	0	nan	0	0	0	0.001636	0.000087	0.001636	0.000087	nan	nan
49	C	9350	220231	216714	0.043144	10	1	220222	0	0	0	nan	0	0	0	0	0	0	nan	0	0	0	0.043144	0.000446	0.043144	0.000446	1.183779	0.012237
50	C	8918	220231	217455	0.041011	10	1	220226	0	0	0	nan	0	0	0	0	0	0	nan	0	0	0	0.041011	0.000434	0.041011	0.000434	1.125254	0.011908
51	A	3262	220234	218395	0.014936	10	1	220232	0	0	0	nan	0	0	0	0	0	0	nan	0	0	0	0.014936	0.000262	0.014936	0.000262	0.766765	0.013450
52	A	0	220233	217473	0.000000	10	1	220233	0	0	0	nan	0	0	0	0	0	0	nan	0	0	0	0.000000	0.000000	0.000000	0.000000	0.000000	0.000000
53	U	0	220217	53	0.000000	8	1	220217	0	0	0	nan	0	0	0	0	0	0	nan	0	0	0	0.000000	0.000000	nan	nan	nan	nan
54	C	0	220134	0	nan	8	1	220134	0	0	0	nan	0	0	0	0	0	0	nan	0	0	0	nan	nan	nan	nan	nan	nan
55	C	0	220134	0	nan	8	1	220134	0	0	0	nan	0	0	0	0	0	0	nan	0	0	0	nan	nan	nan	nan	nan	nan
56	a	0	220133	0	nan	8	1	220133	0	0	0	nan	0	0	0	0	0	0	nan	0	0	0	nan	nan	nan	nan	nan	nan
57	c	0	220132	0	nan	8	1	220132	0	0	0	nan	0	0	0	0	0	0	nan	0	0	0	nan	nan	nan	nan	nan	nan
58	u	0	220132	0	nan	8	1	220132	0	0	0	nan	0	0	0	0	0	0	nan	0	0	0	nan	nan	nan	nan	nan	nan
59	a	0	220132	0	nan	8	1	220132	0	0	0	nan	0	0	0	0	0	0	nan	0	0	0	nan	nan	nan	nan	nan	nan
60	a	0	220132	0	nan	8	1	220132	0	0	0	nan	0	0	0	0	0	0	nan	0	0	0	nan	nan	nan	nan	nan	nan
61	c	0	220132	0	nan	1	1	220132	0	0	0	nan	0	0	0	0	0	0	nan	0	0	0	nan	nan	nan	nan	nan	nan
62	c	0	220132	0	nan	0	1	220132	0	0	0	nan	0	0	0	0	0	0	nan	0	0	0	nan	nan	nan	nan	nan	nan
63	u	0	220132	0	nan	0	1	220132	0	0	0	nan	0	0	0	0	0	0	nan	0	0	0	nan	nan	nan	nan	nan	nan
64	c	0	220132	0	nan	0	1	220132	0	0	0	nan	0	0	0	0	0	0	nan	0	0	0	nan	nan	nan	nan	nan	nan
65	a	0	220132	0	nan	0	1	220132	0	0	0	nan	0	0	0	0	0	0	nan	0	0	0	nan	nan	nan	nan	nan	nan
66	c	0	220132	0	nan	0	1	220132	0	0	0	nan	0	0	0	0	0	0	nan	0	0	0	nan	nan	nan	nan	nan	nan
67	u	0	220128	0	nan	0	1	220128	0	0	0	nan	0	0	0	0	0	0	nan	0	0	0	nan	nan	nan	nan	nan	nan
68	c	0	220128	0	nan	0	1	220128	0	0	0	nan	0	0	0	0	0	0	nan	0	0	0	nan	nan	nan	nan	nan	nan
69	a	0	220125	0	nan	0	1	220125	0	0	0	nan	0	0	0	0	0	0	nan	0	0	0	nan	nan	nan	nan	nan	nan
70	c	0	220116	0	nan	0	1	220116	0	0	0	nan	0	0	0	0	0	0	nan	0	0	0	nan	nan	nan	nan	nan	nan
71	a	0	220104	0	nan	0	1	220104	0	0	0	nan	0	0	0	0	0	0	nan	0	0	0	nan	nan	nan	nan	nan	nan
72	a	0	220046	0	nan	0	1	220046	0	0	0	nan	0	0	0	0	0	0	nan	0	0	0	nan	nan	nan	nan	nan	nan
73	u	0	219924	0	nan	0	1	219924	0	0	0	nan	0	0	0	0	0	0	nan	0	0	0	nan	nan	nan	nan	nan	nan
74	c	0	219650	0	nan	0	1	219650	0	0	0	nan	0	0	0	0	0	0	nan	0	0	0	nan	nan	nan	nan	nan	nan