Nucleotide	Sequence	Modified_mutations	Modified_read_depth	Modified_effective_depth	Modified_rate	Modified_off_target_mapped_depth	Modified_low_mapq_mapped_depth	Modified_primer_pair_1_mapped_depth	Untreated_mutations	Untreated_read_depth	Untreated_effective_depth	Untreated_rate	Untreated_off_target_mapped_depth	Untreated_low_mapq_mapped_depth	Untreated_primer_pair_1_mapped_depth	Denatured_mutations	Denatured_read_depth	Denatured_effective_depth	Denatured_rate	Denatured_off_target_mapped_depth	Denatured_low_mapq_mapped_depth	Denatured_primer_pair_1_mapped_depth	Reactivity_profile	Std_err	HQ_profile	HQ_stderr	Norm_profile	Norm_stderr
1	g	0	246912	0	nan	16	0	246912	0	0	0	nan	0	0	0	0	0	0	nan	0	0	0	nan	nan	nan	nan	nan	nan
2	g	0	247457	0	nan	16	0	247457	0	0	0	nan	0	0	0	0	0	0	nan	0	0	0	nan	nan	nan	nan	nan	nan
3	c	0	247600	0	nan	21	0	247600	0	0	0	nan	0	0	0	0	0	0	nan	0	0	0	nan	nan	nan	nan	nan	nan
4	a	0	247634	0	nan	21	0	247634	0	0	0	nan	0	0	0	0	0	0	nan	0	0	0	nan	nan	nan	nan	nan	nan
5	c	0	247672	0	nan	21	0	247672	0	0	0	nan	0	0	0	0	0	0	nan	0	0	0	nan	nan	nan	nan	nan	nan
6	c	0	249529	0	nan	22	0	249529	0	0	0	nan	0	0	0	0	0	0	nan	0	0	0	nan	nan	nan	nan	nan	nan
7	u	0	249638	0	nan	22	0	249638	0	0	0	nan	0	0	0	0	0	0	nan	0	0	0	nan	nan	nan	nan	nan	nan
8	c	0	249647	0	nan	22	0	249647	0	0	0	nan	0	0	0	0	0	0	nan	0	0	0	nan	nan	nan	nan	nan	nan
9	a	0	249651	0	nan	22	0	249651	0	0	0	nan	0	0	0	0	0	0	nan	0	0	0	nan	nan	nan	nan	nan	nan
10	u	0	249653	0	nan	22	0	249653	0	0	0	nan	0	0	0	0	0	0	nan	0	0	0	nan	nan	nan	nan	nan	nan
11	a	0	249655	0	nan	22	0	249655	0	0	0	nan	0	0	0	0	0	0	nan	0	0	0	nan	nan	nan	nan	nan	nan
12	a	0	249663	0	nan	22	0	249663	0	0	0	nan	0	0	0	0	0	0	nan	0	0	0	nan	nan	nan	nan	nan	nan
13	c	0	249670	0	nan	22	0	249670	0	0	0	nan	0	0	0	0	0	0	nan	0	0	0	nan	nan	nan	nan	nan	nan
14	a	0	249672	0	nan	22	0	249672	0	0	0	nan	0	0	0	0	0	0	nan	0	0	0	nan	nan	nan	nan	nan	nan
15	u	0	249673	0	nan	22	0	249673	0	0	0	nan	0	0	0	0	0	0	nan	0	0	0	nan	nan	nan	nan	nan	nan
16	a	0	249675	0	nan	22	0	249675	0	0	0	nan	0	0	0	0	0	0	nan	0	0	0	nan	nan	nan	nan	nan	nan
17	a	0	249679	0	nan	22	0	249679	0	0	0	nan	0	0	0	0	0	0	nan	0	0	0	nan	nan	nan	nan	nan	nan
18	c	0	249680	0	nan	22	0	249680	0	0	0	nan	0	0	0	0	0	0	nan	0	0	0	nan	nan	nan	nan	nan	nan
19	U	0	249681	1	0.000000	22	0	249681	0	0	0	nan	0	0	0	0	0	0	nan	0	0	0	0.000000	0.000000	nan	nan	nan	nan
20	A	0	249689	4	0.000000	22	0	249689	0	0	0	nan	0	0	0	0	0	0	nan	0	0	0	0.000000	0.000000	nan	nan	nan	nan
21	A	0	249696	9	0.000000	22	0	249696	0	0	0	nan	0	0	0	0	0	0	nan	0	0	0	0.000000	0.000000	nan	nan	nan	nan
22	G	0	249701	247230	0.000000	22	0	249701	0	0	0	nan	0	0	0	0	0	0	nan	0	0	0	0.000000	0.000000	0.000000	0.000000	nan	nan
23	G	238	249703	242940	0.000980	22	0	249703	0	0	0	nan	0	0	0	0	0	0	nan	0	0	0	0.000980	0.000064	0.000980	0.000064	nan	nan
24	C	5611	249713	246924	0.022724	22	0	249713	0	0	0	nan	0	0	0	0	0	0	nan	0	0	0	0.022724	0.000303	0.022724	0.000303	0.913427	0.012180
25	A	3638	249717	247546	0.014696	22	0	249717	0	0	0	nan	0	0	0	0	0	0	nan	0	0	0	0.014696	0.000244	0.014696	0.000244	0.857010	0.014229
26	G	192	249724	240576	0.000798	22	0	249724	0	0	0	nan	0	0	0	0	0	0	nan	0	0	0	0.000798	0.000058	0.000798	0.000058	nan	nan
27	A	3354	249732	241627	0.013881	22	0	249731	0	0	0	nan	0	0	0	0	0	0	nan	0	0	0	0.013881	0.000240	0.013881	0.000240	0.809482	0.013996
28	U	1590	249735	241353	0.006588	22	0	249731	0	0	0	nan	0	0	0	0	0	0	nan	0	0	0	0.006588	0.000165	0.006588	0.000165	1.141372	0.028586
29	C	5292	249736	247399	0.021391	22	0	249731	0	0	0	nan	0	0	0	0	0	0	nan	0	0	0	0.021391	0.000294	0.021391	0.000294	0.859845	0.011818
30	U	1085	249738	247225	0.004389	22	0	249730	0	0	0	nan	0	0	0	0	0	0	nan	0	0	0	0.004389	0.000133	0.004389	0.000133	0.760395	0.023042
31	G	228	249739	245666	0.000928	22	0	249728	0	0	0	nan	0	0	0	0	0	0	nan	0	0	0	0.000928	0.000061	0.000928	0.000061	nan	nan
32	A	4230	249742	246432	0.017165	22	0	249732	0	0	0	nan	0	0	0	0	0	0	nan	0	0	0	0.017165	0.000264	0.017165	0.000264	1.000991	0.015395
33	G	267	249746	242250	0.001102	22	0	249736	0	0	0	nan	0	0	0	0	0	0	nan	0	0	0	0.001102	0.000067	0.001102	0.000067	nan	nan
34	C	5144	249746	240107	0.021424	22	0	249733	0	0	0	nan	0	0	0	0	0	0	nan	0	0	0	0.021424	0.000299	0.021424	0.000299	0.861171	0.012019
35	C	4891	249746	229746	0.021289	22	0	249724	0	0	0	nan	0	0	0	0	0	0	nan	0	0	0	0.021289	0.000304	0.021289	0.000304	0.855745	0.012220
36	U	1137	249757	229423	0.004956	22	0	249734	0	0	0	nan	0	0	0	0	0	0	nan	0	0	0	0.004956	0.000147	0.004956	0.000147	0.858628	0.025468
37	U	1577	249777	233986	0.006740	22	0	249742	0	0	0	nan	0	0	0	0	0	0	nan	0	0	0	0.006740	0.000170	0.006740	0.000170	1.167706	0.029453
38	C	5872	249777	244657	0.024001	22	0	249723	0	0	0	nan	0	0	0	0	0	0	nan	0	0	0	0.024001	0.000313	0.024001	0.000313	0.964758	0.012582
39	G	161	249830	243730	0.000661	22	0	249786	0	0	0	nan	0	0	0	0	0	0	nan	0	0	0	0.000661	0.000052	0.000661	0.000052	nan	nan
40	G	218	249859	244404	0.000892	22	0	249844	0	0	0	nan	0	0	0	0	0	0	nan	0	0	0	0.000892	0.000060	0.000892	0.000060	nan	nan
41	G	192	249860	243617	0.000788	22	0	249844	0	0	0	nan	0	0	0	0	0	0	nan	0	0	0	0.000788	0.000057	0.000788	0.000057	nan	nan
42	A	4203	249863	245103	0.017148	22	0	249848	0	0	0	nan	0	0	0	0	0	0	nan	0	0	0	0.017148	0.000265	0.017148	0.000265	1.000000	0.015454
43	G	275	249865	243082	0.001131	22	0	249854	0	0	0	nan	0	0	0	0	0	0	nan	0	0	0	0.001131	0.000068	0.001131	0.000068	nan	nan
44	C	5345	249867	247386	0.021606	21	0	249858	0	0	0	nan	0	0	0	0	0	0	nan	0	0	0	0.021606	0.000296	0.021606	0.000296	0.868487	0.011898
45	U	872	249866	247628	0.003521	21	0	249858	0	0	0	nan	0	0	0	0	0	0	nan	0	0	0	0.003521	0.000119	0.003521	0.000119	0.610014	0.020617
46	C	5164	249865	247835	0.020836	21	0	249858	0	0	0	nan	0	0	0	0	0	0	nan	0	0	0	0.020836	0.000290	0.020836	0.000290	0.837536	0.011657
47	U	1093	249863	247670	0.004413	22	0	249851	0	0	0	nan	0	0	0	0	0	0	nan	0	0	0	0.004413	0.000133	0.004413	0.000133	0.764553	0.023042
48	C	6229	249857	247479	0.025170	22	0	249838	0	0	0	nan	0	0	0	0	0	0	nan	0	0	0	0.025170	0.000319	0.025170	0.000319	1.011747	0.012823
49	U	907	249857	247491	0.003665	22	0	249841	0	0	0	nan	0	0	0	0	0	0	nan	0	0	0	0.003665	0.000122	0.003665	0.000122	0.634962	0.021137
50	G	304	249860	244634	0.001243	22	0	249847	0	0	0	nan	0	0	0	0	0	0	nan	0	0	0	0.001243	0.000071	0.001243	0.000071	nan	nan
51	C	6539	249863	246950	0.026479	21	0	249853	0	0	0	nan	0	0	0	0	0	0	nan	0	0	0	0.026479	0.000327	0.026479	0.000327	1.064365	0.013144
52	C	6266	249866	247368	0.025331	21	0	249856	0	0	0	nan	0	0	0	0	0	0	nan	0	0	0	0.025331	0.000320	0.025331	0.000320	1.018219	0.012863
53	A	3095	249865	247746	0.012493	21	0	249864	0	0	0	nan	0	0	0	0	0	0	nan	0	0	0	0.012493	0.000225	0.012493	0.000225	0.728540	0.013121
54	A	0	249738	247313	0.000000	21	0	249738	0	0	0	nan	0	0	0	0	0	0	nan	0	0	0	0.000000	0.000000	0.000000	0.000000	0.000000	0.000000
55	U	0	249738	0	nan	16	0	249738	0	0	0	nan	0	0	0	0	0	0	nan	0	0	0	nan	nan	nan	nan	nan	nan
56	C	0	249738	0	nan	14	0	249738	0	0	0	nan	0	0	0	0	0	0	nan	0	0	0	nan	nan	nan	nan	nan	nan
57	C	0	249738	0	nan	14	0	249738	0	0	0	nan	0	0	0	0	0	0	nan	0	0	0	nan	nan	nan	nan	nan	nan
58	a	0	249738	0	nan	14	0	249738	0	0	0	nan	0	0	0	0	0	0	nan	0	0	0	nan	nan	nan	nan	nan	nan
59	c	0	249738	0	nan	14	0	249738	0	0	0	nan	0	0	0	0	0	0	nan	0	0	0	nan	nan	nan	nan	nan	nan
60	u	0	249738	0	nan	14	0	249738	0	0	0	nan	0	0	0	0	0	0	nan	0	0	0	nan	nan	nan	nan	nan	nan
61	a	0	249738	0	nan	14	0	249738	0	0	0	nan	0	0	0	0	0	0	nan	0	0	0	nan	nan	nan	nan	nan	nan
62	a	0	249738	0	nan	14	0	249738	0	0	0	nan	0	0	0	0	0	0	nan	0	0	0	nan	nan	nan	nan	nan	nan
63	c	0	249738	0	nan	1	0	249738	0	0	0	nan	0	0	0	0	0	0	nan	0	0	0	nan	nan	nan	nan	nan	nan
64	c	0	249738	0	nan	1	0	249738	0	0	0	nan	0	0	0	0	0	0	nan	0	0	0	nan	nan	nan	nan	nan	nan
65	u	0	249738	0	nan	1	0	249738	0	0	0	nan	0	0	0	0	0	0	nan	0	0	0	nan	nan	nan	nan	nan	nan
66	c	0	249738	0	nan	1	0	249738	0	0	0	nan	0	0	0	0	0	0	nan	0	0	0	nan	nan	nan	nan	nan	nan
67	a	0	249738	0	nan	1	0	249738	0	0	0	nan	0	0	0	0	0	0	nan	0	0	0	nan	nan	nan	nan	nan	nan
68	c	0	249738	0	nan	1	0	249738	0	0	0	nan	0	0	0	0	0	0	nan	0	0	0	nan	nan	nan	nan	nan	nan
69	u	0	249736	0	nan	1	0	249736	0	0	0	nan	0	0	0	0	0	0	nan	0	0	0	nan	nan	nan	nan	nan	nan
70	c	0	249736	0	nan	1	0	249736	0	0	0	nan	0	0	0	0	0	0	nan	0	0	0	nan	nan	nan	nan	nan	nan
71	a	0	249735	0	nan	1	0	249735	0	0	0	nan	0	0	0	0	0	0	nan	0	0	0	nan	nan	nan	nan	nan	nan
72	c	0	249715	0	nan	1	0	249715	0	0	0	nan	0	0	0	0	0	0	nan	0	0	0	nan	nan	nan	nan	nan	nan
73	a	0	249702	0	nan	1	0	249702	0	0	0	nan	0	0	0	0	0	0	nan	0	0	0	nan	nan	nan	nan	nan	nan
74	a	0	249631	0	nan	1	0	249631	0	0	0	nan	0	0	0	0	0	0	nan	0	0	0	nan	nan	nan	nan	nan	nan
75	u	0	249495	0	nan	1	0	249495	0	0	0	nan	0	0	0	0	0	0	nan	0	0	0	nan	nan	nan	nan	nan	nan
76	c	0	249173	0	nan	1	0	249173	0	0	0	nan	0	0	0	0	0	0	nan	0	0	0	nan	nan	nan	nan	nan	nan