Nucleotide	Sequence	Modified_mutations	Modified_read_depth	Modified_effective_depth	Modified_rate	Modified_off_target_mapped_depth	Modified_low_mapq_mapped_depth	Modified_primer_pair_1_mapped_depth	Untreated_mutations	Untreated_read_depth	Untreated_effective_depth	Untreated_rate	Untreated_off_target_mapped_depth	Untreated_low_mapq_mapped_depth	Untreated_primer_pair_1_mapped_depth	Denatured_mutations	Denatured_read_depth	Denatured_effective_depth	Denatured_rate	Denatured_off_target_mapped_depth	Denatured_low_mapq_mapped_depth	Denatured_primer_pair_1_mapped_depth	Reactivity_profile	Std_err	HQ_profile	HQ_stderr	Norm_profile	Norm_stderr
1	g	0	36756	0	nan	7	0	36756	0	0	0	nan	0	0	0	0	0	0	nan	0	0	0	nan	nan	nan	nan	nan	nan
2	g	0	36784	0	nan	7	0	36784	0	0	0	nan	0	0	0	0	0	0	nan	0	0	0	nan	nan	nan	nan	nan	nan
3	u	0	36808	0	nan	7	0	36808	0	0	0	nan	0	0	0	0	0	0	nan	0	0	0	nan	nan	nan	nan	nan	nan
4	g	0	36826	0	nan	7	0	36826	0	0	0	nan	0	0	0	0	0	0	nan	0	0	0	nan	nan	nan	nan	nan	nan
5	u	0	36845	0	nan	7	0	36845	0	0	0	nan	0	0	0	0	0	0	nan	0	0	0	nan	nan	nan	nan	nan	nan
6	a	0	36864	0	nan	7	0	36864	0	0	0	nan	0	0	0	0	0	0	nan	0	0	0	nan	nan	nan	nan	nan	nan
7	a	0	36923	0	nan	7	0	36923	0	0	0	nan	0	0	0	0	0	0	nan	0	0	0	nan	nan	nan	nan	nan	nan
8	g	0	37106	0	nan	7	0	37106	0	0	0	nan	0	0	0	0	0	0	nan	0	0	0	nan	nan	nan	nan	nan	nan
9	g	0	38795	0	nan	7	0	38795	0	0	0	nan	0	0	0	0	0	0	nan	0	0	0	nan	nan	nan	nan	nan	nan
10	g	0	224186	0	nan	7	0	224186	0	0	0	nan	0	0	0	0	0	0	nan	0	0	0	nan	nan	nan	nan	nan	nan
11	u	0	232350	0	nan	7	0	232350	0	0	0	nan	0	0	0	0	0	0	nan	0	0	0	nan	nan	nan	nan	nan	nan
12	g	0	232612	0	nan	7	0	232612	0	0	0	nan	0	0	0	0	0	0	nan	0	0	0	nan	nan	nan	nan	nan	nan
13	a	0	232632	0	nan	7	0	232632	0	0	0	nan	0	0	0	0	0	0	nan	0	0	0	nan	nan	nan	nan	nan	nan
14	a	0	232640	0	nan	7	0	232640	0	0	0	nan	0	0	0	0	0	0	nan	0	0	0	nan	nan	nan	nan	nan	nan
15	g	0	232686	0	nan	14	0	232686	0	0	0	nan	0	0	0	0	0	0	nan	0	0	0	nan	nan	nan	nan	nan	nan
16	u	0	232705	0	nan	14	0	232705	0	0	0	nan	0	0	0	0	0	0	nan	0	0	0	nan	nan	nan	nan	nan	nan
17	g	0	232717	0	nan	14	0	232717	0	0	0	nan	0	0	0	0	0	0	nan	0	0	0	nan	nan	nan	nan	nan	nan
18	u	0	232721	0	nan	14	0	232721	0	0	0	nan	0	0	0	0	0	0	nan	0	0	0	nan	nan	nan	nan	nan	nan
19	a	0	232793	0	nan	14	0	232793	0	0	0	nan	0	0	0	0	0	0	nan	0	0	0	nan	nan	nan	nan	nan	nan
20	A	0	232818	11	0.000000	14	0	232818	0	0	0	nan	0	0	0	0	0	0	nan	0	0	0	0.000000	0.000000	nan	nan	nan	nan
21	G	0	232880	25	0.000000	14	0	232880	0	0	0	nan	0	0	0	0	0	0	nan	0	0	0	0.000000	0.000000	nan	nan	nan	nan
22	G	0	232909	31	0.000000	14	0	232909	0	0	0	nan	0	0	0	0	0	0	nan	0	0	0	0.000000	0.000000	nan	nan	nan	nan
23	U	0	232923	223634	0.000000	14	0	232923	0	0	0	nan	0	0	0	0	0	0	nan	0	0	0	0.000000	0.000000	0.000000	0.000000	nan	nan
24	U	172	232935	229773	0.000749	14	0	232935	0	0	0	nan	0	0	0	0	0	0	nan	0	0	0	0.000749	0.000057	0.000749	0.000057	nan	nan
25	G	232	232939	229453	0.001011	14	0	232939	0	0	0	nan	0	0	0	0	0	0	nan	0	0	0	0.001011	0.000066	0.001011	0.000066	nan	nan
26	A	4971	232948	228004	0.021802	14	0	232948	0	0	0	nan	0	0	0	0	0	0	nan	0	0	0	0.021802	0.000309	0.021802	0.000309	0.846474	0.011997
27	A	5831	232957	226415	0.025754	14	0	232957	0	0	0	nan	0	0	0	0	0	0	nan	0	0	0	0.025754	0.000337	0.025754	0.000337	0.999913	0.013084
28	C	7897	232963	225079	0.035085	14	0	232963	0	0	0	nan	0	0	0	0	0	0	nan	0	0	0	0.035085	0.000395	0.035085	0.000395	1.032269	0.011622
29	U	157	232979	226507	0.000693	14	0	232979	0	0	0	nan	0	0	0	0	0	0	nan	0	0	0	0.000693	0.000055	0.000693	0.000055	nan	nan
30	U	151	232997	227230	0.000665	14	0	232990	0	0	0	nan	0	0	0	0	0	0	nan	0	0	0	0.000665	0.000054	0.000665	0.000054	nan	nan
31	U	204	233018	228392	0.000893	14	0	233012	0	0	0	nan	0	0	0	0	0	0	nan	0	0	0	0.000893	0.000063	0.000893	0.000063	nan	nan
32	U	193	233062	229632	0.000840	14	0	233056	0	0	0	nan	0	0	0	0	0	0	nan	0	0	0	0.000840	0.000060	0.000840	0.000060	nan	nan
33	G	315	233105	229083	0.001375	14	0	233099	0	0	0	nan	0	0	0	0	0	0	nan	0	0	0	0.001375	0.000077	0.001375	0.000077	nan	nan
34	A	5890	233126	228672	0.025757	14	0	233120	0	0	0	nan	0	0	0	0	0	0	nan	0	0	0	0.025757	0.000336	0.025757	0.000336	1.000029	0.013045
35	A	5232	233135	227403	0.023008	14	0	233129	0	0	0	nan	0	0	0	0	0	0	nan	0	0	0	0.023008	0.000318	0.023008	0.000318	0.893298	0.012347
36	U	197	233136	227602	0.000866	14	0	233130	0	0	0	nan	0	0	0	0	0	0	nan	0	0	0	0.000866	0.000062	0.000866	0.000062	nan	nan
37	A	6224	233139	228544	0.027233	14	0	233133	0	0	0	nan	0	0	0	0	0	0	nan	0	0	0	0.027233	0.000345	0.027233	0.000345	1.057336	0.013395
38	G	234	233153	228483	0.001024	14	0	233147	0	0	0	nan	0	0	0	0	0	0	nan	0	0	0	0.001024	0.000067	0.001024	0.000067	nan	nan
39	U	233	233166	230353	0.001011	14	0	233160	0	0	0	nan	0	0	0	0	0	0	nan	0	0	0	0.001011	0.000066	0.001011	0.000066	nan	nan
40	G	373	233184	228734	0.001631	14	0	233178	0	0	0	nan	0	0	0	0	0	0	nan	0	0	0	0.001631	0.000084	0.001631	0.000084	nan	nan
41	A	6280	233203	228249	0.027514	14	0	233197	0	0	0	nan	0	0	0	0	0	0	nan	0	0	0	0.027514	0.000347	0.027514	0.000347	1.068246	0.013472
42	U	206	233239	227381	0.000906	12	0	233234	0	0	0	nan	0	0	0	0	0	0	nan	0	0	0	0.000906	0.000063	0.000906	0.000063	nan	nan
43	U	221	233264	227438	0.000972	12	0	233260	0	0	0	nan	0	0	0	0	0	0	nan	0	0	0	0.000972	0.000065	0.000972	0.000065	nan	nan
44	C	6972	233278	227115	0.030698	12	0	233274	0	0	0	nan	0	0	0	0	0	0	nan	0	0	0	0.030698	0.000368	0.030698	0.000368	0.903194	0.010827
45	A	5857	233306	228122	0.025675	12	0	233302	0	0	0	nan	0	0	0	0	0	0	nan	0	0	0	0.025675	0.000335	0.025675	0.000335	0.996845	0.013007
46	G	334	233357	229354	0.001456	12	1	233354	0	0	0	nan	0	0	0	0	0	0	nan	0	0	0	0.001456	0.000080	0.001456	0.000080	nan	nan
47	G	326	233376	228831	0.001425	12	1	233373	0	0	0	nan	0	0	0	0	0	0	nan	0	0	0	0.001425	0.000079	0.001425	0.000079	nan	nan
48	A	5115	233384	223679	0.022868	12	1	233381	0	0	0	nan	0	0	0	0	0	0	nan	0	0	0	0.022868	0.000320	0.022868	0.000320	0.887862	0.012424
49	G	422	233452	223593	0.001887	12	1	233450	0	0	0	nan	0	0	0	0	0	0	nan	0	0	0	0.001887	0.000092	0.001887	0.000092	nan	nan
50	G	296	233477	224669	0.001317	11	1	233475	0	0	0	nan	0	0	0	0	0	0	nan	0	0	0	0.001317	0.000077	0.001317	0.000077	nan	nan
51	U	142	233487	224298	0.000633	11	1	233485	0	0	0	nan	0	0	0	0	0	0	nan	0	0	0	0.000633	0.000053	0.000633	0.000053	nan	nan
52	U	199	233494	228731	0.000870	11	1	233492	0	0	0	nan	0	0	0	0	0	0	nan	0	0	0	0.000870	0.000062	0.000870	0.000062	nan	nan
53	A	5062	233501	228473	0.022156	10	1	233499	0	0	0	nan	0	0	0	0	0	0	nan	0	0	0	0.022156	0.000311	0.022156	0.000311	0.860218	0.012075
54	A	4668	233496	229053	0.020380	10	1	233493	0	0	0	nan	0	0	0	0	0	0	nan	0	0	0	0.020380	0.000298	0.020380	0.000298	0.791264	0.011570
55	U	281	233507	230180	0.001221	10	1	233505	0	0	0	nan	0	0	0	0	0	0	nan	0	0	0	0.001221	0.000073	0.001221	0.000073	nan	nan
56	G	380	233513	230948	0.001645	10	1	233512	0	0	0	nan	0	0	0	0	0	0	nan	0	0	0	0.001645	0.000084	0.001645	0.000084	nan	nan
57	G	0	233515	230053	0.000000	10	1	233515	0	0	0	nan	0	0	0	0	0	0	nan	0	0	0	0.000000	0.000000	0.000000	0.000000	nan	nan
58	A	0	233517	0	nan	10	1	233517	0	0	0	nan	0	0	0	0	0	0	nan	0	0	0	nan	nan	nan	nan	nan	nan
59	A	0	233517	0	nan	10	1	233517	0	0	0	nan	0	0	0	0	0	0	nan	0	0	0	nan	nan	nan	nan	nan	nan
60	G	0	233517	0	nan	10	1	233517	0	0	0	nan	0	0	0	0	0	0	nan	0	0	0	nan	nan	nan	nan	nan	nan
61	u	0	233517	0	nan	10	1	233517	0	0	0	nan	0	0	0	0	0	0	nan	0	0	0	nan	nan	nan	nan	nan	nan
62	a	0	233517	0	nan	10	1	233517	0	0	0	nan	0	0	0	0	0	0	nan	0	0	0	nan	nan	nan	nan	nan	nan
63	a	0	233517	0	nan	10	1	233517	0	0	0	nan	0	0	0	0	0	0	nan	0	0	0	nan	nan	nan	nan	nan	nan
64	a	0	233517	0	nan	10	1	233517	0	0	0	nan	0	0	0	0	0	0	nan	0	0	0	nan	nan	nan	nan	nan	nan
65	g	0	233517	0	nan	10	1	233517	0	0	0	nan	0	0	0	0	0	0	nan	0	0	0	nan	nan	nan	nan	nan	nan
66	g	0	233517	0	nan	8	1	233517	0	0	0	nan	0	0	0	0	0	0	nan	0	0	0	nan	nan	nan	nan	nan	nan
67	u	0	233517	0	nan	7	1	233517	0	0	0	nan	0	0	0	0	0	0	nan	0	0	0	nan	nan	nan	nan	nan	nan
68	a	0	233517	0	nan	6	1	233517	0	0	0	nan	0	0	0	0	0	0	nan	0	0	0	nan	nan	nan	nan	nan	nan
69	a	0	233517	0	nan	6	1	233517	0	0	0	nan	0	0	0	0	0	0	nan	0	0	0	nan	nan	nan	nan	nan	nan
70	u	0	233517	0	nan	6	1	233517	0	0	0	nan	0	0	0	0	0	0	nan	0	0	0	nan	nan	nan	nan	nan	nan
71	g	0	233516	0	nan	6	1	233516	0	0	0	nan	0	0	0	0	0	0	nan	0	0	0	nan	nan	nan	nan	nan	nan
72	a	0	233515	0	nan	6	1	233515	0	0	0	nan	0	0	0	0	0	0	nan	0	0	0	nan	nan	nan	nan	nan	nan
73	a	0	233515	0	nan	6	1	233515	0	0	0	nan	0	0	0	0	0	0	nan	0	0	0	nan	nan	nan	nan	nan	nan
74	g	0	233515	0	nan	6	1	233515	0	0	0	nan	0	0	0	0	0	0	nan	0	0	0	nan	nan	nan	nan	nan	nan
75	g	0	233514	0	nan	6	1	233514	0	0	0	nan	0	0	0	0	0	0	nan	0	0	0	nan	nan	nan	nan	nan	nan
76	u	0	233511	0	nan	6	1	233511	0	0	0	nan	0	0	0	0	0	0	nan	0	0	0	nan	nan	nan	nan	nan	nan
77	g	0	233505	0	nan	6	1	233505	0	0	0	nan	0	0	0	0	0	0	nan	0	0	0	nan	nan	nan	nan	nan	nan
78	a	0	233488	0	nan	6	1	233488	0	0	0	nan	0	0	0	0	0	0	nan	0	0	0	nan	nan	nan	nan	nan	nan
79	a	0	233456	0	nan	6	1	233456	0	0	0	nan	0	0	0	0	0	0	nan	0	0	0	nan	nan	nan	nan	nan	nan
80	g	0	233315	0	nan	6	1	233315	0	0	0	nan	0	0	0	0	0	0	nan	0	0	0	nan	nan	nan	nan	nan	nan