Nucleotide	Sequence	Modified_mutations	Modified_read_depth	Modified_effective_depth	Modified_rate	Modified_off_target_mapped_depth	Modified_low_mapq_mapped_depth	Modified_primer_pair_1_mapped_depth	Untreated_mutations	Untreated_read_depth	Untreated_effective_depth	Untreated_rate	Untreated_off_target_mapped_depth	Untreated_low_mapq_mapped_depth	Untreated_primer_pair_1_mapped_depth	Denatured_mutations	Denatured_read_depth	Denatured_effective_depth	Denatured_rate	Denatured_off_target_mapped_depth	Denatured_low_mapq_mapped_depth	Denatured_primer_pair_1_mapped_depth	Reactivity_profile	Std_err	HQ_profile	HQ_stderr	Norm_profile	Norm_stderr
1	g	0	42204	0	nan	9	1	42204	0	0	0	nan	0	0	0	0	0	0	nan	0	0	0	nan	nan	nan	nan	nan	nan
2	g	0	42250	0	nan	9	1	42250	0	0	0	nan	0	0	0	0	0	0	nan	0	0	0	nan	nan	nan	nan	nan	nan
3	u	0	42273	0	nan	9	1	42273	0	0	0	nan	0	0	0	0	0	0	nan	0	0	0	nan	nan	nan	nan	nan	nan
4	g	0	42305	0	nan	9	1	42305	0	0	0	nan	0	0	0	0	0	0	nan	0	0	0	nan	nan	nan	nan	nan	nan
5	u	0	42351	0	nan	9	1	42351	0	0	0	nan	0	0	0	0	0	0	nan	0	0	0	nan	nan	nan	nan	nan	nan
6	a	0	42402	0	nan	9	1	42402	0	0	0	nan	0	0	0	0	0	0	nan	0	0	0	nan	nan	nan	nan	nan	nan
7	a	0	42532	0	nan	9	1	42532	0	0	0	nan	0	0	0	0	0	0	nan	0	0	0	nan	nan	nan	nan	nan	nan
8	g	0	42915	0	nan	9	1	42915	0	0	0	nan	0	0	0	0	0	0	nan	0	0	0	nan	nan	nan	nan	nan	nan
9	g	0	45658	0	nan	9	1	45658	0	0	0	nan	0	0	0	0	0	0	nan	0	0	0	nan	nan	nan	nan	nan	nan
10	g	0	258572	0	nan	10	1	258572	0	0	0	nan	0	0	0	0	0	0	nan	0	0	0	nan	nan	nan	nan	nan	nan
11	u	0	268518	0	nan	10	1	268518	0	0	0	nan	0	0	0	0	0	0	nan	0	0	0	nan	nan	nan	nan	nan	nan
12	g	0	268899	0	nan	10	1	268899	0	0	0	nan	0	0	0	0	0	0	nan	0	0	0	nan	nan	nan	nan	nan	nan
13	a	0	268926	0	nan	10	1	268926	0	0	0	nan	0	0	0	0	0	0	nan	0	0	0	nan	nan	nan	nan	nan	nan
14	a	0	268938	0	nan	10	1	268938	0	0	0	nan	0	0	0	0	0	0	nan	0	0	0	nan	nan	nan	nan	nan	nan
15	g	0	268999	0	nan	23	1	268999	0	0	0	nan	0	0	0	0	0	0	nan	0	0	0	nan	nan	nan	nan	nan	nan
16	u	0	269014	0	nan	23	1	269014	0	0	0	nan	0	0	0	0	0	0	nan	0	0	0	nan	nan	nan	nan	nan	nan
17	g	0	269038	0	nan	23	1	269038	0	0	0	nan	0	0	0	0	0	0	nan	0	0	0	nan	nan	nan	nan	nan	nan
18	u	0	269046	0	nan	23	1	269046	0	0	0	nan	0	0	0	0	0	0	nan	0	0	0	nan	nan	nan	nan	nan	nan
19	a	0	269152	0	nan	23	1	269152	0	0	0	nan	0	0	0	0	0	0	nan	0	0	0	nan	nan	nan	nan	nan	nan
20	A	0	269182	13	0.000000	23	1	269182	0	0	0	nan	0	0	0	0	0	0	nan	0	0	0	0.000000	0.000000	nan	nan	nan	nan
21	G	0	269264	44	0.000000	23	1	269264	0	0	0	nan	0	0	0	0	0	0	nan	0	0	0	0.000000	0.000000	nan	nan	nan	nan
22	G	0	269284	40	0.000000	23	1	269284	0	0	0	nan	0	0	0	0	0	0	nan	0	0	0	0.000000	0.000000	nan	nan	nan	nan
23	U	0	269311	258301	0.000000	23	1	269311	0	0	0	nan	0	0	0	0	0	0	nan	0	0	0	0.000000	0.000000	0.000000	0.000000	nan	nan
24	U	216	269332	265172	0.000815	23	1	269332	0	0	0	nan	0	0	0	0	0	0	nan	0	0	0	0.000815	0.000055	0.000815	0.000055	nan	nan
25	G	240	269349	264006	0.000909	23	1	269349	0	0	0	nan	0	0	0	0	0	0	nan	0	0	0	0.000909	0.000059	0.000909	0.000059	nan	nan
26	A	10685	269355	261860	0.040804	23	1	269355	0	0	0	nan	0	0	0	0	0	0	nan	0	0	0	0.040804	0.000395	0.040804	0.000395	1.019437	0.009869
27	A	11820	269362	259880	0.045483	23	1	269362	0	0	0	nan	0	0	0	0	0	0	nan	0	0	0	0.045483	0.000418	0.045483	0.000418	1.136336	0.010443
28	C	12707	269368	258187	0.049216	23	1	269366	0	0	0	nan	0	0	0	0	0	0	nan	0	0	0	0.049216	0.000437	0.049216	0.000437	1.087466	0.009656
29	U	182	269388	260791	0.000698	23	1	269386	0	0	0	nan	0	0	0	0	0	0	nan	0	0	0	0.000698	0.000052	0.000698	0.000052	nan	nan
30	U	144	269415	261716	0.000550	21	0	269404	0	0	0	nan	0	0	0	0	0	0	nan	0	0	0	0.000550	0.000046	0.000550	0.000046	nan	nan
31	U	242	269444	263150	0.000920	21	0	269433	0	0	0	nan	0	0	0	0	0	0	nan	0	0	0	0.000920	0.000059	0.000920	0.000059	nan	nan
32	U	241	269490	264547	0.000911	21	0	269479	0	0	0	nan	0	0	0	0	0	0	nan	0	0	0	0.000911	0.000059	0.000911	0.000059	nan	nan
33	G	321	269540	263332	0.001219	21	0	269529	0	0	0	nan	0	0	0	0	0	0	nan	0	0	0	0.001219	0.000068	0.001219	0.000068	nan	nan
34	A	8885	269565	262565	0.033839	21	0	269554	0	0	0	nan	0	0	0	0	0	0	nan	0	0	0	0.033839	0.000359	0.033839	0.000359	0.845425	0.008969
35	A	7887	269578	260667	0.030257	21	0	269567	0	0	0	nan	0	0	0	0	0	0	nan	0	0	0	0.030257	0.000341	0.030257	0.000341	0.755934	0.008519
36	U	209	269586	259835	0.000804	21	0	269575	0	0	0	nan	0	0	0	0	0	0	nan	0	0	0	0.000804	0.000056	0.000804	0.000056	nan	nan
37	A	14273	269596	261257	0.054632	21	1	269585	0	0	0	nan	0	0	0	0	0	0	nan	0	0	0	0.054632	0.000457	0.054632	0.000457	1.364913	0.011418
38	G	323	269629	261254	0.001236	21	1	269618	0	0	0	nan	0	0	0	0	0	0	nan	0	0	0	0.001236	0.000069	0.001236	0.000069	nan	nan
39	U	288	269642	264990	0.001087	21	1	269631	0	0	0	nan	0	0	0	0	0	0	nan	0	0	0	0.001087	0.000064	0.001087	0.000064	nan	nan
40	G	426	269673	262518	0.001623	21	1	269660	0	0	0	nan	0	0	0	0	0	0	nan	0	0	0	0.001623	0.000079	0.001623	0.000079	nan	nan
41	A	9541	269709	262952	0.036284	21	1	269698	0	0	0	nan	0	0	0	0	0	0	nan	0	0	0	0.036284	0.000371	0.036284	0.000371	0.906511	0.009269
42	U	219	269774	261808	0.000836	17	1	269767	0	0	0	nan	0	0	0	0	0	0	nan	0	0	0	0.000836	0.000057	0.000836	0.000057	nan	nan
43	U	213	269801	262101	0.000813	17	1	269795	0	0	0	nan	0	0	0	0	0	0	nan	0	0	0	0.000813	0.000056	0.000813	0.000056	nan	nan
44	C	8701	269822	260649	0.033382	17	1	269816	0	0	0	nan	0	0	0	0	0	0	nan	0	0	0	0.033382	0.000358	0.033382	0.000358	0.737602	0.007910
45	A	9212	269867	262044	0.035154	17	1	269861	0	0	0	nan	0	0	0	0	0	0	nan	0	0	0	0.035154	0.000366	0.035154	0.000366	0.878279	0.009144
46	G	299	269914	263579	0.001134	17	1	269910	0	0	0	nan	0	0	0	0	0	0	nan	0	0	0	0.001134	0.000066	0.001134	0.000066	nan	nan
47	G	283	269932	263196	0.001075	17	1	269928	0	0	0	nan	0	0	0	0	0	0	nan	0	0	0	0.001075	0.000064	0.001075	0.000064	nan	nan
48	A	7814	269947	257740	0.030317	18	1	269943	0	0	0	nan	0	0	0	0	0	0	nan	0	0	0	0.030317	0.000343	0.030317	0.000343	0.757433	0.008569
49	G	312	270051	257578	0.001211	18	1	270049	0	0	0	nan	0	0	0	0	0	0	nan	0	0	0	0.001211	0.000069	0.001211	0.000069	nan	nan
50	G	390	270079	258909	0.001506	18	1	270077	0	0	0	nan	0	0	0	0	0	0	nan	0	0	0	0.001506	0.000076	0.001506	0.000076	nan	nan
51	U	168	270089	258712	0.000649	18	1	270088	0	0	0	nan	0	0	0	0	0	0	nan	0	0	0	0.000649	0.000050	0.000649	0.000050	nan	nan
52	U	237	270097	262902	0.000901	18	1	270096	0	0	0	nan	0	0	0	0	0	0	nan	0	0	0	0.000901	0.000059	0.000901	0.000059	nan	nan
53	A	9891	270100	262417	0.037692	18	1	270099	0	0	0	nan	0	0	0	0	0	0	nan	0	0	0	0.037692	0.000379	0.037692	0.000379	0.941688	0.009469
54	A	8572	270096	263797	0.032495	18	1	270093	0	0	0	nan	0	0	0	0	0	0	nan	0	0	0	0.032495	0.000351	0.032495	0.000351	0.811847	0.008769
55	U	308	270100	265657	0.001159	18	1	270098	0	0	0	nan	0	0	0	0	0	0	nan	0	0	0	0.001159	0.000066	0.001159	0.000066	nan	nan
56	G	399	270113	266604	0.001497	18	1	270112	0	0	0	nan	0	0	0	0	0	0	nan	0	0	0	0.001497	0.000075	0.001497	0.000075	nan	nan
57	G	0	270117	264616	0.000000	18	1	270116	0	0	0	nan	0	0	0	0	0	0	nan	0	0	0	0.000000	0.000000	0.000000	0.000000	nan	nan
58	A	0	270119	0	nan	18	1	270119	0	0	0	nan	0	0	0	0	0	0	nan	0	0	0	nan	nan	nan	nan	nan	nan
59	A	0	270119	0	nan	18	1	270119	0	0	0	nan	0	0	0	0	0	0	nan	0	0	0	nan	nan	nan	nan	nan	nan
60	G	0	270119	0	nan	18	1	270119	0	0	0	nan	0	0	0	0	0	0	nan	0	0	0	nan	nan	nan	nan	nan	nan
61	u	0	270119	0	nan	18	1	270119	0	0	0	nan	0	0	0	0	0	0	nan	0	0	0	nan	nan	nan	nan	nan	nan
62	a	0	270119	0	nan	18	1	270119	0	0	0	nan	0	0	0	0	0	0	nan	0	0	0	nan	nan	nan	nan	nan	nan
63	a	0	270119	0	nan	18	1	270119	0	0	0	nan	0	0	0	0	0	0	nan	0	0	0	nan	nan	nan	nan	nan	nan
64	a	0	270119	0	nan	18	1	270119	0	0	0	nan	0	0	0	0	0	0	nan	0	0	0	nan	nan	nan	nan	nan	nan
65	g	0	270119	0	nan	18	1	270119	0	0	0	nan	0	0	0	0	0	0	nan	0	0	0	nan	nan	nan	nan	nan	nan
66	g	0	270119	0	nan	18	1	270119	0	0	0	nan	0	0	0	0	0	0	nan	0	0	0	nan	nan	nan	nan	nan	nan
67	u	0	270119	0	nan	17	1	270119	0	0	0	nan	0	0	0	0	0	0	nan	0	0	0	nan	nan	nan	nan	nan	nan
68	a	0	270119	0	nan	14	1	270119	0	0	0	nan	0	0	0	0	0	0	nan	0	0	0	nan	nan	nan	nan	nan	nan
69	a	0	270119	0	nan	14	1	270119	0	0	0	nan	0	0	0	0	0	0	nan	0	0	0	nan	nan	nan	nan	nan	nan
70	u	0	270119	0	nan	14	1	270119	0	0	0	nan	0	0	0	0	0	0	nan	0	0	0	nan	nan	nan	nan	nan	nan
71	g	0	270119	0	nan	14	1	270119	0	0	0	nan	0	0	0	0	0	0	nan	0	0	0	nan	nan	nan	nan	nan	nan
72	a	0	270117	0	nan	14	1	270117	0	0	0	nan	0	0	0	0	0	0	nan	0	0	0	nan	nan	nan	nan	nan	nan
73	a	0	270117	0	nan	14	1	270117	0	0	0	nan	0	0	0	0	0	0	nan	0	0	0	nan	nan	nan	nan	nan	nan
74	g	0	270117	0	nan	14	1	270117	0	0	0	nan	0	0	0	0	0	0	nan	0	0	0	nan	nan	nan	nan	nan	nan
75	g	0	270117	0	nan	14	1	270117	0	0	0	nan	0	0	0	0	0	0	nan	0	0	0	nan	nan	nan	nan	nan	nan
76	u	0	270115	0	nan	14	1	270115	0	0	0	nan	0	0	0	0	0	0	nan	0	0	0	nan	nan	nan	nan	nan	nan
77	g	0	270110	0	nan	14	1	270110	0	0	0	nan	0	0	0	0	0	0	nan	0	0	0	nan	nan	nan	nan	nan	nan
78	a	0	270100	0	nan	14	1	270100	0	0	0	nan	0	0	0	0	0	0	nan	0	0	0	nan	nan	nan	nan	nan	nan
79	a	0	270073	0	nan	14	1	270073	0	0	0	nan	0	0	0	0	0	0	nan	0	0	0	nan	nan	nan	nan	nan	nan
80	g	0	269915	0	nan	14	1	269915	0	0	0	nan	0	0	0	0	0	0	nan	0	0	0	nan	nan	nan	nan	nan	nan