Nucleotide	Sequence	Modified_mutations	Modified_read_depth	Modified_effective_depth	Modified_rate	Modified_off_target_mapped_depth	Modified_low_mapq_mapped_depth	Modified_primer_pair_1_mapped_depth	Untreated_mutations	Untreated_read_depth	Untreated_effective_depth	Untreated_rate	Untreated_off_target_mapped_depth	Untreated_low_mapq_mapped_depth	Untreated_primer_pair_1_mapped_depth	Denatured_mutations	Denatured_read_depth	Denatured_effective_depth	Denatured_rate	Denatured_off_target_mapped_depth	Denatured_low_mapq_mapped_depth	Denatured_primer_pair_1_mapped_depth	Reactivity_profile	Std_err	HQ_profile	HQ_stderr	Norm_profile	Norm_stderr
1	g	0	4881504	0	nan	18	513	4881504	0	0	0	nan	0	0	0	0	0	0	nan	0	0	0	nan	nan	nan	nan	nan	nan
2	g	0	4990989	0	nan	18	514	4990989	0	0	0	nan	0	0	0	0	0	0	nan	0	0	0	nan	nan	nan	nan	nan	nan
3	u	0	5028646	0	nan	18	518	5028646	0	0	0	nan	0	0	0	0	0	0	nan	0	0	0	nan	nan	nan	nan	nan	nan
4	g	0	5040452	0	nan	18	535	5040452	0	0	0	nan	0	0	0	0	0	0	nan	0	0	0	nan	nan	nan	nan	nan	nan
5	u	0	5047245	0	nan	18	541	5047245	0	0	0	nan	0	0	0	0	0	0	nan	0	0	0	nan	nan	nan	nan	nan	nan
6	a	0	5056765	0	nan	18	622	5056765	0	0	0	nan	0	0	0	0	0	0	nan	0	0	0	nan	nan	nan	nan	nan	nan
7	a	0	5060688	0	nan	18	622	5060688	0	0	0	nan	0	0	0	0	0	0	nan	0	0	0	nan	nan	nan	nan	nan	nan
8	g	0	5062720	0	nan	18	624	5062720	0	0	0	nan	0	0	0	0	0	0	nan	0	0	0	nan	nan	nan	nan	nan	nan
9	g	0	5065588	0	nan	18	624	5065588	0	0	0	nan	0	0	0	0	0	0	nan	0	0	0	nan	nan	nan	nan	nan	nan
10	g	0	5069706	0	nan	18	629	5069706	0	0	0	nan	0	0	0	0	0	0	nan	0	0	0	nan	nan	nan	nan	nan	nan
11	u	0	5077308	0	nan	18	630	5077308	0	0	0	nan	0	0	0	0	0	0	nan	0	0	0	nan	nan	nan	nan	nan	nan
12	g	0	5096578	0	nan	93	664	5096578	0	0	0	nan	0	0	0	0	0	0	nan	0	0	0	nan	nan	nan	nan	nan	nan
13	a	0	5119478	0	nan	96	666	5119478	0	0	0	nan	0	0	0	0	0	0	nan	0	0	0	nan	nan	nan	nan	nan	nan
14	a	0	5146482	0	nan	125	667	5146482	0	0	0	nan	0	0	0	0	0	0	nan	0	0	0	nan	nan	nan	nan	nan	nan
15	g	0	5169409	0	nan	198	667	5169409	0	0	0	nan	0	0	0	0	0	0	nan	0	0	0	nan	nan	nan	nan	nan	nan
16	u	0	5188909	0	nan	199	667	5188909	0	0	0	nan	0	0	0	0	0	0	nan	0	0	0	nan	nan	nan	nan	nan	nan
17	g	0	5197840	0	nan	204	670	5197840	0	0	0	nan	0	0	0	0	0	0	nan	0	0	0	nan	nan	nan	nan	nan	nan
18	u	0	5203191	0	nan	206	671	5203191	0	0	0	nan	0	0	0	0	0	0	nan	0	0	0	nan	nan	nan	nan	nan	nan
19	a	0	5207306	0	nan	206	686	5207306	0	0	0	nan	0	0	0	0	0	0	nan	0	0	0	nan	nan	nan	nan	nan	nan
20	A	0	5209000	372	0.000000	206	686	5209000	0	0	0	nan	0	0	0	0	0	0	nan	0	0	0	0.000000	0.000000	nan	nan	nan	nan
21	G	0	5209763	406	0.000000	206	686	5209763	0	0	0	nan	0	0	0	0	0	0	nan	0	0	0	0.000000	0.000000	nan	nan	nan	nan
22	G	0	5210884	691	0.000000	206	686	5210884	0	0	0	nan	0	0	0	0	0	0	nan	0	0	0	0.000000	0.000000	nan	nan	nan	nan
23	U	0	5213265	4255117	0.000000	206	686	5213265	0	0	0	nan	0	0	0	0	0	0	nan	0	0	0	0.000000	0.000000	0.000000	0.000000	0.000000	0.000000
24	U	19389	5214618	4235460	0.004578	206	686	5214618	0	0	0	nan	0	0	0	0	0	0	nan	0	0	0	0.004578	0.000033	0.004578	0.000033	0.861498	0.006210
25	G	3504	5222042	4264293	0.000822	206	686	5222042	0	0	0	nan	0	0	0	0	0	0	nan	0	0	0	0.000822	0.000014	0.000822	0.000014	0.161636	0.002753
26	A	3909	5251363	4568384	0.000856	206	686	5251341	0	0	0	nan	0	0	0	0	0	0	nan	0	0	0	0.000856	0.000014	0.000856	0.000014	nan	nan
27	C	23501	5258950	4454083	0.005276	206	686	5258912	0	0	0	nan	0	0	0	0	0	0	nan	0	0	0	0.005276	0.000034	0.005276	0.000034	0.744042	0.004795
28	C	38150	5259991	4283693	0.008906	206	686	5259904	0	0	0	nan	0	0	0	0	0	0	nan	0	0	0	0.008906	0.000046	0.008906	0.000046	1.255958	0.006487
29	U	13199	5264228	4172769	0.003163	206	686	5264132	0	0	0	nan	0	0	0	0	0	0	nan	0	0	0	0.003163	0.000028	0.003163	0.000028	0.595220	0.005269
30	U	8013	5270150	4239358	0.001890	206	686	5270044	0	0	0	nan	0	0	0	0	0	0	nan	0	0	0	0.001890	0.000021	0.001890	0.000021	0.355664	0.003952
31	U	6843	5277258	4245037	0.001612	206	686	5277126	0	0	0	nan	0	0	0	0	0	0	nan	0	0	0	0.001612	0.000019	0.001612	0.000019	0.303350	0.003575
32	U	23638	5284123	4448333	0.005314	206	686	5283980	0	0	0	nan	0	0	0	0	0	0	nan	0	0	0	0.005314	0.000035	0.005314	0.000035	1.000000	0.006586
33	G	1470	5343485	4597070	0.000320	206	686	5343333	0	0	0	nan	0	0	0	0	0	0	nan	0	0	0	0.000320	0.000008	0.000320	0.000008	0.062924	0.001573
34	A	1920	5377821	5022779	0.000382	206	686	5377697	0	0	0	nan	0	0	0	0	0	0	nan	0	0	0	0.000382	0.000009	0.000382	0.000009	nan	nan
35	A	6848	5388857	4961261	0.001380	206	686	5388732	0	0	0	nan	0	0	0	0	0	0	nan	0	0	0	0.001380	0.000017	0.001380	0.000017	nan	nan
36	U	3565	5390176	4888788	0.000729	206	686	5390047	0	0	0	nan	0	0	0	0	0	0	nan	0	0	0	0.000729	0.000012	0.000729	0.000012	0.137185	0.002258
37	A	7985	5392642	4517446	0.001768	206	686	5392504	0	0	0	nan	0	0	0	0	0	0	nan	0	0	0	0.001768	0.000020	0.001768	0.000020	nan	nan
38	G	10730	5393016	4456137	0.002408	211	686	5392875	0	0	0	nan	0	0	0	0	0	0	nan	0	0	0	0.002408	0.000023	0.002408	0.000023	0.473503	0.004523
39	U	6652	5394514	4434628	0.001500	212	686	5394373	0	0	0	nan	0	0	0	0	0	0	nan	0	0	0	0.001500	0.000018	0.001500	0.000018	0.282273	0.003387
40	G	4270	5397921	4656154	0.000917	214	686	5397777	0	0	0	nan	0	0	0	0	0	0	nan	0	0	0	0.000917	0.000014	0.000917	0.000014	0.180317	0.002753
41	A	10349	5409223	4629829	0.002235	214	686	5409084	0	0	0	nan	0	0	0	0	0	0	nan	0	0	0	0.002235	0.000022	0.002235	0.000022	nan	nan
42	U	22361	5411392	4485774	0.004985	215	686	5411253	0	0	0	nan	0	0	0	0	0	0	nan	0	0	0	0.004985	0.000033	0.004985	0.000033	0.938088	0.006210
43	U	10278	5415908	4436453	0.002317	217	686	5415769	0	0	0	nan	0	0	0	0	0	0	nan	0	0	0	0.002317	0.000023	0.002317	0.000023	0.436018	0.004328
44	C	7438	5425608	4492608	0.001656	217	686	5425467	0	0	0	nan	0	0	0	0	0	0	nan	0	0	0	0.001656	0.000019	0.001656	0.000019	0.233535	0.002679
45	A	6004	5432853	4563620	0.001316	215	686	5432695	0	0	0	nan	0	0	0	0	0	0	nan	0	0	0	0.001316	0.000017	0.001316	0.000017	nan	nan
46	G	2697	5438566	4439622	0.000607	213	686	5438424	0	0	0	nan	0	0	0	0	0	0	nan	0	0	0	0.000607	0.000012	0.000607	0.000012	0.119359	0.002360
47	G	10106	5451187	4531245	0.002230	210	686	5451045	0	0	0	nan	0	0	0	0	0	0	nan	0	0	0	0.002230	0.000022	0.002230	0.000022	0.438502	0.004326
48	A	2182	5468350	4339051	0.000503	210	686	5468219	0	0	0	nan	0	0	0	0	0	0	nan	0	0	0	0.000503	0.000011	0.000503	0.000011	nan	nan
49	G	34219	5471394	4408233	0.007763	211	686	5471275	0	0	0	nan	0	0	0	0	0	0	nan	0	0	0	0.007763	0.000042	0.007763	0.000042	1.526497	0.008259
50	G	912	5483849	4230694	0.000216	212	686	5483755	0	0	0	nan	0	0	0	0	0	0	nan	0	0	0	0.000216	0.000007	0.000216	0.000007	0.042474	0.001376
51	U	30904	5491753	4450520	0.006944	212	686	5491685	0	0	0	nan	0	0	0	0	0	0	nan	0	0	0	0.006944	0.000039	0.006944	0.000039	1.306737	0.007339
52	U	19498	5505899	4538438	0.004296	214	686	5505848	0	0	0	nan	0	0	0	0	0	0	nan	0	0	0	0.004296	0.000031	0.004296	0.000031	0.808431	0.005834
53	A	2169	5518862	4909611	0.000442	214	686	5518823	0	0	0	nan	0	0	0	0	0	0	nan	0	0	0	0.000442	0.000009	0.000442	0.000009	nan	nan
54	A	2582	5526156	4959097	0.000521	214	686	5526123	0	0	0	nan	0	0	0	0	0	0	nan	0	0	0	0.000521	0.000010	0.000521	0.000010	nan	nan
55	U	21964	5527525	4899849	0.004483	214	686	5527497	0	0	0	nan	0	0	0	0	0	0	nan	0	0	0	0.004483	0.000030	0.004483	0.000030	0.843621	0.005645
56	G	2428	5530130	4731988	0.000513	213	686	5530104	0	0	0	nan	0	0	0	0	0	0	nan	0	0	0	0.000513	0.000010	0.000513	0.000010	0.100875	0.001966
57	G	0	5531652	4956568	0.000000	212	686	5531644	0	0	0	nan	0	0	0	0	0	0	nan	0	0	0	0.000000	0.000000	0.000000	0.000000	0.000000	0.000000
58	A	0	5533648	76	0.000000	211	686	5533648	0	0	0	nan	0	0	0	0	0	0	nan	0	0	0	0.000000	0.000000	nan	nan	nan	nan
59	A	0	5533575	96	0.000000	211	686	5533575	0	0	0	nan	0	0	0	0	0	0	nan	0	0	0	0.000000	0.000000	nan	nan	nan	nan
60	G	0	5533472	52	0.000000	210	686	5533472	0	0	0	nan	0	0	0	0	0	0	nan	0	0	0	0.000000	0.000000	nan	nan	nan	nan
61	u	0	5533367	0	nan	210	686	5533367	0	0	0	nan	0	0	0	0	0	0	nan	0	0	0	nan	nan	nan	nan	nan	nan
62	a	0	5533168	0	nan	206	686	5533168	0	0	0	nan	0	0	0	0	0	0	nan	0	0	0	nan	nan	nan	nan	nan	nan
63	a	0	5533047	0	nan	204	686	5533047	0	0	0	nan	0	0	0	0	0	0	nan	0	0	0	nan	nan	nan	nan	nan	nan
64	a	0	5532994	0	nan	203	686	5532994	0	0	0	nan	0	0	0	0	0	0	nan	0	0	0	nan	nan	nan	nan	nan	nan
65	g	0	5532941	0	nan	199	615	5532941	0	0	0	nan	0	0	0	0	0	0	nan	0	0	0	nan	nan	nan	nan	nan	nan
66	g	0	5532926	0	nan	192	607	5532926	0	0	0	nan	0	0	0	0	0	0	nan	0	0	0	nan	nan	nan	nan	nan	nan
67	u	0	5532914	0	nan	190	606	5532914	0	0	0	nan	0	0	0	0	0	0	nan	0	0	0	nan	nan	nan	nan	nan	nan
68	a	0	5532892	0	nan	189	590	5532892	0	0	0	nan	0	0	0	0	0	0	nan	0	0	0	nan	nan	nan	nan	nan	nan
69	a	0	5532874	0	nan	188	589	5532874	0	0	0	nan	0	0	0	0	0	0	nan	0	0	0	nan	nan	nan	nan	nan	nan
70	u	0	5532839	0	nan	185	583	5532839	0	0	0	nan	0	0	0	0	0	0	nan	0	0	0	nan	nan	nan	nan	nan	nan
71	g	0	5532727	0	nan	184	578	5532727	0	0	0	nan	0	0	0	0	0	0	nan	0	0	0	nan	nan	nan	nan	nan	nan
72	a	0	5532590	0	nan	170	578	5532590	0	0	0	nan	0	0	0	0	0	0	nan	0	0	0	nan	nan	nan	nan	nan	nan
73	a	0	5532546	0	nan	169	577	5532546	0	0	0	nan	0	0	0	0	0	0	nan	0	0	0	nan	nan	nan	nan	nan	nan
74	g	0	5532495	0	nan	169	575	5532495	0	0	0	nan	0	0	0	0	0	0	nan	0	0	0	nan	nan	nan	nan	nan	nan
75	g	0	5532430	0	nan	166	570	5532430	0	0	0	nan	0	0	0	0	0	0	nan	0	0	0	nan	nan	nan	nan	nan	nan
76	u	0	5532330	0	nan	163	570	5532330	0	0	0	nan	0	0	0	0	0	0	nan	0	0	0	nan	nan	nan	nan	nan	nan
77	g	0	5532229	0	nan	163	566	5532229	0	0	0	nan	0	0	0	0	0	0	nan	0	0	0	nan	nan	nan	nan	nan	nan
78	a	0	5532099	0	nan	147	565	5532099	0	0	0	nan	0	0	0	0	0	0	nan	0	0	0	nan	nan	nan	nan	nan	nan
79	a	0	5528634	0	nan	142	554	5528634	0	0	0	nan	0	0	0	0	0	0	nan	0	0	0	nan	nan	nan	nan	nan	nan
80	g	0	5526253	0	nan	140	551	5526253	0	0	0	nan	0	0	0	0	0	0	nan	0	0	0	nan	nan	nan	nan	nan	nan