Nucleotide	Sequence	Modified_mutations	Modified_read_depth	Modified_effective_depth	Modified_rate	Modified_off_target_mapped_depth	Modified_low_mapq_mapped_depth	Modified_primer_pair_1_mapped_depth	Untreated_mutations	Untreated_read_depth	Untreated_effective_depth	Untreated_rate	Untreated_off_target_mapped_depth	Untreated_low_mapq_mapped_depth	Untreated_primer_pair_1_mapped_depth	Denatured_mutations	Denatured_read_depth	Denatured_effective_depth	Denatured_rate	Denatured_off_target_mapped_depth	Denatured_low_mapq_mapped_depth	Denatured_primer_pair_1_mapped_depth	Reactivity_profile	Std_err	HQ_profile	HQ_stderr	Norm_profile	Norm_stderr
1	g	0	324499	0	nan	3	2	324499	0	0	0	nan	0	0	0	0	0	0	nan	0	0	0	nan	nan	nan	nan	nan	nan
2	g	0	324975	0	nan	3	2	324975	0	0	0	nan	0	0	0	0	0	0	nan	0	0	0	nan	nan	nan	nan	nan	nan
3	u	0	325144	0	nan	3	2	325144	0	0	0	nan	0	0	0	0	0	0	nan	0	0	0	nan	nan	nan	nan	nan	nan
4	g	0	325226	0	nan	3	2	325226	0	0	0	nan	0	0	0	0	0	0	nan	0	0	0	nan	nan	nan	nan	nan	nan
5	u	0	325359	0	nan	3	2	325359	0	0	0	nan	0	0	0	0	0	0	nan	0	0	0	nan	nan	nan	nan	nan	nan
6	a	0	325399	0	nan	3	2	325399	0	0	0	nan	0	0	0	0	0	0	nan	0	0	0	nan	nan	nan	nan	nan	nan
7	a	0	325455	0	nan	3	2	325455	0	0	0	nan	0	0	0	0	0	0	nan	0	0	0	nan	nan	nan	nan	nan	nan
8	g	0	325467	0	nan	3	2	325467	0	0	0	nan	0	0	0	0	0	0	nan	0	0	0	nan	nan	nan	nan	nan	nan
9	g	0	325525	0	nan	3	2	325525	0	0	0	nan	0	0	0	0	0	0	nan	0	0	0	nan	nan	nan	nan	nan	nan
10	g	0	334741	0	nan	3	2	334741	0	0	0	nan	0	0	0	0	0	0	nan	0	0	0	nan	nan	nan	nan	nan	nan
11	u	0	334865	0	nan	3	2	334865	0	0	0	nan	0	0	0	0	0	0	nan	0	0	0	nan	nan	nan	nan	nan	nan
12	g	0	335003	0	nan	5	2	335003	0	0	0	nan	0	0	0	0	0	0	nan	0	0	0	nan	nan	nan	nan	nan	nan
13	a	0	335017	0	nan	47	2	335017	0	0	0	nan	0	0	0	0	0	0	nan	0	0	0	nan	nan	nan	nan	nan	nan
14	a	0	335023	0	nan	102	2	335023	0	0	0	nan	0	0	0	0	0	0	nan	0	0	0	nan	nan	nan	nan	nan	nan
15	g	0	335026	0	nan	145	2	335026	0	0	0	nan	0	0	0	0	0	0	nan	0	0	0	nan	nan	nan	nan	nan	nan
16	u	0	335088	0	nan	153	2	335088	0	0	0	nan	0	0	0	0	0	0	nan	0	0	0	nan	nan	nan	nan	nan	nan
17	g	0	335120	0	nan	153	2	335120	0	0	0	nan	0	0	0	0	0	0	nan	0	0	0	nan	nan	nan	nan	nan	nan
18	u	0	335193	0	nan	159	2	335193	0	0	0	nan	0	0	0	0	0	0	nan	0	0	0	nan	nan	nan	nan	nan	nan
19	a	0	335277	0	nan	217	2	335277	0	0	0	nan	0	0	0	0	0	0	nan	0	0	0	nan	nan	nan	nan	nan	nan
20	A	0	335326	42	0.000000	263	2	335326	0	0	0	nan	0	0	0	0	0	0	nan	0	0	0	0.000000	0.000000	nan	nan	nan	nan
21	G	0	335369	70	0.000000	271	2	335369	0	0	0	nan	0	0	0	0	0	0	nan	0	0	0	0.000000	0.000000	nan	nan	nan	nan
22	G	0	335396	63	0.000000	277	2	335396	0	0	0	nan	0	0	0	0	0	0	nan	0	0	0	0.000000	0.000000	nan	nan	nan	nan
23	U	0	335450	334242	0.000000	329	2	335450	0	0	0	nan	0	0	0	0	0	0	nan	0	0	0	0.000000	0.000000	0.000000	0.000000	nan	nan
24	U	329	335476	333929	0.000985	330	2	335476	0	0	0	nan	0	0	0	0	0	0	nan	0	0	0	0.000985	0.000054	0.000985	0.000054	nan	nan
25	G	217	335485	333545	0.000651	330	2	335485	0	0	0	nan	0	0	0	0	0	0	nan	0	0	0	0.000651	0.000044	0.000651	0.000044	nan	nan
26	A	833	335499	332210	0.002507	333	2	335489	0	0	0	nan	0	0	0	0	0	0	nan	0	0	0	0.002507	0.000087	0.002507	0.000087	0.851490	0.029549
27	A	1026	335523	332045	0.003090	361	2	335510	0	0	0	nan	0	0	0	0	0	0	nan	0	0	0	0.003090	0.000096	0.003090	0.000096	1.049503	0.032606
28	C	675	335560	331859	0.002034	379	2	335546	0	0	0	nan	0	0	0	0	0	0	nan	0	0	0	0.002034	0.000078	0.002034	0.000078	0.895641	0.034346
29	U	304	335590	333247	0.000912	393	2	335573	0	0	0	nan	0	0	0	0	0	0	nan	0	0	0	0.000912	0.000052	0.000912	0.000052	nan	nan
30	U	358	335635	333572	0.001073	393	2	335612	0	0	0	nan	0	0	0	0	0	0	nan	0	0	0	0.001073	0.000057	0.001073	0.000057	nan	nan
31	U	478	335699	333935	0.001431	395	2	335673	0	0	0	nan	0	0	0	0	0	0	nan	0	0	0	0.001431	0.000065	0.001431	0.000065	nan	nan
32	U	300	335811	334344	0.000897	417	2	335782	0	0	0	nan	0	0	0	0	0	0	nan	0	0	0	0.000897	0.000052	0.000897	0.000052	nan	nan
33	G	273	335913	334132	0.000817	421	2	335886	0	0	0	nan	0	0	0	0	0	0	nan	0	0	0	0.000817	0.000049	0.000817	0.000049	nan	nan
34	A	515	335971	334481	0.001540	426	2	335946	0	0	0	nan	0	0	0	0	0	0	nan	0	0	0	0.001540	0.000068	0.001540	0.000068	0.523053	0.023096
35	A	455	336017	334264	0.001361	453	2	335995	0	0	0	nan	0	0	0	0	0	0	nan	0	0	0	0.001361	0.000064	0.001361	0.000064	0.462257	0.021737
36	U	206	336059	334313	0.000616	453	2	336035	0	0	0	nan	0	0	0	0	0	0	nan	0	0	0	0.000616	0.000043	0.000616	0.000043	nan	nan
37	A	1086	336091	334448	0.003247	507	2	336067	0	0	0	nan	0	0	0	0	0	0	nan	0	0	0	0.003247	0.000099	0.003247	0.000099	1.102828	0.033625
38	G	263	336189	334262	0.000787	507	2	336163	0	0	0	nan	0	0	0	0	0	0	nan	0	0	0	0.000787	0.000049	0.000787	0.000049	nan	nan
39	U	323	336254	335048	0.000964	510	2	336228	0	0	0	nan	0	0	0	0	0	0	nan	0	0	0	0.000964	0.000054	0.000964	0.000054	nan	nan
40	G	331	336290	334581	0.000989	510	2	336264	0	0	0	nan	0	0	0	0	0	0	nan	0	0	0	0.000989	0.000054	0.000989	0.000054	nan	nan
41	A	1106	336376	334834	0.003303	525	2	336352	0	0	0	nan	0	0	0	0	0	0	nan	0	0	0	0.003303	0.000099	0.003303	0.000099	1.121848	0.033625
42	U	527	336438	334568	0.001575	560	2	336415	0	0	0	nan	0	0	0	0	0	0	nan	0	0	0	0.001575	0.000069	0.001575	0.000069	nan	nan
43	U	436	336511	334780	0.001302	560	2	336494	0	0	0	nan	0	0	0	0	0	0	nan	0	0	0	0.001302	0.000062	0.001302	0.000062	nan	nan
44	C	787	336557	334947	0.002350	560	2	336544	0	0	0	nan	0	0	0	0	0	0	nan	0	0	0	0.002350	0.000084	0.002350	0.000084	1.034786	0.036988
45	A	616	336635	335367	0.001837	560	2	336630	0	0	0	nan	0	0	0	0	0	0	nan	0	0	0	0.001837	0.000074	0.001837	0.000074	0.623928	0.025134
46	G	254	336703	335472	0.000757	560	2	336700	0	0	0	nan	0	0	0	0	0	0	nan	0	0	0	0.000757	0.000048	0.000757	0.000048	nan	nan
47	G	254	336738	335532	0.000757	560	2	336734	0	0	0	nan	0	0	0	0	0	0	nan	0	0	0	0.000757	0.000047	0.000757	0.000047	nan	nan
48	A	584	336747	335739	0.001739	583	2	336743	0	0	0	nan	0	0	0	0	0	0	nan	0	0	0	0.001739	0.000072	0.001739	0.000072	0.590643	0.024454
49	G	202	336776	335556	0.000602	582	2	336773	0	0	0	nan	0	0	0	0	0	0	nan	0	0	0	0.000602	0.000042	0.000602	0.000042	nan	nan
50	G	254	336787	335230	0.000758	583	2	336784	0	0	0	nan	0	0	0	0	0	0	nan	0	0	0	0.000758	0.000048	0.000758	0.000048	nan	nan
51	U	355	336805	335312	0.001059	602	2	336803	0	0	0	nan	0	0	0	0	0	0	nan	0	0	0	0.001059	0.000056	0.001059	0.000056	nan	nan
52	U	259	336818	335143	0.000773	602	2	336818	0	0	0	nan	0	0	0	0	0	0	nan	0	0	0	0.000773	0.000048	0.000773	0.000048	nan	nan
53	A	703	336849	335363	0.002096	641	2	336849	0	0	0	nan	0	0	0	0	0	0	nan	0	0	0	0.002096	0.000079	0.002096	0.000079	0.711896	0.026832
54	A	676	336753	335047	0.002018	641	2	336748	0	0	0	nan	0	0	0	0	0	0	nan	0	0	0	0.002018	0.000078	0.002018	0.000078	0.685404	0.026492
55	U	289	336758	335060	0.000863	642	2	336754	0	0	0	nan	0	0	0	0	0	0	nan	0	0	0	0.000863	0.000051	0.000863	0.000051	nan	nan
56	G	320	336762	335101	0.000955	640	2	336759	0	0	0	nan	0	0	0	0	0	0	nan	0	0	0	0.000955	0.000053	0.000955	0.000053	nan	nan
57	G	0	336765	334828	0.000000	640	2	336764	0	0	0	nan	0	0	0	0	0	0	nan	0	0	0	0.000000	0.000000	0.000000	0.000000	nan	nan
58	A	0	336771	0	nan	640	2	336771	0	0	0	nan	0	0	0	0	0	0	nan	0	0	0	nan	nan	nan	nan	nan	nan
59	A	0	336771	0	nan	640	2	336771	0	0	0	nan	0	0	0	0	0	0	nan	0	0	0	nan	nan	nan	nan	nan	nan
60	G	0	336771	0	nan	640	2	336771	0	0	0	nan	0	0	0	0	0	0	nan	0	0	0	nan	nan	nan	nan	nan	nan
61	u	0	336771	0	nan	640	2	336771	0	0	0	nan	0	0	0	0	0	0	nan	0	0	0	nan	nan	nan	nan	nan	nan
62	a	0	336771	0	nan	640	2	336771	0	0	0	nan	0	0	0	0	0	0	nan	0	0	0	nan	nan	nan	nan	nan	nan
63	a	0	336771	0	nan	640	2	336771	0	0	0	nan	0	0	0	0	0	0	nan	0	0	0	nan	nan	nan	nan	nan	nan
64	a	0	336771	0	nan	640	2	336771	0	0	0	nan	0	0	0	0	0	0	nan	0	0	0	nan	nan	nan	nan	nan	nan
65	g	0	336771	0	nan	640	2	336771	0	0	0	nan	0	0	0	0	0	0	nan	0	0	0	nan	nan	nan	nan	nan	nan
66	g	0	336771	0	nan	640	2	336771	0	0	0	nan	0	0	0	0	0	0	nan	0	0	0	nan	nan	nan	nan	nan	nan
67	u	0	336771	0	nan	638	2	336771	0	0	0	nan	0	0	0	0	0	0	nan	0	0	0	nan	nan	nan	nan	nan	nan
68	a	0	336771	0	nan	636	2	336771	0	0	0	nan	0	0	0	0	0	0	nan	0	0	0	nan	nan	nan	nan	nan	nan
69	a	0	336771	0	nan	635	2	336771	0	0	0	nan	0	0	0	0	0	0	nan	0	0	0	nan	nan	nan	nan	nan	nan
70	u	0	336771	0	nan	634	2	336771	0	0	0	nan	0	0	0	0	0	0	nan	0	0	0	nan	nan	nan	nan	nan	nan
71	g	0	336767	0	nan	634	2	336767	0	0	0	nan	0	0	0	0	0	0	nan	0	0	0	nan	nan	nan	nan	nan	nan
72	a	0	336767	0	nan	634	2	336767	0	0	0	nan	0	0	0	0	0	0	nan	0	0	0	nan	nan	nan	nan	nan	nan
73	a	0	336759	0	nan	634	2	336759	0	0	0	nan	0	0	0	0	0	0	nan	0	0	0	nan	nan	nan	nan	nan	nan
74	g	0	336756	0	nan	634	2	336756	0	0	0	nan	0	0	0	0	0	0	nan	0	0	0	nan	nan	nan	nan	nan	nan
75	g	0	336745	0	nan	634	2	336745	0	0	0	nan	0	0	0	0	0	0	nan	0	0	0	nan	nan	nan	nan	nan	nan
76	u	0	336732	0	nan	634	2	336732	0	0	0	nan	0	0	0	0	0	0	nan	0	0	0	nan	nan	nan	nan	nan	nan
77	g	0	336720	0	nan	634	2	336720	0	0	0	nan	0	0	0	0	0	0	nan	0	0	0	nan	nan	nan	nan	nan	nan
78	a	0	336708	0	nan	634	2	336708	0	0	0	nan	0	0	0	0	0	0	nan	0	0	0	nan	nan	nan	nan	nan	nan
79	a	0	336635	0	nan	634	2	336635	0	0	0	nan	0	0	0	0	0	0	nan	0	0	0	nan	nan	nan	nan	nan	nan
80	g	0	336407	0	nan	634	2	336407	0	0	0	nan	0	0	0	0	0	0	nan	0	0	0	nan	nan	nan	nan	nan	nan