Nucleotide	Sequence	Modified_mutations	Modified_read_depth	Modified_effective_depth	Modified_rate	Modified_off_target_mapped_depth	Modified_low_mapq_mapped_depth	Modified_primer_pair_1_mapped_depth	Untreated_mutations	Untreated_read_depth	Untreated_effective_depth	Untreated_rate	Untreated_off_target_mapped_depth	Untreated_low_mapq_mapped_depth	Untreated_primer_pair_1_mapped_depth	Denatured_mutations	Denatured_read_depth	Denatured_effective_depth	Denatured_rate	Denatured_off_target_mapped_depth	Denatured_low_mapq_mapped_depth	Denatured_primer_pair_1_mapped_depth	Reactivity_profile	Std_err	HQ_profile	HQ_stderr	Norm_profile	Norm_stderr
1	g	0	203757	0	nan	16	0	203757	0	0	0	nan	0	0	0	0	0	0	nan	0	0	0	nan	nan	nan	nan	nan	nan
2	g	0	220040	0	nan	44	0	220040	0	0	0	nan	0	0	0	0	0	0	nan	0	0	0	nan	nan	nan	nan	nan	nan
3	c	0	220442	0	nan	44	0	220442	0	0	0	nan	0	0	0	0	0	0	nan	0	0	0	nan	nan	nan	nan	nan	nan
4	a	0	220559	0	nan	44	0	220559	0	0	0	nan	0	0	0	0	0	0	nan	0	0	0	nan	nan	nan	nan	nan	nan
5	c	0	220585	0	nan	44	0	220585	0	0	0	nan	0	0	0	0	0	0	nan	0	0	0	nan	nan	nan	nan	nan	nan
6	c	0	220593	0	nan	44	0	220593	0	0	0	nan	0	0	0	0	0	0	nan	0	0	0	nan	nan	nan	nan	nan	nan
7	u	0	220594	0	nan	44	0	220594	0	0	0	nan	0	0	0	0	0	0	nan	0	0	0	nan	nan	nan	nan	nan	nan
8	c	0	220614	0	nan	44	0	220614	0	0	0	nan	0	0	0	0	0	0	nan	0	0	0	nan	nan	nan	nan	nan	nan
9	a	0	220634	0	nan	44	0	220634	0	0	0	nan	0	0	0	0	0	0	nan	0	0	0	nan	nan	nan	nan	nan	nan
10	u	0	220648	0	nan	44	0	220648	0	0	0	nan	0	0	0	0	0	0	nan	0	0	0	nan	nan	nan	nan	nan	nan
11	a	0	220680	0	nan	44	0	220680	0	0	0	nan	0	0	0	0	0	0	nan	0	0	0	nan	nan	nan	nan	nan	nan
12	a	0	220697	0	nan	44	0	220697	0	0	0	nan	0	0	0	0	0	0	nan	0	0	0	nan	nan	nan	nan	nan	nan
13	c	0	220704	0	nan	44	0	220704	0	0	0	nan	0	0	0	0	0	0	nan	0	0	0	nan	nan	nan	nan	nan	nan
14	a	0	220704	0	nan	44	0	220704	0	0	0	nan	0	0	0	0	0	0	nan	0	0	0	nan	nan	nan	nan	nan	nan
15	u	0	220709	0	nan	44	0	220709	0	0	0	nan	0	0	0	0	0	0	nan	0	0	0	nan	nan	nan	nan	nan	nan
16	a	0	220711	0	nan	44	0	220711	0	0	0	nan	0	0	0	0	0	0	nan	0	0	0	nan	nan	nan	nan	nan	nan
17	a	0	220714	0	nan	44	0	220714	0	0	0	nan	0	0	0	0	0	0	nan	0	0	0	nan	nan	nan	nan	nan	nan
18	c	0	220721	0	nan	44	0	220721	0	0	0	nan	0	0	0	0	0	0	nan	0	0	0	nan	nan	nan	nan	nan	nan
19	U	0	220726	3	0.000000	44	0	220726	0	0	0	nan	0	0	0	0	0	0	nan	0	0	0	0.000000	0.000000	nan	nan	nan	nan
20	A	0	220745	11	0.000000	44	0	220745	0	0	0	nan	0	0	0	0	0	0	nan	0	0	0	0.000000	0.000000	nan	nan	nan	nan
21	A	0	220758	16	0.000000	44	0	220758	0	0	0	nan	0	0	0	0	0	0	nan	0	0	0	0.000000	0.000000	nan	nan	nan	nan
22	G	0	220777	215751	0.000000	44	0	220777	0	0	0	nan	0	0	0	0	0	0	nan	0	0	0	0.000000	0.000000	0.000000	0.000000	nan	nan
23	G	211	220789	212533	0.000993	44	0	220789	0	0	0	nan	0	0	0	0	0	0	nan	0	0	0	0.000993	0.000068	0.000993	0.000068	nan	nan
24	C	6837	220869	215222	0.031767	44	0	220869	0	0	0	nan	0	0	0	0	0	0	nan	0	0	0	0.031767	0.000384	0.031767	0.000384	1.000000	0.012088
25	A	2827	221001	217758	0.012982	44	0	221001	0	0	0	nan	0	0	0	0	0	0	nan	0	0	0	0.012982	0.000244	0.012982	0.000244	0.855148	0.016073
26	G	161	221033	217644	0.000740	44	0	221032	0	0	0	nan	0	0	0	0	0	0	nan	0	0	0	0.000740	0.000058	0.000740	0.000058	nan	nan
27	A	2834	221050	218228	0.012986	44	0	221048	0	0	0	nan	0	0	0	0	0	0	nan	0	0	0	0.012986	0.000244	0.012986	0.000244	0.855411	0.016073
28	U	835	221075	217484	0.003839	44	0	221071	0	0	0	nan	0	0	0	0	0	0	nan	0	0	0	0.003839	0.000133	0.003839	0.000133	1.074899	0.037239
29	C	4990	221085	217654	0.022926	44	0	221075	0	0	0	nan	0	0	0	0	0	0	nan	0	0	0	0.022926	0.000325	0.022926	0.000325	0.721692	0.010231
30	U	622	221092	217746	0.002857	44	0	221081	0	0	0	nan	0	0	0	0	0	0	nan	0	0	0	0.002857	0.000115	0.002857	0.000115	0.799944	0.032199
31	G	208	221105	217160	0.000958	44	0	221088	0	0	0	nan	0	0	0	0	0	0	nan	0	0	0	0.000958	0.000066	0.000958	0.000066	nan	nan
32	A	4733	221106	217447	0.021766	44	0	221079	0	0	0	nan	0	0	0	0	0	0	nan	0	0	0	0.021766	0.000316	0.021766	0.000316	1.433766	0.020815
33	G	210	221110	214464	0.000979	44	0	221067	0	0	0	nan	0	0	0	0	0	0	nan	0	0	0	0.000979	0.000068	0.000979	0.000068	nan	nan
34	C	5973	221112	211947	0.028182	40	0	221044	0	0	0	nan	0	0	0	0	0	0	nan	0	0	0	0.028182	0.000365	0.028182	0.000365	0.887147	0.011490
35	U	1004	221143	211394	0.004749	40	0	221035	0	0	0	nan	0	0	0	0	0	0	nan	0	0	0	0.004749	0.000150	0.004749	0.000150	1.329693	0.041999
36	U	699	221151	211588	0.003304	40	0	221030	0	0	0	nan	0	0	0	0	0	0	nan	0	0	0	0.003304	0.000125	0.003304	0.000125	0.925101	0.034999
37	C	6385	221191	212866	0.029995	40	0	220882	0	0	0	nan	0	0	0	0	0	0	nan	0	0	0	0.029995	0.000375	0.029995	0.000375	0.944219	0.011805
38	G	244	221243	212882	0.001146	40	0	220941	0	0	0	nan	0	0	0	0	0	0	nan	0	0	0	0.001146	0.000073	0.001146	0.000073	nan	nan
39	G	191	221619	215098	0.000888	40	0	221472	0	0	0	nan	0	0	0	0	0	0	nan	0	0	0	0.000888	0.000064	0.000888	0.000064	nan	nan
40	C	5307	221838	218900	0.024244	33	0	221820	0	0	0	nan	0	0	0	0	0	0	nan	0	0	0	0.024244	0.000333	0.024244	0.000333	0.763182	0.010483
41	U	525	221868	218956	0.002398	32	0	221861	0	0	0	nan	0	0	0	0	0	0	nan	0	0	0	0.002398	0.000105	0.002398	0.000105	0.671427	0.029399
42	C	5091	221871	219033	0.023243	27	0	221866	0	0	0	nan	0	0	0	0	0	0	nan	0	0	0	0.023243	0.000326	0.023243	0.000326	0.731671	0.010262
43	U	627	221876	219066	0.002862	27	0	221872	0	0	0	nan	0	0	0	0	0	0	nan	0	0	0	0.002862	0.000114	0.002862	0.000114	0.801344	0.031919
44	C	5346	221877	219058	0.024404	26	0	221873	0	0	0	nan	0	0	0	0	0	0	nan	0	0	0	0.024404	0.000334	0.024404	0.000334	0.768219	0.010514
45	U	587	221880	218893	0.002682	26	0	221872	0	0	0	nan	0	0	0	0	0	0	nan	0	0	0	0.002682	0.000111	0.002682	0.000111	0.750945	0.031079
46	G	291	221879	216581	0.001344	26	0	221864	0	0	0	nan	0	0	0	0	0	0	nan	0	0	0	0.001344	0.000079	0.001344	0.000079	nan	nan
47	C	12357	221880	217576	0.056794	26	0	221868	0	0	0	nan	0	0	0	0	0	0	nan	0	0	0	0.056794	0.000511	0.056794	0.000511	1.787830	0.016086
48	C	11019	221883	218500	0.050430	26	0	221872	0	0	0	nan	0	0	0	0	0	0	nan	0	0	0	0.050430	0.000480	0.050430	0.000480	1.587496	0.015110
49	A	2617	221893	219538	0.011920	26	0	221889	0	0	0	nan	0	0	0	0	0	0	nan	0	0	0	0.011920	0.000233	0.011920	0.000233	0.785192	0.015348
50	A	0	221896	220368	0.000000	26	0	221896	0	0	0	nan	0	0	0	0	0	0	nan	0	0	0	0.000000	0.000000	0.000000	0.000000	0.000000	0.000000
51	U	0	221896	99	0.000000	19	0	221896	0	0	0	nan	0	0	0	0	0	0	nan	0	0	0	0.000000	0.000000	nan	nan	nan	nan
52	C	0	221896	97	0.000000	18	0	221896	0	0	0	nan	0	0	0	0	0	0	nan	0	0	0	0.000000	0.000000	nan	nan	nan	nan
53	C	0	221892	97	0.000000	18	0	221892	0	0	0	nan	0	0	0	0	0	0	nan	0	0	0	0.000000	0.000000	nan	nan	nan	nan
54	a	0	221764	0	nan	18	0	221764	0	0	0	nan	0	0	0	0	0	0	nan	0	0	0	nan	nan	nan	nan	nan	nan
55	c	0	221762	0	nan	18	0	221762	0	0	0	nan	0	0	0	0	0	0	nan	0	0	0	nan	nan	nan	nan	nan	nan
56	u	0	221756	0	nan	18	0	221756	0	0	0	nan	0	0	0	0	0	0	nan	0	0	0	nan	nan	nan	nan	nan	nan
57	a	0	221753	0	nan	18	0	221753	0	0	0	nan	0	0	0	0	0	0	nan	0	0	0	nan	nan	nan	nan	nan	nan
58	a	0	221753	0	nan	18	0	221753	0	0	0	nan	0	0	0	0	0	0	nan	0	0	0	nan	nan	nan	nan	nan	nan
59	c	0	221753	0	nan	10	0	221753	0	0	0	nan	0	0	0	0	0	0	nan	0	0	0	nan	nan	nan	nan	nan	nan
60	c	0	221751	0	nan	9	0	221751	0	0	0	nan	0	0	0	0	0	0	nan	0	0	0	nan	nan	nan	nan	nan	nan
61	u	0	221751	0	nan	0	0	221751	0	0	0	nan	0	0	0	0	0	0	nan	0	0	0	nan	nan	nan	nan	nan	nan
62	c	0	221750	0	nan	0	0	221750	0	0	0	nan	0	0	0	0	0	0	nan	0	0	0	nan	nan	nan	nan	nan	nan
63	a	0	221750	0	nan	0	0	221750	0	0	0	nan	0	0	0	0	0	0	nan	0	0	0	nan	nan	nan	nan	nan	nan
64	c	0	221749	0	nan	0	0	221749	0	0	0	nan	0	0	0	0	0	0	nan	0	0	0	nan	nan	nan	nan	nan	nan
65	u	0	221749	0	nan	0	0	221749	0	0	0	nan	0	0	0	0	0	0	nan	0	0	0	nan	nan	nan	nan	nan	nan
66	c	0	221749	0	nan	0	0	221749	0	0	0	nan	0	0	0	0	0	0	nan	0	0	0	nan	nan	nan	nan	nan	nan
67	a	0	221747	0	nan	0	0	221747	0	0	0	nan	0	0	0	0	0	0	nan	0	0	0	nan	nan	nan	nan	nan	nan
68	c	0	221736	0	nan	0	0	221736	0	0	0	nan	0	0	0	0	0	0	nan	0	0	0	nan	nan	nan	nan	nan	nan
69	a	0	221734	0	nan	0	0	221734	0	0	0	nan	0	0	0	0	0	0	nan	0	0	0	nan	nan	nan	nan	nan	nan
70	a	0	221674	0	nan	0	0	221674	0	0	0	nan	0	0	0	0	0	0	nan	0	0	0	nan	nan	nan	nan	nan	nan
71	u	0	221543	0	nan	0	0	221543	0	0	0	nan	0	0	0	0	0	0	nan	0	0	0	nan	nan	nan	nan	nan	nan
72	c	0	221286	0	nan	0	0	221286	0	0	0	nan	0	0	0	0	0	0	nan	0	0	0	nan	nan	nan	nan	nan	nan