74
i	j	-log10(Probability)
19	25	10.9676
19	31	10.5597
19	32	10.1593
19	37	8.83816
19	38	10.5637
19	40	12.5425
19	48	11.4892
20	30	10.7521
20	36	8.41242
20	47	11.5561
21	30	8.51321
21	35	8.39684
21	36	6.41396
21	43	13.8773
21	45	11.5181
21	47	9.75704
22	29	8.34566
22	30	10.0017
22	34	8.51982
22	35	6.20328
22	36	10.0696
22	42	14.0369
22	43	11.2122
22	44	11.4745
22	45	11.3352
22	46	9.72492
22	47	10.8491
22	50	0.000234966
22	54	5.97081
22	55	5.44971
23	28	8.76969
23	29	9.76973
23	34	6.16378
23	35	11.623
23	42	11.0028
23	43	12.8132
23	44	11.1028
23	45	9.75599
23	46	10.8101
23	49	2.55944e-06
23	53	7.86715
23	54	5.78669
24	31	8.70697
24	33	6.16281
24	37	10.3846
24	41	11.0014
24	48	3.11934e-06
25	30	8.8057
25	35	9.9889
25	36	10.3952
25	43	8.73326
25	45	7.89534
25	47	0.000113877
26	34	9.79796
26	35	10.4088
26	36	11.6304
26	42	8.44142
26	44	7.62635
26	46	5.30121e-05
26	54	7.59821
27	35	10.8576
27	43	7.58574
27	45	0.00541457
27	53	7.58968
28	38	6.75882
28	39	5.56425
28	40	4.77628
28	52	7.59677
29	37	6.69703
29	38	5.55053
29	39	4.77581
29	41	5.50874
30	37	5.56071
30	38	4.78036
30	40	5.51124
30	48	11.0092
30	51	7.58342
31	36	6.07633
31	44	0.000284577
31	46	8.36721
31	47	11.7793
31	50	7.57331
31	54	9.10959
31	55	10.018
32	43	7.96949e-05
32	45	8.32602
32	47	11.2476
32	53	9.11666
33	42	1.33608e-05
33	44	8.51474
33	46	10.9593
33	49	7.56422
34	41	0.000144178
34	48	7.56425
35	40	0.0862981
35	41	5.0857
35	52	7.77691
36	40	3.37939
36	48	10.1044
36	51	7.15198
37	43	8.63111
37	44	7.83351
37	45	6.76375
37	46	8.46087
37	47	8.77899
37	50	6.77021
37	54	9.10222
37	55	6.8373
38	42	8.53844
38	43	8.14763
38	44	6.35631
38	45	8.32968
38	46	8.69005
38	47	9.57622
38	49	6.76952
38	50	8.89621
38	53	9.07909
38	54	6.83657
38	55	6.42903
39	43	6.35783
39	44	8.0426
39	45	8.63608
39	46	9.4586
39	49	8.90731
39	53	6.85125
39	54	6.4287
40	45	9.50863
40	47	6.76956
40	53	6.43382
41	46	6.77917
41	49	6.29934
42	48	6.29916
48	55	9.55025
