37
i	j	-log10(Probability)
1	13	10.7333
1	19	6.81133
1	30	10.7803
2	12	10.8848
2	18	6.76743
2	29	10.8536
3	12	8.49808
3	18	4.07075
3	25	12.8983
3	27	10.8
3	29	9.38372
4	11	8.33686
4	12	9.97814
4	17	3.96271
4	18	9.22115
4	24	12.9904
4	25	10.4868
4	26	10.7514
4	27	10.6609
4	28	9.35455
4	29	10.4217
4	32	0.000280625
4	36	5.97085
4	37	6.74725
5	10	8.76077
5	11	9.7568
5	16	3.96197
5	17	9.29084
5	24	10.2788
5	25	11.9931
5	26	10.4038
5	27	9.39359
5	28	10.3835
5	31	4.90083e-05
5	35	7.87372
5	36	7.0798
6	13	8.37095
6	15	3.96202
6	19	7.56786
6	23	10.2784
6	30	5.02361e-05
7	12	7.87655
7	18	7.5629
7	25	7.99824
7	27	7.31667
7	29	0.000161016
8	17	7.55619
8	24	7.70623
8	26	6.99559
8	28	0.000100172
8	36	7.47793
9	25	6.92549
9	27	0.00546168
9	35	7.47706
10	20	6.02346
10	21	4.82889
10	22	4.04092
10	34	7.48391
11	19	5.96167
11	20	4.81517
11	21	4.04045
11	23	4.77338
12	19	4.82535
12	20	4.045
12	22	4.77588
12	30	11.3148
12	33	7.47497
13	18	5.34097
13	26	0.000377048
13	28	7.92794
13	29	11.7617
13	32	7.46486
13	36	9.09071
14	25	0.000172184
14	27	7.79618
14	29	10.5201
14	35	9.08786
15	24	0.000106203
15	26	7.66512
15	28	10.2271
15	31	7.4564
16	23	0.00610991
16	30	7.45668
17	23	1.91605
18	22	1.68871
18	30	7.83083
18	33	5.19229
19	25	7.89272
19	26	7.09566
19	27	6.04985
19	28	6.78392
19	29	6.60529
19	32	4.52696
19	36	6.60223
19	37	4.92994
20	24	7.79798
20	25	7.40956
20	26	5.61629
20	27	6.74799
20	28	6.39234
20	29	6.77007
20	31	4.52399
20	32	6.05773
20	35	6.55668
20	36	4.91938
20	37	4.18951
21	25	5.61776
21	26	6.69196
21	27	6.39129
21	28	6.73627
21	31	6.06945
21	35	4.93403
21	36	4.189
22	27	6.80924
22	29	4.5167
22	35	4.19422
23	28	4.52631
23	31	4.12553
24	30	4.12526
