37
i	j	-log10(Probability)
1	13	10.8328
1	19	9.07633
1	30	11.7457
2	12	10.971
2	18	8.79081
2	29	11.7451
3	12	8.54997
3	17	8.76019
3	18	6.93139
3	25	13.8902
3	27	11.5373
3	29	9.75993
4	11	8.37781
4	12	10.0346
4	16	8.85994
4	17	6.62614
4	18	10.9112
4	24	14.0498
4	25	11.226
4	26	11.493
4	27	11.3893
4	28	9.73061
4	29	10.8518
4	32	0.000233329
4	36	5.97081
4	37	6.7473
5	10	8.8018
5	11	9.79673
5	16	6.53628
5	17	12.1945
5	24	11.0179
5	25	12.8317
5	26	11.1366
5	27	9.76168
5	28	10.8158
5	31	1.71272e-06
5	35	7.87367
5	36	7.07993
6	13	9.02642
6	15	6.535
6	19	10.4441
6	23	11.0166
6	30	2.94043e-06
7	12	9.092
7	17	10.3221
7	18	10.4604
7	25	8.73359
7	27	7.89535
7	29	0.000113698
8	16	10.0157
8	17	10.474
8	18	11.7506
8	24	8.44159
8	26	7.62636
8	28	5.28339e-05
8	36	7.60302
9	17	10.8771
9	25	7.58575
9	27	0.00541439
9	35	7.60216
10	20	6.75882
10	21	5.56425
10	22	4.77628
10	34	7.60946
11	19	6.69703
11	20	5.55053
11	21	4.77581
11	23	5.50874
12	19	5.56071
12	20	4.78036
12	22	5.51124
12	30	11.316
12	33	7.59998
13	18	6.07633
13	26	0.000284404
13	28	8.36853
13	29	11.7874
13	32	7.58988
13	36	9.11002
14	25	7.95217e-05
14	27	8.32689
14	29	11.253
14	35	9.12389
15	24	1.31877e-05
15	26	8.51527
15	28	10.9622
15	31	7.58136
16	23	0.000144005
16	30	7.5814
17	22	0.086298
17	23	5.0857
17	34	7.79373
18	22	3.37939
18	30	10.1058
18	33	7.15672
19	25	8.63118
19	26	7.83352
19	27	6.76614
19	28	8.47497
19	29	8.78552
19	32	6.77225
19	36	9.10224
19	37	7.52339
20	24	8.53851
20	25	8.14764
20	26	6.35726
20	27	8.33977
20	28	8.6978
20	29	9.58175
20	31	6.77155
20	32	8.89691
20	35	9.08352
20	36	7.51774
20	37	7.04067
21	25	6.35877
21	26	8.04777
21	27	8.64298
21	28	9.46624
21	31	8.90833
21	35	7.53241
21	36	7.03999
22	27	9.51593
22	29	6.77161
22	35	7.04514
23	28	6.78123
23	31	6.92463
24	30	6.92435
