76
i	j	-log10(Probability)
19	25	11.2886
19	31	11.1014
19	32	10.541
19	39	6.51873
19	40	9.06445
19	42	10.0814
19	50	10.0224
20	30	11.2155
20	37	3.10648
20	49	10.0539
21	30	8.7438
21	36	3.06858
21	37	6.85104
21	45	11.4049
21	47	9.03298
21	49	9.10431
22	29	8.52949
22	30	10.2426
22	35	3.06508
22	36	7.97598
22	37	10.9192
22	38	9.31792
22	44	11.5919
22	45	8.69257
22	46	8.98365
22	47	10.2366
22	48	9.07331
22	49	9.48388
22	52	0.000608683
22	56	5.97119
22	57	5.4501
23	28	8.95381
23	29	9.94353
23	34	3.06507
23	35	8.26923
23	36	12.3854
23	37	9.37188
23	44	8.48314
23	45	10.7754
23	46	9.99988
23	47	9.12673
23	48	9.44138
23	51	0.000376276
23	55	7.86749
23	56	5.78703
24	31	7.52033
24	33	3.06513
24	43	8.48171
24	50	0.000376837
25	30	6.99322
25	36	9.14274
25	37	11.9774
25	45	7.66343
25	47	6.3065
25	49	0.000487847
26	35	9.02527
26	36	12.0244
26	37	10.3844
26	38	9.12887
26	44	7.37021
26	46	5.9698
26	48	0.000427143
26	56	9.07293
27	36	9.98888
27	37	9.08475
27	45	5.8846
27	47	0.00578637
27	55	9.06611
28	40	6.77124
28	41	2.59752
28	42	4.02656
28	54	9.09258
29	39	6.72304
29	40	2.58372
29	41	4.16907
29	43	4.12246
30	39	2.57961
30	40	4.39559
30	42	4.13402
30	50	10.9942
30	53	9.32811
31	37	6.83025
31	38	2.57513
31	46	0.00228343
31	48	6.81466
31	49	11.7271
31	52	9.32101
31	56	10.1002
31	57	11.3797
32	36	5.9619
32	37	2.64894
32	45	0.00208011
32	47	6.64145
32	49	11.2823
32	55	10.0902
33	44	0.00206778
33	46	6.42731
33	48	10.9937
33	51	9.33779
34	40	3.75727
34	41	2.02636
34	43	0.0378909
34	50	9.35378
35	39	3.52912
35	40	1.71507
35	41	0.259666
35	43	1.15339
36	40	0.322645
36	42	0.855399
36	43	6.23938
36	54	7.84178
37	41	0.901029
37	42	4.15815
37	53	7.16645
38	50	4.19896
39	45	8.20821
39	46	7.53316
39	47	5.80346
39	48	5.62057
39	49	4.16354
39	52	3.56297
39	56	5.52439
39	57	3.39695
40	44	8.05506
40	45	7.83296
40	46	5.54577
40	47	5.63423
40	48	4.16293
40	49	7.28767
40	51	3.56296
40	52	6.42134
40	55	5.52448
40	56	3.39744
40	57	3.95948
41	45	5.47589
41	46	5.40006
41	47	4.16516
41	48	6.77629
41	51	6.42774
41	55	3.41213
41	56	3.9574
42	47	6.80232
42	49	3.56506
42	55	3.96093
43	48	3.57468
43	51	3.30513
44	50	3.30502
50	57	6.88241
