74
i	j	-log10(Probability)
19	25	10.8632
19	31	10.3745
19	32	9.95228
19	37	6.57326
19	38	7.73173
19	40	9.75021
19	48	10.5238
20	30	10.5786
20	36	6.38914
20	47	10.6647
21	30	8.39021
21	36	3.55341
21	43	12.8854
21	45	10.7808
21	47	9.38092
22	29	8.2504
22	30	9.87032
22	35	3.48965
22	36	8.3796
22	42	12.9776
22	43	10.4732
22	44	10.733
22	45	10.6069
22	46	9.34896
22	47	10.4191
22	50	0.000375448
22	54	5.97095
22	55	5.44975
23	28	8.67442
23	29	9.67949
23	34	3.48937
23	35	8.60483
23	42	10.2637
23	43	11.9746
23	44	10.37
23	45	9.38799
23	46	10.3778
23	49	0.000143041
23	53	7.8673
23	54	5.78665
24	31	7.91392
24	33	3.48942
24	37	7.50846
24	41	10.2633
24	48	0.000143601
25	30	7.41006
25	36	7.49779
25	43	7.998
25	45	7.31675
25	47	0.000254381
26	35	7.49124
26	42	7.70615
26	44	6.99568
26	46	0.000193537
26	54	7.47321
27	43	6.92558
27	45	0.00555505
27	53	7.46467
28	38	6.02355
28	39	4.82899
28	40	4.04101
28	52	7.47131
29	37	5.96176
29	38	4.81526
29	39	4.04054
29	41	4.77348
30	37	4.82545
30	38	4.04509
30	40	4.77598
30	48	11.0082
30	51	7.45851
31	36	5.34107
31	44	0.000470407
31	46	7.92672
31	47	11.7536
31	50	7.44838
31	54	9.09038
31	55	10.2705
32	43	0.000265543
32	45	7.79539
32	47	10.5148
32	53	9.08072
33	42	0.000199563
33	44	7.66469
33	46	10.2244
33	49	7.43935
34	41	0.00620327
34	48	7.43962
35	41	1.91614
36	40	1.6888
36	48	7.83089
36	51	5.19234
37	43	7.89265
37	44	7.09568
37	45	6.04859
37	46	6.76541
37	47	6.60133
37	50	4.52704
37	54	6.60233
37	55	4.46668
38	42	7.79787
38	43	7.40957
38	44	5.61548
38	45	6.73064
38	46	6.38378
38	47	6.76534
38	49	4.52407
38	50	6.05761
38	53	6.55423
38	54	4.46338
38	55	3.58986
39	43	5.61696
39	44	6.67665
39	45	6.38271
39	46	6.73032
39	49	6.06923
39	53	4.47804
39	54	3.58969
40	45	6.80327
40	47	4.51674
40	53	3.59493
41	46	4.52632
41	49	3.54897
42	48	3.54879
48	55	7.66401
