Nucleotide	Sequence	Modified_mutations	Modified_read_depth	Modified_effective_depth	Modified_rate	Modified_off_target_mapped_depth	Modified_low_mapq_mapped_depth	Modified_primer_pair_1_mapped_depth	Untreated_mutations	Untreated_read_depth	Untreated_effective_depth	Untreated_rate	Untreated_off_target_mapped_depth	Untreated_low_mapq_mapped_depth	Untreated_primer_pair_1_mapped_depth	Denatured_mutations	Denatured_read_depth	Denatured_effective_depth	Denatured_rate	Denatured_off_target_mapped_depth	Denatured_low_mapq_mapped_depth	Denatured_primer_pair_1_mapped_depth	Reactivity_profile	Std_err	HQ_profile	HQ_stderr	Norm_profile	Norm_stderr
1	g	0	5820693	0	nan	57	1254	5820693	0	0	0	nan	0	0	0	0	0	0	nan	0	0	0	nan	nan	nan	nan	nan	nan
2	g	0	5876798	0	nan	58	1268	5876798	0	0	0	nan	0	0	0	0	0	0	nan	0	0	0	nan	nan	nan	nan	nan	nan
3	u	0	5885609	0	nan	58	1279	5885609	0	0	0	nan	0	0	0	0	0	0	nan	0	0	0	nan	nan	nan	nan	nan	nan
4	g	0	5890781	0	nan	58	1307	5890781	0	0	0	nan	0	0	0	0	0	0	nan	0	0	0	nan	nan	nan	nan	nan	nan
5	u	0	5900587	0	nan	58	1315	5900587	0	0	0	nan	0	0	0	0	0	0	nan	0	0	0	nan	nan	nan	nan	nan	nan
6	a	0	5904383	0	nan	58	1370	5904383	0	0	0	nan	0	0	0	0	0	0	nan	0	0	0	nan	nan	nan	nan	nan	nan
7	a	0	5905280	0	nan	58	1370	5905280	0	0	0	nan	0	0	0	0	0	0	nan	0	0	0	nan	nan	nan	nan	nan	nan
8	g	0	5905868	0	nan	58	1370	5905868	0	0	0	nan	0	0	0	0	0	0	nan	0	0	0	nan	nan	nan	nan	nan	nan
9	g	0	5906540	0	nan	58	1372	5906540	0	0	0	nan	0	0	0	0	0	0	nan	0	0	0	nan	nan	nan	nan	nan	nan
10	g	0	5907915	0	nan	58	1404	5907915	0	0	0	nan	0	0	0	0	0	0	nan	0	0	0	nan	nan	nan	nan	nan	nan
11	u	0	5910873	0	nan	58	1408	5910873	0	0	0	nan	0	0	0	0	0	0	nan	0	0	0	nan	nan	nan	nan	nan	nan
12	g	0	5921994	0	nan	111	1504	5921994	0	0	0	nan	0	0	0	0	0	0	nan	0	0	0	nan	nan	nan	nan	nan	nan
13	a	0	5932689	0	nan	116	1536	5932689	0	0	0	nan	0	0	0	0	0	0	nan	0	0	0	nan	nan	nan	nan	nan	nan
14	a	0	5938607	0	nan	123	1539	5938607	0	0	0	nan	0	0	0	0	0	0	nan	0	0	0	nan	nan	nan	nan	nan	nan
15	g	0	5941822	0	nan	395	1541	5941822	0	0	0	nan	0	0	0	0	0	0	nan	0	0	0	nan	nan	nan	nan	nan	nan
16	u	0	5945691	0	nan	395	1542	5945691	0	0	0	nan	0	0	0	0	0	0	nan	0	0	0	nan	nan	nan	nan	nan	nan
17	g	0	5947121	0	nan	395	1556	5947121	0	0	0	nan	0	0	0	0	0	0	nan	0	0	0	nan	nan	nan	nan	nan	nan
18	u	0	5948326	0	nan	398	1574	5948326	0	0	0	nan	0	0	0	0	0	0	nan	0	0	0	nan	nan	nan	nan	nan	nan
19	a	0	5949415	0	nan	399	1610	5949415	0	0	0	nan	0	0	0	0	0	0	nan	0	0	0	nan	nan	nan	nan	nan	nan
20	A	0	5950751	555	0.000000	399	1610	5950751	0	0	0	nan	0	0	0	0	0	0	nan	0	0	0	0.000000	0.000000	nan	nan	nan	nan
21	G	0	5951649	678	0.000000	399	1610	5951649	0	0	0	nan	0	0	0	0	0	0	nan	0	0	0	0.000000	0.000000	nan	nan	nan	nan
22	G	0	5952228	623	0.000000	399	1610	5952228	0	0	0	nan	0	0	0	0	0	0	nan	0	0	0	0.000000	0.000000	nan	nan	nan	nan
23	U	0	5953490	5397610	0.000000	399	1610	5953490	0	0	0	nan	0	0	0	0	0	0	nan	0	0	0	0.000000	0.000000	0.000000	0.000000	0.000000	0.000000
24	U	10587	5954468	5441290	0.001946	399	1610	5954468	0	0	0	nan	0	0	0	0	0	0	nan	0	0	0	0.001946	0.000019	0.001946	0.000019	0.593474	0.005794
25	G	6202	5957958	5398406	0.001149	399	1610	5957958	0	0	0	nan	0	0	0	0	0	0	nan	0	0	0	0.001149	0.000015	0.001149	0.000015	nan	nan
26	A	21941	5963169	5521485	0.003974	399	1610	5963137	0	0	0	nan	0	0	0	0	0	0	nan	0	0	0	0.003974	0.000027	0.003974	0.000027	0.870155	0.005912
27	C	8621	5965202	5309829	0.001624	399	1610	5965141	0	0	0	nan	0	0	0	0	0	0	nan	0	0	0	0.001624	0.000017	0.001624	0.000017	0.664756	0.006959
28	C	15068	5966213	5303533	0.002841	399	1610	5966128	0	0	0	nan	0	0	0	0	0	0	nan	0	0	0	0.002841	0.000023	0.002841	0.000023	1.162914	0.009415
29	U	19595	5968720	5276309	0.003714	399	1610	5968621	0	0	0	nan	0	0	0	0	0	0	nan	0	0	0	0.003714	0.000027	0.003714	0.000027	1.132662	0.008234
30	U	7595	5973328	5367106	0.001415	399	1610	5973219	0	0	0	nan	0	0	0	0	0	0	nan	0	0	0	0.001415	0.000016	0.001415	0.000016	0.431534	0.004880
31	U	7927	5978296	5386387	0.001472	399	1610	5978167	0	0	0	nan	0	0	0	0	0	0	nan	0	0	0	0.001472	0.000017	0.001472	0.000017	0.448917	0.005185
32	U	11007	5983569	5444887	0.002022	399	1610	5983425	0	0	0	nan	0	0	0	0	0	0	nan	0	0	0	0.002022	0.000019	0.002022	0.000019	0.616651	0.005794
33	G	2316	6012055	5514481	0.000420	399	1610	6011909	0	0	0	nan	0	0	0	0	0	0	nan	0	0	0	0.000420	0.000009	0.000420	0.000009	nan	nan
34	A	20654	6022705	5826459	0.003545	399	1610	6022562	0	0	0	nan	0	0	0	0	0	0	nan	0	0	0	0.003545	0.000025	0.003545	0.000025	0.776221	0.005474
35	A	21162	6025339	5790266	0.003655	399	1610	6025197	0	0	0	nan	0	0	0	0	0	0	nan	0	0	0	0.003655	0.000025	0.003655	0.000025	0.800307	0.005474
36	U	3605	6026235	5737116	0.000628	399	1610	6026081	0	0	0	nan	0	0	0	0	0	0	nan	0	0	0	0.000628	0.000010	0.000628	0.000010	0.191522	0.003050
37	A	405066	6026701	5461090	0.074173	399	1610	6026512	0	0	0	nan	0	0	0	0	0	0	nan	0	0	0	0.074173	0.000117	0.074173	0.000117	16.241077	0.025619
38	G	11270	6027522	5392863	0.002090	400	1610	6027355	0	0	0	nan	0	0	0	0	0	0	nan	0	0	0	0.002090	0.000020	0.002090	0.000020	nan	nan
39	U	10294	6028314	5446298	0.001890	400	1610	6028138	0	0	0	nan	0	0	0	0	0	0	nan	0	0	0	0.001890	0.000019	0.001890	0.000019	0.576395	0.005794
40	G	8945	6029030	5619272	0.001592	402	1610	6028839	0	0	0	nan	0	0	0	0	0	0	nan	0	0	0	0.001592	0.000017	0.001592	0.000017	nan	nan
41	A	66674	6032460	5612357	0.011880	402	1610	6032262	0	0	0	nan	0	0	0	0	0	0	nan	0	0	0	0.011880	0.000046	0.011880	0.000046	2.601270	0.010072
42	U	14979	6033355	5584864	0.002682	402	1610	6033171	0	0	0	nan	0	0	0	0	0	0	nan	0	0	0	0.002682	0.000022	0.002682	0.000022	0.817932	0.006709
43	U	7515	6035328	5532442	0.001358	400	1610	6035131	0	0	0	nan	0	0	0	0	0	0	nan	0	0	0	0.001358	0.000016	0.001358	0.000016	0.414151	0.004880
44	C	11324	6038508	5536625	0.002045	399	1610	6038297	0	0	0	nan	0	0	0	0	0	0	nan	0	0	0	0.002045	0.000019	0.002045	0.000019	0.837086	0.007777
45	A	22088	6040757	5549635	0.003980	399	1610	6040528	0	0	0	nan	0	0	0	0	0	0	nan	0	0	0	0.003980	0.000027	0.003980	0.000027	0.871469	0.005912
46	G	3766	6042700	5432372	0.000693	397	1610	6042474	0	0	0	nan	0	0	0	0	0	0	nan	0	0	0	0.000693	0.000011	0.000693	0.000011	nan	nan
47	G	8961	6046750	5497666	0.001630	393	1610	6046521	0	0	0	nan	0	0	0	0	0	0	nan	0	0	0	0.001630	0.000017	0.001630	0.000017	nan	nan
48	A	9377	6052813	5413944	0.001732	393	1610	6052585	0	0	0	nan	0	0	0	0	0	0	nan	0	0	0	0.001732	0.000018	0.001732	0.000018	0.379242	0.003941
49	G	15593	6054011	5482223	0.002844	390	1610	6053803	0	0	0	nan	0	0	0	0	0	0	nan	0	0	0	0.002844	0.000023	0.002844	0.000023	nan	nan
50	G	3615	6062782	5330237	0.000678	389	1610	6062609	0	0	0	nan	0	0	0	0	0	0	nan	0	0	0	0.000678	0.000011	0.000678	0.000011	nan	nan
51	U	17911	6066001	5461676	0.003279	388	1610	6065853	0	0	0	nan	0	0	0	0	0	0	nan	0	0	0	0.003279	0.000025	0.003279	0.000025	1.000000	0.007624
52	U	15748	6071072	5459485	0.002885	389	1610	6070945	0	0	0	nan	0	0	0	0	0	0	nan	0	0	0	0.002885	0.000023	0.002885	0.000023	0.879841	0.007014
53	A	15176	6074913	5673544	0.002675	388	1610	6074799	0	0	0	nan	0	0	0	0	0	0	nan	0	0	0	0.002675	0.000022	0.002675	0.000022	0.585724	0.004817
54	A	26512	6077099	5805044	0.004567	388	1610	6077000	0	0	0	nan	0	0	0	0	0	0	nan	0	0	0	0.004567	0.000028	0.004567	0.000028	1.000000	0.006131
55	U	9866	6077828	5745872	0.001717	387	1610	6077749	0	0	0	nan	0	0	0	0	0	0	nan	0	0	0	0.001717	0.000017	0.001717	0.000017	0.523635	0.005185
56	G	5815	6078484	5562085	0.001045	386	1610	6078417	0	0	0	nan	0	0	0	0	0	0	nan	0	0	0	0.001045	0.000014	0.001045	0.000014	nan	nan
57	G	0	6079279	5589278	0.000000	386	1610	6079241	0	0	0	nan	0	0	0	0	0	0	nan	0	0	0	0.000000	0.000000	0.000000	0.000000	nan	nan
58	A	0	6080814	42	0.000000	385	1610	6080814	0	0	0	nan	0	0	0	0	0	0	nan	0	0	0	0.000000	0.000000	nan	nan	nan	nan
59	A	0	6080752	45	0.000000	385	1610	6080752	0	0	0	nan	0	0	0	0	0	0	nan	0	0	0	0.000000	0.000000	nan	nan	nan	nan
60	G	0	6080699	25	0.000000	385	1610	6080699	0	0	0	nan	0	0	0	0	0	0	nan	0	0	0	0.000000	0.000000	nan	nan	nan	nan
61	u	0	6080650	0	nan	385	1610	6080650	0	0	0	nan	0	0	0	0	0	0	nan	0	0	0	nan	nan	nan	nan	nan	nan
62	a	0	6080515	0	nan	385	1610	6080515	0	0	0	nan	0	0	0	0	0	0	nan	0	0	0	nan	nan	nan	nan	nan	nan
63	a	0	6080442	0	nan	382	1610	6080442	0	0	0	nan	0	0	0	0	0	0	nan	0	0	0	nan	nan	nan	nan	nan	nan
64	a	0	6080412	0	nan	378	1607	6080412	0	0	0	nan	0	0	0	0	0	0	nan	0	0	0	nan	nan	nan	nan	nan	nan
65	g	0	6080391	0	nan	358	1465	6080391	0	0	0	nan	0	0	0	0	0	0	nan	0	0	0	nan	nan	nan	nan	nan	nan
66	g	0	6080373	0	nan	332	1452	6080373	0	0	0	nan	0	0	0	0	0	0	nan	0	0	0	nan	nan	nan	nan	nan	nan
67	u	0	6080339	0	nan	331	1437	6080339	0	0	0	nan	0	0	0	0	0	0	nan	0	0	0	nan	nan	nan	nan	nan	nan
68	a	0	6080318	0	nan	329	1371	6080318	0	0	0	nan	0	0	0	0	0	0	nan	0	0	0	nan	nan	nan	nan	nan	nan
69	a	0	6080284	0	nan	329	1370	6080284	0	0	0	nan	0	0	0	0	0	0	nan	0	0	0	nan	nan	nan	nan	nan	nan
70	u	0	6080262	0	nan	327	1330	6080262	0	0	0	nan	0	0	0	0	0	0	nan	0	0	0	nan	nan	nan	nan	nan	nan
71	g	0	6080171	0	nan	326	1330	6080171	0	0	0	nan	0	0	0	0	0	0	nan	0	0	0	nan	nan	nan	nan	nan	nan
72	a	0	6080109	0	nan	325	1328	6080109	0	0	0	nan	0	0	0	0	0	0	nan	0	0	0	nan	nan	nan	nan	nan	nan
73	a	0	6080073	0	nan	325	1327	6080073	0	0	0	nan	0	0	0	0	0	0	nan	0	0	0	nan	nan	nan	nan	nan	nan
74	g	0	6080044	0	nan	325	1327	6080044	0	0	0	nan	0	0	0	0	0	0	nan	0	0	0	nan	nan	nan	nan	nan	nan
75	g	0	6079996	0	nan	325	1327	6079996	0	0	0	nan	0	0	0	0	0	0	nan	0	0	0	nan	nan	nan	nan	nan	nan
76	u	0	6079907	0	nan	325	1321	6079907	0	0	0	nan	0	0	0	0	0	0	nan	0	0	0	nan	nan	nan	nan	nan	nan
77	g	0	6079786	0	nan	324	1314	6079786	0	0	0	nan	0	0	0	0	0	0	nan	0	0	0	nan	nan	nan	nan	nan	nan
78	a	0	6079689	0	nan	324	1312	6079689	0	0	0	nan	0	0	0	0	0	0	nan	0	0	0	nan	nan	nan	nan	nan	nan
79	a	0	6075332	0	nan	320	1304	6075332	0	0	0	nan	0	0	0	0	0	0	nan	0	0	0	nan	nan	nan	nan	nan	nan
80	g	0	6072863	0	nan	318	1291	6072863	0	0	0	nan	0	0	0	0	0	0	nan	0	0	0	nan	nan	nan	nan	nan	nan