Nucleotide	Sequence	Modified_mutations	Modified_read_depth	Modified_effective_depth	Modified_rate	Modified_off_target_mapped_depth	Modified_low_mapq_mapped_depth	Modified_primer_pair_1_mapped_depth	Untreated_mutations	Untreated_read_depth	Untreated_effective_depth	Untreated_rate	Untreated_off_target_mapped_depth	Untreated_low_mapq_mapped_depth	Untreated_primer_pair_1_mapped_depth	Denatured_mutations	Denatured_read_depth	Denatured_effective_depth	Denatured_rate	Denatured_off_target_mapped_depth	Denatured_low_mapq_mapped_depth	Denatured_primer_pair_1_mapped_depth	Reactivity_profile	Std_err	HQ_profile	HQ_stderr	Norm_profile	Norm_stderr
1	g	0	53856	0	nan	1	3	53856	0	0	0	nan	0	0	0	0	0	0	nan	0	0	0	nan	nan	nan	nan	nan	nan
2	g	0	53897	0	nan	1	3	53897	0	0	0	nan	0	0	0	0	0	0	nan	0	0	0	nan	nan	nan	nan	nan	nan
3	u	0	53913	0	nan	1	3	53913	0	0	0	nan	0	0	0	0	0	0	nan	0	0	0	nan	nan	nan	nan	nan	nan
4	g	0	53942	0	nan	1	3	53942	0	0	0	nan	0	0	0	0	0	0	nan	0	0	0	nan	nan	nan	nan	nan	nan
5	u	0	53958	0	nan	1	3	53958	0	0	0	nan	0	0	0	0	0	0	nan	0	0	0	nan	nan	nan	nan	nan	nan
6	a	0	53998	0	nan	1	3	53998	0	0	0	nan	0	0	0	0	0	0	nan	0	0	0	nan	nan	nan	nan	nan	nan
7	a	0	54045	0	nan	1	3	54045	0	0	0	nan	0	0	0	0	0	0	nan	0	0	0	nan	nan	nan	nan	nan	nan
8	g	0	54205	0	nan	1	3	54205	0	0	0	nan	0	0	0	0	0	0	nan	0	0	0	nan	nan	nan	nan	nan	nan
9	g	0	56136	0	nan	1	3	56136	0	0	0	nan	0	0	0	0	0	0	nan	0	0	0	nan	nan	nan	nan	nan	nan
10	g	0	225892	0	nan	1	3	225892	0	0	0	nan	0	0	0	0	0	0	nan	0	0	0	nan	nan	nan	nan	nan	nan
11	u	0	235642	0	nan	1	3	235642	0	0	0	nan	0	0	0	0	0	0	nan	0	0	0	nan	nan	nan	nan	nan	nan
12	g	0	236042	0	nan	1	3	236042	0	0	0	nan	0	0	0	0	0	0	nan	0	0	0	nan	nan	nan	nan	nan	nan
13	a	0	236095	0	nan	1	3	236095	0	0	0	nan	0	0	0	0	0	0	nan	0	0	0	nan	nan	nan	nan	nan	nan
14	a	0	236114	0	nan	1	3	236114	0	0	0	nan	0	0	0	0	0	0	nan	0	0	0	nan	nan	nan	nan	nan	nan
15	g	0	236160	0	nan	6	3	236160	0	0	0	nan	0	0	0	0	0	0	nan	0	0	0	nan	nan	nan	nan	nan	nan
16	u	0	236171	0	nan	6	3	236171	0	0	0	nan	0	0	0	0	0	0	nan	0	0	0	nan	nan	nan	nan	nan	nan
17	g	0	236194	0	nan	6	3	236194	0	0	0	nan	0	0	0	0	0	0	nan	0	0	0	nan	nan	nan	nan	nan	nan
18	u	0	236199	0	nan	6	3	236199	0	0	0	nan	0	0	0	0	0	0	nan	0	0	0	nan	nan	nan	nan	nan	nan
19	a	0	236295	0	nan	6	3	236295	0	0	0	nan	0	0	0	0	0	0	nan	0	0	0	nan	nan	nan	nan	nan	nan
20	A	0	236347	28	0.000000	6	6	236347	0	0	0	nan	0	0	0	0	0	0	nan	0	0	0	0.000000	0.000000	nan	nan	nan	nan
21	G	0	236411	51	0.000000	6	6	236411	0	0	0	nan	0	0	0	0	0	0	nan	0	0	0	0.000000	0.000000	nan	nan	nan	nan
22	G	0	236427	61	0.000000	6	6	236427	0	0	0	nan	0	0	0	0	0	0	nan	0	0	0	0.000000	0.000000	nan	nan	nan	nan
23	U	0	236439	233623	0.000000	6	6	236439	0	0	0	nan	0	0	0	0	0	0	nan	0	0	0	0.000000	0.000000	0.000000	0.000000	nan	nan
24	U	240	236442	233715	0.001027	6	6	236442	0	0	0	nan	0	0	0	0	0	0	nan	0	0	0	0.001027	0.000066	0.001027	0.000066	nan	nan
25	G	313	236445	232543	0.001346	6	6	236445	0	0	0	nan	0	0	0	0	0	0	nan	0	0	0	0.001346	0.000076	0.001346	0.000076	nan	nan
26	A	1088	236443	227812	0.004776	6	5	236413	0	0	0	nan	0	0	0	0	0	0	nan	0	0	0	0.004776	0.000145	0.004776	0.000145	0.393054	0.011933
27	C	6744	236456	227142	0.029691	6	4	236417	0	0	0	nan	0	0	0	0	0	0	nan	0	0	0	0.029691	0.000362	0.029691	0.000362	1.894102	0.023093
28	C	378	236475	227698	0.001660	6	4	236437	0	0	0	nan	0	0	0	0	0	0	nan	0	0	0	0.001660	0.000085	0.001660	0.000085	0.105898	0.005422
29	U	188	236524	231272	0.000813	6	4	236491	0	0	0	nan	0	0	0	0	0	0	nan	0	0	0	0.000813	0.000059	0.000813	0.000059	nan	nan
30	U	208	236553	232070	0.000896	6	4	236521	0	0	0	nan	0	0	0	0	0	0	nan	0	0	0	0.000896	0.000062	0.000896	0.000062	nan	nan
31	U	225	236578	232845	0.000966	6	4	236546	0	0	0	nan	0	0	0	0	0	0	nan	0	0	0	0.000966	0.000064	0.000966	0.000064	nan	nan
32	U	225	236653	233821	0.000962	6	4	236624	0	0	0	nan	0	0	0	0	0	0	nan	0	0	0	0.000962	0.000064	0.000962	0.000064	nan	nan
33	G	133	236700	232049	0.000573	6	4	236671	0	0	0	nan	0	0	0	0	0	0	nan	0	0	0	0.000573	0.000050	0.000573	0.000050	nan	nan
34	A	1501	236722	232519	0.006455	6	4	236694	0	0	0	nan	0	0	0	0	0	0	nan	0	0	0	0.006455	0.000167	0.006455	0.000167	0.531232	0.013744
35	A	1372	236737	231495	0.005927	6	4	236709	0	0	0	nan	0	0	0	0	0	0	nan	0	0	0	0.005927	0.000160	0.005927	0.000160	0.487779	0.013168
36	U	150	236750	228826	0.000656	6	4	236722	0	0	0	nan	0	0	0	0	0	0	nan	0	0	0	0.000656	0.000054	0.000656	0.000054	nan	nan
37	A	20602	236764	228836	0.090030	6	4	236736	0	0	0	nan	0	0	0	0	0	0	nan	0	0	0	0.090030	0.000627	0.090030	0.000627	7.409267	0.051601
38	G	340	236787	227356	0.001495	6	5	236763	0	0	0	nan	0	0	0	0	0	0	nan	0	0	0	0.001495	0.000081	0.001495	0.000081	nan	nan
39	U	360	236802	233239	0.001543	6	5	236779	0	0	0	nan	0	0	0	0	0	0	nan	0	0	0	0.001543	0.000081	0.001543	0.000081	nan	nan
40	G	483	236825	231466	0.002087	6	6	236804	0	0	0	nan	0	0	0	0	0	0	nan	0	0	0	0.002087	0.000095	0.002087	0.000095	nan	nan
41	A	4065	236857	232802	0.017461	6	6	236837	0	0	0	nan	0	0	0	0	0	0	nan	0	0	0	0.017461	0.000274	0.017461	0.000274	1.437001	0.022550
42	U	317	236897	232153	0.001365	6	6	236879	0	0	0	nan	0	0	0	0	0	0	nan	0	0	0	0.001365	0.000077	0.001365	0.000077	nan	nan
43	U	289	236916	232418	0.001243	6	6	236901	0	0	0	nan	0	0	0	0	0	0	nan	0	0	0	0.001243	0.000073	0.001243	0.000073	nan	nan
44	C	347	236928	232529	0.001492	6	6	236913	0	0	0	nan	0	0	0	0	0	0	nan	0	0	0	0.001492	0.000080	0.001492	0.000080	0.095180	0.005104
45	A	1250	236955	233452	0.005354	6	6	236943	0	0	0	nan	0	0	0	0	0	0	nan	0	0	0	0.005354	0.000151	0.005354	0.000151	0.440622	0.012427
46	G	192	236990	234359	0.000819	6	6	236978	0	0	0	nan	0	0	0	0	0	0	nan	0	0	0	0.000819	0.000059	0.000819	0.000059	nan	nan
47	G	137	237005	234025	0.000585	6	6	236993	0	0	0	nan	0	0	0	0	0	0	nan	0	0	0	0.000585	0.000050	0.000585	0.000050	nan	nan
48	A	653	237010	234417	0.002786	6	6	236998	0	0	0	nan	0	0	0	0	0	0	nan	0	0	0	0.002786	0.000109	0.002786	0.000109	0.229282	0.008970
49	G	256	237070	233024	0.001099	6	6	237067	0	0	0	nan	0	0	0	0	0	0	nan	0	0	0	0.001099	0.000069	0.001099	0.000069	nan	nan
50	G	269	237084	232699	0.001156	6	6	237083	0	0	0	nan	0	0	0	0	0	0	nan	0	0	0	0.001156	0.000070	0.001156	0.000070	nan	nan
51	U	178	237092	233839	0.000761	6	6	237092	0	0	0	nan	0	0	0	0	0	0	nan	0	0	0	0.000761	0.000057	0.000761	0.000057	nan	nan
52	U	213	237100	233151	0.000914	6	6	237100	0	0	0	nan	0	0	0	0	0	0	nan	0	0	0	0.000914	0.000063	0.000914	0.000063	nan	nan
53	A	2479	237103	233609	0.010612	5	6	237103	0	0	0	nan	0	0	0	0	0	0	nan	0	0	0	0.010612	0.000213	0.010612	0.000213	0.873344	0.017529
54	A	2838	237092	233562	0.012151	5	6	237092	0	0	0	nan	0	0	0	0	0	0	nan	0	0	0	0.012151	0.000228	0.012151	0.000228	1.000000	0.018764
55	U	364	237094	234210	0.001554	5	6	237094	0	0	0	nan	0	0	0	0	0	0	nan	0	0	0	0.001554	0.000081	0.001554	0.000081	nan	nan
56	G	307	237096	233656	0.001314	5	6	237096	0	0	0	nan	0	0	0	0	0	0	nan	0	0	0	0.001314	0.000075	0.001314	0.000075	nan	nan
57	G	0	237098	231857	0.000000	5	6	237098	0	0	0	nan	0	0	0	0	0	0	nan	0	0	0	0.000000	0.000000	0.000000	0.000000	nan	nan
58	A	0	237098	0	nan	5	6	237098	0	0	0	nan	0	0	0	0	0	0	nan	0	0	0	nan	nan	nan	nan	nan	nan
59	A	0	237098	0	nan	5	6	237098	0	0	0	nan	0	0	0	0	0	0	nan	0	0	0	nan	nan	nan	nan	nan	nan
60	G	0	237098	0	nan	5	6	237098	0	0	0	nan	0	0	0	0	0	0	nan	0	0	0	nan	nan	nan	nan	nan	nan
61	u	0	237098	0	nan	5	6	237098	0	0	0	nan	0	0	0	0	0	0	nan	0	0	0	nan	nan	nan	nan	nan	nan
62	a	0	237098	0	nan	5	6	237098	0	0	0	nan	0	0	0	0	0	0	nan	0	0	0	nan	nan	nan	nan	nan	nan
63	a	0	237098	0	nan	5	6	237098	0	0	0	nan	0	0	0	0	0	0	nan	0	0	0	nan	nan	nan	nan	nan	nan
64	a	0	237098	0	nan	5	6	237098	0	0	0	nan	0	0	0	0	0	0	nan	0	0	0	nan	nan	nan	nan	nan	nan
65	g	0	237098	0	nan	5	6	237098	0	0	0	nan	0	0	0	0	0	0	nan	0	0	0	nan	nan	nan	nan	nan	nan
66	g	0	237098	0	nan	5	6	237098	0	0	0	nan	0	0	0	0	0	0	nan	0	0	0	nan	nan	nan	nan	nan	nan
67	u	0	237098	0	nan	5	6	237098	0	0	0	nan	0	0	0	0	0	0	nan	0	0	0	nan	nan	nan	nan	nan	nan
68	a	0	237098	0	nan	5	6	237098	0	0	0	nan	0	0	0	0	0	0	nan	0	0	0	nan	nan	nan	nan	nan	nan
69	a	0	237098	0	nan	5	6	237098	0	0	0	nan	0	0	0	0	0	0	nan	0	0	0	nan	nan	nan	nan	nan	nan
70	u	0	237098	0	nan	5	6	237098	0	0	0	nan	0	0	0	0	0	0	nan	0	0	0	nan	nan	nan	nan	nan	nan
71	g	0	237098	0	nan	5	6	237098	0	0	0	nan	0	0	0	0	0	0	nan	0	0	0	nan	nan	nan	nan	nan	nan
72	a	0	237098	0	nan	5	6	237098	0	0	0	nan	0	0	0	0	0	0	nan	0	0	0	nan	nan	nan	nan	nan	nan
73	a	0	237098	0	nan	5	6	237098	0	0	0	nan	0	0	0	0	0	0	nan	0	0	0	nan	nan	nan	nan	nan	nan
74	g	0	237098	0	nan	5	6	237098	0	0	0	nan	0	0	0	0	0	0	nan	0	0	0	nan	nan	nan	nan	nan	nan
75	g	0	237095	0	nan	5	6	237095	0	0	0	nan	0	0	0	0	0	0	nan	0	0	0	nan	nan	nan	nan	nan	nan
76	u	0	237090	0	nan	5	6	237090	0	0	0	nan	0	0	0	0	0	0	nan	0	0	0	nan	nan	nan	nan	nan	nan
77	g	0	237088	0	nan	5	6	237088	0	0	0	nan	0	0	0	0	0	0	nan	0	0	0	nan	nan	nan	nan	nan	nan
78	a	0	237086	0	nan	5	6	237086	0	0	0	nan	0	0	0	0	0	0	nan	0	0	0	nan	nan	nan	nan	nan	nan
79	a	0	237040	0	nan	5	6	237040	0	0	0	nan	0	0	0	0	0	0	nan	0	0	0	nan	nan	nan	nan	nan	nan
80	g	0	236959	0	nan	5	6	236959	0	0	0	nan	0	0	0	0	0	0	nan	0	0	0	nan	nan	nan	nan	nan	nan