Nucleotide	Sequence	Modified_mutations	Modified_read_depth	Modified_effective_depth	Modified_rate	Modified_off_target_mapped_depth	Modified_low_mapq_mapped_depth	Modified_primer_pair_1_mapped_depth	Untreated_mutations	Untreated_read_depth	Untreated_effective_depth	Untreated_rate	Untreated_off_target_mapped_depth	Untreated_low_mapq_mapped_depth	Untreated_primer_pair_1_mapped_depth	Denatured_mutations	Denatured_read_depth	Denatured_effective_depth	Denatured_rate	Denatured_off_target_mapped_depth	Denatured_low_mapq_mapped_depth	Denatured_primer_pair_1_mapped_depth	Reactivity_profile	Std_err	HQ_profile	HQ_stderr	Norm_profile	Norm_stderr
1	g	0	238565	0	nan	20	0	238565	0	0	0	nan	0	0	0	0	0	0	nan	0	0	0	nan	nan	nan	nan	nan	nan
2	g	0	238997	0	nan	20	0	238997	0	0	0	nan	0	0	0	0	0	0	nan	0	0	0	nan	nan	nan	nan	nan	nan
3	c	0	239155	0	nan	21	0	239155	0	0	0	nan	0	0	0	0	0	0	nan	0	0	0	nan	nan	nan	nan	nan	nan
4	a	0	243581	0	nan	43	0	243581	0	0	0	nan	0	0	0	0	0	0	nan	0	0	0	nan	nan	nan	nan	nan	nan
5	c	0	243672	0	nan	44	0	243672	0	0	0	nan	0	0	0	0	0	0	nan	0	0	0	nan	nan	nan	nan	nan	nan
6	c	0	243696	0	nan	44	0	243696	0	0	0	nan	0	0	0	0	0	0	nan	0	0	0	nan	nan	nan	nan	nan	nan
7	u	0	243701	0	nan	44	0	243701	0	0	0	nan	0	0	0	0	0	0	nan	0	0	0	nan	nan	nan	nan	nan	nan
8	c	0	243708	0	nan	44	0	243708	0	0	0	nan	0	0	0	0	0	0	nan	0	0	0	nan	nan	nan	nan	nan	nan
9	a	0	243709	0	nan	44	0	243709	0	0	0	nan	0	0	0	0	0	0	nan	0	0	0	nan	nan	nan	nan	nan	nan
10	u	0	243738	0	nan	44	0	243738	0	0	0	nan	0	0	0	0	0	0	nan	0	0	0	nan	nan	nan	nan	nan	nan
11	a	0	243761	0	nan	44	0	243761	0	0	0	nan	0	0	0	0	0	0	nan	0	0	0	nan	nan	nan	nan	nan	nan
12	a	0	243778	0	nan	44	0	243778	0	0	0	nan	0	0	0	0	0	0	nan	0	0	0	nan	nan	nan	nan	nan	nan
13	c	0	243786	0	nan	44	0	243786	0	0	0	nan	0	0	0	0	0	0	nan	0	0	0	nan	nan	nan	nan	nan	nan
14	a	0	243789	0	nan	44	0	243789	0	0	0	nan	0	0	0	0	0	0	nan	0	0	0	nan	nan	nan	nan	nan	nan
15	u	0	243790	0	nan	44	0	243790	0	0	0	nan	0	0	0	0	0	0	nan	0	0	0	nan	nan	nan	nan	nan	nan
16	a	0	243795	0	nan	44	0	243795	0	0	0	nan	0	0	0	0	0	0	nan	0	0	0	nan	nan	nan	nan	nan	nan
17	a	0	243799	0	nan	44	0	243799	0	0	0	nan	0	0	0	0	0	0	nan	0	0	0	nan	nan	nan	nan	nan	nan
18	c	0	243801	0	nan	44	0	243801	0	0	0	nan	0	0	0	0	0	0	nan	0	0	0	nan	nan	nan	nan	nan	nan
19	U	0	243802	0	nan	44	0	243802	0	0	0	nan	0	0	0	0	0	0	nan	0	0	0	nan	nan	nan	nan	nan	nan
20	A	0	243814	9	0.000000	44	0	243814	0	0	0	nan	0	0	0	0	0	0	nan	0	0	0	0.000000	0.000000	nan	nan	nan	nan
21	A	0	243824	15	0.000000	44	0	243824	0	0	0	nan	0	0	0	0	0	0	nan	0	0	0	0.000000	0.000000	nan	nan	nan	nan
22	G	0	243828	241454	0.000000	44	0	243828	0	0	0	nan	0	0	0	0	0	0	nan	0	0	0	0.000000	0.000000	0.000000	0.000000	0.000000	0.000000
23	G	616	243837	239149	0.002576	44	0	243837	0	0	0	nan	0	0	0	0	0	0	nan	0	0	0	0.002576	0.000104	0.002576	0.000104	1.000000	0.040373
24	C	1408	243844	241572	0.005828	44	0	243844	0	0	0	nan	0	0	0	0	0	0	nan	0	0	0	0.005828	0.000155	0.005828	0.000155	1.043229	0.027745
25	A	1556	243861	242068	0.006428	44	0	243861	0	0	0	nan	0	0	0	0	0	0	nan	0	0	0	0.006428	0.000163	0.006428	0.000163	0.263518	0.006682
26	G	521	243866	241395	0.002158	44	0	243866	0	0	0	nan	0	0	0	0	0	0	nan	0	0	0	0.002158	0.000095	0.002158	0.000095	0.837733	0.036879
27	A	5897	243878	241748	0.024393	44	0	243877	0	0	0	nan	0	0	0	0	0	0	nan	0	0	0	0.024393	0.000318	0.024393	0.000318	1.000000	0.013037
28	U	504	243886	241047	0.002091	44	0	243886	0	0	0	nan	0	0	0	0	0	0	nan	0	0	0	0.002091	0.000093	0.002091	0.000093	0.977103	0.043458
29	C	10302	243888	241882	0.042591	44	0	243888	0	0	0	nan	0	0	0	0	0	0	nan	0	0	0	0.042591	0.000420	0.042591	0.000420	7.623915	0.075181
30	U	540	243892	241799	0.002233	44	0	243892	0	0	0	nan	0	0	0	0	0	0	nan	0	0	0	0.002233	0.000096	0.002233	0.000096	1.043458	0.044860
31	G	392	243894	241619	0.001622	44	0	243891	0	0	0	nan	0	0	0	0	0	0	nan	0	0	0	0.001622	0.000082	0.001622	0.000082	0.629658	0.031832
32	A	1008	243896	242254	0.004161	44	0	243894	0	0	0	nan	0	0	0	0	0	0	nan	0	0	0	0.004161	0.000131	0.004161	0.000131	0.170582	0.005370
33	G	480	243898	240516	0.001996	44	0	243897	0	0	0	nan	0	0	0	0	0	0	nan	0	0	0	0.001996	0.000091	0.001996	0.000091	0.774845	0.035326
34	C	594	243900	241847	0.002456	44	0	243892	0	0	0	nan	0	0	0	0	0	0	nan	0	0	0	0.002456	0.000101	0.002456	0.000101	0.439631	0.018079
35	U	510	243913	241549	0.002111	44	0	243900	0	0	0	nan	0	0	0	0	0	0	nan	0	0	0	0.002111	0.000093	0.002111	0.000093	0.986449	0.043458
36	U	510	243916	240969	0.002116	44	0	243890	0	0	0	nan	0	0	0	0	0	0	nan	0	0	0	0.002116	0.000094	0.002116	0.000094	0.988785	0.043925
37	G	523	243920	240142	0.002178	44	0	243860	0	0	0	nan	0	0	0	0	0	0	nan	0	0	0	0.002178	0.000095	0.002178	0.000095	0.845497	0.036879
38	G	443	243921	234270	0.001891	44	0	243867	0	0	0	nan	0	0	0	0	0	0	nan	0	0	0	0.001891	0.000090	0.001891	0.000090	0.734084	0.034938
39	G	575	243926	233842	0.002459	44	0	243880	0	0	0	nan	0	0	0	0	0	0	nan	0	0	0	0.002459	0.000103	0.002459	0.000103	0.954581	0.039984
40	A	2935	243930	235548	0.012460	44	0	243897	0	0	0	nan	0	0	0	0	0	0	nan	0	0	0	0.012460	0.000230	0.012460	0.000230	0.510802	0.009429
41	G	735	243942	239969	0.003063	44	0	243930	0	0	0	nan	0	0	0	0	0	0	nan	0	0	0	0.003063	0.000113	0.003063	0.000113	1.189053	0.043866
42	C	476	243947	242584	0.001962	26	0	243943	0	0	0	nan	0	0	0	0	0	0	nan	0	0	0	0.001962	0.000090	0.001962	0.000090	0.351204	0.016110
43	U	333	243948	242933	0.001371	26	0	243945	0	0	0	nan	0	0	0	0	0	0	nan	0	0	0	0.001371	0.000075	0.001371	0.000075	0.640654	0.035047
44	C	568	243947	243071	0.002337	26	0	243944	0	0	0	nan	0	0	0	0	0	0	nan	0	0	0	0.002337	0.000098	0.002337	0.000098	0.418330	0.017542
45	U	432	243949	243229	0.001776	26	0	243948	0	0	0	nan	0	0	0	0	0	0	nan	0	0	0	0.001776	0.000085	0.001776	0.000085	0.829907	0.039720
46	C	817	243949	243241	0.003359	26	0	243948	0	0	0	nan	0	0	0	0	0	0	nan	0	0	0	0.003359	0.000118	0.003359	0.000118	0.601271	0.021122
47	U	526	243951	243046	0.002164	26	0	243948	0	0	0	nan	0	0	0	0	0	0	nan	0	0	0	0.002164	0.000094	0.002164	0.000094	1.011215	0.043925
48	G	800	243951	241671	0.003310	25	0	243946	0	0	0	nan	0	0	0	0	0	0	nan	0	0	0	0.003310	0.000117	0.003310	0.000117	1.284938	0.045419
49	C	1334	243951	242297	0.005506	25	0	243946	0	0	0	nan	0	0	0	0	0	0	nan	0	0	0	0.005506	0.000151	0.005506	0.000151	0.985590	0.027029
50	C	1135	243956	241834	0.004693	25	0	243953	0	0	0	nan	0	0	0	0	0	0	nan	0	0	0	0.004693	0.000139	0.004693	0.000139	0.840061	0.024881
51	A	8423	243955	241782	0.034837	25	0	243954	0	0	0	nan	0	0	0	0	0	0	nan	0	0	0	0.034837	0.000380	0.034837	0.000380	1.428156	0.015578
52	A	0	243955	240813	0.000000	25	0	243955	0	0	0	nan	0	0	0	0	0	0	nan	0	0	0	0.000000	0.000000	0.000000	0.000000	0.000000	0.000000
53	U	0	243941	222	0.000000	22	0	243941	0	0	0	nan	0	0	0	0	0	0	nan	0	0	0	0.000000	0.000000	nan	nan	nan	nan
54	C	0	243677	1	0.000000	17	0	243677	0	0	0	nan	0	0	0	0	0	0	nan	0	0	0	0.000000	0.000000	nan	nan	nan	nan
55	C	0	243674	0	nan	17	0	243674	0	0	0	nan	0	0	0	0	0	0	nan	0	0	0	nan	nan	nan	nan	nan	nan
56	a	0	243674	0	nan	17	0	243674	0	0	0	nan	0	0	0	0	0	0	nan	0	0	0	nan	nan	nan	nan	nan	nan
57	c	0	243674	0	nan	17	0	243674	0	0	0	nan	0	0	0	0	0	0	nan	0	0	0	nan	nan	nan	nan	nan	nan
58	u	0	243674	0	nan	17	0	243674	0	0	0	nan	0	0	0	0	0	0	nan	0	0	0	nan	nan	nan	nan	nan	nan
59	a	0	243674	0	nan	17	0	243674	0	0	0	nan	0	0	0	0	0	0	nan	0	0	0	nan	nan	nan	nan	nan	nan
60	a	0	243674	0	nan	17	0	243674	0	0	0	nan	0	0	0	0	0	0	nan	0	0	0	nan	nan	nan	nan	nan	nan
61	c	0	243674	0	nan	9	0	243674	0	0	0	nan	0	0	0	0	0	0	nan	0	0	0	nan	nan	nan	nan	nan	nan
62	c	0	243674	0	nan	9	0	243674	0	0	0	nan	0	0	0	0	0	0	nan	0	0	0	nan	nan	nan	nan	nan	nan
63	u	0	243674	0	nan	0	0	243674	0	0	0	nan	0	0	0	0	0	0	nan	0	0	0	nan	nan	nan	nan	nan	nan
64	c	0	243674	0	nan	0	0	243674	0	0	0	nan	0	0	0	0	0	0	nan	0	0	0	nan	nan	nan	nan	nan	nan
65	a	0	243674	0	nan	0	0	243674	0	0	0	nan	0	0	0	0	0	0	nan	0	0	0	nan	nan	nan	nan	nan	nan
66	c	0	243671	0	nan	0	0	243671	0	0	0	nan	0	0	0	0	0	0	nan	0	0	0	nan	nan	nan	nan	nan	nan
67	u	0	243671	0	nan	0	0	243671	0	0	0	nan	0	0	0	0	0	0	nan	0	0	0	nan	nan	nan	nan	nan	nan
68	c	0	243670	0	nan	0	0	243670	0	0	0	nan	0	0	0	0	0	0	nan	0	0	0	nan	nan	nan	nan	nan	nan
69	a	0	243669	0	nan	0	0	243669	0	0	0	nan	0	0	0	0	0	0	nan	0	0	0	nan	nan	nan	nan	nan	nan
70	c	0	243660	0	nan	0	0	243660	0	0	0	nan	0	0	0	0	0	0	nan	0	0	0	nan	nan	nan	nan	nan	nan
71	a	0	243656	0	nan	0	0	243656	0	0	0	nan	0	0	0	0	0	0	nan	0	0	0	nan	nan	nan	nan	nan	nan
72	a	0	243575	0	nan	0	0	243575	0	0	0	nan	0	0	0	0	0	0	nan	0	0	0	nan	nan	nan	nan	nan	nan
73	u	0	243467	0	nan	0	0	243467	0	0	0	nan	0	0	0	0	0	0	nan	0	0	0	nan	nan	nan	nan	nan	nan
74	c	0	243122	0	nan	0	0	243122	0	0	0	nan	0	0	0	0	0	0	nan	0	0	0	nan	nan	nan	nan	nan	nan