Nucleotide	Sequence	Modified_mutations	Modified_read_depth	Modified_effective_depth	Modified_rate	Modified_off_target_mapped_depth	Modified_low_mapq_mapped_depth	Modified_primer_pair_1_mapped_depth	Untreated_mutations	Untreated_read_depth	Untreated_effective_depth	Untreated_rate	Untreated_off_target_mapped_depth	Untreated_low_mapq_mapped_depth	Untreated_primer_pair_1_mapped_depth	Denatured_mutations	Denatured_read_depth	Denatured_effective_depth	Denatured_rate	Denatured_off_target_mapped_depth	Denatured_low_mapq_mapped_depth	Denatured_primer_pair_1_mapped_depth	Reactivity_profile	Std_err	HQ_profile	HQ_stderr	Norm_profile	Norm_stderr
1	g	0	4077801	0	nan	90	1587	4077801	0	0	0	nan	0	0	0	0	0	0	nan	0	0	0	nan	nan	nan	nan	nan	nan
2	g	0	4158922	0	nan	94	1603	4158922	0	0	0	nan	0	0	0	0	0	0	nan	0	0	0	nan	nan	nan	nan	nan	nan
3	u	0	4190523	0	nan	94	1613	4190523	0	0	0	nan	0	0	0	0	0	0	nan	0	0	0	nan	nan	nan	nan	nan	nan
4	g	0	4199619	0	nan	94	1662	4199619	0	0	0	nan	0	0	0	0	0	0	nan	0	0	0	nan	nan	nan	nan	nan	nan
5	u	0	4205148	0	nan	94	1675	4205148	0	0	0	nan	0	0	0	0	0	0	nan	0	0	0	nan	nan	nan	nan	nan	nan
6	a	0	4211641	0	nan	94	1734	4211641	0	0	0	nan	0	0	0	0	0	0	nan	0	0	0	nan	nan	nan	nan	nan	nan
7	a	0	4214059	0	nan	94	1737	4214059	0	0	0	nan	0	0	0	0	0	0	nan	0	0	0	nan	nan	nan	nan	nan	nan
8	g	0	4215256	0	nan	94	1739	4215256	0	0	0	nan	0	0	0	0	0	0	nan	0	0	0	nan	nan	nan	nan	nan	nan
9	g	0	4216965	0	nan	94	1740	4216965	0	0	0	nan	0	0	0	0	0	0	nan	0	0	0	nan	nan	nan	nan	nan	nan
10	g	0	4219919	0	nan	94	1783	4219919	0	0	0	nan	0	0	0	0	0	0	nan	0	0	0	nan	nan	nan	nan	nan	nan
11	u	0	4225563	0	nan	94	1793	4225563	0	0	0	nan	0	0	0	0	0	0	nan	0	0	0	nan	nan	nan	nan	nan	nan
12	g	0	4241411	0	nan	194	1956	4241411	0	0	0	nan	0	0	0	0	0	0	nan	0	0	0	nan	nan	nan	nan	nan	nan
13	a	0	4262995	0	nan	203	1979	4262995	0	0	0	nan	0	0	0	0	0	0	nan	0	0	0	nan	nan	nan	nan	nan	nan
14	a	0	4284466	0	nan	240	1982	4284466	0	0	0	nan	0	0	0	0	0	0	nan	0	0	0	nan	nan	nan	nan	nan	nan
15	g	0	4298670	0	nan	304	1986	4298670	0	0	0	nan	0	0	0	0	0	0	nan	0	0	0	nan	nan	nan	nan	nan	nan
16	u	0	4310868	0	nan	304	1986	4310868	0	0	0	nan	0	0	0	0	0	0	nan	0	0	0	nan	nan	nan	nan	nan	nan
17	g	0	4317177	0	nan	309	2013	4317177	0	0	0	nan	0	0	0	0	0	0	nan	0	0	0	nan	nan	nan	nan	nan	nan
18	u	0	4321794	0	nan	316	2026	4321794	0	0	0	nan	0	0	0	0	0	0	nan	0	0	0	nan	nan	nan	nan	nan	nan
19	a	0	4325403	0	nan	316	2116	4325403	0	0	0	nan	0	0	0	0	0	0	nan	0	0	0	nan	nan	nan	nan	nan	nan
20	A	0	4326878	279	0.000000	316	2116	4326878	0	0	0	nan	0	0	0	0	0	0	nan	0	0	0	0.000000	0.000000	nan	nan	nan	nan
21	G	0	4327502	280	0.000000	316	2116	4327502	0	0	0	nan	0	0	0	0	0	0	nan	0	0	0	0.000000	0.000000	nan	nan	nan	nan
22	G	0	4328449	548	0.000000	316	2116	4328449	0	0	0	nan	0	0	0	0	0	0	nan	0	0	0	0.000000	0.000000	nan	nan	nan	nan
23	U	0	4330897	3521230	0.000000	316	2116	4330897	0	0	0	nan	0	0	0	0	0	0	nan	0	0	0	0.000000	0.000000	0.000000	0.000000	0.000000	0.000000
24	U	17141	4331907	3502417	0.004894	316	2116	4331907	0	0	0	nan	0	0	0	0	0	0	nan	0	0	0	0.004894	0.000037	0.004894	0.000037	1.179277	0.008916
25	G	3026	4339002	3502977	0.000864	316	2116	4339002	0	0	0	nan	0	0	0	0	0	0	nan	0	0	0	0.000864	0.000016	0.000864	0.000016	0.208595	0.003863
26	A	2849	4372987	3741258	0.000762	316	2116	4372953	0	0	0	nan	0	0	0	0	0	0	nan	0	0	0	0.000762	0.000014	0.000762	0.000014	nan	nan
27	C	25424	4382301	3716991	0.006840	316	2116	4382241	0	0	0	nan	0	0	0	0	0	0	nan	0	0	0	0.006840	0.000043	0.006840	0.000043	0.772314	0.004855
28	C	39133	4383367	3598948	0.010873	316	2116	4383230	0	0	0	nan	0	0	0	0	0	0	nan	0	0	0	0.010873	0.000055	0.010873	0.000055	1.227686	0.006210
29	U	7939	4387650	3478790	0.002282	316	2116	4387504	0	0	0	nan	0	0	0	0	0	0	nan	0	0	0	0.002282	0.000026	0.002282	0.000026	0.549880	0.006265
30	U	5015	4392636	3522055	0.001424	317	2116	4392475	0	0	0	nan	0	0	0	0	0	0	nan	0	0	0	0.001424	0.000020	0.001424	0.000020	0.343133	0.004819
31	U	4201	4398982	3535866	0.001188	317	2116	4398792	0	0	0	nan	0	0	0	0	0	0	nan	0	0	0	0.001188	0.000018	0.001188	0.000018	0.286265	0.004337
32	U	12666	4404578	3718448	0.003406	318	2116	4404375	0	0	0	nan	0	0	0	0	0	0	nan	0	0	0	0.003406	0.000030	0.003406	0.000030	0.820723	0.007229
33	G	1348	4457991	3836057	0.000351	321	2116	4457772	0	0	0	nan	0	0	0	0	0	0	nan	0	0	0	0.000351	0.000010	0.000351	0.000010	0.084742	0.002414
34	A	1644	4493651	4199532	0.000391	321	2116	4493495	0	0	0	nan	0	0	0	0	0	0	nan	0	0	0	0.000391	0.000010	0.000391	0.000010	nan	nan
35	A	6704	4504763	4163188	0.001610	321	2116	4504612	0	0	0	nan	0	0	0	0	0	0	nan	0	0	0	0.001610	0.000020	0.001610	0.000020	nan	nan
36	U	2382	4505924	4154671	0.000573	321	2116	4505770	0	0	0	nan	0	0	0	0	0	0	nan	0	0	0	0.000573	0.000012	0.000573	0.000012	0.138072	0.002892
37	A	6057	4508145	3931018	0.001541	321	2116	4507990	0	0	0	nan	0	0	0	0	0	0	nan	0	0	0	0.001541	0.000020	0.001541	0.000020	nan	nan
38	G	4258	4508479	3845002	0.001107	324	2116	4508328	0	0	0	nan	0	0	0	0	0	0	nan	0	0	0	0.001107	0.000017	0.001107	0.000017	0.267262	0.004104
39	U	4646	4509480	3767143	0.001233	324	2116	4509327	0	0	0	nan	0	0	0	0	0	0	nan	0	0	0	0.001233	0.000018	0.001233	0.000018	0.297108	0.004337
40	G	4121	4511266	3855674	0.001069	325	2116	4511109	0	0	0	nan	0	0	0	0	0	0	nan	0	0	0	0.001069	0.000017	0.001069	0.000017	0.258088	0.004104
41	A	8729	4520191	3857424	0.002263	325	2117	4520034	0	0	0	nan	0	0	0	0	0	0	nan	0	0	0	0.002263	0.000024	0.002263	0.000024	nan	nan
42	U	13953	4521932	3755009	0.003716	325	2117	4521772	0	0	0	nan	0	0	0	0	0	0	nan	0	0	0	0.003716	0.000031	0.003716	0.000031	0.895422	0.007470
43	U	5930	4525828	3736743	0.001587	325	2117	4525666	0	0	0	nan	0	0	0	0	0	0	nan	0	0	0	0.001587	0.000021	0.001587	0.000021	0.382410	0.005060
44	C	4759	4537775	3768209	0.001263	325	2117	4537616	0	0	0	nan	0	0	0	0	0	0	nan	0	0	0	0.001263	0.000018	0.001263	0.000018	0.142607	0.002032
45	A	3415	4545311	3786899	0.000902	322	2117	4545136	0	0	0	nan	0	0	0	0	0	0	nan	0	0	0	0.000902	0.000015	0.000902	0.000015	nan	nan
46	G	2508	4548572	3608193	0.000695	321	2117	4548399	0	0	0	nan	0	0	0	0	0	0	nan	0	0	0	0.000695	0.000014	0.000695	0.000014	0.167793	0.003380
47	G	9415	4558422	3658285	0.002574	324	2117	4558248	0	0	0	nan	0	0	0	0	0	0	nan	0	0	0	0.002574	0.000027	0.002574	0.000027	0.621439	0.006519
48	A	1635	4579244	3497798	0.000467	328	2117	4579082	0	0	0	nan	0	0	0	0	0	0	nan	0	0	0	0.000467	0.000012	0.000467	0.000012	nan	nan
49	G	30992	4582164	3503351	0.008846	333	2117	4582020	0	0	0	nan	0	0	0	0	0	0	nan	0	0	0	0.008846	0.000050	0.008846	0.000050	2.135683	0.012071
50	G	898	4596339	3437345	0.000261	340	2117	4596226	0	0	0	nan	0	0	0	0	0	0	nan	0	0	0	0.000261	0.000009	0.000261	0.000009	0.063013	0.002173
51	U	15295	4614449	3685366	0.004150	340	2117	4614382	0	0	0	nan	0	0	0	0	0	0	nan	0	0	0	0.004150	0.000034	0.004150	0.000034	1.000000	0.008193
52	U	9198	4639611	3874695	0.002374	341	2117	4639562	0	0	0	nan	0	0	0	0	0	0	nan	0	0	0	0.002374	0.000025	0.002374	0.000025	0.572048	0.006024
53	A	1426	4655652	4181729	0.000341	339	2117	4655609	0	0	0	nan	0	0	0	0	0	0	nan	0	0	0	0.000341	0.000009	0.000341	0.000009	nan	nan
54	A	1803	4667312	4194380	0.000430	339	2117	4667279	0	0	0	nan	0	0	0	0	0	0	nan	0	0	0	0.000430	0.000010	0.000430	0.000010	nan	nan
55	U	10697	4668587	4077069	0.002624	338	2117	4668565	0	0	0	nan	0	0	0	0	0	0	nan	0	0	0	0.002624	0.000025	0.002624	0.000025	0.632289	0.006024
56	G	2459	4670665	3846136	0.000639	337	2117	4670651	0	0	0	nan	0	0	0	0	0	0	nan	0	0	0	0.000639	0.000013	0.000639	0.000013	0.154273	0.003139
57	G	0	4672122	3981450	0.000000	337	2117	4672117	0	0	0	nan	0	0	0	0	0	0	nan	0	0	0	0.000000	0.000000	0.000000	0.000000	0.000000	0.000000
58	A	0	4673929	60	0.000000	335	2117	4673929	0	0	0	nan	0	0	0	0	0	0	nan	0	0	0	0.000000	0.000000	nan	nan	nan	nan
59	A	0	4673878	70	0.000000	335	2117	4673878	0	0	0	nan	0	0	0	0	0	0	nan	0	0	0	0.000000	0.000000	nan	nan	nan	nan
60	G	0	4673823	45	0.000000	335	2117	4673823	0	0	0	nan	0	0	0	0	0	0	nan	0	0	0	0.000000	0.000000	nan	nan	nan	nan
61	u	0	4673748	0	nan	335	2117	4673748	0	0	0	nan	0	0	0	0	0	0	nan	0	0	0	nan	nan	nan	nan	nan	nan
62	a	0	4673627	0	nan	330	2116	4673627	0	0	0	nan	0	0	0	0	0	0	nan	0	0	0	nan	nan	nan	nan	nan	nan
63	a	0	4673553	0	nan	322	2116	4673553	0	0	0	nan	0	0	0	0	0	0	nan	0	0	0	nan	nan	nan	nan	nan	nan
64	a	0	4673519	0	nan	316	2112	4673519	0	0	0	nan	0	0	0	0	0	0	nan	0	0	0	nan	nan	nan	nan	nan	nan
65	g	0	4673493	0	nan	291	1678	4673493	0	0	0	nan	0	0	0	0	0	0	nan	0	0	0	nan	nan	nan	nan	nan	nan
66	g	0	4673479	0	nan	246	1638	4673479	0	0	0	nan	0	0	0	0	0	0	nan	0	0	0	nan	nan	nan	nan	nan	nan
67	u	0	4673464	0	nan	233	1632	4673464	0	0	0	nan	0	0	0	0	0	0	nan	0	0	0	nan	nan	nan	nan	nan	nan
68	a	0	4673454	0	nan	232	1529	4673454	0	0	0	nan	0	0	0	0	0	0	nan	0	0	0	nan	nan	nan	nan	nan	nan
69	a	0	4673442	0	nan	230	1520	4673442	0	0	0	nan	0	0	0	0	0	0	nan	0	0	0	nan	nan	nan	nan	nan	nan
70	u	0	4673423	0	nan	229	1471	4673423	0	0	0	nan	0	0	0	0	0	0	nan	0	0	0	nan	nan	nan	nan	nan	nan
71	g	0	4673350	0	nan	225	1466	4673350	0	0	0	nan	0	0	0	0	0	0	nan	0	0	0	nan	nan	nan	nan	nan	nan
72	a	0	4673275	0	nan	212	1457	4673275	0	0	0	nan	0	0	0	0	0	0	nan	0	0	0	nan	nan	nan	nan	nan	nan
73	a	0	4673238	0	nan	211	1454	4673238	0	0	0	nan	0	0	0	0	0	0	nan	0	0	0	nan	nan	nan	nan	nan	nan
74	g	0	4673216	0	nan	211	1453	4673216	0	0	0	nan	0	0	0	0	0	0	nan	0	0	0	nan	nan	nan	nan	nan	nan
75	g	0	4673174	0	nan	211	1450	4673174	0	0	0	nan	0	0	0	0	0	0	nan	0	0	0	nan	nan	nan	nan	nan	nan
76	u	0	4673095	0	nan	208	1445	4673095	0	0	0	nan	0	0	0	0	0	0	nan	0	0	0	nan	nan	nan	nan	nan	nan
77	g	0	4673014	0	nan	208	1434	4673014	0	0	0	nan	0	0	0	0	0	0	nan	0	0	0	nan	nan	nan	nan	nan	nan
78	a	0	4672914	0	nan	198	1433	4672914	0	0	0	nan	0	0	0	0	0	0	nan	0	0	0	nan	nan	nan	nan	nan	nan
79	a	0	4670378	0	nan	191	1429	4670378	0	0	0	nan	0	0	0	0	0	0	nan	0	0	0	nan	nan	nan	nan	nan	nan
80	g	0	4668409	0	nan	182	1415	4668409	0	0	0	nan	0	0	0	0	0	0	nan	0	0	0	nan	nan	nan	nan	nan	nan