Nucleotide	Sequence	Modified_mutations	Modified_read_depth	Modified_effective_depth	Modified_rate	Modified_off_target_mapped_depth	Modified_low_mapq_mapped_depth	Modified_primer_pair_1_mapped_depth	Untreated_mutations	Untreated_read_depth	Untreated_effective_depth	Untreated_rate	Untreated_off_target_mapped_depth	Untreated_low_mapq_mapped_depth	Untreated_primer_pair_1_mapped_depth	Denatured_mutations	Denatured_read_depth	Denatured_effective_depth	Denatured_rate	Denatured_off_target_mapped_depth	Denatured_low_mapq_mapped_depth	Denatured_primer_pair_1_mapped_depth	Reactivity_profile	Std_err	HQ_profile	HQ_stderr	Norm_profile	Norm_stderr
1	g	0	167073	0	nan	7	0	167073	0	0	0	nan	0	0	0	0	0	0	nan	0	0	0	nan	nan	nan	nan	nan	nan
2	g	0	167473	0	nan	7	0	167473	0	0	0	nan	0	0	0	0	0	0	nan	0	0	0	nan	nan	nan	nan	nan	nan
3	c	0	167578	0	nan	9	0	167578	0	0	0	nan	0	0	0	0	0	0	nan	0	0	0	nan	nan	nan	nan	nan	nan
4	a	0	167588	0	nan	9	0	167588	0	0	0	nan	0	0	0	0	0	0	nan	0	0	0	nan	nan	nan	nan	nan	nan
5	c	0	167606	0	nan	9	0	167606	0	0	0	nan	0	0	0	0	0	0	nan	0	0	0	nan	nan	nan	nan	nan	nan
6	c	0	169157	0	nan	9	0	169157	0	0	0	nan	0	0	0	0	0	0	nan	0	0	0	nan	nan	nan	nan	nan	nan
7	u	0	169261	0	nan	9	0	169261	0	0	0	nan	0	0	0	0	0	0	nan	0	0	0	nan	nan	nan	nan	nan	nan
8	c	0	169267	0	nan	9	0	169267	0	0	0	nan	0	0	0	0	0	0	nan	0	0	0	nan	nan	nan	nan	nan	nan
9	a	0	169269	0	nan	9	0	169269	0	0	0	nan	0	0	0	0	0	0	nan	0	0	0	nan	nan	nan	nan	nan	nan
10	u	0	169271	0	nan	9	0	169271	0	0	0	nan	0	0	0	0	0	0	nan	0	0	0	nan	nan	nan	nan	nan	nan
11	a	0	169273	0	nan	9	0	169273	0	0	0	nan	0	0	0	0	0	0	nan	0	0	0	nan	nan	nan	nan	nan	nan
12	a	0	169278	0	nan	9	0	169278	0	0	0	nan	0	0	0	0	0	0	nan	0	0	0	nan	nan	nan	nan	nan	nan
13	c	0	169288	0	nan	9	0	169288	0	0	0	nan	0	0	0	0	0	0	nan	0	0	0	nan	nan	nan	nan	nan	nan
14	a	0	169291	0	nan	9	0	169291	0	0	0	nan	0	0	0	0	0	0	nan	0	0	0	nan	nan	nan	nan	nan	nan
15	u	0	169293	0	nan	9	0	169293	0	0	0	nan	0	0	0	0	0	0	nan	0	0	0	nan	nan	nan	nan	nan	nan
16	a	0	169298	0	nan	9	0	169298	0	0	0	nan	0	0	0	0	0	0	nan	0	0	0	nan	nan	nan	nan	nan	nan
17	a	0	169300	0	nan	9	0	169300	0	0	0	nan	0	0	0	0	0	0	nan	0	0	0	nan	nan	nan	nan	nan	nan
18	c	0	169303	0	nan	9	0	169303	0	0	0	nan	0	0	0	0	0	0	nan	0	0	0	nan	nan	nan	nan	nan	nan
19	U	0	169307	2	0.000000	9	0	169307	0	0	0	nan	0	0	0	0	0	0	nan	0	0	0	0.000000	0.000000	nan	nan	nan	nan
20	A	0	169314	5	0.000000	9	0	169314	0	0	0	nan	0	0	0	0	0	0	nan	0	0	0	0.000000	0.000000	nan	nan	nan	nan
21	A	0	169316	7	0.000000	9	0	169316	0	0	0	nan	0	0	0	0	0	0	nan	0	0	0	0.000000	0.000000	nan	nan	nan	nan
22	G	0	169320	167365	0.000000	9	0	169320	0	0	0	nan	0	0	0	0	0	0	nan	0	0	0	0.000000	0.000000	0.000000	0.000000	nan	nan
23	G	151	169322	165505	0.000912	9	0	169322	0	0	0	nan	0	0	0	0	0	0	nan	0	0	0	0.000912	0.000074	0.000912	0.000074	nan	nan
24	C	2297	169326	167537	0.013710	9	0	169326	0	0	0	nan	0	0	0	0	0	0	nan	0	0	0	0.013710	0.000286	0.013710	0.000286	0.900862	0.018793
25	A	1312	169333	168169	0.007802	9	0	169333	0	0	0	nan	0	0	0	0	0	0	nan	0	0	0	0.007802	0.000215	0.007802	0.000215	0.825346	0.022744
26	G	102	169341	163573	0.000624	9	0	169339	0	0	0	nan	0	0	0	0	0	0	nan	0	0	0	0.000624	0.000062	0.000624	0.000062	nan	nan
27	A	1269	169351	164007	0.007737	9	0	169349	0	0	0	nan	0	0	0	0	0	0	nan	0	0	0	0.007737	0.000217	0.007737	0.000217	0.818470	0.022956
28	U	929	169354	163919	0.005667	9	0	169351	0	0	0	nan	0	0	0	0	0	0	nan	0	0	0	0.005667	0.000186	0.005667	0.000186	1.131928	0.037152
29	C	2252	169358	168134	0.013394	9	0	169352	0	0	0	nan	0	0	0	0	0	0	nan	0	0	0	0.013394	0.000282	0.013394	0.000282	0.880099	0.018530
30	U	663	169360	168013	0.003946	9	0	169354	0	0	0	nan	0	0	0	0	0	0	nan	0	0	0	0.003946	0.000153	0.003946	0.000153	0.788175	0.030560
31	G	121	169360	167177	0.000724	9	0	169353	0	0	0	nan	0	0	0	0	0	0	nan	0	0	0	0.000724	0.000066	0.000724	0.000066	nan	nan
32	A	1677	169361	167608	0.010005	9	0	169354	0	0	0	nan	0	0	0	0	0	0	nan	0	0	0	0.010005	0.000244	0.010005	0.000244	1.058394	0.025812
33	G	161	169366	165589	0.000972	9	0	169359	0	0	0	nan	0	0	0	0	0	0	nan	0	0	0	0.000972	0.000077	0.000972	0.000077	nan	nan
34	C	2187	169366	163406	0.013384	9	0	169358	0	0	0	nan	0	0	0	0	0	0	nan	0	0	0	0.013384	0.000286	0.013384	0.000286	0.879441	0.018793
35	C	2073	169369	156317	0.013262	9	0	169359	0	0	0	nan	0	0	0	0	0	0	nan	0	0	0	0.013262	0.000291	0.013262	0.000291	0.871425	0.019121
36	U	678	169378	156012	0.004346	9	0	169365	0	0	0	nan	0	0	0	0	0	0	nan	0	0	0	0.004346	0.000167	0.004346	0.000167	0.868072	0.033357
37	U	979	169393	159131	0.006152	9	0	169365	0	0	0	nan	0	0	0	0	0	0	nan	0	0	0	0.006152	0.000197	0.006152	0.000197	1.228803	0.039349
38	C	2556	169395	166398	0.015361	9	0	169349	0	0	0	nan	0	0	0	0	0	0	nan	0	0	0	0.015361	0.000304	0.015361	0.000304	1.009347	0.019975
39	G	129	169427	166106	0.000777	9	0	169401	0	0	0	nan	0	0	0	0	0	0	nan	0	0	0	0.000777	0.000068	0.000777	0.000068	nan	nan
40	G	117	169452	166812	0.000701	9	0	169442	0	0	0	nan	0	0	0	0	0	0	nan	0	0	0	0.000701	0.000065	0.000701	0.000065	nan	nan
41	G	107	169456	165971	0.000645	9	0	169451	0	0	0	nan	0	0	0	0	0	0	nan	0	0	0	0.000645	0.000062	0.000645	0.000062	nan	nan
42	A	1575	169458	166620	0.009453	9	0	169453	0	0	0	nan	0	0	0	0	0	0	nan	0	0	0	0.009453	0.000238	0.009453	0.000238	1.000000	0.025177
43	G	186	169461	165873	0.001121	9	0	169457	0	0	0	nan	0	0	0	0	0	0	nan	0	0	0	0.001121	0.000082	0.001121	0.000082	nan	nan
44	C	2141	169461	168365	0.012716	9	0	169458	0	0	0	nan	0	0	0	0	0	0	nan	0	0	0	0.012716	0.000275	0.012716	0.000275	0.835548	0.018070
45	U	560	169460	168518	0.003323	9	0	169457	0	0	0	nan	0	0	0	0	0	0	nan	0	0	0	0.003323	0.000140	0.003323	0.000140	0.663737	0.027964
46	C	2045	169459	168578	0.012131	9	0	169457	0	0	0	nan	0	0	0	0	0	0	nan	0	0	0	0.012131	0.000268	0.012131	0.000268	0.797109	0.017610
47	U	664	169455	168506	0.003941	9	0	169451	0	0	0	nan	0	0	0	0	0	0	nan	0	0	0	0.003941	0.000153	0.003941	0.000153	0.787177	0.030560
48	C	2623	169449	168401	0.015576	9	0	169441	0	0	0	nan	0	0	0	0	0	0	nan	0	0	0	0.015576	0.000304	0.015576	0.000304	1.023474	0.019975
49	U	524	169452	168483	0.003110	9	0	169447	0	0	0	nan	0	0	0	0	0	0	nan	0	0	0	0.003110	0.000136	0.003110	0.000136	0.621192	0.027165
50	G	179	169457	167156	0.001071	9	0	169452	0	0	0	nan	0	0	0	0	0	0	nan	0	0	0	0.001071	0.000080	0.001071	0.000080	nan	nan
51	C	2602	169462	168027	0.015486	9	0	169458	0	0	0	nan	0	0	0	0	0	0	nan	0	0	0	0.015486	0.000304	0.015486	0.000304	1.017561	0.019975
52	C	2486	169464	168064	0.014792	9	0	169462	0	0	0	nan	0	0	0	0	0	0	nan	0	0	0	0.014792	0.000297	0.014792	0.000297	0.971959	0.019515
53	A	1218	169466	168194	0.007242	9	0	169465	0	0	0	nan	0	0	0	0	0	0	nan	0	0	0	0.007242	0.000207	0.007242	0.000207	0.766106	0.021898
54	A	0	169392	167953	0.000000	9	0	169392	0	0	0	nan	0	0	0	0	0	0	nan	0	0	0	0.000000	0.000000	0.000000	0.000000	0.000000	0.000000
55	U	0	169391	0	nan	7	0	169391	0	0	0	nan	0	0	0	0	0	0	nan	0	0	0	nan	nan	nan	nan	nan	nan
56	C	0	169391	0	nan	6	0	169391	0	0	0	nan	0	0	0	0	0	0	nan	0	0	0	nan	nan	nan	nan	nan	nan
57	C	0	169391	0	nan	6	0	169391	0	0	0	nan	0	0	0	0	0	0	nan	0	0	0	nan	nan	nan	nan	nan	nan
58	a	0	169391	0	nan	6	0	169391	0	0	0	nan	0	0	0	0	0	0	nan	0	0	0	nan	nan	nan	nan	nan	nan
59	c	0	169391	0	nan	6	0	169391	0	0	0	nan	0	0	0	0	0	0	nan	0	0	0	nan	nan	nan	nan	nan	nan
60	u	0	169391	0	nan	6	0	169391	0	0	0	nan	0	0	0	0	0	0	nan	0	0	0	nan	nan	nan	nan	nan	nan
61	a	0	169391	0	nan	6	0	169391	0	0	0	nan	0	0	0	0	0	0	nan	0	0	0	nan	nan	nan	nan	nan	nan
62	a	0	169391	0	nan	6	0	169391	0	0	0	nan	0	0	0	0	0	0	nan	0	0	0	nan	nan	nan	nan	nan	nan
63	c	0	169391	0	nan	0	0	169391	0	0	0	nan	0	0	0	0	0	0	nan	0	0	0	nan	nan	nan	nan	nan	nan
64	c	0	169391	0	nan	0	0	169391	0	0	0	nan	0	0	0	0	0	0	nan	0	0	0	nan	nan	nan	nan	nan	nan
65	u	0	169391	0	nan	0	0	169391	0	0	0	nan	0	0	0	0	0	0	nan	0	0	0	nan	nan	nan	nan	nan	nan
66	c	0	169391	0	nan	0	0	169391	0	0	0	nan	0	0	0	0	0	0	nan	0	0	0	nan	nan	nan	nan	nan	nan
67	a	0	169391	0	nan	0	0	169391	0	0	0	nan	0	0	0	0	0	0	nan	0	0	0	nan	nan	nan	nan	nan	nan
68	c	0	169391	0	nan	0	0	169391	0	0	0	nan	0	0	0	0	0	0	nan	0	0	0	nan	nan	nan	nan	nan	nan
69	u	0	169389	0	nan	0	0	169389	0	0	0	nan	0	0	0	0	0	0	nan	0	0	0	nan	nan	nan	nan	nan	nan
70	c	0	169389	0	nan	0	0	169389	0	0	0	nan	0	0	0	0	0	0	nan	0	0	0	nan	nan	nan	nan	nan	nan
71	a	0	169385	0	nan	0	0	169385	0	0	0	nan	0	0	0	0	0	0	nan	0	0	0	nan	nan	nan	nan	nan	nan
72	c	0	169379	0	nan	0	0	169379	0	0	0	nan	0	0	0	0	0	0	nan	0	0	0	nan	nan	nan	nan	nan	nan
73	a	0	169375	0	nan	0	0	169375	0	0	0	nan	0	0	0	0	0	0	nan	0	0	0	nan	nan	nan	nan	nan	nan
74	a	0	169320	0	nan	0	0	169320	0	0	0	nan	0	0	0	0	0	0	nan	0	0	0	nan	nan	nan	nan	nan	nan
75	u	0	169213	0	nan	0	0	169213	0	0	0	nan	0	0	0	0	0	0	nan	0	0	0	nan	nan	nan	nan	nan	nan
76	c	0	168983	0	nan	0	0	168983	0	0	0	nan	0	0	0	0	0	0	nan	0	0	0	nan	nan	nan	nan	nan	nan