Nucleotide	Sequence	Modified_mutations	Modified_read_depth	Modified_effective_depth	Modified_rate	Modified_off_target_mapped_depth	Modified_low_mapq_mapped_depth	Modified_primer_pair_1_mapped_depth	Untreated_mutations	Untreated_read_depth	Untreated_effective_depth	Untreated_rate	Untreated_off_target_mapped_depth	Untreated_low_mapq_mapped_depth	Untreated_primer_pair_1_mapped_depth	Denatured_mutations	Denatured_read_depth	Denatured_effective_depth	Denatured_rate	Denatured_off_target_mapped_depth	Denatured_low_mapq_mapped_depth	Denatured_primer_pair_1_mapped_depth	Reactivity_profile	Std_err	HQ_profile	HQ_stderr	Norm_profile	Norm_stderr
1	g	0	229699	0	nan	22	1	229699	0	0	0	nan	0	0	0	0	0	0	nan	0	0	0	nan	nan	nan	nan	nan	nan
2	g	0	230136	0	nan	22	1	230136	0	0	0	nan	0	0	0	0	0	0	nan	0	0	0	nan	nan	nan	nan	nan	nan
3	c	0	230298	0	nan	22	1	230298	0	0	0	nan	0	0	0	0	0	0	nan	0	0	0	nan	nan	nan	nan	nan	nan
4	a	0	234614	0	nan	55	1	234614	0	0	0	nan	0	0	0	0	0	0	nan	0	0	0	nan	nan	nan	nan	nan	nan
5	c	0	234716	0	nan	56	1	234716	0	0	0	nan	0	0	0	0	0	0	nan	0	0	0	nan	nan	nan	nan	nan	nan
6	c	0	234745	0	nan	56	1	234745	0	0	0	nan	0	0	0	0	0	0	nan	0	0	0	nan	nan	nan	nan	nan	nan
7	u	0	234747	0	nan	56	1	234747	0	0	0	nan	0	0	0	0	0	0	nan	0	0	0	nan	nan	nan	nan	nan	nan
8	c	0	234749	0	nan	56	1	234749	0	0	0	nan	0	0	0	0	0	0	nan	0	0	0	nan	nan	nan	nan	nan	nan
9	a	0	234749	0	nan	56	1	234749	0	0	0	nan	0	0	0	0	0	0	nan	0	0	0	nan	nan	nan	nan	nan	nan
10	u	0	234781	0	nan	56	1	234781	0	0	0	nan	0	0	0	0	0	0	nan	0	0	0	nan	nan	nan	nan	nan	nan
11	a	0	234825	0	nan	56	1	234825	0	0	0	nan	0	0	0	0	0	0	nan	0	0	0	nan	nan	nan	nan	nan	nan
12	a	0	234831	0	nan	56	1	234831	0	0	0	nan	0	0	0	0	0	0	nan	0	0	0	nan	nan	nan	nan	nan	nan
13	c	0	234838	0	nan	56	1	234838	0	0	0	nan	0	0	0	0	0	0	nan	0	0	0	nan	nan	nan	nan	nan	nan
14	a	0	234841	0	nan	56	1	234841	0	0	0	nan	0	0	0	0	0	0	nan	0	0	0	nan	nan	nan	nan	nan	nan
15	u	0	234842	0	nan	56	1	234842	0	0	0	nan	0	0	0	0	0	0	nan	0	0	0	nan	nan	nan	nan	nan	nan
16	a	0	234846	0	nan	56	1	234846	0	0	0	nan	0	0	0	0	0	0	nan	0	0	0	nan	nan	nan	nan	nan	nan
17	a	0	234850	0	nan	56	1	234850	0	0	0	nan	0	0	0	0	0	0	nan	0	0	0	nan	nan	nan	nan	nan	nan
18	c	0	234856	0	nan	56	1	234856	0	0	0	nan	0	0	0	0	0	0	nan	0	0	0	nan	nan	nan	nan	nan	nan
19	U	0	234859	3	0.000000	56	1	234859	0	0	0	nan	0	0	0	0	0	0	nan	0	0	0	0.000000	0.000000	nan	nan	nan	nan
20	A	0	234873	10	0.000000	56	1	234873	0	0	0	nan	0	0	0	0	0	0	nan	0	0	0	0.000000	0.000000	nan	nan	nan	nan
21	A	0	234884	17	0.000000	56	1	234884	0	0	0	nan	0	0	0	0	0	0	nan	0	0	0	0.000000	0.000000	nan	nan	nan	nan
22	G	0	234889	232555	0.000000	56	1	234889	0	0	0	nan	0	0	0	0	0	0	nan	0	0	0	0.000000	0.000000	0.000000	0.000000	nan	nan
23	G	196	234895	231258	0.000848	56	1	234895	0	0	0	nan	0	0	0	0	0	0	nan	0	0	0	0.000848	0.000061	0.000848	0.000061	nan	nan
24	C	6274	234903	231879	0.027057	56	1	234903	0	0	0	nan	0	0	0	0	0	0	nan	0	0	0	0.027057	0.000342	0.027057	0.000342	0.897793	0.011348
25	A	4536	234921	232463	0.019513	56	1	234921	0	0	0	nan	0	0	0	0	0	0	nan	0	0	0	0.019513	0.000290	0.019513	0.000290	0.991514	0.014736
26	G	221	234940	232560	0.000950	56	1	234940	0	0	0	nan	0	0	0	0	0	0	nan	0	0	0	0.000950	0.000064	0.000950	0.000064	nan	nan
27	A	3626	234951	233113	0.015555	56	1	234949	0	0	0	nan	0	0	0	0	0	0	nan	0	0	0	0.015555	0.000258	0.015555	0.000258	0.790396	0.013110
28	U	443	234955	232643	0.001904	56	1	234954	0	0	0	nan	0	0	0	0	0	0	nan	0	0	0	0.001904	0.000090	0.001904	0.000090	nan	nan
29	C	5178	234956	233014	0.022222	56	1	234953	0	0	0	nan	0	0	0	0	0	0	nan	0	0	0	0.022222	0.000309	0.022222	0.000309	0.737360	0.010253
30	U	430	234959	233005	0.001845	56	1	234953	0	0	0	nan	0	0	0	0	0	0	nan	0	0	0	0.001845	0.000089	0.001845	0.000089	nan	nan
31	G	206	234965	232696	0.000885	56	1	234958	0	0	0	nan	0	0	0	0	0	0	nan	0	0	0	0.000885	0.000062	0.000885	0.000062	nan	nan
32	A	4586	234966	233027	0.019680	56	1	234959	0	0	0	nan	0	0	0	0	0	0	nan	0	0	0	0.019680	0.000291	0.019680	0.000291	1.000000	0.014787
33	G	181	234974	231625	0.000781	56	1	234966	0	0	0	nan	0	0	0	0	0	0	nan	0	0	0	0.000781	0.000058	0.000781	0.000058	nan	nan
34	C	6409	234977	232009	0.027624	56	1	234963	0	0	0	nan	0	0	0	0	0	0	nan	0	0	0	0.027624	0.000345	0.027624	0.000345	0.916607	0.011448
35	U	650	234985	231654	0.002806	56	1	234959	0	0	0	nan	0	0	0	0	0	0	nan	0	0	0	0.002806	0.000110	0.002806	0.000110	nan	nan
36	U	419	234991	231723	0.001808	56	1	234955	0	0	0	nan	0	0	0	0	0	0	nan	0	0	0	0.001808	0.000088	0.001808	0.000088	nan	nan
37	G	223	234988	231594	0.000963	56	1	234934	0	0	0	nan	0	0	0	0	0	0	nan	0	0	0	0.000963	0.000064	0.000963	0.000064	nan	nan
38	G	215	234991	225872	0.000952	56	1	234937	0	0	0	nan	0	0	0	0	0	0	nan	0	0	0	0.000952	0.000065	0.000952	0.000065	nan	nan
39	G	268	234994	225207	0.001190	56	1	234944	0	0	0	nan	0	0	0	0	0	0	nan	0	0	0	0.001190	0.000073	0.001190	0.000073	nan	nan
40	A	4783	234995	226253	0.021140	56	1	234955	0	0	0	nan	0	0	0	0	0	0	nan	0	0	0	0.021140	0.000306	0.021140	0.000306	1.074187	0.015549
41	G	266	235001	231193	0.001151	56	1	234975	0	0	0	nan	0	0	0	0	0	0	nan	0	0	0	0.001151	0.000071	0.001151	0.000071	nan	nan
42	C	6845	235003	232268	0.029470	29	1	234993	0	0	0	nan	0	0	0	0	0	0	nan	0	0	0	0.029470	0.000356	0.029470	0.000356	0.977860	0.011813
43	U	350	235006	232291	0.001507	28	1	234997	0	0	0	nan	0	0	0	0	0	0	nan	0	0	0	0.001507	0.000081	0.001507	0.000081	nan	nan
44	C	6197	235006	232624	0.026640	28	1	234999	0	0	0	nan	0	0	0	0	0	0	nan	0	0	0	0.026640	0.000338	0.026640	0.000338	0.883956	0.011215
45	U	412	235006	232623	0.001771	28	1	234999	0	0	0	nan	0	0	0	0	0	0	nan	0	0	0	0.001771	0.000087	0.001771	0.000087	nan	nan
46	C	6587	235005	232960	0.028275	27	1	234998	0	0	0	nan	0	0	0	0	0	0	nan	0	0	0	0.028275	0.000348	0.028275	0.000348	0.938208	0.011547
47	U	397	235008	232941	0.001704	27	1	235002	0	0	0	nan	0	0	0	0	0	0	nan	0	0	0	0.001704	0.000086	0.001704	0.000086	nan	nan
48	G	217	235008	231941	0.000936	27	1	235003	0	0	0	nan	0	0	0	0	0	0	nan	0	0	0	0.000936	0.000064	0.000936	0.000064	nan	nan
49	C	7466	235009	232302	0.032139	27	1	235005	0	0	0	nan	0	0	0	0	0	0	nan	0	0	0	0.032139	0.000372	0.032139	0.000372	1.066421	0.012344
50	C	7527	235009	232717	0.032344	27	1	235005	0	0	0	nan	0	0	0	0	0	0	nan	0	0	0	0.032344	0.000373	0.032344	0.000373	1.073223	0.012377
51	A	3704	235011	233231	0.015881	27	1	235011	0	0	0	nan	0	0	0	0	0	0	nan	0	0	0	0.015881	0.000261	0.015881	0.000261	0.806961	0.013262
52	A	0	235011	232259	0.000000	27	1	235011	0	0	0	nan	0	0	0	0	0	0	nan	0	0	0	0.000000	0.000000	0.000000	0.000000	0.000000	0.000000
53	U	0	235006	199	0.000000	22	1	235006	0	0	0	nan	0	0	0	0	0	0	nan	0	0	0	0.000000	0.000000	nan	nan	nan	nan
54	C	0	234766	2	0.000000	18	1	234766	0	0	0	nan	0	0	0	0	0	0	nan	0	0	0	0.000000	0.000000	nan	nan	nan	nan
55	C	0	234763	0	nan	18	1	234763	0	0	0	nan	0	0	0	0	0	0	nan	0	0	0	nan	nan	nan	nan	nan	nan
56	a	0	234763	0	nan	17	1	234763	0	0	0	nan	0	0	0	0	0	0	nan	0	0	0	nan	nan	nan	nan	nan	nan
57	c	0	234763	0	nan	17	1	234763	0	0	0	nan	0	0	0	0	0	0	nan	0	0	0	nan	nan	nan	nan	nan	nan
58	u	0	234763	0	nan	17	1	234763	0	0	0	nan	0	0	0	0	0	0	nan	0	0	0	nan	nan	nan	nan	nan	nan
59	a	0	234763	0	nan	17	1	234763	0	0	0	nan	0	0	0	0	0	0	nan	0	0	0	nan	nan	nan	nan	nan	nan
60	a	0	234763	0	nan	17	1	234763	0	0	0	nan	0	0	0	0	0	0	nan	0	0	0	nan	nan	nan	nan	nan	nan
61	c	0	234763	0	nan	8	1	234763	0	0	0	nan	0	0	0	0	0	0	nan	0	0	0	nan	nan	nan	nan	nan	nan
62	c	0	234763	0	nan	8	1	234763	0	0	0	nan	0	0	0	0	0	0	nan	0	0	0	nan	nan	nan	nan	nan	nan
63	u	0	234763	0	nan	0	1	234763	0	0	0	nan	0	0	0	0	0	0	nan	0	0	0	nan	nan	nan	nan	nan	nan
64	c	0	234763	0	nan	0	1	234763	0	0	0	nan	0	0	0	0	0	0	nan	0	0	0	nan	nan	nan	nan	nan	nan
65	a	0	234763	0	nan	0	1	234763	0	0	0	nan	0	0	0	0	0	0	nan	0	0	0	nan	nan	nan	nan	nan	nan
66	c	0	234762	0	nan	0	1	234762	0	0	0	nan	0	0	0	0	0	0	nan	0	0	0	nan	nan	nan	nan	nan	nan
67	u	0	234761	0	nan	0	1	234761	0	0	0	nan	0	0	0	0	0	0	nan	0	0	0	nan	nan	nan	nan	nan	nan
68	c	0	234761	0	nan	0	1	234761	0	0	0	nan	0	0	0	0	0	0	nan	0	0	0	nan	nan	nan	nan	nan	nan
69	a	0	234761	0	nan	0	1	234761	0	0	0	nan	0	0	0	0	0	0	nan	0	0	0	nan	nan	nan	nan	nan	nan
70	c	0	234752	0	nan	0	1	234752	0	0	0	nan	0	0	0	0	0	0	nan	0	0	0	nan	nan	nan	nan	nan	nan
71	a	0	234746	0	nan	0	1	234746	0	0	0	nan	0	0	0	0	0	0	nan	0	0	0	nan	nan	nan	nan	nan	nan
72	a	0	234659	0	nan	0	1	234659	0	0	0	nan	0	0	0	0	0	0	nan	0	0	0	nan	nan	nan	nan	nan	nan
73	u	0	234540	0	nan	0	1	234540	0	0	0	nan	0	0	0	0	0	0	nan	0	0	0	nan	nan	nan	nan	nan	nan
74	c	0	234243	0	nan	0	1	234243	0	0	0	nan	0	0	0	0	0	0	nan	0	0	0	nan	nan	nan	nan	nan	nan