Nucleotide	Sequence	Modified_mutations	Modified_read_depth	Modified_effective_depth	Modified_rate	Modified_off_target_mapped_depth	Modified_low_mapq_mapped_depth	Modified_primer_pair_1_mapped_depth	Untreated_mutations	Untreated_read_depth	Untreated_effective_depth	Untreated_rate	Untreated_off_target_mapped_depth	Untreated_low_mapq_mapped_depth	Untreated_primer_pair_1_mapped_depth	Denatured_mutations	Denatured_read_depth	Denatured_effective_depth	Denatured_rate	Denatured_off_target_mapped_depth	Denatured_low_mapq_mapped_depth	Denatured_primer_pair_1_mapped_depth	Reactivity_profile	Std_err	HQ_profile	HQ_stderr	Norm_profile	Norm_stderr
1	g	0	4827048	0	nan	9	256	4827048	0	0	0	nan	0	0	0	0	0	0	nan	0	0	0	nan	nan	nan	nan	nan	nan
2	g	0	4897651	0	nan	9	260	4897651	0	0	0	nan	0	0	0	0	0	0	nan	0	0	0	nan	nan	nan	nan	nan	nan
3	u	0	4933941	0	nan	9	263	4933941	0	0	0	nan	0	0	0	0	0	0	nan	0	0	0	nan	nan	nan	nan	nan	nan
4	g	0	4945802	0	nan	9	266	4945802	0	0	0	nan	0	0	0	0	0	0	nan	0	0	0	nan	nan	nan	nan	nan	nan
5	u	0	4953127	0	nan	9	266	4953127	0	0	0	nan	0	0	0	0	0	0	nan	0	0	0	nan	nan	nan	nan	nan	nan
6	a	0	4958448	0	nan	9	275	4958448	0	0	0	nan	0	0	0	0	0	0	nan	0	0	0	nan	nan	nan	nan	nan	nan
7	a	0	4960792	0	nan	9	276	4960792	0	0	0	nan	0	0	0	0	0	0	nan	0	0	0	nan	nan	nan	nan	nan	nan
8	g	0	4962600	0	nan	9	276	4962600	0	0	0	nan	0	0	0	0	0	0	nan	0	0	0	nan	nan	nan	nan	nan	nan
9	g	0	4964601	0	nan	9	277	4964601	0	0	0	nan	0	0	0	0	0	0	nan	0	0	0	nan	nan	nan	nan	nan	nan
10	g	0	4967483	0	nan	9	278	4967483	0	0	0	nan	0	0	0	0	0	0	nan	0	0	0	nan	nan	nan	nan	nan	nan
11	u	0	4972730	0	nan	9	278	4972730	0	0	0	nan	0	0	0	0	0	0	nan	0	0	0	nan	nan	nan	nan	nan	nan
12	g	0	4987638	0	nan	175	282	4987638	0	0	0	nan	0	0	0	0	0	0	nan	0	0	0	nan	nan	nan	nan	nan	nan
13	a	0	5015987	0	nan	182	283	5015987	0	0	0	nan	0	0	0	0	0	0	nan	0	0	0	nan	nan	nan	nan	nan	nan
14	a	0	5044278	0	nan	224	283	5044278	0	0	0	nan	0	0	0	0	0	0	nan	0	0	0	nan	nan	nan	nan	nan	nan
15	g	0	5055163	0	nan	431	284	5055163	0	0	0	nan	0	0	0	0	0	0	nan	0	0	0	nan	nan	nan	nan	nan	nan
16	u	0	5111113	0	nan	435	286	5111113	0	0	0	nan	0	0	0	0	0	0	nan	0	0	0	nan	nan	nan	nan	nan	nan
17	g	0	5140116	0	nan	440	291	5140116	0	0	0	nan	0	0	0	0	0	0	nan	0	0	0	nan	nan	nan	nan	nan	nan
18	u	0	5195131	0	nan	446	293	5195131	0	0	0	nan	0	0	0	0	0	0	nan	0	0	0	nan	nan	nan	nan	nan	nan
19	a	0	5235319	0	nan	446	313	5235319	0	0	0	nan	0	0	0	0	0	0	nan	0	0	0	nan	nan	nan	nan	nan	nan
20	A	0	5250073	3083	0.000000	446	313	5250073	0	0	0	nan	0	0	0	0	0	0	nan	0	0	0	0.000000	0.000000	nan	nan	nan	nan
21	G	0	5252608	1355	0.000000	446	313	5252608	0	0	0	nan	0	0	0	0	0	0	nan	0	0	0	0.000000	0.000000	nan	nan	nan	nan
22	G	0	5256684	2082	0.000000	447	313	5256684	0	0	0	nan	0	0	0	0	0	0	nan	0	0	0	0.000000	0.000000	nan	nan	nan	nan
23	U	0	5265420	4266428	0.000000	447	313	5265420	0	0	0	nan	0	0	0	0	0	0	nan	0	0	0	0.000000	0.000000	0.000000	0.000000	0.000000	0.000000
24	U	15676	5270976	4401492	0.003562	447	313	5270976	0	0	0	nan	0	0	0	0	0	0	nan	0	0	0	0.003562	0.000028	0.003562	0.000028	0.865403	0.006803
25	G	4664	5301033	4546037	0.001026	447	313	5301033	0	0	0	nan	0	0	0	0	0	0	nan	0	0	0	0.001026	0.000015	0.001026	0.000015	0.478992	0.007003
26	A	6496	5360681	4819904	0.001348	447	313	5360633	0	0	0	nan	0	0	0	0	0	0	nan	0	0	0	0.001348	0.000017	0.001348	0.000017	0.518262	0.006536
27	A	16966	5374587	4753186	0.003569	447	313	5374504	0	0	0	nan	0	0	0	0	0	0	nan	0	0	0	0.003569	0.000027	0.003569	0.000027	1.372165	0.010381
28	C	19636	5375974	4606820	0.004262	447	313	5375871	0	0	0	nan	0	0	0	0	0	0	nan	0	0	0	0.004262	0.000030	0.004262	0.000030	1.201155	0.008455
29	U	12881	5378408	4541013	0.002837	447	313	5378301	0	0	0	nan	0	0	0	0	0	0	nan	0	0	0	0.002837	0.000025	0.002837	0.000025	0.689261	0.006074
30	U	5754	5382412	4559027	0.001262	448	313	5382298	0	0	0	nan	0	0	0	0	0	0	nan	0	0	0	0.001262	0.000017	0.001262	0.000017	0.306608	0.004130
31	U	4883	5385918	4483681	0.001089	448	313	5385783	0	0	0	nan	0	0	0	0	0	0	nan	0	0	0	0.001089	0.000016	0.001089	0.000016	0.264577	0.003887
32	U	28301	5389312	4571929	0.006190	448	313	5389166	0	0	0	nan	0	0	0	0	0	0	nan	0	0	0	0.006190	0.000037	0.006190	0.000037	1.503887	0.008989
33	G	4620	5432100	4691130	0.000985	451	313	5431943	0	0	0	nan	0	0	0	0	0	0	nan	0	0	0	0.000985	0.000014	0.000985	0.000014	0.459851	0.006536
34	A	2145	5460158	5177078	0.000414	451	313	5460029	0	0	0	nan	0	0	0	0	0	0	nan	0	0	0	0.000414	0.000009	0.000414	0.000009	0.159170	0.003460
35	A	7213	5469867	5181730	0.001392	451	313	5469742	0	0	0	nan	0	0	0	0	0	0	nan	0	0	0	0.001392	0.000016	0.001392	0.000016	0.535179	0.006151
36	U	2479	5471290	5170342	0.000479	452	313	5471156	0	0	0	nan	0	0	0	0	0	0	nan	0	0	0	0.000479	0.000010	0.000479	0.000010	0.116375	0.002430
37	A	8261	5473047	5025090	0.001644	452	313	5472907	0	0	0	nan	0	0	0	0	0	0	nan	0	0	0	0.001644	0.000018	0.001644	0.000018	0.632065	0.006920
38	G	3461	5473437	4907629	0.000705	464	313	5473294	0	0	0	nan	0	0	0	0	0	0	nan	0	0	0	0.000705	0.000012	0.000705	0.000012	0.329132	0.005602
39	U	4800	5473954	4751628	0.001010	464	313	5473807	0	0	0	nan	0	0	0	0	0	0	nan	0	0	0	0.001010	0.000015	0.001010	0.000015	0.245384	0.003644
40	G	7902	5475096	4740377	0.001667	465	313	5474944	0	0	0	nan	0	0	0	0	0	0	nan	0	0	0	0.001667	0.000019	0.001667	0.000019	0.778245	0.008870
41	A	12186	5479286	4685697	0.002601	465	313	5479128	0	0	0	nan	0	0	0	0	0	0	nan	0	0	0	0.002601	0.000024	0.002601	0.000024	1.000000	0.009227
42	U	16245	5480372	4580161	0.003547	466	313	5480213	0	0	0	nan	0	0	0	0	0	0	nan	0	0	0	0.003547	0.000028	0.003547	0.000028	0.861759	0.006803
43	U	6896	5483387	4581695	0.001505	466	313	5483226	0	0	0	nan	0	0	0	0	0	0	nan	0	0	0	0.001505	0.000018	0.001505	0.000018	0.365646	0.004373
44	C	6540	5496301	4649402	0.001407	467	313	5496127	0	0	0	nan	0	0	0	0	0	0	nan	0	0	0	0.001407	0.000017	0.001407	0.000017	0.396534	0.004791
45	A	4538	5508038	4740598	0.000957	460	313	5507845	0	0	0	nan	0	0	0	0	0	0	nan	0	0	0	0.000957	0.000014	0.000957	0.000014	0.367935	0.005383
46	G	3411	5514974	4587133	0.000744	460	313	5514798	0	0	0	nan	0	0	0	0	0	0	nan	0	0	0	0.000744	0.000013	0.000744	0.000013	0.347339	0.006069
47	G	10406	5528114	4642484	0.002241	460	313	5527935	0	0	0	nan	0	0	0	0	0	0	nan	0	0	0	0.002241	0.000022	0.002241	0.000022	1.046218	0.010271
48	A	2174	5549197	4480663	0.000485	461	313	5549020	0	0	0	nan	0	0	0	0	0	0	nan	0	0	0	0.000485	0.000010	0.000485	0.000010	0.186467	0.003845
49	G	45333	5552704	4629627	0.009792	454	313	5552553	0	0	0	nan	0	0	0	0	0	0	nan	0	0	0	0.009792	0.000046	0.009792	0.000046	4.571429	0.021475
50	G	8177	5567301	4432043	0.001845	453	313	5567203	0	0	0	nan	0	0	0	0	0	0	nan	0	0	0	0.001845	0.000020	0.001845	0.000020	0.861345	0.009337
51	U	19077	5570991	4634636	0.004116	453	313	5570909	0	0	0	nan	0	0	0	0	0	0	nan	0	0	0	0.004116	0.000030	0.004116	0.000030	1.000000	0.007289
52	U	11628	5579243	4633936	0.002509	452	313	5579174	0	0	0	nan	0	0	0	0	0	0	nan	0	0	0	0.002509	0.000023	0.002509	0.000023	0.609572	0.005588
53	A	2258	5588429	5001969	0.000451	451	313	5588375	0	0	0	nan	0	0	0	0	0	0	nan	0	0	0	0.000451	0.000009	0.000451	0.000009	0.173395	0.003460
54	A	2519	5592368	5033451	0.000500	451	313	5592330	0	0	0	nan	0	0	0	0	0	0	nan	0	0	0	0.000500	0.000010	0.000500	0.000010	0.192234	0.003845
55	U	14101	5593031	4869944	0.002896	449	313	5592998	0	0	0	nan	0	0	0	0	0	0	nan	0	0	0	0.002896	0.000024	0.002896	0.000024	0.703596	0.005831
56	G	5280	5594847	4591566	0.001150	446	313	5594820	0	0	0	nan	0	0	0	0	0	0	nan	0	0	0	0.001150	0.000016	0.001150	0.000016	0.536881	0.007470
57	G	0	5596437	4703281	0.000000	446	313	5596429	0	0	0	nan	0	0	0	0	0	0	nan	0	0	0	0.000000	0.000000	0.000000	0.000000	0.000000	0.000000
58	A	0	5599198	68	0.000000	442	313	5599198	0	0	0	nan	0	0	0	0	0	0	nan	0	0	0	0.000000	0.000000	nan	nan	nan	nan
59	A	0	5599150	80	0.000000	442	313	5599150	0	0	0	nan	0	0	0	0	0	0	nan	0	0	0	0.000000	0.000000	nan	nan	nan	nan
60	G	0	5599075	55	0.000000	442	313	5599075	0	0	0	nan	0	0	0	0	0	0	nan	0	0	0	0.000000	0.000000	nan	nan	nan	nan
61	u	0	5598980	0	nan	440	313	5598980	0	0	0	nan	0	0	0	0	0	0	nan	0	0	0	nan	nan	nan	nan	nan	nan
62	a	0	5598812	0	nan	436	313	5598812	0	0	0	nan	0	0	0	0	0	0	nan	0	0	0	nan	nan	nan	nan	nan	nan
63	a	0	5598716	0	nan	435	313	5598716	0	0	0	nan	0	0	0	0	0	0	nan	0	0	0	nan	nan	nan	nan	nan	nan
64	a	0	5598681	0	nan	433	308	5598681	0	0	0	nan	0	0	0	0	0	0	nan	0	0	0	nan	nan	nan	nan	nan	nan
65	g	0	5598650	0	nan	429	303	5598650	0	0	0	nan	0	0	0	0	0	0	nan	0	0	0	nan	nan	nan	nan	nan	nan
66	g	0	5598637	0	nan	428	300	5598637	0	0	0	nan	0	0	0	0	0	0	nan	0	0	0	nan	nan	nan	nan	nan	nan
67	u	0	5598626	0	nan	428	300	5598626	0	0	0	nan	0	0	0	0	0	0	nan	0	0	0	nan	nan	nan	nan	nan	nan
68	a	0	5598614	0	nan	426	299	5598614	0	0	0	nan	0	0	0	0	0	0	nan	0	0	0	nan	nan	nan	nan	nan	nan
69	a	0	5598599	0	nan	426	298	5598599	0	0	0	nan	0	0	0	0	0	0	nan	0	0	0	nan	nan	nan	nan	nan	nan
70	u	0	5598576	0	nan	425	297	5598576	0	0	0	nan	0	0	0	0	0	0	nan	0	0	0	nan	nan	nan	nan	nan	nan
71	g	0	5598475	0	nan	423	296	5598475	0	0	0	nan	0	0	0	0	0	0	nan	0	0	0	nan	nan	nan	nan	nan	nan
72	a	0	5598364	0	nan	418	295	5598364	0	0	0	nan	0	0	0	0	0	0	nan	0	0	0	nan	nan	nan	nan	nan	nan
73	a	0	5598320	0	nan	418	290	5598320	0	0	0	nan	0	0	0	0	0	0	nan	0	0	0	nan	nan	nan	nan	nan	nan
74	g	0	5598287	0	nan	418	284	5598287	0	0	0	nan	0	0	0	0	0	0	nan	0	0	0	nan	nan	nan	nan	nan	nan
75	g	0	5598246	0	nan	418	284	5598246	0	0	0	nan	0	0	0	0	0	0	nan	0	0	0	nan	nan	nan	nan	nan	nan
76	u	0	5598166	0	nan	415	278	5598166	0	0	0	nan	0	0	0	0	0	0	nan	0	0	0	nan	nan	nan	nan	nan	nan
77	g	0	5598085	0	nan	415	274	5598085	0	0	0	nan	0	0	0	0	0	0	nan	0	0	0	nan	nan	nan	nan	nan	nan
78	a	0	5597999	0	nan	399	272	5597999	0	0	0	nan	0	0	0	0	0	0	nan	0	0	0	nan	nan	nan	nan	nan	nan
79	a	0	5594404	0	nan	396	267	5594404	0	0	0	nan	0	0	0	0	0	0	nan	0	0	0	nan	nan	nan	nan	nan	nan
80	g	0	5592270	0	nan	395	255	5592270	0	0	0	nan	0	0	0	0	0	0	nan	0	0	0	nan	nan	nan	nan	nan	nan