Nucleotide	Sequence	Modified_mutations	Modified_read_depth	Modified_effective_depth	Modified_rate	Modified_off_target_mapped_depth	Modified_low_mapq_mapped_depth	Modified_primer_pair_1_mapped_depth	Untreated_mutations	Untreated_read_depth	Untreated_effective_depth	Untreated_rate	Untreated_off_target_mapped_depth	Untreated_low_mapq_mapped_depth	Untreated_primer_pair_1_mapped_depth	Denatured_mutations	Denatured_read_depth	Denatured_effective_depth	Denatured_rate	Denatured_off_target_mapped_depth	Denatured_low_mapq_mapped_depth	Denatured_primer_pair_1_mapped_depth	Reactivity_profile	Std_err	HQ_profile	HQ_stderr	Norm_profile	Norm_stderr
1	g	0	266292	0	nan	28	1	266292	0	0	0	nan	0	0	0	0	0	0	nan	0	0	0	nan	nan	nan	nan	nan	nan
2	g	0	266728	0	nan	28	1	266728	0	0	0	nan	0	0	0	0	0	0	nan	0	0	0	nan	nan	nan	nan	nan	nan
3	c	0	266967	0	nan	28	1	266967	0	0	0	nan	0	0	0	0	0	0	nan	0	0	0	nan	nan	nan	nan	nan	nan
4	a	0	286983	0	nan	63	1	286983	0	0	0	nan	0	0	0	0	0	0	nan	0	0	0	nan	nan	nan	nan	nan	nan
5	c	0	287377	0	nan	63	1	287377	0	0	0	nan	0	0	0	0	0	0	nan	0	0	0	nan	nan	nan	nan	nan	nan
6	c	0	287467	0	nan	63	1	287467	0	0	0	nan	0	0	0	0	0	0	nan	0	0	0	nan	nan	nan	nan	nan	nan
7	u	0	287484	0	nan	63	1	287484	0	0	0	nan	0	0	0	0	0	0	nan	0	0	0	nan	nan	nan	nan	nan	nan
8	c	0	287496	0	nan	63	1	287496	0	0	0	nan	0	0	0	0	0	0	nan	0	0	0	nan	nan	nan	nan	nan	nan
9	a	0	287496	0	nan	63	1	287496	0	0	0	nan	0	0	0	0	0	0	nan	0	0	0	nan	nan	nan	nan	nan	nan
10	u	0	287546	0	nan	63	1	287546	0	0	0	nan	0	0	0	0	0	0	nan	0	0	0	nan	nan	nan	nan	nan	nan
11	a	0	287585	0	nan	63	1	287585	0	0	0	nan	0	0	0	0	0	0	nan	0	0	0	nan	nan	nan	nan	nan	nan
12	a	0	287595	0	nan	63	1	287595	0	0	0	nan	0	0	0	0	0	0	nan	0	0	0	nan	nan	nan	nan	nan	nan
13	c	0	287603	0	nan	63	1	287603	0	0	0	nan	0	0	0	0	0	0	nan	0	0	0	nan	nan	nan	nan	nan	nan
14	a	0	287608	0	nan	63	1	287608	0	0	0	nan	0	0	0	0	0	0	nan	0	0	0	nan	nan	nan	nan	nan	nan
15	u	0	287611	0	nan	63	1	287611	0	0	0	nan	0	0	0	0	0	0	nan	0	0	0	nan	nan	nan	nan	nan	nan
16	a	0	287615	0	nan	63	1	287615	0	0	0	nan	0	0	0	0	0	0	nan	0	0	0	nan	nan	nan	nan	nan	nan
17	a	0	287626	0	nan	63	1	287626	0	0	0	nan	0	0	0	0	0	0	nan	0	0	0	nan	nan	nan	nan	nan	nan
18	c	0	287636	0	nan	63	1	287636	0	0	0	nan	0	0	0	0	0	0	nan	0	0	0	nan	nan	nan	nan	nan	nan
19	U	0	287642	2	0.000000	63	1	287642	0	0	0	nan	0	0	0	0	0	0	nan	0	0	0	0.000000	0.000000	nan	nan	nan	nan
20	A	0	287719	63	0.000000	63	1	287719	0	0	0	nan	0	0	0	0	0	0	nan	0	0	0	0.000000	0.000000	nan	nan	nan	nan
21	A	0	287727	58	0.000000	63	1	287727	0	0	0	nan	0	0	0	0	0	0	nan	0	0	0	0.000000	0.000000	nan	nan	nan	nan
22	G	0	287753	282988	0.000000	63	1	287753	0	0	0	nan	0	0	0	0	0	0	nan	0	0	0	0.000000	0.000000	0.000000	0.000000	nan	nan
23	G	371	287766	278494	0.001332	63	1	287766	0	0	0	nan	0	0	0	0	0	0	nan	0	0	0	0.001332	0.000069	0.001332	0.000069	nan	nan
24	C	11451	287817	281914	0.040619	63	1	287817	0	0	0	nan	0	0	0	0	0	0	nan	0	0	0	0.040619	0.000380	0.040619	0.000380	1.000000	0.009355
25	A	5106	287862	283973	0.017981	63	1	287862	0	0	0	nan	0	0	0	0	0	0	nan	0	0	0	0.017981	0.000252	0.017981	0.000252	1.000000	0.014015
26	G	281	287916	284142	0.000989	63	1	287915	0	0	0	nan	0	0	0	0	0	0	nan	0	0	0	0.000989	0.000059	0.000989	0.000059	nan	nan
27	A	3583	287989	284913	0.012576	63	1	287988	0	0	0	nan	0	0	0	0	0	0	nan	0	0	0	0.012576	0.000210	0.012576	0.000210	0.699405	0.011679
28	U	1166	287999	284080	0.004104	63	1	287995	0	0	0	nan	0	0	0	0	0	0	nan	0	0	0	0.004104	0.000120	0.004104	0.000120	1.208926	0.035349
29	C	6082	288009	284235	0.021398	63	1	288004	0	0	0	nan	0	0	0	0	0	0	nan	0	0	0	0.021398	0.000274	0.021398	0.000274	0.526798	0.006746
30	U	862	288025	284284	0.003032	63	1	288019	0	0	0	nan	0	0	0	0	0	0	nan	0	0	0	0.003032	0.000103	0.003032	0.000103	0.893144	0.030341
31	G	261	288028	283477	0.000921	63	1	288015	0	0	0	nan	0	0	0	0	0	0	nan	0	0	0	0.000921	0.000057	0.000921	0.000057	nan	nan
32	A	5324	288031	283677	0.018768	63	1	288015	0	0	0	nan	0	0	0	0	0	0	nan	0	0	0	0.018768	0.000257	0.018768	0.000257	1.043768	0.014293
33	G	313	288051	279105	0.001121	63	1	288010	0	0	0	nan	0	0	0	0	0	0	nan	0	0	0	0.001121	0.000063	0.001121	0.000063	nan	nan
34	C	7992	288053	277547	0.028795	63	1	287972	0	0	0	nan	0	0	0	0	0	0	nan	0	0	0	0.028795	0.000322	0.028795	0.000322	0.708905	0.007927
35	C	6922	288068	278004	0.024899	63	1	287947	0	0	0	nan	0	0	0	0	0	0	nan	0	0	0	0.024899	0.000299	0.024899	0.000299	0.612989	0.007361
36	U	960	288131	278932	0.003442	63	1	288016	0	0	0	nan	0	0	0	0	0	0	nan	0	0	0	0.003442	0.000111	0.003442	0.000111	1.013919	0.032698
37	G	263	288143	279898	0.000940	63	1	287723	0	0	0	nan	0	0	0	0	0	0	nan	0	0	0	0.000940	0.000058	0.000940	0.000058	nan	nan
38	G	216	288147	279340	0.000773	63	1	287727	0	0	0	nan	0	0	0	0	0	0	nan	0	0	0	0.000773	0.000053	0.000773	0.000053	nan	nan
39	G	260	288189	278984	0.000932	63	1	287806	0	0	0	nan	0	0	0	0	0	0	nan	0	0	0	0.000932	0.000058	0.000932	0.000058	nan	nan
40	A	4665	288247	280172	0.016650	63	1	287916	0	0	0	nan	0	0	0	0	0	0	nan	0	0	0	0.016650	0.000244	0.016650	0.000244	0.925977	0.013570
41	G	314	288364	278482	0.001128	63	1	288179	0	0	0	nan	0	0	0	0	0	0	nan	0	0	0	0.001128	0.000064	0.001128	0.000064	nan	nan
42	C	9912	288451	284191	0.034878	43	1	288417	0	0	0	nan	0	0	0	0	0	0	nan	0	0	0	0.034878	0.000350	0.034878	0.000350	0.858662	0.008617
43	U	751	288464	285024	0.002635	42	1	288451	0	0	0	nan	0	0	0	0	0	0	nan	0	0	0	0.002635	0.000096	0.002635	0.000096	0.776199	0.028279
44	C	7390	288468	285018	0.025928	38	1	288458	0	0	0	nan	0	0	0	0	0	0	nan	0	0	0	0.025928	0.000302	0.025928	0.000302	0.638322	0.007435
45	U	926	288470	284689	0.003253	37	1	288459	0	0	0	nan	0	0	0	0	0	0	nan	0	0	0	0.003253	0.000107	0.003253	0.000107	0.958244	0.031519
46	C	8769	288463	284498	0.030823	36	1	288447	0	0	0	nan	0	0	0	0	0	0	nan	0	0	0	0.030823	0.000329	0.030823	0.000329	0.758832	0.008100
47	U	842	288465	284368	0.002961	36	1	288446	0	0	0	nan	0	0	0	0	0	0	nan	0	0	0	0.002961	0.000102	0.002961	0.000102	0.872229	0.030046
48	G	424	288464	281398	0.001507	36	1	288451	0	0	0	nan	0	0	0	0	0	0	nan	0	0	0	0.001507	0.000073	0.001507	0.000073	nan	nan
49	C	15790	288468	283025	0.055790	36	1	288455	0	0	0	nan	0	0	0	0	0	0	nan	0	0	0	0.055790	0.000444	0.055790	0.000444	1.373495	0.010931
50	C	13020	288470	284279	0.045800	36	1	288462	0	0	0	nan	0	0	0	0	0	0	nan	0	0	0	0.045800	0.000401	0.045800	0.000401	1.127551	0.009872
51	A	3208	288471	285355	0.011242	36	1	288469	0	0	0	nan	0	0	0	0	0	0	nan	0	0	0	0.011242	0.000198	0.011242	0.000198	0.625216	0.011012
52	A	0	288472	285739	0.000000	36	1	288472	0	0	0	nan	0	0	0	0	0	0	nan	0	0	0	0.000000	0.000000	0.000000	0.000000	0.000000	0.000000
53	U	0	288467	162	0.000000	28	1	288467	0	0	0	nan	0	0	0	0	0	0	nan	0	0	0	0.000000	0.000000	nan	nan	nan	nan
54	C	0	288243	2	0.000000	26	1	288243	0	0	0	nan	0	0	0	0	0	0	nan	0	0	0	0.000000	0.000000	nan	nan	nan	nan
55	C	0	288242	1	0.000000	26	1	288242	0	0	0	nan	0	0	0	0	0	0	nan	0	0	0	0.000000	0.000000	nan	nan	nan	nan
56	a	0	288241	0	nan	26	1	288241	0	0	0	nan	0	0	0	0	0	0	nan	0	0	0	nan	nan	nan	nan	nan	nan
57	c	0	288241	0	nan	26	1	288241	0	0	0	nan	0	0	0	0	0	0	nan	0	0	0	nan	nan	nan	nan	nan	nan
58	u	0	288241	0	nan	26	1	288241	0	0	0	nan	0	0	0	0	0	0	nan	0	0	0	nan	nan	nan	nan	nan	nan
59	a	0	288241	0	nan	26	1	288241	0	0	0	nan	0	0	0	0	0	0	nan	0	0	0	nan	nan	nan	nan	nan	nan
60	a	0	288241	0	nan	26	1	288241	0	0	0	nan	0	0	0	0	0	0	nan	0	0	0	nan	nan	nan	nan	nan	nan
61	c	0	288241	0	nan	12	1	288241	0	0	0	nan	0	0	0	0	0	0	nan	0	0	0	nan	nan	nan	nan	nan	nan
62	c	0	288241	0	nan	12	1	288241	0	0	0	nan	0	0	0	0	0	0	nan	0	0	0	nan	nan	nan	nan	nan	nan
63	u	0	288241	0	nan	0	1	288241	0	0	0	nan	0	0	0	0	0	0	nan	0	0	0	nan	nan	nan	nan	nan	nan
64	c	0	288241	0	nan	0	1	288241	0	0	0	nan	0	0	0	0	0	0	nan	0	0	0	nan	nan	nan	nan	nan	nan
65	a	0	288241	0	nan	0	1	288241	0	0	0	nan	0	0	0	0	0	0	nan	0	0	0	nan	nan	nan	nan	nan	nan
66	c	0	288240	0	nan	0	1	288240	0	0	0	nan	0	0	0	0	0	0	nan	0	0	0	nan	nan	nan	nan	nan	nan
67	u	0	288240	0	nan	0	1	288240	0	0	0	nan	0	0	0	0	0	0	nan	0	0	0	nan	nan	nan	nan	nan	nan
68	c	0	288240	0	nan	0	1	288240	0	0	0	nan	0	0	0	0	0	0	nan	0	0	0	nan	nan	nan	nan	nan	nan
69	a	0	288236	0	nan	0	1	288236	0	0	0	nan	0	0	0	0	0	0	nan	0	0	0	nan	nan	nan	nan	nan	nan
70	c	0	288222	0	nan	0	1	288222	0	0	0	nan	0	0	0	0	0	0	nan	0	0	0	nan	nan	nan	nan	nan	nan
71	a	0	288218	0	nan	0	1	288218	0	0	0	nan	0	0	0	0	0	0	nan	0	0	0	nan	nan	nan	nan	nan	nan
72	a	0	288134	0	nan	0	1	288134	0	0	0	nan	0	0	0	0	0	0	nan	0	0	0	nan	nan	nan	nan	nan	nan
73	u	0	287970	0	nan	0	1	287970	0	0	0	nan	0	0	0	0	0	0	nan	0	0	0	nan	nan	nan	nan	nan	nan
74	c	0	287630	0	nan	0	1	287630	0	0	0	nan	0	0	0	0	0	0	nan	0	0	0	nan	nan	nan	nan	nan	nan