Nucleotide	Sequence	Modified_mutations	Modified_read_depth	Modified_effective_depth	Modified_rate	Modified_off_target_mapped_depth	Modified_low_mapq_mapped_depth	Modified_primer_pair_1_mapped_depth	Untreated_mutations	Untreated_read_depth	Untreated_effective_depth	Untreated_rate	Untreated_off_target_mapped_depth	Untreated_low_mapq_mapped_depth	Untreated_primer_pair_1_mapped_depth	Denatured_mutations	Denatured_read_depth	Denatured_effective_depth	Denatured_rate	Denatured_off_target_mapped_depth	Denatured_low_mapq_mapped_depth	Denatured_primer_pair_1_mapped_depth	Reactivity_profile	Std_err	HQ_profile	HQ_stderr	Norm_profile	Norm_stderr
1	g	0	177007	0	nan	20	0	177007	0	0	0	nan	0	0	0	0	0	0	nan	0	0	0	nan	nan	nan	nan	nan	nan
2	g	0	190511	0	nan	51	0	190511	0	0	0	nan	0	0	0	0	0	0	nan	0	0	0	nan	nan	nan	nan	nan	nan
3	c	0	190974	0	nan	51	0	190974	0	0	0	nan	0	0	0	0	0	0	nan	0	0	0	nan	nan	nan	nan	nan	nan
4	a	0	191085	0	nan	51	0	191085	0	0	0	nan	0	0	0	0	0	0	nan	0	0	0	nan	nan	nan	nan	nan	nan
5	c	0	191113	0	nan	51	0	191113	0	0	0	nan	0	0	0	0	0	0	nan	0	0	0	nan	nan	nan	nan	nan	nan
6	c	0	191117	0	nan	51	0	191117	0	0	0	nan	0	0	0	0	0	0	nan	0	0	0	nan	nan	nan	nan	nan	nan
7	u	0	191120	0	nan	51	0	191120	0	0	0	nan	0	0	0	0	0	0	nan	0	0	0	nan	nan	nan	nan	nan	nan
8	c	0	191139	0	nan	51	0	191139	0	0	0	nan	0	0	0	0	0	0	nan	0	0	0	nan	nan	nan	nan	nan	nan
9	a	0	191165	0	nan	51	0	191165	0	0	0	nan	0	0	0	0	0	0	nan	0	0	0	nan	nan	nan	nan	nan	nan
10	u	0	191239	0	nan	51	0	191239	0	0	0	nan	0	0	0	0	0	0	nan	0	0	0	nan	nan	nan	nan	nan	nan
11	a	0	191411	0	nan	51	0	191411	0	0	0	nan	0	0	0	0	0	0	nan	0	0	0	nan	nan	nan	nan	nan	nan
12	a	0	191429	0	nan	51	0	191429	0	0	0	nan	0	0	0	0	0	0	nan	0	0	0	nan	nan	nan	nan	nan	nan
13	c	0	191433	0	nan	51	0	191433	0	0	0	nan	0	0	0	0	0	0	nan	0	0	0	nan	nan	nan	nan	nan	nan
14	a	0	191433	0	nan	51	0	191433	0	0	0	nan	0	0	0	0	0	0	nan	0	0	0	nan	nan	nan	nan	nan	nan
15	u	0	191447	0	nan	51	0	191447	0	0	0	nan	0	0	0	0	0	0	nan	0	0	0	nan	nan	nan	nan	nan	nan
16	a	0	191454	0	nan	51	0	191454	0	0	0	nan	0	0	0	0	0	0	nan	0	0	0	nan	nan	nan	nan	nan	nan
17	a	0	191458	0	nan	51	0	191458	0	0	0	nan	0	0	0	0	0	0	nan	0	0	0	nan	nan	nan	nan	nan	nan
18	c	0	191464	0	nan	51	0	191464	0	0	0	nan	0	0	0	0	0	0	nan	0	0	0	nan	nan	nan	nan	nan	nan
19	U	0	191466	0	nan	51	0	191466	0	0	0	nan	0	0	0	0	0	0	nan	0	0	0	nan	nan	nan	nan	nan	nan
20	A	0	191497	24	0.000000	51	0	191497	0	0	0	nan	0	0	0	0	0	0	nan	0	0	0	0.000000	0.000000	nan	nan	nan	nan
21	A	0	191510	29	0.000000	51	0	191510	0	0	0	nan	0	0	0	0	0	0	nan	0	0	0	0.000000	0.000000	nan	nan	nan	nan
22	G	0	191527	187451	0.000000	51	0	191527	0	0	0	nan	0	0	0	0	0	0	nan	0	0	0	0.000000	0.000000	0.000000	0.000000	nan	nan
23	G	200	191539	183770	0.001088	51	0	191539	0	0	0	nan	0	0	0	0	0	0	nan	0	0	0	0.001088	0.000077	0.001088	0.000077	nan	nan
24	C	4529	191593	186899	0.024232	51	0	191593	0	0	0	nan	0	0	0	0	0	0	nan	0	0	0	0.024232	0.000360	0.024232	0.000360	0.980933	0.014573
25	A	2558	191679	188839	0.013546	51	0	191679	0	0	0	nan	0	0	0	0	0	0	nan	0	0	0	0.013546	0.000268	0.013546	0.000268	0.901894	0.017843
26	G	184	191695	188253	0.000977	51	0	191695	0	0	0	nan	0	0	0	0	0	0	nan	0	0	0	0.000977	0.000072	0.000977	0.000072	nan	nan
27	A	2724	191709	189065	0.014408	51	0	191708	0	0	0	nan	0	0	0	0	0	0	nan	0	0	0	0.014408	0.000276	0.014408	0.000276	0.959286	0.018376
28	U	1233	191723	188406	0.006544	51	0	191717	0	0	0	nan	0	0	0	0	0	0	nan	0	0	0	0.006544	0.000186	0.006544	0.000186	1.084341	0.030820
29	C	4247	191726	188503	0.022530	51	0	191715	0	0	0	nan	0	0	0	0	0	0	nan	0	0	0	0.022530	0.000346	0.022530	0.000346	0.912035	0.014006
30	U	862	191728	188629	0.004570	51	0	191714	0	0	0	nan	0	0	0	0	0	0	nan	0	0	0	0.004570	0.000156	0.004570	0.000156	0.757249	0.025849
31	G	177	191744	187547	0.000944	51	0	191727	0	0	0	nan	0	0	0	0	0	0	nan	0	0	0	0.000944	0.000071	0.000944	0.000071	nan	nan
32	A	3176	191748	188447	0.016854	51	0	191731	0	0	0	nan	0	0	0	0	0	0	nan	0	0	0	0.016854	0.000299	0.016854	0.000299	1.122141	0.019907
33	G	207	191750	184833	0.001120	51	0	191723	0	0	0	nan	0	0	0	0	0	0	nan	0	0	0	0.001120	0.000078	0.001120	0.000078	nan	nan
34	C	4378	191756	184389	0.023743	43	0	191718	0	0	0	nan	0	0	0	0	0	0	nan	0	0	0	0.023743	0.000359	0.023743	0.000359	0.961138	0.014533
35	U	1213	191773	184234	0.006584	43	0	191713	0	0	0	nan	0	0	0	0	0	0	nan	0	0	0	0.006584	0.000189	0.006584	0.000189	1.090969	0.031317
36	U	974	191780	184263	0.005286	43	0	191711	0	0	0	nan	0	0	0	0	0	0	nan	0	0	0	0.005286	0.000169	0.005286	0.000169	0.875891	0.028003
37	C	4577	191816	185280	0.024703	43	0	191618	0	0	0	nan	0	0	0	0	0	0	nan	0	0	0	0.024703	0.000365	0.024703	0.000365	1.000000	0.014776
38	G	163	191889	184929	0.000881	43	0	191704	0	0	0	nan	0	0	0	0	0	0	nan	0	0	0	0.000881	0.000069	0.000881	0.000069	nan	nan
39	G	188	192198	185890	0.001011	43	0	192106	0	0	0	nan	0	0	0	0	0	0	nan	0	0	0	0.001011	0.000074	0.001011	0.000074	nan	nan
40	C	3302	192382	189852	0.017392	33	0	192365	0	0	0	nan	0	0	0	0	0	0	nan	0	0	0	0.017392	0.000303	0.017392	0.000303	0.704044	0.012266
41	U	680	192409	189925	0.003580	32	0	192401	0	0	0	nan	0	0	0	0	0	0	nan	0	0	0	0.003580	0.000137	0.003580	0.000137	0.593206	0.022701
42	C	3929	192414	190276	0.020649	29	0	192408	0	0	0	nan	0	0	0	0	0	0	nan	0	0	0	0.020649	0.000329	0.020649	0.000329	0.835890	0.013318
43	U	1052	192415	190388	0.005526	29	0	192409	0	0	0	nan	0	0	0	0	0	0	nan	0	0	0	0.005526	0.000170	0.005526	0.000170	0.915659	0.028169
44	C	4385	192418	190540	0.023014	28	0	192413	0	0	0	nan	0	0	0	0	0	0	nan	0	0	0	0.023014	0.000348	0.023014	0.000348	0.931628	0.014087
45	U	779	192418	190393	0.004092	28	0	192409	0	0	0	nan	0	0	0	0	0	0	nan	0	0	0	0.004092	0.000147	0.004092	0.000147	0.678045	0.024358
46	G	245	192418	187639	0.001306	28	0	192408	0	0	0	nan	0	0	0	0	0	0	nan	0	0	0	0.001306	0.000083	0.001306	0.000083	nan	nan
47	C	5675	192419	189484	0.029950	28	0	192409	0	0	0	nan	0	0	0	0	0	0	nan	0	0	0	0.029950	0.000398	0.029950	0.000398	1.212403	0.016111
48	C	5825	192424	189924	0.030670	28	0	192418	0	0	0	nan	0	0	0	0	0	0	nan	0	0	0	0.030670	0.000402	0.030670	0.000402	1.241550	0.016273
49	A	2499	192428	190768	0.013100	28	0	192426	0	0	0	nan	0	0	0	0	0	0	nan	0	0	0	0.013100	0.000262	0.013100	0.000262	0.872199	0.017444
50	A	0	192430	191371	0.000000	28	0	192430	0	0	0	nan	0	0	0	0	0	0	nan	0	0	0	0.000000	0.000000	0.000000	0.000000	0.000000	0.000000
51	U	0	192430	114	0.000000	23	0	192430	0	0	0	nan	0	0	0	0	0	0	nan	0	0	0	0.000000	0.000000	nan	nan	nan	nan
52	C	0	192430	113	0.000000	22	0	192430	0	0	0	nan	0	0	0	0	0	0	nan	0	0	0	0.000000	0.000000	nan	nan	nan	nan
53	C	0	192427	116	0.000000	22	0	192427	0	0	0	nan	0	0	0	0	0	0	nan	0	0	0	0.000000	0.000000	nan	nan	nan	nan
54	a	0	192287	0	nan	22	0	192287	0	0	0	nan	0	0	0	0	0	0	nan	0	0	0	nan	nan	nan	nan	nan	nan
55	c	0	192286	0	nan	22	0	192286	0	0	0	nan	0	0	0	0	0	0	nan	0	0	0	nan	nan	nan	nan	nan	nan
56	u	0	192280	0	nan	22	0	192280	0	0	0	nan	0	0	0	0	0	0	nan	0	0	0	nan	nan	nan	nan	nan	nan
57	a	0	192273	0	nan	22	0	192273	0	0	0	nan	0	0	0	0	0	0	nan	0	0	0	nan	nan	nan	nan	nan	nan
58	a	0	192273	0	nan	22	0	192273	0	0	0	nan	0	0	0	0	0	0	nan	0	0	0	nan	nan	nan	nan	nan	nan
59	c	0	192273	0	nan	7	0	192273	0	0	0	nan	0	0	0	0	0	0	nan	0	0	0	nan	nan	nan	nan	nan	nan
60	c	0	192273	0	nan	6	0	192273	0	0	0	nan	0	0	0	0	0	0	nan	0	0	0	nan	nan	nan	nan	nan	nan
61	u	0	192273	0	nan	0	0	192273	0	0	0	nan	0	0	0	0	0	0	nan	0	0	0	nan	nan	nan	nan	nan	nan
62	c	0	192271	0	nan	0	0	192271	0	0	0	nan	0	0	0	0	0	0	nan	0	0	0	nan	nan	nan	nan	nan	nan
63	a	0	192271	0	nan	0	0	192271	0	0	0	nan	0	0	0	0	0	0	nan	0	0	0	nan	nan	nan	nan	nan	nan
64	c	0	192271	0	nan	0	0	192271	0	0	0	nan	0	0	0	0	0	0	nan	0	0	0	nan	nan	nan	nan	nan	nan
65	u	0	192271	0	nan	0	0	192271	0	0	0	nan	0	0	0	0	0	0	nan	0	0	0	nan	nan	nan	nan	nan	nan
66	c	0	192271	0	nan	0	0	192271	0	0	0	nan	0	0	0	0	0	0	nan	0	0	0	nan	nan	nan	nan	nan	nan
67	a	0	192270	0	nan	0	0	192270	0	0	0	nan	0	0	0	0	0	0	nan	0	0	0	nan	nan	nan	nan	nan	nan
68	c	0	192264	0	nan	0	0	192264	0	0	0	nan	0	0	0	0	0	0	nan	0	0	0	nan	nan	nan	nan	nan	nan
69	a	0	192254	0	nan	0	0	192254	0	0	0	nan	0	0	0	0	0	0	nan	0	0	0	nan	nan	nan	nan	nan	nan
70	a	0	192206	0	nan	0	0	192206	0	0	0	nan	0	0	0	0	0	0	nan	0	0	0	nan	nan	nan	nan	nan	nan
71	u	0	192091	0	nan	0	0	192091	0	0	0	nan	0	0	0	0	0	0	nan	0	0	0	nan	nan	nan	nan	nan	nan
72	c	0	191856	0	nan	0	0	191856	0	0	0	nan	0	0	0	0	0	0	nan	0	0	0	nan	nan	nan	nan	nan	nan