Nucleotide	Sequence	Modified_mutations	Modified_read_depth	Modified_effective_depth	Modified_rate	Modified_off_target_mapped_depth	Modified_low_mapq_mapped_depth	Modified_primer_pair_1_mapped_depth	Untreated_mutations	Untreated_read_depth	Untreated_effective_depth	Untreated_rate	Untreated_off_target_mapped_depth	Untreated_low_mapq_mapped_depth	Untreated_primer_pair_1_mapped_depth	Denatured_mutations	Denatured_read_depth	Denatured_effective_depth	Denatured_rate	Denatured_off_target_mapped_depth	Denatured_low_mapq_mapped_depth	Denatured_primer_pair_1_mapped_depth	Reactivity_profile	Std_err	HQ_profile	HQ_stderr	Norm_profile	Norm_stderr
1	g	0	44729	0	nan	2	0	44729	0	0	0	nan	0	0	0	0	0	0	nan	0	0	0	nan	nan	nan	nan	nan	nan
2	g	0	44763	0	nan	2	0	44763	0	0	0	nan	0	0	0	0	0	0	nan	0	0	0	nan	nan	nan	nan	nan	nan
3	a	0	44779	0	nan	2	0	44779	0	0	0	nan	0	0	0	0	0	0	nan	0	0	0	nan	nan	nan	nan	nan	nan
4	u	0	44782	0	nan	2	0	44782	0	0	0	nan	0	0	0	0	0	0	nan	0	0	0	nan	nan	nan	nan	nan	nan
5	a	0	44788	0	nan	2	0	44788	0	0	0	nan	0	0	0	0	0	0	nan	0	0	0	nan	nan	nan	nan	nan	nan
6	a	0	44788	0	nan	2	0	44788	0	0	0	nan	0	0	0	0	0	0	nan	0	0	0	nan	nan	nan	nan	nan	nan
7	u	0	44788	0	nan	2	0	44788	0	0	0	nan	0	0	0	0	0	0	nan	0	0	0	nan	nan	nan	nan	nan	nan
8	c	0	44788	0	nan	2	0	44788	0	0	0	nan	0	0	0	0	0	0	nan	0	0	0	nan	nan	nan	nan	nan	nan
9	c	0	44788	0	nan	2	0	44788	0	0	0	nan	0	0	0	0	0	0	nan	0	0	0	nan	nan	nan	nan	nan	nan
10	a	0	44788	0	nan	2	0	44788	0	0	0	nan	0	0	0	0	0	0	nan	0	0	0	nan	nan	nan	nan	nan	nan
11	a	0	44788	0	nan	2	0	44788	0	0	0	nan	0	0	0	0	0	0	nan	0	0	0	nan	nan	nan	nan	nan	nan
12	a	0	44788	0	nan	2	0	44788	0	0	0	nan	0	0	0	0	0	0	nan	0	0	0	nan	nan	nan	nan	nan	nan
13	a	0	44788	0	nan	2	0	44788	0	0	0	nan	0	0	0	0	0	0	nan	0	0	0	nan	nan	nan	nan	nan	nan
14	c	0	44788	0	nan	2	0	44788	0	0	0	nan	0	0	0	0	0	0	nan	0	0	0	nan	nan	nan	nan	nan	nan
15	a	0	44788	0	nan	2	0	44788	0	0	0	nan	0	0	0	0	0	0	nan	0	0	0	nan	nan	nan	nan	nan	nan
16	a	0	44788	0	nan	2	0	44788	0	0	0	nan	0	0	0	0	0	0	nan	0	0	0	nan	nan	nan	nan	nan	nan
17	c	0	44788	0	nan	2	0	44788	0	0	0	nan	0	0	0	0	0	0	nan	0	0	0	nan	nan	nan	nan	nan	nan
18	a	0	44788	0	nan	2	0	44788	0	0	0	nan	0	0	0	0	0	0	nan	0	0	0	nan	nan	nan	nan	nan	nan
19	a	0	44788	0	nan	2	0	44788	0	0	0	nan	0	0	0	0	0	0	nan	0	0	0	nan	nan	nan	nan	nan	nan
20	c	0	44788	0	nan	2	0	44788	0	0	0	nan	0	0	0	0	0	0	nan	0	0	0	nan	nan	nan	nan	nan	nan
21	c	0	44788	0	nan	2	0	44788	0	0	0	nan	0	0	0	0	0	0	nan	0	0	0	nan	nan	nan	nan	nan	nan
22	A	0	44788	0	nan	2	0	44788	0	0	0	nan	0	0	0	0	0	0	nan	0	0	0	nan	nan	nan	nan	nan	nan
23	A	0	44788	0	nan	2	0	44788	0	0	0	nan	0	0	0	0	0	0	nan	0	0	0	nan	nan	nan	nan	nan	nan
24	A	0	44788	0	nan	2	0	44788	0	0	0	nan	0	0	0	0	0	0	nan	0	0	0	nan	nan	nan	nan	nan	nan
25	G	0	44788	39529	0.000000	2	0	44788	0	0	0	nan	0	0	0	0	0	0	nan	0	0	0	0.000000	0.000000	0.000000	0.000000	nan	nan
26	G	26	44788	35850	0.000725	2	0	44787	0	0	0	nan	0	0	0	0	0	0	nan	0	0	0	0.000725	0.000142	0.000725	0.000142	nan	nan
27	A	795	44788	35589	0.022338	2	0	44784	0	0	0	nan	0	0	0	0	0	0	nan	0	0	0	0.022338	0.000792	0.022338	0.000792	0.689987	0.024464
28	A	477	44787	34911	0.013663	2	0	44781	0	0	0	nan	0	0	0	0	0	0	nan	0	0	0	0.013663	0.000626	0.013663	0.000626	0.422030	0.019336
29	U	156	44787	40635	0.003839	2	0	44781	0	0	0	nan	0	0	0	0	0	0	nan	0	0	0	0.003839	0.000307	0.003839	0.000307	0.961312	0.076875
30	U	78	44786	41149	0.001896	2	0	44771	0	0	0	nan	0	0	0	0	0	0	nan	0	0	0	0.001896	0.000215	0.001896	0.000215	0.474772	0.053837
31	G	27	44785	42139	0.000641	2	0	44767	0	0	0	nan	0	0	0	0	0	0	nan	0	0	0	0.000641	0.000123	0.000641	0.000123	nan	nan
32	C	509	44784	42519	0.011971	2	0	44764	0	0	0	nan	0	0	0	0	0	0	nan	0	0	0	0.011971	0.000531	0.011971	0.000531	0.770384	0.034172
33	G	32	44784	42203	0.000758	2	0	44758	0	0	0	nan	0	0	0	0	0	0	nan	0	0	0	0.000758	0.000134	0.000758	0.000134	nan	nan
34	G	16	44783	42482	0.000377	2	0	44746	0	0	0	nan	0	0	0	0	0	0	nan	0	0	0	0.000377	0.000094	0.000377	0.000094	nan	nan
35	G	13	44783	38522	0.000337	2	0	44742	0	0	0	nan	0	0	0	0	0	0	nan	0	0	0	0.000337	0.000094	0.000337	0.000094	nan	nan
36	A	274	44783	36522	0.007502	2	0	44734	0	0	0	nan	0	0	0	0	0	0	nan	0	0	0	0.007502	0.000453	0.007502	0.000453	0.231726	0.013992
37	A	1095	44783	35059	0.031233	2	0	44719	0	0	0	nan	0	0	0	0	0	0	nan	0	0	0	0.031233	0.000944	0.031233	0.000944	0.964741	0.029159
38	A	1291	44783	38519	0.033516	2	0	44716	0	0	0	nan	0	0	0	0	0	0	nan	0	0	0	0.033516	0.000933	0.033516	0.000933	1.035259	0.028819
39	G	23	44783	40608	0.000566	2	0	44715	0	0	0	nan	0	0	0	0	0	0	nan	0	0	0	0.000566	0.000118	0.000566	0.000118	nan	nan
40	G	19	44782	41769	0.000455	2	0	44713	0	0	0	nan	0	0	0	0	0	0	nan	0	0	0	0.000455	0.000104	0.000455	0.000104	nan	nan
41	G	29	44782	41699	0.000695	2	0	44712	0	0	0	nan	0	0	0	0	0	0	nan	0	0	0	0.000695	0.000129	0.000695	0.000129	nan	nan
42	G	30	44782	42147	0.000712	2	0	44709	0	0	0	nan	0	0	0	0	0	0	nan	0	0	0	0.000712	0.000130	0.000712	0.000130	nan	nan
43	U	61	44782	42390	0.001439	2	0	44705	0	0	0	nan	0	0	0	0	0	0	nan	0	0	0	0.001439	0.000184	0.001439	0.000184	0.360336	0.046075
44	C	217	44782	39687	0.005468	2	0	44702	0	0	0	nan	0	0	0	0	0	0	nan	0	0	0	0.005468	0.000371	0.005468	0.000371	0.351889	0.023875
45	A	752	44782	37461	0.020074	2	0	44695	0	0	0	nan	0	0	0	0	0	0	nan	0	0	0	0.020074	0.000732	0.020074	0.000732	0.620056	0.022610
46	A	404	44782	37772	0.010696	2	0	44693	0	0	0	nan	0	0	0	0	0	0	nan	0	0	0	0.010696	0.000532	0.010696	0.000532	0.330383	0.016433
47	C	1014	44782	39682	0.025553	2	0	44691	0	0	0	nan	0	0	0	0	0	0	nan	0	0	0	0.025553	0.000802	0.025553	0.000802	1.644443	0.051612
48	A	1056	44781	41909	0.025197	2	0	44687	0	0	0	nan	0	0	0	0	0	0	nan	0	0	0	0.025197	0.000775	0.025197	0.000775	0.778298	0.023939
49	G	29	44781	41772	0.000694	2	0	44680	0	0	0	nan	0	0	0	0	0	0	nan	0	0	0	0.000694	0.000129	0.000694	0.000129	nan	nan
50	C	55	44780	40321	0.001364	2	0	44674	0	0	0	nan	0	0	0	0	0	0	nan	0	0	0	0.001364	0.000184	0.001364	0.000184	0.087779	0.011841
51	C	45	44780	40199	0.001119	2	0	44672	0	0	0	nan	0	0	0	0	0	0	nan	0	0	0	0.001119	0.000167	0.001119	0.000167	0.072012	0.010747
52	G	35	44780	39188	0.000893	2	0	44667	0	0	0	nan	0	0	0	0	0	0	nan	0	0	0	0.000893	0.000151	0.000893	0.000151	nan	nan
53	U	166	44780	41065	0.004042	2	0	44665	0	0	0	nan	0	0	0	0	0	0	nan	0	0	0	0.004042	0.000314	0.004042	0.000314	1.012145	0.078628
54	U	76	44781	40533	0.001875	2	0	44659	0	0	0	nan	0	0	0	0	0	0	nan	0	0	0	0.001875	0.000215	0.001875	0.000215	0.469513	0.053837
55	C	98	44781	41623	0.002354	2	0	44656	0	0	0	nan	0	0	0	0	0	0	nan	0	0	0	0.002354	0.000238	0.002354	0.000238	0.151490	0.015316
56	A	163	44781	41827	0.003897	2	0	44650	0	0	0	nan	0	0	0	0	0	0	nan	0	0	0	0.003897	0.000305	0.003897	0.000305	0.120373	0.009421
57	G	28	44781	42432	0.000660	2	0	44650	0	0	0	nan	0	0	0	0	0	0	nan	0	0	0	0.000660	0.000125	0.000660	0.000125	nan	nan
58	U	36	44780	42205	0.000853	2	0	44646	0	0	0	nan	0	0	0	0	0	0	nan	0	0	0	0.000853	0.000142	0.000853	0.000142	0.213597	0.035558
59	A	316	44782	42023	0.007520	2	0	44646	0	0	0	nan	0	0	0	0	0	0	nan	0	0	0	0.007520	0.000423	0.007520	0.000423	0.232282	0.013066
60	C	81	44782	42192	0.001920	2	0	44647	0	0	0	nan	0	0	0	0	0	0	nan	0	0	0	0.001920	0.000213	0.001920	0.000213	0.123560	0.013707
61	C	49	44782	42283	0.001159	2	0	44647	0	0	0	nan	0	0	0	0	0	0	nan	0	0	0	0.001159	0.000166	0.001159	0.000166	0.074587	0.010683
62	A	1647	44782	41506	0.039681	2	0	44645	0	0	0	nan	0	0	0	0	0	0	nan	0	0	0	0.039681	0.000978	0.039681	0.000978	1.225687	0.030209
63	A	1166	44782	41655	0.027992	2	0	44642	0	0	0	nan	0	0	0	0	0	0	nan	0	0	0	0.027992	0.000820	0.027992	0.000820	0.864631	0.025329
64	G	23	44782	42237	0.000545	2	0	44638	0	0	0	nan	0	0	0	0	0	0	nan	0	0	0	0.000545	0.000114	0.000545	0.000114	nan	nan
65	U	51	44782	39492	0.001291	2	0	44633	0	0	0	nan	0	0	0	0	0	0	nan	0	0	0	0.001291	0.000181	0.001291	0.000181	0.323275	0.045324
66	C	46	44790	39732	0.001158	2	0	44636	0	0	0	nan	0	0	0	0	0	0	nan	0	0	0	0.001158	0.000171	0.001158	0.000171	0.074522	0.011005
67	U	25	45167	39798	0.000628	2	0	45127	0	0	0	nan	0	0	0	0	0	0	nan	0	0	0	0.000628	0.000126	0.000628	0.000126	0.157256	0.031551
68	C	34	45179	43690	0.000778	2	0	45137	0	0	0	nan	0	0	0	0	0	0	nan	0	0	0	0.000778	0.000133	0.000778	0.000133	0.050068	0.008559
69	A	247	45186	43148	0.005724	2	0	45144	0	0	0	nan	0	0	0	0	0	0	nan	0	0	0	0.005724	0.000364	0.005724	0.000364	0.176806	0.011243
70	G	30	45187	42584	0.000704	2	0	45144	0	0	0	nan	0	0	0	0	0	0	nan	0	0	0	0.000704	0.000129	0.000704	0.000129	nan	nan
71	G	15	45187	42614	0.000352	2	0	45144	0	0	0	nan	0	0	0	0	0	0	nan	0	0	0	0.000352	0.000091	0.000352	0.000091	nan	nan
72	G	19	45187	43101	0.000441	2	0	45144	0	0	0	nan	0	0	0	0	0	0	nan	0	0	0	0.000441	0.000101	0.000441	0.000101	nan	nan
73	G	22	45188	44527	0.000494	2	0	45145	0	0	0	nan	0	0	0	0	0	0	nan	0	0	0	0.000494	0.000105	0.000494	0.000105	nan	nan
74	A	452	45188	44474	0.010163	2	0	45147	0	0	0	nan	0	0	0	0	0	0	nan	0	0	0	0.010163	0.000478	0.010163	0.000478	0.313920	0.014765
75	A	339	45189	44724	0.007580	2	0	45148	0	0	0	nan	0	0	0	0	0	0	nan	0	0	0	0.007580	0.000412	0.007580	0.000412	0.234135	0.012726
76	A	436	45189	44659	0.009763	2	0	45148	0	0	0	nan	0	0	0	0	0	0	nan	0	0	0	0.009763	0.000468	0.009763	0.000468	0.301565	0.014456
77	C	58	45189	44671	0.001298	2	0	45148	0	0	0	nan	0	0	0	0	0	0	nan	0	0	0	0.001298	0.000170	0.001298	0.000170	0.083532	0.010940
78	U	37	45189	44576	0.000830	2	0	45148	0	0	0	nan	0	0	0	0	0	0	nan	0	0	0	0.000830	0.000136	0.000830	0.000136	0.207838	0.034055
79	U	112	45188	44594	0.002512	2	0	45146	0	0	0	nan	0	0	0	0	0	0	nan	0	0	0	0.002512	0.000237	0.002512	0.000237	0.629022	0.059346
80	U	51	45187	44045	0.001158	2	0	45142	0	0	0	nan	0	0	0	0	0	0	nan	0	0	0	0.001158	0.000162	0.001158	0.000162	0.289971	0.040566
81	G	15	45187	43977	0.000341	2	0	45138	0	0	0	nan	0	0	0	0	0	0	nan	0	0	0	0.000341	0.000088	0.000341	0.000088	nan	nan
82	A	132	45188	44006	0.003000	2	0	45138	0	0	0	nan	0	0	0	0	0	0	nan	0	0	0	0.003000	0.000261	0.003000	0.000261	0.092666	0.008062
83	G	33	45188	44571	0.000740	2	0	45137	0	0	0	nan	0	0	0	0	0	0	nan	0	0	0	0.000740	0.000129	0.000740	0.000129	nan	nan
84	A	110	45188	44687	0.002462	2	0	45135	0	0	0	nan	0	0	0	0	0	0	nan	0	0	0	0.002462	0.000235	0.002462	0.000235	0.076048	0.007259
85	U	29	45188	44670	0.000649	2	0	45135	0	0	0	nan	0	0	0	0	0	0	nan	0	0	0	0.000649	0.000121	0.000649	0.000121	0.162514	0.030299
86	G	23	45186	44698	0.000515	2	0	45130	0	0	0	nan	0	0	0	0	0	0	nan	0	0	0	0.000515	0.000107	0.000515	0.000107	nan	nan
87	G	18	45186	44665	0.000403	2	0	45128	0	0	0	nan	0	0	0	0	0	0	nan	0	0	0	0.000403	0.000095	0.000403	0.000095	nan	nan
88	C	77	45186	41230	0.001868	2	0	45126	0	0	0	nan	0	0	0	0	0	0	nan	0	0	0	0.001868	0.000213	0.001868	0.000213	0.120214	0.013707
89	C	47	45186	41171	0.001142	2	0	45126	0	0	0	nan	0	0	0	0	0	0	nan	0	0	0	0.001142	0.000167	0.001142	0.000167	0.073493	0.010747
90	U	47	45186	41090	0.001144	2	0	45124	0	0	0	nan	0	0	0	0	0	0	nan	0	0	0	0.001144	0.000167	0.001144	0.000167	0.286466	0.041818
91	U	67	45185	44577	0.001503	2	0	45123	0	0	0	nan	0	0	0	0	0	0	nan	0	0	0	0.001503	0.000184	0.001503	0.000184	0.376362	0.046075
92	G	49	45184	44437	0.001103	2	0	45121	0	0	0	nan	0	0	0	0	0	0	nan	0	0	0	0.001103	0.000158	0.001103	0.000158	nan	nan
93	C	2078	45184	44334	0.046871	3	0	45121	0	0	0	nan	0	0	0	0	0	0	nan	0	0	0	0.046871	0.001028	0.046871	0.001028	3.016346	0.066156
94	A	613	45184	44302	0.013837	6	0	45121	0	0	0	nan	0	0	0	0	0	0	nan	0	0	0	0.013837	0.000559	0.013837	0.000559	0.427404	0.017267
95	A	844	45184	44447	0.018989	6	0	45121	0	0	0	nan	0	0	0	0	0	0	nan	0	0	0	0.018989	0.000654	0.018989	0.000654	0.586542	0.020201
96	A	942	45184	44652	0.021096	6	0	45122	0	0	0	nan	0	0	0	0	0	0	nan	0	0	0	0.021096	0.000687	0.021096	0.000687	0.651624	0.021220
97	G	13	45184	44707	0.000291	6	0	45122	0	0	0	nan	0	0	0	0	0	0	nan	0	0	0	0.000291	0.000081	0.000291	0.000081	nan	nan
98	G	21	45184	44782	0.000469	6	0	45122	0	0	0	nan	0	0	0	0	0	0	nan	0	0	0	0.000469	0.000102	0.000469	0.000102	nan	nan
99	G	13	45184	44668	0.000291	6	0	45122	0	0	0	nan	0	0	0	0	0	0	nan	0	0	0	0.000291	0.000081	0.000291	0.000081	nan	nan
100	U	21	45184	44740	0.000469	6	0	45122	0	0	0	nan	0	0	0	0	0	0	nan	0	0	0	0.000469	0.000102	0.000469	0.000102	0.117441	0.025542
101	A	521	45184	44729	0.011648	6	0	45122	0	0	0	nan	0	0	0	0	0	0	nan	0	0	0	0.011648	0.000510	0.011648	0.000510	0.359789	0.015753
102	U	199	45184	44752	0.004447	6	0	45122	0	0	0	nan	0	0	0	0	0	0	nan	0	0	0	0.004447	0.000315	0.004447	0.000315	1.113560	0.078878
103	G	7	45184	44571	0.000157	6	0	45122	0	0	0	nan	0	0	0	0	0	0	nan	0	0	0	0.000157	0.000059	0.000157	0.000059	nan	nan
104	G	17	45184	44531	0.000382	6	0	45122	0	0	0	nan	0	0	0	0	0	0	nan	0	0	0	0.000382	0.000093	0.000382	0.000093	nan	nan
105	U	30	45184	44549	0.000673	6	0	45121	0	0	0	nan	0	0	0	0	0	0	nan	0	0	0	0.000673	0.000123	0.000673	0.000123	0.168524	0.030800
106	A	790	45182	44675	0.017683	6	0	45118	0	0	0	nan	0	0	0	0	0	0	nan	0	0	0	0.017683	0.000629	0.017683	0.000629	0.546201	0.019429
107	A	156	45182	44663	0.003493	6	0	45117	0	0	0	nan	0	0	0	0	0	0	nan	0	0	0	0.003493	0.000280	0.003493	0.000280	0.107894	0.008649
108	U	79	45182	44535	0.001774	6	0	45117	0	0	0	nan	0	0	0	0	0	0	nan	0	0	0	0.001774	0.000200	0.001774	0.000200	0.444222	0.050081
109	A	51	45182	44460	0.001147	6	0	45117	0	0	0	nan	0	0	0	0	0	0	nan	0	0	0	0.001147	0.000161	0.001147	0.000161	0.035429	0.004973
110	A	280	45182	44572	0.006282	6	0	45118	0	0	0	nan	0	0	0	0	0	0	nan	0	0	0	0.006282	0.000375	0.006282	0.000375	0.194042	0.011583
111	G	37	45182	44639	0.000829	6	0	45118	0	0	0	nan	0	0	0	0	0	0	nan	0	0	0	0.000829	0.000136	0.000829	0.000136	nan	nan
112	C	36	45182	44850	0.000803	6	0	45118	0	0	0	nan	0	0	0	0	0	0	nan	0	0	0	0.000803	0.000134	0.000803	0.000134	0.051676	0.008623
113	U	59	45182	44781	0.001318	6	0	45118	0	0	0	nan	0	0	0	0	0	0	nan	0	0	0	0.001318	0.000172	0.001318	0.000172	0.330036	0.043070
114	G	4	45182	44652	0.000090	6	0	45119	0	0	0	nan	0	0	0	0	0	0	nan	0	0	0	0.000090	0.000045	0.000090	0.000045	nan	nan
115	A	172	45181	44617	0.003855	6	0	45118	0	0	0	nan	0	0	0	0	0	0	nan	0	0	0	0.003855	0.000294	0.003855	0.000294	0.119075	0.009081
116	C	70	45181	44619	0.001569	6	0	45118	0	0	0	nan	0	0	0	0	0	0	nan	0	0	0	0.001569	0.000188	0.001569	0.000188	0.100972	0.012099
117	G	19	45181	44433	0.000428	6	0	45119	0	0	0	nan	0	0	0	0	0	0	nan	0	0	0	0.000428	0.000098	0.000428	0.000098	nan	nan
118	G	25	45182	44526	0.000561	6	0	45121	0	0	0	nan	0	0	0	0	0	0	nan	0	0	0	0.000561	0.000112	0.000561	0.000112	nan	nan
119	A	167	45182	44535	0.003750	6	0	45122	0	0	0	nan	0	0	0	0	0	0	nan	0	0	0	0.003750	0.000290	0.003750	0.000290	0.115832	0.008958
120	C	112	45183	44741	0.002503	6	0	45122	0	0	0	nan	0	0	0	0	0	0	nan	0	0	0	0.002503	0.000237	0.002503	0.000237	0.161079	0.015252
121	A	2713	45183	44706	0.060685	6	0	45122	0	0	0	nan	0	0	0	0	0	0	nan	0	0	0	0.060685	0.001165	0.060685	0.001165	1.874469	0.035985
122	U	197	45182	44706	0.004407	6	0	45119	0	0	0	nan	0	0	0	0	0	0	nan	0	0	0	0.004407	0.000314	0.004407	0.000314	1.103543	0.078628
123	G	48	45180	44610	0.001076	6	0	45118	0	0	0	nan	0	0	0	0	0	0	nan	0	0	0	0.001076	0.000155	0.001076	0.000155	nan	nan
124	G	22	45180	44608	0.000493	6	0	45118	0	0	0	nan	0	0	0	0	0	0	nan	0	0	0	0.000493	0.000105	0.000493	0.000105	nan	nan
125	U	49	45180	43931	0.001115	6	0	45119	0	0	0	nan	0	0	0	0	0	0	nan	0	0	0	0.001115	0.000159	0.001115	0.000159	0.279204	0.039815
126	C	27	45182	43907	0.000615	6	0	45121	0	0	0	nan	0	0	0	0	0	0	nan	0	0	0	0.000615	0.000118	0.000615	0.000118	0.039578	0.007594
127	C	19	45182	43908	0.000433	6	0	45121	0	0	0	nan	0	0	0	0	0	0	nan	0	0	0	0.000433	0.000099	0.000433	0.000099	0.027865	0.006371
128	U	65	45177	44356	0.001465	6	0	45115	0	0	0	nan	0	0	0	0	0	0	nan	0	0	0	0.001465	0.000182	0.001465	0.000182	0.366846	0.045574
129	A	560	45012	43960	0.012739	6	0	44830	0	0	0	nan	0	0	0	0	0	0	nan	0	0	0	0.012739	0.000538	0.012739	0.000538	0.393489	0.016618
130	A	2422	45011	43856	0.055226	6	0	44829	0	0	0	nan	0	0	0	0	0	0	nan	0	0	0	0.055226	0.001122	0.055226	0.001122	1.705849	0.034657
131	C	143	45011	43821	0.003263	6	0	44831	0	0	0	nan	0	0	0	0	0	0	nan	0	0	0	0.003263	0.000273	0.003263	0.000273	0.209988	0.017569
132	C	31	45011	43817	0.000707	6	0	44833	0	0	0	nan	0	0	0	0	0	0	nan	0	0	0	0.000707	0.000127	0.000707	0.000127	0.045498	0.008173
133	A	536	45011	43801	0.012237	6	0	44838	0	0	0	nan	0	0	0	0	0	0	nan	0	0	0	0.012237	0.000529	0.012237	0.000529	0.377983	0.016340
134	C	35	45011	43792	0.000799	4	0	44839	0	0	0	nan	0	0	0	0	0	0	nan	0	0	0	0.000799	0.000135	0.000799	0.000135	0.051419	0.008688
135	G	24	45011	43572	0.000551	4	0	44840	0	0	0	nan	0	0	0	0	0	0	nan	0	0	0	0.000551	0.000112	0.000551	0.000112	nan	nan
136	C	34	45012	43590	0.000780	4	0	44841	0	0	0	nan	0	0	0	0	0	0	nan	0	0	0	0.000780	0.000134	0.000780	0.000134	0.050196	0.008623
137	A	111	45012	43628	0.002544	4	0	44846	0	0	0	nan	0	0	0	0	0	0	nan	0	0	0	0.002544	0.000241	0.002544	0.000241	0.078580	0.007444
138	G	15	45013	43602	0.000344	4	0	44849	0	0	0	nan	0	0	0	0	0	0	nan	0	0	0	0.000344	0.000089	0.000344	0.000089	nan	nan
139	C	267	45013	43734	0.006105	4	0	44851	0	0	0	nan	0	0	0	0	0	0	nan	0	0	0	0.006105	0.000374	0.006105	0.000374	0.392882	0.024068
140	C	122	45013	43645	0.002795	4	0	44853	0	0	0	nan	0	0	0	0	0	0	nan	0	0	0	0.002795	0.000253	0.002795	0.000253	0.179870	0.016282
141	A	514	45014	43483	0.011821	4	0	44855	0	0	0	nan	0	0	0	0	0	0	nan	0	0	0	0.011821	0.000521	0.011821	0.000521	0.365133	0.016093
142	A	774	45016	43347	0.017856	4	0	44862	0	0	0	nan	0	0	0	0	0	0	nan	0	0	0	0.017856	0.000642	0.017856	0.000642	0.551545	0.019830
143	G	29	45017	43137	0.000672	4	0	44864	0	0	0	nan	0	0	0	0	0	0	nan	0	0	0	0.000672	0.000125	0.000672	0.000125	nan	nan
144	U	58	45018	43305	0.001339	4	0	44868	0	0	0	nan	0	0	0	0	0	0	nan	0	0	0	0.001339	0.000176	0.001339	0.000176	0.335295	0.044072
145	C	34	45020	43502	0.000782	4	0	44872	0	0	0	nan	0	0	0	0	0	0	nan	0	0	0	0.000782	0.000134	0.000782	0.000134	0.050325	0.008623
146	C	47	45021	42842	0.001097	4	0	44874	0	0	0	nan	0	0	0	0	0	0	nan	0	0	0	0.001097	0.000160	0.001097	0.000160	0.070597	0.010297
147	U	49	45021	42750	0.001146	4	0	44877	0	0	0	nan	0	0	0	0	0	0	nan	0	0	0	0.001146	0.000164	0.001146	0.000164	0.286966	0.041067
148	A	143	45022	42478	0.003366	4	0	44880	0	0	0	nan	0	0	0	0	0	0	nan	0	0	0	0.003366	0.000282	0.003366	0.000282	0.103971	0.008711
149	A	667	45022	42300	0.015768	4	0	44883	0	0	0	nan	0	0	0	0	0	0	nan	0	0	0	0.015768	0.000611	0.015768	0.000611	0.487050	0.018873
150	G	24	45022	41930	0.000572	4	0	44883	0	0	0	nan	0	0	0	0	0	0	nan	0	0	0	0.000572	0.000117	0.000572	0.000117	nan	nan
151	U	64	45022	42272	0.001514	4	0	44886	0	0	0	nan	0	0	0	0	0	0	nan	0	0	0	0.001514	0.000189	0.001514	0.000189	0.379116	0.047327
152	C	118	45023	43329	0.002723	4	0	44890	0	0	0	nan	0	0	0	0	0	0	nan	0	0	0	0.002723	0.000251	0.002723	0.000251	0.175237	0.016153
153	A	183	45024	43574	0.004200	4	0	44892	0	0	0	nan	0	0	0	0	0	0	nan	0	0	0	0.004200	0.000310	0.004200	0.000310	0.129732	0.009575
154	A	278	45024	43469	0.006395	4	0	44892	0	0	0	nan	0	0	0	0	0	0	nan	0	0	0	0.006395	0.000384	0.006395	0.000384	0.197532	0.011861
155	C	110	45025	43367	0.002536	4	0	44895	0	0	0	nan	0	0	0	0	0	0	nan	0	0	0	0.002536	0.000242	0.002536	0.000242	0.163202	0.015574
156	A	118	45026	43490	0.002713	4	0	44896	0	0	0	nan	0	0	0	0	0	0	nan	0	0	0	0.002713	0.000250	0.002713	0.000250	0.083801	0.007722
157	G	20	45026	43288	0.000462	4	0	44897	0	0	0	nan	0	0	0	0	0	0	nan	0	0	0	0.000462	0.000103	0.000462	0.000103	nan	nan
158	A	579	45028	42874	0.013505	4	0	44900	0	0	0	nan	0	0	0	0	0	0	nan	0	0	0	0.013505	0.000561	0.013505	0.000561	0.417149	0.017328
159	U	169	45029	42844	0.003945	4	0	44901	0	0	0	nan	0	0	0	0	0	0	nan	0	0	0	0.003945	0.000303	0.003945	0.000303	0.987855	0.075873
160	C	811	45032	42446	0.019107	4	0	44905	0	0	0	nan	0	0	0	0	0	0	nan	0	0	0	0.019107	0.000671	0.019107	0.000671	1.229616	0.043182
161	U	149	45033	41958	0.003551	4	0	44907	0	0	0	nan	0	0	0	0	0	0	nan	0	0	0	0.003551	0.000291	0.003551	0.000291	0.889195	0.072868
162	U	58	45033	41959	0.001382	4	0	44908	0	0	0	nan	0	0	0	0	0	0	nan	0	0	0	0.001382	0.000182	0.001382	0.000182	0.346062	0.045574
163	C	27	45033	42415	0.000637	4	0	44916	0	0	0	nan	0	0	0	0	0	0	nan	0	0	0	0.000637	0.000123	0.000637	0.000123	0.040994	0.007916
164	U	25	45033	42315	0.000591	4	0	44921	0	0	0	nan	0	0	0	0	0	0	nan	0	0	0	0.000591	0.000118	0.000591	0.000118	0.147990	0.029548
165	G	19	45033	40669	0.000467	4	0	44929	0	0	0	nan	0	0	0	0	0	0	nan	0	0	0	0.000467	0.000107	0.000467	0.000107	nan	nan
166	U	57	45034	40833	0.001396	4	0	44934	0	0	0	nan	0	0	0	0	0	0	nan	0	0	0	0.001396	0.000185	0.001396	0.000185	0.349568	0.046325
167	U	14	45034	42024	0.000333	4	0	44936	0	0	0	nan	0	0	0	0	0	0	nan	0	0	0	0.000333	0.000089	0.000333	0.000089	0.083386	0.022286
168	G	13	45036	43586	0.000298	4	0	44946	0	0	0	nan	0	0	0	0	0	0	nan	0	0	0	0.000298	0.000083	0.000298	0.000083	nan	nan
169	A	66	45036	43454	0.001519	4	0	44948	0	0	0	nan	0	0	0	0	0	0	nan	0	0	0	0.001519	0.000187	0.001519	0.000187	0.046920	0.005776
170	U	18	45037	43153	0.000417	4	0	44951	0	0	0	nan	0	0	0	0	0	0	nan	0	0	0	0.000417	0.000098	0.000417	0.000098	0.104420	0.024540
171	A	133	45037	42399	0.003137	4	0	44955	0	0	0	nan	0	0	0	0	0	0	nan	0	0	0	0.003137	0.000272	0.003137	0.000272	0.096897	0.008402
172	U	91	45037	42790	0.002127	4	0	44957	0	0	0	nan	0	0	0	0	0	0	nan	0	0	0	0.002127	0.000223	0.002127	0.000223	0.532616	0.055841
173	G	29	45039	43103	0.000673	4	0	44962	0	0	0	nan	0	0	0	0	0	0	nan	0	0	0	0.000673	0.000125	0.000673	0.000125	nan	nan
174	G	15	45039	43860	0.000342	4	0	44968	0	0	0	nan	0	0	0	0	0	0	nan	0	0	0	0.000342	0.000088	0.000342	0.000088	nan	nan
175	A	119	45041	41320	0.002880	4	0	44970	0	0	0	nan	0	0	0	0	0	0	nan	0	0	0	0.002880	0.000264	0.002880	0.000264	0.088959	0.008155
176	U	30	45041	41295	0.000726	4	0	44970	0	0	0	nan	0	0	0	0	0	0	nan	0	0	0	0.000726	0.000133	0.000726	0.000133	0.181795	0.033304
177	G	11	45041	41260	0.000267	4	0	44970	0	0	0	nan	0	0	0	0	0	0	nan	0	0	0	0.000267	0.000080	0.000267	0.000080	nan	nan
178	C	422	45041	43286	0.009749	4	0	44971	0	0	0	nan	0	0	0	0	0	0	nan	0	0	0	0.009749	0.000475	0.009749	0.000475	0.627389	0.030568
179	A	278	45042	43238	0.006430	4	0	44974	0	0	0	nan	0	0	0	0	0	0	nan	0	0	0	0.006430	0.000386	0.006430	0.000386	0.198613	0.011923
180	G	32	45043	41844	0.000765	4	0	44977	0	0	0	nan	0	0	0	0	0	0	nan	0	0	0	0.000765	0.000135	0.000765	0.000135	nan	nan
181	U	56	45043	40982	0.001366	4	0	44977	0	0	0	nan	0	0	0	0	0	0	nan	0	0	0	0.001366	0.000183	0.001366	0.000183	0.342056	0.045824
182	U	53	45043	40538	0.001307	4	0	44985	0	0	0	nan	0	0	0	0	0	0	nan	0	0	0	0.001307	0.000180	0.001307	0.000180	0.327282	0.045073
183	C	146	45045	41983	0.003478	4	0	44995	0	0	0	nan	0	0	0	0	0	0	nan	0	0	0	0.003478	0.000288	0.003478	0.000288	0.223824	0.018534
184	A	189	45046	43177	0.004377	4	0	45010	0	0	0	nan	0	0	0	0	0	0	nan	0	0	0	0.004377	0.000318	0.004377	0.000318	0.135199	0.009823
185	A	345	45046	43276	0.007972	4	0	45017	0	0	0	nan	0	0	0	0	0	0	nan	0	0	0	0.007972	0.000429	0.007972	0.000429	0.246243	0.013251
186	C	147	45047	42833	0.003432	4	0	45022	0	0	0	nan	0	0	0	0	0	0	nan	0	0	0	0.003432	0.000283	0.003432	0.000283	0.220864	0.018212
187	C	55	45048	42816	0.001285	4	0	45025	0	0	0	nan	0	0	0	0	0	0	nan	0	0	0	0.001285	0.000173	0.001285	0.000173	0.082695	0.011133
188	A	84	45051	42928	0.001957	4	0	45041	0	0	0	nan	0	0	0	0	0	0	nan	0	0	0	0.001957	0.000214	0.001957	0.000214	0.060449	0.006610
189	A	130	45052	42912	0.003029	4	0	45045	0	0	0	nan	0	0	0	0	0	0	nan	0	0	0	0.003029	0.000266	0.003029	0.000266	0.093561	0.008216
190	A	0	45055	41306	0.000000	4	0	45055	0	0	0	nan	0	0	0	0	0	0	nan	0	0	0	0.000000	0.000000	0.000000	0.000000	0.000000	0.000000
191	U	0	45055	0	nan	4	0	45055	0	0	0	nan	0	0	0	0	0	0	nan	0	0	0	nan	nan	nan	nan	nan	nan
192	C	0	45055	0	nan	4	0	45055	0	0	0	nan	0	0	0	0	0	0	nan	0	0	0	nan	nan	nan	nan	nan	nan
193	A	0	45055	0	nan	4	0	45055	0	0	0	nan	0	0	0	0	0	0	nan	0	0	0	nan	nan	nan	nan	nan	nan
194	c	0	45055	0	nan	4	0	45055	0	0	0	nan	0	0	0	0	0	0	nan	0	0	0	nan	nan	nan	nan	nan	nan
195	c	0	45055	0	nan	4	0	45055	0	0	0	nan	0	0	0	0	0	0	nan	0	0	0	nan	nan	nan	nan	nan	nan
196	a	0	45055	0	nan	4	0	45055	0	0	0	nan	0	0	0	0	0	0	nan	0	0	0	nan	nan	nan	nan	nan	nan
197	a	0	45055	0	nan	4	0	45055	0	0	0	nan	0	0	0	0	0	0	nan	0	0	0	nan	nan	nan	nan	nan	nan
198	a	0	45055	0	nan	4	0	45055	0	0	0	nan	0	0	0	0	0	0	nan	0	0	0	nan	nan	nan	nan	nan	nan
199	c	0	45055	0	nan	4	0	45055	0	0	0	nan	0	0	0	0	0	0	nan	0	0	0	nan	nan	nan	nan	nan	nan
200	c	0	45055	0	nan	4	0	45055	0	0	0	nan	0	0	0	0	0	0	nan	0	0	0	nan	nan	nan	nan	nan	nan
201	a	0	45055	0	nan	4	0	45055	0	0	0	nan	0	0	0	0	0	0	nan	0	0	0	nan	nan	nan	nan	nan	nan
202	a	0	45055	0	nan	4	0	45055	0	0	0	nan	0	0	0	0	0	0	nan	0	0	0	nan	nan	nan	nan	nan	nan
203	a	0	45055	0	nan	4	0	45055	0	0	0	nan	0	0	0	0	0	0	nan	0	0	0	nan	nan	nan	nan	nan	nan
204	g	0	45055	0	nan	4	0	45055	0	0	0	nan	0	0	0	0	0	0	nan	0	0	0	nan	nan	nan	nan	nan	nan
205	a	0	45055	0	nan	4	0	45055	0	0	0	nan	0	0	0	0	0	0	nan	0	0	0	nan	nan	nan	nan	nan	nan
206	a	0	45054	0	nan	4	0	45054	0	0	0	nan	0	0	0	0	0	0	nan	0	0	0	nan	nan	nan	nan	nan	nan
207	a	0	45054	0	nan	4	0	45054	0	0	0	nan	0	0	0	0	0	0	nan	0	0	0	nan	nan	nan	nan	nan	nan
208	c	0	45053	0	nan	4	0	45053	0	0	0	nan	0	0	0	0	0	0	nan	0	0	0	nan	nan	nan	nan	nan	nan
209	a	0	45053	0	nan	4	0	45053	0	0	0	nan	0	0	0	0	0	0	nan	0	0	0	nan	nan	nan	nan	nan	nan
210	a	0	45034	0	nan	4	0	45034	0	0	0	nan	0	0	0	0	0	0	nan	0	0	0	nan	nan	nan	nan	nan	nan
211	c	0	45023	0	nan	4	0	45023	0	0	0	nan	0	0	0	0	0	0	nan	0	0	0	nan	nan	nan	nan	nan	nan
212	c	0	44988	0	nan	4	0	44988	0	0	0	nan	0	0	0	0	0	0	nan	0	0	0	nan	nan	nan	nan	nan	nan