Nucleotide	Sequence	Modified_mutations	Modified_read_depth	Modified_effective_depth	Modified_rate	Modified_off_target_mapped_depth	Modified_low_mapq_mapped_depth	Modified_primer_pair_1_mapped_depth	Untreated_mutations	Untreated_read_depth	Untreated_effective_depth	Untreated_rate	Untreated_off_target_mapped_depth	Untreated_low_mapq_mapped_depth	Untreated_primer_pair_1_mapped_depth	Denatured_mutations	Denatured_read_depth	Denatured_effective_depth	Denatured_rate	Denatured_off_target_mapped_depth	Denatured_low_mapq_mapped_depth	Denatured_primer_pair_1_mapped_depth	Reactivity_profile	Std_err	HQ_profile	HQ_stderr	Norm_profile	Norm_stderr
1	g	0	45713	0	nan	0	1	45713	0	0	0	nan	0	0	0	0	0	0	nan	0	0	0	nan	nan	nan	nan	nan	nan
2	g	0	45742	0	nan	0	1	45742	0	0	0	nan	0	0	0	0	0	0	nan	0	0	0	nan	nan	nan	nan	nan	nan
3	u	0	45752	0	nan	0	1	45752	0	0	0	nan	0	0	0	0	0	0	nan	0	0	0	nan	nan	nan	nan	nan	nan
4	g	0	45761	0	nan	0	1	45761	0	0	0	nan	0	0	0	0	0	0	nan	0	0	0	nan	nan	nan	nan	nan	nan
5	u	0	45763	0	nan	0	1	45763	0	0	0	nan	0	0	0	0	0	0	nan	0	0	0	nan	nan	nan	nan	nan	nan
6	a	0	45771	0	nan	0	1	45771	0	0	0	nan	0	0	0	0	0	0	nan	0	0	0	nan	nan	nan	nan	nan	nan
7	a	0	45782	0	nan	0	1	45782	0	0	0	nan	0	0	0	0	0	0	nan	0	0	0	nan	nan	nan	nan	nan	nan
8	g	0	45848	0	nan	0	1	45848	0	0	0	nan	0	0	0	0	0	0	nan	0	0	0	nan	nan	nan	nan	nan	nan
9	g	0	46798	0	nan	0	1	46798	0	0	0	nan	0	0	0	0	0	0	nan	0	0	0	nan	nan	nan	nan	nan	nan
10	g	0	189101	0	nan	0	1	189101	0	0	0	nan	0	0	0	0	0	0	nan	0	0	0	nan	nan	nan	nan	nan	nan
11	u	0	196137	0	nan	0	1	196137	0	0	0	nan	0	0	0	0	0	0	nan	0	0	0	nan	nan	nan	nan	nan	nan
12	g	0	196319	0	nan	0	1	196319	0	0	0	nan	0	0	0	0	0	0	nan	0	0	0	nan	nan	nan	nan	nan	nan
13	a	0	196340	0	nan	0	1	196340	0	0	0	nan	0	0	0	0	0	0	nan	0	0	0	nan	nan	nan	nan	nan	nan
14	a	0	196343	0	nan	0	1	196343	0	0	0	nan	0	0	0	0	0	0	nan	0	0	0	nan	nan	nan	nan	nan	nan
15	g	0	196354	0	nan	1	1	196354	0	0	0	nan	0	0	0	0	0	0	nan	0	0	0	nan	nan	nan	nan	nan	nan
16	u	0	196357	0	nan	1	1	196357	0	0	0	nan	0	0	0	0	0	0	nan	0	0	0	nan	nan	nan	nan	nan	nan
17	g	0	196367	0	nan	1	1	196367	0	0	0	nan	0	0	0	0	0	0	nan	0	0	0	nan	nan	nan	nan	nan	nan
18	u	0	196372	0	nan	1	1	196372	0	0	0	nan	0	0	0	0	0	0	nan	0	0	0	nan	nan	nan	nan	nan	nan
19	a	0	196441	0	nan	1	1	196441	0	0	0	nan	0	0	0	0	0	0	nan	0	0	0	nan	nan	nan	nan	nan	nan
20	A	0	196469	22	0.000000	1	2	196469	0	0	0	nan	0	0	0	0	0	0	nan	0	0	0	0.000000	0.000000	nan	nan	nan	nan
21	G	0	196519	49	0.000000	1	2	196519	0	0	0	nan	0	0	0	0	0	0	nan	0	0	0	0.000000	0.000000	nan	nan	nan	nan
22	G	0	196523	46	0.000000	1	2	196523	0	0	0	nan	0	0	0	0	0	0	nan	0	0	0	0.000000	0.000000	nan	nan	nan	nan
23	U	0	196530	194437	0.000000	1	2	196530	0	0	0	nan	0	0	0	0	0	0	nan	0	0	0	0.000000	0.000000	0.000000	0.000000	nan	nan
24	U	146	196532	194430	0.000751	1	2	196532	0	0	0	nan	0	0	0	0	0	0	nan	0	0	0	0.000751	0.000062	0.000751	0.000062	nan	nan
25	G	127	196532	194042	0.000654	1	2	196532	0	0	0	nan	0	0	0	0	0	0	nan	0	0	0	0.000654	0.000058	0.000654	0.000058	nan	nan
26	A	279	196528	190426	0.001465	1	2	196501	0	0	0	nan	0	0	0	0	0	0	nan	0	0	0	0.001465	0.000088	0.001465	0.000088	0.421038	0.025291
27	C	6068	196533	189705	0.031987	1	2	196503	0	0	0	nan	0	0	0	0	0	0	nan	0	0	0	0.031987	0.000411	0.031987	0.000411	1.319215	0.016951
28	C	182	196546	189810	0.000959	1	2	196517	0	0	0	nan	0	0	0	0	0	0	nan	0	0	0	0.000959	0.000071	0.000959	0.000071	0.039551	0.002928
29	U	175	196583	192467	0.000909	1	2	196555	0	0	0	nan	0	0	0	0	0	0	nan	0	0	0	0.000909	0.000069	0.000909	0.000069	nan	nan
30	U	184	196594	193037	0.000953	1	2	196569	0	0	0	nan	0	0	0	0	0	0	nan	0	0	0	0.000953	0.000070	0.000953	0.000070	nan	nan
31	U	218	196605	193782	0.001125	1	2	196583	0	0	0	nan	0	0	0	0	0	0	nan	0	0	0	0.001125	0.000076	0.001125	0.000076	nan	nan
32	U	152	196648	194806	0.000780	1	2	196627	0	0	0	nan	0	0	0	0	0	0	nan	0	0	0	0.000780	0.000063	0.000780	0.000063	nan	nan
33	G	86	196671	194222	0.000443	1	2	196652	0	0	0	nan	0	0	0	0	0	0	nan	0	0	0	0.000443	0.000048	0.000443	0.000048	nan	nan
34	A	472	196694	194462	0.002427	1	2	196675	0	0	0	nan	0	0	0	0	0	0	nan	0	0	0	0.002427	0.000112	0.002427	0.000112	0.697514	0.032189
35	A	401	196706	193650	0.002071	1	2	196687	0	0	0	nan	0	0	0	0	0	0	nan	0	0	0	0.002071	0.000103	0.002071	0.000103	0.595200	0.029602
36	U	138	196713	193069	0.000715	1	2	196694	0	0	0	nan	0	0	0	0	0	0	nan	0	0	0	0.000715	0.000061	0.000715	0.000061	nan	nan
37	A	5436	196724	193331	0.028118	1	2	196705	0	0	0	nan	0	0	0	0	0	0	nan	0	0	0	0.028118	0.000381	0.028118	0.000381	8.081046	0.109498
38	G	169	196740	192858	0.000876	1	2	196723	0	0	0	nan	0	0	0	0	0	0	nan	0	0	0	0.000876	0.000067	0.000876	0.000067	nan	nan
39	U	240	196750	194949	0.001231	1	2	196734	0	0	0	nan	0	0	0	0	0	0	nan	0	0	0	0.001231	0.000079	0.001231	0.000079	nan	nan
40	G	193	196758	193903	0.000995	1	3	196744	0	0	0	nan	0	0	0	0	0	0	nan	0	0	0	0.000995	0.000072	0.000995	0.000072	nan	nan
41	A	1281	196774	194314	0.006592	1	3	196761	0	0	0	nan	0	0	0	0	0	0	nan	0	0	0	0.006592	0.000184	0.006592	0.000184	1.894525	0.052881
42	U	317	196791	193586	0.001638	1	3	196778	0	0	0	nan	0	0	0	0	0	0	nan	0	0	0	0.001638	0.000092	0.001638	0.000092	nan	nan
43	U	236	196804	193529	0.001219	1	3	196795	0	0	0	nan	0	0	0	0	0	0	nan	0	0	0	0.001219	0.000079	0.001219	0.000079	nan	nan
44	C	199	196818	193802	0.001027	1	3	196810	0	0	0	nan	0	0	0	0	0	0	nan	0	0	0	0.001027	0.000073	0.001027	0.000073	0.042356	0.003011
45	A	372	196831	194560	0.001912	1	3	196823	0	0	0	nan	0	0	0	0	0	0	nan	0	0	0	0.001912	0.000099	0.001912	0.000099	0.549504	0.028452
46	G	102	196844	195549	0.000522	1	3	196837	0	0	0	nan	0	0	0	0	0	0	nan	0	0	0	0.000522	0.000052	0.000522	0.000052	nan	nan
47	G	85	196851	195077	0.000436	1	3	196845	0	0	0	nan	0	0	0	0	0	0	nan	0	0	0	0.000436	0.000047	0.000436	0.000047	nan	nan
48	A	176	196851	195202	0.000902	1	3	196844	0	0	0	nan	0	0	0	0	0	0	nan	0	0	0	0.000902	0.000068	0.000902	0.000068	0.259233	0.019543
49	G	132	196892	194896	0.000677	1	3	196889	0	0	0	nan	0	0	0	0	0	0	nan	0	0	0	0.000677	0.000059	0.000677	0.000059	nan	nan
50	G	117	196896	194475	0.000602	1	3	196896	0	0	0	nan	0	0	0	0	0	0	nan	0	0	0	0.000602	0.000056	0.000602	0.000056	nan	nan
51	U	146	196900	194610	0.000750	1	3	196900	0	0	0	nan	0	0	0	0	0	0	nan	0	0	0	0.000750	0.000062	0.000750	0.000062	nan	nan
52	U	161	196902	194173	0.000829	1	3	196902	0	0	0	nan	0	0	0	0	0	0	nan	0	0	0	0.000829	0.000065	0.000829	0.000065	nan	nan
53	A	397	196904	194967	0.002036	1	3	196904	0	0	0	nan	0	0	0	0	0	0	nan	0	0	0	0.002036	0.000102	0.002036	0.000102	0.585142	0.029315
54	A	476	196898	194910	0.002442	1	3	196898	0	0	0	nan	0	0	0	0	0	0	nan	0	0	0	0.002442	0.000112	0.002442	0.000112	0.701825	0.032189
55	U	241	196898	195276	0.001234	1	3	196898	0	0	0	nan	0	0	0	0	0	0	nan	0	0	0	0.001234	0.000079	0.001234	0.000079	nan	nan
56	G	138	196900	195209	0.000707	1	3	196900	0	0	0	nan	0	0	0	0	0	0	nan	0	0	0	0.000707	0.000060	0.000707	0.000060	nan	nan
57	G	0	196901	194594	0.000000	1	3	196901	0	0	0	nan	0	0	0	0	0	0	nan	0	0	0	0.000000	0.000000	0.000000	0.000000	nan	nan
58	A	0	196902	0	nan	1	3	196902	0	0	0	nan	0	0	0	0	0	0	nan	0	0	0	nan	nan	nan	nan	nan	nan
59	A	0	196902	0	nan	1	3	196902	0	0	0	nan	0	0	0	0	0	0	nan	0	0	0	nan	nan	nan	nan	nan	nan
60	G	0	196902	0	nan	1	3	196902	0	0	0	nan	0	0	0	0	0	0	nan	0	0	0	nan	nan	nan	nan	nan	nan
61	u	0	196902	0	nan	1	3	196902	0	0	0	nan	0	0	0	0	0	0	nan	0	0	0	nan	nan	nan	nan	nan	nan
62	a	0	196902	0	nan	1	3	196902	0	0	0	nan	0	0	0	0	0	0	nan	0	0	0	nan	nan	nan	nan	nan	nan
63	a	0	196902	0	nan	1	3	196902	0	0	0	nan	0	0	0	0	0	0	nan	0	0	0	nan	nan	nan	nan	nan	nan
64	a	0	196902	0	nan	1	3	196902	0	0	0	nan	0	0	0	0	0	0	nan	0	0	0	nan	nan	nan	nan	nan	nan
65	g	0	196902	0	nan	1	3	196902	0	0	0	nan	0	0	0	0	0	0	nan	0	0	0	nan	nan	nan	nan	nan	nan
66	g	0	196902	0	nan	1	3	196902	0	0	0	nan	0	0	0	0	0	0	nan	0	0	0	nan	nan	nan	nan	nan	nan
67	u	0	196902	0	nan	1	3	196902	0	0	0	nan	0	0	0	0	0	0	nan	0	0	0	nan	nan	nan	nan	nan	nan
68	a	0	196902	0	nan	1	3	196902	0	0	0	nan	0	0	0	0	0	0	nan	0	0	0	nan	nan	nan	nan	nan	nan
69	a	0	196902	0	nan	1	3	196902	0	0	0	nan	0	0	0	0	0	0	nan	0	0	0	nan	nan	nan	nan	nan	nan
70	u	0	196902	0	nan	1	3	196902	0	0	0	nan	0	0	0	0	0	0	nan	0	0	0	nan	nan	nan	nan	nan	nan
71	g	0	196902	0	nan	1	3	196902	0	0	0	nan	0	0	0	0	0	0	nan	0	0	0	nan	nan	nan	nan	nan	nan
72	a	0	196901	0	nan	1	3	196901	0	0	0	nan	0	0	0	0	0	0	nan	0	0	0	nan	nan	nan	nan	nan	nan
73	a	0	196901	0	nan	1	3	196901	0	0	0	nan	0	0	0	0	0	0	nan	0	0	0	nan	nan	nan	nan	nan	nan
74	g	0	196901	0	nan	1	3	196901	0	0	0	nan	0	0	0	0	0	0	nan	0	0	0	nan	nan	nan	nan	nan	nan
75	g	0	196901	0	nan	1	3	196901	0	0	0	nan	0	0	0	0	0	0	nan	0	0	0	nan	nan	nan	nan	nan	nan
76	u	0	196894	0	nan	1	3	196894	0	0	0	nan	0	0	0	0	0	0	nan	0	0	0	nan	nan	nan	nan	nan	nan
77	g	0	196889	0	nan	1	3	196889	0	0	0	nan	0	0	0	0	0	0	nan	0	0	0	nan	nan	nan	nan	nan	nan
78	a	0	196887	0	nan	1	3	196887	0	0	0	nan	0	0	0	0	0	0	nan	0	0	0	nan	nan	nan	nan	nan	nan
79	a	0	196858	0	nan	1	3	196858	0	0	0	nan	0	0	0	0	0	0	nan	0	0	0	nan	nan	nan	nan	nan	nan
80	g	0	196784	0	nan	1	3	196784	0	0	0	nan	0	0	0	0	0	0	nan	0	0	0	nan	nan	nan	nan	nan	nan