Nucleotide	Sequence	Modified_mutations	Modified_read_depth	Modified_effective_depth	Modified_rate	Modified_off_target_mapped_depth	Modified_low_mapq_mapped_depth	Modified_primer_pair_1_mapped_depth	Untreated_mutations	Untreated_read_depth	Untreated_effective_depth	Untreated_rate	Untreated_off_target_mapped_depth	Untreated_low_mapq_mapped_depth	Untreated_primer_pair_1_mapped_depth	Denatured_mutations	Denatured_read_depth	Denatured_effective_depth	Denatured_rate	Denatured_off_target_mapped_depth	Denatured_low_mapq_mapped_depth	Denatured_primer_pair_1_mapped_depth	Reactivity_profile	Std_err	HQ_profile	HQ_stderr	Norm_profile	Norm_stderr
1	g	0	253418	0	nan	36	0	253418	0	0	0	nan	0	0	0	0	0	0	nan	0	0	0	nan	nan	nan	nan	nan	nan
2	g	0	253979	0	nan	36	0	253979	0	0	0	nan	0	0	0	0	0	0	nan	0	0	0	nan	nan	nan	nan	nan	nan
3	c	0	254181	0	nan	37	0	254181	0	0	0	nan	0	0	0	0	0	0	nan	0	0	0	nan	nan	nan	nan	nan	nan
4	a	0	259293	0	nan	68	0	259293	0	0	0	nan	0	0	0	0	0	0	nan	0	0	0	nan	nan	nan	nan	nan	nan
5	c	0	259417	0	nan	68	0	259417	0	0	0	nan	0	0	0	0	0	0	nan	0	0	0	nan	nan	nan	nan	nan	nan
6	c	0	259449	0	nan	68	0	259449	0	0	0	nan	0	0	0	0	0	0	nan	0	0	0	nan	nan	nan	nan	nan	nan
7	u	0	259454	0	nan	68	0	259454	0	0	0	nan	0	0	0	0	0	0	nan	0	0	0	nan	nan	nan	nan	nan	nan
8	c	0	259459	0	nan	68	0	259459	0	0	0	nan	0	0	0	0	0	0	nan	0	0	0	nan	nan	nan	nan	nan	nan
9	a	0	259461	0	nan	68	0	259461	0	0	0	nan	0	0	0	0	0	0	nan	0	0	0	nan	nan	nan	nan	nan	nan
10	u	0	259526	0	nan	68	0	259526	0	0	0	nan	0	0	0	0	0	0	nan	0	0	0	nan	nan	nan	nan	nan	nan
11	a	0	259562	0	nan	68	0	259562	0	0	0	nan	0	0	0	0	0	0	nan	0	0	0	nan	nan	nan	nan	nan	nan
12	a	0	259569	0	nan	68	0	259569	0	0	0	nan	0	0	0	0	0	0	nan	0	0	0	nan	nan	nan	nan	nan	nan
13	c	0	259573	0	nan	68	0	259573	0	0	0	nan	0	0	0	0	0	0	nan	0	0	0	nan	nan	nan	nan	nan	nan
14	a	0	259575	0	nan	68	0	259575	0	0	0	nan	0	0	0	0	0	0	nan	0	0	0	nan	nan	nan	nan	nan	nan
15	u	0	259576	0	nan	68	0	259576	0	0	0	nan	0	0	0	0	0	0	nan	0	0	0	nan	nan	nan	nan	nan	nan
16	a	0	259576	0	nan	68	0	259576	0	0	0	nan	0	0	0	0	0	0	nan	0	0	0	nan	nan	nan	nan	nan	nan
17	a	0	259578	0	nan	68	0	259578	0	0	0	nan	0	0	0	0	0	0	nan	0	0	0	nan	nan	nan	nan	nan	nan
18	c	0	259581	0	nan	68	0	259581	0	0	0	nan	0	0	0	0	0	0	nan	0	0	0	nan	nan	nan	nan	nan	nan
19	U	0	259582	0	nan	68	0	259582	0	0	0	nan	0	0	0	0	0	0	nan	0	0	0	nan	nan	nan	nan	nan	nan
20	A	0	259592	6	0.000000	68	0	259592	0	0	0	nan	0	0	0	0	0	0	nan	0	0	0	0.000000	0.000000	nan	nan	nan	nan
21	A	0	259600	12	0.000000	68	0	259600	0	0	0	nan	0	0	0	0	0	0	nan	0	0	0	0.000000	0.000000	nan	nan	nan	nan
22	G	0	259606	257253	0.000000	68	0	259606	0	0	0	nan	0	0	0	0	0	0	nan	0	0	0	0.000000	0.000000	0.000000	0.000000	nan	nan
23	G	529	259609	255889	0.002067	68	0	259609	0	0	0	nan	0	0	0	0	0	0	nan	0	0	0	0.002067	0.000090	0.002067	0.000090	nan	nan
24	C	7110	259619	256402	0.027730	68	0	259619	0	0	0	nan	0	0	0	0	0	0	nan	0	0	0	0.027730	0.000329	0.027730	0.000329	0.909232	0.010788
25	A	4820	259636	257048	0.018751	68	0	259636	0	0	0	nan	0	0	0	0	0	0	nan	0	0	0	0.018751	0.000270	0.018751	0.000270	1.000000	0.014399
26	G	385	259649	257072	0.001498	68	0	259649	0	0	0	nan	0	0	0	0	0	0	nan	0	0	0	0.001498	0.000076	0.001498	0.000076	nan	nan
27	A	4052	259666	257741	0.015721	68	0	259666	0	0	0	nan	0	0	0	0	0	0	nan	0	0	0	0.015721	0.000247	0.015721	0.000247	0.838409	0.013173
28	U	596	259677	257134	0.002318	68	0	259677	0	0	0	nan	0	0	0	0	0	0	nan	0	0	0	0.002318	0.000095	0.002318	0.000095	0.800276	0.032798
29	C	6078	259681	257713	0.023584	68	0	259680	0	0	0	nan	0	0	0	0	0	0	nan	0	0	0	0.023584	0.000303	0.023584	0.000303	0.773290	0.009935
30	U	612	259684	257594	0.002376	68	0	259682	0	0	0	nan	0	0	0	0	0	0	nan	0	0	0	0.002376	0.000096	0.002376	0.000096	0.820300	0.033143
31	G	308	259686	257546	0.001196	68	0	259683	0	0	0	nan	0	0	0	0	0	0	nan	0	0	0	0.001196	0.000068	0.001196	0.000068	nan	nan
32	A	4350	259686	257829	0.016872	68	0	259683	0	0	0	nan	0	0	0	0	0	0	nan	0	0	0	0.016872	0.000256	0.016872	0.000256	0.899792	0.013653
33	G	339	259690	256709	0.001321	68	0	259685	0	0	0	nan	0	0	0	0	0	0	nan	0	0	0	0.001321	0.000072	0.001321	0.000072	nan	nan
34	C	6238	259693	256551	0.024315	68	0	259685	0	0	0	nan	0	0	0	0	0	0	nan	0	0	0	0.024315	0.000308	0.024315	0.000308	0.797259	0.010099
35	U	841	259694	256079	0.003284	68	0	259679	0	0	0	nan	0	0	0	0	0	0	nan	0	0	0	0.003284	0.000113	0.003284	0.000113	1.133782	0.039013
36	U	642	259694	255928	0.002509	68	0	259673	0	0	0	nan	0	0	0	0	0	0	nan	0	0	0	0.002509	0.000099	0.002509	0.000099	0.866218	0.034179
37	G	407	259699	255918	0.001590	68	0	259656	0	0	0	nan	0	0	0	0	0	0	nan	0	0	0	0.001590	0.000079	0.001590	0.000079	nan	nan
38	G	408	259699	249793	0.001633	68	0	259654	0	0	0	nan	0	0	0	0	0	0	nan	0	0	0	0.001633	0.000081	0.001633	0.000081	nan	nan
39	G	396	259703	249168	0.001589	68	0	259659	0	0	0	nan	0	0	0	0	0	0	nan	0	0	0	0.001589	0.000080	0.001589	0.000080	nan	nan
40	A	5023	259706	250398	0.020060	68	0	259671	0	0	0	nan	0	0	0	0	0	0	nan	0	0	0	0.020060	0.000283	0.020060	0.000283	1.069810	0.015093
41	G	434	259713	255981	0.001695	68	0	259690	0	0	0	nan	0	0	0	0	0	0	nan	0	0	0	0.001695	0.000081	0.001695	0.000081	nan	nan
42	C	5970	259716	256959	0.023233	41	0	259704	0	0	0	nan	0	0	0	0	0	0	nan	0	0	0	0.023233	0.000301	0.023233	0.000301	0.761781	0.009869
43	U	443	259720	256937	0.001724	41	0	259709	0	0	0	nan	0	0	0	0	0	0	nan	0	0	0	0.001724	0.000082	0.001724	0.000082	0.595201	0.028310
44	C	5623	259721	257022	0.021878	41	0	259709	0	0	0	nan	0	0	0	0	0	0	nan	0	0	0	0.021878	0.000292	0.021878	0.000292	0.717353	0.009574
45	U	546	259719	256865	0.002126	41	0	259707	0	0	0	nan	0	0	0	0	0	0	nan	0	0	0	0.002126	0.000091	0.002126	0.000091	0.733989	0.031417
46	C	5489	259721	256084	0.021434	40	0	259711	0	0	0	nan	0	0	0	0	0	0	nan	0	0	0	0.021434	0.000289	0.021434	0.000289	0.702794	0.009476
47	U	921	259719	256039	0.003597	40	0	259710	0	0	0	nan	0	0	0	0	0	0	nan	0	0	0	0.003597	0.000119	0.003597	0.000119	1.241844	0.041084
48	G	1009	259719	255014	0.003957	40	0	259710	0	0	0	nan	0	0	0	0	0	0	nan	0	0	0	0.003957	0.000125	0.003957	0.000125	nan	nan
49	C	10284	259721	256395	0.040110	40	0	259715	0	0	0	nan	0	0	0	0	0	0	nan	0	0	0	0.040110	0.000396	0.040110	0.000396	1.315157	0.012984
50	C	9983	259721	257276	0.038803	40	0	259716	0	0	0	nan	0	0	0	0	0	0	nan	0	0	0	0.038803	0.000388	0.038803	0.000388	1.272303	0.012722
51	A	3677	259726	257924	0.014256	40	0	259726	0	0	0	nan	0	0	0	0	0	0	nan	0	0	0	0.014256	0.000235	0.014256	0.000235	0.760279	0.012533
52	A	0	259722	257167	0.000000	40	0	259722	0	0	0	nan	0	0	0	0	0	0	nan	0	0	0	0.000000	0.000000	0.000000	0.000000	0.000000	0.000000
53	U	0	259711	236	0.000000	36	0	259711	0	0	0	nan	0	0	0	0	0	0	nan	0	0	0	0.000000	0.000000	nan	nan	nan	nan
54	C	0	259432	3	0.000000	34	0	259432	0	0	0	nan	0	0	0	0	0	0	nan	0	0	0	0.000000	0.000000	nan	nan	nan	nan
55	C	0	259429	0	nan	34	0	259429	0	0	0	nan	0	0	0	0	0	0	nan	0	0	0	nan	nan	nan	nan	nan	nan
56	a	0	259429	0	nan	34	0	259429	0	0	0	nan	0	0	0	0	0	0	nan	0	0	0	nan	nan	nan	nan	nan	nan
57	c	0	259429	0	nan	34	0	259429	0	0	0	nan	0	0	0	0	0	0	nan	0	0	0	nan	nan	nan	nan	nan	nan
58	u	0	259429	0	nan	34	0	259429	0	0	0	nan	0	0	0	0	0	0	nan	0	0	0	nan	nan	nan	nan	nan	nan
59	a	0	259429	0	nan	34	0	259429	0	0	0	nan	0	0	0	0	0	0	nan	0	0	0	nan	nan	nan	nan	nan	nan
60	a	0	259429	0	nan	34	0	259429	0	0	0	nan	0	0	0	0	0	0	nan	0	0	0	nan	nan	nan	nan	nan	nan
61	c	0	259429	0	nan	16	0	259429	0	0	0	nan	0	0	0	0	0	0	nan	0	0	0	nan	nan	nan	nan	nan	nan
62	c	0	259429	0	nan	16	0	259429	0	0	0	nan	0	0	0	0	0	0	nan	0	0	0	nan	nan	nan	nan	nan	nan
63	u	0	259429	0	nan	0	0	259429	0	0	0	nan	0	0	0	0	0	0	nan	0	0	0	nan	nan	nan	nan	nan	nan
64	c	0	259429	0	nan	0	0	259429	0	0	0	nan	0	0	0	0	0	0	nan	0	0	0	nan	nan	nan	nan	nan	nan
65	a	0	259429	0	nan	0	0	259429	0	0	0	nan	0	0	0	0	0	0	nan	0	0	0	nan	nan	nan	nan	nan	nan
66	c	0	259421	0	nan	0	0	259421	0	0	0	nan	0	0	0	0	0	0	nan	0	0	0	nan	nan	nan	nan	nan	nan
67	u	0	259420	0	nan	0	0	259420	0	0	0	nan	0	0	0	0	0	0	nan	0	0	0	nan	nan	nan	nan	nan	nan
68	c	0	259419	0	nan	0	0	259419	0	0	0	nan	0	0	0	0	0	0	nan	0	0	0	nan	nan	nan	nan	nan	nan
69	a	0	259419	0	nan	0	0	259419	0	0	0	nan	0	0	0	0	0	0	nan	0	0	0	nan	nan	nan	nan	nan	nan
70	c	0	259410	0	nan	0	0	259410	0	0	0	nan	0	0	0	0	0	0	nan	0	0	0	nan	nan	nan	nan	nan	nan
71	a	0	259404	0	nan	0	0	259404	0	0	0	nan	0	0	0	0	0	0	nan	0	0	0	nan	nan	nan	nan	nan	nan
72	a	0	259316	0	nan	0	0	259316	0	0	0	nan	0	0	0	0	0	0	nan	0	0	0	nan	nan	nan	nan	nan	nan
73	u	0	259193	0	nan	0	0	259193	0	0	0	nan	0	0	0	0	0	0	nan	0	0	0	nan	nan	nan	nan	nan	nan
74	c	0	258844	0	nan	0	0	258844	0	0	0	nan	0	0	0	0	0	0	nan	0	0	0	nan	nan	nan	nan	nan	nan