Nucleotide	Sequence	Modified_mutations	Modified_read_depth	Modified_effective_depth	Modified_rate	Modified_off_target_mapped_depth	Modified_low_mapq_mapped_depth	Modified_primer_pair_1_mapped_depth	Untreated_mutations	Untreated_read_depth	Untreated_effective_depth	Untreated_rate	Untreated_off_target_mapped_depth	Untreated_low_mapq_mapped_depth	Untreated_primer_pair_1_mapped_depth	Denatured_mutations	Denatured_read_depth	Denatured_effective_depth	Denatured_rate	Denatured_off_target_mapped_depth	Denatured_low_mapq_mapped_depth	Denatured_primer_pair_1_mapped_depth	Reactivity_profile	Std_err	HQ_profile	HQ_stderr	Norm_profile	Norm_stderr
1	g	0	55219	0	nan	2	1	55219	0	0	0	nan	0	0	0	0	0	0	nan	0	0	0	nan	nan	nan	nan	nan	nan
2	g	0	55276	0	nan	2	1	55276	0	0	0	nan	0	0	0	0	0	0	nan	0	0	0	nan	nan	nan	nan	nan	nan
3	u	0	55300	0	nan	2	1	55300	0	0	0	nan	0	0	0	0	0	0	nan	0	0	0	nan	nan	nan	nan	nan	nan
4	g	0	55310	0	nan	2	1	55310	0	0	0	nan	0	0	0	0	0	0	nan	0	0	0	nan	nan	nan	nan	nan	nan
5	u	0	55319	0	nan	2	1	55319	0	0	0	nan	0	0	0	0	0	0	nan	0	0	0	nan	nan	nan	nan	nan	nan
6	a	0	55326	0	nan	2	1	55326	0	0	0	nan	0	0	0	0	0	0	nan	0	0	0	nan	nan	nan	nan	nan	nan
7	a	0	55352	0	nan	2	1	55352	0	0	0	nan	0	0	0	0	0	0	nan	0	0	0	nan	nan	nan	nan	nan	nan
8	g	0	55426	0	nan	2	1	55426	0	0	0	nan	0	0	0	0	0	0	nan	0	0	0	nan	nan	nan	nan	nan	nan
9	g	0	56770	0	nan	2	1	56770	0	0	0	nan	0	0	0	0	0	0	nan	0	0	0	nan	nan	nan	nan	nan	nan
10	g	0	234433	0	nan	2	1	234433	0	0	0	nan	0	0	0	0	0	0	nan	0	0	0	nan	nan	nan	nan	nan	nan
11	u	0	243902	0	nan	2	1	243902	0	0	0	nan	0	0	0	0	0	0	nan	0	0	0	nan	nan	nan	nan	nan	nan
12	g	0	244222	0	nan	2	1	244222	0	0	0	nan	0	0	0	0	0	0	nan	0	0	0	nan	nan	nan	nan	nan	nan
13	a	0	244240	0	nan	2	1	244240	0	0	0	nan	0	0	0	0	0	0	nan	0	0	0	nan	nan	nan	nan	nan	nan
14	a	0	244244	0	nan	2	1	244244	0	0	0	nan	0	0	0	0	0	0	nan	0	0	0	nan	nan	nan	nan	nan	nan
15	g	0	244251	0	nan	2	1	244251	0	0	0	nan	0	0	0	0	0	0	nan	0	0	0	nan	nan	nan	nan	nan	nan
16	u	0	244263	0	nan	2	1	244263	0	0	0	nan	0	0	0	0	0	0	nan	0	0	0	nan	nan	nan	nan	nan	nan
17	g	0	244272	0	nan	2	1	244272	0	0	0	nan	0	0	0	0	0	0	nan	0	0	0	nan	nan	nan	nan	nan	nan
18	u	0	244280	0	nan	2	1	244280	0	0	0	nan	0	0	0	0	0	0	nan	0	0	0	nan	nan	nan	nan	nan	nan
19	a	0	244351	0	nan	2	1	244351	0	0	0	nan	0	0	0	0	0	0	nan	0	0	0	nan	nan	nan	nan	nan	nan
20	A	0	244391	12	0.000000	2	1	244391	0	0	0	nan	0	0	0	0	0	0	nan	0	0	0	0.000000	0.000000	nan	nan	nan	nan
21	G	0	244440	30	0.000000	2	1	244440	0	0	0	nan	0	0	0	0	0	0	nan	0	0	0	0.000000	0.000000	nan	nan	nan	nan
22	G	0	244451	36	0.000000	2	1	244451	0	0	0	nan	0	0	0	0	0	0	nan	0	0	0	0.000000	0.000000	nan	nan	nan	nan
23	U	0	244458	241690	0.000000	2	1	244458	0	0	0	nan	0	0	0	0	0	0	nan	0	0	0	0.000000	0.000000	0.000000	0.000000	nan	nan
24	U	311	244463	241444	0.001288	2	1	244463	0	0	0	nan	0	0	0	0	0	0	nan	0	0	0	0.001288	0.000073	0.001288	0.000073	nan	nan
25	G	147	244465	240462	0.000611	2	1	244465	0	0	0	nan	0	0	0	0	0	0	nan	0	0	0	0.000611	0.000050	0.000611	0.000050	nan	nan
26	A	3098	244465	235561	0.013152	2	0	244436	0	0	0	nan	0	0	0	0	0	0	nan	0	0	0	0.013152	0.000236	0.013152	0.000236	0.952491	0.017092
27	C	9103	244478	234481	0.038822	2	0	244445	0	0	0	nan	0	0	0	0	0	0	nan	0	0	0	0.038822	0.000407	0.038822	0.000407	1.347986	0.014132
28	C	2687	244496	235127	0.011428	2	0	244465	0	0	0	nan	0	0	0	0	0	0	nan	0	0	0	0.011428	0.000220	0.011428	0.000220	0.396806	0.007639
29	U	206	244540	239097	0.000862	2	0	244515	0	0	0	nan	0	0	0	0	0	0	nan	0	0	0	0.000862	0.000060	0.000862	0.000060	nan	nan
30	U	300	244563	240124	0.001249	2	0	244541	0	0	0	nan	0	0	0	0	0	0	nan	0	0	0	0.001249	0.000072	0.001249	0.000072	nan	nan
31	U	361	244580	240989	0.001498	2	0	244562	0	0	0	nan	0	0	0	0	0	0	nan	0	0	0	0.001498	0.000079	0.001498	0.000079	nan	nan
32	U	260	244635	242111	0.001074	2	0	244618	0	0	0	nan	0	0	0	0	0	0	nan	0	0	0	0.001074	0.000067	0.001074	0.000067	nan	nan
33	G	69	244677	241187	0.000286	2	0	244659	0	0	0	nan	0	0	0	0	0	0	nan	0	0	0	0.000286	0.000034	0.000286	0.000034	nan	nan
34	A	3338	244707	241066	0.013847	2	0	244688	0	0	0	nan	0	0	0	0	0	0	nan	0	0	0	0.013847	0.000240	0.013847	0.000240	1.002824	0.017381
35	A	2622	244716	240164	0.010918	2	0	244697	0	0	0	nan	0	0	0	0	0	0	nan	0	0	0	0.010918	0.000213	0.010918	0.000213	0.790701	0.015426
36	U	279	244727	240235	0.001161	2	0	244707	0	0	0	nan	0	0	0	0	0	0	nan	0	0	0	0.001161	0.000070	0.001161	0.000070	nan	nan
37	A	2745	244749	240950	0.011392	2	1	244729	0	0	0	nan	0	0	0	0	0	0	nan	0	0	0	0.011392	0.000217	0.011392	0.000217	0.825029	0.015716
38	G	175	244767	240326	0.000728	2	1	244747	0	0	0	nan	0	0	0	0	0	0	nan	0	0	0	0.000728	0.000055	0.000728	0.000055	nan	nan
39	U	300	244780	242337	0.001238	2	2	244761	0	0	0	nan	0	0	0	0	0	0	nan	0	0	0	0.001238	0.000071	0.001238	0.000071	nan	nan
40	G	261	244801	240712	0.001084	2	3	244783	0	0	0	nan	0	0	0	0	0	0	nan	0	0	0	0.001084	0.000067	0.001084	0.000067	nan	nan
41	A	3512	244811	241159	0.014563	2	4	244797	0	0	0	nan	0	0	0	0	0	0	nan	0	0	0	0.014563	0.000246	0.014563	0.000246	1.054678	0.017816
42	U	466	244840	240159	0.001940	1	4	244828	0	0	0	nan	0	0	0	0	0	0	nan	0	0	0	0.001940	0.000090	0.001940	0.000090	nan	nan
43	U	367	244857	240083	0.001529	1	4	244846	0	0	0	nan	0	0	0	0	0	0	nan	0	0	0	0.001529	0.000080	0.001529	0.000080	nan	nan
44	C	4505	244869	239906	0.018778	1	4	244859	0	0	0	nan	0	0	0	0	0	0	nan	0	0	0	0.018778	0.000280	0.018778	0.000280	0.652014	0.009722
45	A	3327	244887	240956	0.013808	1	4	244877	0	0	0	nan	0	0	0	0	0	0	nan	0	0	0	0.013808	0.000239	0.013808	0.000239	1.000000	0.017309
46	G	114	244911	242327	0.000470	1	4	244903	0	0	0	nan	0	0	0	0	0	0	nan	0	0	0	0.000470	0.000044	0.000470	0.000044	nan	nan
47	G	106	244923	241792	0.000438	1	4	244916	0	0	0	nan	0	0	0	0	0	0	nan	0	0	0	0.000438	0.000043	0.000438	0.000043	nan	nan
48	A	3270	244929	242108	0.013506	1	4	244922	0	0	0	nan	0	0	0	0	0	0	nan	0	0	0	0.013506	0.000236	0.013506	0.000236	0.978129	0.017092
49	G	123	244969	241933	0.000508	1	4	244965	0	0	0	nan	0	0	0	0	0	0	nan	0	0	0	0.000508	0.000046	0.000508	0.000046	nan	nan
50	G	128	244981	241891	0.000529	1	4	244978	0	0	0	nan	0	0	0	0	0	0	nan	0	0	0	0.000529	0.000047	0.000529	0.000047	nan	nan
51	U	282	244983	241870	0.001166	1	4	244980	0	0	0	nan	0	0	0	0	0	0	nan	0	0	0	0.001166	0.000069	0.001166	0.000069	nan	nan
52	U	337	244991	241013	0.001398	1	4	244990	0	0	0	nan	0	0	0	0	0	0	nan	0	0	0	0.001398	0.000076	0.001398	0.000076	nan	nan
53	A	2461	244994	241821	0.010177	1	4	244993	0	0	0	nan	0	0	0	0	0	0	nan	0	0	0	0.010177	0.000205	0.010177	0.000205	0.737037	0.014846
54	A	2116	244991	241879	0.008748	1	4	244990	0	0	0	nan	0	0	0	0	0	0	nan	0	0	0	0.008748	0.000190	0.008748	0.000190	0.633546	0.013760
55	U	321	244993	242607	0.001323	1	4	244992	0	0	0	nan	0	0	0	0	0	0	nan	0	0	0	0.001323	0.000074	0.001323	0.000074	nan	nan
56	G	206	244996	242766	0.000849	1	4	244996	0	0	0	nan	0	0	0	0	0	0	nan	0	0	0	0.000849	0.000059	0.000849	0.000059	nan	nan
57	G	0	244997	241967	0.000000	1	4	244997	0	0	0	nan	0	0	0	0	0	0	nan	0	0	0	0.000000	0.000000	0.000000	0.000000	nan	nan
58	A	0	244999	0	nan	1	4	244999	0	0	0	nan	0	0	0	0	0	0	nan	0	0	0	nan	nan	nan	nan	nan	nan
59	A	0	244999	0	nan	1	4	244999	0	0	0	nan	0	0	0	0	0	0	nan	0	0	0	nan	nan	nan	nan	nan	nan
60	G	0	244999	0	nan	1	4	244999	0	0	0	nan	0	0	0	0	0	0	nan	0	0	0	nan	nan	nan	nan	nan	nan
61	u	0	244999	0	nan	1	4	244999	0	0	0	nan	0	0	0	0	0	0	nan	0	0	0	nan	nan	nan	nan	nan	nan
62	a	0	244999	0	nan	1	4	244999	0	0	0	nan	0	0	0	0	0	0	nan	0	0	0	nan	nan	nan	nan	nan	nan
63	a	0	244999	0	nan	1	4	244999	0	0	0	nan	0	0	0	0	0	0	nan	0	0	0	nan	nan	nan	nan	nan	nan
64	a	0	244999	0	nan	1	4	244999	0	0	0	nan	0	0	0	0	0	0	nan	0	0	0	nan	nan	nan	nan	nan	nan
65	g	0	244999	0	nan	1	4	244999	0	0	0	nan	0	0	0	0	0	0	nan	0	0	0	nan	nan	nan	nan	nan	nan
66	g	0	244999	0	nan	1	4	244999	0	0	0	nan	0	0	0	0	0	0	nan	0	0	0	nan	nan	nan	nan	nan	nan
67	u	0	244999	0	nan	1	4	244999	0	0	0	nan	0	0	0	0	0	0	nan	0	0	0	nan	nan	nan	nan	nan	nan
68	a	0	244999	0	nan	1	4	244999	0	0	0	nan	0	0	0	0	0	0	nan	0	0	0	nan	nan	nan	nan	nan	nan
69	a	0	244999	0	nan	0	4	244999	0	0	0	nan	0	0	0	0	0	0	nan	0	0	0	nan	nan	nan	nan	nan	nan
70	u	0	244999	0	nan	0	4	244999	0	0	0	nan	0	0	0	0	0	0	nan	0	0	0	nan	nan	nan	nan	nan	nan
71	g	0	244999	0	nan	0	4	244999	0	0	0	nan	0	0	0	0	0	0	nan	0	0	0	nan	nan	nan	nan	nan	nan
72	a	0	244999	0	nan	0	4	244999	0	0	0	nan	0	0	0	0	0	0	nan	0	0	0	nan	nan	nan	nan	nan	nan
73	a	0	244999	0	nan	0	4	244999	0	0	0	nan	0	0	0	0	0	0	nan	0	0	0	nan	nan	nan	nan	nan	nan
74	g	0	244999	0	nan	0	4	244999	0	0	0	nan	0	0	0	0	0	0	nan	0	0	0	nan	nan	nan	nan	nan	nan
75	g	0	244998	0	nan	0	4	244998	0	0	0	nan	0	0	0	0	0	0	nan	0	0	0	nan	nan	nan	nan	nan	nan
76	u	0	244992	0	nan	0	4	244992	0	0	0	nan	0	0	0	0	0	0	nan	0	0	0	nan	nan	nan	nan	nan	nan
77	g	0	244989	0	nan	0	4	244989	0	0	0	nan	0	0	0	0	0	0	nan	0	0	0	nan	nan	nan	nan	nan	nan
78	a	0	244986	0	nan	0	4	244986	0	0	0	nan	0	0	0	0	0	0	nan	0	0	0	nan	nan	nan	nan	nan	nan
79	a	0	244941	0	nan	0	4	244941	0	0	0	nan	0	0	0	0	0	0	nan	0	0	0	nan	nan	nan	nan	nan	nan
80	g	0	244849	0	nan	0	4	244849	0	0	0	nan	0	0	0	0	0	0	nan	0	0	0	nan	nan	nan	nan	nan	nan