Nucleotide	Sequence	Modified_mutations	Modified_read_depth	Modified_effective_depth	Modified_rate	Modified_off_target_mapped_depth	Modified_low_mapq_mapped_depth	Modified_primer_pair_1_mapped_depth	Untreated_mutations	Untreated_read_depth	Untreated_effective_depth	Untreated_rate	Untreated_off_target_mapped_depth	Untreated_low_mapq_mapped_depth	Untreated_primer_pair_1_mapped_depth	Denatured_mutations	Denatured_read_depth	Denatured_effective_depth	Denatured_rate	Denatured_off_target_mapped_depth	Denatured_low_mapq_mapped_depth	Denatured_primer_pair_1_mapped_depth	Reactivity_profile	Std_err	HQ_profile	HQ_stderr	Norm_profile	Norm_stderr
1	g	0	201726	0	nan	20	0	201726	0	0	0	nan	0	0	0	0	0	0	nan	0	0	0	nan	nan	nan	nan	nan	nan
2	g	0	216562	0	nan	53	0	216562	0	0	0	nan	0	0	0	0	0	0	nan	0	0	0	nan	nan	nan	nan	nan	nan
3	c	0	217050	0	nan	53	0	217050	0	0	0	nan	0	0	0	0	0	0	nan	0	0	0	nan	nan	nan	nan	nan	nan
4	a	0	217150	0	nan	53	0	217150	0	0	0	nan	0	0	0	0	0	0	nan	0	0	0	nan	nan	nan	nan	nan	nan
5	c	0	217167	0	nan	53	0	217167	0	0	0	nan	0	0	0	0	0	0	nan	0	0	0	nan	nan	nan	nan	nan	nan
6	c	0	217176	0	nan	53	0	217176	0	0	0	nan	0	0	0	0	0	0	nan	0	0	0	nan	nan	nan	nan	nan	nan
7	u	0	217179	0	nan	53	0	217179	0	0	0	nan	0	0	0	0	0	0	nan	0	0	0	nan	nan	nan	nan	nan	nan
8	c	0	217194	0	nan	53	0	217194	0	0	0	nan	0	0	0	0	0	0	nan	0	0	0	nan	nan	nan	nan	nan	nan
9	a	0	217207	0	nan	53	0	217207	0	0	0	nan	0	0	0	0	0	0	nan	0	0	0	nan	nan	nan	nan	nan	nan
10	u	0	217224	0	nan	53	0	217224	0	0	0	nan	0	0	0	0	0	0	nan	0	0	0	nan	nan	nan	nan	nan	nan
11	a	0	217256	0	nan	53	0	217256	0	0	0	nan	0	0	0	0	0	0	nan	0	0	0	nan	nan	nan	nan	nan	nan
12	a	0	217266	0	nan	53	0	217266	0	0	0	nan	0	0	0	0	0	0	nan	0	0	0	nan	nan	nan	nan	nan	nan
13	c	0	217267	0	nan	53	0	217267	0	0	0	nan	0	0	0	0	0	0	nan	0	0	0	nan	nan	nan	nan	nan	nan
14	a	0	217268	0	nan	53	0	217268	0	0	0	nan	0	0	0	0	0	0	nan	0	0	0	nan	nan	nan	nan	nan	nan
15	u	0	217279	0	nan	53	0	217279	0	0	0	nan	0	0	0	0	0	0	nan	0	0	0	nan	nan	nan	nan	nan	nan
16	a	0	217282	0	nan	53	0	217282	0	0	0	nan	0	0	0	0	0	0	nan	0	0	0	nan	nan	nan	nan	nan	nan
17	a	0	217282	0	nan	53	0	217282	0	0	0	nan	0	0	0	0	0	0	nan	0	0	0	nan	nan	nan	nan	nan	nan
18	c	0	217289	0	nan	53	0	217289	0	0	0	nan	0	0	0	0	0	0	nan	0	0	0	nan	nan	nan	nan	nan	nan
19	U	0	217291	1	0.000000	53	0	217291	0	0	0	nan	0	0	0	0	0	0	nan	0	0	0	0.000000	0.000000	nan	nan	nan	nan
20	A	0	217304	6	0.000000	53	0	217304	0	0	0	nan	0	0	0	0	0	0	nan	0	0	0	0.000000	0.000000	nan	nan	nan	nan
21	A	0	217320	12	0.000000	53	0	217320	0	0	0	nan	0	0	0	0	0	0	nan	0	0	0	0.000000	0.000000	nan	nan	nan	nan
22	G	0	217332	213262	0.000000	53	0	217332	0	0	0	nan	0	0	0	0	0	0	nan	0	0	0	0.000000	0.000000	0.000000	0.000000	nan	nan
23	G	265	217344	207734	0.001276	53	0	217344	0	0	0	nan	0	0	0	0	0	0	nan	0	0	0	0.001276	0.000078	0.001276	0.000078	nan	nan
24	C	5833	217374	212141	0.027496	53	0	217374	0	0	0	nan	0	0	0	0	0	0	nan	0	0	0	0.027496	0.000360	0.027496	0.000360	0.925573	0.012118
25	A	3188	217471	214172	0.014885	53	0	217471	0	0	0	nan	0	0	0	0	0	0	nan	0	0	0	0.014885	0.000264	0.014885	0.000264	0.876065	0.015538
26	G	195	217498	213423	0.000914	53	0	217495	0	0	0	nan	0	0	0	0	0	0	nan	0	0	0	0.000914	0.000065	0.000914	0.000065	nan	nan
27	A	3397	217511	214768	0.015817	53	0	217508	0	0	0	nan	0	0	0	0	0	0	nan	0	0	0	0.015817	0.000271	0.015817	0.000271	0.930918	0.015950
28	U	1492	217523	213734	0.006981	53	0	217518	0	0	0	nan	0	0	0	0	0	0	nan	0	0	0	0.006981	0.000181	0.006981	0.000181	1.099110	0.028497
29	C	5689	217524	213743	0.026616	53	0	217512	0	0	0	nan	0	0	0	0	0	0	nan	0	0	0	0.026616	0.000353	0.026616	0.000353	0.895950	0.011883
30	U	1063	217528	213777	0.004972	53	0	217513	0	0	0	nan	0	0	0	0	0	0	nan	0	0	0	0.004972	0.000153	0.004972	0.000153	0.782807	0.024089
31	G	237	217530	212877	0.001113	53	0	217514	0	0	0	nan	0	0	0	0	0	0	nan	0	0	0	0.001113	0.000072	0.001113	0.000072	nan	nan
32	A	4391	217532	214073	0.020512	53	0	217514	0	0	0	nan	0	0	0	0	0	0	nan	0	0	0	0.020512	0.000310	0.020512	0.000310	1.207245	0.018245
33	G	277	217536	209550	0.001322	53	0	217506	0	0	0	nan	0	0	0	0	0	0	nan	0	0	0	0.001322	0.000079	0.001322	0.000079	nan	nan
34	C	5232	217537	209420	0.024983	44	0	217487	0	0	0	nan	0	0	0	0	0	0	nan	0	0	0	0.024983	0.000345	0.024983	0.000345	0.840980	0.011613
35	U	1471	217553	208985	0.007039	44	0	217474	0	0	0	nan	0	0	0	0	0	0	nan	0	0	0	0.007039	0.000184	0.007039	0.000184	1.108242	0.028970
36	U	1195	217558	208827	0.005722	44	0	217466	0	0	0	nan	0	0	0	0	0	0	nan	0	0	0	0.005722	0.000166	0.005722	0.000166	0.900890	0.026136
37	C	6237	217580	209947	0.029707	44	0	217362	0	0	0	nan	0	0	0	0	0	0	nan	0	0	0	0.029707	0.000376	0.029707	0.000376	1.000000	0.012657
38	G	233	217644	209366	0.001113	44	0	217432	0	0	0	nan	0	0	0	0	0	0	nan	0	0	0	0.001113	0.000073	0.001113	0.000073	nan	nan
39	G	216	217940	209989	0.001029	44	0	217838	0	0	0	nan	0	0	0	0	0	0	nan	0	0	0	0.001029	0.000070	0.001029	0.000070	nan	nan
40	C	4019	218120	215131	0.018682	32	0	218097	0	0	0	nan	0	0	0	0	0	0	nan	0	0	0	0.018682	0.000295	0.018682	0.000295	0.628875	0.009930
41	U	796	218147	215242	0.003698	31	0	218137	0	0	0	nan	0	0	0	0	0	0	nan	0	0	0	0.003698	0.000131	0.003698	0.000131	0.582225	0.020625
42	C	4903	218150	215628	0.022738	30	0	218140	0	0	0	nan	0	0	0	0	0	0	nan	0	0	0	0.022738	0.000325	0.022738	0.000325	0.765409	0.010940
43	U	1190	218153	215671	0.005518	30	0	218142	0	0	0	nan	0	0	0	0	0	0	nan	0	0	0	0.005518	0.000160	0.005518	0.000160	0.868771	0.025191
44	C	5689	218156	215788	0.026364	29	0	218146	0	0	0	nan	0	0	0	0	0	0	nan	0	0	0	0.026364	0.000350	0.026364	0.000350	0.887468	0.011782
45	U	932	218157	215654	0.004322	29	0	218148	0	0	0	nan	0	0	0	0	0	0	nan	0	0	0	0.004322	0.000142	0.004322	0.000142	0.680469	0.022357
46	G	278	218158	212408	0.001309	29	0	218145	0	0	0	nan	0	0	0	0	0	0	nan	0	0	0	0.001309	0.000078	0.001309	0.000078	nan	nan
47	C	7087	218158	214781	0.032996	29	0	218147	0	0	0	nan	0	0	0	0	0	0	nan	0	0	0	0.032996	0.000392	0.032996	0.000392	1.110715	0.013196
48	C	7107	218162	215327	0.033006	29	0	218151	0	0	0	nan	0	0	0	0	0	0	nan	0	0	0	0.033006	0.000392	0.033006	0.000392	1.111051	0.013196
49	A	3148	218169	216200	0.014561	29	0	218166	0	0	0	nan	0	0	0	0	0	0	nan	0	0	0	0.014561	0.000260	0.014561	0.000260	0.856996	0.015302
50	A	0	218169	216837	0.000000	29	0	218169	0	0	0	nan	0	0	0	0	0	0	nan	0	0	0	0.000000	0.000000	0.000000	0.000000	0.000000	0.000000
51	U	0	218167	140	0.000000	22	0	218167	0	0	0	nan	0	0	0	0	0	0	nan	0	0	0	0.000000	0.000000	nan	nan	nan	nan
52	C	0	218167	135	0.000000	21	0	218167	0	0	0	nan	0	0	0	0	0	0	nan	0	0	0	0.000000	0.000000	nan	nan	nan	nan
53	C	0	218161	141	0.000000	21	0	218161	0	0	0	nan	0	0	0	0	0	0	nan	0	0	0	0.000000	0.000000	nan	nan	nan	nan
54	a	0	217999	0	nan	21	0	217999	0	0	0	nan	0	0	0	0	0	0	nan	0	0	0	nan	nan	nan	nan	nan	nan
55	c	0	217996	0	nan	21	0	217996	0	0	0	nan	0	0	0	0	0	0	nan	0	0	0	nan	nan	nan	nan	nan	nan
56	u	0	217988	0	nan	21	0	217988	0	0	0	nan	0	0	0	0	0	0	nan	0	0	0	nan	nan	nan	nan	nan	nan
57	a	0	217985	0	nan	21	0	217985	0	0	0	nan	0	0	0	0	0	0	nan	0	0	0	nan	nan	nan	nan	nan	nan
58	a	0	217985	0	nan	21	0	217985	0	0	0	nan	0	0	0	0	0	0	nan	0	0	0	nan	nan	nan	nan	nan	nan
59	c	0	217985	0	nan	11	0	217985	0	0	0	nan	0	0	0	0	0	0	nan	0	0	0	nan	nan	nan	nan	nan	nan
60	c	0	217985	0	nan	9	0	217985	0	0	0	nan	0	0	0	0	0	0	nan	0	0	0	nan	nan	nan	nan	nan	nan
61	u	0	217985	0	nan	0	0	217985	0	0	0	nan	0	0	0	0	0	0	nan	0	0	0	nan	nan	nan	nan	nan	nan
62	c	0	217985	0	nan	0	0	217985	0	0	0	nan	0	0	0	0	0	0	nan	0	0	0	nan	nan	nan	nan	nan	nan
63	a	0	217985	0	nan	0	0	217985	0	0	0	nan	0	0	0	0	0	0	nan	0	0	0	nan	nan	nan	nan	nan	nan
64	c	0	217982	0	nan	0	0	217982	0	0	0	nan	0	0	0	0	0	0	nan	0	0	0	nan	nan	nan	nan	nan	nan
65	u	0	217982	0	nan	0	0	217982	0	0	0	nan	0	0	0	0	0	0	nan	0	0	0	nan	nan	nan	nan	nan	nan
66	c	0	217982	0	nan	0	0	217982	0	0	0	nan	0	0	0	0	0	0	nan	0	0	0	nan	nan	nan	nan	nan	nan
67	a	0	217979	0	nan	0	0	217979	0	0	0	nan	0	0	0	0	0	0	nan	0	0	0	nan	nan	nan	nan	nan	nan
68	c	0	217974	0	nan	0	0	217974	0	0	0	nan	0	0	0	0	0	0	nan	0	0	0	nan	nan	nan	nan	nan	nan
69	a	0	217959	0	nan	0	0	217959	0	0	0	nan	0	0	0	0	0	0	nan	0	0	0	nan	nan	nan	nan	nan	nan
70	a	0	217909	0	nan	0	0	217909	0	0	0	nan	0	0	0	0	0	0	nan	0	0	0	nan	nan	nan	nan	nan	nan
71	u	0	217803	0	nan	0	0	217803	0	0	0	nan	0	0	0	0	0	0	nan	0	0	0	nan	nan	nan	nan	nan	nan
72	c	0	217527	0	nan	0	0	217527	0	0	0	nan	0	0	0	0	0	0	nan	0	0	0	nan	nan	nan	nan	nan	nan