Nucleotide	Sequence	Modified_mutations	Modified_read_depth	Modified_effective_depth	Modified_rate	Modified_off_target_mapped_depth	Modified_low_mapq_mapped_depth	Modified_primer_pair_1_mapped_depth	Untreated_mutations	Untreated_read_depth	Untreated_effective_depth	Untreated_rate	Untreated_off_target_mapped_depth	Untreated_low_mapq_mapped_depth	Untreated_primer_pair_1_mapped_depth	Denatured_mutations	Denatured_read_depth	Denatured_effective_depth	Denatured_rate	Denatured_off_target_mapped_depth	Denatured_low_mapq_mapped_depth	Denatured_primer_pair_1_mapped_depth	Reactivity_profile	Std_err	HQ_profile	HQ_stderr	Norm_profile	Norm_stderr
1	g	0	189146	0	nan	20	0	189146	0	0	0	nan	0	0	0	0	0	0	nan	0	0	0	nan	nan	nan	nan	nan	nan
2	g	0	203288	0	nan	47	0	203288	0	0	0	nan	0	0	0	0	0	0	nan	0	0	0	nan	nan	nan	nan	nan	nan
3	c	0	203803	0	nan	47	0	203803	0	0	0	nan	0	0	0	0	0	0	nan	0	0	0	nan	nan	nan	nan	nan	nan
4	a	0	203882	0	nan	48	0	203882	0	0	0	nan	0	0	0	0	0	0	nan	0	0	0	nan	nan	nan	nan	nan	nan
5	c	0	203906	0	nan	48	0	203906	0	0	0	nan	0	0	0	0	0	0	nan	0	0	0	nan	nan	nan	nan	nan	nan
6	c	0	203912	0	nan	48	0	203912	0	0	0	nan	0	0	0	0	0	0	nan	0	0	0	nan	nan	nan	nan	nan	nan
7	u	0	203914	0	nan	48	0	203914	0	0	0	nan	0	0	0	0	0	0	nan	0	0	0	nan	nan	nan	nan	nan	nan
8	c	0	203947	0	nan	48	0	203947	0	0	0	nan	0	0	0	0	0	0	nan	0	0	0	nan	nan	nan	nan	nan	nan
9	a	0	203980	0	nan	48	0	203980	0	0	0	nan	0	0	0	0	0	0	nan	0	0	0	nan	nan	nan	nan	nan	nan
10	u	0	204021	0	nan	48	0	204021	0	0	0	nan	0	0	0	0	0	0	nan	0	0	0	nan	nan	nan	nan	nan	nan
11	a	0	204161	0	nan	48	0	204161	0	0	0	nan	0	0	0	0	0	0	nan	0	0	0	nan	nan	nan	nan	nan	nan
12	a	0	204191	0	nan	48	0	204191	0	0	0	nan	0	0	0	0	0	0	nan	0	0	0	nan	nan	nan	nan	nan	nan
13	c	0	204196	0	nan	48	0	204196	0	0	0	nan	0	0	0	0	0	0	nan	0	0	0	nan	nan	nan	nan	nan	nan
14	a	0	204201	0	nan	48	0	204201	0	0	0	nan	0	0	0	0	0	0	nan	0	0	0	nan	nan	nan	nan	nan	nan
15	u	0	204204	0	nan	48	0	204204	0	0	0	nan	0	0	0	0	0	0	nan	0	0	0	nan	nan	nan	nan	nan	nan
16	a	0	204209	0	nan	48	0	204209	0	0	0	nan	0	0	0	0	0	0	nan	0	0	0	nan	nan	nan	nan	nan	nan
17	a	0	204212	0	nan	48	0	204212	0	0	0	nan	0	0	0	0	0	0	nan	0	0	0	nan	nan	nan	nan	nan	nan
18	c	0	204217	0	nan	48	0	204217	0	0	0	nan	0	0	0	0	0	0	nan	0	0	0	nan	nan	nan	nan	nan	nan
19	U	0	204223	3	0.000000	48	0	204223	0	0	0	nan	0	0	0	0	0	0	nan	0	0	0	0.000000	0.000000	nan	nan	nan	nan
20	A	0	204255	27	0.000000	48	0	204255	0	0	0	nan	0	0	0	0	0	0	nan	0	0	0	0.000000	0.000000	nan	nan	nan	nan
21	A	0	204273	37	0.000000	48	0	204273	0	0	0	nan	0	0	0	0	0	0	nan	0	0	0	0.000000	0.000000	nan	nan	nan	nan
22	G	0	204297	199734	0.000000	48	0	204297	0	0	0	nan	0	0	0	0	0	0	nan	0	0	0	0.000000	0.000000	0.000000	0.000000	nan	nan
23	G	457	204305	189250	0.002415	48	0	204305	0	0	0	nan	0	0	0	0	0	0	nan	0	0	0	0.002415	0.000113	0.002415	0.000113	nan	nan
24	C	1506	204382	198484	0.007588	48	0	204382	0	0	0	nan	0	0	0	0	0	0	nan	0	0	0	0.007588	0.000196	0.007588	0.000196	1.000000	0.025830
25	A	2155	204492	200570	0.010744	48	0	204492	0	0	0	nan	0	0	0	0	0	0	nan	0	0	0	0.010744	0.000231	0.010744	0.000231	0.405598	0.008721
26	G	261	204510	198328	0.001316	48	0	204510	0	0	0	nan	0	0	0	0	0	0	nan	0	0	0	0.001316	0.000081	0.001316	0.000081	nan	nan
27	A	4987	204530	200479	0.024875	48	0	204529	0	0	0	nan	0	0	0	0	0	0	nan	0	0	0	0.024875	0.000352	0.024875	0.000352	0.939060	0.013288
28	U	1176	204546	199457	0.005896	48	0	204543	0	0	0	nan	0	0	0	0	0	0	nan	0	0	0	0.005896	0.000172	0.005896	0.000172	1.036933	0.030250
29	C	10064	204552	199779	0.050376	48	0	204548	0	0	0	nan	0	0	0	0	0	0	nan	0	0	0	0.050376	0.000502	0.050376	0.000502	6.638904	0.066157
30	U	964	204556	199814	0.004824	48	0	204551	0	0	0	nan	0	0	0	0	0	0	nan	0	0	0	0.004824	0.000155	0.004824	0.000155	0.848400	0.027260
31	G	303	204571	197001	0.001538	48	0	204562	0	0	0	nan	0	0	0	0	0	0	nan	0	0	0	0.001538	0.000088	0.001538	0.000088	nan	nan
32	A	1376	204577	200208	0.006873	48	0	204564	0	0	0	nan	0	0	0	0	0	0	nan	0	0	0	0.006873	0.000185	0.006873	0.000185	0.259464	0.006984
33	G	348	204581	190576	0.001826	48	0	204554	0	0	0	nan	0	0	0	0	0	0	nan	0	0	0	0.001826	0.000098	0.001826	0.000098	nan	nan
34	C	1320	204585	196015	0.006734	44	0	204550	0	0	0	nan	0	0	0	0	0	0	nan	0	0	0	0.006734	0.000185	0.006734	0.000185	0.887454	0.024381
35	U	1298	204615	195908	0.006626	44	0	204545	0	0	0	nan	0	0	0	0	0	0	nan	0	0	0	0.006626	0.000184	0.006626	0.000184	1.165318	0.032360
36	U	1072	204620	195763	0.005476	44	0	204533	0	0	0	nan	0	0	0	0	0	0	nan	0	0	0	0.005476	0.000167	0.005476	0.000167	0.963067	0.029370
37	C	9195	204655	197059	0.046661	44	0	204439	0	0	0	nan	0	0	0	0	0	0	nan	0	0	0	0.046661	0.000487	0.046661	0.000487	6.149315	0.064180
38	G	255	204717	195257	0.001306	44	0	204509	0	0	0	nan	0	0	0	0	0	0	nan	0	0	0	0.001306	0.000082	0.001306	0.000082	nan	nan
39	G	258	205036	195783	0.001318	43	0	204937	0	0	0	nan	0	0	0	0	0	0	nan	0	0	0	0.001318	0.000082	0.001318	0.000082	nan	nan
40	C	489	205246	203492	0.002403	30	0	205226	0	0	0	nan	0	0	0	0	0	0	nan	0	0	0	0.002403	0.000109	0.002403	0.000109	0.316684	0.014365
41	U	723	205265	203825	0.003547	30	0	205258	0	0	0	nan	0	0	0	0	0	0	nan	0	0	0	0.003547	0.000132	0.003547	0.000132	0.623813	0.023215
42	C	418	205270	204010	0.002049	28	0	205264	0	0	0	nan	0	0	0	0	0	0	nan	0	0	0	0.002049	0.000100	0.002049	0.000100	0.270032	0.013179
43	U	1103	205271	204228	0.005401	28	0	205265	0	0	0	nan	0	0	0	0	0	0	nan	0	0	0	0.005401	0.000163	0.005401	0.000163	0.949877	0.028667
44	C	845	205272	204320	0.004136	28	0	205267	0	0	0	nan	0	0	0	0	0	0	nan	0	0	0	0.004136	0.000142	0.004136	0.000142	0.545071	0.018714
45	U	809	205272	204062	0.003964	28	0	205263	0	0	0	nan	0	0	0	0	0	0	nan	0	0	0	0.003964	0.000139	0.003964	0.000139	0.697151	0.024446
46	G	369	205271	199525	0.001849	28	0	205260	0	0	0	nan	0	0	0	0	0	0	nan	0	0	0	0.001849	0.000096	0.001849	0.000096	nan	nan
47	C	955	205273	202886	0.004707	28	0	205262	0	0	0	nan	0	0	0	0	0	0	nan	0	0	0	0.004707	0.000152	0.004707	0.000152	0.620322	0.020032
48	C	1020	205276	202427	0.005039	28	0	205269	0	0	0	nan	0	0	0	0	0	0	nan	0	0	0	0.005039	0.000158	0.005039	0.000158	0.664075	0.020822
49	A	6362	205279	203050	0.031332	28	0	205276	0	0	0	nan	0	0	0	0	0	0	nan	0	0	0	0.031332	0.000393	0.031332	0.000393	1.182819	0.014836
50	A	0	205281	203509	0.000000	28	0	205281	0	0	0	nan	0	0	0	0	0	0	nan	0	0	0	0.000000	0.000000	0.000000	0.000000	0.000000	0.000000
51	U	0	205279	130	0.000000	21	0	205279	0	0	0	nan	0	0	0	0	0	0	nan	0	0	0	0.000000	0.000000	nan	nan	nan	nan
52	C	0	205278	124	0.000000	20	0	205278	0	0	0	nan	0	0	0	0	0	0	nan	0	0	0	0.000000	0.000000	nan	nan	nan	nan
53	C	0	205267	129	0.000000	20	0	205267	0	0	0	nan	0	0	0	0	0	0	nan	0	0	0	0.000000	0.000000	nan	nan	nan	nan
54	a	0	205101	0	nan	20	0	205101	0	0	0	nan	0	0	0	0	0	0	nan	0	0	0	nan	nan	nan	nan	nan	nan
55	c	0	205100	0	nan	19	0	205100	0	0	0	nan	0	0	0	0	0	0	nan	0	0	0	nan	nan	nan	nan	nan	nan
56	u	0	205094	0	nan	19	0	205094	0	0	0	nan	0	0	0	0	0	0	nan	0	0	0	nan	nan	nan	nan	nan	nan
57	a	0	205093	0	nan	19	0	205093	0	0	0	nan	0	0	0	0	0	0	nan	0	0	0	nan	nan	nan	nan	nan	nan
58	a	0	205093	0	nan	19	0	205093	0	0	0	nan	0	0	0	0	0	0	nan	0	0	0	nan	nan	nan	nan	nan	nan
59	c	0	205093	0	nan	9	0	205093	0	0	0	nan	0	0	0	0	0	0	nan	0	0	0	nan	nan	nan	nan	nan	nan
60	c	0	205093	0	nan	8	0	205093	0	0	0	nan	0	0	0	0	0	0	nan	0	0	0	nan	nan	nan	nan	nan	nan
61	u	0	205093	0	nan	0	0	205093	0	0	0	nan	0	0	0	0	0	0	nan	0	0	0	nan	nan	nan	nan	nan	nan
62	c	0	205092	0	nan	0	0	205092	0	0	0	nan	0	0	0	0	0	0	nan	0	0	0	nan	nan	nan	nan	nan	nan
63	a	0	205092	0	nan	0	0	205092	0	0	0	nan	0	0	0	0	0	0	nan	0	0	0	nan	nan	nan	nan	nan	nan
64	c	0	205092	0	nan	0	0	205092	0	0	0	nan	0	0	0	0	0	0	nan	0	0	0	nan	nan	nan	nan	nan	nan
65	u	0	205091	0	nan	0	0	205091	0	0	0	nan	0	0	0	0	0	0	nan	0	0	0	nan	nan	nan	nan	nan	nan
66	c	0	205091	0	nan	0	0	205091	0	0	0	nan	0	0	0	0	0	0	nan	0	0	0	nan	nan	nan	nan	nan	nan
67	a	0	205088	0	nan	0	0	205088	0	0	0	nan	0	0	0	0	0	0	nan	0	0	0	nan	nan	nan	nan	nan	nan
68	c	0	205082	0	nan	0	0	205082	0	0	0	nan	0	0	0	0	0	0	nan	0	0	0	nan	nan	nan	nan	nan	nan
69	a	0	205074	0	nan	0	0	205074	0	0	0	nan	0	0	0	0	0	0	nan	0	0	0	nan	nan	nan	nan	nan	nan
70	a	0	205008	0	nan	0	0	205008	0	0	0	nan	0	0	0	0	0	0	nan	0	0	0	nan	nan	nan	nan	nan	nan
71	u	0	204904	0	nan	0	0	204904	0	0	0	nan	0	0	0	0	0	0	nan	0	0	0	nan	nan	nan	nan	nan	nan
72	c	0	204659	0	nan	0	0	204659	0	0	0	nan	0	0	0	0	0	0	nan	0	0	0	nan	nan	nan	nan	nan	nan