Nucleotide	Sequence	Modified_mutations	Modified_read_depth	Modified_effective_depth	Modified_rate	Modified_off_target_mapped_depth	Modified_low_mapq_mapped_depth	Modified_primer_pair_1_mapped_depth	Untreated_mutations	Untreated_read_depth	Untreated_effective_depth	Untreated_rate	Untreated_off_target_mapped_depth	Untreated_low_mapq_mapped_depth	Untreated_primer_pair_1_mapped_depth	Denatured_mutations	Denatured_read_depth	Denatured_effective_depth	Denatured_rate	Denatured_off_target_mapped_depth	Denatured_low_mapq_mapped_depth	Denatured_primer_pair_1_mapped_depth	Reactivity_profile	Std_err	HQ_profile	HQ_stderr	Norm_profile	Norm_stderr
1	g	0	55873	0	nan	0	4	55873	0	0	0	nan	0	0	0	0	0	0	nan	0	0	0	nan	nan	nan	nan	nan	nan
2	g	0	55904	0	nan	0	4	55904	0	0	0	nan	0	0	0	0	0	0	nan	0	0	0	nan	nan	nan	nan	nan	nan
3	u	0	55923	0	nan	0	4	55923	0	0	0	nan	0	0	0	0	0	0	nan	0	0	0	nan	nan	nan	nan	nan	nan
4	g	0	55930	0	nan	0	4	55930	0	0	0	nan	0	0	0	0	0	0	nan	0	0	0	nan	nan	nan	nan	nan	nan
5	u	0	55941	0	nan	0	4	55941	0	0	0	nan	0	0	0	0	0	0	nan	0	0	0	nan	nan	nan	nan	nan	nan
6	a	0	55953	0	nan	0	4	55953	0	0	0	nan	0	0	0	0	0	0	nan	0	0	0	nan	nan	nan	nan	nan	nan
7	a	0	55978	0	nan	0	4	55978	0	0	0	nan	0	0	0	0	0	0	nan	0	0	0	nan	nan	nan	nan	nan	nan
8	g	0	56078	0	nan	0	4	56078	0	0	0	nan	0	0	0	0	0	0	nan	0	0	0	nan	nan	nan	nan	nan	nan
9	g	0	57610	0	nan	0	4	57610	0	0	0	nan	0	0	0	0	0	0	nan	0	0	0	nan	nan	nan	nan	nan	nan
10	g	0	230368	0	nan	0	4	230368	0	0	0	nan	0	0	0	0	0	0	nan	0	0	0	nan	nan	nan	nan	nan	nan
11	u	0	240679	0	nan	0	4	240679	0	0	0	nan	0	0	0	0	0	0	nan	0	0	0	nan	nan	nan	nan	nan	nan
12	g	0	241089	0	nan	0	4	241089	0	0	0	nan	0	0	0	0	0	0	nan	0	0	0	nan	nan	nan	nan	nan	nan
13	a	0	241123	0	nan	0	4	241123	0	0	0	nan	0	0	0	0	0	0	nan	0	0	0	nan	nan	nan	nan	nan	nan
14	a	0	241130	0	nan	0	4	241130	0	0	0	nan	0	0	0	0	0	0	nan	0	0	0	nan	nan	nan	nan	nan	nan
15	g	0	241147	0	nan	1	4	241147	0	0	0	nan	0	0	0	0	0	0	nan	0	0	0	nan	nan	nan	nan	nan	nan
16	u	0	241156	0	nan	1	4	241156	0	0	0	nan	0	0	0	0	0	0	nan	0	0	0	nan	nan	nan	nan	nan	nan
17	g	0	241167	0	nan	1	4	241167	0	0	0	nan	0	0	0	0	0	0	nan	0	0	0	nan	nan	nan	nan	nan	nan
18	u	0	241176	0	nan	1	4	241176	0	0	0	nan	0	0	0	0	0	0	nan	0	0	0	nan	nan	nan	nan	nan	nan
19	a	0	241254	0	nan	1	4	241254	0	0	0	nan	0	0	0	0	0	0	nan	0	0	0	nan	nan	nan	nan	nan	nan
20	A	0	241291	23	0.000000	1	4	241291	0	0	0	nan	0	0	0	0	0	0	nan	0	0	0	0.000000	0.000000	nan	nan	nan	nan
21	G	0	241355	44	0.000000	1	4	241355	0	0	0	nan	0	0	0	0	0	0	nan	0	0	0	0.000000	0.000000	nan	nan	nan	nan
22	G	0	241374	46	0.000000	1	4	241374	0	0	0	nan	0	0	0	0	0	0	nan	0	0	0	0.000000	0.000000	nan	nan	nan	nan
23	U	0	241383	238704	0.000000	1	4	241383	0	0	0	nan	0	0	0	0	0	0	nan	0	0	0	0.000000	0.000000	0.000000	0.000000	nan	nan
24	U	301	241388	238544	0.001262	1	4	241388	0	0	0	nan	0	0	0	0	0	0	nan	0	0	0	0.001262	0.000073	0.001262	0.000073	nan	nan
25	G	174	241391	237315	0.000733	1	4	241391	0	0	0	nan	0	0	0	0	0	0	nan	0	0	0	0.000733	0.000056	0.000733	0.000056	nan	nan
26	A	4229	241386	232412	0.018196	1	2	241357	0	0	0	nan	0	0	0	0	0	0	nan	0	0	0	0.018196	0.000280	0.018196	0.000280	0.932220	0.014345
27	C	14063	241393	231238	0.060816	1	2	241355	0	0	0	nan	0	0	0	0	0	0	nan	0	0	0	0.060816	0.000513	0.060816	0.000513	1.411486	0.011906
28	C	3694	241415	231977	0.015924	1	2	241377	0	0	0	nan	0	0	0	0	0	0	nan	0	0	0	0.015924	0.000262	0.015924	0.000262	0.369582	0.006081
29	U	232	241477	235661	0.000984	1	2	241446	0	0	0	nan	0	0	0	0	0	0	nan	0	0	0	0.000984	0.000065	0.000984	0.000065	nan	nan
30	U	333	241511	236687	0.001407	1	2	241482	0	0	0	nan	0	0	0	0	0	0	nan	0	0	0	0.001407	0.000077	0.001407	0.000077	nan	nan
31	U	410	241534	237579	0.001726	1	2	241507	0	0	0	nan	0	0	0	0	0	0	nan	0	0	0	0.001726	0.000085	0.001726	0.000085	nan	nan
32	U	297	241603	238930	0.001243	1	2	241578	0	0	0	nan	0	0	0	0	0	0	nan	0	0	0	0.001243	0.000072	0.001243	0.000072	nan	nan
33	G	80	241643	237785	0.000336	1	2	241618	0	0	0	nan	0	0	0	0	0	0	nan	0	0	0	0.000336	0.000038	0.000336	0.000038	nan	nan
34	A	4649	241670	237519	0.019573	1	2	241644	0	0	0	nan	0	0	0	0	0	0	nan	0	0	0	0.019573	0.000287	0.019573	0.000287	1.002767	0.014704
35	A	3699	241680	236412	0.015646	1	2	241654	0	0	0	nan	0	0	0	0	0	0	nan	0	0	0	0.015646	0.000257	0.015646	0.000257	0.801578	0.013167
36	U	298	241696	236164	0.001262	1	2	241670	0	0	0	nan	0	0	0	0	0	0	nan	0	0	0	0.001262	0.000073	0.001262	0.000073	nan	nan
37	A	3827	241712	237006	0.016147	1	3	241686	0	0	0	nan	0	0	0	0	0	0	nan	0	0	0	0.016147	0.000261	0.016147	0.000261	0.827245	0.013372
38	G	187	241727	236320	0.000791	2	3	241705	0	0	0	nan	0	0	0	0	0	0	nan	0	0	0	0.000791	0.000058	0.000791	0.000058	nan	nan
39	U	338	241738	238825	0.001415	2	4	241715	0	0	0	nan	0	0	0	0	0	0	nan	0	0	0	0.001415	0.000077	0.001415	0.000077	nan	nan
40	G	277	241757	237265	0.001167	2	6	241743	0	0	0	nan	0	0	0	0	0	0	nan	0	0	0	0.001167	0.000070	0.001167	0.000070	nan	nan
41	A	4681	241782	237909	0.019676	2	7	241770	0	0	0	nan	0	0	0	0	0	0	nan	0	0	0	0.019676	0.000288	0.019676	0.000288	1.008043	0.014755
42	U	497	241829	236952	0.002097	2	7	241820	0	0	0	nan	0	0	0	0	0	0	nan	0	0	0	0.002097	0.000094	0.002097	0.000094	nan	nan
43	U	429	241850	236694	0.001812	2	7	241844	0	0	0	nan	0	0	0	0	0	0	nan	0	0	0	0.001812	0.000088	0.001812	0.000088	nan	nan
44	C	5994	241864	236386	0.025357	2	7	241858	0	0	0	nan	0	0	0	0	0	0	nan	0	0	0	0.025357	0.000328	0.025357	0.000328	0.588514	0.007613
45	A	4635	241887	237467	0.019519	2	7	241882	0	0	0	nan	0	0	0	0	0	0	nan	0	0	0	0.019519	0.000287	0.019519	0.000287	1.000000	0.014704
46	G	150	241924	238804	0.000628	2	7	241920	0	0	0	nan	0	0	0	0	0	0	nan	0	0	0	0.000628	0.000051	0.000628	0.000051	nan	nan
47	G	142	241936	238439	0.000596	2	7	241932	0	0	0	nan	0	0	0	0	0	0	nan	0	0	0	0.000596	0.000050	0.000596	0.000050	nan	nan
48	A	4316	241938	238848	0.018070	2	7	241934	0	0	0	nan	0	0	0	0	0	0	nan	0	0	0	0.018070	0.000275	0.018070	0.000275	0.925765	0.014089
49	G	202	241982	238619	0.000847	2	7	241979	0	0	0	nan	0	0	0	0	0	0	nan	0	0	0	0.000847	0.000060	0.000847	0.000060	nan	nan
50	G	150	241991	238542	0.000629	2	7	241988	0	0	0	nan	0	0	0	0	0	0	nan	0	0	0	0.000629	0.000051	0.000629	0.000051	nan	nan
51	U	275	241994	238785	0.001152	2	7	241991	0	0	0	nan	0	0	0	0	0	0	nan	0	0	0	0.001152	0.000069	0.001152	0.000069	nan	nan
52	U	344	241999	237929	0.001446	2	7	241996	0	0	0	nan	0	0	0	0	0	0	nan	0	0	0	0.001446	0.000078	0.001446	0.000078	nan	nan
53	A	3485	242000	238661	0.014602	2	7	241998	0	0	0	nan	0	0	0	0	0	0	nan	0	0	0	0.014602	0.000247	0.014602	0.000247	0.748092	0.012654
54	A	2881	241994	238796	0.012065	2	7	241993	0	0	0	nan	0	0	0	0	0	0	nan	0	0	0	0.012065	0.000225	0.012065	0.000225	0.618116	0.011527
55	U	424	241995	239490	0.001770	2	7	241994	0	0	0	nan	0	0	0	0	0	0	nan	0	0	0	0.001770	0.000086	0.001770	0.000086	nan	nan
56	G	279	241997	239695	0.001164	2	7	241997	0	0	0	nan	0	0	0	0	0	0	nan	0	0	0	0.001164	0.000070	0.001164	0.000070	nan	nan
57	G	0	241998	238753	0.000000	2	7	241998	0	0	0	nan	0	0	0	0	0	0	nan	0	0	0	0.000000	0.000000	0.000000	0.000000	nan	nan
58	A	0	241998	0	nan	2	7	241998	0	0	0	nan	0	0	0	0	0	0	nan	0	0	0	nan	nan	nan	nan	nan	nan
59	A	0	241998	0	nan	2	7	241998	0	0	0	nan	0	0	0	0	0	0	nan	0	0	0	nan	nan	nan	nan	nan	nan
60	G	0	241998	0	nan	2	7	241998	0	0	0	nan	0	0	0	0	0	0	nan	0	0	0	nan	nan	nan	nan	nan	nan
61	u	0	241998	0	nan	2	7	241998	0	0	0	nan	0	0	0	0	0	0	nan	0	0	0	nan	nan	nan	nan	nan	nan
62	a	0	241998	0	nan	2	7	241998	0	0	0	nan	0	0	0	0	0	0	nan	0	0	0	nan	nan	nan	nan	nan	nan
63	a	0	241998	0	nan	2	7	241998	0	0	0	nan	0	0	0	0	0	0	nan	0	0	0	nan	nan	nan	nan	nan	nan
64	a	0	241998	0	nan	2	7	241998	0	0	0	nan	0	0	0	0	0	0	nan	0	0	0	nan	nan	nan	nan	nan	nan
65	g	0	241998	0	nan	2	7	241998	0	0	0	nan	0	0	0	0	0	0	nan	0	0	0	nan	nan	nan	nan	nan	nan
66	g	0	241998	0	nan	2	7	241998	0	0	0	nan	0	0	0	0	0	0	nan	0	0	0	nan	nan	nan	nan	nan	nan
67	u	0	241998	0	nan	2	7	241998	0	0	0	nan	0	0	0	0	0	0	nan	0	0	0	nan	nan	nan	nan	nan	nan
68	a	0	241998	0	nan	2	7	241998	0	0	0	nan	0	0	0	0	0	0	nan	0	0	0	nan	nan	nan	nan	nan	nan
69	a	0	241998	0	nan	2	7	241998	0	0	0	nan	0	0	0	0	0	0	nan	0	0	0	nan	nan	nan	nan	nan	nan
70	u	0	241998	0	nan	2	7	241998	0	0	0	nan	0	0	0	0	0	0	nan	0	0	0	nan	nan	nan	nan	nan	nan
71	g	0	241998	0	nan	2	7	241998	0	0	0	nan	0	0	0	0	0	0	nan	0	0	0	nan	nan	nan	nan	nan	nan
72	a	0	241998	0	nan	2	7	241998	0	0	0	nan	0	0	0	0	0	0	nan	0	0	0	nan	nan	nan	nan	nan	nan
73	a	0	241997	0	nan	2	7	241997	0	0	0	nan	0	0	0	0	0	0	nan	0	0	0	nan	nan	nan	nan	nan	nan
74	g	0	241997	0	nan	2	7	241997	0	0	0	nan	0	0	0	0	0	0	nan	0	0	0	nan	nan	nan	nan	nan	nan
75	g	0	241994	0	nan	2	7	241994	0	0	0	nan	0	0	0	0	0	0	nan	0	0	0	nan	nan	nan	nan	nan	nan
76	u	0	241986	0	nan	2	7	241986	0	0	0	nan	0	0	0	0	0	0	nan	0	0	0	nan	nan	nan	nan	nan	nan
77	g	0	241981	0	nan	2	7	241981	0	0	0	nan	0	0	0	0	0	0	nan	0	0	0	nan	nan	nan	nan	nan	nan
78	a	0	241978	0	nan	2	7	241978	0	0	0	nan	0	0	0	0	0	0	nan	0	0	0	nan	nan	nan	nan	nan	nan
79	a	0	241926	0	nan	2	7	241926	0	0	0	nan	0	0	0	0	0	0	nan	0	0	0	nan	nan	nan	nan	nan	nan
80	g	0	241806	0	nan	2	7	241806	0	0	0	nan	0	0	0	0	0	0	nan	0	0	0	nan	nan	nan	nan	nan	nan