Nucleotide	Sequence	Modified_mutations	Modified_read_depth	Modified_effective_depth	Modified_rate	Modified_off_target_mapped_depth	Modified_low_mapq_mapped_depth	Modified_primer_pair_1_mapped_depth	Untreated_mutations	Untreated_read_depth	Untreated_effective_depth	Untreated_rate	Untreated_off_target_mapped_depth	Untreated_low_mapq_mapped_depth	Untreated_primer_pair_1_mapped_depth	Denatured_mutations	Denatured_read_depth	Denatured_effective_depth	Denatured_rate	Denatured_off_target_mapped_depth	Denatured_low_mapq_mapped_depth	Denatured_primer_pair_1_mapped_depth	Reactivity_profile	Std_err	HQ_profile	HQ_stderr	Norm_profile	Norm_stderr
1	g	0	74144	0	nan	24	0	74144	0	0	0	nan	0	0	0	0	0	0	nan	0	0	0	nan	nan	nan	nan	nan	nan
2	g	0	74206	0	nan	24	0	74206	0	0	0	nan	0	0	0	0	0	0	nan	0	0	0	nan	nan	nan	nan	nan	nan
3	a	0	74227	0	nan	24	0	74227	0	0	0	nan	0	0	0	0	0	0	nan	0	0	0	nan	nan	nan	nan	nan	nan
4	u	0	74232	0	nan	24	0	74232	0	0	0	nan	0	0	0	0	0	0	nan	0	0	0	nan	nan	nan	nan	nan	nan
5	a	0	74235	0	nan	24	0	74235	0	0	0	nan	0	0	0	0	0	0	nan	0	0	0	nan	nan	nan	nan	nan	nan
6	a	0	74235	0	nan	24	0	74235	0	0	0	nan	0	0	0	0	0	0	nan	0	0	0	nan	nan	nan	nan	nan	nan
7	u	0	74236	0	nan	24	0	74236	0	0	0	nan	0	0	0	0	0	0	nan	0	0	0	nan	nan	nan	nan	nan	nan
8	c	0	74236	0	nan	24	0	74236	0	0	0	nan	0	0	0	0	0	0	nan	0	0	0	nan	nan	nan	nan	nan	nan
9	c	0	74236	0	nan	24	0	74236	0	0	0	nan	0	0	0	0	0	0	nan	0	0	0	nan	nan	nan	nan	nan	nan
10	a	0	74236	0	nan	24	0	74236	0	0	0	nan	0	0	0	0	0	0	nan	0	0	0	nan	nan	nan	nan	nan	nan
11	a	0	74236	0	nan	24	0	74236	0	0	0	nan	0	0	0	0	0	0	nan	0	0	0	nan	nan	nan	nan	nan	nan
12	a	0	74236	0	nan	24	0	74236	0	0	0	nan	0	0	0	0	0	0	nan	0	0	0	nan	nan	nan	nan	nan	nan
13	a	0	74236	0	nan	24	0	74236	0	0	0	nan	0	0	0	0	0	0	nan	0	0	0	nan	nan	nan	nan	nan	nan
14	c	0	74236	0	nan	24	0	74236	0	0	0	nan	0	0	0	0	0	0	nan	0	0	0	nan	nan	nan	nan	nan	nan
15	a	0	74236	0	nan	24	0	74236	0	0	0	nan	0	0	0	0	0	0	nan	0	0	0	nan	nan	nan	nan	nan	nan
16	a	0	74236	0	nan	24	0	74236	0	0	0	nan	0	0	0	0	0	0	nan	0	0	0	nan	nan	nan	nan	nan	nan
17	c	0	74236	0	nan	24	0	74236	0	0	0	nan	0	0	0	0	0	0	nan	0	0	0	nan	nan	nan	nan	nan	nan
18	a	0	74236	0	nan	24	0	74236	0	0	0	nan	0	0	0	0	0	0	nan	0	0	0	nan	nan	nan	nan	nan	nan
19	a	0	74236	0	nan	24	0	74236	0	0	0	nan	0	0	0	0	0	0	nan	0	0	0	nan	nan	nan	nan	nan	nan
20	c	0	74236	0	nan	24	0	74236	0	0	0	nan	0	0	0	0	0	0	nan	0	0	0	nan	nan	nan	nan	nan	nan
21	c	0	74236	0	nan	24	0	74236	0	0	0	nan	0	0	0	0	0	0	nan	0	0	0	nan	nan	nan	nan	nan	nan
22	A	0	74236	0	nan	24	0	74236	0	0	0	nan	0	0	0	0	0	0	nan	0	0	0	nan	nan	nan	nan	nan	nan
23	A	0	74236	0	nan	24	0	74236	0	0	0	nan	0	0	0	0	0	0	nan	0	0	0	nan	nan	nan	nan	nan	nan
24	A	0	74236	0	nan	24	0	74236	0	0	0	nan	0	0	0	0	0	0	nan	0	0	0	nan	nan	nan	nan	nan	nan
25	G	0	74236	61770	0.000000	24	0	74236	0	0	0	nan	0	0	0	0	0	0	nan	0	0	0	0.000000	0.000000	0.000000	0.000000	nan	nan
26	G	45	74236	55615	0.000809	24	0	74235	0	0	0	nan	0	0	0	0	0	0	nan	0	0	0	0.000809	0.000121	0.000809	0.000121	nan	nan
27	A	653	74236	55001	0.011873	24	0	74233	0	0	0	nan	0	0	0	0	0	0	nan	0	0	0	0.011873	0.000465	0.011873	0.000465	0.772680	0.030262
28	A	459	74236	54171	0.008473	24	0	74232	0	0	0	nan	0	0	0	0	0	0	nan	0	0	0	0.008473	0.000395	0.008473	0.000395	0.551412	0.025706
29	U	186	74236	65872	0.002824	24	0	74225	0	0	0	nan	0	0	0	0	0	0	nan	0	0	0	0.002824	0.000207	0.002824	0.000207	1.238325	0.090770
30	U	107	74234	67350	0.001589	24	0	74206	0	0	0	nan	0	0	0	0	0	0	nan	0	0	0	0.001589	0.000154	0.001589	0.000154	0.696777	0.067529
31	G	29	74233	68846	0.000421	24	0	74199	0	0	0	nan	0	0	0	0	0	0	nan	0	0	0	0.000421	0.000078	0.000421	0.000078	nan	nan
32	C	499	74233	69735	0.007156	24	0	74195	0	0	0	nan	0	0	0	0	0	0	nan	0	0	0	0.007156	0.000320	0.007156	0.000320	0.572778	0.025613
33	G	27	74233	68755	0.000393	24	0	74178	0	0	0	nan	0	0	0	0	0	0	nan	0	0	0	0.000393	0.000076	0.000393	0.000076	nan	nan
34	G	35	74233	68823	0.000509	24	0	74158	0	0	0	nan	0	0	0	0	0	0	nan	0	0	0	0.000509	0.000086	0.000509	0.000086	nan	nan
35	G	23	74233	61092	0.000376	24	0	74146	0	0	0	nan	0	0	0	0	0	0	nan	0	0	0	0.000376	0.000079	0.000376	0.000079	nan	nan
36	A	514	74232	57130	0.008997	24	0	74131	0	0	0	nan	0	0	0	0	0	0	nan	0	0	0	0.008997	0.000397	0.008997	0.000397	0.585513	0.025836
37	A	959	74232	54068	0.017737	24	0	74111	0	0	0	nan	0	0	0	0	0	0	nan	0	0	0	0.017737	0.000573	0.017737	0.000573	1.154302	0.037290
38	A	933	74232	60498	0.015422	24	0	74104	0	0	0	nan	0	0	0	0	0	0	nan	0	0	0	0.015422	0.000505	0.015422	0.000505	1.003644	0.032865
39	G	25	74232	64733	0.000386	24	0	74102	0	0	0	nan	0	0	0	0	0	0	nan	0	0	0	0.000386	0.000077	0.000386	0.000077	nan	nan
40	G	20	74232	67141	0.000298	24	0	74098	0	0	0	nan	0	0	0	0	0	0	nan	0	0	0	0.000298	0.000067	0.000298	0.000067	nan	nan
41	G	36	74232	66914	0.000538	24	0	74094	0	0	0	nan	0	0	0	0	0	0	nan	0	0	0	0.000538	0.000090	0.000538	0.000090	nan	nan
42	G	30	74232	68147	0.000440	24	0	74088	0	0	0	nan	0	0	0	0	0	0	nan	0	0	0	0.000440	0.000080	0.000440	0.000080	nan	nan
43	U	97	74232	68985	0.001406	24	0	74085	0	0	0	nan	0	0	0	0	0	0	nan	0	0	0	0.001406	0.000143	0.001406	0.000143	0.616531	0.062706
44	C	219	74232	63603	0.003443	24	0	74070	0	0	0	nan	0	0	0	0	0	0	nan	0	0	0	0.003443	0.000233	0.003443	0.000233	0.275583	0.018650
45	A	583	74231	58480	0.009969	24	0	74051	0	0	0	nan	0	0	0	0	0	0	nan	0	0	0	0.009969	0.000413	0.009969	0.000413	0.648770	0.026878
46	A	749	74231	59157	0.012661	24	0	74047	0	0	0	nan	0	0	0	0	0	0	nan	0	0	0	0.012661	0.000463	0.012661	0.000463	0.823962	0.030131
47	C	1679	74231	62635	0.026806	24	0	74044	0	0	0	nan	0	0	0	0	0	0	nan	0	0	0	0.026806	0.000654	0.026806	0.000654	2.145596	0.052347
48	A	1254	74231	67785	0.018500	24	0	74040	0	0	0	nan	0	0	0	0	0	0	nan	0	0	0	0.018500	0.000522	0.018500	0.000522	1.203957	0.033971
49	G	45	74231	67314	0.000669	24	0	74033	0	0	0	nan	0	0	0	0	0	0	nan	0	0	0	0.000669	0.000100	0.000669	0.000100	nan	nan
50	C	93	74230	65274	0.001425	24	0	74028	0	0	0	nan	0	0	0	0	0	0	nan	0	0	0	0.001425	0.000148	0.001425	0.000148	0.114059	0.011846
51	C	79	74230	65010	0.001215	24	0	74023	0	0	0	nan	0	0	0	0	0	0	nan	0	0	0	0.001215	0.000137	0.001215	0.000137	0.097251	0.010966
52	G	32	74230	63098	0.000507	24	0	74017	0	0	0	nan	0	0	0	0	0	0	nan	0	0	0	0.000507	0.000090	0.000507	0.000090	nan	nan
53	U	202	74229	66608	0.003033	24	0	74011	0	0	0	nan	0	0	0	0	0	0	nan	0	0	0	0.003033	0.000213	0.003033	0.000213	1.329971	0.093401
54	U	110	74228	65574	0.001677	24	0	73996	0	0	0	nan	0	0	0	0	0	0	nan	0	0	0	0.001677	0.000160	0.001677	0.000160	0.735365	0.070160
55	C	150	74227	67685	0.002216	24	0	73986	0	0	0	nan	0	0	0	0	0	0	nan	0	0	0	0.002216	0.000181	0.002216	0.000181	0.177372	0.014488
56	A	199	74226	68032	0.002925	24	0	73972	0	0	0	nan	0	0	0	0	0	0	nan	0	0	0	0.002925	0.000207	0.002925	0.000207	0.190355	0.013471
57	G	60	74228	69121	0.000868	24	0	73972	0	0	0	nan	0	0	0	0	0	0	nan	0	0	0	0.000868	0.000112	0.000868	0.000112	nan	nan
58	U	59	74227	68560	0.000861	24	0	73968	0	0	0	nan	0	0	0	0	0	0	nan	0	0	0	0.000861	0.000112	0.000861	0.000112	0.377549	0.049112
59	A	306	74227	68299	0.004480	24	0	73966	0	0	0	nan	0	0	0	0	0	0	nan	0	0	0	0.004480	0.000256	0.004480	0.000256	0.291553	0.016660
60	C	123	74227	68754	0.001789	24	0	73965	0	0	0	nan	0	0	0	0	0	0	nan	0	0	0	0.001789	0.000161	0.001789	0.000161	0.143194	0.012887
61	C	117	74226	69037	0.001695	24	0	73961	0	0	0	nan	0	0	0	0	0	0	nan	0	0	0	0.001695	0.000157	0.001695	0.000157	0.135671	0.012567
62	A	1031	74224	67453	0.015285	24	0	73952	0	0	0	nan	0	0	0	0	0	0	nan	0	0	0	0.015285	0.000476	0.015285	0.000476	0.994729	0.030977
63	A	986	74224	67436	0.014621	24	0	73950	0	0	0	nan	0	0	0	0	0	0	nan	0	0	0	0.014621	0.000466	0.014621	0.000466	0.951516	0.030327
64	G	45	74224	68693	0.000655	23	0	73947	0	0	0	nan	0	0	0	0	0	0	nan	0	0	0	0.000655	0.000098	0.000655	0.000098	nan	nan
65	U	69	74226	63861	0.001080	23	0	73943	0	0	0	nan	0	0	0	0	0	0	nan	0	0	0	0.001080	0.000130	0.001080	0.000130	0.473580	0.057005
66	C	62	74231	64363	0.000963	23	0	73947	0	0	0	nan	0	0	0	0	0	0	nan	0	0	0	0.000963	0.000122	0.000963	0.000122	0.077080	0.009765
67	U	84	74961	64646	0.001299	23	0	74901	0	0	0	nan	0	0	0	0	0	0	nan	0	0	0	0.001299	0.000142	0.001299	0.000142	0.569612	0.062267
68	C	111	74978	72177	0.001538	23	0	74916	0	0	0	nan	0	0	0	0	0	0	nan	0	0	0	0.001538	0.000146	0.001538	0.000146	0.123104	0.011686
69	A	182	74980	71099	0.002560	23	0	74917	0	0	0	nan	0	0	0	0	0	0	nan	0	0	0	0.002560	0.000190	0.002560	0.000190	0.166602	0.012365
70	G	49	74980	70121	0.000699	23	0	74917	0	0	0	nan	0	0	0	0	0	0	nan	0	0	0	0.000699	0.000100	0.000699	0.000100	nan	nan
71	G	49	74980	70098	0.000699	23	0	74917	0	0	0	nan	0	0	0	0	0	0	nan	0	0	0	0.000699	0.000100	0.000699	0.000100	nan	nan
72	G	39	74981	71038	0.000549	23	0	74919	0	0	0	nan	0	0	0	0	0	0	nan	0	0	0	0.000549	0.000088	0.000549	0.000088	nan	nan
73	G	31	74982	73607	0.000421	23	0	74920	0	0	0	nan	0	0	0	0	0	0	nan	0	0	0	0.000421	0.000076	0.000421	0.000076	nan	nan
74	A	596	74985	73695	0.008087	23	0	74925	0	0	0	nan	0	0	0	0	0	0	nan	0	0	0	0.008087	0.000331	0.008087	0.000331	0.526292	0.021541
75	A	709	74986	74106	0.009567	23	0	74926	0	0	0	nan	0	0	0	0	0	0	nan	0	0	0	0.009567	0.000359	0.009567	0.000359	0.622608	0.023363
76	A	977	74988	74000	0.013203	23	0	74928	0	0	0	nan	0	0	0	0	0	0	nan	0	0	0	0.013203	0.000422	0.013203	0.000422	0.859235	0.027463
77	C	74	74988	74025	0.001000	23	0	74927	0	0	0	nan	0	0	0	0	0	0	nan	0	0	0	0.001000	0.000116	0.001000	0.000116	0.080042	0.009285
78	U	83	74987	73807	0.001125	23	0	74927	0	0	0	nan	0	0	0	0	0	0	nan	0	0	0	0.001125	0.000123	0.001125	0.000123	0.493313	0.053936
79	U	137	74987	73830	0.001856	23	0	74926	0	0	0	nan	0	0	0	0	0	0	nan	0	0	0	0.001856	0.000159	0.001856	0.000159	0.813857	0.069722
80	U	89	74984	72563	0.001227	23	0	74913	0	0	0	nan	0	0	0	0	0	0	nan	0	0	0	0.001227	0.000130	0.001227	0.000130	0.538040	0.057005
81	G	33	74985	72402	0.000456	23	0	74907	0	0	0	nan	0	0	0	0	0	0	nan	0	0	0	0.000456	0.000079	0.000456	0.000079	nan	nan
82	A	125	74984	72558	0.001723	23	0	74902	0	0	0	nan	0	0	0	0	0	0	nan	0	0	0	0.001723	0.000154	0.001723	0.000154	0.112131	0.010022
83	G	35	74986	73764	0.000474	23	0	74902	0	0	0	nan	0	0	0	0	0	0	nan	0	0	0	0.000474	0.000080	0.000474	0.000080	nan	nan
84	A	130	74984	74082	0.001755	23	0	74896	0	0	0	nan	0	0	0	0	0	0	nan	0	0	0	0.001755	0.000154	0.001755	0.000154	0.114213	0.010022
85	U	84	74982	74049	0.001134	23	0	74893	0	0	0	nan	0	0	0	0	0	0	nan	0	0	0	0.001134	0.000124	0.001134	0.000124	0.497259	0.054374
86	G	34	74978	74037	0.000459	23	0	74887	0	0	0	nan	0	0	0	0	0	0	nan	0	0	0	0.000459	0.000079	0.000459	0.000079	nan	nan
87	G	43	74977	73919	0.000582	23	0	74884	0	0	0	nan	0	0	0	0	0	0	nan	0	0	0	0.000582	0.000089	0.000582	0.000089	nan	nan
88	C	111	74977	66673	0.001665	23	0	74883	0	0	0	nan	0	0	0	0	0	0	nan	0	0	0	0.001665	0.000158	0.001665	0.000158	0.133269	0.012647
89	C	103	74977	66579	0.001547	23	0	74882	0	0	0	nan	0	0	0	0	0	0	nan	0	0	0	0.001547	0.000152	0.001547	0.000152	0.123824	0.012166
90	U	93	74977	66418	0.001400	23	0	74882	0	0	0	nan	0	0	0	0	0	0	nan	0	0	0	0.001400	0.000145	0.001400	0.000145	0.613900	0.063583
91	U	96	74977	73913	0.001299	23	0	74884	0	0	0	nan	0	0	0	0	0	0	nan	0	0	0	0.001299	0.000133	0.001299	0.000133	0.569612	0.058321
92	G	52	74979	73725	0.000705	23	0	74886	0	0	0	nan	0	0	0	0	0	0	nan	0	0	0	0.000705	0.000098	0.000705	0.000098	nan	nan
93	C	1286	74979	73909	0.017400	23	0	74886	0	0	0	nan	0	0	0	0	0	0	nan	0	0	0	0.017400	0.000485	0.017400	0.000485	1.392724	0.038820
94	A	436	74980	73833	0.005905	23	0	74886	0	0	0	nan	0	0	0	0	0	0	nan	0	0	0	0.005905	0.000283	0.005905	0.000283	0.384290	0.018417
95	A	645	74979	73866	0.008732	23	0	74885	0	0	0	nan	0	0	0	0	0	0	nan	0	0	0	0.008732	0.000344	0.008732	0.000344	0.568268	0.022387
96	A	206	74980	74085	0.002781	23	0	74886	0	0	0	nan	0	0	0	0	0	0	nan	0	0	0	0.002781	0.000194	0.002781	0.000194	0.180984	0.012625
97	G	23	74981	74052	0.000311	23	0	74887	0	0	0	nan	0	0	0	0	0	0	nan	0	0	0	0.000311	0.000065	0.000311	0.000065	nan	nan
98	G	25	74981	74157	0.000337	23	0	74887	0	0	0	nan	0	0	0	0	0	0	nan	0	0	0	0.000337	0.000067	0.000337	0.000067	nan	nan
99	G	53	74983	73799	0.000718	23	0	74889	0	0	0	nan	0	0	0	0	0	0	nan	0	0	0	0.000718	0.000099	0.000718	0.000099	nan	nan
100	U	59	74983	74243	0.000795	23	0	74889	0	0	0	nan	0	0	0	0	0	0	nan	0	0	0	0.000795	0.000103	0.000795	0.000103	0.348608	0.045166
101	A	800	74983	74156	0.010788	23	0	74891	0	0	0	nan	0	0	0	0	0	0	nan	0	0	0	0.010788	0.000381	0.010788	0.000381	0.702070	0.024795
102	U	124	74984	74215	0.001671	23	0	74892	0	0	0	nan	0	0	0	0	0	0	nan	0	0	0	0.001671	0.000150	0.001671	0.000150	0.732734	0.065775
103	G	36	74984	73688	0.000489	23	0	74894	0	0	0	nan	0	0	0	0	0	0	nan	0	0	0	0.000489	0.000081	0.000489	0.000081	nan	nan
104	G	32	74984	73419	0.000436	23	0	74894	0	0	0	nan	0	0	0	0	0	0	nan	0	0	0	0.000436	0.000077	0.000436	0.000077	nan	nan
105	U	70	74983	73702	0.000950	23	0	74893	0	0	0	nan	0	0	0	0	0	0	nan	0	0	0	0.000950	0.000114	0.000950	0.000114	0.416575	0.049989
106	A	1132	74981	73938	0.015310	23	0	74890	0	0	0	nan	0	0	0	0	0	0	nan	0	0	0	0.015310	0.000455	0.015310	0.000455	0.996356	0.029611
107	A	669	74980	73885	0.009055	23	0	74887	0	0	0	nan	0	0	0	0	0	0	nan	0	0	0	0.009055	0.000350	0.009055	0.000350	0.589288	0.022778
108	U	131	74980	73666	0.001778	23	0	74888	0	0	0	nan	0	0	0	0	0	0	nan	0	0	0	0.001778	0.000155	0.001778	0.000155	0.779654	0.067968
109	A	765	74981	73633	0.010389	23	0	74888	0	0	0	nan	0	0	0	0	0	0	nan	0	0	0	0.010389	0.000376	0.010389	0.000376	0.676103	0.024470
110	A	766	74981	73913	0.010364	23	0	74889	0	0	0	nan	0	0	0	0	0	0	nan	0	0	0	0.010364	0.000374	0.010364	0.000374	0.674476	0.024339
111	G	39	74981	73882	0.000528	23	0	74890	0	0	0	nan	0	0	0	0	0	0	nan	0	0	0	0.000528	0.000085	0.000528	0.000085	nan	nan
112	C	99	74982	74341	0.001332	23	0	74891	0	0	0	nan	0	0	0	0	0	0	nan	0	0	0	0.001332	0.000134	0.001332	0.000134	0.106615	0.010726
113	U	78	74982	74265	0.001050	23	0	74892	0	0	0	nan	0	0	0	0	0	0	nan	0	0	0	0.001050	0.000119	0.001050	0.000119	0.460425	0.052182
114	G	30	74980	74052	0.000405	23	0	74890	0	0	0	nan	0	0	0	0	0	0	nan	0	0	0	0.000405	0.000074	0.000405	0.000074	nan	nan
115	A	143	74981	74013	0.001932	23	0	74891	0	0	0	nan	0	0	0	0	0	0	nan	0	0	0	0.001932	0.000162	0.001932	0.000162	0.125732	0.010543
116	C	102	74981	73998	0.001378	23	0	74891	0	0	0	nan	0	0	0	0	0	0	nan	0	0	0	0.001378	0.000136	0.001378	0.000136	0.110297	0.010886
117	G	41	74981	73506	0.000558	23	0	74891	0	0	0	nan	0	0	0	0	0	0	nan	0	0	0	0.000558	0.000087	0.000558	0.000087	nan	nan
118	G	42	74981	73722	0.000570	23	0	74891	0	0	0	nan	0	0	0	0	0	0	nan	0	0	0	0.000570	0.000088	0.000570	0.000088	nan	nan
119	A	492	74981	73791	0.006667	23	0	74890	0	0	0	nan	0	0	0	0	0	0	nan	0	0	0	0.006667	0.000301	0.006667	0.000301	0.433880	0.019589
120	C	854	74982	74178	0.011513	23	0	74893	0	0	0	nan	0	0	0	0	0	0	nan	0	0	0	0.011513	0.000394	0.011513	0.000394	0.921519	0.031536
121	A	920	74982	74146	0.012408	23	0	74892	0	0	0	nan	0	0	0	0	0	0	nan	0	0	0	0.012408	0.000409	0.012408	0.000409	0.807497	0.026617
122	U	98	74983	74186	0.001321	23	0	74895	0	0	0	nan	0	0	0	0	0	0	nan	0	0	0	0.001321	0.000133	0.001321	0.000133	0.579259	0.058321
123	G	26	74981	74037	0.000351	23	0	74893	0	0	0	nan	0	0	0	0	0	0	nan	0	0	0	0.000351	0.000069	0.000351	0.000069	nan	nan
124	G	30	74981	73860	0.000406	23	0	74893	0	0	0	nan	0	0	0	0	0	0	nan	0	0	0	0.000406	0.000074	0.000406	0.000074	nan	nan
125	U	106	74981	72553	0.001461	23	0	74893	0	0	0	nan	0	0	0	0	0	0	nan	0	0	0	0.001461	0.000142	0.001461	0.000142	0.640649	0.062267
126	C	57	74982	72550	0.000786	23	0	74894	0	0	0	nan	0	0	0	0	0	0	nan	0	0	0	0.000786	0.000104	0.000786	0.000104	0.062913	0.008324
127	C	56	74982	72561	0.000772	23	0	74894	0	0	0	nan	0	0	0	0	0	0	nan	0	0	0	0.000772	0.000103	0.000772	0.000103	0.061792	0.008244
128	U	120	74979	73691	0.001628	23	0	74890	0	0	0	nan	0	0	0	0	0	0	nan	0	0	0	0.001628	0.000149	0.001628	0.000149	0.713879	0.065337
129	A	910	74697	73120	0.012445	23	0	74489	0	0	0	nan	0	0	0	0	0	0	nan	0	0	0	0.012445	0.000413	0.012445	0.000413	0.809905	0.026878
130	A	1517	74690	72956	0.020793	23	0	74483	0	0	0	nan	0	0	0	0	0	0	nan	0	0	0	0.020793	0.000534	0.020793	0.000534	1.353182	0.034752
131	C	308	74687	72904	0.004225	24	0	74480	0	0	0	nan	0	0	0	0	0	0	nan	0	0	0	0.004225	0.000241	0.004225	0.000241	0.338176	0.019290
132	C	64	74687	72840	0.000879	24	0	74482	0	0	0	nan	0	0	0	0	0	0	nan	0	0	0	0.000879	0.000110	0.000879	0.000110	0.070357	0.008805
133	A	469	74687	72855	0.006437	24	0	74486	0	0	0	nan	0	0	0	0	0	0	nan	0	0	0	0.006437	0.000297	0.006437	0.000297	0.418912	0.019328
134	C	148	74688	72770	0.002034	5	0	74488	0	0	0	nan	0	0	0	0	0	0	nan	0	0	0	0.002034	0.000167	0.002034	0.000167	0.162805	0.013367
135	G	55	74688	72150	0.000762	5	0	74490	0	0	0	nan	0	0	0	0	0	0	nan	0	0	0	0.000762	0.000103	0.000762	0.000103	nan	nan
136	C	69	74690	72388	0.000953	4	0	74493	0	0	0	nan	0	0	0	0	0	0	nan	0	0	0	0.000953	0.000115	0.000953	0.000115	0.076280	0.009205
137	A	219	74692	72441	0.003023	4	0	74500	0	0	0	nan	0	0	0	0	0	0	nan	0	0	0	0.003023	0.000204	0.003023	0.000204	0.196733	0.013276
138	G	38	74691	72234	0.000526	4	0	74500	0	0	0	nan	0	0	0	0	0	0	nan	0	0	0	0.000526	0.000085	0.000526	0.000085	nan	nan
139	C	386	74691	72578	0.005318	4	0	74501	0	0	0	nan	0	0	0	0	0	0	nan	0	0	0	0.005318	0.000271	0.005318	0.000271	0.425661	0.021691
140	C	305	74691	72375	0.004214	4	0	74503	0	0	0	nan	0	0	0	0	0	0	nan	0	0	0	0.004214	0.000241	0.004214	0.000241	0.337295	0.019290
141	A	608	74691	72153	0.008427	4	0	74506	0	0	0	nan	0	0	0	0	0	0	nan	0	0	0	0.008427	0.000342	0.008427	0.000342	0.548419	0.022257
142	A	353	74691	71872	0.004912	4	0	74511	0	0	0	nan	0	0	0	0	0	0	nan	0	0	0	0.004912	0.000261	0.004912	0.000261	0.319667	0.016986
143	G	45	74692	71364	0.000631	2	0	74514	0	0	0	nan	0	0	0	0	0	0	nan	0	0	0	0.000631	0.000094	0.000631	0.000094	nan	nan
144	U	102	74692	71712	0.001422	2	0	74519	0	0	0	nan	0	0	0	0	0	0	nan	0	0	0	0.001422	0.000141	0.001422	0.000141	0.623547	0.061829
145	C	148	74693	72042	0.002054	2	0	74521	0	0	0	nan	0	0	0	0	0	0	nan	0	0	0	0.002054	0.000169	0.002054	0.000169	0.164405	0.013527
146	C	104	74694	70934	0.001466	2	0	74524	0	0	0	nan	0	0	0	0	0	0	nan	0	0	0	0.001466	0.000144	0.001466	0.000144	0.117341	0.011526
147	U	94	74695	70823	0.001327	2	0	74525	0	0	0	nan	0	0	0	0	0	0	nan	0	0	0	0.001327	0.000137	0.001327	0.000137	0.581890	0.060075
148	A	401	74695	70426	0.005694	2	0	74528	0	0	0	nan	0	0	0	0	0	0	nan	0	0	0	0.005694	0.000284	0.005694	0.000284	0.370558	0.018482
149	A	507	74696	70761	0.007165	2	0	74531	0	0	0	nan	0	0	0	0	0	0	nan	0	0	0	0.007165	0.000318	0.007165	0.000318	0.466289	0.020695
150	G	42	74696	69733	0.000602	2	0	74534	0	0	0	nan	0	0	0	0	0	0	nan	0	0	0	0.000602	0.000093	0.000602	0.000093	nan	nan
151	U	138	74696	70508	0.001957	2	0	74536	0	0	0	nan	0	0	0	0	0	0	nan	0	0	0	0.001957	0.000167	0.001957	0.000167	0.858145	0.073230
152	C	194	74697	71732	0.002705	2	0	74540	0	0	0	nan	0	0	0	0	0	0	nan	0	0	0	0.002705	0.000194	0.002705	0.000194	0.216513	0.015528
153	A	265	74698	72226	0.003669	2	0	74545	0	0	0	nan	0	0	0	0	0	0	nan	0	0	0	0.003669	0.000225	0.003669	0.000225	0.238774	0.014643
154	A	223	74698	71979	0.003098	2	0	74545	0	0	0	nan	0	0	0	0	0	0	nan	0	0	0	0.003098	0.000207	0.003098	0.000207	0.201614	0.013471
155	C	186	74698	71793	0.002591	1	0	74549	0	0	0	nan	0	0	0	0	0	0	nan	0	0	0	0.002591	0.000190	0.002591	0.000190	0.207388	0.015208
156	A	142	74698	71907	0.001975	1	0	74552	0	0	0	nan	0	0	0	0	0	0	nan	0	0	0	0.001975	0.000166	0.001975	0.000166	0.128531	0.010803
157	G	48	74701	71211	0.000674	1	0	74557	0	0	0	nan	0	0	0	0	0	0	nan	0	0	0	0.000674	0.000097	0.000674	0.000097	nan	nan
158	A	598	74701	69921	0.008553	1	0	74557	0	0	0	nan	0	0	0	0	0	0	nan	0	0	0	0.008553	0.000350	0.008553	0.000350	0.556619	0.022778
159	U	171	74701	70023	0.002442	1	0	74560	0	0	0	nan	0	0	0	0	0	0	nan	0	0	0	0.002442	0.000187	0.002442	0.000187	1.070818	0.082000
160	C	936	74702	69467	0.013474	1	0	74562	0	0	0	nan	0	0	0	0	0	0	nan	0	0	0	0.013474	0.000440	0.013474	0.000440	1.078481	0.035218
161	U	147	74702	69368	0.002119	1	0	74566	0	0	0	nan	0	0	0	0	0	0	nan	0	0	0	0.002119	0.000175	0.002119	0.000175	0.929182	0.076738
162	U	136	74702	69484	0.001957	1	0	74575	0	0	0	nan	0	0	0	0	0	0	nan	0	0	0	0.001957	0.000168	0.001957	0.000168	0.858145	0.073668
163	C	67	74705	70304	0.000953	1	0	74586	0	0	0	nan	0	0	0	0	0	0	nan	0	0	0	0.000953	0.000116	0.000953	0.000116	0.076280	0.009285
164	U	81	74708	70386	0.001151	1	0	74592	0	0	0	nan	0	0	0	0	0	0	nan	0	0	0	0.001151	0.000128	0.001151	0.000128	0.504714	0.056128
165	G	55	74710	67261	0.000818	1	0	74598	0	0	0	nan	0	0	0	0	0	0	nan	0	0	0	0.000818	0.000110	0.000818	0.000110	nan	nan
166	U	122	74715	67686	0.001802	1	0	74606	0	0	0	nan	0	0	0	0	0	0	nan	0	0	0	0.001802	0.000163	0.001802	0.000163	0.790178	0.071476
167	U	57	74716	69568	0.000819	1	0	74612	0	0	0	nan	0	0	0	0	0	0	nan	0	0	0	0.000819	0.000109	0.000819	0.000109	0.359132	0.047797
168	G	44	74717	72433	0.000607	1	0	74618	0	0	0	nan	0	0	0	0	0	0	nan	0	0	0	0.000607	0.000092	0.000607	0.000092	nan	nan
169	A	105	74717	72074	0.001457	1	0	74623	0	0	0	nan	0	0	0	0	0	0	nan	0	0	0	0.001457	0.000142	0.001457	0.000142	0.094820	0.009241
170	U	55	74718	71627	0.000768	1	0	74626	0	0	0	nan	0	0	0	0	0	0	nan	0	0	0	0.000768	0.000104	0.000768	0.000104	0.336768	0.045604
171	A	685	74721	70334	0.009739	1	0	74639	0	0	0	nan	0	0	0	0	0	0	nan	0	0	0	0.009739	0.000372	0.009739	0.000372	0.633802	0.024209
172	U	90	74722	71215	0.001264	1	0	74641	0	0	0	nan	0	0	0	0	0	0	nan	0	0	0	0.001264	0.000133	0.001264	0.000133	0.554264	0.058321
173	G	25	74725	71711	0.000349	1	0	74647	0	0	0	nan	0	0	0	0	0	0	nan	0	0	0	0.000349	0.000070	0.000349	0.000070	nan	nan
174	G	52	74725	72779	0.000714	1	0	74653	0	0	0	nan	0	0	0	0	0	0	nan	0	0	0	0.000714	0.000099	0.000714	0.000099	nan	nan
175	A	165	74727	68460	0.002410	1	0	74657	0	0	0	nan	0	0	0	0	0	0	nan	0	0	0	0.002410	0.000188	0.002410	0.000188	0.156840	0.012235
176	U	55	74727	68460	0.000803	1	0	74659	0	0	0	nan	0	0	0	0	0	0	nan	0	0	0	0.000803	0.000108	0.000803	0.000108	0.352116	0.047358
177	G	53	74729	68258	0.000776	1	0	74661	0	0	0	nan	0	0	0	0	0	0	nan	0	0	0	0.000776	0.000107	0.000776	0.000107	nan	nan
178	C	678	74729	72096	0.009404	1	0	74664	0	0	0	nan	0	0	0	0	0	0	nan	0	0	0	0.009404	0.000361	0.009404	0.000361	0.752711	0.028895
179	A	333	74731	71957	0.004628	1	0	74670	0	0	0	nan	0	0	0	0	0	0	nan	0	0	0	0.004628	0.000254	0.004628	0.000254	0.301184	0.016530
180	G	68	74732	69099	0.000984	1	0	74675	0	0	0	nan	0	0	0	0	0	0	nan	0	0	0	0.000984	0.000119	0.000984	0.000119	nan	nan
181	U	110	74733	67176	0.001637	1	0	74678	0	0	0	nan	0	0	0	0	0	0	nan	0	0	0	0.001637	0.000156	0.001637	0.000156	0.717825	0.068406
182	U	87	74735	66527	0.001308	1	0	74688	0	0	0	nan	0	0	0	0	0	0	nan	0	0	0	0.001308	0.000140	0.001308	0.000140	0.573558	0.061390
183	C	207	74737	69276	0.002988	1	0	74698	0	0	0	nan	0	0	0	0	0	0	nan	0	0	0	0.002988	0.000208	0.002988	0.000208	0.239164	0.016649
184	A	304	74739	71746	0.004237	1	0	74704	0	0	0	nan	0	0	0	0	0	0	nan	0	0	0	0.004237	0.000243	0.004237	0.000243	0.275739	0.015814
185	A	704	74743	71788	0.009807	1	0	74716	0	0	0	nan	0	0	0	0	0	0	nan	0	0	0	0.009807	0.000370	0.009807	0.000370	0.638227	0.024079
186	C	255	74743	71073	0.003588	1	0	74722	0	0	0	nan	0	0	0	0	0	0	nan	0	0	0	0.003588	0.000225	0.003588	0.000225	0.287189	0.018009
187	C	110	74744	70986	0.001550	1	0	74725	0	0	0	nan	0	0	0	0	0	0	nan	0	0	0	0.001550	0.000148	0.001550	0.000148	0.124065	0.011846
188	A	130	74751	71215	0.001825	1	0	74740	0	0	0	nan	0	0	0	0	0	0	nan	0	0	0	0.001825	0.000160	0.001825	0.000160	0.118769	0.010413
189	A	147	74752	70883	0.002074	1	0	74749	0	0	0	nan	0	0	0	0	0	0	nan	0	0	0	0.002074	0.000171	0.002074	0.000171	0.134973	0.011128
190	A	0	74754	67968	0.000000	1	0	74754	0	0	0	nan	0	0	0	0	0	0	nan	0	0	0	0.000000	0.000000	0.000000	0.000000	0.000000	0.000000
191	U	0	74754	0	nan	1	0	74754	0	0	0	nan	0	0	0	0	0	0	nan	0	0	0	nan	nan	nan	nan	nan	nan
192	C	0	74754	0	nan	1	0	74754	0	0	0	nan	0	0	0	0	0	0	nan	0	0	0	nan	nan	nan	nan	nan	nan
193	A	0	74754	0	nan	1	0	74754	0	0	0	nan	0	0	0	0	0	0	nan	0	0	0	nan	nan	nan	nan	nan	nan
194	c	0	74754	0	nan	1	0	74754	0	0	0	nan	0	0	0	0	0	0	nan	0	0	0	nan	nan	nan	nan	nan	nan
195	c	0	74754	0	nan	1	0	74754	0	0	0	nan	0	0	0	0	0	0	nan	0	0	0	nan	nan	nan	nan	nan	nan
196	a	0	74754	0	nan	1	0	74754	0	0	0	nan	0	0	0	0	0	0	nan	0	0	0	nan	nan	nan	nan	nan	nan
197	a	0	74754	0	nan	1	0	74754	0	0	0	nan	0	0	0	0	0	0	nan	0	0	0	nan	nan	nan	nan	nan	nan
198	a	0	74754	0	nan	1	0	74754	0	0	0	nan	0	0	0	0	0	0	nan	0	0	0	nan	nan	nan	nan	nan	nan
199	c	0	74754	0	nan	1	0	74754	0	0	0	nan	0	0	0	0	0	0	nan	0	0	0	nan	nan	nan	nan	nan	nan
200	c	0	74754	0	nan	1	0	74754	0	0	0	nan	0	0	0	0	0	0	nan	0	0	0	nan	nan	nan	nan	nan	nan
201	a	0	74754	0	nan	1	0	74754	0	0	0	nan	0	0	0	0	0	0	nan	0	0	0	nan	nan	nan	nan	nan	nan
202	a	0	74754	0	nan	1	0	74754	0	0	0	nan	0	0	0	0	0	0	nan	0	0	0	nan	nan	nan	nan	nan	nan
203	a	0	74753	0	nan	1	0	74753	0	0	0	nan	0	0	0	0	0	0	nan	0	0	0	nan	nan	nan	nan	nan	nan
204	g	0	74753	0	nan	1	0	74753	0	0	0	nan	0	0	0	0	0	0	nan	0	0	0	nan	nan	nan	nan	nan	nan
205	a	0	74753	0	nan	1	0	74753	0	0	0	nan	0	0	0	0	0	0	nan	0	0	0	nan	nan	nan	nan	nan	nan
206	a	0	74753	0	nan	1	0	74753	0	0	0	nan	0	0	0	0	0	0	nan	0	0	0	nan	nan	nan	nan	nan	nan
207	a	0	74753	0	nan	1	0	74753	0	0	0	nan	0	0	0	0	0	0	nan	0	0	0	nan	nan	nan	nan	nan	nan
208	c	0	74753	0	nan	1	0	74753	0	0	0	nan	0	0	0	0	0	0	nan	0	0	0	nan	nan	nan	nan	nan	nan
209	a	0	74752	0	nan	1	0	74752	0	0	0	nan	0	0	0	0	0	0	nan	0	0	0	nan	nan	nan	nan	nan	nan
210	a	0	74738	0	nan	1	0	74738	0	0	0	nan	0	0	0	0	0	0	nan	0	0	0	nan	nan	nan	nan	nan	nan
211	c	0	74728	0	nan	1	0	74728	0	0	0	nan	0	0	0	0	0	0	nan	0	0	0	nan	nan	nan	nan	nan	nan
212	c	0	74695	0	nan	1	0	74695	0	0	0	nan	0	0	0	0	0	0	nan	0	0	0	nan	nan	nan	nan	nan	nan