Nucleotide	Sequence	Modified_mutations	Modified_read_depth	Modified_effective_depth	Modified_rate	Modified_off_target_mapped_depth	Modified_low_mapq_mapped_depth	Modified_primer_pair_1_mapped_depth	Untreated_mutations	Untreated_read_depth	Untreated_effective_depth	Untreated_rate	Untreated_off_target_mapped_depth	Untreated_low_mapq_mapped_depth	Untreated_primer_pair_1_mapped_depth	Denatured_mutations	Denatured_read_depth	Denatured_effective_depth	Denatured_rate	Denatured_off_target_mapped_depth	Denatured_low_mapq_mapped_depth	Denatured_primer_pair_1_mapped_depth	Reactivity_profile	Std_err	HQ_profile	HQ_stderr	Norm_profile	Norm_stderr
1	g	0	187918	0	nan	0	2	187918	0	0	0	nan	0	0	0	0	0	0	nan	0	0	0	nan	nan	nan	nan	nan	nan
2	g	0	188069	0	nan	0	2	188069	0	0	0	nan	0	0	0	0	0	0	nan	0	0	0	nan	nan	nan	nan	nan	nan
3	u	0	188139	0	nan	0	2	188139	0	0	0	nan	0	0	0	0	0	0	nan	0	0	0	nan	nan	nan	nan	nan	nan
4	g	0	188155	0	nan	0	2	188155	0	0	0	nan	0	0	0	0	0	0	nan	0	0	0	nan	nan	nan	nan	nan	nan
5	u	0	188176	0	nan	0	2	188176	0	0	0	nan	0	0	0	0	0	0	nan	0	0	0	nan	nan	nan	nan	nan	nan
6	a	0	188177	0	nan	0	2	188177	0	0	0	nan	0	0	0	0	0	0	nan	0	0	0	nan	nan	nan	nan	nan	nan
7	a	0	188177	0	nan	0	2	188177	0	0	0	nan	0	0	0	0	0	0	nan	0	0	0	nan	nan	nan	nan	nan	nan
8	g	0	188178	0	nan	0	2	188178	0	0	0	nan	0	0	0	0	0	0	nan	0	0	0	nan	nan	nan	nan	nan	nan
9	g	0	188181	0	nan	0	2	188181	0	0	0	nan	0	0	0	0	0	0	nan	0	0	0	nan	nan	nan	nan	nan	nan
10	g	0	189153	0	nan	0	2	189153	0	0	0	nan	0	0	0	0	0	0	nan	0	0	0	nan	nan	nan	nan	nan	nan
11	u	0	189168	0	nan	0	2	189168	0	0	0	nan	0	0	0	0	0	0	nan	0	0	0	nan	nan	nan	nan	nan	nan
12	g	0	189179	0	nan	0	2	189179	0	0	0	nan	0	0	0	0	0	0	nan	0	0	0	nan	nan	nan	nan	nan	nan
13	a	0	189179	0	nan	0	2	189179	0	0	0	nan	0	0	0	0	0	0	nan	0	0	0	nan	nan	nan	nan	nan	nan
14	a	0	189180	0	nan	0	2	189180	0	0	0	nan	0	0	0	0	0	0	nan	0	0	0	nan	nan	nan	nan	nan	nan
15	g	0	189180	0	nan	7	2	189180	0	0	0	nan	0	0	0	0	0	0	nan	0	0	0	nan	nan	nan	nan	nan	nan
16	u	0	189180	0	nan	7	2	189180	0	0	0	nan	0	0	0	0	0	0	nan	0	0	0	nan	nan	nan	nan	nan	nan
17	g	0	189182	0	nan	7	2	189182	0	0	0	nan	0	0	0	0	0	0	nan	0	0	0	nan	nan	nan	nan	nan	nan
18	u	0	189184	0	nan	7	2	189184	0	0	0	nan	0	0	0	0	0	0	nan	0	0	0	nan	nan	nan	nan	nan	nan
19	a	0	189187	0	nan	7	2	189187	0	0	0	nan	0	0	0	0	0	0	nan	0	0	0	nan	nan	nan	nan	nan	nan
20	A	0	189190	3	0.000000	7	2	189190	0	0	0	nan	0	0	0	0	0	0	nan	0	0	0	0.000000	0.000000	nan	nan	nan	nan
21	G	0	189192	5	0.000000	7	2	189192	0	0	0	nan	0	0	0	0	0	0	nan	0	0	0	0.000000	0.000000	nan	nan	nan	nan
22	G	0	189194	7	0.000000	7	2	189194	0	0	0	nan	0	0	0	0	0	0	nan	0	0	0	0.000000	0.000000	nan	nan	nan	nan
23	U	0	189201	189005	0.000000	7	2	189201	0	0	0	nan	0	0	0	0	0	0	nan	0	0	0	0.000000	0.000000	0.000000	0.000000	0.000000	0.000000
24	U	307	189207	188985	0.001624	7	2	189207	0	0	0	nan	0	0	0	0	0	0	nan	0	0	0	0.001624	0.000093	0.001624	0.000093	0.641897	0.036759
25	G	66	189208	188700	0.000350	7	2	189208	0	0	0	nan	0	0	0	0	0	0	nan	0	0	0	0.000350	0.000043	0.000350	0.000043	nan	nan
26	A	779	189208	188801	0.004126	7	2	189208	0	0	0	nan	0	0	0	0	0	0	nan	0	0	0	0.004126	0.000148	0.004126	0.000148	0.938100	0.033650
27	A	751	189208	188757	0.003979	7	2	189208	0	0	0	nan	0	0	0	0	0	0	nan	0	0	0	0.003979	0.000145	0.003979	0.000145	0.904678	0.032968
28	C	1037	189209	188687	0.005496	7	2	189209	0	0	0	nan	0	0	0	0	0	0	nan	0	0	0	0.005496	0.000171	0.005496	0.000171	0.921066	0.028658
29	U	292	189209	188757	0.001547	7	2	189209	0	0	0	nan	0	0	0	0	0	0	nan	0	0	0	0.001547	0.000091	0.001547	0.000091	0.611462	0.035968
30	U	363	189209	188894	0.001922	7	2	189209	0	0	0	nan	0	0	0	0	0	0	nan	0	0	0	0.001922	0.000101	0.001922	0.000101	0.759684	0.039921
31	U	478	189213	188949	0.002530	7	2	189210	0	0	0	nan	0	0	0	0	0	0	nan	0	0	0	0.002530	0.000116	0.002530	0.000116	1.000000	0.045850
32	U	260	189215	188925	0.001376	7	2	189201	0	0	0	nan	0	0	0	0	0	0	nan	0	0	0	0.001376	0.000085	0.001376	0.000085	0.543874	0.033597
33	G	121	189231	188595	0.000642	7	2	189207	0	0	0	nan	0	0	0	0	0	0	nan	0	0	0	0.000642	0.000058	0.000642	0.000058	nan	nan
34	A	811	189240	188782	0.004296	7	2	189210	0	0	0	nan	0	0	0	0	0	0	nan	0	0	0	0.004296	0.000151	0.004296	0.000151	0.976752	0.034332
35	A	753	189240	188730	0.003990	7	2	189209	0	0	0	nan	0	0	0	0	0	0	nan	0	0	0	0.003990	0.000145	0.003990	0.000145	0.907179	0.032968
36	U	221	189244	188729	0.001171	7	2	189213	0	0	0	nan	0	0	0	0	0	0	nan	0	0	0	0.001171	0.000079	0.001171	0.000079	0.462846	0.031225
37	A	811	189247	188722	0.004297	7	2	189217	0	0	0	nan	0	0	0	0	0	0	nan	0	0	0	0.004297	0.000151	0.004297	0.000151	0.976979	0.034332
38	G	91	189268	188290	0.000483	7	2	189253	0	0	0	nan	0	0	0	0	0	0	nan	0	0	0	0.000483	0.000051	0.000483	0.000051	nan	nan
39	U	336	189269	188879	0.001779	7	2	189254	0	0	0	nan	0	0	0	0	0	0	nan	0	0	0	0.001779	0.000097	0.001779	0.000097	0.703162	0.038340
40	G	105	189276	188534	0.000557	7	2	189263	0	0	0	nan	0	0	0	0	0	0	nan	0	0	0	0.000557	0.000054	0.000557	0.000054	nan	nan
41	A	1030	189279	188718	0.005458	7	2	189267	0	0	0	nan	0	0	0	0	0	0	nan	0	0	0	0.005458	0.000170	0.005458	0.000170	1.240948	0.038652
42	U	529	189282	188672	0.002804	7	2	189271	0	0	0	nan	0	0	0	0	0	0	nan	0	0	0	0.002804	0.000122	0.002804	0.000122	1.108300	0.048221
43	U	421	189284	188804	0.002230	7	2	189275	0	0	0	nan	0	0	0	0	0	0	nan	0	0	0	0.002230	0.000109	0.002230	0.000109	0.881423	0.043083
44	C	1156	189294	188775	0.006124	7	2	189288	0	0	0	nan	0	0	0	0	0	0	nan	0	0	0	0.006124	0.000180	0.006124	0.000180	1.026311	0.030166
45	A	979	189311	188857	0.005184	7	2	189305	0	0	0	nan	0	0	0	0	0	0	nan	0	0	0	0.005184	0.000166	0.005184	0.000166	1.178651	0.037742
46	G	82	189334	188495	0.000435	7	2	189327	0	0	0	nan	0	0	0	0	0	0	nan	0	0	0	0.000435	0.000048	0.000435	0.000048	nan	nan
47	G	65	189338	188631	0.000345	7	2	189332	0	0	0	nan	0	0	0	0	0	0	nan	0	0	0	0.000345	0.000043	0.000345	0.000043	nan	nan
48	A	837	189339	188866	0.004432	7	2	189333	0	0	0	nan	0	0	0	0	0	0	nan	0	0	0	0.004432	0.000153	0.004432	0.000153	1.007674	0.034787
49	G	78	189342	188636	0.000413	7	2	189336	0	0	0	nan	0	0	0	0	0	0	nan	0	0	0	0.000413	0.000047	0.000413	0.000047	nan	nan
50	G	126	189344	188633	0.000668	7	2	189340	0	0	0	nan	0	0	0	0	0	0	nan	0	0	0	0.000668	0.000060	0.000668	0.000060	nan	nan
51	U	383	189348	188840	0.002028	7	2	189344	0	0	0	nan	0	0	0	0	0	0	nan	0	0	0	0.002028	0.000104	0.002028	0.000104	0.801581	0.041107
52	U	267	189351	188713	0.001415	7	2	189348	0	0	0	nan	0	0	0	0	0	0	nan	0	0	0	0.001415	0.000087	0.001415	0.000087	0.559289	0.034387
53	A	776	189350	188431	0.004118	7	2	189346	0	0	0	nan	0	0	0	0	0	0	nan	0	0	0	0.004118	0.000148	0.004118	0.000148	0.936281	0.033650
54	A	705	189203	187984	0.003750	7	2	189186	0	0	0	nan	0	0	0	0	0	0	nan	0	0	0	0.003750	0.000141	0.003750	0.000141	0.852612	0.032058
55	U	373	189205	187824	0.001986	7	2	189194	0	0	0	nan	0	0	0	0	0	0	nan	0	0	0	0.001986	0.000103	0.001986	0.000103	0.784980	0.040711
56	G	141	189223	187636	0.000751	7	2	189214	0	0	0	nan	0	0	0	0	0	0	nan	0	0	0	0.000751	0.000063	0.000751	0.000063	nan	nan
57	G	0	189250	187790	0.000000	7	2	189247	0	0	0	nan	0	0	0	0	0	0	nan	0	0	0	0.000000	0.000000	0.000000	0.000000	nan	nan
58	A	0	189261	0	nan	7	2	189261	0	0	0	nan	0	0	0	0	0	0	nan	0	0	0	nan	nan	nan	nan	nan	nan
59	A	0	189261	0	nan	7	2	189261	0	0	0	nan	0	0	0	0	0	0	nan	0	0	0	nan	nan	nan	nan	nan	nan
60	G	0	189261	0	nan	7	2	189261	0	0	0	nan	0	0	0	0	0	0	nan	0	0	0	nan	nan	nan	nan	nan	nan
61	u	0	189261	0	nan	7	2	189261	0	0	0	nan	0	0	0	0	0	0	nan	0	0	0	nan	nan	nan	nan	nan	nan
62	a	0	189261	0	nan	7	2	189261	0	0	0	nan	0	0	0	0	0	0	nan	0	0	0	nan	nan	nan	nan	nan	nan
63	a	0	189261	0	nan	7	2	189261	0	0	0	nan	0	0	0	0	0	0	nan	0	0	0	nan	nan	nan	nan	nan	nan
64	a	0	189261	0	nan	7	2	189261	0	0	0	nan	0	0	0	0	0	0	nan	0	0	0	nan	nan	nan	nan	nan	nan
65	g	0	189261	0	nan	7	2	189261	0	0	0	nan	0	0	0	0	0	0	nan	0	0	0	nan	nan	nan	nan	nan	nan
66	g	0	189261	0	nan	7	2	189261	0	0	0	nan	0	0	0	0	0	0	nan	0	0	0	nan	nan	nan	nan	nan	nan
67	u	0	189261	0	nan	7	2	189261	0	0	0	nan	0	0	0	0	0	0	nan	0	0	0	nan	nan	nan	nan	nan	nan
68	a	0	189261	0	nan	7	2	189261	0	0	0	nan	0	0	0	0	0	0	nan	0	0	0	nan	nan	nan	nan	nan	nan
69	a	0	189261	0	nan	7	2	189261	0	0	0	nan	0	0	0	0	0	0	nan	0	0	0	nan	nan	nan	nan	nan	nan
70	u	0	189261	0	nan	7	2	189261	0	0	0	nan	0	0	0	0	0	0	nan	0	0	0	nan	nan	nan	nan	nan	nan
71	g	0	189260	0	nan	7	2	189260	0	0	0	nan	0	0	0	0	0	0	nan	0	0	0	nan	nan	nan	nan	nan	nan
72	a	0	189260	0	nan	7	2	189260	0	0	0	nan	0	0	0	0	0	0	nan	0	0	0	nan	nan	nan	nan	nan	nan
73	a	0	189260	0	nan	7	2	189260	0	0	0	nan	0	0	0	0	0	0	nan	0	0	0	nan	nan	nan	nan	nan	nan
74	g	0	189259	0	nan	7	2	189259	0	0	0	nan	0	0	0	0	0	0	nan	0	0	0	nan	nan	nan	nan	nan	nan
75	g	0	189258	0	nan	7	2	189258	0	0	0	nan	0	0	0	0	0	0	nan	0	0	0	nan	nan	nan	nan	nan	nan
76	u	0	189253	0	nan	7	2	189253	0	0	0	nan	0	0	0	0	0	0	nan	0	0	0	nan	nan	nan	nan	nan	nan
77	g	0	189247	0	nan	7	2	189247	0	0	0	nan	0	0	0	0	0	0	nan	0	0	0	nan	nan	nan	nan	nan	nan
78	a	0	189243	0	nan	7	2	189243	0	0	0	nan	0	0	0	0	0	0	nan	0	0	0	nan	nan	nan	nan	nan	nan
79	a	0	189217	0	nan	7	2	189217	0	0	0	nan	0	0	0	0	0	0	nan	0	0	0	nan	nan	nan	nan	nan	nan
80	g	0	189139	0	nan	7	2	189139	0	0	0	nan	0	0	0	0	0	0	nan	0	0	0	nan	nan	nan	nan	nan	nan