Nucleotide	Sequence	Modified_mutations	Modified_read_depth	Modified_effective_depth	Modified_rate	Modified_off_target_mapped_depth	Modified_low_mapq_mapped_depth	Modified_primer_pair_1_mapped_depth	Untreated_mutations	Untreated_read_depth	Untreated_effective_depth	Untreated_rate	Untreated_off_target_mapped_depth	Untreated_low_mapq_mapped_depth	Untreated_primer_pair_1_mapped_depth	Denatured_mutations	Denatured_read_depth	Denatured_effective_depth	Denatured_rate	Denatured_off_target_mapped_depth	Denatured_low_mapq_mapped_depth	Denatured_primer_pair_1_mapped_depth	Reactivity_profile	Std_err	HQ_profile	HQ_stderr	Norm_profile	Norm_stderr
1	g	0	5657076	0	nan	120	1597	5657076	0	0	0	nan	0	0	0	0	0	0	nan	0	0	0	nan	nan	nan	nan	nan	nan
2	g	0	5718620	0	nan	121	1618	5718620	0	0	0	nan	0	0	0	0	0	0	nan	0	0	0	nan	nan	nan	nan	nan	nan
3	u	0	5727853	0	nan	121	1633	5727853	0	0	0	nan	0	0	0	0	0	0	nan	0	0	0	nan	nan	nan	nan	nan	nan
4	g	0	5733644	0	nan	121	1675	5733644	0	0	0	nan	0	0	0	0	0	0	nan	0	0	0	nan	nan	nan	nan	nan	nan
5	u	0	5743284	0	nan	121	1695	5743284	0	0	0	nan	0	0	0	0	0	0	nan	0	0	0	nan	nan	nan	nan	nan	nan
6	a	0	5747581	0	nan	121	1770	5747581	0	0	0	nan	0	0	0	0	0	0	nan	0	0	0	nan	nan	nan	nan	nan	nan
7	a	0	5748560	0	nan	121	1775	5748560	0	0	0	nan	0	0	0	0	0	0	nan	0	0	0	nan	nan	nan	nan	nan	nan
8	g	0	5749187	0	nan	121	1776	5749187	0	0	0	nan	0	0	0	0	0	0	nan	0	0	0	nan	nan	nan	nan	nan	nan
9	g	0	5749831	0	nan	121	1782	5749831	0	0	0	nan	0	0	0	0	0	0	nan	0	0	0	nan	nan	nan	nan	nan	nan
10	g	0	5751216	0	nan	121	1832	5751216	0	0	0	nan	0	0	0	0	0	0	nan	0	0	0	nan	nan	nan	nan	nan	nan
11	u	0	5754260	0	nan	121	1838	5754260	0	0	0	nan	0	0	0	0	0	0	nan	0	0	0	nan	nan	nan	nan	nan	nan
12	g	0	5767136	0	nan	153	1974	5767136	0	0	0	nan	0	0	0	0	0	0	nan	0	0	0	nan	nan	nan	nan	nan	nan
13	a	0	5779212	0	nan	164	2010	5779212	0	0	0	nan	0	0	0	0	0	0	nan	0	0	0	nan	nan	nan	nan	nan	nan
14	a	0	5785757	0	nan	176	2014	5785757	0	0	0	nan	0	0	0	0	0	0	nan	0	0	0	nan	nan	nan	nan	nan	nan
15	g	0	5789242	0	nan	400	2021	5789242	0	0	0	nan	0	0	0	0	0	0	nan	0	0	0	nan	nan	nan	nan	nan	nan
16	u	0	5793358	0	nan	400	2023	5793358	0	0	0	nan	0	0	0	0	0	0	nan	0	0	0	nan	nan	nan	nan	nan	nan
17	g	0	5794843	0	nan	400	2050	5794843	0	0	0	nan	0	0	0	0	0	0	nan	0	0	0	nan	nan	nan	nan	nan	nan
18	u	0	5795858	0	nan	400	2064	5795858	0	0	0	nan	0	0	0	0	0	0	nan	0	0	0	nan	nan	nan	nan	nan	nan
19	a	0	5796919	0	nan	402	2175	5796919	0	0	0	nan	0	0	0	0	0	0	nan	0	0	0	nan	nan	nan	nan	nan	nan
20	A	0	5798069	458	0.000000	402	2175	5798069	0	0	0	nan	0	0	0	0	0	0	nan	0	0	0	0.000000	0.000000	nan	nan	nan	nan
21	G	0	5798823	543	0.000000	402	2175	5798823	0	0	0	nan	0	0	0	0	0	0	nan	0	0	0	0.000000	0.000000	nan	nan	nan	nan
22	G	0	5799340	532	0.000000	402	2175	5799340	0	0	0	nan	0	0	0	0	0	0	nan	0	0	0	0.000000	0.000000	nan	nan	nan	nan
23	U	0	5800500	5258650	0.000000	402	2175	5800500	0	0	0	nan	0	0	0	0	0	0	nan	0	0	0	0.000000	0.000000	0.000000	0.000000	0.000000	0.000000
24	U	7394	5801384	5302303	0.001394	402	2175	5801384	0	0	0	nan	0	0	0	0	0	0	nan	0	0	0	0.001394	0.000016	0.001394	0.000016	0.523863	0.006013
25	G	5912	5804774	5270937	0.001122	402	2175	5804774	0	0	0	nan	0	0	0	0	0	0	nan	0	0	0	0.001122	0.000015	0.001122	0.000015	0.513325	0.006863
26	A	20657	5809831	5386090	0.003835	402	2175	5809795	0	0	0	nan	0	0	0	0	0	0	nan	0	0	0	0.003835	0.000027	0.003835	0.000027	0.915274	0.006444
27	C	11718	5811700	5185461	0.002260	402	2175	5811638	0	0	0	nan	0	0	0	0	0	0	nan	0	0	0	0.002260	0.000021	0.002260	0.000021	0.902556	0.008387
28	C	14228	5812597	5177221	0.002748	402	2175	5812511	0	0	0	nan	0	0	0	0	0	0	nan	0	0	0	0.002748	0.000023	0.002748	0.000023	1.097444	0.009185
29	U	17873	5815054	5150404	0.003470	402	2175	5814956	0	0	0	nan	0	0	0	0	0	0	nan	0	0	0	0.003470	0.000026	0.003470	0.000026	1.304021	0.009771
30	U	4755	5819508	5232623	0.000909	402	2175	5819401	0	0	0	nan	0	0	0	0	0	0	nan	0	0	0	0.000909	0.000013	0.000909	0.000013	0.341601	0.004885
31	U	4193	5824373	5248307	0.000799	402	2175	5824244	0	0	0	nan	0	0	0	0	0	0	nan	0	0	0	0.000799	0.000012	0.000799	0.000012	0.300263	0.004510
32	U	8324	5829193	5305518	0.001569	402	2175	5829046	0	0	0	nan	0	0	0	0	0	0	nan	0	0	0	0.001569	0.000017	0.001569	0.000017	0.589628	0.006389
33	G	2148	5858267	5384892	0.000399	403	2175	5858120	0	0	0	nan	0	0	0	0	0	0	nan	0	0	0	0.000399	0.000009	0.000399	0.000009	0.182546	0.004118
34	A	19754	5868772	5674968	0.003481	403	2175	5868634	0	0	0	nan	0	0	0	0	0	0	nan	0	0	0	0.003481	0.000025	0.003481	0.000025	0.830788	0.005967
35	A	18989	5871299	5628459	0.003374	403	2175	5871145	0	0	0	nan	0	0	0	0	0	0	nan	0	0	0	0.003374	0.000024	0.003374	0.000024	0.805251	0.005728
36	U	2251	5872070	5567356	0.000404	403	2175	5871908	0	0	0	nan	0	0	0	0	0	0	nan	0	0	0	0.000404	0.000009	0.000404	0.000009	0.151823	0.003382
37	A	432284	5872564	5284575	0.081801	404	2175	5872381	0	0	0	nan	0	0	0	0	0	0	nan	0	0	0	0.081801	0.000124	0.081801	0.000124	19.522912	0.029594
38	G	12265	5873240	5257949	0.002333	410	2175	5873057	0	0	0	nan	0	0	0	0	0	0	nan	0	0	0	0.002333	0.000021	0.002333	0.000021	1.067368	0.009608
39	U	6017	5874034	5283363	0.001139	411	2175	5873838	0	0	0	nan	0	0	0	0	0	0	nan	0	0	0	0.001139	0.000015	0.001139	0.000015	0.428035	0.005637
40	G	7920	5874852	5476705	0.001446	413	2175	5874645	0	0	0	nan	0	0	0	0	0	0	nan	0	0	0	0.001446	0.000016	0.001446	0.000016	0.661558	0.007320
41	A	67157	5878765	5464786	0.012289	414	2175	5878555	0	0	0	nan	0	0	0	0	0	0	nan	0	0	0	0.012289	0.000047	0.012289	0.000047	2.932936	0.011217
42	U	10638	5879695	5441073	0.001955	414	2175	5879501	0	0	0	nan	0	0	0	0	0	0	nan	0	0	0	0.001955	0.000019	0.001955	0.000019	0.734686	0.007140
43	U	4265	5881981	5396338	0.000790	417	2175	5881784	0	0	0	nan	0	0	0	0	0	0	nan	0	0	0	0.000790	0.000012	0.000790	0.000012	0.296881	0.004510
44	C	9888	5885394	5403959	0.001830	417	2175	5885182	0	0	0	nan	0	0	0	0	0	0	nan	0	0	0	0.001830	0.000018	0.001830	0.000018	0.730831	0.007188
45	A	21718	5887773	5416684	0.004009	415	2175	5887547	0	0	0	nan	0	0	0	0	0	0	nan	0	0	0	0.004009	0.000027	0.004009	0.000027	0.956802	0.006444
46	G	3935	5889611	5306160	0.000742	416	2175	5889404	0	0	0	nan	0	0	0	0	0	0	nan	0	0	0	0.000742	0.000012	0.000742	0.000012	0.339472	0.005490
47	G	9348	5893347	5359243	0.001744	416	2175	5893143	0	0	0	nan	0	0	0	0	0	0	nan	0	0	0	0.001744	0.000018	0.001744	0.000018	0.797895	0.008235
48	A	8198	5899584	5264219	0.001557	419	2175	5899372	0	0	0	nan	0	0	0	0	0	0	nan	0	0	0	0.001557	0.000017	0.001557	0.000017	0.371599	0.004057
49	G	17229	5900768	5338674	0.003227	419	2175	5900577	0	0	0	nan	0	0	0	0	0	0	nan	0	0	0	0.003227	0.000025	0.003227	0.000025	1.476381	0.011438
50	G	4025	5909715	5206680	0.000773	420	2175	5909551	0	0	0	nan	0	0	0	0	0	0	nan	0	0	0	0.000773	0.000012	0.000773	0.000012	0.353654	0.005490
51	U	14158	5912680	5321225	0.002661	420	2175	5912532	0	0	0	nan	0	0	0	0	0	0	nan	0	0	0	0.002661	0.000022	0.002661	0.000022	1.000000	0.008268
52	U	13407	5917985	5319609	0.002520	421	2175	5917867	0	0	0	nan	0	0	0	0	0	0	nan	0	0	0	0.002520	0.000022	0.002520	0.000022	0.947012	0.008268
53	A	13340	5921770	5540132	0.002408	421	2175	5921660	0	0	0	nan	0	0	0	0	0	0	nan	0	0	0	0.002408	0.000021	0.002408	0.000021	0.574702	0.005012
54	A	23731	5923937	5663492	0.004190	421	2175	5923842	0	0	0	nan	0	0	0	0	0	0	nan	0	0	0	0.004190	0.000027	0.004190	0.000027	1.000000	0.006444
55	U	6232	5924636	5602562	0.001112	420	2175	5924560	0	0	0	nan	0	0	0	0	0	0	nan	0	0	0	0.001112	0.000014	0.001112	0.000014	0.417888	0.005261
56	G	5895	5925265	5417664	0.001088	418	2175	5925213	0	0	0	nan	0	0	0	0	0	0	nan	0	0	0	0.001088	0.000014	0.001088	0.000014	0.497770	0.006405
57	G	0	5926133	5430981	0.000000	418	2175	5926106	0	0	0	nan	0	0	0	0	0	0	nan	0	0	0	0.000000	0.000000	0.000000	0.000000	0.000000	0.000000
58	A	0	5927617	36	0.000000	418	2175	5927617	0	0	0	nan	0	0	0	0	0	0	nan	0	0	0	0.000000	0.000000	nan	nan	nan	nan
59	A	0	5927574	23	0.000000	418	2175	5927574	0	0	0	nan	0	0	0	0	0	0	nan	0	0	0	0.000000	0.000000	nan	nan	nan	nan
60	G	0	5927548	8	0.000000	418	2175	5927548	0	0	0	nan	0	0	0	0	0	0	nan	0	0	0	0.000000	0.000000	nan	nan	nan	nan
61	u	0	5927517	0	nan	418	2175	5927517	0	0	0	nan	0	0	0	0	0	0	nan	0	0	0	nan	nan	nan	nan	nan	nan
62	a	0	5927436	0	nan	414	2170	5927436	0	0	0	nan	0	0	0	0	0	0	nan	0	0	0	nan	nan	nan	nan	nan	nan
63	a	0	5927401	0	nan	409	2166	5927401	0	0	0	nan	0	0	0	0	0	0	nan	0	0	0	nan	nan	nan	nan	nan	nan
64	a	0	5927381	0	nan	400	2161	5927381	0	0	0	nan	0	0	0	0	0	0	nan	0	0	0	nan	nan	nan	nan	nan	nan
65	g	0	5927370	0	nan	358	1784	5927370	0	0	0	nan	0	0	0	0	0	0	nan	0	0	0	nan	nan	nan	nan	nan	nan
66	g	0	5927351	0	nan	318	1750	5927351	0	0	0	nan	0	0	0	0	0	0	nan	0	0	0	nan	nan	nan	nan	nan	nan
67	u	0	5927310	0	nan	303	1730	5927310	0	0	0	nan	0	0	0	0	0	0	nan	0	0	0	nan	nan	nan	nan	nan	nan
68	a	0	5927290	0	nan	294	1603	5927290	0	0	0	nan	0	0	0	0	0	0	nan	0	0	0	nan	nan	nan	nan	nan	nan
69	a	0	5927269	0	nan	292	1602	5927269	0	0	0	nan	0	0	0	0	0	0	nan	0	0	0	nan	nan	nan	nan	nan	nan
70	u	0	5927251	0	nan	290	1563	5927251	0	0	0	nan	0	0	0	0	0	0	nan	0	0	0	nan	nan	nan	nan	nan	nan
71	g	0	5927195	0	nan	287	1556	5927195	0	0	0	nan	0	0	0	0	0	0	nan	0	0	0	nan	nan	nan	nan	nan	nan
72	a	0	5927145	0	nan	285	1549	5927145	0	0	0	nan	0	0	0	0	0	0	nan	0	0	0	nan	nan	nan	nan	nan	nan
73	a	0	5927113	0	nan	285	1546	5927113	0	0	0	nan	0	0	0	0	0	0	nan	0	0	0	nan	nan	nan	nan	nan	nan
74	g	0	5927098	0	nan	284	1544	5927098	0	0	0	nan	0	0	0	0	0	0	nan	0	0	0	nan	nan	nan	nan	nan	nan
75	g	0	5927057	0	nan	284	1539	5927057	0	0	0	nan	0	0	0	0	0	0	nan	0	0	0	nan	nan	nan	nan	nan	nan
76	u	0	5926917	0	nan	284	1537	5926917	0	0	0	nan	0	0	0	0	0	0	nan	0	0	0	nan	nan	nan	nan	nan	nan
77	g	0	5926824	0	nan	284	1522	5926824	0	0	0	nan	0	0	0	0	0	0	nan	0	0	0	nan	nan	nan	nan	nan	nan
78	a	0	5926718	0	nan	284	1520	5926718	0	0	0	nan	0	0	0	0	0	0	nan	0	0	0	nan	nan	nan	nan	nan	nan
79	a	0	5921831	0	nan	279	1513	5921831	0	0	0	nan	0	0	0	0	0	0	nan	0	0	0	nan	nan	nan	nan	nan	nan
80	g	0	5919462	0	nan	278	1493	5919462	0	0	0	nan	0	0	0	0	0	0	nan	0	0	0	nan	nan	nan	nan	nan	nan