Nucleotide	Sequence	Modified_mutations	Modified_read_depth	Modified_effective_depth	Modified_rate	Modified_off_target_mapped_depth	Modified_low_mapq_mapped_depth	Modified_primer_pair_1_mapped_depth	Untreated_mutations	Untreated_read_depth	Untreated_effective_depth	Untreated_rate	Untreated_off_target_mapped_depth	Untreated_low_mapq_mapped_depth	Untreated_primer_pair_1_mapped_depth	Denatured_mutations	Denatured_read_depth	Denatured_effective_depth	Denatured_rate	Denatured_off_target_mapped_depth	Denatured_low_mapq_mapped_depth	Denatured_primer_pair_1_mapped_depth	Reactivity_profile	Std_err	HQ_profile	HQ_stderr	Norm_profile	Norm_stderr
1	g	0	236851	0	nan	9	0	236851	0	0	0	nan	0	0	0	0	0	0	nan	0	0	0	nan	nan	nan	nan	nan	nan
2	g	0	237332	0	nan	9	0	237332	0	0	0	nan	0	0	0	0	0	0	nan	0	0	0	nan	nan	nan	nan	nan	nan
3	c	0	237464	0	nan	10	0	237464	0	0	0	nan	0	0	0	0	0	0	nan	0	0	0	nan	nan	nan	nan	nan	nan
4	a	0	237493	0	nan	10	0	237493	0	0	0	nan	0	0	0	0	0	0	nan	0	0	0	nan	nan	nan	nan	nan	nan
5	c	0	237527	0	nan	10	0	237527	0	0	0	nan	0	0	0	0	0	0	nan	0	0	0	nan	nan	nan	nan	nan	nan
6	c	0	239144	0	nan	10	0	239144	0	0	0	nan	0	0	0	0	0	0	nan	0	0	0	nan	nan	nan	nan	nan	nan
7	u	0	239249	0	nan	10	0	239249	0	0	0	nan	0	0	0	0	0	0	nan	0	0	0	nan	nan	nan	nan	nan	nan
8	c	0	239252	0	nan	10	0	239252	0	0	0	nan	0	0	0	0	0	0	nan	0	0	0	nan	nan	nan	nan	nan	nan
9	a	0	239254	0	nan	10	0	239254	0	0	0	nan	0	0	0	0	0	0	nan	0	0	0	nan	nan	nan	nan	nan	nan
10	u	0	239256	0	nan	10	0	239256	0	0	0	nan	0	0	0	0	0	0	nan	0	0	0	nan	nan	nan	nan	nan	nan
11	a	0	239259	0	nan	10	0	239259	0	0	0	nan	0	0	0	0	0	0	nan	0	0	0	nan	nan	nan	nan	nan	nan
12	a	0	239274	0	nan	10	0	239274	0	0	0	nan	0	0	0	0	0	0	nan	0	0	0	nan	nan	nan	nan	nan	nan
13	c	0	239280	0	nan	10	0	239280	0	0	0	nan	0	0	0	0	0	0	nan	0	0	0	nan	nan	nan	nan	nan	nan
14	a	0	239282	0	nan	10	0	239282	0	0	0	nan	0	0	0	0	0	0	nan	0	0	0	nan	nan	nan	nan	nan	nan
15	u	0	239282	0	nan	10	0	239282	0	0	0	nan	0	0	0	0	0	0	nan	0	0	0	nan	nan	nan	nan	nan	nan
16	a	0	239283	0	nan	10	0	239283	0	0	0	nan	0	0	0	0	0	0	nan	0	0	0	nan	nan	nan	nan	nan	nan
17	a	0	239283	0	nan	10	0	239283	0	0	0	nan	0	0	0	0	0	0	nan	0	0	0	nan	nan	nan	nan	nan	nan
18	c	0	239284	0	nan	10	0	239284	0	0	0	nan	0	0	0	0	0	0	nan	0	0	0	nan	nan	nan	nan	nan	nan
19	U	0	239287	2	0.000000	10	0	239287	0	0	0	nan	0	0	0	0	0	0	nan	0	0	0	0.000000	0.000000	nan	nan	nan	nan
20	A	0	239298	7	0.000000	10	0	239298	0	0	0	nan	0	0	0	0	0	0	nan	0	0	0	0.000000	0.000000	nan	nan	nan	nan
21	A	0	239305	10	0.000000	10	0	239305	0	0	0	nan	0	0	0	0	0	0	nan	0	0	0	0.000000	0.000000	nan	nan	nan	nan
22	G	0	239307	236992	0.000000	10	0	239307	0	0	0	nan	0	0	0	0	0	0	nan	0	0	0	0.000000	0.000000	0.000000	0.000000	nan	nan
23	G	138	239313	234622	0.000588	10	0	239313	0	0	0	nan	0	0	0	0	0	0	nan	0	0	0	0.000588	0.000050	0.000588	0.000050	nan	nan
24	C	2757	239318	237019	0.011632	10	0	239318	0	0	0	nan	0	0	0	0	0	0	nan	0	0	0	0.011632	0.000222	0.011632	0.000222	0.914663	0.017457
25	A	1686	239325	237795	0.007090	10	0	239325	0	0	0	nan	0	0	0	0	0	0	nan	0	0	0	0.007090	0.000173	0.007090	0.000173	0.850120	0.020743
26	G	103	239332	231472	0.000445	10	0	239332	0	0	0	nan	0	0	0	0	0	0	nan	0	0	0	0.000445	0.000044	0.000445	0.000044	nan	nan
27	A	1697	239352	232227	0.007308	10	0	239352	0	0	0	nan	0	0	0	0	0	0	nan	0	0	0	0.007308	0.000177	0.007308	0.000177	0.876259	0.021223
28	U	1175	239352	232094	0.005063	10	0	239351	0	0	0	nan	0	0	0	0	0	0	nan	0	0	0	0.005063	0.000148	0.005063	0.000148	1.061314	0.031024
29	C	2955	239353	238055	0.012413	10	0	239349	0	0	0	nan	0	0	0	0	0	0	nan	0	0	0	0.012413	0.000228	0.012413	0.000228	0.976076	0.017928
30	U	825	239358	237891	0.003468	10	0	239352	0	0	0	nan	0	0	0	0	0	0	nan	0	0	0	0.003468	0.000121	0.003468	0.000121	0.726968	0.025364
31	G	153	239360	237113	0.000645	10	0	239350	0	0	0	nan	0	0	0	0	0	0	nan	0	0	0	0.000645	0.000052	0.000645	0.000052	nan	nan
32	A	1981	239362	237542	0.008340	10	0	239352	0	0	0	nan	0	0	0	0	0	0	nan	0	0	0	0.008340	0.000187	0.008340	0.000187	1.000000	0.022422
33	G	210	239366	235195	0.000893	10	0	239356	0	0	0	nan	0	0	0	0	0	0	nan	0	0	0	0.000893	0.000062	0.000893	0.000062	nan	nan
34	C	2274	239368	231337	0.009830	10	0	239357	0	0	0	nan	0	0	0	0	0	0	nan	0	0	0	0.009830	0.000206	0.009830	0.000206	0.772966	0.016198
35	C	2326	239367	220622	0.010543	10	0	239352	0	0	0	nan	0	0	0	0	0	0	nan	0	0	0	0.010543	0.000219	0.010543	0.000219	0.829031	0.017221
36	U	985	239381	219966	0.004478	10	0	239360	0	0	0	nan	0	0	0	0	0	0	nan	0	0	0	0.004478	0.000143	0.004478	0.000143	0.938686	0.029976
37	U	1255	239393	224431	0.005592	10	0	239368	0	0	0	nan	0	0	0	0	0	0	nan	0	0	0	0.005592	0.000158	0.005592	0.000158	1.172204	0.033120
38	C	3217	239394	235254	0.013675	10	0	239357	0	0	0	nan	0	0	0	0	0	0	nan	0	0	0	0.013675	0.000241	0.013675	0.000241	1.075311	0.018951
39	G	118	239441	234919	0.000502	10	0	239410	0	0	0	nan	0	0	0	0	0	0	nan	0	0	0	0.000502	0.000046	0.000502	0.000046	nan	nan
40	G	161	239473	236297	0.000681	10	0	239456	0	0	0	nan	0	0	0	0	0	0	nan	0	0	0	0.000681	0.000054	0.000681	0.000054	nan	nan
41	G	138	239475	234912	0.000587	10	0	239463	0	0	0	nan	0	0	0	0	0	0	nan	0	0	0	0.000587	0.000050	0.000587	0.000050	nan	nan
42	A	2220	239474	235775	0.009416	10	0	239465	0	0	0	nan	0	0	0	0	0	0	nan	0	0	0	0.009416	0.000200	0.009416	0.000200	1.129017	0.023981
43	G	225	239479	234909	0.000958	10	0	239471	0	0	0	nan	0	0	0	0	0	0	nan	0	0	0	0.000958	0.000064	0.000958	0.000064	nan	nan
44	C	2337	239480	238228	0.009810	10	0	239475	0	0	0	nan	0	0	0	0	0	0	nan	0	0	0	0.009810	0.000203	0.009810	0.000203	0.771393	0.015963
45	U	615	239481	238440	0.002579	10	0	239476	0	0	0	nan	0	0	0	0	0	0	nan	0	0	0	0.002579	0.000104	0.002579	0.000104	0.540614	0.021801
46	C	2372	239481	238497	0.009946	10	0	239477	0	0	0	nan	0	0	0	0	0	0	nan	0	0	0	0.009946	0.000204	0.009946	0.000204	0.782087	0.016041
47	U	845	239484	238377	0.003545	10	0	239477	0	0	0	nan	0	0	0	0	0	0	nan	0	0	0	0.003545	0.000122	0.003545	0.000122	0.743109	0.025574
48	C	3066	239478	238327	0.012865	10	0	239468	0	0	0	nan	0	0	0	0	0	0	nan	0	0	0	0.012865	0.000232	0.012865	0.000232	1.011618	0.018243
49	U	638	239483	238387	0.002676	10	0	239474	0	0	0	nan	0	0	0	0	0	0	nan	0	0	0	0.002676	0.000106	0.002676	0.000106	0.560947	0.022220
50	G	231	239483	236767	0.000976	10	0	239475	0	0	0	nan	0	0	0	0	0	0	nan	0	0	0	0.000976	0.000064	0.000976	0.000064	nan	nan
51	C	3040	239483	237765	0.012786	10	0	239475	0	0	0	nan	0	0	0	0	0	0	nan	0	0	0	0.012786	0.000232	0.012786	0.000232	1.005406	0.018243
52	C	2975	239488	237791	0.012511	10	0	239481	0	0	0	nan	0	0	0	0	0	0	nan	0	0	0	0.012511	0.000229	0.012511	0.000229	0.983782	0.018007
53	A	1748	239493	237905	0.007347	10	0	239493	0	0	0	nan	0	0	0	0	0	0	nan	0	0	0	0.007347	0.000176	0.007347	0.000176	0.880935	0.021103
54	A	0	239404	237552	0.000000	10	0	239404	0	0	0	nan	0	0	0	0	0	0	nan	0	0	0	0.000000	0.000000	0.000000	0.000000	0.000000	0.000000
55	U	0	239404	1	0.000000	7	0	239404	0	0	0	nan	0	0	0	0	0	0	nan	0	0	0	0.000000	0.000000	nan	nan	nan	nan
56	C	0	239403	1	0.000000	6	0	239403	0	0	0	nan	0	0	0	0	0	0	nan	0	0	0	0.000000	0.000000	nan	nan	nan	nan
57	C	0	239403	1	0.000000	6	0	239403	0	0	0	nan	0	0	0	0	0	0	nan	0	0	0	0.000000	0.000000	nan	nan	nan	nan
58	a	0	239402	0	nan	6	0	239402	0	0	0	nan	0	0	0	0	0	0	nan	0	0	0	nan	nan	nan	nan	nan	nan
59	c	0	239402	0	nan	6	0	239402	0	0	0	nan	0	0	0	0	0	0	nan	0	0	0	nan	nan	nan	nan	nan	nan
60	u	0	239402	0	nan	6	0	239402	0	0	0	nan	0	0	0	0	0	0	nan	0	0	0	nan	nan	nan	nan	nan	nan
61	a	0	239402	0	nan	6	0	239402	0	0	0	nan	0	0	0	0	0	0	nan	0	0	0	nan	nan	nan	nan	nan	nan
62	a	0	239402	0	nan	6	0	239402	0	0	0	nan	0	0	0	0	0	0	nan	0	0	0	nan	nan	nan	nan	nan	nan
63	c	0	239402	0	nan	0	0	239402	0	0	0	nan	0	0	0	0	0	0	nan	0	0	0	nan	nan	nan	nan	nan	nan
64	c	0	239402	0	nan	0	0	239402	0	0	0	nan	0	0	0	0	0	0	nan	0	0	0	nan	nan	nan	nan	nan	nan
65	u	0	239402	0	nan	0	0	239402	0	0	0	nan	0	0	0	0	0	0	nan	0	0	0	nan	nan	nan	nan	nan	nan
66	c	0	239402	0	nan	0	0	239402	0	0	0	nan	0	0	0	0	0	0	nan	0	0	0	nan	nan	nan	nan	nan	nan
67	a	0	239402	0	nan	0	0	239402	0	0	0	nan	0	0	0	0	0	0	nan	0	0	0	nan	nan	nan	nan	nan	nan
68	c	0	239402	0	nan	0	0	239402	0	0	0	nan	0	0	0	0	0	0	nan	0	0	0	nan	nan	nan	nan	nan	nan
69	u	0	239401	0	nan	0	0	239401	0	0	0	nan	0	0	0	0	0	0	nan	0	0	0	nan	nan	nan	nan	nan	nan
70	c	0	239401	0	nan	0	0	239401	0	0	0	nan	0	0	0	0	0	0	nan	0	0	0	nan	nan	nan	nan	nan	nan
71	a	0	239394	0	nan	0	0	239394	0	0	0	nan	0	0	0	0	0	0	nan	0	0	0	nan	nan	nan	nan	nan	nan
72	c	0	239380	0	nan	0	0	239380	0	0	0	nan	0	0	0	0	0	0	nan	0	0	0	nan	nan	nan	nan	nan	nan
73	a	0	239371	0	nan	0	0	239371	0	0	0	nan	0	0	0	0	0	0	nan	0	0	0	nan	nan	nan	nan	nan	nan
74	a	0	239290	0	nan	0	0	239290	0	0	0	nan	0	0	0	0	0	0	nan	0	0	0	nan	nan	nan	nan	nan	nan
75	u	0	239127	0	nan	0	0	239127	0	0	0	nan	0	0	0	0	0	0	nan	0	0	0	nan	nan	nan	nan	nan	nan
76	c	0	238782	0	nan	0	0	238782	0	0	0	nan	0	0	0	0	0	0	nan	0	0	0	nan	nan	nan	nan	nan	nan