Nucleotide	Sequence	Modified_mutations	Modified_read_depth	Modified_effective_depth	Modified_rate	Modified_off_target_mapped_depth	Modified_low_mapq_mapped_depth	Modified_primer_pair_1_mapped_depth	Untreated_mutations	Untreated_read_depth	Untreated_effective_depth	Untreated_rate	Untreated_off_target_mapped_depth	Untreated_low_mapq_mapped_depth	Untreated_primer_pair_1_mapped_depth	Denatured_mutations	Denatured_read_depth	Denatured_effective_depth	Denatured_rate	Denatured_off_target_mapped_depth	Denatured_low_mapq_mapped_depth	Denatured_primer_pair_1_mapped_depth	Reactivity_profile	Std_err	HQ_profile	HQ_stderr	Norm_profile	Norm_stderr
1	g	0	529010	0	nan	7	8	529010	0	0	0	nan	0	0	0	0	0	0	nan	0	0	0	nan	nan	nan	nan	nan	nan
2	g	0	529349	0	nan	7	8	529349	0	0	0	nan	0	0	0	0	0	0	nan	0	0	0	nan	nan	nan	nan	nan	nan
3	u	0	529492	0	nan	7	8	529492	0	0	0	nan	0	0	0	0	0	0	nan	0	0	0	nan	nan	nan	nan	nan	nan
4	g	0	529564	0	nan	7	8	529564	0	0	0	nan	0	0	0	0	0	0	nan	0	0	0	nan	nan	nan	nan	nan	nan
5	u	0	529628	0	nan	7	8	529628	0	0	0	nan	0	0	0	0	0	0	nan	0	0	0	nan	nan	nan	nan	nan	nan
6	a	0	529635	0	nan	7	8	529635	0	0	0	nan	0	0	0	0	0	0	nan	0	0	0	nan	nan	nan	nan	nan	nan
7	a	0	529638	0	nan	7	8	529638	0	0	0	nan	0	0	0	0	0	0	nan	0	0	0	nan	nan	nan	nan	nan	nan
8	g	0	529648	0	nan	7	8	529648	0	0	0	nan	0	0	0	0	0	0	nan	0	0	0	nan	nan	nan	nan	nan	nan
9	g	0	529723	0	nan	7	8	529723	0	0	0	nan	0	0	0	0	0	0	nan	0	0	0	nan	nan	nan	nan	nan	nan
10	g	0	537492	0	nan	7	8	537492	0	0	0	nan	0	0	0	0	0	0	nan	0	0	0	nan	nan	nan	nan	nan	nan
11	u	0	537592	0	nan	7	8	537592	0	0	0	nan	0	0	0	0	0	0	nan	0	0	0	nan	nan	nan	nan	nan	nan
12	g	0	537663	0	nan	7	8	537663	0	0	0	nan	0	0	0	0	0	0	nan	0	0	0	nan	nan	nan	nan	nan	nan
13	a	0	537666	0	nan	13	8	537666	0	0	0	nan	0	0	0	0	0	0	nan	0	0	0	nan	nan	nan	nan	nan	nan
14	a	0	537668	0	nan	14	8	537668	0	0	0	nan	0	0	0	0	0	0	nan	0	0	0	nan	nan	nan	nan	nan	nan
15	g	0	537670	0	nan	196	8	537670	0	0	0	nan	0	0	0	0	0	0	nan	0	0	0	nan	nan	nan	nan	nan	nan
16	u	0	537674	0	nan	204	8	537674	0	0	0	nan	0	0	0	0	0	0	nan	0	0	0	nan	nan	nan	nan	nan	nan
17	g	0	537675	0	nan	204	8	537675	0	0	0	nan	0	0	0	0	0	0	nan	0	0	0	nan	nan	nan	nan	nan	nan
18	u	0	537677	0	nan	205	8	537677	0	0	0	nan	0	0	0	0	0	0	nan	0	0	0	nan	nan	nan	nan	nan	nan
19	a	0	537686	0	nan	205	8	537686	0	0	0	nan	0	0	0	0	0	0	nan	0	0	0	nan	nan	nan	nan	nan	nan
20	A	0	537694	4	0.000000	209	8	537694	0	0	0	nan	0	0	0	0	0	0	nan	0	0	0	0.000000	0.000000	nan	nan	nan	nan
21	G	0	537710	13	0.000000	217	8	537710	0	0	0	nan	0	0	0	0	0	0	nan	0	0	0	0.000000	0.000000	nan	nan	nan	nan
22	G	0	537714	13	0.000000	217	8	537714	0	0	0	nan	0	0	0	0	0	0	nan	0	0	0	0.000000	0.000000	nan	nan	nan	nan
23	U	0	537719	536254	0.000000	227	8	537719	0	0	0	nan	0	0	0	0	0	0	nan	0	0	0	0.000000	0.000000	0.000000	0.000000	nan	nan
24	U	581	537721	536195	0.001084	227	8	537721	0	0	0	nan	0	0	0	0	0	0	nan	0	0	0	0.001084	0.000045	0.001084	0.000045	nan	nan
25	G	286	537725	535163	0.000534	227	8	537725	0	0	0	nan	0	0	0	0	0	0	nan	0	0	0	0.000534	0.000032	0.000534	0.000032	nan	nan
26	A	12992	537727	535552	0.024259	227	8	537725	0	0	0	nan	0	0	0	0	0	0	nan	0	0	0	0.024259	0.000213	0.024259	0.000213	0.959185	0.008422
27	A	13556	537727	534856	0.025345	227	8	537724	0	0	0	nan	0	0	0	0	0	0	nan	0	0	0	0.025345	0.000218	0.025345	0.000218	1.002125	0.008620
28	C	14510	537730	532957	0.027225	227	8	537724	0	0	0	nan	0	0	0	0	0	0	nan	0	0	0	0.027225	0.000226	0.027225	0.000226	0.888900	0.007379
29	U	597	537735	534255	0.001117	227	8	537728	0	0	0	nan	0	0	0	0	0	0	nan	0	0	0	0.001117	0.000046	0.001117	0.000046	nan	nan
30	U	693	537735	534803	0.001296	227	8	537728	0	0	0	nan	0	0	0	0	0	0	nan	0	0	0	0.001296	0.000049	0.001296	0.000049	nan	nan
31	U	830	537752	535150	0.001551	227	8	537745	0	0	0	nan	0	0	0	0	0	0	nan	0	0	0	0.001551	0.000054	0.001551	0.000054	nan	nan
32	U	567	537767	535536	0.001059	227	8	537758	0	0	0	nan	0	0	0	0	0	0	nan	0	0	0	0.001059	0.000044	0.001059	0.000044	nan	nan
33	G	181	537915	534298	0.000339	228	8	537900	0	0	0	nan	0	0	0	0	0	0	nan	0	0	0	0.000339	0.000025	0.000339	0.000025	nan	nan
34	A	13440	538017	534822	0.025130	228	8	537997	0	0	0	nan	0	0	0	0	0	0	nan	0	0	0	0.025130	0.000217	0.025130	0.000217	0.993624	0.008580
35	A	12134	538026	534209	0.022714	228	8	538007	0	0	0	nan	0	0	0	0	0	0	nan	0	0	0	0.022714	0.000206	0.022714	0.000206	0.898097	0.008145
36	U	455	538031	534258	0.000852	228	8	538011	0	0	0	nan	0	0	0	0	0	0	nan	0	0	0	0.000852	0.000040	0.000852	0.000040	nan	nan
37	A	12434	538035	534601	0.023258	228	8	538014	0	0	0	nan	0	0	0	0	0	0	nan	0	0	0	0.023258	0.000209	0.023258	0.000209	0.919607	0.008264
38	G	398	538037	532536	0.000747	229	8	538017	0	0	0	nan	0	0	0	0	0	0	nan	0	0	0	0.000747	0.000037	0.000747	0.000037	nan	nan
39	U	694	538038	535318	0.001296	229	8	538015	0	0	0	nan	0	0	0	0	0	0	nan	0	0	0	0.001296	0.000049	0.001296	0.000049	nan	nan
40	G	540	538042	533688	0.001012	229	8	538021	0	0	0	nan	0	0	0	0	0	0	nan	0	0	0	0.001012	0.000044	0.001012	0.000044	nan	nan
41	A	15311	538047	534578	0.028641	229	8	538020	0	0	0	nan	0	0	0	0	0	0	nan	0	0	0	0.028641	0.000231	0.028641	0.000231	1.132447	0.009134
42	U	879	538051	534274	0.001645	229	8	538028	0	0	0	nan	0	0	0	0	0	0	nan	0	0	0	0.001645	0.000055	0.001645	0.000055	nan	nan
43	U	699	538050	534400	0.001308	229	8	538028	0	0	0	nan	0	0	0	0	0	0	nan	0	0	0	0.001308	0.000049	0.001308	0.000049	nan	nan
44	C	16941	538058	533381	0.031762	229	8	538038	0	0	0	nan	0	0	0	0	0	0	nan	0	0	0	0.031762	0.000244	0.031762	0.000244	1.037033	0.007967
45	A	14080	538066	533808	0.026377	229	8	538046	0	0	0	nan	0	0	0	0	0	0	nan	0	0	0	0.026377	0.000222	0.026377	0.000222	1.042930	0.008778
46	G	375	538084	533062	0.000703	229	8	538068	0	0	0	nan	0	0	0	0	0	0	nan	0	0	0	0.000703	0.000036	0.000703	0.000036	nan	nan
47	G	396	538091	533045	0.000743	229	8	538075	0	0	0	nan	0	0	0	0	0	0	nan	0	0	0	0.000743	0.000037	0.000743	0.000037	nan	nan
48	A	13310	538092	534237	0.024914	229	8	538078	0	0	0	nan	0	0	0	0	0	0	nan	0	0	0	0.024914	0.000216	0.024914	0.000216	0.985084	0.008541
49	G	418	538099	533592	0.000783	229	8	538088	0	0	0	nan	0	0	0	0	0	0	nan	0	0	0	0.000783	0.000038	0.000783	0.000038	nan	nan
50	G	480	538100	524985	0.000914	229	8	538090	0	0	0	nan	0	0	0	0	0	0	nan	0	0	0	0.000914	0.000042	0.000914	0.000042	nan	nan
51	U	648	538107	526334	0.001231	229	8	538098	0	0	0	nan	0	0	0	0	0	0	nan	0	0	0	0.001231	0.000048	0.001231	0.000048	nan	nan
52	U	658	538109	525518	0.001252	229	8	538098	0	0	0	nan	0	0	0	0	0	0	nan	0	0	0	0.001252	0.000049	0.001252	0.000049	nan	nan
53	A	13178	538101	533133	0.024718	227	8	538063	0	0	0	nan	0	0	0	0	0	0	nan	0	0	0	0.024718	0.000215	0.024718	0.000215	0.977334	0.008501
54	A	11445	537815	532270	0.021502	187	8	537344	0	0	0	nan	0	0	0	0	0	0	nan	0	0	0	0.021502	0.000201	0.021502	0.000201	0.850175	0.007947
55	U	791	537821	532265	0.001486	187	8	537425	0	0	0	nan	0	0	0	0	0	0	nan	0	0	0	0.001486	0.000053	0.001486	0.000053	nan	nan
56	G	624	537825	532503	0.001172	187	8	537470	0	0	0	nan	0	0	0	0	0	0	nan	0	0	0	0.001172	0.000047	0.001172	0.000047	nan	nan
57	G	0	537833	531691	0.000000	187	8	537799	0	0	0	nan	0	0	0	0	0	0	nan	0	0	0	0.000000	0.000000	0.000000	0.000000	nan	nan
58	A	0	537836	0	nan	187	8	537836	0	0	0	nan	0	0	0	0	0	0	nan	0	0	0	nan	nan	nan	nan	nan	nan
59	A	0	537836	0	nan	187	8	537836	0	0	0	nan	0	0	0	0	0	0	nan	0	0	0	nan	nan	nan	nan	nan	nan
60	G	0	537836	0	nan	185	8	537836	0	0	0	nan	0	0	0	0	0	0	nan	0	0	0	nan	nan	nan	nan	nan	nan
61	u	0	537836	0	nan	185	8	537836	0	0	0	nan	0	0	0	0	0	0	nan	0	0	0	nan	nan	nan	nan	nan	nan
62	a	0	537836	0	nan	185	8	537836	0	0	0	nan	0	0	0	0	0	0	nan	0	0	0	nan	nan	nan	nan	nan	nan
63	a	0	537836	0	nan	185	8	537836	0	0	0	nan	0	0	0	0	0	0	nan	0	0	0	nan	nan	nan	nan	nan	nan
64	a	0	537836	0	nan	184	8	537836	0	0	0	nan	0	0	0	0	0	0	nan	0	0	0	nan	nan	nan	nan	nan	nan
65	g	0	537836	0	nan	180	8	537836	0	0	0	nan	0	0	0	0	0	0	nan	0	0	0	nan	nan	nan	nan	nan	nan
66	g	0	537836	0	nan	180	8	537836	0	0	0	nan	0	0	0	0	0	0	nan	0	0	0	nan	nan	nan	nan	nan	nan
67	u	0	537836	0	nan	180	8	537836	0	0	0	nan	0	0	0	0	0	0	nan	0	0	0	nan	nan	nan	nan	nan	nan
68	a	0	537836	0	nan	180	8	537836	0	0	0	nan	0	0	0	0	0	0	nan	0	0	0	nan	nan	nan	nan	nan	nan
69	a	0	537836	0	nan	180	8	537836	0	0	0	nan	0	0	0	0	0	0	nan	0	0	0	nan	nan	nan	nan	nan	nan
70	u	0	537836	0	nan	180	8	537836	0	0	0	nan	0	0	0	0	0	0	nan	0	0	0	nan	nan	nan	nan	nan	nan
71	g	0	537836	0	nan	180	8	537836	0	0	0	nan	0	0	0	0	0	0	nan	0	0	0	nan	nan	nan	nan	nan	nan
72	a	0	537836	0	nan	180	8	537836	0	0	0	nan	0	0	0	0	0	0	nan	0	0	0	nan	nan	nan	nan	nan	nan
73	a	0	537836	0	nan	180	8	537836	0	0	0	nan	0	0	0	0	0	0	nan	0	0	0	nan	nan	nan	nan	nan	nan
74	g	0	537836	0	nan	180	8	537836	0	0	0	nan	0	0	0	0	0	0	nan	0	0	0	nan	nan	nan	nan	nan	nan
75	g	0	537830	0	nan	180	8	537830	0	0	0	nan	0	0	0	0	0	0	nan	0	0	0	nan	nan	nan	nan	nan	nan
76	u	0	537822	0	nan	180	8	537822	0	0	0	nan	0	0	0	0	0	0	nan	0	0	0	nan	nan	nan	nan	nan	nan
77	g	0	537813	0	nan	180	8	537813	0	0	0	nan	0	0	0	0	0	0	nan	0	0	0	nan	nan	nan	nan	nan	nan
78	a	0	537802	0	nan	180	8	537802	0	0	0	nan	0	0	0	0	0	0	nan	0	0	0	nan	nan	nan	nan	nan	nan
79	a	0	537651	0	nan	180	8	537651	0	0	0	nan	0	0	0	0	0	0	nan	0	0	0	nan	nan	nan	nan	nan	nan
80	g	0	537422	0	nan	180	8	537422	0	0	0	nan	0	0	0	0	0	0	nan	0	0	0	nan	nan	nan	nan	nan	nan