Nucleotide	Sequence	Modified_mutations	Modified_read_depth	Modified_effective_depth	Modified_rate	Modified_off_target_mapped_depth	Modified_low_mapq_mapped_depth	Modified_primer_pair_1_mapped_depth	Untreated_mutations	Untreated_read_depth	Untreated_effective_depth	Untreated_rate	Untreated_off_target_mapped_depth	Untreated_low_mapq_mapped_depth	Untreated_primer_pair_1_mapped_depth	Denatured_mutations	Denatured_read_depth	Denatured_effective_depth	Denatured_rate	Denatured_off_target_mapped_depth	Denatured_low_mapq_mapped_depth	Denatured_primer_pair_1_mapped_depth	Reactivity_profile	Std_err	HQ_profile	HQ_stderr	Norm_profile	Norm_stderr
1	g	0	78101	0	nan	10	0	78101	0	0	0	nan	0	0	0	0	0	0	nan	0	0	0	nan	nan	nan	nan	nan	nan
2	g	0	78146	0	nan	10	0	78146	0	0	0	nan	0	0	0	0	0	0	nan	0	0	0	nan	nan	nan	nan	nan	nan
3	a	0	78192	0	nan	10	0	78192	0	0	0	nan	0	0	0	0	0	0	nan	0	0	0	nan	nan	nan	nan	nan	nan
4	u	0	78193	0	nan	10	0	78193	0	0	0	nan	0	0	0	0	0	0	nan	0	0	0	nan	nan	nan	nan	nan	nan
5	a	0	78196	0	nan	10	0	78196	0	0	0	nan	0	0	0	0	0	0	nan	0	0	0	nan	nan	nan	nan	nan	nan
6	a	0	78196	0	nan	10	0	78196	0	0	0	nan	0	0	0	0	0	0	nan	0	0	0	nan	nan	nan	nan	nan	nan
7	u	0	78196	0	nan	10	0	78196	0	0	0	nan	0	0	0	0	0	0	nan	0	0	0	nan	nan	nan	nan	nan	nan
8	c	0	78197	0	nan	10	0	78197	0	0	0	nan	0	0	0	0	0	0	nan	0	0	0	nan	nan	nan	nan	nan	nan
9	c	0	78197	0	nan	10	0	78197	0	0	0	nan	0	0	0	0	0	0	nan	0	0	0	nan	nan	nan	nan	nan	nan
10	a	0	78197	0	nan	10	0	78197	0	0	0	nan	0	0	0	0	0	0	nan	0	0	0	nan	nan	nan	nan	nan	nan
11	a	0	78197	0	nan	10	0	78197	0	0	0	nan	0	0	0	0	0	0	nan	0	0	0	nan	nan	nan	nan	nan	nan
12	a	0	78197	0	nan	10	0	78197	0	0	0	nan	0	0	0	0	0	0	nan	0	0	0	nan	nan	nan	nan	nan	nan
13	a	0	78197	0	nan	10	0	78197	0	0	0	nan	0	0	0	0	0	0	nan	0	0	0	nan	nan	nan	nan	nan	nan
14	c	0	78197	0	nan	10	0	78197	0	0	0	nan	0	0	0	0	0	0	nan	0	0	0	nan	nan	nan	nan	nan	nan
15	a	0	78197	0	nan	10	0	78197	0	0	0	nan	0	0	0	0	0	0	nan	0	0	0	nan	nan	nan	nan	nan	nan
16	a	0	78197	0	nan	10	0	78197	0	0	0	nan	0	0	0	0	0	0	nan	0	0	0	nan	nan	nan	nan	nan	nan
17	c	0	78197	0	nan	10	0	78197	0	0	0	nan	0	0	0	0	0	0	nan	0	0	0	nan	nan	nan	nan	nan	nan
18	a	0	78197	0	nan	10	0	78197	0	0	0	nan	0	0	0	0	0	0	nan	0	0	0	nan	nan	nan	nan	nan	nan
19	a	0	78197	0	nan	10	0	78197	0	0	0	nan	0	0	0	0	0	0	nan	0	0	0	nan	nan	nan	nan	nan	nan
20	c	0	78197	0	nan	10	0	78197	0	0	0	nan	0	0	0	0	0	0	nan	0	0	0	nan	nan	nan	nan	nan	nan
21	c	0	78197	0	nan	10	0	78197	0	0	0	nan	0	0	0	0	0	0	nan	0	0	0	nan	nan	nan	nan	nan	nan
22	A	0	78197	0	nan	10	0	78197	0	0	0	nan	0	0	0	0	0	0	nan	0	0	0	nan	nan	nan	nan	nan	nan
23	A	0	78197	0	nan	10	0	78197	0	0	0	nan	0	0	0	0	0	0	nan	0	0	0	nan	nan	nan	nan	nan	nan
24	A	0	78197	0	nan	10	0	78197	0	0	0	nan	0	0	0	0	0	0	nan	0	0	0	nan	nan	nan	nan	nan	nan
25	G	0	78197	69344	0.000000	10	0	78197	0	0	0	nan	0	0	0	0	0	0	nan	0	0	0	0.000000	0.000000	0.000000	0.000000	nan	nan
26	G	49	78197	62236	0.000787	10	0	78196	0	0	0	nan	0	0	0	0	0	0	nan	0	0	0	0.000787	0.000112	0.000787	0.000112	nan	nan
27	A	1399	78197	61928	0.022591	10	0	78196	0	0	0	nan	0	0	0	0	0	0	nan	0	0	0	0.022591	0.000604	0.022591	0.000604	0.688887	0.018418
28	A	1079	78197	60267	0.017904	11	0	78195	0	0	0	nan	0	0	0	0	0	0	nan	0	0	0	0.017904	0.000545	0.017904	0.000545	0.545962	0.016619
29	U	195	78197	70547	0.002764	11	0	78194	0	0	0	nan	0	0	0	0	0	0	nan	0	0	0	0.002764	0.000198	0.002764	0.000198	1.072981	0.076863
30	U	169	78197	71210	0.002373	11	0	78175	0	0	0	nan	0	0	0	0	0	0	nan	0	0	0	0.002373	0.000183	0.002373	0.000183	0.921196	0.071040
31	G	25	78197	73216	0.000341	11	0	78167	0	0	0	nan	0	0	0	0	0	0	nan	0	0	0	0.000341	0.000068	0.000341	0.000068	nan	nan
32	C	1131	78196	74056	0.015272	11	0	78161	0	0	0	nan	0	0	0	0	0	0	nan	0	0	0	0.015272	0.000454	0.015272	0.000454	0.747638	0.022225
33	G	43	78195	73340	0.000586	11	0	78142	0	0	0	nan	0	0	0	0	0	0	nan	0	0	0	0.000586	0.000089	0.000586	0.000089	nan	nan
34	G	40	78195	73962	0.000541	11	0	78132	0	0	0	nan	0	0	0	0	0	0	nan	0	0	0	0.000541	0.000086	0.000541	0.000086	nan	nan
35	G	40	78195	66355	0.000603	11	0	78121	0	0	0	nan	0	0	0	0	0	0	nan	0	0	0	0.000603	0.000095	0.000603	0.000095	nan	nan
36	A	951	78195	62925	0.015113	11	0	78110	0	0	0	nan	0	0	0	0	0	0	nan	0	0	0	0.015113	0.000490	0.015113	0.000490	0.460854	0.014942
37	A	2031	78196	60320	0.033670	11	0	78089	0	0	0	nan	0	0	0	0	0	0	nan	0	0	0	0.033670	0.000747	0.033670	0.000747	1.026728	0.022779
38	A	2243	78196	66711	0.033623	11	0	78086	0	0	0	nan	0	0	0	0	0	0	nan	0	0	0	0.033623	0.000710	0.033623	0.000710	1.025295	0.021651
39	G	44	78196	70323	0.000626	11	0	78081	0	0	0	nan	0	0	0	0	0	0	nan	0	0	0	0.000626	0.000094	0.000626	0.000094	nan	nan
40	G	22	78196	72554	0.000303	11	0	78076	0	0	0	nan	0	0	0	0	0	0	nan	0	0	0	0.000303	0.000065	0.000303	0.000065	nan	nan
41	G	27	78196	72418	0.000373	11	0	78070	0	0	0	nan	0	0	0	0	0	0	nan	0	0	0	0.000373	0.000072	0.000373	0.000072	nan	nan
42	G	37	78196	73169	0.000506	11	0	78064	0	0	0	nan	0	0	0	0	0	0	nan	0	0	0	0.000506	0.000083	0.000506	0.000083	nan	nan
43	U	90	78195	73912	0.001218	11	0	78059	0	0	0	nan	0	0	0	0	0	0	nan	0	0	0	0.001218	0.000128	0.001218	0.000128	0.472826	0.049689
44	C	543	78195	68451	0.007933	11	0	78052	0	0	0	nan	0	0	0	0	0	0	nan	0	0	0	0.007933	0.000340	0.007933	0.000340	0.388359	0.016645
45	A	1179	78193	64386	0.018311	11	0	78036	0	0	0	nan	0	0	0	0	0	0	nan	0	0	0	0.018311	0.000533	0.018311	0.000533	0.558373	0.016253
46	A	1578	78193	64846	0.024335	11	0	78031	0	0	0	nan	0	0	0	0	0	0	nan	0	0	0	0.024335	0.000613	0.024335	0.000613	0.742068	0.018693
47	C	3769	78193	68535	0.054994	11	0	78028	0	0	0	nan	0	0	0	0	0	0	nan	0	0	0	0.054994	0.000896	0.054994	0.000896	2.692221	0.043864
48	A	2534	78193	72577	0.034915	11	0	78023	0	0	0	nan	0	0	0	0	0	0	nan	0	0	0	0.034915	0.000694	0.034915	0.000694	1.064693	0.021163
49	G	66	78193	72186	0.000914	11	0	78022	0	0	0	nan	0	0	0	0	0	0	nan	0	0	0	0.000914	0.000113	0.000914	0.000113	nan	nan
50	C	198	78192	69642	0.002843	11	0	78020	0	0	0	nan	0	0	0	0	0	0	nan	0	0	0	0.002843	0.000202	0.002843	0.000202	0.139179	0.009889
51	C	140	78191	69429	0.002016	11	0	78016	0	0	0	nan	0	0	0	0	0	0	nan	0	0	0	0.002016	0.000170	0.002016	0.000170	0.098693	0.008322
52	G	55	78190	67478	0.000815	11	0	78009	0	0	0	nan	0	0	0	0	0	0	nan	0	0	0	0.000815	0.000110	0.000815	0.000110	nan	nan
53	U	243	78190	71180	0.003414	11	0	78008	0	0	0	nan	0	0	0	0	0	0	nan	0	0	0	0.003414	0.000219	0.003414	0.000219	1.325311	0.085016
54	U	168	78187	70361	0.002388	11	0	77991	0	0	0	nan	0	0	0	0	0	0	nan	0	0	0	0.002388	0.000184	0.002388	0.000184	0.927019	0.071429
55	C	392	78187	72384	0.005416	11	0	77982	0	0	0	nan	0	0	0	0	0	0	nan	0	0	0	0.005416	0.000274	0.005416	0.000274	0.265139	0.013414
56	A	464	78187	72756	0.006377	11	0	77973	0	0	0	nan	0	0	0	0	0	0	nan	0	0	0	0.006377	0.000296	0.006377	0.000296	0.194459	0.009026
57	G	83	78187	73577	0.001128	11	0	77970	0	0	0	nan	0	0	0	0	0	0	nan	0	0	0	0.001128	0.000124	0.001128	0.000124	nan	nan
58	U	44	78187	73409	0.000599	11	0	77967	0	0	0	nan	0	0	0	0	0	0	nan	0	0	0	0.000599	0.000090	0.000599	0.000090	0.232531	0.034938
59	A	642	78193	72870	0.008810	11	0	77970	0	0	0	nan	0	0	0	0	0	0	nan	0	0	0	0.008810	0.000348	0.008810	0.000348	0.268651	0.010612
60	C	220	78194	73147	0.003008	11	0	77969	0	0	0	nan	0	0	0	0	0	0	nan	0	0	0	0.003008	0.000203	0.003008	0.000203	0.147256	0.009938
61	C	166	78194	73338	0.002263	11	0	77968	0	0	0	nan	0	0	0	0	0	0	nan	0	0	0	0.002263	0.000176	0.002263	0.000176	0.110785	0.008616
62	A	2308	78193	72207	0.031964	11	0	77962	0	0	0	nan	0	0	0	0	0	0	nan	0	0	0	0.031964	0.000665	0.031964	0.000665	0.974705	0.020278
63	A	1997	78193	72523	0.027536	11	0	77956	0	0	0	nan	0	0	0	0	0	0	nan	0	0	0	0.027536	0.000616	0.027536	0.000616	0.839679	0.018784
64	G	81	78193	73487	0.001102	11	0	77953	0	0	0	nan	0	0	0	0	0	0	nan	0	0	0	0.001102	0.000122	0.001102	0.000122	nan	nan
65	U	80	78192	68878	0.001161	11	0	77940	0	0	0	nan	0	0	0	0	0	0	nan	0	0	0	0.001161	0.000130	0.001161	0.000130	0.450699	0.050466
66	C	100	78206	69308	0.001443	11	0	77947	0	0	0	nan	0	0	0	0	0	0	nan	0	0	0	0.001443	0.000144	0.001443	0.000144	0.070642	0.007049
67	U	88	78892	69419	0.001268	11	0	78834	0	0	0	nan	0	0	0	0	0	0	nan	0	0	0	0.001268	0.000135	0.001268	0.000135	0.492236	0.052407
68	C	139	78908	76135	0.001826	11	0	78844	0	0	0	nan	0	0	0	0	0	0	nan	0	0	0	0.001826	0.000155	0.001826	0.000155	0.089391	0.007588
69	A	390	78912	75245	0.005183	11	0	78847	0	0	0	nan	0	0	0	0	0	0	nan	0	0	0	0.005183	0.000262	0.005183	0.000262	0.158050	0.007989
70	G	41	78912	74800	0.000548	11	0	78846	0	0	0	nan	0	0	0	0	0	0	nan	0	0	0	0.000548	0.000086	0.000548	0.000086	nan	nan
71	G	42	78913	74825	0.000561	11	0	78846	0	0	0	nan	0	0	0	0	0	0	nan	0	0	0	0.000561	0.000087	0.000561	0.000087	nan	nan
72	G	30	78912	75635	0.000397	11	0	78845	0	0	0	nan	0	0	0	0	0	0	nan	0	0	0	0.000397	0.000072	0.000397	0.000072	nan	nan
73	G	25	78914	77642	0.000322	11	0	78847	0	0	0	nan	0	0	0	0	0	0	nan	0	0	0	0.000322	0.000064	0.000322	0.000064	nan	nan
74	A	1332	78916	77567	0.017172	11	0	78848	0	0	0	nan	0	0	0	0	0	0	nan	0	0	0	0.017172	0.000471	0.017172	0.000471	0.523640	0.014363
75	A	1469	78916	78043	0.018823	11	0	78848	0	0	0	nan	0	0	0	0	0	0	nan	0	0	0	0.018823	0.000491	0.018823	0.000491	0.573986	0.014972
76	A	1968	78916	77982	0.025237	11	0	78850	0	0	0	nan	0	0	0	0	0	0	nan	0	0	0	0.025237	0.000569	0.025237	0.000569	0.769573	0.017351
77	C	155	78914	78002	0.001987	11	0	78848	0	0	0	nan	0	0	0	0	0	0	nan	0	0	0	0.001987	0.000160	0.001987	0.000160	0.097273	0.007833
78	U	68	78913	77802	0.000874	11	0	78846	0	0	0	nan	0	0	0	0	0	0	nan	0	0	0	0.000874	0.000106	0.000874	0.000106	0.339286	0.041149
79	U	146	78914	77837	0.001876	11	0	78847	0	0	0	nan	0	0	0	0	0	0	nan	0	0	0	0.001876	0.000155	0.001876	0.000155	0.728261	0.060171
80	U	128	78912	76623	0.001671	11	0	78839	0	0	0	nan	0	0	0	0	0	0	nan	0	0	0	0.001671	0.000148	0.001671	0.000148	0.648680	0.057453
81	G	33	78908	76435	0.000432	11	0	78827	0	0	0	nan	0	0	0	0	0	0	nan	0	0	0	0.000432	0.000075	0.000432	0.000075	nan	nan
82	A	314	78909	76633	0.004097	11	0	78821	0	0	0	nan	0	0	0	0	0	0	nan	0	0	0	0.004097	0.000231	0.004097	0.000231	0.124933	0.007044
83	G	70	78909	77747	0.000900	11	0	78821	0	0	0	nan	0	0	0	0	0	0	nan	0	0	0	0.000900	0.000108	0.000900	0.000108	nan	nan
84	A	282	78907	78089	0.003611	11	0	78818	0	0	0	nan	0	0	0	0	0	0	nan	0	0	0	0.003611	0.000215	0.003611	0.000215	0.110113	0.006556
85	U	81	78908	78049	0.001038	11	0	78818	0	0	0	nan	0	0	0	0	0	0	nan	0	0	0	0.001038	0.000115	0.001038	0.000115	0.402950	0.044643
86	G	77	78908	77966	0.000988	11	0	78816	0	0	0	nan	0	0	0	0	0	0	nan	0	0	0	0.000988	0.000113	0.000988	0.000113	nan	nan
87	G	38	78908	77899	0.000488	11	0	78817	0	0	0	nan	0	0	0	0	0	0	nan	0	0	0	0.000488	0.000079	0.000488	0.000079	nan	nan
88	C	198	78907	71570	0.002767	11	0	78815	0	0	0	nan	0	0	0	0	0	0	nan	0	0	0	0.002767	0.000197	0.002767	0.000197	0.135458	0.009644
89	C	132	78907	71483	0.001847	11	0	78815	0	0	0	nan	0	0	0	0	0	0	nan	0	0	0	0.001847	0.000161	0.001847	0.000161	0.090420	0.007882
90	U	91	78907	71345	0.001275	11	0	78815	0	0	0	nan	0	0	0	0	0	0	nan	0	0	0	0.001275	0.000134	0.001275	0.000134	0.494953	0.052019
91	U	88	78907	77925	0.001129	11	0	78815	0	0	0	nan	0	0	0	0	0	0	nan	0	0	0	0.001129	0.000120	0.001129	0.000120	0.438276	0.046584
92	G	42	78908	77591	0.000541	11	0	78816	0	0	0	nan	0	0	0	0	0	0	nan	0	0	0	0.000541	0.000084	0.000541	0.000084	nan	nan
93	C	2341	78908	77707	0.030126	11	0	78816	0	0	0	nan	0	0	0	0	0	0	nan	0	0	0	0.030126	0.000623	0.030126	0.000623	1.474813	0.030499
94	A	874	78908	77643	0.011257	11	0	78817	0	0	0	nan	0	0	0	0	0	0	nan	0	0	0	0.011257	0.000381	0.011257	0.000381	0.343269	0.011618
95	A	1309	78909	77753	0.016835	11	0	78819	0	0	0	nan	0	0	0	0	0	0	nan	0	0	0	0.016835	0.000465	0.016835	0.000465	0.513364	0.014180
96	A	391	78909	78013	0.005012	11	0	78819	0	0	0	nan	0	0	0	0	0	0	nan	0	0	0	0.005012	0.000253	0.005012	0.000253	0.152835	0.007715
97	G	45	78909	77842	0.000578	11	0	78819	0	0	0	nan	0	0	0	0	0	0	nan	0	0	0	0.000578	0.000086	0.000578	0.000086	nan	nan
98	G	17	78908	77918	0.000218	11	0	78818	0	0	0	nan	0	0	0	0	0	0	nan	0	0	0	0.000218	0.000053	0.000218	0.000053	nan	nan
99	G	61	78908	77486	0.000787	11	0	78818	0	0	0	nan	0	0	0	0	0	0	nan	0	0	0	0.000787	0.000101	0.000787	0.000101	nan	nan
100	U	63	78908	78088	0.000807	11	0	78818	0	0	0	nan	0	0	0	0	0	0	nan	0	0	0	0.000807	0.000102	0.000807	0.000102	0.313276	0.039596
101	A	1363	78908	77924	0.017491	11	0	78817	0	0	0	nan	0	0	0	0	0	0	nan	0	0	0	0.017491	0.000474	0.017491	0.000474	0.533368	0.014454
102	U	155	78908	78010	0.001987	11	0	78817	0	0	0	nan	0	0	0	0	0	0	nan	0	0	0	0.001987	0.000160	0.001987	0.000160	0.771351	0.062112
103	G	34	78908	77499	0.000439	11	0	78817	0	0	0	nan	0	0	0	0	0	0	nan	0	0	0	0.000439	0.000075	0.000439	0.000075	nan	nan
104	G	19	78908	77298	0.000246	11	0	78816	0	0	0	nan	0	0	0	0	0	0	nan	0	0	0	0.000246	0.000056	0.000246	0.000056	nan	nan
105	U	69	78909	77587	0.000889	11	0	78813	0	0	0	nan	0	0	0	0	0	0	nan	0	0	0	0.000889	0.000107	0.000889	0.000107	0.345109	0.041537
106	A	1775	78910	77805	0.022813	11	0	78809	0	0	0	nan	0	0	0	0	0	0	nan	0	0	0	0.022813	0.000541	0.022813	0.000541	0.695656	0.016497
107	A	1114	78909	77770	0.014324	11	0	78808	0	0	0	nan	0	0	0	0	0	0	nan	0	0	0	0.014324	0.000429	0.014324	0.000429	0.436794	0.013082
108	U	155	78909	77563	0.001998	11	0	78808	0	0	0	nan	0	0	0	0	0	0	nan	0	0	0	0.001998	0.000161	0.001998	0.000161	0.775621	0.062500
109	A	1363	78910	77528	0.017581	11	0	78810	0	0	0	nan	0	0	0	0	0	0	nan	0	0	0	0.017581	0.000476	0.017581	0.000476	0.536112	0.014515
110	A	1470	78910	77828	0.018888	11	0	78810	0	0	0	nan	0	0	0	0	0	0	nan	0	0	0	0.018888	0.000493	0.018888	0.000493	0.575968	0.015033
111	G	89	78910	77789	0.001144	11	0	78810	0	0	0	nan	0	0	0	0	0	0	nan	0	0	0	0.001144	0.000121	0.001144	0.000121	nan	nan
112	C	143	78910	78308	0.001826	11	0	78810	0	0	0	nan	0	0	0	0	0	0	nan	0	0	0	0.001826	0.000153	0.001826	0.000153	0.089391	0.007490
113	U	79	78910	78201	0.001010	11	0	78808	0	0	0	nan	0	0	0	0	0	0	nan	0	0	0	0.001010	0.000114	0.001010	0.000114	0.392081	0.044255
114	G	37	78910	77950	0.000475	11	0	78808	0	0	0	nan	0	0	0	0	0	0	nan	0	0	0	0.000475	0.000078	0.000475	0.000078	nan	nan
115	A	350	78910	77948	0.004490	11	0	78808	0	0	0	nan	0	0	0	0	0	0	nan	0	0	0	0.004490	0.000240	0.004490	0.000240	0.136917	0.007319
116	C	156	78910	77989	0.002000	11	0	78808	0	0	0	nan	0	0	0	0	0	0	nan	0	0	0	0.002000	0.000160	0.002000	0.000160	0.097910	0.007833
117	G	35	78911	77503	0.000452	11	0	78810	0	0	0	nan	0	0	0	0	0	0	nan	0	0	0	0.000452	0.000076	0.000452	0.000076	nan	nan
118	G	39	78912	77758	0.000502	11	0	78813	0	0	0	nan	0	0	0	0	0	0	nan	0	0	0	0.000502	0.000080	0.000502	0.000080	nan	nan
119	A	749	78913	77751	0.009633	11	0	78813	0	0	0	nan	0	0	0	0	0	0	nan	0	0	0	0.009633	0.000352	0.009633	0.000352	0.293747	0.010734
120	C	1432	78914	78078	0.018341	11	0	78814	0	0	0	nan	0	0	0	0	0	0	nan	0	0	0	0.018341	0.000485	0.018341	0.000485	0.897880	0.023743
121	A	1658	78914	78131	0.021221	11	0	78814	0	0	0	nan	0	0	0	0	0	0	nan	0	0	0	0.021221	0.000521	0.021221	0.000521	0.647110	0.015887
122	U	144	78915	78201	0.001841	11	0	78814	0	0	0	nan	0	0	0	0	0	0	nan	0	0	0	0.001841	0.000153	0.001841	0.000153	0.714674	0.059394
123	G	32	78915	78018	0.000410	11	0	78813	0	0	0	nan	0	0	0	0	0	0	nan	0	0	0	0.000410	0.000073	0.000410	0.000073	nan	nan
124	G	27	78915	77836	0.000347	11	0	78813	0	0	0	nan	0	0	0	0	0	0	nan	0	0	0	0.000347	0.000067	0.000347	0.000067	nan	nan
125	U	69	78914	76740	0.000899	11	0	78813	0	0	0	nan	0	0	0	0	0	0	nan	0	0	0	0.000899	0.000108	0.000899	0.000108	0.348991	0.041925
126	C	64	78913	76703	0.000834	11	0	78812	0	0	0	nan	0	0	0	0	0	0	nan	0	0	0	0.000834	0.000104	0.000834	0.000104	0.040828	0.005091
127	C	65	78911	76708	0.000847	11	0	78811	0	0	0	nan	0	0	0	0	0	0	nan	0	0	0	0.000847	0.000105	0.000847	0.000105	0.041465	0.005140
128	U	127	78902	77561	0.001637	11	0	78799	0	0	0	nan	0	0	0	0	0	0	nan	0	0	0	0.001637	0.000145	0.001637	0.000145	0.635481	0.056289
129	A	1635	78665	77011	0.021231	11	0	78433	0	0	0	nan	0	0	0	0	0	0	nan	0	0	0	0.021231	0.000525	0.021231	0.000525	0.647415	0.016009
130	A	2606	78662	76860	0.033906	11	0	78432	0	0	0	nan	0	0	0	0	0	0	nan	0	0	0	0.033906	0.000664	0.033906	0.000664	1.033924	0.020248
131	C	444	78662	76822	0.005780	11	0	78432	0	0	0	nan	0	0	0	0	0	0	nan	0	0	0	0.005780	0.000274	0.005780	0.000274	0.282959	0.013414
132	C	127	78662	76721	0.001655	11	0	78433	0	0	0	nan	0	0	0	0	0	0	nan	0	0	0	0.001655	0.000147	0.001655	0.000147	0.081020	0.007196
133	A	947	78662	76694	0.012348	11	0	78435	0	0	0	nan	0	0	0	0	0	0	nan	0	0	0	0.012348	0.000401	0.012348	0.000401	0.376538	0.012228
134	C	150	78663	76640	0.001957	5	0	78437	0	0	0	nan	0	0	0	0	0	0	nan	0	0	0	0.001957	0.000160	0.001957	0.000160	0.095805	0.007833
135	G	79	78663	75914	0.001041	5	0	78438	0	0	0	nan	0	0	0	0	0	0	nan	0	0	0	0.001041	0.000117	0.001041	0.000117	nan	nan
136	C	106	78662	76335	0.001389	5	0	78439	0	0	0	nan	0	0	0	0	0	0	nan	0	0	0	0.001389	0.000135	0.001389	0.000135	0.067998	0.006609
137	A	378	78664	76338	0.004952	5	0	78448	0	0	0	nan	0	0	0	0	0	0	nan	0	0	0	0.004952	0.000255	0.004952	0.000255	0.151006	0.007776
138	G	54	78664	76063	0.000710	1	0	78450	0	0	0	nan	0	0	0	0	0	0	nan	0	0	0	0.000710	0.000097	0.000710	0.000097	nan	nan
139	C	614	78665	76435	0.008033	1	0	78452	0	0	0	nan	0	0	0	0	0	0	nan	0	0	0	0.008033	0.000324	0.008033	0.000324	0.393254	0.015861
140	C	575	78665	76341	0.007532	1	0	78453	0	0	0	nan	0	0	0	0	0	0	nan	0	0	0	0.007532	0.000314	0.007532	0.000314	0.368728	0.015372
141	A	1228	78666	76080	0.016141	1	0	78458	0	0	0	nan	0	0	0	0	0	0	nan	0	0	0	0.016141	0.000461	0.016141	0.000461	0.492201	0.014058
142	A	724	78667	75928	0.009535	1	0	78461	0	0	0	nan	0	0	0	0	0	0	nan	0	0	0	0.009535	0.000354	0.009535	0.000354	0.290759	0.010795
143	G	55	78669	75439	0.000729	1	0	78464	0	0	0	nan	0	0	0	0	0	0	nan	0	0	0	0.000729	0.000098	0.000729	0.000098	nan	nan
144	U	94	78670	75822	0.001240	1	0	78467	0	0	0	nan	0	0	0	0	0	0	nan	0	0	0	0.001240	0.000128	0.001240	0.000128	0.481366	0.049689
145	C	213	78672	76156	0.002797	1	0	78472	0	0	0	nan	0	0	0	0	0	0	nan	0	0	0	0.002797	0.000192	0.002797	0.000192	0.136927	0.009399
146	C	210	78672	74935	0.002802	1	0	78476	0	0	0	nan	0	0	0	0	0	0	nan	0	0	0	0.002802	0.000193	0.002802	0.000193	0.137171	0.009448
147	U	106	78673	74819	0.001417	1	0	78481	0	0	0	nan	0	0	0	0	0	0	nan	0	0	0	0.001417	0.000138	0.001417	0.000138	0.550078	0.053571
148	A	753	78675	74364	0.010126	1	0	78485	0	0	0	nan	0	0	0	0	0	0	nan	0	0	0	0.010126	0.000369	0.010126	0.000369	0.308781	0.011252
149	A	1015	78678	74818	0.013566	1	0	78490	0	0	0	nan	0	0	0	0	0	0	nan	0	0	0	0.013566	0.000426	0.013566	0.000426	0.413680	0.012990
150	G	98	78679	73916	0.001326	1	0	78494	0	0	0	nan	0	0	0	0	0	0	nan	0	0	0	0.001326	0.000134	0.001326	0.000134	nan	nan
151	U	110	78680	74744	0.001472	1	0	78498	0	0	0	nan	0	0	0	0	0	0	nan	0	0	0	0.001472	0.000140	0.001472	0.000140	0.571429	0.054348
152	C	342	78681	75920	0.004505	1	0	78502	0	0	0	nan	0	0	0	0	0	0	nan	0	0	0	0.004505	0.000244	0.004505	0.000244	0.220541	0.011945
153	A	441	78684	76358	0.005775	1	0	78505	0	0	0	nan	0	0	0	0	0	0	nan	0	0	0	0.005775	0.000275	0.005775	0.000275	0.176102	0.008386
154	A	511	78684	76173	0.006708	1	0	78506	0	0	0	nan	0	0	0	0	0	0	nan	0	0	0	0.006708	0.000297	0.006708	0.000297	0.204553	0.009057
155	C	359	78684	75933	0.004728	1	0	78508	0	0	0	nan	0	0	0	0	0	0	nan	0	0	0	0.004728	0.000250	0.004728	0.000250	0.231458	0.012239
156	A	301	78685	76086	0.003956	1	0	78514	0	0	0	nan	0	0	0	0	0	0	nan	0	0	0	0.003956	0.000228	0.003956	0.000228	0.120634	0.006953
157	G	46	78686	75607	0.000608	1	0	78518	0	0	0	nan	0	0	0	0	0	0	nan	0	0	0	0.000608	0.000090	0.000608	0.000090	nan	nan
158	A	1086	78686	74649	0.014548	1	0	78518	0	0	0	nan	0	0	0	0	0	0	nan	0	0	0	0.014548	0.000441	0.014548	0.000441	0.443624	0.013448
159	U	216	78686	74636	0.002894	1	0	78520	0	0	0	nan	0	0	0	0	0	0	nan	0	0	0	0.002894	0.000197	0.002894	0.000197	1.123447	0.076475
160	C	1675	78687	74400	0.022513	1	0	78525	0	0	0	nan	0	0	0	0	0	0	nan	0	0	0	0.022513	0.000550	0.022513	0.000550	1.102120	0.026925
161	U	124	78688	74523	0.001664	1	0	78527	0	0	0	nan	0	0	0	0	0	0	nan	0	0	0	0.001664	0.000149	0.001664	0.000149	0.645963	0.057842
162	U	125	78688	74562	0.001676	1	0	78531	0	0	0	nan	0	0	0	0	0	0	nan	0	0	0	0.001676	0.000150	0.001676	0.000150	0.650621	0.058230
163	C	129	78692	74849	0.001723	1	0	78543	0	0	0	nan	0	0	0	0	0	0	nan	0	0	0	0.001723	0.000152	0.001723	0.000152	0.084349	0.007441
164	U	83	78695	74808	0.001110	1	0	78551	0	0	0	nan	0	0	0	0	0	0	nan	0	0	0	0.001110	0.000122	0.001110	0.000122	0.430901	0.047360
165	G	39	78696	72192	0.000540	1	0	78562	0	0	0	nan	0	0	0	0	0	0	nan	0	0	0	0.000540	0.000087	0.000540	0.000087	nan	nan
166	U	98	78699	72677	0.001348	1	0	78571	0	0	0	nan	0	0	0	0	0	0	nan	0	0	0	0.001348	0.000136	0.001348	0.000136	0.523292	0.052795
167	U	67	78702	74209	0.000903	1	0	78578	0	0	0	nan	0	0	0	0	0	0	nan	0	0	0	0.000903	0.000110	0.000903	0.000110	0.350543	0.042702
168	G	19	78703	76443	0.000249	1	0	78588	0	0	0	nan	0	0	0	0	0	0	nan	0	0	0	0.000249	0.000057	0.000249	0.000057	nan	nan
169	A	187	78703	76377	0.002448	1	0	78593	0	0	0	nan	0	0	0	0	0	0	nan	0	0	0	0.002448	0.000179	0.002448	0.000179	0.074649	0.005458
170	U	33	78703	75711	0.000436	1	0	78596	0	0	0	nan	0	0	0	0	0	0	nan	0	0	0	0.000436	0.000076	0.000436	0.000076	0.169255	0.029503
171	A	1268	78704	74474	0.017026	1	0	78600	0	0	0	nan	0	0	0	0	0	0	nan	0	0	0	0.017026	0.000478	0.017026	0.000478	0.519188	0.014576
172	U	77	78705	75119	0.001025	1	0	78603	0	0	0	nan	0	0	0	0	0	0	nan	0	0	0	0.001025	0.000117	0.001025	0.000117	0.397904	0.045419
173	G	10	78706	75637	0.000132	1	0	78610	0	0	0	nan	0	0	0	0	0	0	nan	0	0	0	0.000132	0.000042	0.000132	0.000042	nan	nan
174	G	27	78708	76633	0.000352	1	0	78616	0	0	0	nan	0	0	0	0	0	0	nan	0	0	0	0.000352	0.000068	0.000352	0.000068	nan	nan
175	A	241	78708	72602	0.003319	1	0	78618	0	0	0	nan	0	0	0	0	0	0	nan	0	0	0	0.003319	0.000214	0.003319	0.000214	0.101209	0.006526
176	U	78	78708	72597	0.001074	1	0	78618	0	0	0	nan	0	0	0	0	0	0	nan	0	0	0	0.001074	0.000122	0.001074	0.000122	0.416925	0.047360
177	G	47	78708	72363	0.000650	1	0	78623	0	0	0	nan	0	0	0	0	0	0	nan	0	0	0	0.000650	0.000095	0.000650	0.000095	nan	nan
178	C	654	78708	76011	0.008604	1	0	78623	0	0	0	nan	0	0	0	0	0	0	nan	0	0	0	0.008604	0.000336	0.008604	0.000336	0.421207	0.016449
179	A	462	78709	75981	0.006080	1	0	78629	0	0	0	nan	0	0	0	0	0	0	nan	0	0	0	0.006080	0.000283	0.006080	0.000283	0.185403	0.008630
180	G	64	78711	73654	0.000869	1	0	78642	0	0	0	nan	0	0	0	0	0	0	nan	0	0	0	0.000869	0.000109	0.000869	0.000109	nan	nan
181	U	107	78711	72405	0.001478	1	0	78645	0	0	0	nan	0	0	0	0	0	0	nan	0	0	0	0.001478	0.000143	0.001478	0.000143	0.573758	0.055512
182	U	76	78715	71641	0.001061	1	0	78655	0	0	0	nan	0	0	0	0	0	0	nan	0	0	0	0.001061	0.000122	0.001061	0.000122	0.411879	0.047360
183	C	214	78715	73860	0.002897	1	0	78661	0	0	0	nan	0	0	0	0	0	0	nan	0	0	0	0.002897	0.000198	0.002897	0.000198	0.141822	0.009693
184	A	316	78717	75298	0.004197	1	0	78674	0	0	0	nan	0	0	0	0	0	0	nan	0	0	0	0.004197	0.000236	0.004197	0.000236	0.127983	0.007197
185	A	738	78720	75449	0.009781	1	0	78678	0	0	0	nan	0	0	0	0	0	0	nan	0	0	0	0.009781	0.000360	0.009781	0.000360	0.298260	0.010978
186	C	214	78721	74631	0.002867	1	0	78683	0	0	0	nan	0	0	0	0	0	0	nan	0	0	0	0.002867	0.000196	0.002867	0.000196	0.140353	0.009595
187	C	88	78722	74575	0.001180	1	0	78689	0	0	0	nan	0	0	0	0	0	0	nan	0	0	0	0.001180	0.000126	0.001180	0.000126	0.057767	0.006168
188	A	111	78726	74822	0.001484	1	0	78711	0	0	0	nan	0	0	0	0	0	0	nan	0	0	0	0.001484	0.000141	0.001484	0.000141	0.045253	0.004300
189	A	160	78729	74760	0.002140	1	0	78719	0	0	0	nan	0	0	0	0	0	0	nan	0	0	0	0.002140	0.000169	0.002140	0.000169	0.065257	0.005153
190	A	0	78731	72022	0.000000	1	0	78731	0	0	0	nan	0	0	0	0	0	0	nan	0	0	0	0.000000	0.000000	0.000000	0.000000	0.000000	0.000000
191	U	0	78731	0	nan	1	0	78731	0	0	0	nan	0	0	0	0	0	0	nan	0	0	0	nan	nan	nan	nan	nan	nan
192	C	0	78731	0	nan	1	0	78731	0	0	0	nan	0	0	0	0	0	0	nan	0	0	0	nan	nan	nan	nan	nan	nan
193	A	0	78731	0	nan	1	0	78731	0	0	0	nan	0	0	0	0	0	0	nan	0	0	0	nan	nan	nan	nan	nan	nan
194	c	0	78731	0	nan	1	0	78731	0	0	0	nan	0	0	0	0	0	0	nan	0	0	0	nan	nan	nan	nan	nan	nan
195	c	0	78731	0	nan	1	0	78731	0	0	0	nan	0	0	0	0	0	0	nan	0	0	0	nan	nan	nan	nan	nan	nan
196	a	0	78731	0	nan	1	0	78731	0	0	0	nan	0	0	0	0	0	0	nan	0	0	0	nan	nan	nan	nan	nan	nan
197	a	0	78731	0	nan	1	0	78731	0	0	0	nan	0	0	0	0	0	0	nan	0	0	0	nan	nan	nan	nan	nan	nan
198	a	0	78731	0	nan	1	0	78731	0	0	0	nan	0	0	0	0	0	0	nan	0	0	0	nan	nan	nan	nan	nan	nan
199	c	0	78731	0	nan	1	0	78731	0	0	0	nan	0	0	0	0	0	0	nan	0	0	0	nan	nan	nan	nan	nan	nan
200	c	0	78731	0	nan	1	0	78731	0	0	0	nan	0	0	0	0	0	0	nan	0	0	0	nan	nan	nan	nan	nan	nan
201	a	0	78731	0	nan	1	0	78731	0	0	0	nan	0	0	0	0	0	0	nan	0	0	0	nan	nan	nan	nan	nan	nan
202	a	0	78731	0	nan	1	0	78731	0	0	0	nan	0	0	0	0	0	0	nan	0	0	0	nan	nan	nan	nan	nan	nan
203	a	0	78731	0	nan	1	0	78731	0	0	0	nan	0	0	0	0	0	0	nan	0	0	0	nan	nan	nan	nan	nan	nan
204	g	0	78731	0	nan	1	0	78731	0	0	0	nan	0	0	0	0	0	0	nan	0	0	0	nan	nan	nan	nan	nan	nan
205	a	0	78731	0	nan	1	0	78731	0	0	0	nan	0	0	0	0	0	0	nan	0	0	0	nan	nan	nan	nan	nan	nan
206	a	0	78730	0	nan	1	0	78730	0	0	0	nan	0	0	0	0	0	0	nan	0	0	0	nan	nan	nan	nan	nan	nan
207	a	0	78730	0	nan	1	0	78730	0	0	0	nan	0	0	0	0	0	0	nan	0	0	0	nan	nan	nan	nan	nan	nan
208	c	0	78725	0	nan	1	0	78725	0	0	0	nan	0	0	0	0	0	0	nan	0	0	0	nan	nan	nan	nan	nan	nan
209	a	0	78724	0	nan	1	0	78724	0	0	0	nan	0	0	0	0	0	0	nan	0	0	0	nan	nan	nan	nan	nan	nan
210	a	0	78703	0	nan	1	0	78703	0	0	0	nan	0	0	0	0	0	0	nan	0	0	0	nan	nan	nan	nan	nan	nan
211	c	0	78683	0	nan	1	0	78683	0	0	0	nan	0	0	0	0	0	0	nan	0	0	0	nan	nan	nan	nan	nan	nan
212	c	0	78646	0	nan	1	0	78646	0	0	0	nan	0	0	0	0	0	0	nan	0	0	0	nan	nan	nan	nan	nan	nan