Nucleotide	Sequence	Modified_mutations	Modified_read_depth	Modified_effective_depth	Modified_rate	Modified_off_target_mapped_depth	Modified_low_mapq_mapped_depth	Modified_primer_pair_1_mapped_depth	Untreated_mutations	Untreated_read_depth	Untreated_effective_depth	Untreated_rate	Untreated_off_target_mapped_depth	Untreated_low_mapq_mapped_depth	Untreated_primer_pair_1_mapped_depth	Denatured_mutations	Denatured_read_depth	Denatured_effective_depth	Denatured_rate	Denatured_off_target_mapped_depth	Denatured_low_mapq_mapped_depth	Denatured_primer_pair_1_mapped_depth	Reactivity_profile	Std_err	HQ_profile	HQ_stderr	Norm_profile	Norm_stderr
1	g	0	46741	0	nan	3	2	46741	0	0	0	nan	0	0	0	0	0	0	nan	0	0	0	nan	nan	nan	nan	nan	nan
2	g	0	46778	0	nan	3	2	46778	0	0	0	nan	0	0	0	0	0	0	nan	0	0	0	nan	nan	nan	nan	nan	nan
3	u	0	46799	0	nan	3	2	46799	0	0	0	nan	0	0	0	0	0	0	nan	0	0	0	nan	nan	nan	nan	nan	nan
4	g	0	46830	0	nan	3	2	46830	0	0	0	nan	0	0	0	0	0	0	nan	0	0	0	nan	nan	nan	nan	nan	nan
5	u	0	46859	0	nan	3	2	46859	0	0	0	nan	0	0	0	0	0	0	nan	0	0	0	nan	nan	nan	nan	nan	nan
6	a	0	46885	0	nan	3	2	46885	0	0	0	nan	0	0	0	0	0	0	nan	0	0	0	nan	nan	nan	nan	nan	nan
7	a	0	46955	0	nan	3	2	46955	0	0	0	nan	0	0	0	0	0	0	nan	0	0	0	nan	nan	nan	nan	nan	nan
8	g	0	47172	0	nan	3	2	47172	0	0	0	nan	0	0	0	0	0	0	nan	0	0	0	nan	nan	nan	nan	nan	nan
9	g	0	49192	0	nan	3	2	49192	0	0	0	nan	0	0	0	0	0	0	nan	0	0	0	nan	nan	nan	nan	nan	nan
10	g	0	192070	0	nan	3	2	192070	0	0	0	nan	0	0	0	0	0	0	nan	0	0	0	nan	nan	nan	nan	nan	nan
11	u	0	203535	0	nan	3	2	203535	0	0	0	nan	0	0	0	0	0	0	nan	0	0	0	nan	nan	nan	nan	nan	nan
12	g	0	204193	0	nan	3	2	204193	0	0	0	nan	0	0	0	0	0	0	nan	0	0	0	nan	nan	nan	nan	nan	nan
13	a	0	204235	0	nan	3	2	204235	0	0	0	nan	0	0	0	0	0	0	nan	0	0	0	nan	nan	nan	nan	nan	nan
14	a	0	204261	0	nan	3	2	204261	0	0	0	nan	0	0	0	0	0	0	nan	0	0	0	nan	nan	nan	nan	nan	nan
15	g	0	204281	0	nan	5	2	204281	0	0	0	nan	0	0	0	0	0	0	nan	0	0	0	nan	nan	nan	nan	nan	nan
16	u	0	204294	0	nan	5	2	204294	0	0	0	nan	0	0	0	0	0	0	nan	0	0	0	nan	nan	nan	nan	nan	nan
17	g	0	204331	0	nan	5	2	204331	0	0	0	nan	0	0	0	0	0	0	nan	0	0	0	nan	nan	nan	nan	nan	nan
18	u	0	204345	0	nan	5	2	204345	0	0	0	nan	0	0	0	0	0	0	nan	0	0	0	nan	nan	nan	nan	nan	nan
19	a	0	204415	0	nan	5	2	204415	0	0	0	nan	0	0	0	0	0	0	nan	0	0	0	nan	nan	nan	nan	nan	nan
20	A	0	204473	21	0.000000	5	2	204473	0	0	0	nan	0	0	0	0	0	0	nan	0	0	0	0.000000	0.000000	nan	nan	nan	nan
21	G	0	204536	44	0.000000	5	2	204536	0	0	0	nan	0	0	0	0	0	0	nan	0	0	0	0.000000	0.000000	nan	nan	nan	nan
22	G	0	204563	52	0.000000	5	2	204563	0	0	0	nan	0	0	0	0	0	0	nan	0	0	0	0.000000	0.000000	nan	nan	nan	nan
23	U	0	204576	202086	0.000000	5	2	204576	0	0	0	nan	0	0	0	0	0	0	nan	0	0	0	0.000000	0.000000	0.000000	0.000000	nan	nan
24	U	302	204580	201867	0.001496	5	2	204580	0	0	0	nan	0	0	0	0	0	0	nan	0	0	0	0.001496	0.000086	0.001496	0.000086	nan	nan
25	G	252	204584	199503	0.001263	5	2	204584	0	0	0	nan	0	0	0	0	0	0	nan	0	0	0	0.001263	0.000080	0.001263	0.000080	nan	nan
26	A	7926	204583	194665	0.040716	5	1	204526	0	0	0	nan	0	0	0	0	0	0	nan	0	0	0	0.040716	0.000457	0.040716	0.000457	0.932848	0.010470
27	C	17834	204595	193305	0.092258	5	1	204531	0	0	0	nan	0	0	0	0	0	0	nan	0	0	0	0.092258	0.000691	0.092258	0.000691	1.246932	0.009339
28	C	6920	204611	195276	0.035437	5	1	204551	0	0	0	nan	0	0	0	0	0	0	nan	0	0	0	0.035437	0.000426	0.035437	0.000426	0.478956	0.005758
29	U	208	204706	199069	0.001045	5	1	204658	0	0	0	nan	0	0	0	0	0	0	nan	0	0	0	0.001045	0.000072	0.001045	0.000072	nan	nan
30	U	230	204741	200221	0.001149	5	1	204693	0	0	0	nan	0	0	0	0	0	0	nan	0	0	0	0.001149	0.000076	0.001149	0.000076	nan	nan
31	U	306	204766	200886	0.001523	5	1	204722	0	0	0	nan	0	0	0	0	0	0	nan	0	0	0	0.001523	0.000087	0.001523	0.000087	nan	nan
32	U	240	204808	201720	0.001190	5	1	204763	0	0	0	nan	0	0	0	0	0	0	nan	0	0	0	0.001190	0.000077	0.001190	0.000077	nan	nan
33	G	74	204846	199377	0.000371	5	1	204801	0	0	0	nan	0	0	0	0	0	0	nan	0	0	0	0.000371	0.000043	0.000371	0.000043	nan	nan
34	A	8708	204871	198631	0.043840	5	1	204827	0	0	0	nan	0	0	0	0	0	0	nan	0	0	0	0.043840	0.000470	0.043840	0.000470	1.004422	0.010768
35	A	6887	204887	197727	0.034831	5	1	204844	0	0	0	nan	0	0	0	0	0	0	nan	0	0	0	0.034831	0.000420	0.034831	0.000420	0.798016	0.009623
36	U	270	204899	197515	0.001367	5	1	204856	0	0	0	nan	0	0	0	0	0	0	nan	0	0	0	0.001367	0.000083	0.001367	0.000083	nan	nan
37	A	7705	204916	198588	0.038799	5	1	204873	0	0	0	nan	0	0	0	0	0	0	nan	0	0	0	0.038799	0.000442	0.038799	0.000442	0.888927	0.010127
38	G	237	204945	197556	0.001200	5	2	204906	0	0	0	nan	0	0	0	0	0	0	nan	0	0	0	0.001200	0.000078	0.001200	0.000078	nan	nan
39	U	312	204961	200933	0.001553	5	2	204925	0	0	0	nan	0	0	0	0	0	0	nan	0	0	0	0.001553	0.000088	0.001553	0.000088	nan	nan
40	G	291	204993	198734	0.001464	5	2	204961	0	0	0	nan	0	0	0	0	0	0	nan	0	0	0	0.001464	0.000086	0.001464	0.000086	nan	nan
41	A	8704	205011	199417	0.043647	5	3	204982	0	0	0	nan	0	0	0	0	0	0	nan	0	0	0	0.043647	0.000468	0.043647	0.000468	1.000000	0.010722
42	U	321	205060	198701	0.001615	3	3	205034	0	0	0	nan	0	0	0	0	0	0	nan	0	0	0	0.001615	0.000090	0.001615	0.000090	nan	nan
43	U	304	205084	198737	0.001530	3	3	205057	0	0	0	nan	0	0	0	0	0	0	nan	0	0	0	0.001530	0.000088	0.001530	0.000088	nan	nan
44	C	10981	205103	197080	0.055718	3	3	205079	0	0	0	nan	0	0	0	0	0	0	nan	0	0	0	0.055718	0.000532	0.055718	0.000532	0.753068	0.007190
45	A	8992	205140	197978	0.045419	3	4	205120	0	0	0	nan	0	0	0	0	0	0	nan	0	0	0	0.045419	0.000479	0.045419	0.000479	1.040598	0.010974
46	G	240	205174	199191	0.001205	3	4	205161	0	0	0	nan	0	0	0	0	0	0	nan	0	0	0	0.001205	0.000078	0.001205	0.000078	nan	nan
47	G	184	205187	199194	0.000924	3	4	205175	0	0	0	nan	0	0	0	0	0	0	nan	0	0	0	0.000924	0.000068	0.000924	0.000068	nan	nan
48	A	8021	205191	200109	0.040083	3	4	205179	0	0	0	nan	0	0	0	0	0	0	nan	0	0	0	0.040083	0.000448	0.040083	0.000448	0.918345	0.010264
49	G	261	205251	199761	0.001307	3	4	205244	0	0	0	nan	0	0	0	0	0	0	nan	0	0	0	0.001307	0.000081	0.001307	0.000081	nan	nan
50	G	219	205268	200598	0.001092	3	4	205264	0	0	0	nan	0	0	0	0	0	0	nan	0	0	0	0.001092	0.000074	0.001092	0.000074	nan	nan
51	U	272	205275	201275	0.001351	3	4	205274	0	0	0	nan	0	0	0	0	0	0	nan	0	0	0	0.001351	0.000082	0.001351	0.000082	nan	nan
52	U	308	205277	200165	0.001539	3	4	205277	0	0	0	nan	0	0	0	0	0	0	nan	0	0	0	0.001539	0.000088	0.001539	0.000088	nan	nan
53	A	7768	205280	200511	0.038741	3	4	205279	0	0	0	nan	0	0	0	0	0	0	nan	0	0	0	0.038741	0.000440	0.038741	0.000440	0.887598	0.010081
54	A	6108	205277	201174	0.030362	3	4	205276	0	0	0	nan	0	0	0	0	0	0	nan	0	0	0	0.030362	0.000388	0.030362	0.000388	0.695626	0.008889
55	U	371	205281	202293	0.001834	3	4	205280	0	0	0	nan	0	0	0	0	0	0	nan	0	0	0	0.001834	0.000095	0.001834	0.000095	nan	nan
56	G	294	205282	202664	0.001451	3	4	205281	0	0	0	nan	0	0	0	0	0	0	nan	0	0	0	0.001451	0.000085	0.001451	0.000085	nan	nan
57	G	0	205284	201376	0.000000	3	4	205284	0	0	0	nan	0	0	0	0	0	0	nan	0	0	0	0.000000	0.000000	0.000000	0.000000	nan	nan
58	A	0	205285	0	nan	3	4	205285	0	0	0	nan	0	0	0	0	0	0	nan	0	0	0	nan	nan	nan	nan	nan	nan
59	A	0	205285	0	nan	3	4	205285	0	0	0	nan	0	0	0	0	0	0	nan	0	0	0	nan	nan	nan	nan	nan	nan
60	G	0	205285	0	nan	3	4	205285	0	0	0	nan	0	0	0	0	0	0	nan	0	0	0	nan	nan	nan	nan	nan	nan
61	u	0	205285	0	nan	3	4	205285	0	0	0	nan	0	0	0	0	0	0	nan	0	0	0	nan	nan	nan	nan	nan	nan
62	a	0	205285	0	nan	3	4	205285	0	0	0	nan	0	0	0	0	0	0	nan	0	0	0	nan	nan	nan	nan	nan	nan
63	a	0	205285	0	nan	3	4	205285	0	0	0	nan	0	0	0	0	0	0	nan	0	0	0	nan	nan	nan	nan	nan	nan
64	a	0	205285	0	nan	3	4	205285	0	0	0	nan	0	0	0	0	0	0	nan	0	0	0	nan	nan	nan	nan	nan	nan
65	g	0	205285	0	nan	3	4	205285	0	0	0	nan	0	0	0	0	0	0	nan	0	0	0	nan	nan	nan	nan	nan	nan
66	g	0	205285	0	nan	3	4	205285	0	0	0	nan	0	0	0	0	0	0	nan	0	0	0	nan	nan	nan	nan	nan	nan
67	u	0	205285	0	nan	2	4	205285	0	0	0	nan	0	0	0	0	0	0	nan	0	0	0	nan	nan	nan	nan	nan	nan
68	a	0	205285	0	nan	2	4	205285	0	0	0	nan	0	0	0	0	0	0	nan	0	0	0	nan	nan	nan	nan	nan	nan
69	a	0	205285	0	nan	2	4	205285	0	0	0	nan	0	0	0	0	0	0	nan	0	0	0	nan	nan	nan	nan	nan	nan
70	u	0	205285	0	nan	2	4	205285	0	0	0	nan	0	0	0	0	0	0	nan	0	0	0	nan	nan	nan	nan	nan	nan
71	g	0	205285	0	nan	2	4	205285	0	0	0	nan	0	0	0	0	0	0	nan	0	0	0	nan	nan	nan	nan	nan	nan
72	a	0	205285	0	nan	2	4	205285	0	0	0	nan	0	0	0	0	0	0	nan	0	0	0	nan	nan	nan	nan	nan	nan
73	a	0	205284	0	nan	2	4	205284	0	0	0	nan	0	0	0	0	0	0	nan	0	0	0	nan	nan	nan	nan	nan	nan
74	g	0	205284	0	nan	2	4	205284	0	0	0	nan	0	0	0	0	0	0	nan	0	0	0	nan	nan	nan	nan	nan	nan
75	g	0	205282	0	nan	2	4	205282	0	0	0	nan	0	0	0	0	0	0	nan	0	0	0	nan	nan	nan	nan	nan	nan
76	u	0	205275	0	nan	2	4	205275	0	0	0	nan	0	0	0	0	0	0	nan	0	0	0	nan	nan	nan	nan	nan	nan
77	g	0	205268	0	nan	2	4	205268	0	0	0	nan	0	0	0	0	0	0	nan	0	0	0	nan	nan	nan	nan	nan	nan
78	a	0	205265	0	nan	2	4	205265	0	0	0	nan	0	0	0	0	0	0	nan	0	0	0	nan	nan	nan	nan	nan	nan
79	a	0	205229	0	nan	2	4	205229	0	0	0	nan	0	0	0	0	0	0	nan	0	0	0	nan	nan	nan	nan	nan	nan
80	g	0	205140	0	nan	2	4	205140	0	0	0	nan	0	0	0	0	0	0	nan	0	0	0	nan	nan	nan	nan	nan	nan