Nucleotide	Sequence	Modified_mutations	Modified_read_depth	Modified_effective_depth	Modified_rate	Modified_off_target_mapped_depth	Modified_low_mapq_mapped_depth	Modified_primer_pair_1_mapped_depth	Untreated_mutations	Untreated_read_depth	Untreated_effective_depth	Untreated_rate	Untreated_off_target_mapped_depth	Untreated_low_mapq_mapped_depth	Untreated_primer_pair_1_mapped_depth	Denatured_mutations	Denatured_read_depth	Denatured_effective_depth	Denatured_rate	Denatured_off_target_mapped_depth	Denatured_low_mapq_mapped_depth	Denatured_primer_pair_1_mapped_depth	Reactivity_profile	Std_err	HQ_profile	HQ_stderr	Norm_profile	Norm_stderr
1	g	0	533287	0	nan	1	10	533287	0	0	0	nan	0	0	0	0	0	0	nan	0	0	0	nan	nan	nan	nan	nan	nan
2	g	0	533646	0	nan	1	10	533646	0	0	0	nan	0	0	0	0	0	0	nan	0	0	0	nan	nan	nan	nan	nan	nan
3	u	0	533816	0	nan	1	10	533816	0	0	0	nan	0	0	0	0	0	0	nan	0	0	0	nan	nan	nan	nan	nan	nan
4	g	0	533899	0	nan	1	10	533899	0	0	0	nan	0	0	0	0	0	0	nan	0	0	0	nan	nan	nan	nan	nan	nan
5	u	0	533958	0	nan	1	10	533958	0	0	0	nan	0	0	0	0	0	0	nan	0	0	0	nan	nan	nan	nan	nan	nan
6	a	0	533964	0	nan	1	10	533964	0	0	0	nan	0	0	0	0	0	0	nan	0	0	0	nan	nan	nan	nan	nan	nan
7	a	0	533969	0	nan	1	10	533969	0	0	0	nan	0	0	0	0	0	0	nan	0	0	0	nan	nan	nan	nan	nan	nan
8	g	0	533975	0	nan	1	10	533975	0	0	0	nan	0	0	0	0	0	0	nan	0	0	0	nan	nan	nan	nan	nan	nan
9	g	0	534017	0	nan	1	10	534017	0	0	0	nan	0	0	0	0	0	0	nan	0	0	0	nan	nan	nan	nan	nan	nan
10	g	0	540282	0	nan	1	10	540282	0	0	0	nan	0	0	0	0	0	0	nan	0	0	0	nan	nan	nan	nan	nan	nan
11	u	0	540343	0	nan	1	10	540343	0	0	0	nan	0	0	0	0	0	0	nan	0	0	0	nan	nan	nan	nan	nan	nan
12	g	0	540389	0	nan	1	10	540389	0	0	0	nan	0	0	0	0	0	0	nan	0	0	0	nan	nan	nan	nan	nan	nan
13	a	0	540394	0	nan	3	10	540394	0	0	0	nan	0	0	0	0	0	0	nan	0	0	0	nan	nan	nan	nan	nan	nan
14	a	0	540394	0	nan	4	10	540394	0	0	0	nan	0	0	0	0	0	0	nan	0	0	0	nan	nan	nan	nan	nan	nan
15	g	0	540395	0	nan	90	10	540395	0	0	0	nan	0	0	0	0	0	0	nan	0	0	0	nan	nan	nan	nan	nan	nan
16	u	0	540396	0	nan	92	10	540396	0	0	0	nan	0	0	0	0	0	0	nan	0	0	0	nan	nan	nan	nan	nan	nan
17	g	0	540397	0	nan	92	10	540397	0	0	0	nan	0	0	0	0	0	0	nan	0	0	0	nan	nan	nan	nan	nan	nan
18	u	0	540397	0	nan	97	10	540397	0	0	0	nan	0	0	0	0	0	0	nan	0	0	0	nan	nan	nan	nan	nan	nan
19	a	0	540408	0	nan	97	10	540408	0	0	0	nan	0	0	0	0	0	0	nan	0	0	0	nan	nan	nan	nan	nan	nan
20	A	0	540411	2	0.000000	104	10	540411	0	0	0	nan	0	0	0	0	0	0	nan	0	0	0	0.000000	0.000000	nan	nan	nan	nan
21	G	0	540423	13	0.000000	119	10	540423	0	0	0	nan	0	0	0	0	0	0	nan	0	0	0	0.000000	0.000000	nan	nan	nan	nan
22	G	0	540425	13	0.000000	119	10	540425	0	0	0	nan	0	0	0	0	0	0	nan	0	0	0	0.000000	0.000000	nan	nan	nan	nan
23	U	0	540429	539485	0.000000	134	10	540429	0	0	0	nan	0	0	0	0	0	0	nan	0	0	0	0.000000	0.000000	0.000000	0.000000	nan	nan
24	U	551	540429	539426	0.001021	134	10	540429	0	0	0	nan	0	0	0	0	0	0	nan	0	0	0	0.001021	0.000044	0.001021	0.000044	nan	nan
25	G	216	540429	539100	0.000401	134	10	540429	0	0	0	nan	0	0	0	0	0	0	nan	0	0	0	0.000401	0.000027	0.000401	0.000027	nan	nan
26	A	1586	540429	539386	0.002940	134	10	540428	0	0	0	nan	0	0	0	0	0	0	nan	0	0	0	0.002940	0.000074	0.002940	0.000074	0.807970	0.020337
27	A	1892	540429	539183	0.003509	134	10	540427	0	0	0	nan	0	0	0	0	0	0	nan	0	0	0	0.003509	0.000081	0.003509	0.000081	0.964342	0.022260
28	C	2468	540428	538781	0.004581	134	10	540425	0	0	0	nan	0	0	0	0	0	0	nan	0	0	0	0.004581	0.000092	0.004581	0.000092	0.932234	0.018722
29	U	747	540429	538372	0.001388	134	10	540426	0	0	0	nan	0	0	0	0	0	0	nan	0	0	0	0.001388	0.000051	0.001388	0.000051	nan	nan
30	U	859	540435	538659	0.001595	134	10	540431	0	0	0	nan	0	0	0	0	0	0	nan	0	0	0	0.001595	0.000054	0.001595	0.000054	nan	nan
31	U	1058	540442	538995	0.001963	134	10	540437	0	0	0	nan	0	0	0	0	0	0	nan	0	0	0	0.001963	0.000060	0.001963	0.000060	nan	nan
32	U	498	540453	539446	0.000923	134	10	540446	0	0	0	nan	0	0	0	0	0	0	nan	0	0	0	0.000923	0.000041	0.000923	0.000041	nan	nan
33	G	177	540489	539065	0.000328	134	10	540476	0	0	0	nan	0	0	0	0	0	0	nan	0	0	0	0.000328	0.000025	0.000328	0.000025	nan	nan
34	A	1845	540519	539286	0.003421	134	10	540502	0	0	0	nan	0	0	0	0	0	0	nan	0	0	0	0.003421	0.000080	0.003421	0.000080	0.940158	0.021986
35	A	1853	540524	538981	0.003438	134	10	540506	0	0	0	nan	0	0	0	0	0	0	nan	0	0	0	0.003438	0.000080	0.003438	0.000080	0.944830	0.021986
36	U	438	540527	539107	0.000812	134	10	540508	0	0	0	nan	0	0	0	0	0	0	nan	0	0	0	0.000812	0.000039	0.000812	0.000039	nan	nan
37	A	1824	540527	539343	0.003382	134	10	540506	0	0	0	nan	0	0	0	0	0	0	nan	0	0	0	0.003382	0.000079	0.003382	0.000079	0.929440	0.021711
38	G	319	540526	538512	0.000592	134	10	540506	0	0	0	nan	0	0	0	0	0	0	nan	0	0	0	0.000592	0.000033	0.000592	0.000033	nan	nan
39	U	636	540528	539531	0.001179	134	10	540508	0	0	0	nan	0	0	0	0	0	0	nan	0	0	0	0.001179	0.000047	0.001179	0.000047	nan	nan
40	G	433	540531	538854	0.000804	134	10	540507	0	0	0	nan	0	0	0	0	0	0	nan	0	0	0	0.000804	0.000039	0.000804	0.000039	nan	nan
41	A	2532	540533	539148	0.004696	134	10	540507	0	0	0	nan	0	0	0	0	0	0	nan	0	0	0	0.004696	0.000093	0.004696	0.000093	1.290553	0.025558
42	U	1201	540536	538808	0.002229	134	10	540512	0	0	0	nan	0	0	0	0	0	0	nan	0	0	0	0.002229	0.000064	0.002229	0.000064	nan	nan
43	U	840	540538	538920	0.001559	135	10	540514	0	0	0	nan	0	0	0	0	0	0	nan	0	0	0	0.001559	0.000054	0.001559	0.000054	nan	nan
44	C	2709	540544	539098	0.005025	135	10	540522	0	0	0	nan	0	0	0	0	0	0	nan	0	0	0	0.005025	0.000097	0.005025	0.000097	1.022589	0.019740
45	A	2144	540549	539493	0.003974	135	10	540528	0	0	0	nan	0	0	0	0	0	0	nan	0	0	0	0.003974	0.000086	0.003974	0.000086	1.092133	0.023634
46	G	311	540558	538907	0.000577	135	10	540543	0	0	0	nan	0	0	0	0	0	0	nan	0	0	0	0.000577	0.000033	0.000577	0.000033	nan	nan
47	G	260	540564	538989	0.000482	135	10	540552	0	0	0	nan	0	0	0	0	0	0	nan	0	0	0	0.000482	0.000030	0.000482	0.000030	nan	nan
48	A	1986	540566	539384	0.003682	135	10	540554	0	0	0	nan	0	0	0	0	0	0	nan	0	0	0	0.003682	0.000083	0.003682	0.000083	1.011886	0.022810
49	G	286	540577	538912	0.000531	135	10	540568	0	0	0	nan	0	0	0	0	0	0	nan	0	0	0	0.000531	0.000031	0.000531	0.000031	nan	nan
50	G	404	540579	527867	0.000765	135	10	540570	0	0	0	nan	0	0	0	0	0	0	nan	0	0	0	0.000765	0.000038	0.000765	0.000038	nan	nan
51	U	742	540580	528048	0.001405	135	10	540571	0	0	0	nan	0	0	0	0	0	0	nan	0	0	0	0.001405	0.000052	0.001405	0.000052	nan	nan
52	U	597	540581	527885	0.001131	135	10	540572	0	0	0	nan	0	0	0	0	0	0	nan	0	0	0	0.001131	0.000046	0.001131	0.000046	nan	nan
53	A	1752	540584	538617	0.003253	135	10	540571	0	0	0	nan	0	0	0	0	0	0	nan	0	0	0	0.003253	0.000078	0.003253	0.000078	0.893988	0.021436
54	A	1648	540375	537095	0.003068	72	10	539836	0	0	0	nan	0	0	0	0	0	0	nan	0	0	0	0.003068	0.000076	0.003068	0.000076	0.843147	0.020886
55	U	646	540377	536360	0.001204	71	10	539930	0	0	0	nan	0	0	0	0	0	0	nan	0	0	0	0.001204	0.000047	0.001204	0.000047	nan	nan
56	G	614	540382	536226	0.001145	70	10	539999	0	0	0	nan	0	0	0	0	0	0	nan	0	0	0	0.001145	0.000046	0.001145	0.000046	nan	nan
57	G	0	540394	536455	0.000000	70	10	540361	0	0	0	nan	0	0	0	0	0	0	nan	0	0	0	0.000000	0.000000	0.000000	0.000000	nan	nan
58	A	0	540400	0	nan	69	10	540400	0	0	0	nan	0	0	0	0	0	0	nan	0	0	0	nan	nan	nan	nan	nan	nan
59	A	0	540400	0	nan	69	10	540400	0	0	0	nan	0	0	0	0	0	0	nan	0	0	0	nan	nan	nan	nan	nan	nan
60	G	0	540400	0	nan	69	10	540400	0	0	0	nan	0	0	0	0	0	0	nan	0	0	0	nan	nan	nan	nan	nan	nan
61	u	0	540400	0	nan	68	10	540400	0	0	0	nan	0	0	0	0	0	0	nan	0	0	0	nan	nan	nan	nan	nan	nan
62	a	0	540400	0	nan	68	10	540400	0	0	0	nan	0	0	0	0	0	0	nan	0	0	0	nan	nan	nan	nan	nan	nan
63	a	0	540400	0	nan	68	10	540400	0	0	0	nan	0	0	0	0	0	0	nan	0	0	0	nan	nan	nan	nan	nan	nan
64	a	0	540400	0	nan	68	10	540400	0	0	0	nan	0	0	0	0	0	0	nan	0	0	0	nan	nan	nan	nan	nan	nan
65	g	0	540400	0	nan	68	10	540400	0	0	0	nan	0	0	0	0	0	0	nan	0	0	0	nan	nan	nan	nan	nan	nan
66	g	0	540400	0	nan	68	10	540400	0	0	0	nan	0	0	0	0	0	0	nan	0	0	0	nan	nan	nan	nan	nan	nan
67	u	0	540400	0	nan	66	10	540400	0	0	0	nan	0	0	0	0	0	0	nan	0	0	0	nan	nan	nan	nan	nan	nan
68	a	0	540400	0	nan	66	10	540400	0	0	0	nan	0	0	0	0	0	0	nan	0	0	0	nan	nan	nan	nan	nan	nan
69	a	0	540400	0	nan	66	10	540400	0	0	0	nan	0	0	0	0	0	0	nan	0	0	0	nan	nan	nan	nan	nan	nan
70	u	0	540400	0	nan	66	10	540400	0	0	0	nan	0	0	0	0	0	0	nan	0	0	0	nan	nan	nan	nan	nan	nan
71	g	0	540400	0	nan	66	10	540400	0	0	0	nan	0	0	0	0	0	0	nan	0	0	0	nan	nan	nan	nan	nan	nan
72	a	0	540400	0	nan	66	10	540400	0	0	0	nan	0	0	0	0	0	0	nan	0	0	0	nan	nan	nan	nan	nan	nan
73	a	0	540398	0	nan	66	10	540398	0	0	0	nan	0	0	0	0	0	0	nan	0	0	0	nan	nan	nan	nan	nan	nan
74	g	0	540397	0	nan	66	10	540397	0	0	0	nan	0	0	0	0	0	0	nan	0	0	0	nan	nan	nan	nan	nan	nan
75	g	0	540390	0	nan	66	10	540390	0	0	0	nan	0	0	0	0	0	0	nan	0	0	0	nan	nan	nan	nan	nan	nan
76	u	0	540375	0	nan	66	10	540375	0	0	0	nan	0	0	0	0	0	0	nan	0	0	0	nan	nan	nan	nan	nan	nan
77	g	0	540359	0	nan	66	10	540359	0	0	0	nan	0	0	0	0	0	0	nan	0	0	0	nan	nan	nan	nan	nan	nan
78	a	0	540349	0	nan	66	10	540349	0	0	0	nan	0	0	0	0	0	0	nan	0	0	0	nan	nan	nan	nan	nan	nan
79	a	0	540229	0	nan	66	10	540229	0	0	0	nan	0	0	0	0	0	0	nan	0	0	0	nan	nan	nan	nan	nan	nan
80	g	0	540006	0	nan	66	10	540006	0	0	0	nan	0	0	0	0	0	0	nan	0	0	0	nan	nan	nan	nan	nan	nan