Nucleotide	Sequence	Modified_mutations	Modified_read_depth	Modified_effective_depth	Modified_rate	Modified_off_target_mapped_depth	Modified_low_mapq_mapped_depth	Modified_primer_pair_1_mapped_depth	Untreated_mutations	Untreated_read_depth	Untreated_effective_depth	Untreated_rate	Untreated_off_target_mapped_depth	Untreated_low_mapq_mapped_depth	Untreated_primer_pair_1_mapped_depth	Denatured_mutations	Denatured_read_depth	Denatured_effective_depth	Denatured_rate	Denatured_off_target_mapped_depth	Denatured_low_mapq_mapped_depth	Denatured_primer_pair_1_mapped_depth	Reactivity_profile	Std_err	HQ_profile	HQ_stderr	Norm_profile	Norm_stderr
1	g	0	1308346	0	nan	7	14	1308346	0	0	0	nan	0	0	0	0	0	0	nan	0	0	0	nan	nan	nan	nan	nan	nan
2	g	0	1309213	0	nan	7	14	1309213	0	0	0	nan	0	0	0	0	0	0	nan	0	0	0	nan	nan	nan	nan	nan	nan
3	u	0	1309581	0	nan	7	14	1309581	0	0	0	nan	0	0	0	0	0	0	nan	0	0	0	nan	nan	nan	nan	nan	nan
4	g	0	1309792	0	nan	7	14	1309792	0	0	0	nan	0	0	0	0	0	0	nan	0	0	0	nan	nan	nan	nan	nan	nan
5	u	0	1309920	0	nan	7	14	1309920	0	0	0	nan	0	0	0	0	0	0	nan	0	0	0	nan	nan	nan	nan	nan	nan
6	a	0	1309925	0	nan	7	14	1309925	0	0	0	nan	0	0	0	0	0	0	nan	0	0	0	nan	nan	nan	nan	nan	nan
7	a	0	1309935	0	nan	7	14	1309935	0	0	0	nan	0	0	0	0	0	0	nan	0	0	0	nan	nan	nan	nan	nan	nan
8	g	0	1309951	0	nan	7	14	1309951	0	0	0	nan	0	0	0	0	0	0	nan	0	0	0	nan	nan	nan	nan	nan	nan
9	g	0	1310061	0	nan	7	14	1310061	0	0	0	nan	0	0	0	0	0	0	nan	0	0	0	nan	nan	nan	nan	nan	nan
10	g	0	1331387	0	nan	7	14	1331387	0	0	0	nan	0	0	0	0	0	0	nan	0	0	0	nan	nan	nan	nan	nan	nan
11	u	0	1331556	0	nan	7	14	1331556	0	0	0	nan	0	0	0	0	0	0	nan	0	0	0	nan	nan	nan	nan	nan	nan
12	g	0	1331702	0	nan	7	14	1331702	0	0	0	nan	0	0	0	0	0	0	nan	0	0	0	nan	nan	nan	nan	nan	nan
13	a	0	1331711	0	nan	18	14	1331711	0	0	0	nan	0	0	0	0	0	0	nan	0	0	0	nan	nan	nan	nan	nan	nan
14	a	0	1331712	0	nan	18	14	1331712	0	0	0	nan	0	0	0	0	0	0	nan	0	0	0	nan	nan	nan	nan	nan	nan
15	g	0	1331723	0	nan	208	14	1331723	0	0	0	nan	0	0	0	0	0	0	nan	0	0	0	nan	nan	nan	nan	nan	nan
16	u	0	1331729	0	nan	224	14	1331729	0	0	0	nan	0	0	0	0	0	0	nan	0	0	0	nan	nan	nan	nan	nan	nan
17	g	0	1331736	0	nan	224	14	1331736	0	0	0	nan	0	0	0	0	0	0	nan	0	0	0	nan	nan	nan	nan	nan	nan
18	u	0	1331742	0	nan	232	14	1331742	0	0	0	nan	0	0	0	0	0	0	nan	0	0	0	nan	nan	nan	nan	nan	nan
19	a	0	1331764	0	nan	232	14	1331764	0	0	0	nan	0	0	0	0	0	0	nan	0	0	0	nan	nan	nan	nan	nan	nan
20	A	0	1331789	16	0.000000	245	14	1331789	0	0	0	nan	0	0	0	0	0	0	nan	0	0	0	0.000000	0.000000	nan	nan	nan	nan
21	G	0	1331823	39	0.000000	286	14	1331823	0	0	0	nan	0	0	0	0	0	0	nan	0	0	0	0.000000	0.000000	nan	nan	nan	nan
22	G	0	1331837	44	0.000000	286	14	1331837	0	0	0	nan	0	0	0	0	0	0	nan	0	0	0	0.000000	0.000000	nan	nan	nan	nan
23	U	0	1331843	1327846	0.000000	318	14	1331843	0	0	0	nan	0	0	0	0	0	0	nan	0	0	0	0.000000	0.000000	0.000000	0.000000	nan	nan
24	U	955	1331848	1327689	0.000719	318	14	1331848	0	0	0	nan	0	0	0	0	0	0	nan	0	0	0	0.000719	0.000023	0.000719	0.000023	nan	nan
25	G	449	1331851	1327991	0.000338	318	14	1331851	0	0	0	nan	0	0	0	0	0	0	nan	0	0	0	0.000338	0.000016	0.000338	0.000016	nan	nan
26	A	489	1331855	1328891	0.000368	318	14	1331853	0	0	0	nan	0	0	0	0	0	0	nan	0	0	0	0.000368	0.000017	0.000368	0.000017	nan	nan
27	A	717	1331859	1327685	0.000540	318	14	1331856	0	0	0	nan	0	0	0	0	0	0	nan	0	0	0	0.000540	0.000020	0.000540	0.000020	nan	nan
28	C	1308	1331869	1327297	0.000985	318	14	1331864	0	0	0	nan	0	0	0	0	0	0	nan	0	0	0	0.000985	0.000027	0.000985	0.000027	nan	nan
29	U	1429	1331875	1325734	0.001078	318	14	1331869	0	0	0	nan	0	0	0	0	0	0	nan	0	0	0	0.001078	0.000029	0.001078	0.000029	nan	nan
30	U	1355	1331886	1326581	0.001021	318	14	1331879	0	0	0	nan	0	0	0	0	0	0	nan	0	0	0	0.001021	0.000028	0.001021	0.000028	nan	nan
31	U	1777	1331911	1327267	0.001339	318	14	1331905	0	0	0	nan	0	0	0	0	0	0	nan	0	0	0	0.001339	0.000032	0.001339	0.000032	nan	nan
32	U	871	1331946	1328789	0.000655	318	14	1331936	0	0	0	nan	0	0	0	0	0	0	nan	0	0	0	0.000655	0.000022	0.000655	0.000022	nan	nan
33	G	338	1332337	1329595	0.000254	318	14	1332319	0	0	0	nan	0	0	0	0	0	0	nan	0	0	0	0.000254	0.000014	0.000254	0.000014	nan	nan
34	A	646	1332511	1330157	0.000486	318	14	1332489	0	0	0	nan	0	0	0	0	0	0	nan	0	0	0	0.000486	0.000019	0.000486	0.000019	nan	nan
35	A	708	1332519	1328895	0.000533	318	14	1332491	0	0	0	nan	0	0	0	0	0	0	nan	0	0	0	0.000533	0.000020	0.000533	0.000020	nan	nan
36	U	794	1332518	1329009	0.000597	318	14	1332489	0	0	0	nan	0	0	0	0	0	0	nan	0	0	0	0.000597	0.000021	0.000597	0.000021	nan	nan
37	A	760	1332517	1329374	0.000572	318	14	1332485	0	0	0	nan	0	0	0	0	0	0	nan	0	0	0	0.000572	0.000021	0.000572	0.000021	nan	nan
38	G	633	1332521	1328619	0.000476	322	14	1332488	0	0	0	nan	0	0	0	0	0	0	nan	0	0	0	0.000476	0.000019	0.000476	0.000019	nan	nan
39	U	1083	1332520	1329700	0.000814	322	14	1332486	0	0	0	nan	0	0	0	0	0	0	nan	0	0	0	0.000814	0.000025	0.000814	0.000025	nan	nan
40	G	856	1332526	1328078	0.000645	322	14	1332488	0	0	0	nan	0	0	0	0	0	0	nan	0	0	0	0.000645	0.000022	0.000645	0.000022	nan	nan
41	A	1232	1332529	1328142	0.000928	322	14	1332489	0	0	0	nan	0	0	0	0	0	0	nan	0	0	0	0.000928	0.000026	0.000928	0.000026	nan	nan
42	U	1919	1332534	1326747	0.001446	324	14	1332495	0	0	0	nan	0	0	0	0	0	0	nan	0	0	0	0.001446	0.000033	0.001446	0.000033	nan	nan
43	U	1402	1332537	1327436	0.001056	325	14	1332502	0	0	0	nan	0	0	0	0	0	0	nan	0	0	0	0.001056	0.000028	0.001056	0.000028	nan	nan
44	C	1618	1332564	1328040	0.001218	325	14	1332530	0	0	0	nan	0	0	0	0	0	0	nan	0	0	0	0.001218	0.000030	0.001218	0.000030	nan	nan
45	A	960	1332596	1329743	0.000722	325	14	1332559	0	0	0	nan	0	0	0	0	0	0	nan	0	0	0	0.000722	0.000023	0.000722	0.000023	nan	nan
46	G	487	1332647	1329278	0.000366	325	14	1332619	0	0	0	nan	0	0	0	0	0	0	nan	0	0	0	0.000366	0.000017	0.000366	0.000017	nan	nan
47	G	432	1332664	1329024	0.000325	325	14	1332636	0	0	0	nan	0	0	0	0	0	0	nan	0	0	0	0.000325	0.000016	0.000325	0.000016	nan	nan
48	A	707	1332667	1329328	0.000532	325	14	1332638	0	0	0	nan	0	0	0	0	0	0	nan	0	0	0	0.000532	0.000020	0.000532	0.000020	nan	nan
49	G	515	1332681	1328634	0.000388	325	14	1332656	0	0	0	nan	0	0	0	0	0	0	nan	0	0	0	0.000388	0.000017	0.000388	0.000017	nan	nan
50	G	781	1332686	1299200	0.000601	325	14	1332664	0	0	0	nan	0	0	0	0	0	0	nan	0	0	0	0.000601	0.000022	0.000601	0.000022	nan	nan
51	U	1195	1332694	1298485	0.000920	325	14	1332670	0	0	0	nan	0	0	0	0	0	0	nan	0	0	0	0.000920	0.000027	0.000920	0.000027	nan	nan
52	U	1086	1332697	1297800	0.000837	325	14	1332677	0	0	0	nan	0	0	0	0	0	0	nan	0	0	0	0.000837	0.000025	0.000837	0.000025	nan	nan
53	A	622	1332705	1326365	0.000469	326	14	1332677	0	0	0	nan	0	0	0	0	0	0	nan	0	0	0	0.000469	0.000019	0.000469	0.000019	nan	nan
54	A	605	1331655	1321832	0.000458	181	14	1330318	0	0	0	nan	0	0	0	0	0	0	nan	0	0	0	0.000458	0.000019	0.000458	0.000019	nan	nan
55	U	1175	1331653	1320657	0.000890	180	14	1330501	0	0	0	nan	0	0	0	0	0	0	nan	0	0	0	0.000890	0.000026	0.000890	0.000026	nan	nan
56	G	881	1331663	1321214	0.000667	181	14	1330648	0	0	0	nan	0	0	0	0	0	0	nan	0	0	0	0.000667	0.000022	0.000667	0.000022	nan	nan
57	G	0	1331698	1321728	0.000000	181	14	1331585	0	0	0	nan	0	0	0	0	0	0	nan	0	0	0	0.000000	0.000000	0.000000	0.000000	nan	nan
58	A	0	1331708	0	nan	180	14	1331708	0	0	0	nan	0	0	0	0	0	0	nan	0	0	0	nan	nan	nan	nan	nan	nan
59	A	0	1331708	0	nan	179	14	1331708	0	0	0	nan	0	0	0	0	0	0	nan	0	0	0	nan	nan	nan	nan	nan	nan
60	G	0	1331708	0	nan	179	14	1331708	0	0	0	nan	0	0	0	0	0	0	nan	0	0	0	nan	nan	nan	nan	nan	nan
61	u	0	1331708	0	nan	179	14	1331708	0	0	0	nan	0	0	0	0	0	0	nan	0	0	0	nan	nan	nan	nan	nan	nan
62	a	0	1331708	0	nan	177	14	1331708	0	0	0	nan	0	0	0	0	0	0	nan	0	0	0	nan	nan	nan	nan	nan	nan
63	a	0	1331708	0	nan	177	14	1331708	0	0	0	nan	0	0	0	0	0	0	nan	0	0	0	nan	nan	nan	nan	nan	nan
64	a	0	1331708	0	nan	177	14	1331708	0	0	0	nan	0	0	0	0	0	0	nan	0	0	0	nan	nan	nan	nan	nan	nan
65	g	0	1331708	0	nan	174	14	1331708	0	0	0	nan	0	0	0	0	0	0	nan	0	0	0	nan	nan	nan	nan	nan	nan
66	g	0	1331708	0	nan	174	14	1331708	0	0	0	nan	0	0	0	0	0	0	nan	0	0	0	nan	nan	nan	nan	nan	nan
67	u	0	1331708	0	nan	172	14	1331708	0	0	0	nan	0	0	0	0	0	0	nan	0	0	0	nan	nan	nan	nan	nan	nan
68	a	0	1331708	0	nan	172	14	1331708	0	0	0	nan	0	0	0	0	0	0	nan	0	0	0	nan	nan	nan	nan	nan	nan
69	a	0	1331708	0	nan	171	14	1331708	0	0	0	nan	0	0	0	0	0	0	nan	0	0	0	nan	nan	nan	nan	nan	nan
70	u	0	1331708	0	nan	171	14	1331708	0	0	0	nan	0	0	0	0	0	0	nan	0	0	0	nan	nan	nan	nan	nan	nan
71	g	0	1331706	0	nan	171	14	1331706	0	0	0	nan	0	0	0	0	0	0	nan	0	0	0	nan	nan	nan	nan	nan	nan
72	a	0	1331697	0	nan	171	14	1331697	0	0	0	nan	0	0	0	0	0	0	nan	0	0	0	nan	nan	nan	nan	nan	nan
73	a	0	1331694	0	nan	171	14	1331694	0	0	0	nan	0	0	0	0	0	0	nan	0	0	0	nan	nan	nan	nan	nan	nan
74	g	0	1331691	0	nan	171	14	1331691	0	0	0	nan	0	0	0	0	0	0	nan	0	0	0	nan	nan	nan	nan	nan	nan
75	g	0	1331681	0	nan	171	14	1331681	0	0	0	nan	0	0	0	0	0	0	nan	0	0	0	nan	nan	nan	nan	nan	nan
76	u	0	1331653	0	nan	171	14	1331653	0	0	0	nan	0	0	0	0	0	0	nan	0	0	0	nan	nan	nan	nan	nan	nan
77	g	0	1331604	0	nan	171	14	1331604	0	0	0	nan	0	0	0	0	0	0	nan	0	0	0	nan	nan	nan	nan	nan	nan
78	a	0	1331574	0	nan	171	14	1331574	0	0	0	nan	0	0	0	0	0	0	nan	0	0	0	nan	nan	nan	nan	nan	nan
79	a	0	1331213	0	nan	171	14	1331213	0	0	0	nan	0	0	0	0	0	0	nan	0	0	0	nan	nan	nan	nan	nan	nan
80	g	0	1330632	0	nan	171	14	1330632	0	0	0	nan	0	0	0	0	0	0	nan	0	0	0	nan	nan	nan	nan	nan	nan