Nucleotide	Sequence	Modified_mutations	Modified_read_depth	Modified_effective_depth	Modified_rate	Modified_off_target_mapped_depth	Modified_low_mapq_mapped_depth	Modified_primer_pair_1_mapped_depth	Untreated_mutations	Untreated_read_depth	Untreated_effective_depth	Untreated_rate	Untreated_off_target_mapped_depth	Untreated_low_mapq_mapped_depth	Untreated_primer_pair_1_mapped_depth	Denatured_mutations	Denatured_read_depth	Denatured_effective_depth	Denatured_rate	Denatured_off_target_mapped_depth	Denatured_low_mapq_mapped_depth	Denatured_primer_pair_1_mapped_depth	Reactivity_profile	Std_err	HQ_profile	HQ_stderr
1	g	0	3801	0	nan	1014	0	3801	0	0	0	nan	0	0	0	0	0	0	nan	0	0	0	nan	nan	nan	nan
2	g	0	3802	0	nan	1014	0	3802	0	0	0	nan	0	0	0	0	0	0	nan	0	0	0	nan	nan	nan	nan
3	a	0	3803	0	nan	1014	0	3803	0	0	0	nan	0	0	0	0	0	0	nan	0	0	0	nan	nan	nan	nan
4	u	0	3803	0	nan	1014	0	3803	0	0	0	nan	0	0	0	0	0	0	nan	0	0	0	nan	nan	nan	nan
5	a	0	3803	0	nan	1016	0	3803	0	0	0	nan	0	0	0	0	0	0	nan	0	0	0	nan	nan	nan	nan
6	a	0	3803	0	nan	1016	0	3803	0	0	0	nan	0	0	0	0	0	0	nan	0	0	0	nan	nan	nan	nan
7	u	0	3804	0	nan	1016	0	3804	0	0	0	nan	0	0	0	0	0	0	nan	0	0	0	nan	nan	nan	nan
8	c	0	3804	0	nan	1016	0	3804	0	0	0	nan	0	0	0	0	0	0	nan	0	0	0	nan	nan	nan	nan
9	c	0	3804	0	nan	1016	0	3804	0	0	0	nan	0	0	0	0	0	0	nan	0	0	0	nan	nan	nan	nan
10	a	0	3804	0	nan	1016	0	3804	0	0	0	nan	0	0	0	0	0	0	nan	0	0	0	nan	nan	nan	nan
11	a	0	3804	0	nan	1016	0	3804	0	0	0	nan	0	0	0	0	0	0	nan	0	0	0	nan	nan	nan	nan
12	a	0	3804	0	nan	1016	0	3804	0	0	0	nan	0	0	0	0	0	0	nan	0	0	0	nan	nan	nan	nan
13	a	0	3804	0	nan	1016	0	3804	0	0	0	nan	0	0	0	0	0	0	nan	0	0	0	nan	nan	nan	nan
14	c	0	3804	0	nan	1016	0	3804	0	0	0	nan	0	0	0	0	0	0	nan	0	0	0	nan	nan	nan	nan
15	a	0	3804	0	nan	1016	0	3804	0	0	0	nan	0	0	0	0	0	0	nan	0	0	0	nan	nan	nan	nan
16	a	0	3804	0	nan	1016	0	3804	0	0	0	nan	0	0	0	0	0	0	nan	0	0	0	nan	nan	nan	nan
17	c	0	3804	0	nan	1016	0	3804	0	0	0	nan	0	0	0	0	0	0	nan	0	0	0	nan	nan	nan	nan
18	a	0	3804	0	nan	1016	0	3804	0	0	0	nan	0	0	0	0	0	0	nan	0	0	0	nan	nan	nan	nan
19	a	0	3804	0	nan	1016	0	3804	0	0	0	nan	0	0	0	0	0	0	nan	0	0	0	nan	nan	nan	nan
20	c	0	3804	0	nan	1016	0	3804	0	0	0	nan	0	0	0	0	0	0	nan	0	0	0	nan	nan	nan	nan
21	c	0	3804	0	nan	1016	0	3804	0	0	0	nan	0	0	0	0	0	0	nan	0	0	0	nan	nan	nan	nan
22	A	0	3804	0	nan	1016	0	3804	0	0	0	nan	0	0	0	0	0	0	nan	0	0	0	nan	nan	nan	nan
23	A	0	3804	0	nan	1016	0	3804	0	0	0	nan	0	0	0	0	0	0	nan	0	0	0	nan	nan	nan	nan
24	A	0	3804	0	nan	1016	0	3804	0	0	0	nan	0	0	0	0	0	0	nan	0	0	0	nan	nan	nan	nan
25	G	0	3804	3237	0.000000	1016	0	3804	0	0	0	nan	0	0	0	0	0	0	nan	0	0	0	0.000000	0.000000	nan	nan
26	G	23	3804	2901	0.007928	1016	0	3804	0	0	0	nan	0	0	0	0	0	0	nan	0	0	0	0.007928	0.001653	nan	nan
27	A	66	3804	2900	0.022759	1016	0	3804	0	0	0	nan	0	0	0	0	0	0	nan	0	0	0	0.022759	0.002801	nan	nan
28	A	70	3804	2819	0.024832	1016	0	3804	0	0	0	nan	0	0	0	0	0	0	nan	0	0	0	0.024832	0.002968	nan	nan
29	U	21	3804	3365	0.006241	1016	0	3804	0	0	0	nan	0	0	0	0	0	0	nan	0	0	0	0.006241	0.001362	nan	nan
30	U	19	3804	3417	0.005560	1016	0	3804	0	0	0	nan	0	0	0	0	0	0	nan	0	0	0	0.005560	0.001276	nan	nan
31	G	12	3804	3517	0.003412	1016	0	3804	0	0	0	nan	0	0	0	0	0	0	nan	0	0	0	0.003412	0.000985	nan	nan
32	C	11	3804	3585	0.003068	1016	0	3804	0	0	0	nan	0	0	0	0	0	0	nan	0	0	0	0.003068	0.000925	nan	nan
33	G	23	3804	3528	0.006519	1016	0	3804	0	0	0	nan	0	0	0	0	0	0	nan	0	0	0	0.006519	0.001359	nan	nan
34	G	26	3804	3535	0.007355	1016	0	3803	0	0	0	nan	0	0	0	0	0	0	nan	0	0	0	0.007355	0.001442	nan	nan
35	G	16	3804	3059	0.005230	1016	0	3802	0	0	0	nan	0	0	0	0	0	0	nan	0	0	0	0.005230	0.001308	nan	nan
36	A	73	3804	2910	0.025086	1016	0	3802	0	0	0	nan	0	0	0	0	0	0	nan	0	0	0	0.025086	0.002936	nan	nan
37	A	121	3804	2766	0.043745	1015	0	3802	0	0	0	nan	0	0	0	0	0	0	nan	0	0	0	0.043745	0.003977	nan	nan
38	A	137	3804	3137	0.043672	1015	0	3801	0	0	0	nan	0	0	0	0	0	0	nan	0	0	0	0.043672	0.003731	nan	nan
39	G	33	3804	3312	0.009964	1015	0	3801	0	0	0	nan	0	0	0	0	0	0	nan	0	0	0	0.009964	0.001734	nan	nan
40	G	33	3804	3446	0.009576	1015	0	3801	0	0	0	nan	0	0	0	0	0	0	nan	0	0	0	0.009576	0.001667	nan	nan
41	G	24	3804	3439	0.006979	1015	0	3801	0	0	0	nan	0	0	0	0	0	0	nan	0	0	0	0.006979	0.001425	nan	nan
42	G	12	3804	3498	0.003431	1015	0	3801	0	0	0	nan	0	0	0	0	0	0	nan	0	0	0	0.003431	0.000990	nan	nan
43	U	12	3804	3556	0.003375	1015	0	3800	0	0	0	nan	0	0	0	0	0	0	nan	0	0	0	0.003375	0.000974	nan	nan
44	C	13	3804	3237	0.004016	1015	0	3800	0	0	0	nan	0	0	0	0	0	0	nan	0	0	0	0.004016	0.001114	nan	nan
45	A	58	3804	3056	0.018979	1015	0	3800	0	0	0	nan	0	0	0	0	0	0	nan	0	0	0	0.018979	0.002492	nan	nan
46	A	104	3804	3056	0.034031	1015	0	3799	0	0	0	nan	0	0	0	0	0	0	nan	0	0	0	0.034031	0.003337	nan	nan
47	C	207	3804	3286	0.062995	1015	0	3799	0	0	0	nan	0	0	0	0	0	0	nan	0	0	0	0.062995	0.004378	nan	nan
48	A	157	3804	3451	0.045494	1015	0	3799	0	0	0	nan	0	0	0	0	0	0	nan	0	0	0	0.045494	0.003631	nan	nan
49	G	14	3804	3450	0.004058	1015	0	3798	0	0	0	nan	0	0	0	0	0	0	nan	0	0	0	0.004058	0.001085	nan	nan
50	C	22	3804	3355	0.006557	1015	0	3798	0	0	0	nan	0	0	0	0	0	0	nan	0	0	0	0.006557	0.001398	nan	nan
51	C	5	3804	3349	0.001493	1015	0	3798	0	0	0	nan	0	0	0	0	0	0	nan	0	0	0	0.001493	0.000668	nan	nan
52	G	10	3804	3203	0.003122	1014	0	3798	0	0	0	nan	0	0	0	0	0	0	nan	0	0	0	0.003122	0.000987	nan	nan
53	U	30	3804	3399	0.008826	1014	0	3798	0	0	0	nan	0	0	0	0	0	0	nan	0	0	0	0.008826	0.001611	nan	nan
54	U	32	3804	3317	0.009647	1014	0	3797	0	0	0	nan	0	0	0	0	0	0	nan	0	0	0	0.009647	0.001705	nan	nan
55	C	23	3804	3447	0.006672	1014	0	3797	0	0	0	nan	0	0	0	0	0	0	nan	0	0	0	0.006672	0.001391	nan	nan
56	A	12	3804	3467	0.003461	1014	0	3796	0	0	0	nan	0	0	0	0	0	0	nan	0	0	0	0.003461	0.000999	nan	nan
57	G	31	3804	3487	0.008890	1014	0	3796	0	0	0	nan	0	0	0	0	0	0	nan	0	0	0	0.008890	0.001597	nan	nan
58	U	7	3804	3511	0.001994	1015	0	3796	0	0	0	nan	0	0	0	0	0	0	nan	0	0	0	0.001994	0.000754	nan	nan
59	A	15	3804	3472	0.004320	1025	0	3796	0	0	0	nan	0	0	0	0	0	0	nan	0	0	0	0.004320	0.001115	nan	nan
60	C	29	3804	3499	0.008288	1025	0	3796	0	0	0	nan	0	0	0	0	0	0	nan	0	0	0	0.008288	0.001539	nan	nan
61	C	21	3804	3479	0.006036	1025	0	3796	0	0	0	nan	0	0	0	0	0	0	nan	0	0	0	0.006036	0.001317	nan	nan
62	A	148	3804	3434	0.043098	1025	0	3796	0	0	0	nan	0	0	0	0	0	0	nan	0	0	0	0.043098	0.003543	nan	nan
63	A	123	3804	3428	0.035881	1025	0	3796	0	0	0	nan	0	0	0	0	0	0	nan	0	0	0	0.035881	0.003235	nan	nan
64	G	17	3804	3497	0.004861	1023	0	3796	0	0	0	nan	0	0	0	0	0	0	nan	0	0	0	0.004861	0.001179	nan	nan
65	U	4	3804	3221	0.001242	1023	0	3796	0	0	0	nan	0	0	0	0	0	0	nan	0	0	0	0.001242	0.000621	nan	nan
66	C	12	3804	3229	0.003716	1023	0	3796	0	0	0	nan	0	0	0	0	0	0	nan	0	0	0	0.003716	0.001073	nan	nan
67	U	8	3803	2327	0.003438	1023	0	3794	0	0	0	nan	0	0	0	0	0	0	nan	0	0	0	0.003438	0.001215	nan	nan
68	C	10	3803	2384	0.004195	1023	0	3794	0	0	0	nan	0	0	0	0	0	0	nan	0	0	0	0.004195	0.001326	nan	nan
69	A	7	3803	2356	0.002971	1023	0	3793	0	0	0	nan	0	0	0	0	0	0	nan	0	0	0	0.002971	0.001123	nan	nan
70	G	23	3803	3326	0.006915	1023	0	3793	0	0	0	nan	0	0	0	0	0	0	nan	0	0	0	0.006915	0.001442	nan	nan
71	G	107	3803	3526	0.030346	1023	0	3793	0	0	0	nan	0	0	0	0	0	0	nan	0	0	0	0.030346	0.002934	nan	nan
72	G	30	3802	3563	0.008420	1023	0	3792	0	0	0	nan	0	0	0	0	0	0	nan	0	0	0	0.008420	0.001537	nan	nan
73	G	13	3802	3533	0.003680	1023	0	3792	0	0	0	nan	0	0	0	0	0	0	nan	0	0	0	0.003680	0.001021	nan	nan
74	A	66	3802	3443	0.019169	1023	0	3792	0	0	0	nan	0	0	0	0	0	0	nan	0	0	0	0.019169	0.002360	nan	nan
75	A	85	3802	3354	0.025343	1023	0	3789	0	0	0	nan	0	0	0	0	0	0	nan	0	0	0	0.025343	0.002749	nan	nan
76	A	132	3802	3297	0.040036	1023	0	3788	0	0	0	nan	0	0	0	0	0	0	nan	0	0	0	0.040036	0.003485	nan	nan
77	C	23	3802	3346	0.006874	1023	0	3788	0	0	0	nan	0	0	0	0	0	0	nan	0	0	0	0.006874	0.001433	nan	nan
78	U	11	3802	3255	0.003379	1023	0	3787	0	0	0	nan	0	0	0	0	0	0	nan	0	0	0	0.003379	0.001019	nan	nan
79	U	16	3802	3327	0.004809	1023	0	3787	0	0	0	nan	0	0	0	0	0	0	nan	0	0	0	0.004809	0.001202	nan	nan
80	U	7	3802	3355	0.002086	1023	0	3785	0	0	0	nan	0	0	0	0	0	0	nan	0	0	0	0.002086	0.000789	nan	nan
81	G	47	3802	3304	0.014225	1023	0	3782	0	0	0	nan	0	0	0	0	0	0	nan	0	0	0	0.014225	0.002075	nan	nan
82	A	11	3802	3333	0.003300	1024	0	3779	0	0	0	nan	0	0	0	0	0	0	nan	0	0	0	0.003300	0.000995	nan	nan
83	G	30	3802	3213	0.009337	1024	0	3779	0	0	0	nan	0	0	0	0	0	0	nan	0	0	0	0.009337	0.001705	nan	nan
84	A	14	3802	3454	0.004053	1024	0	3779	0	0	0	nan	0	0	0	0	0	0	nan	0	0	0	0.004053	0.001083	nan	nan
85	U	14	3802	3448	0.004060	1024	0	3779	0	0	0	nan	0	0	0	0	0	0	nan	0	0	0	0.004060	0.001085	nan	nan
86	G	30	3802	3538	0.008479	1024	0	3779	0	0	0	nan	0	0	0	0	0	0	nan	0	0	0	0.008479	0.001548	nan	nan
87	G	9	3802	3455	0.002605	1024	0	3778	0	0	0	nan	0	0	0	0	0	0	nan	0	0	0	0.002605	0.000868	nan	nan
88	C	12	3802	1900	0.006316	1024	0	3778	0	0	0	nan	0	0	0	0	0	0	nan	0	0	0	0.006316	0.001823	nan	nan
89	C	74	3802	1858	0.039828	1024	0	3778	0	0	0	nan	0	0	0	0	0	0	nan	0	0	0	0.039828	0.004630	nan	nan
90	U	2	3802	1870	0.001070	1024	0	3777	0	0	0	nan	0	0	0	0	0	0	nan	0	0	0	0.001070	0.000756	nan	nan
91	U	10	3802	3392	0.002948	1024	0	3774	0	0	0	nan	0	0	0	0	0	0	nan	0	0	0	0.002948	0.000932	nan	nan
92	G	17	3802	3342	0.005087	1024	0	3774	0	0	0	nan	0	0	0	0	0	0	nan	0	0	0	0.005087	0.001234	nan	nan
93	C	127	3802	3282	0.038696	1025	0	3774	0	0	0	nan	0	0	0	0	0	0	nan	0	0	0	0.038696	0.003434	nan	nan
94	A	69	3804	3011	0.022916	1025	0	3776	0	0	0	nan	0	0	0	0	0	0	nan	0	0	0	0.022916	0.002759	nan	nan
95	A	94	3804	3093	0.030391	1025	0	3777	0	0	0	nan	0	0	0	0	0	0	nan	0	0	0	0.030391	0.003135	nan	nan
96	A	22	3835	3308	0.006651	1025	0	3828	0	0	0	nan	0	0	0	0	0	0	nan	0	0	0	0.006651	0.001418	nan	nan
97	G	36	3843	3725	0.009664	1025	0	3841	0	0	0	nan	0	0	0	0	0	0	nan	0	0	0	0.009664	0.001611	nan	nan
98	G	16	3846	3771	0.004243	1025	0	3844	0	0	0	nan	0	0	0	0	0	0	nan	0	0	0	0.004243	0.001061	nan	nan
99	G	22	3846	3715	0.005922	1025	0	3844	0	0	0	nan	0	0	0	0	0	0	nan	0	0	0	0.005922	0.001263	nan	nan
100	U	15	3846	3774	0.003975	1025	0	3844	0	0	0	nan	0	0	0	0	0	0	nan	0	0	0	0.003975	0.001026	nan	nan
101	A	138	3846	3755	0.036751	1025	0	3844	0	0	0	nan	0	0	0	0	0	0	nan	0	0	0	0.036751	0.003128	nan	nan
102	U	33	3846	3769	0.008756	1025	0	3843	0	0	0	nan	0	0	0	0	0	0	nan	0	0	0	0.008756	0.001524	nan	nan
103	G	25	3846	3733	0.006697	1025	0	3843	0	0	0	nan	0	0	0	0	0	0	nan	0	0	0	0.006697	0.001339	nan	nan
104	G	20	3846	3718	0.005379	1025	0	3843	0	0	0	nan	0	0	0	0	0	0	nan	0	0	0	0.005379	0.001203	nan	nan
105	U	5	3846	3737	0.001338	1025	0	3843	0	0	0	nan	0	0	0	0	0	0	nan	0	0	0	0.001338	0.000598	nan	nan
106	A	137	3846	3751	0.036524	1025	0	3843	0	0	0	nan	0	0	0	0	0	0	nan	0	0	0	0.036524	0.003120	nan	nan
107	A	137	3846	3758	0.036456	1025	0	3843	0	0	0	nan	0	0	0	0	0	0	nan	0	0	0	0.036456	0.003115	nan	nan
108	U	30	3846	3747	0.008006	1025	0	3843	0	0	0	nan	0	0	0	0	0	0	nan	0	0	0	0.008006	0.001462	nan	nan
109	A	118	3846	3758	0.031400	1025	0	3843	0	0	0	nan	0	0	0	0	0	0	nan	0	0	0	0.031400	0.002891	nan	nan
110	A	157	3846	3774	0.041600	1025	0	3843	0	0	0	nan	0	0	0	0	0	0	nan	0	0	0	0.041600	0.003320	nan	nan
111	G	32	3846	3768	0.008493	1025	0	3843	0	0	0	nan	0	0	0	0	0	0	nan	0	0	0	0.008493	0.001501	nan	nan
112	C	18	3846	3787	0.004753	1025	0	3843	0	0	0	nan	0	0	0	0	0	0	nan	0	0	0	0.004753	0.001120	nan	nan
113	U	17	3846	3791	0.004484	1025	0	3843	0	0	0	nan	0	0	0	0	0	0	nan	0	0	0	0.004484	0.001088	nan	nan
114	G	34	3847	3762	0.009038	1025	0	3844	0	0	0	nan	0	0	0	0	0	0	nan	0	0	0	0.009038	0.001550	nan	nan
115	A	18	3847	3777	0.004766	1025	0	3844	0	0	0	nan	0	0	0	0	0	0	nan	0	0	0	0.004766	0.001123	nan	nan
116	C	22	3847	3771	0.005834	1025	0	3844	0	0	0	nan	0	0	0	0	0	0	nan	0	0	0	0.005834	0.001244	nan	nan
117	G	33	3847	3756	0.008786	1025	0	3844	0	0	0	nan	0	0	0	0	0	0	nan	0	0	0	0.008786	0.001529	nan	nan
118	G	35	3847	3743	0.009351	1025	0	3844	0	0	0	nan	0	0	0	0	0	0	nan	0	0	0	0.009351	0.001581	nan	nan
119	A	100	3847	3745	0.026702	1025	0	3845	0	0	0	nan	0	0	0	0	0	0	nan	0	0	0	0.026702	0.002670	nan	nan
120	C	172	3847	3777	0.045539	1025	0	3845	0	0	0	nan	0	0	0	0	0	0	nan	0	0	0	0.045539	0.003472	nan	nan
121	A	167	3847	3784	0.044133	1025	0	3845	0	0	0	nan	0	0	0	0	0	0	nan	0	0	0	0.044133	0.003415	nan	nan
122	U	24	3847	3782	0.006346	1025	0	3845	0	0	0	nan	0	0	0	0	0	0	nan	0	0	0	0.006346	0.001295	nan	nan
123	G	21	3847	3754	0.005594	1026	0	3845	0	0	0	nan	0	0	0	0	0	0	nan	0	0	0	0.005594	0.001221	nan	nan
124	G	6	3846	3746	0.001602	1026	0	3844	0	0	0	nan	0	0	0	0	0	0	nan	0	0	0	0.001602	0.000654	nan	nan
125	U	13	3846	3754	0.003463	1026	0	3844	0	0	0	nan	0	0	0	0	0	0	nan	0	0	0	0.003463	0.000960	nan	nan
126	C	8	3846	3754	0.002131	1026	0	3844	0	0	0	nan	0	0	0	0	0	0	nan	0	0	0	0.002131	0.000753	nan	nan
127	C	12	3846	3750	0.003200	1026	0	3844	0	0	0	nan	0	0	0	0	0	0	nan	0	0	0	0.003200	0.000924	nan	nan
128	U	34	3846	3721	0.009137	1026	0	3840	0	0	0	nan	0	0	0	0	0	0	nan	0	0	0	0.009137	0.001567	nan	nan
129	A	154	3827	3650	0.042192	1024	0	3782	0	0	0	nan	0	0	0	0	0	0	nan	0	0	0	0.042192	0.003400	nan	nan
130	A	257	3825	3656	0.070295	1024	0	3779	0	0	0	nan	0	0	0	0	0	0	nan	0	0	0	0.070295	0.004385	nan	nan
131	C	74	3824	3645	0.020302	1024	0	3779	0	0	0	nan	0	0	0	0	0	0	nan	0	0	0	0.020302	0.002360	nan	nan
132	C	21	3824	3641	0.005768	1024	0	3779	0	0	0	nan	0	0	0	0	0	0	nan	0	0	0	0.005768	0.001259	nan	nan
133	A	63	3824	3613	0.017437	1024	0	3780	0	0	0	nan	0	0	0	0	0	0	nan	0	0	0	0.017437	0.002197	nan	nan
134	C	29	3824	3580	0.008101	1022	0	3780	0	0	0	nan	0	0	0	0	0	0	nan	0	0	0	0.008101	0.001504	nan	nan
135	G	13	3824	3508	0.003706	1022	0	3781	0	0	0	nan	0	0	0	0	0	0	nan	0	0	0	0.003706	0.001028	nan	nan
136	C	24	3824	3579	0.006706	1023	0	3783	0	0	0	nan	0	0	0	0	0	0	nan	0	0	0	0.006706	0.001369	nan	nan
137	A	37	3824	3612	0.010244	1023	0	3783	0	0	0	nan	0	0	0	0	0	0	nan	0	0	0	0.010244	0.001684	nan	nan
138	G	18	3824	3562	0.005053	1023	0	3783	0	0	0	nan	0	0	0	0	0	0	nan	0	0	0	0.005053	0.001191	nan	nan
139	C	52	3824	3613	0.014392	1023	0	3784	0	0	0	nan	0	0	0	0	0	0	nan	0	0	0	0.014392	0.001996	nan	nan
140	C	102	3824	3643	0.027999	1023	0	3784	0	0	0	nan	0	0	0	0	0	0	nan	0	0	0	0.027999	0.002772	nan	nan
141	A	171	3824	3609	0.047382	1023	0	3784	0	0	0	nan	0	0	0	0	0	0	nan	0	0	0	0.047382	0.003623	nan	nan
142	A	92	3824	3564	0.025814	1023	0	3784	0	0	0	nan	0	0	0	0	0	0	nan	0	0	0	0.025814	0.002691	nan	nan
143	G	18	3824	3506	0.005134	1023	0	3784	0	0	0	nan	0	0	0	0	0	0	nan	0	0	0	0.005134	0.001210	nan	nan
144	U	15	3824	3563	0.004210	1023	0	3784	0	0	0	nan	0	0	0	0	0	0	nan	0	0	0	0.004210	0.001087	nan	nan
145	C	18	3824	3620	0.004972	1023	0	3784	0	0	0	nan	0	0	0	0	0	0	nan	0	0	0	0.004972	0.001172	nan	nan
146	C	11	3824	3485	0.003156	1023	0	3784	0	0	0	nan	0	0	0	0	0	0	nan	0	0	0	0.003156	0.000952	nan	nan
147	U	7	3824	3474	0.002015	1023	0	3784	0	0	0	nan	0	0	0	0	0	0	nan	0	0	0	0.002015	0.000762	nan	nan
148	A	77	3824	3480	0.022126	1024	0	3784	0	0	0	nan	0	0	0	0	0	0	nan	0	0	0	0.022126	0.002522	nan	nan
149	A	111	3824	3519	0.031543	1024	0	3784	0	0	0	nan	0	0	0	0	0	0	nan	0	0	0	0.031543	0.002994	nan	nan
150	G	18	3824	3451	0.005216	1024	0	3785	0	0	0	nan	0	0	0	0	0	0	nan	0	0	0	0.005216	0.001229	nan	nan
151	U	9	3824	3453	0.002606	1024	0	3786	0	0	0	nan	0	0	0	0	0	0	nan	0	0	0	0.002606	0.000869	nan	nan
152	C	10	3824	3598	0.002779	1024	0	3786	0	0	0	nan	0	0	0	0	0	0	nan	0	0	0	0.002779	0.000879	nan	nan
153	A	13	3825	3636	0.003575	1024	0	3787	0	0	0	nan	0	0	0	0	0	0	nan	0	0	0	0.003575	0.000992	nan	nan
154	A	2	3825	3634	0.000550	1024	0	3787	0	0	0	nan	0	0	0	0	0	0	nan	0	0	0	0.000550	0.000389	nan	nan
155	C	19	3825	3589	0.005294	1021	0	3787	0	0	0	nan	0	0	0	0	0	0	nan	0	0	0	0.005294	0.001215	nan	nan
156	A	6	3825	3444	0.001742	1021	0	3787	0	0	0	nan	0	0	0	0	0	0	nan	0	0	0	0.001742	0.000711	nan	nan
157	G	32	3825	3405	0.009398	1021	0	3787	0	0	0	nan	0	0	0	0	0	0	nan	0	0	0	0.009398	0.001661	nan	nan
158	A	124	3825	3346	0.037059	1022	0	3787	0	0	0	nan	0	0	0	0	0	0	nan	0	0	0	0.037059	0.003328	nan	nan
159	U	20	3825	3495	0.005722	1022	0	3788	0	0	0	nan	0	0	0	0	0	0	nan	0	0	0	0.005722	0.001280	nan	nan
160	C	216	3825	3514	0.061468	1022	0	3789	0	0	0	nan	0	0	0	0	0	0	nan	0	0	0	0.061468	0.004182	nan	nan
161	U	36	3825	3559	0.010115	1022	0	3789	0	0	0	nan	0	0	0	0	0	0	nan	0	0	0	0.010115	0.001686	nan	nan
162	U	32	3825	3546	0.009024	1022	0	3790	0	0	0	nan	0	0	0	0	0	0	nan	0	0	0	0.009024	0.001595	nan	nan
163	C	20	3825	3562	0.005615	1022	0	3790	0	0	0	nan	0	0	0	0	0	0	nan	0	0	0	0.005615	0.001256	nan	nan
164	U	8	3825	3527	0.002268	1022	0	3790	0	0	0	nan	0	0	0	0	0	0	nan	0	0	0	0.002268	0.000802	nan	nan
165	G	12	3825	3135	0.003828	1022	0	3790	0	0	0	nan	0	0	0	0	0	0	nan	0	0	0	0.003828	0.001105	nan	nan
166	U	1	3825	3130	0.000319	1022	0	3790	0	0	0	nan	0	0	0	0	0	0	nan	0	0	0	0.000319	0.000319	nan	nan
167	U	5	3825	3208	0.001559	1022	0	3792	0	0	0	nan	0	0	0	0	0	0	nan	0	0	0	0.001559	0.000697	nan	nan
168	G	14	3825	3586	0.003904	1022	0	3794	0	0	0	nan	0	0	0	0	0	0	nan	0	0	0	0.003904	0.001043	nan	nan
169	A	8	3825	3618	0.002211	1022	0	3795	0	0	0	nan	0	0	0	0	0	0	nan	0	0	0	0.002211	0.000782	nan	nan
170	U	1	3825	3585	0.000279	1022	0	3795	0	0	0	nan	0	0	0	0	0	0	nan	0	0	0	0.000279	0.000279	nan	nan
171	A	215	3825	3494	0.061534	1022	0	3795	0	0	0	nan	0	0	0	0	0	0	nan	0	0	0	0.061534	0.004197	nan	nan
172	U	27	3825	3424	0.007886	1022	0	3795	0	0	0	nan	0	0	0	0	0	0	nan	0	0	0	0.007886	0.001518	nan	nan
173	G	19	3825	3449	0.005509	1022	0	3796	0	0	0	nan	0	0	0	0	0	0	nan	0	0	0	0.005509	0.001264	nan	nan
174	G	31	3825	3506	0.008842	1022	0	3799	0	0	0	nan	0	0	0	0	0	0	nan	0	0	0	0.008842	0.001588	nan	nan
175	A	23	3825	3502	0.006568	1022	0	3799	0	0	0	nan	0	0	0	0	0	0	nan	0	0	0	0.006568	0.001369	nan	nan
176	U	6	3825	3479	0.001725	1022	0	3799	0	0	0	nan	0	0	0	0	0	0	nan	0	0	0	0.001725	0.000704	nan	nan
177	G	12	3825	3430	0.003499	1022	0	3800	0	0	0	nan	0	0	0	0	0	0	nan	0	0	0	0.003499	0.001010	nan	nan
178	C	245	3825	3581	0.068417	1022	0	3800	0	0	0	nan	0	0	0	0	0	0	nan	0	0	0	0.068417	0.004371	nan	nan
179	A	92	3825	3582	0.025684	1022	0	3800	0	0	0	nan	0	0	0	0	0	0	nan	0	0	0	0.025684	0.002678	nan	nan
180	G	25	3825	3452	0.007242	1022	0	3801	0	0	0	nan	0	0	0	0	0	0	nan	0	0	0	0.007242	0.001448	nan	nan
181	U	13	3825	3425	0.003796	1022	0	3801	0	0	0	nan	0	0	0	0	0	0	nan	0	0	0	0.003796	0.001053	nan	nan
182	U	13	3826	3409	0.003813	1022	0	3803	0	0	0	nan	0	0	0	0	0	0	nan	0	0	0	0.003813	0.001058	nan	nan
183	C	150	3826	3457	0.043390	1022	0	3803	0	0	0	nan	0	0	0	0	0	0	nan	0	0	0	0.043390	0.003543	nan	nan
184	A	113	3826	3513	0.032166	1022	0	3804	0	0	0	nan	0	0	0	0	0	0	nan	0	0	0	0.032166	0.003026	nan	nan
185	A	151	3826	3514	0.042971	1022	0	3804	0	0	0	nan	0	0	0	0	0	0	nan	0	0	0	0.042971	0.003497	nan	nan
186	C	227	3826	3417	0.066433	1022	0	3804	0	0	0	nan	0	0	0	0	0	0	nan	0	0	0	0.066433	0.004409	nan	nan
187	C	172	3826	3407	0.050484	1022	0	3804	0	0	0	nan	0	0	0	0	0	0	nan	0	0	0	0.050484	0.003849	nan	nan
188	A	61	3826	3408	0.017899	1022	0	3804	0	0	0	nan	0	0	0	0	0	0	nan	0	0	0	0.017899	0.002292	nan	nan
189	A	111	3826	3455	0.032127	1022	0	3804	0	0	0	nan	0	0	0	0	0	0	nan	0	0	0	0.032127	0.003049	nan	nan
190	A	104	3826	3335	0.031184	1022	0	3804	0	0	0	nan	0	0	0	0	0	0	nan	0	0	0	0.031184	0.003058	nan	nan
191	U	28	3826	3315	0.008446	1022	0	3804	0	0	0	nan	0	0	0	0	0	0	nan	0	0	0	0.008446	0.001596	nan	nan
192	C	120	3826	3317	0.036177	1022	0	3804	0	0	0	nan	0	0	0	0	0	0	nan	0	0	0	0.036177	0.003303	nan	nan
193	A	5	3826	3568	0.001401	1022	0	3809	0	0	0	nan	0	0	0	0	0	0	nan	0	0	0	0.001401	0.000627	nan	nan
194	A	46	3826	3617	0.012718	1022	0	3809	0	0	0	nan	0	0	0	0	0	0	nan	0	0	0	0.012718	0.001875	nan	nan
195	A	68	3826	3612	0.018826	1022	0	3809	0	0	0	nan	0	0	0	0	0	0	nan	0	0	0	0.018826	0.002283	nan	nan
196	A	45	3826	3585	0.012552	1022	0	3809	0	0	0	nan	0	0	0	0	0	0	nan	0	0	0	0.012552	0.001871	nan	nan
197	A	92	3826	3536	0.026018	1022	0	3809	0	0	0	nan	0	0	0	0	0	0	nan	0	0	0	0.026018	0.002713	nan	nan
198	A	93	3826	3533	0.026323	1022	0	3809	0	0	0	nan	0	0	0	0	0	0	nan	0	0	0	0.026323	0.002730	nan	nan
199	C	34	3826	3554	0.009567	1017	0	3809	0	0	0	nan	0	0	0	0	0	0	nan	0	0	0	0.009567	0.001641	nan	nan
200	C	16	3826	3499	0.004573	122	0	3809	0	0	0	nan	0	0	0	0	0	0	nan	0	0	0	0.004573	0.001143	nan	nan
201	G	17	3826	3451	0.004926	105	0	3810	0	0	0	nan	0	0	0	0	0	0	nan	0	0	0	0.004926	0.001195	nan	nan
202	C	20	3826	3485	0.005739	104	0	3812	0	0	0	nan	0	0	0	0	0	0	nan	0	0	0	0.005739	0.001283	nan	nan
203	C	12	3826	3494	0.003434	101	0	3812	0	0	0	nan	0	0	0	0	0	0	nan	0	0	0	0.003434	0.000991	nan	nan
204	U	14	3826	3423	0.004090	46	0	3813	0	0	0	nan	0	0	0	0	0	0	nan	0	0	0	0.004090	0.001093	nan	nan
205	A	2	3826	3216	0.000622	1	0	3813	0	0	0	nan	0	0	0	0	0	0	nan	0	0	0	0.000622	0.000440	nan	nan
206	G	5	3828	3120	0.001603	1	0	3819	0	0	0	nan	0	0	0	0	0	0	nan	0	0	0	0.001603	0.000717	nan	nan
207	U	7	3828	3153	0.002220	1	0	3822	0	0	0	nan	0	0	0	0	0	0	nan	0	0	0	0.002220	0.000839	nan	nan
208	U	30	3828	3337	0.008990	1	0	3822	0	0	0	nan	0	0	0	0	0	0	nan	0	0	0	0.008990	0.001641	nan	nan
209	C	98	3829	3472	0.028226	1	0	3823	0	0	0	nan	0	0	0	0	0	0	nan	0	0	0	0.028226	0.002851	nan	nan
210	G	16	3829	3489	0.004586	0	0	3824	0	0	0	nan	0	0	0	0	0	0	nan	0	0	0	0.004586	0.001146	nan	nan
211	C	21	3829	3284	0.006395	0	0	3824	0	0	0	nan	0	0	0	0	0	0	nan	0	0	0	0.006395	0.001395	nan	nan
212	U	13	3829	3290	0.003951	0	0	3824	0	0	0	nan	0	0	0	0	0	0	nan	0	0	0	0.003951	0.001096	nan	nan
213	A	12	3829	3166	0.003790	0	0	3824	0	0	0	nan	0	0	0	0	0	0	nan	0	0	0	0.003790	0.001094	nan	nan
214	G	39	3829	927	0.042071	0	0	3824	0	0	0	nan	0	0	0	0	0	0	nan	0	0	0	0.042071	0.006737	nan	nan
215	G	19	3829	887	0.021421	0	0	3824	0	0	0	nan	0	0	0	0	0	0	nan	0	0	0	0.021421	0.004914	nan	nan
216	C	3	3829	956	0.003138	0	0	3826	0	0	0	nan	0	0	0	0	0	0	nan	0	0	0	0.003138	0.001812	nan	nan
217	G	52	3829	3568	0.014574	0	0	3829	0	0	0	nan	0	0	0	0	0	0	nan	0	0	0	0.014574	0.002021	nan	nan
218	G	5	3829	3633	0.001376	0	0	3829	0	0	0	nan	0	0	0	0	0	0	nan	0	0	0	0.001376	0.000615	nan	nan
219	A	0	3829	3638	0.000000	0	0	3829	0	0	0	nan	0	0	0	0	0	0	nan	0	0	0	0.000000	0.000000	nan	nan
220	A	0	3829	0	nan	0	0	3829	0	0	0	nan	0	0	0	0	0	0	nan	0	0	0	nan	nan	nan	nan
221	A	0	3829	0	nan	0	0	3829	0	0	0	nan	0	0	0	0	0	0	nan	0	0	0	nan	nan	nan	nan
222	A	0	3829	0	nan	0	0	3829	0	0	0	nan	0	0	0	0	0	0	nan	0	0	0	nan	nan	nan	nan
223	c	0	3829	0	nan	0	0	3829	0	0	0	nan	0	0	0	0	0	0	nan	0	0	0	nan	nan	nan	nan
224	c	0	3829	0	nan	0	0	3829	0	0	0	nan	0	0	0	0	0	0	nan	0	0	0	nan	nan	nan	nan
225	a	0	3829	0	nan	0	0	3829	0	0	0	nan	0	0	0	0	0	0	nan	0	0	0	nan	nan	nan	nan
226	a	0	3829	0	nan	0	0	3829	0	0	0	nan	0	0	0	0	0	0	nan	0	0	0	nan	nan	nan	nan
227	a	0	3829	0	nan	0	0	3829	0	0	0	nan	0	0	0	0	0	0	nan	0	0	0	nan	nan	nan	nan
228	c	0	3829	0	nan	0	0	3829	0	0	0	nan	0	0	0	0	0	0	nan	0	0	0	nan	nan	nan	nan
229	c	0	3829	0	nan	0	0	3829	0	0	0	nan	0	0	0	0	0	0	nan	0	0	0	nan	nan	nan	nan
230	a	0	3829	0	nan	0	0	3829	0	0	0	nan	0	0	0	0	0	0	nan	0	0	0	nan	nan	nan	nan
231	a	0	3829	0	nan	0	0	3829	0	0	0	nan	0	0	0	0	0	0	nan	0	0	0	nan	nan	nan	nan
232	a	0	3829	0	nan	0	0	3829	0	0	0	nan	0	0	0	0	0	0	nan	0	0	0	nan	nan	nan	nan
233	g	0	3829	0	nan	0	0	3829	0	0	0	nan	0	0	0	0	0	0	nan	0	0	0	nan	nan	nan	nan
234	a	0	3829	0	nan	0	0	3829	0	0	0	nan	0	0	0	0	0	0	nan	0	0	0	nan	nan	nan	nan
235	a	0	3829	0	nan	0	0	3829	0	0	0	nan	0	0	0	0	0	0	nan	0	0	0	nan	nan	nan	nan
236	a	0	3829	0	nan	0	0	3829	0	0	0	nan	0	0	0	0	0	0	nan	0	0	0	nan	nan	nan	nan
237	c	0	3829	0	nan	0	0	3829	0	0	0	nan	0	0	0	0	0	0	nan	0	0	0	nan	nan	nan	nan
238	a	0	3829	0	nan	0	0	3829	0	0	0	nan	0	0	0	0	0	0	nan	0	0	0	nan	nan	nan	nan
239	a	0	3828	0	nan	0	0	3828	0	0	0	nan	0	0	0	0	0	0	nan	0	0	0	nan	nan	nan	nan
240	c	0	3825	0	nan	0	0	3825	0	0	0	nan	0	0	0	0	0	0	nan	0	0	0	nan	nan	nan	nan
241	c	0	3821	0	nan	0	0	3821	0	0	0	nan	0	0	0	0	0	0	nan	0	0	0	nan	nan	nan	nan