Nucleotide	Sequence	Modified_mutations	Modified_read_depth	Modified_effective_depth	Modified_rate	Modified_off_target_mapped_depth	Modified_low_mapq_mapped_depth	Modified_primer_pair_1_mapped_depth	Untreated_mutations	Untreated_read_depth	Untreated_effective_depth	Untreated_rate	Untreated_off_target_mapped_depth	Untreated_low_mapq_mapped_depth	Untreated_primer_pair_1_mapped_depth	Denatured_mutations	Denatured_read_depth	Denatured_effective_depth	Denatured_rate	Denatured_off_target_mapped_depth	Denatured_low_mapq_mapped_depth	Denatured_primer_pair_1_mapped_depth	Reactivity_profile	Std_err	HQ_profile	HQ_stderr	Norm_profile	Norm_stderr
1	g	0	558257	0	nan	2	6	558257	0	0	0	nan	0	0	0	0	0	0	nan	0	0	0	nan	nan	nan	nan	nan	nan
2	g	0	558593	0	nan	2	6	558593	0	0	0	nan	0	0	0	0	0	0	nan	0	0	0	nan	nan	nan	nan	nan	nan
3	u	0	558713	0	nan	2	6	558713	0	0	0	nan	0	0	0	0	0	0	nan	0	0	0	nan	nan	nan	nan	nan	nan
4	g	0	558808	0	nan	2	6	558808	0	0	0	nan	0	0	0	0	0	0	nan	0	0	0	nan	nan	nan	nan	nan	nan
5	u	0	558864	0	nan	2	6	558864	0	0	0	nan	0	0	0	0	0	0	nan	0	0	0	nan	nan	nan	nan	nan	nan
6	a	0	558867	0	nan	2	6	558867	0	0	0	nan	0	0	0	0	0	0	nan	0	0	0	nan	nan	nan	nan	nan	nan
7	a	0	558871	0	nan	2	6	558871	0	0	0	nan	0	0	0	0	0	0	nan	0	0	0	nan	nan	nan	nan	nan	nan
8	g	0	558875	0	nan	2	6	558875	0	0	0	nan	0	0	0	0	0	0	nan	0	0	0	nan	nan	nan	nan	nan	nan
9	g	0	558907	0	nan	2	6	558907	0	0	0	nan	0	0	0	0	0	0	nan	0	0	0	nan	nan	nan	nan	nan	nan
10	g	0	564419	0	nan	2	6	564419	0	0	0	nan	0	0	0	0	0	0	nan	0	0	0	nan	nan	nan	nan	nan	nan
11	u	0	564473	0	nan	2	6	564473	0	0	0	nan	0	0	0	0	0	0	nan	0	0	0	nan	nan	nan	nan	nan	nan
12	g	0	564523	0	nan	2	6	564523	0	0	0	nan	0	0	0	0	0	0	nan	0	0	0	nan	nan	nan	nan	nan	nan
13	a	0	564527	0	nan	2	6	564527	0	0	0	nan	0	0	0	0	0	0	nan	0	0	0	nan	nan	nan	nan	nan	nan
14	a	0	564527	0	nan	3	6	564527	0	0	0	nan	0	0	0	0	0	0	nan	0	0	0	nan	nan	nan	nan	nan	nan
15	g	0	564530	0	nan	92	6	564530	0	0	0	nan	0	0	0	0	0	0	nan	0	0	0	nan	nan	nan	nan	nan	nan
16	u	0	564531	0	nan	99	6	564531	0	0	0	nan	0	0	0	0	0	0	nan	0	0	0	nan	nan	nan	nan	nan	nan
17	g	0	564532	0	nan	99	6	564532	0	0	0	nan	0	0	0	0	0	0	nan	0	0	0	nan	nan	nan	nan	nan	nan
18	u	0	564533	0	nan	100	6	564533	0	0	0	nan	0	0	0	0	0	0	nan	0	0	0	nan	nan	nan	nan	nan	nan
19	a	0	564541	0	nan	101	6	564541	0	0	0	nan	0	0	0	0	0	0	nan	0	0	0	nan	nan	nan	nan	nan	nan
20	A	0	564547	5	0.000000	103	6	564547	0	0	0	nan	0	0	0	0	0	0	nan	0	0	0	0.000000	0.000000	nan	nan	nan	nan
21	G	0	564557	12	0.000000	116	6	564557	0	0	0	nan	0	0	0	0	0	0	nan	0	0	0	0.000000	0.000000	nan	nan	nan	nan
22	G	0	564562	15	0.000000	116	6	564562	0	0	0	nan	0	0	0	0	0	0	nan	0	0	0	0.000000	0.000000	nan	nan	nan	nan
23	U	0	564563	563546	0.000000	128	6	564563	0	0	0	nan	0	0	0	0	0	0	nan	0	0	0	0.000000	0.000000	0.000000	0.000000	nan	nan
24	U	577	564564	563504	0.001024	128	6	564564	0	0	0	nan	0	0	0	0	0	0	nan	0	0	0	0.001024	0.000043	0.001024	0.000043	nan	nan
25	G	219	564565	563286	0.000389	128	6	564565	0	0	0	nan	0	0	0	0	0	0	nan	0	0	0	0.000389	0.000026	0.000389	0.000026	nan	nan
26	A	1655	564564	563542	0.002937	128	6	564564	0	0	0	nan	0	0	0	0	0	0	nan	0	0	0	0.002937	0.000072	0.002937	0.000072	0.830835	0.020368
27	A	1927	564566	563311	0.003421	128	6	564565	0	0	0	nan	0	0	0	0	0	0	nan	0	0	0	0.003421	0.000078	0.003421	0.000078	0.967751	0.022065
28	C	2492	564566	562887	0.004427	128	6	564565	0	0	0	nan	0	0	0	0	0	0	nan	0	0	0	0.004427	0.000089	0.004427	0.000089	0.947661	0.019052
29	U	629	564568	562540	0.001118	128	6	564565	0	0	0	nan	0	0	0	0	0	0	nan	0	0	0	0.001118	0.000045	0.001118	0.000045	nan	nan
30	U	761	564571	562852	0.001352	128	6	564569	0	0	0	nan	0	0	0	0	0	0	nan	0	0	0	0.001352	0.000049	0.001352	0.000049	nan	nan
31	U	981	564578	563174	0.001742	128	6	564576	0	0	0	nan	0	0	0	0	0	0	nan	0	0	0	0.001742	0.000056	0.001742	0.000056	nan	nan
32	U	486	564590	563549	0.000862	128	6	564585	0	0	0	nan	0	0	0	0	0	0	nan	0	0	0	0.000862	0.000039	0.000862	0.000039	nan	nan
33	G	158	564646	563211	0.000281	128	6	564638	0	0	0	nan	0	0	0	0	0	0	nan	0	0	0	0.000281	0.000022	0.000281	0.000022	nan	nan
34	A	2011	564679	563461	0.003569	128	6	564666	0	0	0	nan	0	0	0	0	0	0	nan	0	0	0	0.003569	0.000080	0.003569	0.000080	1.009618	0.022631
35	A	1923	564681	563125	0.003415	128	6	564668	0	0	0	nan	0	0	0	0	0	0	nan	0	0	0	0.003415	0.000078	0.003415	0.000078	0.966054	0.022065
36	U	432	564684	563228	0.000767	128	6	564670	0	0	0	nan	0	0	0	0	0	0	nan	0	0	0	0.000767	0.000037	0.000767	0.000037	nan	nan
37	A	2015	564687	563433	0.003576	128	6	564671	0	0	0	nan	0	0	0	0	0	0	nan	0	0	0	0.003576	0.000080	0.003576	0.000080	1.011598	0.022631
38	G	297	564691	562697	0.000528	132	6	564677	0	0	0	nan	0	0	0	0	0	0	nan	0	0	0	0.000528	0.000031	0.000528	0.000031	nan	nan
39	U	657	564687	563629	0.001166	132	6	564672	0	0	0	nan	0	0	0	0	0	0	nan	0	0	0	0.001166	0.000045	0.001166	0.000045	nan	nan
40	G	424	564689	562963	0.000753	132	6	564672	0	0	0	nan	0	0	0	0	0	0	nan	0	0	0	0.000753	0.000037	0.000753	0.000037	nan	nan
41	A	2425	564689	563348	0.004305	132	6	564675	0	0	0	nan	0	0	0	0	0	0	nan	0	0	0	0.004305	0.000087	0.004305	0.000087	1.217822	0.024611
42	U	1109	564692	563000	0.001970	134	6	564678	0	0	0	nan	0	0	0	0	0	0	nan	0	0	0	0.001970	0.000059	0.001970	0.000059	nan	nan
43	U	836	564695	563206	0.001484	134	6	564679	0	0	0	nan	0	0	0	0	0	0	nan	0	0	0	0.001484	0.000051	0.001484	0.000051	nan	nan
44	C	2677	564706	563249	0.004753	134	6	564693	0	0	0	nan	0	0	0	0	0	0	nan	0	0	0	0.004753	0.000092	0.004753	0.000092	1.017446	0.019694
45	A	1935	564714	563594	0.003433	134	6	564700	0	0	0	nan	0	0	0	0	0	0	nan	0	0	0	0.003433	0.000078	0.003433	0.000078	0.971146	0.022065
46	G	241	564724	562993	0.000428	134	6	564711	0	0	0	nan	0	0	0	0	0	0	nan	0	0	0	0.000428	0.000028	0.000428	0.000028	nan	nan
47	G	178	564728	563082	0.000316	134	6	564716	0	0	0	nan	0	0	0	0	0	0	nan	0	0	0	0.000316	0.000024	0.000316	0.000024	nan	nan
48	A	1755	564729	563473	0.003115	134	6	564718	0	0	0	nan	0	0	0	0	0	0	nan	0	0	0	0.003115	0.000074	0.003115	0.000074	0.881188	0.020934
49	G	237	564736	562991	0.000421	134	6	564727	0	0	0	nan	0	0	0	0	0	0	nan	0	0	0	0.000421	0.000027	0.000421	0.000027	nan	nan
50	G	338	564740	551521	0.000613	134	6	564732	0	0	0	nan	0	0	0	0	0	0	nan	0	0	0	0.000613	0.000033	0.000613	0.000033	nan	nan
51	U	659	564744	551681	0.001195	134	6	564736	0	0	0	nan	0	0	0	0	0	0	nan	0	0	0	0.001195	0.000047	0.001195	0.000047	nan	nan
52	U	538	564745	551588	0.000975	134	6	564736	0	0	0	nan	0	0	0	0	0	0	nan	0	0	0	0.000975	0.000042	0.000975	0.000042	nan	nan
53	A	1377	564745	562719	0.002447	133	6	564730	0	0	0	nan	0	0	0	0	0	0	nan	0	0	0	0.002447	0.000066	0.002447	0.000066	0.692221	0.018670
54	A	1514	564503	561156	0.002698	81	6	563991	0	0	0	nan	0	0	0	0	0	0	nan	0	0	0	0.002698	0.000069	0.002698	0.000069	0.763225	0.019519
55	U	724	564505	560496	0.001292	81	6	564070	0	0	0	nan	0	0	0	0	0	0	nan	0	0	0	0.001292	0.000048	0.001292	0.000048	nan	nan
56	G	469	564506	560424	0.000837	81	6	564118	0	0	0	nan	0	0	0	0	0	0	nan	0	0	0	0.000837	0.000039	0.000837	0.000039	nan	nan
57	G	0	564526	560533	0.000000	81	6	564488	0	0	0	nan	0	0	0	0	0	0	nan	0	0	0	0.000000	0.000000	0.000000	0.000000	nan	nan
58	A	0	564528	0	nan	81	6	564528	0	0	0	nan	0	0	0	0	0	0	nan	0	0	0	nan	nan	nan	nan	nan	nan
59	A	0	564528	0	nan	81	6	564528	0	0	0	nan	0	0	0	0	0	0	nan	0	0	0	nan	nan	nan	nan	nan	nan
60	G	0	564528	0	nan	81	6	564528	0	0	0	nan	0	0	0	0	0	0	nan	0	0	0	nan	nan	nan	nan	nan	nan
61	u	0	564528	0	nan	81	6	564528	0	0	0	nan	0	0	0	0	0	0	nan	0	0	0	nan	nan	nan	nan	nan	nan
62	a	0	564528	0	nan	81	6	564528	0	0	0	nan	0	0	0	0	0	0	nan	0	0	0	nan	nan	nan	nan	nan	nan
63	a	0	564528	0	nan	81	6	564528	0	0	0	nan	0	0	0	0	0	0	nan	0	0	0	nan	nan	nan	nan	nan	nan
64	a	0	564528	0	nan	81	6	564528	0	0	0	nan	0	0	0	0	0	0	nan	0	0	0	nan	nan	nan	nan	nan	nan
65	g	0	564528	0	nan	81	6	564528	0	0	0	nan	0	0	0	0	0	0	nan	0	0	0	nan	nan	nan	nan	nan	nan
66	g	0	564528	0	nan	81	6	564528	0	0	0	nan	0	0	0	0	0	0	nan	0	0	0	nan	nan	nan	nan	nan	nan
67	u	0	564528	0	nan	80	6	564528	0	0	0	nan	0	0	0	0	0	0	nan	0	0	0	nan	nan	nan	nan	nan	nan
68	a	0	564528	0	nan	79	6	564528	0	0	0	nan	0	0	0	0	0	0	nan	0	0	0	nan	nan	nan	nan	nan	nan
69	a	0	564528	0	nan	79	6	564528	0	0	0	nan	0	0	0	0	0	0	nan	0	0	0	nan	nan	nan	nan	nan	nan
70	u	0	564528	0	nan	79	6	564528	0	0	0	nan	0	0	0	0	0	0	nan	0	0	0	nan	nan	nan	nan	nan	nan
71	g	0	564528	0	nan	79	6	564528	0	0	0	nan	0	0	0	0	0	0	nan	0	0	0	nan	nan	nan	nan	nan	nan
72	a	0	564528	0	nan	79	6	564528	0	0	0	nan	0	0	0	0	0	0	nan	0	0	0	nan	nan	nan	nan	nan	nan
73	a	0	564527	0	nan	79	6	564527	0	0	0	nan	0	0	0	0	0	0	nan	0	0	0	nan	nan	nan	nan	nan	nan
74	g	0	564526	0	nan	79	6	564526	0	0	0	nan	0	0	0	0	0	0	nan	0	0	0	nan	nan	nan	nan	nan	nan
75	g	0	564523	0	nan	79	6	564523	0	0	0	nan	0	0	0	0	0	0	nan	0	0	0	nan	nan	nan	nan	nan	nan
76	u	0	564502	0	nan	79	6	564502	0	0	0	nan	0	0	0	0	0	0	nan	0	0	0	nan	nan	nan	nan	nan	nan
77	g	0	564492	0	nan	79	6	564492	0	0	0	nan	0	0	0	0	0	0	nan	0	0	0	nan	nan	nan	nan	nan	nan
78	a	0	564486	0	nan	79	6	564486	0	0	0	nan	0	0	0	0	0	0	nan	0	0	0	nan	nan	nan	nan	nan	nan
79	a	0	564356	0	nan	79	6	564356	0	0	0	nan	0	0	0	0	0	0	nan	0	0	0	nan	nan	nan	nan	nan	nan
80	g	0	564130	0	nan	79	6	564130	0	0	0	nan	0	0	0	0	0	0	nan	0	0	0	nan	nan	nan	nan	nan	nan