Nucleotide	Sequence	Modified_mutations	Modified_read_depth	Modified_effective_depth	Modified_rate	Modified_off_target_mapped_depth	Modified_low_mapq_mapped_depth	Modified_primer_pair_1_mapped_depth	Untreated_mutations	Untreated_read_depth	Untreated_effective_depth	Untreated_rate	Untreated_off_target_mapped_depth	Untreated_low_mapq_mapped_depth	Untreated_primer_pair_1_mapped_depth	Denatured_mutations	Denatured_read_depth	Denatured_effective_depth	Denatured_rate	Denatured_off_target_mapped_depth	Denatured_low_mapq_mapped_depth	Denatured_primer_pair_1_mapped_depth	Reactivity_profile	Std_err	HQ_profile	HQ_stderr	Norm_profile	Norm_stderr
1	g	0	47931	0	nan	0	1	47931	0	0	0	nan	0	0	0	0	0	0	nan	0	0	0	nan	nan	nan	nan	nan	nan
2	g	0	47960	0	nan	0	1	47960	0	0	0	nan	0	0	0	0	0	0	nan	0	0	0	nan	nan	nan	nan	nan	nan
3	u	0	47976	0	nan	0	1	47976	0	0	0	nan	0	0	0	0	0	0	nan	0	0	0	nan	nan	nan	nan	nan	nan
4	g	0	47990	0	nan	0	1	47990	0	0	0	nan	0	0	0	0	0	0	nan	0	0	0	nan	nan	nan	nan	nan	nan
5	u	0	47996	0	nan	0	1	47996	0	0	0	nan	0	0	0	0	0	0	nan	0	0	0	nan	nan	nan	nan	nan	nan
6	a	0	48009	0	nan	0	1	48009	0	0	0	nan	0	0	0	0	0	0	nan	0	0	0	nan	nan	nan	nan	nan	nan
7	a	0	48043	0	nan	0	1	48043	0	0	0	nan	0	0	0	0	0	0	nan	0	0	0	nan	nan	nan	nan	nan	nan
8	g	0	48144	0	nan	0	1	48144	0	0	0	nan	0	0	0	0	0	0	nan	0	0	0	nan	nan	nan	nan	nan	nan
9	g	0	49603	0	nan	0	1	49603	0	0	0	nan	0	0	0	0	0	0	nan	0	0	0	nan	nan	nan	nan	nan	nan
10	g	0	197186	0	nan	0	1	197186	0	0	0	nan	0	0	0	0	0	0	nan	0	0	0	nan	nan	nan	nan	nan	nan
11	u	0	206404	0	nan	0	1	206404	0	0	0	nan	0	0	0	0	0	0	nan	0	0	0	nan	nan	nan	nan	nan	nan
12	g	0	206750	0	nan	0	1	206750	0	0	0	nan	0	0	0	0	0	0	nan	0	0	0	nan	nan	nan	nan	nan	nan
13	a	0	206777	0	nan	0	1	206777	0	0	0	nan	0	0	0	0	0	0	nan	0	0	0	nan	nan	nan	nan	nan	nan
14	a	0	206787	0	nan	0	1	206787	0	0	0	nan	0	0	0	0	0	0	nan	0	0	0	nan	nan	nan	nan	nan	nan
15	g	0	206796	0	nan	0	1	206796	0	0	0	nan	0	0	0	0	0	0	nan	0	0	0	nan	nan	nan	nan	nan	nan
16	u	0	206800	0	nan	0	1	206800	0	0	0	nan	0	0	0	0	0	0	nan	0	0	0	nan	nan	nan	nan	nan	nan
17	g	0	206809	0	nan	0	1	206809	0	0	0	nan	0	0	0	0	0	0	nan	0	0	0	nan	nan	nan	nan	nan	nan
18	u	0	206812	0	nan	0	1	206812	0	0	0	nan	0	0	0	0	0	0	nan	0	0	0	nan	nan	nan	nan	nan	nan
19	a	0	206892	0	nan	0	1	206892	0	0	0	nan	0	0	0	0	0	0	nan	0	0	0	nan	nan	nan	nan	nan	nan
20	A	0	206933	16	0.000000	0	1	206933	0	0	0	nan	0	0	0	0	0	0	nan	0	0	0	0.000000	0.000000	nan	nan	nan	nan
21	G	0	206997	51	0.000000	0	1	206997	0	0	0	nan	0	0	0	0	0	0	nan	0	0	0	0.000000	0.000000	nan	nan	nan	nan
22	G	0	207013	56	0.000000	0	1	207013	0	0	0	nan	0	0	0	0	0	0	nan	0	0	0	0.000000	0.000000	nan	nan	nan	nan
23	U	0	207013	204669	0.000000	0	1	207013	0	0	0	nan	0	0	0	0	0	0	nan	0	0	0	0.000000	0.000000	0.000000	0.000000	0.000000	0.000000
24	U	351	207022	204479	0.001717	0	1	207022	0	0	0	nan	0	0	0	0	0	0	nan	0	0	0	0.001717	0.000092	0.001717	0.000092	0.806482	0.043213
25	G	336	207025	203091	0.001654	0	1	207025	0	0	0	nan	0	0	0	0	0	0	nan	0	0	0	0.001654	0.000090	0.001654	0.000090	0.644583	0.035074
26	A	4289	207021	198898	0.021564	0	0	206976	0	0	0	nan	0	0	0	0	0	0	nan	0	0	0	0.021564	0.000329	0.021564	0.000329	0.951717	0.014520
27	C	12367	207035	197824	0.062515	0	0	206982	0	0	0	nan	0	0	0	0	0	0	nan	0	0	0	0.062515	0.000562	0.062515	0.000562	1.335791	0.012009
28	C	3863	207047	198752	0.019436	0	0	206996	0	0	0	nan	0	0	0	0	0	0	nan	0	0	0	0.019436	0.000313	0.019436	0.000313	0.415299	0.006688
29	U	232	207110	202029	0.001148	0	0	207069	0	0	0	nan	0	0	0	0	0	0	nan	0	0	0	0.001148	0.000075	0.001148	0.000075	0.539220	0.035228
30	U	302	207138	202977	0.001488	0	0	207100	0	0	0	nan	0	0	0	0	0	0	nan	0	0	0	0.001488	0.000086	0.001488	0.000086	0.698920	0.040395
31	U	409	207160	203696	0.002008	0	0	207122	0	0	0	nan	0	0	0	0	0	0	nan	0	0	0	0.002008	0.000099	0.002008	0.000099	0.943166	0.046501
32	U	303	207203	204656	0.001481	0	0	207168	0	0	0	nan	0	0	0	0	0	0	nan	0	0	0	0.001481	0.000085	0.001481	0.000085	0.695632	0.039925
33	G	547	207231	203336	0.002690	0	0	207197	0	0	0	nan	0	0	0	0	0	0	nan	0	0	0	0.002690	0.000115	0.002690	0.000115	1.048324	0.044817
34	A	4600	207256	203015	0.022658	0	0	207223	0	0	0	nan	0	0	0	0	0	0	nan	0	0	0	0.022658	0.000334	0.022658	0.000334	1.000000	0.014741
35	A	3707	207270	202207	0.018333	0	0	207237	0	0	0	nan	0	0	0	0	0	0	nan	0	0	0	0.018333	0.000301	0.018333	0.000301	0.809118	0.013284
36	U	303	207277	201905	0.001501	0	0	207243	0	0	0	nan	0	0	0	0	0	0	nan	0	0	0	0.001501	0.000086	0.001501	0.000086	0.705026	0.040395
37	A	3821	207294	202780	0.018843	0	1	207259	0	0	0	nan	0	0	0	0	0	0	nan	0	0	0	0.018843	0.000305	0.018843	0.000305	0.831627	0.013461
38	G	251	207309	202095	0.001242	0	1	207277	0	0	0	nan	0	0	0	0	0	0	nan	0	0	0	0.001242	0.000078	0.001242	0.000078	0.484022	0.030398
39	U	364	207321	204605	0.001779	0	1	207291	0	0	0	nan	0	0	0	0	0	0	nan	0	0	0	0.001779	0.000093	0.001779	0.000093	0.835604	0.043682
40	G	435	207347	203099	0.002142	0	5	207320	0	0	0	nan	0	0	0	0	0	0	nan	0	0	0	0.002142	0.000103	0.002142	0.000103	0.834762	0.040140
41	A	4670	207373	203720	0.022924	0	6	207351	0	0	0	nan	0	0	0	0	0	0	nan	0	0	0	0.022924	0.000335	0.022924	0.000335	1.011740	0.014785
42	U	432	207399	202956	0.002129	0	6	207383	0	0	0	nan	0	0	0	0	0	0	nan	0	0	0	0.002129	0.000102	0.002129	0.000102	1.000000	0.047910
43	U	431	207420	202817	0.002125	0	6	207405	0	0	0	nan	0	0	0	0	0	0	nan	0	0	0	0.002125	0.000102	0.002125	0.000102	0.998121	0.047910
44	C	6289	207438	202316	0.031085	0	7	207422	0	0	0	nan	0	0	0	0	0	0	nan	0	0	0	0.031085	0.000392	0.031085	0.000392	0.664209	0.008376
45	A	4635	207450	203096	0.022822	0	7	207434	0	0	0	nan	0	0	0	0	0	0	nan	0	0	0	0.022822	0.000335	0.022822	0.000335	1.007238	0.014785
46	G	415	207480	204174	0.002033	0	7	207466	0	0	0	nan	0	0	0	0	0	0	nan	0	0	0	0.002033	0.000100	0.002033	0.000100	0.792284	0.038971
47	G	351	207484	203886	0.001722	0	7	207475	0	0	0	nan	0	0	0	0	0	0	nan	0	0	0	0.001722	0.000092	0.001722	0.000092	0.671083	0.035853
48	A	4305	207484	204280	0.021074	0	7	207476	0	0	0	nan	0	0	0	0	0	0	nan	0	0	0	0.021074	0.000321	0.021074	0.000321	0.930091	0.014167
49	G	1044	207527	203985	0.005118	0	7	207525	0	0	0	nan	0	0	0	0	0	0	nan	0	0	0	0.005118	0.000158	0.005118	0.000158	1.994544	0.061574
50	G	243	207546	204223	0.001190	0	7	207545	0	0	0	nan	0	0	0	0	0	0	nan	0	0	0	0.001190	0.000076	0.001190	0.000076	0.463757	0.029618
51	U	268	207552	204556	0.001310	0	7	207552	0	0	0	nan	0	0	0	0	0	0	nan	0	0	0	0.001310	0.000080	0.001310	0.000080	0.615312	0.037576
52	U	368	207557	203783	0.001806	0	7	207556	0	0	0	nan	0	0	0	0	0	0	nan	0	0	0	0.001806	0.000094	0.001806	0.000094	0.848286	0.044152
53	A	3554	207558	204287	0.017397	0	7	207558	0	0	0	nan	0	0	0	0	0	0	nan	0	0	0	0.017397	0.000292	0.017397	0.000292	0.767808	0.012887
54	A	2945	207549	204407	0.014408	0	7	207548	0	0	0	nan	0	0	0	0	0	0	nan	0	0	0	0.014408	0.000265	0.014408	0.000265	0.635890	0.011696
55	U	613	207550	205088	0.002989	0	7	207549	0	0	0	nan	0	0	0	0	0	0	nan	0	0	0	0.002989	0.000121	0.002989	0.000121	1.403946	0.056834
56	G	527	207551	205354	0.002566	0	7	207550	0	0	0	nan	0	0	0	0	0	0	nan	0	0	0	0.002566	0.000112	0.002566	0.000112	1.000000	0.043648
57	G	0	207553	204474	0.000000	0	7	207552	0	0	0	nan	0	0	0	0	0	0	nan	0	0	0	0.000000	0.000000	0.000000	0.000000	0.000000	0.000000
58	A	0	207553	0	nan	0	7	207553	0	0	0	nan	0	0	0	0	0	0	nan	0	0	0	nan	nan	nan	nan	nan	nan
59	A	0	207553	0	nan	0	7	207553	0	0	0	nan	0	0	0	0	0	0	nan	0	0	0	nan	nan	nan	nan	nan	nan
60	G	0	207553	0	nan	0	7	207553	0	0	0	nan	0	0	0	0	0	0	nan	0	0	0	nan	nan	nan	nan	nan	nan
61	u	0	207553	0	nan	0	7	207553	0	0	0	nan	0	0	0	0	0	0	nan	0	0	0	nan	nan	nan	nan	nan	nan
62	a	0	207553	0	nan	0	7	207553	0	0	0	nan	0	0	0	0	0	0	nan	0	0	0	nan	nan	nan	nan	nan	nan
63	a	0	207553	0	nan	0	7	207553	0	0	0	nan	0	0	0	0	0	0	nan	0	0	0	nan	nan	nan	nan	nan	nan
64	a	0	207553	0	nan	0	7	207553	0	0	0	nan	0	0	0	0	0	0	nan	0	0	0	nan	nan	nan	nan	nan	nan
65	g	0	207553	0	nan	0	7	207553	0	0	0	nan	0	0	0	0	0	0	nan	0	0	0	nan	nan	nan	nan	nan	nan
66	g	0	207553	0	nan	0	7	207553	0	0	0	nan	0	0	0	0	0	0	nan	0	0	0	nan	nan	nan	nan	nan	nan
67	u	0	207553	0	nan	0	7	207553	0	0	0	nan	0	0	0	0	0	0	nan	0	0	0	nan	nan	nan	nan	nan	nan
68	a	0	207553	0	nan	0	7	207553	0	0	0	nan	0	0	0	0	0	0	nan	0	0	0	nan	nan	nan	nan	nan	nan
69	a	0	207553	0	nan	0	7	207553	0	0	0	nan	0	0	0	0	0	0	nan	0	0	0	nan	nan	nan	nan	nan	nan
70	u	0	207553	0	nan	0	7	207553	0	0	0	nan	0	0	0	0	0	0	nan	0	0	0	nan	nan	nan	nan	nan	nan
71	g	0	207553	0	nan	0	7	207553	0	0	0	nan	0	0	0	0	0	0	nan	0	0	0	nan	nan	nan	nan	nan	nan
72	a	0	207553	0	nan	0	7	207553	0	0	0	nan	0	0	0	0	0	0	nan	0	0	0	nan	nan	nan	nan	nan	nan
73	a	0	207553	0	nan	0	7	207553	0	0	0	nan	0	0	0	0	0	0	nan	0	0	0	nan	nan	nan	nan	nan	nan
74	g	0	207552	0	nan	0	7	207552	0	0	0	nan	0	0	0	0	0	0	nan	0	0	0	nan	nan	nan	nan	nan	nan
75	g	0	207552	0	nan	0	7	207552	0	0	0	nan	0	0	0	0	0	0	nan	0	0	0	nan	nan	nan	nan	nan	nan
76	u	0	207545	0	nan	0	7	207545	0	0	0	nan	0	0	0	0	0	0	nan	0	0	0	nan	nan	nan	nan	nan	nan
77	g	0	207540	0	nan	0	7	207540	0	0	0	nan	0	0	0	0	0	0	nan	0	0	0	nan	nan	nan	nan	nan	nan
78	a	0	207540	0	nan	0	7	207540	0	0	0	nan	0	0	0	0	0	0	nan	0	0	0	nan	nan	nan	nan	nan	nan
79	a	0	207503	0	nan	0	7	207503	0	0	0	nan	0	0	0	0	0	0	nan	0	0	0	nan	nan	nan	nan	nan	nan
80	g	0	207420	0	nan	0	7	207420	0	0	0	nan	0	0	0	0	0	0	nan	0	0	0	nan	nan	nan	nan	nan	nan