Nucleotide	Sequence	Modified_mutations	Modified_read_depth	Modified_effective_depth	Modified_rate	Modified_off_target_mapped_depth	Modified_low_mapq_mapped_depth	Modified_primer_pair_1_mapped_depth	Untreated_mutations	Untreated_read_depth	Untreated_effective_depth	Untreated_rate	Untreated_off_target_mapped_depth	Untreated_low_mapq_mapped_depth	Untreated_primer_pair_1_mapped_depth	Denatured_mutations	Denatured_read_depth	Denatured_effective_depth	Denatured_rate	Denatured_off_target_mapped_depth	Denatured_low_mapq_mapped_depth	Denatured_primer_pair_1_mapped_depth	Reactivity_profile	Std_err	HQ_profile	HQ_stderr	Norm_profile	Norm_stderr
1	g	0	35471	0	nan	5	0	35471	0	0	0	nan	0	0	0	0	0	0	nan	0	0	0	nan	nan	nan	nan	nan	nan
2	g	0	35498	0	nan	5	0	35498	0	0	0	nan	0	0	0	0	0	0	nan	0	0	0	nan	nan	nan	nan	nan	nan
3	a	0	35517	0	nan	5	0	35517	0	0	0	nan	0	0	0	0	0	0	nan	0	0	0	nan	nan	nan	nan	nan	nan
4	u	0	35519	0	nan	5	0	35519	0	0	0	nan	0	0	0	0	0	0	nan	0	0	0	nan	nan	nan	nan	nan	nan
5	a	0	35520	0	nan	5	0	35520	0	0	0	nan	0	0	0	0	0	0	nan	0	0	0	nan	nan	nan	nan	nan	nan
6	a	0	35520	0	nan	5	0	35520	0	0	0	nan	0	0	0	0	0	0	nan	0	0	0	nan	nan	nan	nan	nan	nan
7	u	0	35520	0	nan	5	0	35520	0	0	0	nan	0	0	0	0	0	0	nan	0	0	0	nan	nan	nan	nan	nan	nan
8	c	0	35520	0	nan	5	0	35520	0	0	0	nan	0	0	0	0	0	0	nan	0	0	0	nan	nan	nan	nan	nan	nan
9	c	0	35520	0	nan	5	0	35520	0	0	0	nan	0	0	0	0	0	0	nan	0	0	0	nan	nan	nan	nan	nan	nan
10	a	0	35520	0	nan	5	0	35520	0	0	0	nan	0	0	0	0	0	0	nan	0	0	0	nan	nan	nan	nan	nan	nan
11	a	0	35520	0	nan	5	0	35520	0	0	0	nan	0	0	0	0	0	0	nan	0	0	0	nan	nan	nan	nan	nan	nan
12	a	0	35520	0	nan	5	0	35520	0	0	0	nan	0	0	0	0	0	0	nan	0	0	0	nan	nan	nan	nan	nan	nan
13	a	0	35520	0	nan	5	0	35520	0	0	0	nan	0	0	0	0	0	0	nan	0	0	0	nan	nan	nan	nan	nan	nan
14	c	0	35520	0	nan	5	0	35520	0	0	0	nan	0	0	0	0	0	0	nan	0	0	0	nan	nan	nan	nan	nan	nan
15	a	0	35520	0	nan	5	0	35520	0	0	0	nan	0	0	0	0	0	0	nan	0	0	0	nan	nan	nan	nan	nan	nan
16	a	0	35520	0	nan	5	0	35520	0	0	0	nan	0	0	0	0	0	0	nan	0	0	0	nan	nan	nan	nan	nan	nan
17	c	0	35520	0	nan	5	0	35520	0	0	0	nan	0	0	0	0	0	0	nan	0	0	0	nan	nan	nan	nan	nan	nan
18	a	0	35520	0	nan	5	0	35520	0	0	0	nan	0	0	0	0	0	0	nan	0	0	0	nan	nan	nan	nan	nan	nan
19	a	0	35520	0	nan	5	0	35520	0	0	0	nan	0	0	0	0	0	0	nan	0	0	0	nan	nan	nan	nan	nan	nan
20	c	0	35520	0	nan	5	0	35520	0	0	0	nan	0	0	0	0	0	0	nan	0	0	0	nan	nan	nan	nan	nan	nan
21	c	0	35520	0	nan	5	0	35520	0	0	0	nan	0	0	0	0	0	0	nan	0	0	0	nan	nan	nan	nan	nan	nan
22	A	0	35520	0	nan	5	0	35520	0	0	0	nan	0	0	0	0	0	0	nan	0	0	0	nan	nan	nan	nan	nan	nan
23	A	0	35520	0	nan	5	0	35520	0	0	0	nan	0	0	0	0	0	0	nan	0	0	0	nan	nan	nan	nan	nan	nan
24	A	0	35520	0	nan	5	0	35520	0	0	0	nan	0	0	0	0	0	0	nan	0	0	0	nan	nan	nan	nan	nan	nan
25	G	0	35520	29412	0.000000	5	0	35520	0	0	0	nan	0	0	0	0	0	0	nan	0	0	0	0.000000	0.000000	0.000000	0.000000	nan	nan
26	G	32	35520	26792	0.001194	5	0	35520	0	0	0	nan	0	0	0	0	0	0	nan	0	0	0	0.001194	0.000211	0.001194	0.000211	nan	nan
27	A	605	35520	26531	0.022804	5	0	35516	0	0	0	nan	0	0	0	0	0	0	nan	0	0	0	0.022804	0.000927	0.022804	0.000927	0.684867	0.027840
28	A	386	35520	26354	0.014647	5	0	35511	0	0	0	nan	0	0	0	0	0	0	nan	0	0	0	0.014647	0.000745	0.014647	0.000745	0.439889	0.022374
29	U	126	35520	31709	0.003974	5	0	35508	0	0	0	nan	0	0	0	0	0	0	nan	0	0	0	0.003974	0.000354	0.003974	0.000354	0.917995	0.081774
30	U	77	35519	32531	0.002367	5	0	35506	0	0	0	nan	0	0	0	0	0	0	nan	0	0	0	0.002367	0.000270	0.002367	0.000270	0.546778	0.062370
31	G	15	35519	33081	0.000453	5	0	35504	0	0	0	nan	0	0	0	0	0	0	nan	0	0	0	0.000453	0.000117	0.000453	0.000117	nan	nan
32	C	415	35519	33394	0.012427	5	0	35504	0	0	0	nan	0	0	0	0	0	0	nan	0	0	0	0.012427	0.000610	0.012427	0.000610	0.634338	0.031138
33	G	33	35519	32896	0.001003	5	0	35498	0	0	0	nan	0	0	0	0	0	0	nan	0	0	0	0.001003	0.000175	0.001003	0.000175	nan	nan
34	G	18	35519	32816	0.000549	5	0	35488	0	0	0	nan	0	0	0	0	0	0	nan	0	0	0	0.000549	0.000129	0.000549	0.000129	nan	nan
35	G	15	35519	29416	0.000510	5	0	35479	0	0	0	nan	0	0	0	0	0	0	nan	0	0	0	0.000510	0.000132	0.000510	0.000132	nan	nan
36	A	244	35519	27872	0.008754	5	0	35468	0	0	0	nan	0	0	0	0	0	0	nan	0	0	0	0.008754	0.000560	0.008754	0.000560	0.262907	0.016818
37	A	857	35519	26797	0.031981	5	0	35463	0	0	0	nan	0	0	0	0	0	0	nan	0	0	0	0.031981	0.001092	0.031981	0.001092	0.960477	0.032796
38	A	1026	35519	29642	0.034613	5	0	35458	0	0	0	nan	0	0	0	0	0	0	nan	0	0	0	0.034613	0.001081	0.034613	0.001081	1.039523	0.032465
39	G	21	35519	31331	0.000670	5	0	35457	0	0	0	nan	0	0	0	0	0	0	nan	0	0	0	0.000670	0.000146	0.000670	0.000146	nan	nan
40	G	20	35519	32173	0.000622	5	0	35452	0	0	0	nan	0	0	0	0	0	0	nan	0	0	0	0.000622	0.000139	0.000622	0.000139	nan	nan
41	G	24	35519	32167	0.000746	5	0	35449	0	0	0	nan	0	0	0	0	0	0	nan	0	0	0	0.000746	0.000152	0.000746	0.000152	nan	nan
42	G	26	35519	32664	0.000796	5	0	35445	0	0	0	nan	0	0	0	0	0	0	nan	0	0	0	0.000796	0.000156	0.000796	0.000156	nan	nan
43	U	49	35519	33264	0.001473	5	0	35444	0	0	0	nan	0	0	0	0	0	0	nan	0	0	0	0.001473	0.000210	0.001473	0.000210	0.340263	0.048510
44	C	150	35519	30893	0.004855	5	0	35435	0	0	0	nan	0	0	0	0	0	0	nan	0	0	0	0.004855	0.000396	0.004855	0.000396	0.247824	0.020214
45	A	653	35517	28518	0.022898	5	0	35426	0	0	0	nan	0	0	0	0	0	0	nan	0	0	0	0.022898	0.000896	0.022898	0.000896	0.687690	0.026909
46	A	316	35517	28769	0.010984	5	0	35425	0	0	0	nan	0	0	0	0	0	0	nan	0	0	0	0.010984	0.000618	0.010984	0.000618	0.329880	0.018560
47	C	796	35517	30247	0.026317	5	0	35423	0	0	0	nan	0	0	0	0	0	0	nan	0	0	0	0.026317	0.000933	0.026317	0.000933	1.343355	0.047625
48	A	925	35517	32668	0.028315	5	0	35419	0	0	0	nan	0	0	0	0	0	0	nan	0	0	0	0.028315	0.000931	0.028315	0.000931	0.850377	0.027960
49	G	35	35517	32504	0.001077	5	0	35417	0	0	0	nan	0	0	0	0	0	0	nan	0	0	0	0.001077	0.000182	0.001077	0.000182	nan	nan
50	C	41	35517	32109	0.001277	5	0	35414	0	0	0	nan	0	0	0	0	0	0	nan	0	0	0	0.001277	0.000199	0.001277	0.000199	0.065185	0.010158
51	C	47	35517	32025	0.001468	5	0	35412	0	0	0	nan	0	0	0	0	0	0	nan	0	0	0	0.001468	0.000214	0.001468	0.000214	0.074934	0.010924
52	G	18	35517	31110	0.000579	5	0	35410	0	0	0	nan	0	0	0	0	0	0	nan	0	0	0	0.000579	0.000136	0.000579	0.000136	nan	nan
53	U	127	35517	32247	0.003938	5	0	35410	0	0	0	nan	0	0	0	0	0	0	nan	0	0	0	0.003938	0.000349	0.003938	0.000349	0.909679	0.080619
54	U	63	35517	31842	0.001979	5	0	35406	0	0	0	nan	0	0	0	0	0	0	nan	0	0	0	0.001979	0.000249	0.001979	0.000249	0.457149	0.057519
55	C	99	35516	32805	0.003018	5	0	35403	0	0	0	nan	0	0	0	0	0	0	nan	0	0	0	0.003018	0.000303	0.003018	0.000303	0.154054	0.015467
56	A	103	35516	32922	0.003129	5	0	35398	0	0	0	nan	0	0	0	0	0	0	nan	0	0	0	0.003129	0.000308	0.003129	0.000308	0.093972	0.009250
57	G	26	35516	33372	0.000779	5	0	35397	0	0	0	nan	0	0	0	0	0	0	nan	0	0	0	0.000779	0.000153	0.000779	0.000153	nan	nan
58	U	39	35516	33099	0.001178	5	0	35396	0	0	0	nan	0	0	0	0	0	0	nan	0	0	0	0.001178	0.000189	0.001178	0.000189	0.272118	0.043659
59	A	213	35516	32872	0.006480	5	0	35396	0	0	0	nan	0	0	0	0	0	0	nan	0	0	0	0.006480	0.000444	0.006480	0.000444	0.194612	0.013335
60	C	51	35516	33071	0.001542	5	0	35396	0	0	0	nan	0	0	0	0	0	0	nan	0	0	0	0.001542	0.000216	0.001542	0.000216	0.078712	0.011026
61	C	46	35516	33289	0.001382	5	0	35396	0	0	0	nan	0	0	0	0	0	0	nan	0	0	0	0.001382	0.000204	0.001382	0.000204	0.070544	0.010413
62	A	1357	35516	32485	0.041773	5	0	35390	0	0	0	nan	0	0	0	0	0	0	nan	0	0	0	0.041773	0.001134	0.041773	0.001134	1.254557	0.034057
63	A	870	35515	32593	0.026693	5	0	35386	0	0	0	nan	0	0	0	0	0	0	nan	0	0	0	0.026693	0.000905	0.026693	0.000905	0.801664	0.027180
64	G	18	35515	33013	0.000545	5	0	35384	0	0	0	nan	0	0	0	0	0	0	nan	0	0	0	0.000545	0.000129	0.000545	0.000129	nan	nan
65	U	32	35515	31206	0.001025	5	0	35384	0	0	0	nan	0	0	0	0	0	0	nan	0	0	0	0.001025	0.000181	0.001025	0.000181	0.236775	0.041811
66	C	29	35518	31422	0.000923	5	0	35383	0	0	0	nan	0	0	0	0	0	0	nan	0	0	0	0.000923	0.000171	0.000923	0.000171	0.047115	0.008729
67	U	49	35983	31874	0.001537	5	0	35968	0	0	0	nan	0	0	0	0	0	0	nan	0	0	0	0.001537	0.000220	0.001537	0.000220	0.355047	0.050820
68	C	26	35993	34895	0.000745	5	0	35976	0	0	0	nan	0	0	0	0	0	0	nan	0	0	0	0.000745	0.000146	0.000745	0.000146	0.038029	0.007453
69	A	191	35996	34389	0.005554	5	0	35979	0	0	0	nan	0	0	0	0	0	0	nan	0	0	0	0.005554	0.000402	0.005554	0.000402	0.166802	0.012073
70	G	35	35996	33991	0.001030	5	0	35979	0	0	0	nan	0	0	0	0	0	0	nan	0	0	0	0.001030	0.000174	0.001030	0.000174	nan	nan
71	G	48	35996	33993	0.001412	5	0	35978	0	0	0	nan	0	0	0	0	0	0	nan	0	0	0	0.001412	0.000204	0.001412	0.000204	nan	nan
72	G	22	35996	34382	0.000640	5	0	35977	0	0	0	nan	0	0	0	0	0	0	nan	0	0	0	0.000640	0.000136	0.000640	0.000136	nan	nan
73	G	19	35996	35374	0.000537	5	0	35977	0	0	0	nan	0	0	0	0	0	0	nan	0	0	0	0.000537	0.000123	0.000537	0.000123	nan	nan
74	A	328	35998	35417	0.009261	5	0	35978	0	0	0	nan	0	0	0	0	0	0	nan	0	0	0	0.009261	0.000511	0.009261	0.000511	0.278133	0.015347
75	A	265	35998	35645	0.007434	5	0	35978	0	0	0	nan	0	0	0	0	0	0	nan	0	0	0	0.007434	0.000457	0.007434	0.000457	0.223263	0.013725
76	A	418	36000	35604	0.011740	5	0	35980	0	0	0	nan	0	0	0	0	0	0	nan	0	0	0	0.011740	0.000574	0.011740	0.000574	0.352584	0.017239
77	C	49	36000	35599	0.001376	5	0	35979	0	0	0	nan	0	0	0	0	0	0	nan	0	0	0	0.001376	0.000197	0.001376	0.000197	0.070238	0.010056
78	U	43	35999	35514	0.001211	5	0	35978	0	0	0	nan	0	0	0	0	0	0	nan	0	0	0	0.001211	0.000185	0.001211	0.000185	0.279741	0.042735
79	U	95	36000	35524	0.002674	5	0	35979	0	0	0	nan	0	0	0	0	0	0	nan	0	0	0	0.002674	0.000274	0.002674	0.000274	0.617695	0.063294
80	U	44	35999	34933	0.001260	5	0	35976	0	0	0	nan	0	0	0	0	0	0	nan	0	0	0	0.001260	0.000190	0.001260	0.000190	0.291060	0.043890
81	G	29	35998	34826	0.000833	5	0	35973	0	0	0	nan	0	0	0	0	0	0	nan	0	0	0	0.000833	0.000155	0.000833	0.000155	nan	nan
82	A	127	35999	34912	0.003638	5	0	35971	0	0	0	nan	0	0	0	0	0	0	nan	0	0	0	0.003638	0.000323	0.003638	0.000323	0.109259	0.009701
83	G	30	35999	35539	0.000844	5	0	35971	0	0	0	nan	0	0	0	0	0	0	nan	0	0	0	0.000844	0.000154	0.000844	0.000154	nan	nan
84	A	88	35997	35639	0.002469	5	0	35968	0	0	0	nan	0	0	0	0	0	0	nan	0	0	0	0.002469	0.000263	0.002469	0.000263	0.074151	0.007899
85	U	33	35997	35626	0.000926	5	0	35968	0	0	0	nan	0	0	0	0	0	0	nan	0	0	0	0.000926	0.000161	0.000926	0.000161	0.213906	0.037191
86	G	17	35997	35632	0.000477	5	0	35968	0	0	0	nan	0	0	0	0	0	0	nan	0	0	0	0.000477	0.000116	0.000477	0.000116	nan	nan
87	G	18	35997	35592	0.000506	5	0	35968	0	0	0	nan	0	0	0	0	0	0	nan	0	0	0	0.000506	0.000119	0.000506	0.000119	nan	nan
88	C	56	35997	32517	0.001722	5	0	35968	0	0	0	nan	0	0	0	0	0	0	nan	0	0	0	0.001722	0.000230	0.001722	0.000230	0.087900	0.011740
89	C	47	35997	32473	0.001447	5	0	35967	0	0	0	nan	0	0	0	0	0	0	nan	0	0	0	0.001447	0.000211	0.001447	0.000211	0.073862	0.010771
90	U	27	35997	32387	0.000834	5	0	35966	0	0	0	nan	0	0	0	0	0	0	nan	0	0	0	0.000834	0.000160	0.000834	0.000160	0.192654	0.036960
91	U	76	35997	35507	0.002140	5	0	35967	0	0	0	nan	0	0	0	0	0	0	nan	0	0	0	0.002140	0.000246	0.002140	0.000246	0.494340	0.056826
92	G	29	35996	35286	0.000822	5	0	35967	0	0	0	nan	0	0	0	0	0	0	nan	0	0	0	0.000822	0.000153	0.000822	0.000153	nan	nan
93	C	1733	35996	35273	0.049131	5	0	35967	0	0	0	nan	0	0	0	0	0	0	nan	0	0	0	0.049131	0.001180	0.049131	0.001180	2.507899	0.060233
94	A	552	35997	35278	0.015647	5	0	35968	0	0	0	nan	0	0	0	0	0	0	nan	0	0	0	0.015647	0.000666	0.015647	0.000666	0.469922	0.020002
95	A	729	35997	35442	0.020569	5	0	35968	0	0	0	nan	0	0	0	0	0	0	nan	0	0	0	0.020569	0.000762	0.020569	0.000762	0.617743	0.022885
96	A	777	35998	35562	0.021849	5	0	35969	0	0	0	nan	0	0	0	0	0	0	nan	0	0	0	0.021849	0.000784	0.021849	0.000784	0.656185	0.023546
97	G	30	35999	35581	0.000843	5	0	35970	0	0	0	nan	0	0	0	0	0	0	nan	0	0	0	0.000843	0.000154	0.000843	0.000154	nan	nan
98	G	20	35999	35648	0.000561	5	0	35970	0	0	0	nan	0	0	0	0	0	0	nan	0	0	0	0.000561	0.000125	0.000561	0.000125	nan	nan
99	G	11	35999	35584	0.000309	5	0	35970	0	0	0	nan	0	0	0	0	0	0	nan	0	0	0	0.000309	0.000093	0.000309	0.000093	nan	nan
100	U	39	35999	35693	0.001093	5	0	35970	0	0	0	nan	0	0	0	0	0	0	nan	0	0	0	0.001093	0.000175	0.001093	0.000175	0.252483	0.040425
101	A	383	35999	35672	0.010737	5	0	35970	0	0	0	nan	0	0	0	0	0	0	nan	0	0	0	0.010737	0.000549	0.010737	0.000549	0.322461	0.016488
102	U	215	36000	35669	0.006028	5	0	35971	0	0	0	nan	0	0	0	0	0	0	nan	0	0	0	0.006028	0.000411	0.006028	0.000411	1.392469	0.094941
103	G	25	36000	35473	0.000705	5	0	35970	0	0	0	nan	0	0	0	0	0	0	nan	0	0	0	0.000705	0.000141	0.000705	0.000141	nan	nan
104	G	26	36000	35433	0.000734	5	0	35970	0	0	0	nan	0	0	0	0	0	0	nan	0	0	0	0.000734	0.000144	0.000734	0.000144	nan	nan
105	U	29	36000	35487	0.000817	5	0	35971	0	0	0	nan	0	0	0	0	0	0	nan	0	0	0	0.000817	0.000152	0.000817	0.000152	0.188727	0.035112
106	A	665	36000	35600	0.018680	5	0	35973	0	0	0	nan	0	0	0	0	0	0	nan	0	0	0	0.018680	0.000724	0.018680	0.000724	0.561012	0.021744
107	A	167	36000	35599	0.004691	5	0	35973	0	0	0	nan	0	0	0	0	0	0	nan	0	0	0	0.004691	0.000363	0.004691	0.000363	0.140884	0.010902
108	U	80	36000	35466	0.002256	5	0	35973	0	0	0	nan	0	0	0	0	0	0	nan	0	0	0	0.002256	0.000252	0.002256	0.000252	0.521137	0.058212
109	A	48	36000	35445	0.001354	5	0	35973	0	0	0	nan	0	0	0	0	0	0	nan	0	0	0	0.001354	0.000195	0.001354	0.000195	0.040664	0.005856
110	A	248	36000	35547	0.006977	5	0	35975	0	0	0	nan	0	0	0	0	0	0	nan	0	0	0	0.006977	0.000443	0.006977	0.000443	0.209538	0.013305
111	G	27	36000	35585	0.000759	5	0	35975	0	0	0	nan	0	0	0	0	0	0	nan	0	0	0	0.000759	0.000146	0.000759	0.000146	nan	nan
112	C	28	36000	35747	0.000783	5	0	35975	0	0	0	nan	0	0	0	0	0	0	nan	0	0	0	0.000783	0.000148	0.000783	0.000148	0.039968	0.007555
113	U	52	36000	35706	0.001456	5	0	35974	0	0	0	nan	0	0	0	0	0	0	nan	0	0	0	0.001456	0.000202	0.001456	0.000202	0.336336	0.046662
114	G	12	35998	35607	0.000337	5	0	35972	0	0	0	nan	0	0	0	0	0	0	nan	0	0	0	0.000337	0.000097	0.000337	0.000097	nan	nan
115	A	119	35998	35595	0.003343	5	0	35972	0	0	0	nan	0	0	0	0	0	0	nan	0	0	0	0.003343	0.000306	0.003343	0.000306	0.100399	0.009190
116	C	64	35998	35596	0.001798	5	0	35972	0	0	0	nan	0	0	0	0	0	0	nan	0	0	0	0.001798	0.000225	0.001798	0.000225	0.091779	0.011485
117	G	28	35998	35382	0.000791	5	0	35972	0	0	0	nan	0	0	0	0	0	0	nan	0	0	0	0.000791	0.000150	0.000791	0.000150	nan	nan
118	G	24	35998	35469	0.000677	5	0	35972	0	0	0	nan	0	0	0	0	0	0	nan	0	0	0	0.000677	0.000138	0.000677	0.000138	nan	nan
119	A	129	35998	35485	0.003635	5	0	35972	0	0	0	nan	0	0	0	0	0	0	nan	0	0	0	0.003635	0.000320	0.003635	0.000320	0.109169	0.009610
120	C	71	35998	35666	0.001991	5	0	35972	0	0	0	nan	0	0	0	0	0	0	nan	0	0	0	0.001991	0.000236	0.001991	0.000236	0.101631	0.012047
121	A	2181	35998	35635	0.061204	5	0	35972	0	0	0	nan	0	0	0	0	0	0	nan	0	0	0	0.061204	0.001311	0.061204	0.001311	1.838124	0.039373
122	U	167	35998	35653	0.004684	5	0	35972	0	0	0	nan	0	0	0	0	0	0	nan	0	0	0	0.004684	0.000362	0.004684	0.000362	1.082005	0.083622
123	G	27	35998	35571	0.000759	5	0	35970	0	0	0	nan	0	0	0	0	0	0	nan	0	0	0	0.000759	0.000146	0.000759	0.000146	nan	nan
124	G	19	35998	35552	0.000534	5	0	35971	0	0	0	nan	0	0	0	0	0	0	nan	0	0	0	0.000534	0.000123	0.000534	0.000123	nan	nan
125	U	49	35998	34994	0.001400	5	0	35971	0	0	0	nan	0	0	0	0	0	0	nan	0	0	0	0.001400	0.000200	0.001400	0.000200	0.323400	0.046200
126	C	46	35998	34977	0.001315	5	0	35971	0	0	0	nan	0	0	0	0	0	0	nan	0	0	0	0.001315	0.000194	0.001315	0.000194	0.067124	0.009903
127	C	33	35998	34994	0.000943	5	0	35971	0	0	0	nan	0	0	0	0	0	0	nan	0	0	0	0.000943	0.000164	0.000943	0.000164	0.048136	0.008371
128	U	54	35998	35434	0.001524	5	0	35969	0	0	0	nan	0	0	0	0	0	0	nan	0	0	0	0.001524	0.000207	0.001524	0.000207	0.352044	0.047817
129	A	424	35902	35231	0.012035	5	0	35820	0	0	0	nan	0	0	0	0	0	0	nan	0	0	0	0.012035	0.000584	0.012035	0.000584	0.361444	0.017539
130	A	2102	35898	35168	0.059770	5	0	35816	0	0	0	nan	0	0	0	0	0	0	nan	0	0	0	0.059770	0.001304	0.059770	0.001304	1.795057	0.039163
131	C	126	35900	35160	0.003584	5	0	35819	0	0	0	nan	0	0	0	0	0	0	nan	0	0	0	0.003584	0.000319	0.003584	0.000319	0.182946	0.016283
132	C	47	35900	35146	0.001337	5	0	35820	0	0	0	nan	0	0	0	0	0	0	nan	0	0	0	0.001337	0.000195	0.001337	0.000195	0.068247	0.009954
133	A	451	35902	35130	0.012838	5	0	35824	0	0	0	nan	0	0	0	0	0	0	nan	0	0	0	0.012838	0.000605	0.012838	0.000605	0.385560	0.018170
134	C	58	35902	35103	0.001652	3	0	35825	0	0	0	nan	0	0	0	0	0	0	nan	0	0	0	0.001652	0.000217	0.001652	0.000217	0.084327	0.011077
135	G	30	35903	34840	0.000861	3	0	35826	0	0	0	nan	0	0	0	0	0	0	nan	0	0	0	0.000861	0.000157	0.000861	0.000157	nan	nan
136	C	41	35903	35002	0.001171	3	0	35826	0	0	0	nan	0	0	0	0	0	0	nan	0	0	0	0.001171	0.000183	0.001171	0.000183	0.059774	0.009341
137	A	101	35903	35016	0.002884	3	0	35828	0	0	0	nan	0	0	0	0	0	0	nan	0	0	0	0.002884	0.000287	0.002884	0.000287	0.086614	0.008619
138	G	27	35903	34919	0.000773	3	0	35828	0	0	0	nan	0	0	0	0	0	0	nan	0	0	0	0.000773	0.000149	0.000773	0.000149	nan	nan
139	C	277	35903	35000	0.007914	3	0	35828	0	0	0	nan	0	0	0	0	0	0	nan	0	0	0	0.007914	0.000476	0.007914	0.000476	0.403971	0.024297
140	C	126	35903	34936	0.003607	3	0	35829	0	0	0	nan	0	0	0	0	0	0	nan	0	0	0	0.003607	0.000321	0.003607	0.000321	0.184120	0.016385
141	A	430	35904	34856	0.012336	3	0	35830	0	0	0	nan	0	0	0	0	0	0	nan	0	0	0	0.012336	0.000595	0.012336	0.000595	0.370484	0.017869
142	A	561	35904	34786	0.016127	3	0	35832	0	0	0	nan	0	0	0	0	0	0	nan	0	0	0	0.016127	0.000681	0.016127	0.000681	0.484338	0.020452
143	G	41	35904	34563	0.001186	0	0	35834	0	0	0	nan	0	0	0	0	0	0	nan	0	0	0	0.001186	0.000185	0.001186	0.000185	nan	nan
144	U	58	35905	34719	0.001671	0	0	35835	0	0	0	nan	0	0	0	0	0	0	nan	0	0	0	0.001671	0.000219	0.001671	0.000219	0.386001	0.050589
145	C	44	35906	34880	0.001261	0	0	35836	0	0	0	nan	0	0	0	0	0	0	nan	0	0	0	0.001261	0.000190	0.001261	0.000190	0.064368	0.009699
146	C	43	35907	34351	0.001252	0	0	35838	0	0	0	nan	0	0	0	0	0	0	nan	0	0	0	0.001252	0.000191	0.001252	0.000191	0.063909	0.009750
147	U	53	35908	34298	0.001545	0	0	35839	0	0	0	nan	0	0	0	0	0	0	nan	0	0	0	0.001545	0.000212	0.001545	0.000212	0.356895	0.048972
148	A	132	35909	34105	0.003870	0	0	35841	0	0	0	nan	0	0	0	0	0	0	nan	0	0	0	0.003870	0.000337	0.003870	0.000337	0.116227	0.010121
149	A	598	35910	34245	0.017462	0	0	35842	0	0	0	nan	0	0	0	0	0	0	nan	0	0	0	0.017462	0.000714	0.017462	0.000714	0.524432	0.021443
150	G	37	35910	33906	0.001091	0	0	35842	0	0	0	nan	0	0	0	0	0	0	nan	0	0	0	0.001091	0.000179	0.001091	0.000179	nan	nan
151	U	46	35910	34155	0.001347	0	0	35842	0	0	0	nan	0	0	0	0	0	0	nan	0	0	0	0.001347	0.000199	0.001347	0.000199	0.311157	0.045969
152	C	98	35910	34770	0.002819	0	0	35843	0	0	0	nan	0	0	0	0	0	0	nan	0	0	0	0.002819	0.000285	0.002819	0.000285	0.143896	0.014548
153	A	171	35912	34954	0.004892	0	0	35845	0	0	0	nan	0	0	0	0	0	0	nan	0	0	0	0.004892	0.000374	0.004892	0.000374	0.146920	0.011232
154	A	189	35912	34868	0.005420	0	0	35846	0	0	0	nan	0	0	0	0	0	0	nan	0	0	0	0.005420	0.000394	0.005420	0.000394	0.162777	0.011833
155	C	113	35913	34774	0.003250	0	0	35847	0	0	0	nan	0	0	0	0	0	0	nan	0	0	0	0.003250	0.000306	0.003250	0.000306	0.165897	0.015620
156	A	73	35913	34896	0.002092	0	0	35849	0	0	0	nan	0	0	0	0	0	0	nan	0	0	0	0.002092	0.000245	0.002092	0.000245	0.062828	0.007358
157	G	20	35914	34644	0.000577	0	0	35851	0	0	0	nan	0	0	0	0	0	0	nan	0	0	0	0.000577	0.000129	0.000577	0.000129	nan	nan
158	A	514	35914	34246	0.015009	0	0	35851	0	0	0	nan	0	0	0	0	0	0	nan	0	0	0	0.015009	0.000662	0.015009	0.000662	0.450761	0.019882
159	U	191	35914	34180	0.005588	0	0	35853	0	0	0	nan	0	0	0	0	0	0	nan	0	0	0	0.005588	0.000404	0.005588	0.000404	1.290829	0.093324
160	C	773	35915	34094	0.022673	0	0	35855	0	0	0	nan	0	0	0	0	0	0	nan	0	0	0	0.022673	0.000815	0.022673	0.000815	1.157347	0.041602
161	U	132	35916	34048	0.003877	0	0	35857	0	0	0	nan	0	0	0	0	0	0	nan	0	0	0	0.003877	0.000337	0.003877	0.000337	0.895588	0.077847
162	U	102	35917	34098	0.002991	0	0	35859	0	0	0	nan	0	0	0	0	0	0	nan	0	0	0	0.002991	0.000296	0.002991	0.000296	0.690922	0.068376
163	C	31	35918	34230	0.000906	0	0	35861	0	0	0	nan	0	0	0	0	0	0	nan	0	0	0	0.000906	0.000163	0.000906	0.000163	0.046247	0.008320
164	U	41	35919	34186	0.001199	0	0	35862	0	0	0	nan	0	0	0	0	0	0	nan	0	0	0	0.001199	0.000187	0.001199	0.000187	0.276969	0.043197
165	G	19	35919	32901	0.000577	0	0	35864	0	0	0	nan	0	0	0	0	0	0	nan	0	0	0	0.000577	0.000132	0.000577	0.000132	nan	nan
166	U	56	35919	33104	0.001692	0	0	35867	0	0	0	nan	0	0	0	0	0	0	nan	0	0	0	0.001692	0.000226	0.001692	0.000226	0.390852	0.052206
167	U	29	35919	33819	0.000858	0	0	35868	0	0	0	nan	0	0	0	0	0	0	nan	0	0	0	0.000858	0.000159	0.000858	0.000159	0.198198	0.036729
168	G	23	35919	35010	0.000657	0	0	35869	0	0	0	nan	0	0	0	0	0	0	nan	0	0	0	0.000657	0.000137	0.000657	0.000137	nan	nan
169	A	67	35920	34918	0.001919	0	0	35872	0	0	0	nan	0	0	0	0	0	0	nan	0	0	0	0.001919	0.000234	0.001919	0.000234	0.057633	0.007028
170	U	34	35920	34695	0.000980	0	0	35875	0	0	0	nan	0	0	0	0	0	0	nan	0	0	0	0.000980	0.000168	0.000980	0.000168	0.226380	0.038808
171	A	103	35921	34153	0.003016	0	0	35879	0	0	0	nan	0	0	0	0	0	0	nan	0	0	0	0.003016	0.000297	0.003016	0.000297	0.090579	0.008920
172	U	92	35921	34420	0.002673	0	0	35881	0	0	0	nan	0	0	0	0	0	0	nan	0	0	0	0.002673	0.000279	0.002673	0.000279	0.617464	0.064449
173	G	18	35921	34646	0.000520	0	0	35886	0	0	0	nan	0	0	0	0	0	0	nan	0	0	0	0.000520	0.000122	0.000520	0.000122	nan	nan
174	G	23	35921	35076	0.000656	0	0	35889	0	0	0	nan	0	0	0	0	0	0	nan	0	0	0	0.000656	0.000137	0.000656	0.000137	nan	nan
175	A	118	35921	33070	0.003568	0	0	35890	0	0	0	nan	0	0	0	0	0	0	nan	0	0	0	0.003568	0.000328	0.003568	0.000328	0.107157	0.009851
176	U	22	35921	33085	0.000665	0	0	35890	0	0	0	nan	0	0	0	0	0	0	nan	0	0	0	0.000665	0.000142	0.000665	0.000142	0.153615	0.032802
177	G	18	35924	33071	0.000544	0	0	35895	0	0	0	nan	0	0	0	0	0	0	nan	0	0	0	0.000544	0.000128	0.000544	0.000128	nan	nan
178	C	574	35924	34772	0.016508	0	0	35895	0	0	0	nan	0	0	0	0	0	0	nan	0	0	0	0.016508	0.000689	0.016508	0.000689	0.842653	0.035170
179	A	256	35924	34738	0.007369	0	0	35895	0	0	0	nan	0	0	0	0	0	0	nan	0	0	0	0.007369	0.000461	0.007369	0.000461	0.221311	0.013845
180	G	39	35925	33541	0.001163	0	0	35898	0	0	0	nan	0	0	0	0	0	0	nan	0	0	0	0.001163	0.000186	0.001163	0.000186	nan	nan
181	U	56	35925	32910	0.001702	0	0	35898	0	0	0	nan	0	0	0	0	0	0	nan	0	0	0	0.001702	0.000227	0.001702	0.000227	0.393162	0.052437
182	U	57	35926	32589	0.001749	0	0	35907	0	0	0	nan	0	0	0	0	0	0	nan	0	0	0	0.001749	0.000232	0.001749	0.000232	0.404019	0.053592
183	C	236	35926	33711	0.007001	0	0	35911	0	0	0	nan	0	0	0	0	0	0	nan	0	0	0	0.007001	0.000456	0.007001	0.000456	0.357367	0.023277
184	A	307	35927	34633	0.008864	0	0	35914	0	0	0	nan	0	0	0	0	0	0	nan	0	0	0	0.008864	0.000506	0.008864	0.000506	0.266210	0.015197
185	A	527	35927	34716	0.015180	0	0	35916	0	0	0	nan	0	0	0	0	0	0	nan	0	0	0	0.015180	0.000661	0.015180	0.000661	0.455897	0.019852
186	C	198	35927	34405	0.005755	0	0	35921	0	0	0	nan	0	0	0	0	0	0	nan	0	0	0	0.005755	0.000409	0.005755	0.000409	0.293765	0.020877
187	C	103	35928	34391	0.002995	0	0	35923	0	0	0	nan	0	0	0	0	0	0	nan	0	0	0	0.002995	0.000295	0.002995	0.000295	0.152880	0.015058
188	A	136	35929	34499	0.003942	0	0	35925	0	0	0	nan	0	0	0	0	0	0	nan	0	0	0	0.003942	0.000338	0.003942	0.000338	0.118389	0.010151
189	A	123	35929	34372	0.003578	0	0	35928	0	0	0	nan	0	0	0	0	0	0	nan	0	0	0	0.003578	0.000323	0.003578	0.000323	0.107457	0.009701
190	A	0	35931	33112	0.000000	0	0	35931	0	0	0	nan	0	0	0	0	0	0	nan	0	0	0	0.000000	0.000000	0.000000	0.000000	0.000000	0.000000
191	U	0	35931	0	nan	0	0	35931	0	0	0	nan	0	0	0	0	0	0	nan	0	0	0	nan	nan	nan	nan	nan	nan
192	C	0	35931	0	nan	0	0	35931	0	0	0	nan	0	0	0	0	0	0	nan	0	0	0	nan	nan	nan	nan	nan	nan
193	A	0	35931	0	nan	0	0	35931	0	0	0	nan	0	0	0	0	0	0	nan	0	0	0	nan	nan	nan	nan	nan	nan
194	c	0	35931	0	nan	0	0	35931	0	0	0	nan	0	0	0	0	0	0	nan	0	0	0	nan	nan	nan	nan	nan	nan
195	c	0	35931	0	nan	0	0	35931	0	0	0	nan	0	0	0	0	0	0	nan	0	0	0	nan	nan	nan	nan	nan	nan
196	a	0	35931	0	nan	0	0	35931	0	0	0	nan	0	0	0	0	0	0	nan	0	0	0	nan	nan	nan	nan	nan	nan
197	a	0	35931	0	nan	0	0	35931	0	0	0	nan	0	0	0	0	0	0	nan	0	0	0	nan	nan	nan	nan	nan	nan
198	a	0	35931	0	nan	0	0	35931	0	0	0	nan	0	0	0	0	0	0	nan	0	0	0	nan	nan	nan	nan	nan	nan
199	c	0	35931	0	nan	0	0	35931	0	0	0	nan	0	0	0	0	0	0	nan	0	0	0	nan	nan	nan	nan	nan	nan
200	c	0	35931	0	nan	0	0	35931	0	0	0	nan	0	0	0	0	0	0	nan	0	0	0	nan	nan	nan	nan	nan	nan
201	a	0	35931	0	nan	0	0	35931	0	0	0	nan	0	0	0	0	0	0	nan	0	0	0	nan	nan	nan	nan	nan	nan
202	a	0	35931	0	nan	0	0	35931	0	0	0	nan	0	0	0	0	0	0	nan	0	0	0	nan	nan	nan	nan	nan	nan
203	a	0	35931	0	nan	0	0	35931	0	0	0	nan	0	0	0	0	0	0	nan	0	0	0	nan	nan	nan	nan	nan	nan
204	g	0	35931	0	nan	0	0	35931	0	0	0	nan	0	0	0	0	0	0	nan	0	0	0	nan	nan	nan	nan	nan	nan
205	a	0	35931	0	nan	0	0	35931	0	0	0	nan	0	0	0	0	0	0	nan	0	0	0	nan	nan	nan	nan	nan	nan
206	a	0	35931	0	nan	0	0	35931	0	0	0	nan	0	0	0	0	0	0	nan	0	0	0	nan	nan	nan	nan	nan	nan
207	a	0	35931	0	nan	0	0	35931	0	0	0	nan	0	0	0	0	0	0	nan	0	0	0	nan	nan	nan	nan	nan	nan
208	c	0	35930	0	nan	0	0	35930	0	0	0	nan	0	0	0	0	0	0	nan	0	0	0	nan	nan	nan	nan	nan	nan
209	a	0	35930	0	nan	0	0	35930	0	0	0	nan	0	0	0	0	0	0	nan	0	0	0	nan	nan	nan	nan	nan	nan
210	a	0	35927	0	nan	0	0	35927	0	0	0	nan	0	0	0	0	0	0	nan	0	0	0	nan	nan	nan	nan	nan	nan
211	c	0	35917	0	nan	0	0	35917	0	0	0	nan	0	0	0	0	0	0	nan	0	0	0	nan	nan	nan	nan	nan	nan
212	c	0	35896	0	nan	0	0	35896	0	0	0	nan	0	0	0	0	0	0	nan	0	0	0	nan	nan	nan	nan	nan	nan