Nucleotide	Sequence	Modified_mutations	Modified_read_depth	Modified_effective_depth	Modified_rate	Modified_off_target_mapped_depth	Modified_low_mapq_mapped_depth	Modified_primer_pair_1_mapped_depth	Untreated_mutations	Untreated_read_depth	Untreated_effective_depth	Untreated_rate	Untreated_off_target_mapped_depth	Untreated_low_mapq_mapped_depth	Untreated_primer_pair_1_mapped_depth	Denatured_mutations	Denatured_read_depth	Denatured_effective_depth	Denatured_rate	Denatured_off_target_mapped_depth	Denatured_low_mapq_mapped_depth	Denatured_primer_pair_1_mapped_depth	Reactivity_profile	Std_err	HQ_profile	HQ_stderr	Norm_profile	Norm_stderr
1	g	0	213811	0	nan	20	0	213811	0	0	0	nan	0	0	0	0	0	0	nan	0	0	0	nan	nan	nan	nan	nan	nan
2	g	0	214256	0	nan	20	0	214256	0	0	0	nan	0	0	0	0	0	0	nan	0	0	0	nan	nan	nan	nan	nan	nan
3	c	0	214380	0	nan	20	0	214380	0	0	0	nan	0	0	0	0	0	0	nan	0	0	0	nan	nan	nan	nan	nan	nan
4	a	0	218508	0	nan	46	0	218508	0	0	0	nan	0	0	0	0	0	0	nan	0	0	0	nan	nan	nan	nan	nan	nan
5	c	0	218594	0	nan	46	0	218594	0	0	0	nan	0	0	0	0	0	0	nan	0	0	0	nan	nan	nan	nan	nan	nan
6	c	0	218613	0	nan	46	0	218613	0	0	0	nan	0	0	0	0	0	0	nan	0	0	0	nan	nan	nan	nan	nan	nan
7	u	0	218617	0	nan	46	0	218617	0	0	0	nan	0	0	0	0	0	0	nan	0	0	0	nan	nan	nan	nan	nan	nan
8	c	0	218620	0	nan	46	0	218620	0	0	0	nan	0	0	0	0	0	0	nan	0	0	0	nan	nan	nan	nan	nan	nan
9	a	0	218621	0	nan	46	0	218621	0	0	0	nan	0	0	0	0	0	0	nan	0	0	0	nan	nan	nan	nan	nan	nan
10	u	0	218642	0	nan	46	0	218642	0	0	0	nan	0	0	0	0	0	0	nan	0	0	0	nan	nan	nan	nan	nan	nan
11	a	0	218656	0	nan	46	0	218656	0	0	0	nan	0	0	0	0	0	0	nan	0	0	0	nan	nan	nan	nan	nan	nan
12	a	0	218668	0	nan	46	0	218668	0	0	0	nan	0	0	0	0	0	0	nan	0	0	0	nan	nan	nan	nan	nan	nan
13	c	0	218676	0	nan	46	0	218676	0	0	0	nan	0	0	0	0	0	0	nan	0	0	0	nan	nan	nan	nan	nan	nan
14	a	0	218680	0	nan	46	0	218680	0	0	0	nan	0	0	0	0	0	0	nan	0	0	0	nan	nan	nan	nan	nan	nan
15	u	0	218684	0	nan	46	0	218684	0	0	0	nan	0	0	0	0	0	0	nan	0	0	0	nan	nan	nan	nan	nan	nan
16	a	0	218688	0	nan	46	0	218688	0	0	0	nan	0	0	0	0	0	0	nan	0	0	0	nan	nan	nan	nan	nan	nan
17	a	0	218691	0	nan	46	0	218691	0	0	0	nan	0	0	0	0	0	0	nan	0	0	0	nan	nan	nan	nan	nan	nan
18	c	0	218696	0	nan	46	0	218696	0	0	0	nan	0	0	0	0	0	0	nan	0	0	0	nan	nan	nan	nan	nan	nan
19	U	0	218698	1	0.000000	46	0	218698	0	0	0	nan	0	0	0	0	0	0	nan	0	0	0	0.000000	0.000000	nan	nan	nan	nan
20	A	0	218700	1	0.000000	46	0	218700	0	0	0	nan	0	0	0	0	0	0	nan	0	0	0	0.000000	0.000000	nan	nan	nan	nan
21	A	0	218704	6	0.000000	46	0	218704	0	0	0	nan	0	0	0	0	0	0	nan	0	0	0	0.000000	0.000000	nan	nan	nan	nan
22	G	0	218710	216784	0.000000	46	0	218710	0	0	0	nan	0	0	0	0	0	0	nan	0	0	0	0.000000	0.000000	0.000000	0.000000	nan	nan
23	G	200	218714	215877	0.000926	46	0	218714	0	0	0	nan	0	0	0	0	0	0	nan	0	0	0	0.000926	0.000066	0.000926	0.000066	nan	nan
24	C	4649	218717	216455	0.021478	46	0	218717	0	0	0	nan	0	0	0	0	0	0	nan	0	0	0	0.021478	0.000315	0.021478	0.000315	0.853428	0.012517
25	A	3382	218727	216980	0.015587	46	0	218727	0	0	0	nan	0	0	0	0	0	0	nan	0	0	0	0.015587	0.000268	0.015587	0.000268	1.000000	0.017194
26	G	181	218737	216988	0.000834	46	0	218736	0	0	0	nan	0	0	0	0	0	0	nan	0	0	0	0.000834	0.000062	0.000834	0.000062	nan	nan
27	A	2807	218755	217419	0.012911	46	0	218753	0	0	0	nan	0	0	0	0	0	0	nan	0	0	0	0.012911	0.000244	0.012911	0.000244	0.828318	0.015654
28	U	416	218760	217070	0.001916	46	0	218758	0	0	0	nan	0	0	0	0	0	0	nan	0	0	0	0.001916	0.000094	0.001916	0.000094	nan	nan
29	C	3826	218764	217392	0.017600	46	0	218761	0	0	0	nan	0	0	0	0	0	0	nan	0	0	0	0.017600	0.000285	0.017600	0.000285	0.699335	0.011324
30	U	410	218766	217283	0.001887	46	0	218762	0	0	0	nan	0	0	0	0	0	0	nan	0	0	0	0.001887	0.000093	0.001887	0.000093	nan	nan
31	G	265	218773	216947	0.001221	46	0	218770	0	0	0	nan	0	0	0	0	0	0	nan	0	0	0	0.001221	0.000075	0.001221	0.000075	nan	nan
32	A	3373	218774	217165	0.015532	46	0	218770	0	0	0	nan	0	0	0	0	0	0	nan	0	0	0	0.015532	0.000267	0.015532	0.000267	0.996471	0.017130
33	G	198	218783	216096	0.000916	46	0	218779	0	0	0	nan	0	0	0	0	0	0	nan	0	0	0	0.000916	0.000065	0.000916	0.000065	nan	nan
34	C	4920	218784	216446	0.022731	46	0	218777	0	0	0	nan	0	0	0	0	0	0	nan	0	0	0	0.022731	0.000324	0.022731	0.000324	0.903216	0.012874
35	U	488	218790	216115	0.002258	46	0	218781	0	0	0	nan	0	0	0	0	0	0	nan	0	0	0	0.002258	0.000102	0.002258	0.000102	nan	nan
36	U	387	218794	216162	0.001790	46	0	218778	0	0	0	nan	0	0	0	0	0	0	nan	0	0	0	0.001790	0.000091	0.001790	0.000091	nan	nan
37	G	224	218797	215904	0.001037	46	0	218754	0	0	0	nan	0	0	0	0	0	0	nan	0	0	0	0.001037	0.000069	0.001037	0.000069	nan	nan
38	G	209	218801	210428	0.000993	46	0	218760	0	0	0	nan	0	0	0	0	0	0	nan	0	0	0	0.000993	0.000069	0.000993	0.000069	nan	nan
39	G	270	218806	209866	0.001287	46	0	218765	0	0	0	nan	0	0	0	0	0	0	nan	0	0	0	0.001287	0.000078	0.001287	0.000078	nan	nan
40	A	3810	218810	210983	0.018058	46	0	218778	0	0	0	nan	0	0	0	0	0	0	nan	0	0	0	0.018058	0.000293	0.018058	0.000293	1.158530	0.018798
41	G	277	218814	215805	0.001284	46	0	218799	0	0	0	nan	0	0	0	0	0	0	nan	0	0	0	0.001284	0.000077	0.001284	0.000077	nan	nan
42	C	5328	218817	216783	0.024578	29	0	218807	0	0	0	nan	0	0	0	0	0	0	nan	0	0	0	0.024578	0.000337	0.024578	0.000337	0.976606	0.013391
43	U	333	218818	216743	0.001536	29	0	218811	0	0	0	nan	0	0	0	0	0	0	nan	0	0	0	0.001536	0.000084	0.001536	0.000084	nan	nan
44	C	4760	218819	217071	0.021928	29	0	218812	0	0	0	nan	0	0	0	0	0	0	nan	0	0	0	0.021928	0.000318	0.021928	0.000318	0.871308	0.012636
45	U	360	218819	217210	0.001657	29	0	218812	0	0	0	nan	0	0	0	0	0	0	nan	0	0	0	0.001657	0.000087	0.001657	0.000087	nan	nan
46	C	5123	218819	217471	0.023557	29	0	218814	0	0	0	nan	0	0	0	0	0	0	nan	0	0	0	0.023557	0.000329	0.023557	0.000329	0.936037	0.013073
47	U	368	218822	217419	0.001693	29	0	218818	0	0	0	nan	0	0	0	0	0	0	nan	0	0	0	0.001693	0.000088	0.001693	0.000088	nan	nan
48	G	248	218821	216568	0.001145	29	0	218816	0	0	0	nan	0	0	0	0	0	0	nan	0	0	0	0.001145	0.000073	0.001145	0.000073	nan	nan
49	C	6004	218821	216824	0.027691	29	0	218818	0	0	0	nan	0	0	0	0	0	0	nan	0	0	0	0.027691	0.000357	0.027691	0.000357	1.100301	0.014185
50	C	5848	218822	217134	0.026933	29	0	218821	0	0	0	nan	0	0	0	0	0	0	nan	0	0	0	0.026933	0.000352	0.026933	0.000352	1.070182	0.013987
51	A	2629	218823	217455	0.012090	29	0	218823	0	0	0	nan	0	0	0	0	0	0	nan	0	0	0	0.012090	0.000236	0.012090	0.000236	0.775646	0.015141
52	A	0	218820	216776	0.000000	29	0	218820	0	0	0	nan	0	0	0	0	0	0	nan	0	0	0	0.000000	0.000000	0.000000	0.000000	0.000000	0.000000
53	U	0	218815	211	0.000000	19	0	218815	0	0	0	nan	0	0	0	0	0	0	nan	0	0	0	0.000000	0.000000	nan	nan	nan	nan
54	C	0	218571	0	nan	18	0	218571	0	0	0	nan	0	0	0	0	0	0	nan	0	0	0	nan	nan	nan	nan	nan	nan
55	C	0	218571	0	nan	18	0	218571	0	0	0	nan	0	0	0	0	0	0	nan	0	0	0	nan	nan	nan	nan	nan	nan
56	a	0	218571	0	nan	18	0	218571	0	0	0	nan	0	0	0	0	0	0	nan	0	0	0	nan	nan	nan	nan	nan	nan
57	c	0	218571	0	nan	18	0	218571	0	0	0	nan	0	0	0	0	0	0	nan	0	0	0	nan	nan	nan	nan	nan	nan
58	u	0	218571	0	nan	18	0	218571	0	0	0	nan	0	0	0	0	0	0	nan	0	0	0	nan	nan	nan	nan	nan	nan
59	a	0	218571	0	nan	18	0	218571	0	0	0	nan	0	0	0	0	0	0	nan	0	0	0	nan	nan	nan	nan	nan	nan
60	a	0	218571	0	nan	18	0	218571	0	0	0	nan	0	0	0	0	0	0	nan	0	0	0	nan	nan	nan	nan	nan	nan
61	c	0	218571	0	nan	9	0	218571	0	0	0	nan	0	0	0	0	0	0	nan	0	0	0	nan	nan	nan	nan	nan	nan
62	c	0	218571	0	nan	8	0	218571	0	0	0	nan	0	0	0	0	0	0	nan	0	0	0	nan	nan	nan	nan	nan	nan
63	u	0	218571	0	nan	0	0	218571	0	0	0	nan	0	0	0	0	0	0	nan	0	0	0	nan	nan	nan	nan	nan	nan
64	c	0	218571	0	nan	0	0	218571	0	0	0	nan	0	0	0	0	0	0	nan	0	0	0	nan	nan	nan	nan	nan	nan
65	a	0	218571	0	nan	0	0	218571	0	0	0	nan	0	0	0	0	0	0	nan	0	0	0	nan	nan	nan	nan	nan	nan
66	c	0	218570	0	nan	0	0	218570	0	0	0	nan	0	0	0	0	0	0	nan	0	0	0	nan	nan	nan	nan	nan	nan
67	u	0	218569	0	nan	0	0	218569	0	0	0	nan	0	0	0	0	0	0	nan	0	0	0	nan	nan	nan	nan	nan	nan
68	c	0	218569	0	nan	0	0	218569	0	0	0	nan	0	0	0	0	0	0	nan	0	0	0	nan	nan	nan	nan	nan	nan
69	a	0	218569	0	nan	0	0	218569	0	0	0	nan	0	0	0	0	0	0	nan	0	0	0	nan	nan	nan	nan	nan	nan
70	c	0	218557	0	nan	0	0	218557	0	0	0	nan	0	0	0	0	0	0	nan	0	0	0	nan	nan	nan	nan	nan	nan
71	a	0	218552	0	nan	0	0	218552	0	0	0	nan	0	0	0	0	0	0	nan	0	0	0	nan	nan	nan	nan	nan	nan
72	a	0	218478	0	nan	0	0	218478	0	0	0	nan	0	0	0	0	0	0	nan	0	0	0	nan	nan	nan	nan	nan	nan
73	u	0	218385	0	nan	0	0	218385	0	0	0	nan	0	0	0	0	0	0	nan	0	0	0	nan	nan	nan	nan	nan	nan
74	c	0	218052	0	nan	0	0	218052	0	0	0	nan	0	0	0	0	0	0	nan	0	0	0	nan	nan	nan	nan	nan	nan