Nucleotide	Sequence	Modified_mutations	Modified_read_depth	Modified_effective_depth	Modified_rate	Modified_off_target_mapped_depth	Modified_low_mapq_mapped_depth	Modified_primer_pair_1_mapped_depth	Untreated_mutations	Untreated_read_depth	Untreated_effective_depth	Untreated_rate	Untreated_off_target_mapped_depth	Untreated_low_mapq_mapped_depth	Untreated_primer_pair_1_mapped_depth	Denatured_mutations	Denatured_read_depth	Denatured_effective_depth	Denatured_rate	Denatured_off_target_mapped_depth	Denatured_low_mapq_mapped_depth	Denatured_primer_pair_1_mapped_depth	Reactivity_profile	Std_err	HQ_profile	HQ_stderr	Norm_profile	Norm_stderr
1	g	0	230771	0	nan	21	0	230771	0	0	0	nan	0	0	0	0	0	0	nan	0	0	0	nan	nan	nan	nan	nan	nan
2	g	0	231140	0	nan	21	0	231140	0	0	0	nan	0	0	0	0	0	0	nan	0	0	0	nan	nan	nan	nan	nan	nan
3	c	0	231401	0	nan	21	0	231401	0	0	0	nan	0	0	0	0	0	0	nan	0	0	0	nan	nan	nan	nan	nan	nan
4	a	0	248830	0	nan	58	0	248830	0	0	0	nan	0	0	0	0	0	0	nan	0	0	0	nan	nan	nan	nan	nan	nan
5	c	0	249263	0	nan	58	0	249263	0	0	0	nan	0	0	0	0	0	0	nan	0	0	0	nan	nan	nan	nan	nan	nan
6	c	0	249326	0	nan	58	0	249326	0	0	0	nan	0	0	0	0	0	0	nan	0	0	0	nan	nan	nan	nan	nan	nan
7	u	0	249327	0	nan	58	0	249327	0	0	0	nan	0	0	0	0	0	0	nan	0	0	0	nan	nan	nan	nan	nan	nan
8	c	0	249335	0	nan	58	0	249335	0	0	0	nan	0	0	0	0	0	0	nan	0	0	0	nan	nan	nan	nan	nan	nan
9	a	0	249338	0	nan	58	0	249338	0	0	0	nan	0	0	0	0	0	0	nan	0	0	0	nan	nan	nan	nan	nan	nan
10	u	0	249344	0	nan	58	0	249344	0	0	0	nan	0	0	0	0	0	0	nan	0	0	0	nan	nan	nan	nan	nan	nan
11	a	0	249353	0	nan	58	0	249353	0	0	0	nan	0	0	0	0	0	0	nan	0	0	0	nan	nan	nan	nan	nan	nan
12	a	0	249377	0	nan	58	0	249377	0	0	0	nan	0	0	0	0	0	0	nan	0	0	0	nan	nan	nan	nan	nan	nan
13	c	0	249390	0	nan	59	0	249390	0	0	0	nan	0	0	0	0	0	0	nan	0	0	0	nan	nan	nan	nan	nan	nan
14	a	0	249395	0	nan	59	0	249395	0	0	0	nan	0	0	0	0	0	0	nan	0	0	0	nan	nan	nan	nan	nan	nan
15	u	0	249398	0	nan	59	0	249398	0	0	0	nan	0	0	0	0	0	0	nan	0	0	0	nan	nan	nan	nan	nan	nan
16	a	0	249404	0	nan	59	0	249404	0	0	0	nan	0	0	0	0	0	0	nan	0	0	0	nan	nan	nan	nan	nan	nan
17	a	0	249414	0	nan	59	0	249414	0	0	0	nan	0	0	0	0	0	0	nan	0	0	0	nan	nan	nan	nan	nan	nan
18	c	0	249420	0	nan	59	0	249420	0	0	0	nan	0	0	0	0	0	0	nan	0	0	0	nan	nan	nan	nan	nan	nan
19	U	0	249423	2	0.000000	59	0	249423	0	0	0	nan	0	0	0	0	0	0	nan	0	0	0	0.000000	0.000000	nan	nan	nan	nan
20	A	0	249437	9	0.000000	59	0	249437	0	0	0	nan	0	0	0	0	0	0	nan	0	0	0	0.000000	0.000000	nan	nan	nan	nan
21	A	0	249449	14	0.000000	59	0	249449	0	0	0	nan	0	0	0	0	0	0	nan	0	0	0	0.000000	0.000000	nan	nan	nan	nan
22	G	0	249466	245219	0.000000	59	0	249466	0	0	0	nan	0	0	0	0	0	0	nan	0	0	0	0.000000	0.000000	0.000000	0.000000	nan	nan
23	G	305	249479	238742	0.001278	59	0	249479	0	0	0	nan	0	0	0	0	0	0	nan	0	0	0	0.001278	0.000073	0.001278	0.000073	nan	nan
24	C	7560	249517	244031	0.030980	59	0	249517	0	0	0	nan	0	0	0	0	0	0	nan	0	0	0	0.030980	0.000356	0.030980	0.000356	0.843981	0.009698
25	A	4839	249557	245727	0.019693	59	0	249557	0	0	0	nan	0	0	0	0	0	0	nan	0	0	0	0.019693	0.000283	0.019693	0.000283	0.915443	0.013155
26	G	237	249600	245038	0.000967	59	0	249600	0	0	0	nan	0	0	0	0	0	0	nan	0	0	0	0.000967	0.000063	0.000967	0.000063	nan	nan
27	A	4032	249675	246174	0.016379	59	0	249675	0	0	0	nan	0	0	0	0	0	0	nan	0	0	0	0.016379	0.000258	0.016379	0.000258	0.761389	0.011993
28	U	1347	249691	245391	0.005489	59	0	249690	0	0	0	nan	0	0	0	0	0	0	nan	0	0	0	0.005489	0.000150	0.005489	0.000150	1.083124	0.029599
29	C	6569	249696	245657	0.026741	59	0	249693	0	0	0	nan	0	0	0	0	0	0	nan	0	0	0	0.026741	0.000330	0.026741	0.000330	0.728499	0.008990
30	U	956	249710	245671	0.003891	59	0	249703	0	0	0	nan	0	0	0	0	0	0	nan	0	0	0	0.003891	0.000126	0.003891	0.000126	0.767796	0.024863
31	G	318	249712	243850	0.001304	59	0	249693	0	0	0	nan	0	0	0	0	0	0	nan	0	0	0	0.001304	0.000073	0.001304	0.000073	nan	nan
32	A	5263	249714	244650	0.021512	59	0	249690	0	0	0	nan	0	0	0	0	0	0	nan	0	0	0	0.021512	0.000297	0.021512	0.000297	1.000000	0.013806
33	G	309	249731	237723	0.001300	59	0	249686	0	0	0	nan	0	0	0	0	0	0	nan	0	0	0	0.001300	0.000074	0.001300	0.000074	nan	nan
34	C	7202	249735	239707	0.030045	59	0	249661	0	0	0	nan	0	0	0	0	0	0	nan	0	0	0	0.030045	0.000354	0.030045	0.000354	0.818509	0.009644
35	C	6437	249745	240434	0.026772	59	0	249629	0	0	0	nan	0	0	0	0	0	0	nan	0	0	0	0.026772	0.000334	0.026772	0.000334	0.729343	0.009099
36	U	1279	249819	241074	0.005305	59	0	249717	0	0	0	nan	0	0	0	0	0	0	nan	0	0	0	0.005305	0.000148	0.005305	0.000148	1.046816	0.029204
37	G	297	249844	240509	0.001235	59	0	249498	0	0	0	nan	0	0	0	0	0	0	nan	0	0	0	0.001235	0.000072	0.001235	0.000072	nan	nan
38	G	212	249851	239480	0.000885	59	0	249499	0	0	0	nan	0	0	0	0	0	0	nan	0	0	0	0.000885	0.000061	0.000885	0.000061	nan	nan
39	G	216	249885	239659	0.000901	59	0	249557	0	0	0	nan	0	0	0	0	0	0	nan	0	0	0	0.000901	0.000061	0.000901	0.000061	nan	nan
40	A	5574	249940	241573	0.023074	59	0	249672	0	0	0	nan	0	0	0	0	0	0	nan	0	0	0	0.023074	0.000309	0.023074	0.000309	1.072611	0.014364
41	G	357	250027	238224	0.001499	58	0	249879	0	0	0	nan	0	0	0	0	0	0	nan	0	0	0	0.001499	0.000079	0.001499	0.000079	nan	nan
42	C	7065	250094	245224	0.028810	35	0	250063	0	0	0	nan	0	0	0	0	0	0	nan	0	0	0	0.028810	0.000343	0.028810	0.000343	0.784864	0.009344
43	U	765	250102	246144	0.003108	35	0	250092	0	0	0	nan	0	0	0	0	0	0	nan	0	0	0	0.003108	0.000112	0.003108	0.000112	0.613290	0.022101
44	C	6358	250109	246462	0.025797	32	0	250097	0	0	0	nan	0	0	0	0	0	0	nan	0	0	0	0.025797	0.000324	0.025797	0.000324	0.702781	0.008827
45	U	1042	250113	246220	0.004232	32	0	250102	0	0	0	nan	0	0	0	0	0	0	nan	0	0	0	0.004232	0.000131	0.004232	0.000131	0.835085	0.025850
46	C	9031	250113	246030	0.036707	32	0	250098	0	0	0	nan	0	0	0	0	0	0	nan	0	0	0	0.036707	0.000386	0.036707	0.000386	1.000000	0.010516
47	U	1071	250115	245893	0.004356	32	0	250100	0	0	0	nan	0	0	0	0	0	0	nan	0	0	0	0.004356	0.000133	0.004356	0.000133	0.859553	0.026244
48	G	430	250115	241696	0.001779	32	0	250103	0	0	0	nan	0	0	0	0	0	0	nan	0	0	0	0.001779	0.000086	0.001779	0.000086	nan	nan
49	C	10826	250118	245073	0.044175	31	0	250107	0	0	0	nan	0	0	0	0	0	0	nan	0	0	0	0.044175	0.000425	0.044175	0.000425	1.203449	0.011578
50	C	10155	250120	246151	0.041255	31	0	250115	0	0	0	nan	0	0	0	0	0	0	nan	0	0	0	0.041255	0.000409	0.041255	0.000409	1.123900	0.011142
51	A	4374	250123	247144	0.017698	31	0	250123	0	0	0	nan	0	0	0	0	0	0	nan	0	0	0	0.017698	0.000268	0.017698	0.000268	0.822704	0.012458
52	A	0	250123	247103	0.000000	31	0	250123	0	0	0	nan	0	0	0	0	0	0	nan	0	0	0	0.000000	0.000000	0.000000	0.000000	0.000000	0.000000
53	U	0	250111	141	0.000000	22	0	250111	0	0	0	nan	0	0	0	0	0	0	nan	0	0	0	0.000000	0.000000	nan	nan	nan	nan
54	C	0	249918	0	nan	20	0	249918	0	0	0	nan	0	0	0	0	0	0	nan	0	0	0	nan	nan	nan	nan	nan	nan
55	C	0	249918	1	0.000000	20	0	249918	0	0	0	nan	0	0	0	0	0	0	nan	0	0	0	0.000000	0.000000	nan	nan	nan	nan
56	a	0	249917	0	nan	20	0	249917	0	0	0	nan	0	0	0	0	0	0	nan	0	0	0	nan	nan	nan	nan	nan	nan
57	c	0	249917	0	nan	20	0	249917	0	0	0	nan	0	0	0	0	0	0	nan	0	0	0	nan	nan	nan	nan	nan	nan
58	u	0	249917	0	nan	20	0	249917	0	0	0	nan	0	0	0	0	0	0	nan	0	0	0	nan	nan	nan	nan	nan	nan
59	a	0	249917	0	nan	20	0	249917	0	0	0	nan	0	0	0	0	0	0	nan	0	0	0	nan	nan	nan	nan	nan	nan
60	a	0	249917	0	nan	20	0	249917	0	0	0	nan	0	0	0	0	0	0	nan	0	0	0	nan	nan	nan	nan	nan	nan
61	c	0	249917	0	nan	11	0	249917	0	0	0	nan	0	0	0	0	0	0	nan	0	0	0	nan	nan	nan	nan	nan	nan
62	c	0	249917	0	nan	10	0	249917	0	0	0	nan	0	0	0	0	0	0	nan	0	0	0	nan	nan	nan	nan	nan	nan
63	u	0	249917	0	nan	1	0	249917	0	0	0	nan	0	0	0	0	0	0	nan	0	0	0	nan	nan	nan	nan	nan	nan
64	c	0	249917	0	nan	1	0	249917	0	0	0	nan	0	0	0	0	0	0	nan	0	0	0	nan	nan	nan	nan	nan	nan
65	a	0	249917	0	nan	1	0	249917	0	0	0	nan	0	0	0	0	0	0	nan	0	0	0	nan	nan	nan	nan	nan	nan
66	c	0	249917	0	nan	1	0	249917	0	0	0	nan	0	0	0	0	0	0	nan	0	0	0	nan	nan	nan	nan	nan	nan
67	u	0	249917	0	nan	1	0	249917	0	0	0	nan	0	0	0	0	0	0	nan	0	0	0	nan	nan	nan	nan	nan	nan
68	c	0	249917	0	nan	1	0	249917	0	0	0	nan	0	0	0	0	0	0	nan	0	0	0	nan	nan	nan	nan	nan	nan
69	a	0	249915	0	nan	1	0	249915	0	0	0	nan	0	0	0	0	0	0	nan	0	0	0	nan	nan	nan	nan	nan	nan
70	c	0	249905	0	nan	1	0	249905	0	0	0	nan	0	0	0	0	0	0	nan	0	0	0	nan	nan	nan	nan	nan	nan
71	a	0	249896	0	nan	1	0	249896	0	0	0	nan	0	0	0	0	0	0	nan	0	0	0	nan	nan	nan	nan	nan	nan
72	a	0	249827	0	nan	1	0	249827	0	0	0	nan	0	0	0	0	0	0	nan	0	0	0	nan	nan	nan	nan	nan	nan
73	u	0	249715	0	nan	1	0	249715	0	0	0	nan	0	0	0	0	0	0	nan	0	0	0	nan	nan	nan	nan	nan	nan
74	c	0	249436	0	nan	1	0	249436	0	0	0	nan	0	0	0	0	0	0	nan	0	0	0	nan	nan	nan	nan	nan	nan