Nucleotide	Sequence	Modified_mutations	Modified_read_depth	Modified_effective_depth	Modified_rate	Modified_off_target_mapped_depth	Modified_low_mapq_mapped_depth	Modified_primer_pair_1_mapped_depth	Untreated_mutations	Untreated_read_depth	Untreated_effective_depth	Untreated_rate	Untreated_off_target_mapped_depth	Untreated_low_mapq_mapped_depth	Untreated_primer_pair_1_mapped_depth	Denatured_mutations	Denatured_read_depth	Denatured_effective_depth	Denatured_rate	Denatured_off_target_mapped_depth	Denatured_low_mapq_mapped_depth	Denatured_primer_pair_1_mapped_depth	Reactivity_profile	Std_err	HQ_profile	HQ_stderr	Norm_profile	Norm_stderr
1	g	0	607506	0	nan	5	3	607506	0	0	0	nan	0	0	0	0	0	0	nan	0	0	0	nan	nan	nan	nan	nan	nan
2	g	0	607961	0	nan	5	3	607961	0	0	0	nan	0	0	0	0	0	0	nan	0	0	0	nan	nan	nan	nan	nan	nan
3	u	0	608150	0	nan	5	3	608150	0	0	0	nan	0	0	0	0	0	0	nan	0	0	0	nan	nan	nan	nan	nan	nan
4	g	0	608255	0	nan	5	3	608255	0	0	0	nan	0	0	0	0	0	0	nan	0	0	0	nan	nan	nan	nan	nan	nan
5	u	0	608323	0	nan	5	3	608323	0	0	0	nan	0	0	0	0	0	0	nan	0	0	0	nan	nan	nan	nan	nan	nan
6	a	0	608324	0	nan	5	3	608324	0	0	0	nan	0	0	0	0	0	0	nan	0	0	0	nan	nan	nan	nan	nan	nan
7	a	0	608328	0	nan	5	3	608328	0	0	0	nan	0	0	0	0	0	0	nan	0	0	0	nan	nan	nan	nan	nan	nan
8	g	0	608337	0	nan	5	3	608337	0	0	0	nan	0	0	0	0	0	0	nan	0	0	0	nan	nan	nan	nan	nan	nan
9	g	0	608379	0	nan	5	3	608379	0	0	0	nan	0	0	0	0	0	0	nan	0	0	0	nan	nan	nan	nan	nan	nan
10	g	0	618950	0	nan	5	3	618950	0	0	0	nan	0	0	0	0	0	0	nan	0	0	0	nan	nan	nan	nan	nan	nan
11	u	0	619022	0	nan	5	3	619022	0	0	0	nan	0	0	0	0	0	0	nan	0	0	0	nan	nan	nan	nan	nan	nan
12	g	0	619098	0	nan	5	3	619098	0	0	0	nan	0	0	0	0	0	0	nan	0	0	0	nan	nan	nan	nan	nan	nan
13	a	0	619103	0	nan	10	3	619103	0	0	0	nan	0	0	0	0	0	0	nan	0	0	0	nan	nan	nan	nan	nan	nan
14	a	0	619104	0	nan	10	3	619104	0	0	0	nan	0	0	0	0	0	0	nan	0	0	0	nan	nan	nan	nan	nan	nan
15	g	0	619108	0	nan	100	3	619108	0	0	0	nan	0	0	0	0	0	0	nan	0	0	0	nan	nan	nan	nan	nan	nan
16	u	0	619111	0	nan	110	3	619111	0	0	0	nan	0	0	0	0	0	0	nan	0	0	0	nan	nan	nan	nan	nan	nan
17	g	0	619114	0	nan	110	3	619114	0	0	0	nan	0	0	0	0	0	0	nan	0	0	0	nan	nan	nan	nan	nan	nan
18	u	0	619117	0	nan	110	3	619117	0	0	0	nan	0	0	0	0	0	0	nan	0	0	0	nan	nan	nan	nan	nan	nan
19	a	0	619132	0	nan	110	3	619132	0	0	0	nan	0	0	0	0	0	0	nan	0	0	0	nan	nan	nan	nan	nan	nan
20	A	0	619145	8	0.000000	116	3	619145	0	0	0	nan	0	0	0	0	0	0	nan	0	0	0	0.000000	0.000000	nan	nan	nan	nan
21	G	0	619165	19	0.000000	133	3	619165	0	0	0	nan	0	0	0	0	0	0	nan	0	0	0	0.000000	0.000000	nan	nan	nan	nan
22	G	0	619172	19	0.000000	133	3	619172	0	0	0	nan	0	0	0	0	0	0	nan	0	0	0	0.000000	0.000000	nan	nan	nan	nan
23	U	0	619175	617257	0.000000	151	3	619175	0	0	0	nan	0	0	0	0	0	0	nan	0	0	0	0.000000	0.000000	0.000000	0.000000	nan	nan
24	U	434	619178	617202	0.000703	151	3	619178	0	0	0	nan	0	0	0	0	0	0	nan	0	0	0	0.000703	0.000034	0.000703	0.000034	nan	nan
25	G	202	619179	617364	0.000327	151	3	619179	0	0	0	nan	0	0	0	0	0	0	nan	0	0	0	0.000327	0.000023	0.000327	0.000023	nan	nan
26	A	249	619182	617770	0.000403	151	3	619181	0	0	0	nan	0	0	0	0	0	0	nan	0	0	0	0.000403	0.000026	0.000403	0.000026	nan	nan
27	A	326	619183	617109	0.000528	151	3	619181	0	0	0	nan	0	0	0	0	0	0	nan	0	0	0	0.000528	0.000029	0.000528	0.000029	nan	nan
28	C	687	619188	616946	0.001114	151	3	619185	0	0	0	nan	0	0	0	0	0	0	nan	0	0	0	0.001114	0.000042	0.001114	0.000042	nan	nan
29	U	649	619189	616205	0.001053	151	3	619186	0	0	0	nan	0	0	0	0	0	0	nan	0	0	0	0.001053	0.000041	0.001053	0.000041	nan	nan
30	U	607	619192	616665	0.000984	151	3	619189	0	0	0	nan	0	0	0	0	0	0	nan	0	0	0	0.000984	0.000040	0.000984	0.000040	nan	nan
31	U	825	619199	616978	0.001337	151	3	619197	0	0	0	nan	0	0	0	0	0	0	nan	0	0	0	0.001337	0.000047	0.001337	0.000047	nan	nan
32	U	411	619218	617735	0.000665	151	3	619214	0	0	0	nan	0	0	0	0	0	0	nan	0	0	0	0.000665	0.000033	0.000665	0.000033	nan	nan
33	G	158	619413	618136	0.000256	151	3	619406	0	0	0	nan	0	0	0	0	0	0	nan	0	0	0	0.000256	0.000020	0.000256	0.000020	nan	nan
34	A	328	619524	618431	0.000530	151	3	619517	0	0	0	nan	0	0	0	0	0	0	nan	0	0	0	0.000530	0.000029	0.000530	0.000029	nan	nan
35	A	326	619525	617819	0.000528	151	3	619515	0	0	0	nan	0	0	0	0	0	0	nan	0	0	0	0.000528	0.000029	0.000528	0.000029	nan	nan
36	U	354	619525	617858	0.000573	151	3	619516	0	0	0	nan	0	0	0	0	0	0	nan	0	0	0	0.000573	0.000030	0.000573	0.000030	nan	nan
37	A	345	619523	618056	0.000558	151	3	619513	0	0	0	nan	0	0	0	0	0	0	nan	0	0	0	0.000558	0.000030	0.000558	0.000030	nan	nan
38	G	295	619523	617672	0.000478	152	3	619513	0	0	0	nan	0	0	0	0	0	0	nan	0	0	0	0.000478	0.000028	0.000478	0.000028	nan	nan
39	U	499	619523	618210	0.000807	152	3	619514	0	0	0	nan	0	0	0	0	0	0	nan	0	0	0	0.000807	0.000036	0.000807	0.000036	nan	nan
40	G	402	619525	617415	0.000651	152	3	619513	0	0	0	nan	0	0	0	0	0	0	nan	0	0	0	0.000651	0.000032	0.000651	0.000032	nan	nan
41	A	605	619528	617457	0.000980	152	3	619516	0	0	0	nan	0	0	0	0	0	0	nan	0	0	0	0.000980	0.000040	0.000980	0.000040	nan	nan
42	U	896	619532	616811	0.001453	152	3	619522	0	0	0	nan	0	0	0	0	0	0	nan	0	0	0	0.001453	0.000049	0.001453	0.000049	nan	nan
43	U	602	619533	617120	0.000975	152	3	619525	0	0	0	nan	0	0	0	0	0	0	nan	0	0	0	0.000975	0.000040	0.000975	0.000040	nan	nan
44	C	838	619543	617309	0.001358	152	3	619536	0	0	0	nan	0	0	0	0	0	0	nan	0	0	0	0.001358	0.000047	0.001358	0.000047	nan	nan
45	A	468	619557	618062	0.000757	152	3	619551	0	0	0	nan	0	0	0	0	0	0	nan	0	0	0	0.000757	0.000035	0.000757	0.000035	nan	nan
46	G	189	619580	617889	0.000306	152	3	619576	0	0	0	nan	0	0	0	0	0	0	nan	0	0	0	0.000306	0.000022	0.000306	0.000022	nan	nan
47	G	197	619583	617778	0.000319	152	3	619578	0	0	0	nan	0	0	0	0	0	0	nan	0	0	0	0.000319	0.000023	0.000319	0.000023	nan	nan
48	A	352	619585	617943	0.000570	152	3	619581	0	0	0	nan	0	0	0	0	0	0	nan	0	0	0	0.000570	0.000030	0.000570	0.000030	nan	nan
49	G	213	619591	617567	0.000345	152	3	619588	0	0	0	nan	0	0	0	0	0	0	nan	0	0	0	0.000345	0.000024	0.000345	0.000024	nan	nan
50	G	365	619593	604166	0.000604	152	3	619590	0	0	0	nan	0	0	0	0	0	0	nan	0	0	0	0.000604	0.000032	0.000604	0.000032	nan	nan
51	U	535	619598	603824	0.000886	152	3	619594	0	0	0	nan	0	0	0	0	0	0	nan	0	0	0	0.000886	0.000038	0.000886	0.000038	nan	nan
52	U	463	619598	603438	0.000767	152	3	619594	0	0	0	nan	0	0	0	0	0	0	nan	0	0	0	0.000767	0.000036	0.000767	0.000036	nan	nan
53	A	308	619602	616569	0.000500	152	3	619595	0	0	0	nan	0	0	0	0	0	0	nan	0	0	0	0.000500	0.000028	0.000500	0.000028	nan	nan
54	A	249	619248	614610	0.000405	85	3	618651	0	0	0	nan	0	0	0	0	0	0	nan	0	0	0	0.000405	0.000026	0.000405	0.000026	nan	nan
55	U	513	619249	614205	0.000835	85	3	618744	0	0	0	nan	0	0	0	0	0	0	nan	0	0	0	0.000835	0.000037	0.000835	0.000037	nan	nan
56	G	415	619255	614411	0.000675	85	3	618810	0	0	0	nan	0	0	0	0	0	0	nan	0	0	0	0.000675	0.000033	0.000675	0.000033	nan	nan
57	G	0	619272	614647	0.000000	85	3	619225	0	0	0	nan	0	0	0	0	0	0	nan	0	0	0	0.000000	0.000000	0.000000	0.000000	nan	nan
58	A	0	619275	0	nan	84	3	619275	0	0	0	nan	0	0	0	0	0	0	nan	0	0	0	nan	nan	nan	nan	nan	nan
59	A	0	619275	0	nan	83	3	619275	0	0	0	nan	0	0	0	0	0	0	nan	0	0	0	nan	nan	nan	nan	nan	nan
60	G	0	619275	0	nan	83	3	619275	0	0	0	nan	0	0	0	0	0	0	nan	0	0	0	nan	nan	nan	nan	nan	nan
61	u	0	619275	0	nan	83	3	619275	0	0	0	nan	0	0	0	0	0	0	nan	0	0	0	nan	nan	nan	nan	nan	nan
62	a	0	619275	0	nan	83	3	619275	0	0	0	nan	0	0	0	0	0	0	nan	0	0	0	nan	nan	nan	nan	nan	nan
63	a	0	619275	0	nan	83	3	619275	0	0	0	nan	0	0	0	0	0	0	nan	0	0	0	nan	nan	nan	nan	nan	nan
64	a	0	619275	0	nan	83	3	619275	0	0	0	nan	0	0	0	0	0	0	nan	0	0	0	nan	nan	nan	nan	nan	nan
65	g	0	619275	0	nan	80	3	619275	0	0	0	nan	0	0	0	0	0	0	nan	0	0	0	nan	nan	nan	nan	nan	nan
66	g	0	619275	0	nan	80	3	619275	0	0	0	nan	0	0	0	0	0	0	nan	0	0	0	nan	nan	nan	nan	nan	nan
67	u	0	619275	0	nan	79	3	619275	0	0	0	nan	0	0	0	0	0	0	nan	0	0	0	nan	nan	nan	nan	nan	nan
68	a	0	619275	0	nan	79	3	619275	0	0	0	nan	0	0	0	0	0	0	nan	0	0	0	nan	nan	nan	nan	nan	nan
69	a	0	619275	0	nan	78	3	619275	0	0	0	nan	0	0	0	0	0	0	nan	0	0	0	nan	nan	nan	nan	nan	nan
70	u	0	619275	0	nan	78	3	619275	0	0	0	nan	0	0	0	0	0	0	nan	0	0	0	nan	nan	nan	nan	nan	nan
71	g	0	619274	0	nan	78	3	619274	0	0	0	nan	0	0	0	0	0	0	nan	0	0	0	nan	nan	nan	nan	nan	nan
72	a	0	619274	0	nan	78	3	619274	0	0	0	nan	0	0	0	0	0	0	nan	0	0	0	nan	nan	nan	nan	nan	nan
73	a	0	619272	0	nan	78	3	619272	0	0	0	nan	0	0	0	0	0	0	nan	0	0	0	nan	nan	nan	nan	nan	nan
74	g	0	619271	0	nan	78	3	619271	0	0	0	nan	0	0	0	0	0	0	nan	0	0	0	nan	nan	nan	nan	nan	nan
75	g	0	619264	0	nan	78	3	619264	0	0	0	nan	0	0	0	0	0	0	nan	0	0	0	nan	nan	nan	nan	nan	nan
76	u	0	619251	0	nan	78	3	619251	0	0	0	nan	0	0	0	0	0	0	nan	0	0	0	nan	nan	nan	nan	nan	nan
77	g	0	619243	0	nan	78	3	619243	0	0	0	nan	0	0	0	0	0	0	nan	0	0	0	nan	nan	nan	nan	nan	nan
78	a	0	619230	0	nan	78	3	619230	0	0	0	nan	0	0	0	0	0	0	nan	0	0	0	nan	nan	nan	nan	nan	nan
79	a	0	619035	0	nan	78	3	619035	0	0	0	nan	0	0	0	0	0	0	nan	0	0	0	nan	nan	nan	nan	nan	nan
80	g	0	618742	0	nan	78	3	618742	0	0	0	nan	0	0	0	0	0	0	nan	0	0	0	nan	nan	nan	nan	nan	nan