Nucleotide	Sequence	Modified_mutations	Modified_read_depth	Modified_effective_depth	Modified_rate	Modified_off_target_mapped_depth	Modified_low_mapq_mapped_depth	Modified_primer_pair_1_mapped_depth	Untreated_mutations	Untreated_read_depth	Untreated_effective_depth	Untreated_rate	Untreated_off_target_mapped_depth	Untreated_low_mapq_mapped_depth	Untreated_primer_pair_1_mapped_depth	Denatured_mutations	Denatured_read_depth	Denatured_effective_depth	Denatured_rate	Denatured_off_target_mapped_depth	Denatured_low_mapq_mapped_depth	Denatured_primer_pair_1_mapped_depth	Reactivity_profile	Std_err	HQ_profile	HQ_stderr	Norm_profile	Norm_stderr
1	g	0	554496	0	nan	1	6	554496	0	0	0	nan	0	0	0	0	0	0	nan	0	0	0	nan	nan	nan	nan	nan	nan
2	g	0	554786	0	nan	1	6	554786	0	0	0	nan	0	0	0	0	0	0	nan	0	0	0	nan	nan	nan	nan	nan	nan
3	u	0	554921	0	nan	1	6	554921	0	0	0	nan	0	0	0	0	0	0	nan	0	0	0	nan	nan	nan	nan	nan	nan
4	g	0	554963	0	nan	1	6	554963	0	0	0	nan	0	0	0	0	0	0	nan	0	0	0	nan	nan	nan	nan	nan	nan
5	u	0	554991	0	nan	1	6	554991	0	0	0	nan	0	0	0	0	0	0	nan	0	0	0	nan	nan	nan	nan	nan	nan
6	a	0	554992	0	nan	1	6	554992	0	0	0	nan	0	0	0	0	0	0	nan	0	0	0	nan	nan	nan	nan	nan	nan
7	a	0	554994	0	nan	1	6	554994	0	0	0	nan	0	0	0	0	0	0	nan	0	0	0	nan	nan	nan	nan	nan	nan
8	g	0	554995	0	nan	1	6	554995	0	0	0	nan	0	0	0	0	0	0	nan	0	0	0	nan	nan	nan	nan	nan	nan
9	g	0	555025	0	nan	1	6	555025	0	0	0	nan	0	0	0	0	0	0	nan	0	0	0	nan	nan	nan	nan	nan	nan
10	g	0	561307	0	nan	1	6	561307	0	0	0	nan	0	0	0	0	0	0	nan	0	0	0	nan	nan	nan	nan	nan	nan
11	u	0	561381	0	nan	1	6	561381	0	0	0	nan	0	0	0	0	0	0	nan	0	0	0	nan	nan	nan	nan	nan	nan
12	g	0	561439	0	nan	1	6	561439	0	0	0	nan	0	0	0	0	0	0	nan	0	0	0	nan	nan	nan	nan	nan	nan
13	a	0	561443	0	nan	4	6	561443	0	0	0	nan	0	0	0	0	0	0	nan	0	0	0	nan	nan	nan	nan	nan	nan
14	a	0	561443	0	nan	4	6	561443	0	0	0	nan	0	0	0	0	0	0	nan	0	0	0	nan	nan	nan	nan	nan	nan
15	g	0	561443	0	nan	62	6	561443	0	0	0	nan	0	0	0	0	0	0	nan	0	0	0	nan	nan	nan	nan	nan	nan
16	u	0	561444	0	nan	68	6	561444	0	0	0	nan	0	0	0	0	0	0	nan	0	0	0	nan	nan	nan	nan	nan	nan
17	g	0	561447	0	nan	68	6	561447	0	0	0	nan	0	0	0	0	0	0	nan	0	0	0	nan	nan	nan	nan	nan	nan
18	u	0	561447	0	nan	68	6	561447	0	0	0	nan	0	0	0	0	0	0	nan	0	0	0	nan	nan	nan	nan	nan	nan
19	a	0	561454	0	nan	68	6	561454	0	0	0	nan	0	0	0	0	0	0	nan	0	0	0	nan	nan	nan	nan	nan	nan
20	A	0	561463	7	0.000000	69	6	561463	0	0	0	nan	0	0	0	0	0	0	nan	0	0	0	0.000000	0.000000	nan	nan	nan	nan
21	G	0	561471	14	0.000000	79	6	561471	0	0	0	nan	0	0	0	0	0	0	nan	0	0	0	0.000000	0.000000	nan	nan	nan	nan
22	G	0	561476	15	0.000000	79	6	561476	0	0	0	nan	0	0	0	0	0	0	nan	0	0	0	0.000000	0.000000	nan	nan	nan	nan
23	U	0	561478	560408	0.000000	97	6	561478	0	0	0	nan	0	0	0	0	0	0	nan	0	0	0	0.000000	0.000000	0.000000	0.000000	nan	nan
24	U	599	561478	560335	0.001069	97	6	561478	0	0	0	nan	0	0	0	0	0	0	nan	0	0	0	0.001069	0.000044	0.001069	0.000044	nan	nan
25	G	265	561480	559933	0.000473	97	6	561480	0	0	0	nan	0	0	0	0	0	0	nan	0	0	0	0.000473	0.000029	0.000473	0.000029	nan	nan
26	A	2153	561480	560333	0.003842	97	6	561476	0	0	0	nan	0	0	0	0	0	0	nan	0	0	0	0.003842	0.000083	0.003842	0.000083	0.839414	0.018134
27	A	2443	561482	560148	0.004361	97	6	561478	0	0	0	nan	0	0	0	0	0	0	nan	0	0	0	0.004361	0.000088	0.004361	0.000088	0.952808	0.019227
28	C	3571	561482	559552	0.006382	97	6	561478	0	0	0	nan	0	0	0	0	0	0	nan	0	0	0	0.006382	0.000107	0.006382	0.000107	1.024521	0.017177
29	U	686	561481	559430	0.001226	97	6	561475	0	0	0	nan	0	0	0	0	0	0	nan	0	0	0	0.001226	0.000047	0.001226	0.000047	nan	nan
30	U	762	561482	559690	0.001361	97	6	561476	0	0	0	nan	0	0	0	0	0	0	nan	0	0	0	0.001361	0.000049	0.001361	0.000049	nan	nan
31	U	1036	561487	560022	0.001850	97	6	561480	0	0	0	nan	0	0	0	0	0	0	nan	0	0	0	0.001850	0.000057	0.001850	0.000057	nan	nan
32	U	505	561497	560463	0.000901	97	6	561487	0	0	0	nan	0	0	0	0	0	0	nan	0	0	0	0.000901	0.000040	0.000901	0.000040	nan	nan
33	G	191	561541	559939	0.000341	97	6	561529	0	0	0	nan	0	0	0	0	0	0	nan	0	0	0	0.000341	0.000025	0.000341	0.000025	nan	nan
34	A	2450	561562	560320	0.004373	97	6	561550	0	0	0	nan	0	0	0	0	0	0	nan	0	0	0	0.004373	0.000088	0.004373	0.000088	0.955429	0.019227
35	A	2350	561565	560027	0.004196	97	6	561554	0	0	0	nan	0	0	0	0	0	0	nan	0	0	0	0.004196	0.000087	0.004196	0.000087	0.916758	0.019008
36	U	458	561567	560155	0.000818	97	6	561554	0	0	0	nan	0	0	0	0	0	0	nan	0	0	0	0.000818	0.000038	0.000818	0.000038	nan	nan
37	A	2603	561567	560385	0.004645	97	6	561552	0	0	0	nan	0	0	0	0	0	0	nan	0	0	0	0.004645	0.000091	0.004645	0.000091	1.014857	0.019882
38	G	356	561572	559340	0.000636	98	6	561559	0	0	0	nan	0	0	0	0	0	0	nan	0	0	0	0.000636	0.000034	0.000636	0.000034	nan	nan
39	U	726	561571	560451	0.001295	98	6	561556	0	0	0	nan	0	0	0	0	0	0	nan	0	0	0	0.001295	0.000048	0.001295	0.000048	nan	nan
40	G	503	561572	559616	0.000899	98	6	561557	0	0	0	nan	0	0	0	0	0	0	nan	0	0	0	0.000899	0.000040	0.000899	0.000040	nan	nan
41	A	3105	561572	559914	0.005545	98	6	561558	0	0	0	nan	0	0	0	0	0	0	nan	0	0	0	0.005545	0.000100	0.005545	0.000100	1.211492	0.021848
42	U	1092	561573	559570	0.001951	98	6	561562	0	0	0	nan	0	0	0	0	0	0	nan	0	0	0	0.001951	0.000059	0.001951	0.000059	nan	nan
43	U	826	561574	559792	0.001476	98	6	561563	0	0	0	nan	0	0	0	0	0	0	nan	0	0	0	0.001476	0.000051	0.001476	0.000051	nan	nan
44	C	3231	561587	559911	0.005771	98	6	561577	0	0	0	nan	0	0	0	0	0	0	nan	0	0	0	0.005771	0.000102	0.005771	0.000102	0.926436	0.016374
45	A	2603	561595	560293	0.004646	98	6	561587	0	0	0	nan	0	0	0	0	0	0	nan	0	0	0	0.004646	0.000091	0.004646	0.000091	1.015075	0.019882
46	G	237	561607	559470	0.000424	98	6	561600	0	0	0	nan	0	0	0	0	0	0	nan	0	0	0	0.000424	0.000028	0.000424	0.000028	nan	nan
47	G	236	561616	559720	0.000422	98	6	561610	0	0	0	nan	0	0	0	0	0	0	nan	0	0	0	0.000422	0.000027	0.000422	0.000027	nan	nan
48	A	2296	561617	560228	0.004098	98	6	561611	0	0	0	nan	0	0	0	0	0	0	nan	0	0	0	0.004098	0.000086	0.004098	0.000086	0.895346	0.018790
49	G	206	561624	559640	0.000368	98	6	561619	0	0	0	nan	0	0	0	0	0	0	nan	0	0	0	0.000368	0.000026	0.000368	0.000026	nan	nan
50	G	455	561625	548407	0.000830	98	6	561621	0	0	0	nan	0	0	0	0	0	0	nan	0	0	0	0.000830	0.000039	0.000830	0.000039	nan	nan
51	U	812	561631	548611	0.001480	98	6	561627	0	0	0	nan	0	0	0	0	0	0	nan	0	0	0	0.001480	0.000052	0.001480	0.000052	nan	nan
52	U	513	561634	548465	0.000935	98	6	561630	0	0	0	nan	0	0	0	0	0	0	nan	0	0	0	0.000935	0.000041	0.000935	0.000041	nan	nan
53	A	1897	561633	559266	0.003392	97	6	561623	0	0	0	nan	0	0	0	0	0	0	nan	0	0	0	0.003392	0.000078	0.003392	0.000078	0.741097	0.017042
54	A	1853	561382	557765	0.003322	44	6	560862	0	0	0	nan	0	0	0	0	0	0	nan	0	0	0	0.003322	0.000077	0.003322	0.000077	0.725803	0.016823
55	U	712	561386	557192	0.001278	44	6	560937	0	0	0	nan	0	0	0	0	0	0	nan	0	0	0	0.001278	0.000048	0.001278	0.000048	nan	nan
56	G	486	561388	557071	0.000872	44	6	560992	0	0	0	nan	0	0	0	0	0	0	nan	0	0	0	0.000872	0.000040	0.000872	0.000040	nan	nan
57	G	0	561409	557205	0.000000	44	6	561378	0	0	0	nan	0	0	0	0	0	0	nan	0	0	0	0.000000	0.000000	0.000000	0.000000	nan	nan
58	A	0	561413	0	nan	44	6	561413	0	0	0	nan	0	0	0	0	0	0	nan	0	0	0	nan	nan	nan	nan	nan	nan
59	A	0	561413	0	nan	44	6	561413	0	0	0	nan	0	0	0	0	0	0	nan	0	0	0	nan	nan	nan	nan	nan	nan
60	G	0	561413	0	nan	44	6	561413	0	0	0	nan	0	0	0	0	0	0	nan	0	0	0	nan	nan	nan	nan	nan	nan
61	u	0	561413	0	nan	44	6	561413	0	0	0	nan	0	0	0	0	0	0	nan	0	0	0	nan	nan	nan	nan	nan	nan
62	a	0	561413	0	nan	44	6	561413	0	0	0	nan	0	0	0	0	0	0	nan	0	0	0	nan	nan	nan	nan	nan	nan
63	a	0	561413	0	nan	44	6	561413	0	0	0	nan	0	0	0	0	0	0	nan	0	0	0	nan	nan	nan	nan	nan	nan
64	a	0	561413	0	nan	44	6	561413	0	0	0	nan	0	0	0	0	0	0	nan	0	0	0	nan	nan	nan	nan	nan	nan
65	g	0	561413	0	nan	44	6	561413	0	0	0	nan	0	0	0	0	0	0	nan	0	0	0	nan	nan	nan	nan	nan	nan
66	g	0	561413	0	nan	44	6	561413	0	0	0	nan	0	0	0	0	0	0	nan	0	0	0	nan	nan	nan	nan	nan	nan
67	u	0	561413	0	nan	44	6	561413	0	0	0	nan	0	0	0	0	0	0	nan	0	0	0	nan	nan	nan	nan	nan	nan
68	a	0	561413	0	nan	44	6	561413	0	0	0	nan	0	0	0	0	0	0	nan	0	0	0	nan	nan	nan	nan	nan	nan
69	a	0	561413	0	nan	44	6	561413	0	0	0	nan	0	0	0	0	0	0	nan	0	0	0	nan	nan	nan	nan	nan	nan
70	u	0	561413	0	nan	44	6	561413	0	0	0	nan	0	0	0	0	0	0	nan	0	0	0	nan	nan	nan	nan	nan	nan
71	g	0	561413	0	nan	44	6	561413	0	0	0	nan	0	0	0	0	0	0	nan	0	0	0	nan	nan	nan	nan	nan	nan
72	a	0	561412	0	nan	44	6	561412	0	0	0	nan	0	0	0	0	0	0	nan	0	0	0	nan	nan	nan	nan	nan	nan
73	a	0	561412	0	nan	44	6	561412	0	0	0	nan	0	0	0	0	0	0	nan	0	0	0	nan	nan	nan	nan	nan	nan
74	g	0	561412	0	nan	44	6	561412	0	0	0	nan	0	0	0	0	0	0	nan	0	0	0	nan	nan	nan	nan	nan	nan
75	g	0	561411	0	nan	44	6	561411	0	0	0	nan	0	0	0	0	0	0	nan	0	0	0	nan	nan	nan	nan	nan	nan
76	u	0	561394	0	nan	44	6	561394	0	0	0	nan	0	0	0	0	0	0	nan	0	0	0	nan	nan	nan	nan	nan	nan
77	g	0	561385	0	nan	44	6	561385	0	0	0	nan	0	0	0	0	0	0	nan	0	0	0	nan	nan	nan	nan	nan	nan
78	a	0	561379	0	nan	44	6	561379	0	0	0	nan	0	0	0	0	0	0	nan	0	0	0	nan	nan	nan	nan	nan	nan
79	a	0	561276	0	nan	44	6	561276	0	0	0	nan	0	0	0	0	0	0	nan	0	0	0	nan	nan	nan	nan	nan	nan
80	g	0	561090	0	nan	44	6	561090	0	0	0	nan	0	0	0	0	0	0	nan	0	0	0	nan	nan	nan	nan	nan	nan