Nucleotide	Sequence	Modified_mutations	Modified_read_depth	Modified_effective_depth	Modified_rate	Modified_off_target_mapped_depth	Modified_low_mapq_mapped_depth	Modified_primer_pair_1_mapped_depth	Untreated_mutations	Untreated_read_depth	Untreated_effective_depth	Untreated_rate	Untreated_off_target_mapped_depth	Untreated_low_mapq_mapped_depth	Untreated_primer_pair_1_mapped_depth	Denatured_mutations	Denatured_read_depth	Denatured_effective_depth	Denatured_rate	Denatured_off_target_mapped_depth	Denatured_low_mapq_mapped_depth	Denatured_primer_pair_1_mapped_depth	Reactivity_profile	Std_err	HQ_profile	HQ_stderr	Norm_profile	Norm_stderr
1	g	0	593001	0	nan	1	16	593001	0	0	0	nan	0	0	0	0	0	0	nan	0	0	0	nan	nan	nan	nan	nan	nan
2	g	0	593547	0	nan	1	16	593547	0	0	0	nan	0	0	0	0	0	0	nan	0	0	0	nan	nan	nan	nan	nan	nan
3	u	0	593729	0	nan	1	16	593729	0	0	0	nan	0	0	0	0	0	0	nan	0	0	0	nan	nan	nan	nan	nan	nan
4	g	0	593832	0	nan	1	16	593832	0	0	0	nan	0	0	0	0	0	0	nan	0	0	0	nan	nan	nan	nan	nan	nan
5	u	0	593922	0	nan	1	16	593922	0	0	0	nan	0	0	0	0	0	0	nan	0	0	0	nan	nan	nan	nan	nan	nan
6	a	0	593929	0	nan	1	16	593929	0	0	0	nan	0	0	0	0	0	0	nan	0	0	0	nan	nan	nan	nan	nan	nan
7	a	0	593933	0	nan	1	16	593933	0	0	0	nan	0	0	0	0	0	0	nan	0	0	0	nan	nan	nan	nan	nan	nan
8	g	0	593937	0	nan	1	16	593937	0	0	0	nan	0	0	0	0	0	0	nan	0	0	0	nan	nan	nan	nan	nan	nan
9	g	0	593984	0	nan	1	16	593984	0	0	0	nan	0	0	0	0	0	0	nan	0	0	0	nan	nan	nan	nan	nan	nan
10	g	0	604464	0	nan	1	16	604464	0	0	0	nan	0	0	0	0	0	0	nan	0	0	0	nan	nan	nan	nan	nan	nan
11	u	0	604539	0	nan	1	16	604539	0	0	0	nan	0	0	0	0	0	0	nan	0	0	0	nan	nan	nan	nan	nan	nan
12	g	0	604608	0	nan	1	16	604608	0	0	0	nan	0	0	0	0	0	0	nan	0	0	0	nan	nan	nan	nan	nan	nan
13	a	0	604611	0	nan	4	16	604611	0	0	0	nan	0	0	0	0	0	0	nan	0	0	0	nan	nan	nan	nan	nan	nan
14	a	0	604612	0	nan	4	16	604612	0	0	0	nan	0	0	0	0	0	0	nan	0	0	0	nan	nan	nan	nan	nan	nan
15	g	0	604618	0	nan	78	16	604618	0	0	0	nan	0	0	0	0	0	0	nan	0	0	0	nan	nan	nan	nan	nan	nan
16	u	0	604621	0	nan	83	16	604621	0	0	0	nan	0	0	0	0	0	0	nan	0	0	0	nan	nan	nan	nan	nan	nan
17	g	0	604623	0	nan	83	16	604623	0	0	0	nan	0	0	0	0	0	0	nan	0	0	0	nan	nan	nan	nan	nan	nan
18	u	0	604623	0	nan	86	16	604623	0	0	0	nan	0	0	0	0	0	0	nan	0	0	0	nan	nan	nan	nan	nan	nan
19	a	0	604633	0	nan	86	16	604633	0	0	0	nan	0	0	0	0	0	0	nan	0	0	0	nan	nan	nan	nan	nan	nan
20	A	0	604641	6	0.000000	91	16	604641	0	0	0	nan	0	0	0	0	0	0	nan	0	0	0	0.000000	0.000000	nan	nan	nan	nan
21	G	0	604651	9	0.000000	103	16	604651	0	0	0	nan	0	0	0	0	0	0	nan	0	0	0	0.000000	0.000000	nan	nan	nan	nan
22	G	0	604660	17	0.000000	103	16	604660	0	0	0	nan	0	0	0	0	0	0	nan	0	0	0	0.000000	0.000000	nan	nan	nan	nan
23	U	0	604662	603092	0.000000	119	16	604662	0	0	0	nan	0	0	0	0	0	0	nan	0	0	0	0.000000	0.000000	0.000000	0.000000	nan	nan
24	U	464	604663	603062	0.000769	119	16	604663	0	0	0	nan	0	0	0	0	0	0	nan	0	0	0	0.000769	0.000036	0.000769	0.000036	nan	nan
25	G	209	604664	603091	0.000347	119	16	604664	0	0	0	nan	0	0	0	0	0	0	nan	0	0	0	0.000347	0.000024	0.000347	0.000024	nan	nan
26	A	227	604665	603434	0.000376	119	16	604664	0	0	0	nan	0	0	0	0	0	0	nan	0	0	0	0.000376	0.000025	0.000376	0.000025	nan	nan
27	A	381	604666	602928	0.000632	119	16	604663	0	0	0	nan	0	0	0	0	0	0	nan	0	0	0	0.000632	0.000032	0.000632	0.000032	nan	nan
28	C	748	604668	602544	0.001241	119	16	604665	0	0	0	nan	0	0	0	0	0	0	nan	0	0	0	0.001241	0.000045	0.001241	0.000045	nan	nan
29	U	638	604671	601821	0.001060	119	16	604667	0	0	0	nan	0	0	0	0	0	0	nan	0	0	0	0.001060	0.000042	0.001060	0.000042	nan	nan
30	U	692	604675	602141	0.001149	118	16	604669	0	0	0	nan	0	0	0	0	0	0	nan	0	0	0	0.001149	0.000044	0.001149	0.000044	nan	nan
31	U	766	604682	602543	0.001271	118	16	604675	0	0	0	nan	0	0	0	0	0	0	nan	0	0	0	0.001271	0.000046	0.001271	0.000046	nan	nan
32	U	393	604692	603233	0.000651	118	16	604686	0	0	0	nan	0	0	0	0	0	0	nan	0	0	0	0.000651	0.000033	0.000651	0.000033	nan	nan
33	G	156	604886	603442	0.000259	118	16	604876	0	0	0	nan	0	0	0	0	0	0	nan	0	0	0	0.000259	0.000021	0.000259	0.000021	nan	nan
34	A	297	605026	603682	0.000492	118	16	605017	0	0	0	nan	0	0	0	0	0	0	nan	0	0	0	0.000492	0.000029	0.000492	0.000029	nan	nan
35	A	365	605036	603074	0.000605	118	16	605027	0	0	0	nan	0	0	0	0	0	0	nan	0	0	0	0.000605	0.000032	0.000605	0.000032	nan	nan
36	U	368	605039	603163	0.000610	118	16	605029	0	0	0	nan	0	0	0	0	0	0	nan	0	0	0	0.000610	0.000032	0.000610	0.000032	nan	nan
37	A	361	605045	603436	0.000598	118	16	605033	0	0	0	nan	0	0	0	0	0	0	nan	0	0	0	0.000598	0.000031	0.000598	0.000031	nan	nan
38	G	325	605050	602989	0.000539	119	16	605038	0	0	0	nan	0	0	0	0	0	0	nan	0	0	0	0.000539	0.000030	0.000539	0.000030	nan	nan
39	U	582	605051	603706	0.000964	119	16	605038	0	0	0	nan	0	0	0	0	0	0	nan	0	0	0	0.000964	0.000040	0.000964	0.000040	nan	nan
40	G	440	605055	603100	0.000730	119	16	605042	0	0	0	nan	0	0	0	0	0	0	nan	0	0	0	0.000730	0.000035	0.000730	0.000035	nan	nan
41	A	579	605056	603462	0.000959	119	16	605043	0	0	0	nan	0	0	0	0	0	0	nan	0	0	0	0.000959	0.000040	0.000959	0.000040	nan	nan
42	U	958	605058	602998	0.001589	120	16	605047	0	0	0	nan	0	0	0	0	0	0	nan	0	0	0	0.001589	0.000051	0.001589	0.000051	nan	nan
43	U	720	605065	603102	0.001194	121	16	605052	0	0	0	nan	0	0	0	0	0	0	nan	0	0	0	0.001194	0.000044	0.001194	0.000044	nan	nan
44	C	877	605074	603228	0.001454	121	16	605062	0	0	0	nan	0	0	0	0	0	0	nan	0	0	0	0.001454	0.000049	0.001454	0.000049	nan	nan
45	A	475	605080	603707	0.000787	121	16	605068	0	0	0	nan	0	0	0	0	0	0	nan	0	0	0	0.000787	0.000036	0.000787	0.000036	nan	nan
46	G	229	605089	603471	0.000379	121	16	605078	0	0	0	nan	0	0	0	0	0	0	nan	0	0	0	0.000379	0.000025	0.000379	0.000025	nan	nan
47	G	171	605092	603592	0.000283	121	16	605082	0	0	0	nan	0	0	0	0	0	0	nan	0	0	0	0.000283	0.000022	0.000283	0.000022	nan	nan
48	A	349	605093	603754	0.000578	121	16	605083	0	0	0	nan	0	0	0	0	0	0	nan	0	0	0	0.000578	0.000031	0.000578	0.000031	nan	nan
49	G	271	605093	603423	0.000449	121	16	605084	0	0	0	nan	0	0	0	0	0	0	nan	0	0	0	0.000449	0.000027	0.000449	0.000027	nan	nan
50	G	375	605098	591365	0.000634	121	16	605090	0	0	0	nan	0	0	0	0	0	0	nan	0	0	0	0.000634	0.000033	0.000634	0.000033	nan	nan
51	U	607	605102	591232	0.001027	121	16	605093	0	0	0	nan	0	0	0	0	0	0	nan	0	0	0	0.001027	0.000042	0.001027	0.000042	nan	nan
52	U	470	605102	591015	0.000795	121	16	605095	0	0	0	nan	0	0	0	0	0	0	nan	0	0	0	0.000795	0.000037	0.000795	0.000037	nan	nan
53	A	288	605100	602753	0.000478	121	16	605088	0	0	0	nan	0	0	0	0	0	0	nan	0	0	0	0.000478	0.000028	0.000478	0.000028	nan	nan
54	A	283	604816	600905	0.000471	70	16	604280	0	0	0	nan	0	0	0	0	0	0	nan	0	0	0	0.000471	0.000028	0.000471	0.000028	nan	nan
55	U	550	604818	600280	0.000916	70	16	604371	0	0	0	nan	0	0	0	0	0	0	nan	0	0	0	0.000916	0.000039	0.000916	0.000039	nan	nan
56	G	430	604820	600386	0.000716	70	16	604418	0	0	0	nan	0	0	0	0	0	0	nan	0	0	0	0.000716	0.000035	0.000716	0.000035	nan	nan
57	G	0	604835	600595	0.000000	70	16	604796	0	0	0	nan	0	0	0	0	0	0	nan	0	0	0	0.000000	0.000000	0.000000	0.000000	nan	nan
58	A	0	604839	0	nan	70	16	604839	0	0	0	nan	0	0	0	0	0	0	nan	0	0	0	nan	nan	nan	nan	nan	nan
59	A	0	604839	0	nan	70	16	604839	0	0	0	nan	0	0	0	0	0	0	nan	0	0	0	nan	nan	nan	nan	nan	nan
60	G	0	604839	0	nan	70	16	604839	0	0	0	nan	0	0	0	0	0	0	nan	0	0	0	nan	nan	nan	nan	nan	nan
61	u	0	604839	0	nan	70	16	604839	0	0	0	nan	0	0	0	0	0	0	nan	0	0	0	nan	nan	nan	nan	nan	nan
62	a	0	604839	0	nan	70	16	604839	0	0	0	nan	0	0	0	0	0	0	nan	0	0	0	nan	nan	nan	nan	nan	nan
63	a	0	604839	0	nan	70	16	604839	0	0	0	nan	0	0	0	0	0	0	nan	0	0	0	nan	nan	nan	nan	nan	nan
64	a	0	604839	0	nan	70	16	604839	0	0	0	nan	0	0	0	0	0	0	nan	0	0	0	nan	nan	nan	nan	nan	nan
65	g	0	604839	0	nan	70	16	604839	0	0	0	nan	0	0	0	0	0	0	nan	0	0	0	nan	nan	nan	nan	nan	nan
66	g	0	604839	0	nan	70	16	604839	0	0	0	nan	0	0	0	0	0	0	nan	0	0	0	nan	nan	nan	nan	nan	nan
67	u	0	604839	0	nan	66	16	604839	0	0	0	nan	0	0	0	0	0	0	nan	0	0	0	nan	nan	nan	nan	nan	nan
68	a	0	604839	0	nan	66	16	604839	0	0	0	nan	0	0	0	0	0	0	nan	0	0	0	nan	nan	nan	nan	nan	nan
69	a	0	604839	0	nan	66	16	604839	0	0	0	nan	0	0	0	0	0	0	nan	0	0	0	nan	nan	nan	nan	nan	nan
70	u	0	604839	0	nan	66	16	604839	0	0	0	nan	0	0	0	0	0	0	nan	0	0	0	nan	nan	nan	nan	nan	nan
71	g	0	604838	0	nan	66	16	604838	0	0	0	nan	0	0	0	0	0	0	nan	0	0	0	nan	nan	nan	nan	nan	nan
72	a	0	604837	0	nan	66	16	604837	0	0	0	nan	0	0	0	0	0	0	nan	0	0	0	nan	nan	nan	nan	nan	nan
73	a	0	604837	0	nan	66	16	604837	0	0	0	nan	0	0	0	0	0	0	nan	0	0	0	nan	nan	nan	nan	nan	nan
74	g	0	604836	0	nan	66	16	604836	0	0	0	nan	0	0	0	0	0	0	nan	0	0	0	nan	nan	nan	nan	nan	nan
75	g	0	604829	0	nan	66	16	604829	0	0	0	nan	0	0	0	0	0	0	nan	0	0	0	nan	nan	nan	nan	nan	nan
76	u	0	604816	0	nan	66	16	604816	0	0	0	nan	0	0	0	0	0	0	nan	0	0	0	nan	nan	nan	nan	nan	nan
77	g	0	604807	0	nan	66	16	604807	0	0	0	nan	0	0	0	0	0	0	nan	0	0	0	nan	nan	nan	nan	nan	nan
78	a	0	604793	0	nan	66	16	604793	0	0	0	nan	0	0	0	0	0	0	nan	0	0	0	nan	nan	nan	nan	nan	nan
79	a	0	604627	0	nan	66	16	604627	0	0	0	nan	0	0	0	0	0	0	nan	0	0	0	nan	nan	nan	nan	nan	nan
80	g	0	604382	0	nan	66	16	604382	0	0	0	nan	0	0	0	0	0	0	nan	0	0	0	nan	nan	nan	nan	nan	nan