Nucleotide	Sequence	Modified_mutations	Modified_read_depth	Modified_effective_depth	Modified_rate	Modified_off_target_mapped_depth	Modified_low_mapq_mapped_depth	Modified_primer_pair_1_mapped_depth	Untreated_mutations	Untreated_read_depth	Untreated_effective_depth	Untreated_rate	Untreated_off_target_mapped_depth	Untreated_low_mapq_mapped_depth	Untreated_primer_pair_1_mapped_depth	Denatured_mutations	Denatured_read_depth	Denatured_effective_depth	Denatured_rate	Denatured_off_target_mapped_depth	Denatured_low_mapq_mapped_depth	Denatured_primer_pair_1_mapped_depth	Reactivity_profile	Std_err	HQ_profile	HQ_stderr	Norm_profile	Norm_stderr
1	g	0	189674	0	nan	1	1	189674	0	0	0	nan	0	0	0	0	0	0	nan	0	0	0	nan	nan	nan	nan	nan	nan
2	g	0	189818	0	nan	1	1	189818	0	0	0	nan	0	0	0	0	0	0	nan	0	0	0	nan	nan	nan	nan	nan	nan
3	u	0	189894	0	nan	1	1	189894	0	0	0	nan	0	0	0	0	0	0	nan	0	0	0	nan	nan	nan	nan	nan	nan
4	g	0	189915	0	nan	1	1	189915	0	0	0	nan	0	0	0	0	0	0	nan	0	0	0	nan	nan	nan	nan	nan	nan
5	u	0	189923	0	nan	1	1	189923	0	0	0	nan	0	0	0	0	0	0	nan	0	0	0	nan	nan	nan	nan	nan	nan
6	a	0	189923	0	nan	1	1	189923	0	0	0	nan	0	0	0	0	0	0	nan	0	0	0	nan	nan	nan	nan	nan	nan
7	a	0	189923	0	nan	1	1	189923	0	0	0	nan	0	0	0	0	0	0	nan	0	0	0	nan	nan	nan	nan	nan	nan
8	g	0	189925	0	nan	1	1	189925	0	0	0	nan	0	0	0	0	0	0	nan	0	0	0	nan	nan	nan	nan	nan	nan
9	g	0	189932	0	nan	1	1	189932	0	0	0	nan	0	0	0	0	0	0	nan	0	0	0	nan	nan	nan	nan	nan	nan
10	g	0	190848	0	nan	3	1	190848	0	0	0	nan	0	0	0	0	0	0	nan	0	0	0	nan	nan	nan	nan	nan	nan
11	u	0	190862	0	nan	3	1	190862	0	0	0	nan	0	0	0	0	0	0	nan	0	0	0	nan	nan	nan	nan	nan	nan
12	g	0	190868	0	nan	3	1	190868	0	0	0	nan	0	0	0	0	0	0	nan	0	0	0	nan	nan	nan	nan	nan	nan
13	a	0	190870	0	nan	3	1	190870	0	0	0	nan	0	0	0	0	0	0	nan	0	0	0	nan	nan	nan	nan	nan	nan
14	a	0	190870	0	nan	3	1	190870	0	0	0	nan	0	0	0	0	0	0	nan	0	0	0	nan	nan	nan	nan	nan	nan
15	g	0	190871	0	nan	24	1	190871	0	0	0	nan	0	0	0	0	0	0	nan	0	0	0	nan	nan	nan	nan	nan	nan
16	u	0	190872	0	nan	24	1	190872	0	0	0	nan	0	0	0	0	0	0	nan	0	0	0	nan	nan	nan	nan	nan	nan
17	g	0	190873	0	nan	24	1	190873	0	0	0	nan	0	0	0	0	0	0	nan	0	0	0	nan	nan	nan	nan	nan	nan
18	u	0	190875	0	nan	24	1	190875	0	0	0	nan	0	0	0	0	0	0	nan	0	0	0	nan	nan	nan	nan	nan	nan
19	a	0	190877	0	nan	24	1	190877	0	0	0	nan	0	0	0	0	0	0	nan	0	0	0	nan	nan	nan	nan	nan	nan
20	A	0	190881	4	0.000000	24	1	190881	0	0	0	nan	0	0	0	0	0	0	nan	0	0	0	0.000000	0.000000	nan	nan	nan	nan
21	G	0	190889	12	0.000000	24	1	190889	0	0	0	nan	0	0	0	0	0	0	nan	0	0	0	0.000000	0.000000	nan	nan	nan	nan
22	G	0	190895	16	0.000000	24	1	190895	0	0	0	nan	0	0	0	0	0	0	nan	0	0	0	0.000000	0.000000	nan	nan	nan	nan
23	U	0	190898	190649	0.000000	24	1	190898	0	0	0	nan	0	0	0	0	0	0	nan	0	0	0	0.000000	0.000000	0.000000	0.000000	0.000000	0.000000
24	U	369	190904	190634	0.001936	24	1	190904	0	0	0	nan	0	0	0	0	0	0	nan	0	0	0	0.001936	0.000101	0.001936	0.000101	0.714655	0.037283
25	G	106	190904	189970	0.000558	24	1	190904	0	0	0	nan	0	0	0	0	0	0	nan	0	0	0	0.000558	0.000054	0.000558	0.000054	nan	nan
26	A	4492	190904	190199	0.023617	24	1	190903	0	0	0	nan	0	0	0	0	0	0	nan	0	0	0	0.023617	0.000352	0.023617	0.000352	0.899892	0.013412
27	A	4091	190904	190053	0.021526	24	1	190903	0	0	0	nan	0	0	0	0	0	0	nan	0	0	0	0.021526	0.000337	0.021526	0.000337	0.820218	0.012841
28	C	5660	190904	189394	0.029885	24	1	190903	0	0	0	nan	0	0	0	0	0	0	nan	0	0	0	0.029885	0.000397	0.029885	0.000397	0.916423	0.012174
29	U	308	190903	190060	0.001621	24	1	190902	0	0	0	nan	0	0	0	0	0	0	nan	0	0	0	0.001621	0.000092	0.001621	0.000092	0.598376	0.033961
30	U	369	190905	190246	0.001940	24	1	190904	0	0	0	nan	0	0	0	0	0	0	nan	0	0	0	0.001940	0.000101	0.001940	0.000101	0.716131	0.037283
31	U	507	190908	190334	0.002664	24	1	190906	0	0	0	nan	0	0	0	0	0	0	nan	0	0	0	0.002664	0.000118	0.002664	0.000118	0.983389	0.043559
32	U	358	190910	190293	0.001881	24	1	190881	0	0	0	nan	0	0	0	0	0	0	nan	0	0	0	0.001881	0.000099	0.001881	0.000099	0.694352	0.036545
33	G	129	190915	189577	0.000680	24	1	190873	0	0	0	nan	0	0	0	0	0	0	nan	0	0	0	0.000680	0.000060	0.000680	0.000060	nan	nan
34	A	4752	190923	190009	0.025009	24	1	190878	0	0	0	nan	0	0	0	0	0	0	nan	0	0	0	0.025009	0.000363	0.025009	0.000363	0.952933	0.013832
35	A	3934	190926	189863	0.020720	24	1	190880	0	0	0	nan	0	0	0	0	0	0	nan	0	0	0	0.020720	0.000330	0.020720	0.000330	0.789506	0.012574
36	U	302	190927	189774	0.001591	24	1	190882	0	0	0	nan	0	0	0	0	0	0	nan	0	0	0	0.001591	0.000092	0.001591	0.000092	0.587302	0.033961
37	A	3887	190929	189818	0.020478	24	1	190883	0	0	0	nan	0	0	0	0	0	0	nan	0	0	0	0.020478	0.000328	0.020478	0.000328	0.780285	0.012498
38	G	170	190957	188743	0.000901	24	1	190941	0	0	0	nan	0	0	0	0	0	0	nan	0	0	0	0.000901	0.000069	0.000901	0.000069	nan	nan
39	U	402	190962	190124	0.002114	24	1	190948	0	0	0	nan	0	0	0	0	0	0	nan	0	0	0	0.002114	0.000105	0.002114	0.000105	0.780362	0.038760
40	G	169	190966	189446	0.000892	24	1	190952	0	0	0	nan	0	0	0	0	0	0	nan	0	0	0	0.000892	0.000069	0.000892	0.000069	nan	nan
41	A	5253	190968	189906	0.027661	24	1	190952	0	0	0	nan	0	0	0	0	0	0	nan	0	0	0	0.027661	0.000382	0.027661	0.000382	1.053983	0.014556
42	U	557	190970	189904	0.002933	24	1	190957	0	0	0	nan	0	0	0	0	0	0	nan	0	0	0	0.002933	0.000124	0.002933	0.000124	1.082687	0.045773
43	U	496	190973	189907	0.002612	24	1	190961	0	0	0	nan	0	0	0	0	0	0	nan	0	0	0	0.002612	0.000117	0.002612	0.000117	0.964193	0.043189
44	C	6353	190980	189537	0.033519	24	1	190971	0	0	0	nan	0	0	0	0	0	0	nan	0	0	0	0.033519	0.000421	0.033519	0.000421	1.027859	0.012910
45	A	5059	190998	189541	0.026691	24	1	190990	0	0	0	nan	0	0	0	0	0	0	nan	0	0	0	0.026691	0.000375	0.026691	0.000375	1.017023	0.014289
46	G	183	191022	188880	0.000969	24	1	191017	0	0	0	nan	0	0	0	0	0	0	nan	0	0	0	0.000969	0.000072	0.000969	0.000072	nan	nan
47	G	168	191023	188951	0.000889	24	1	191018	0	0	0	nan	0	0	0	0	0	0	nan	0	0	0	0.000889	0.000069	0.000889	0.000069	nan	nan
48	A	5058	191023	189748	0.026656	24	1	191017	0	0	0	nan	0	0	0	0	0	0	nan	0	0	0	0.026656	0.000375	0.026656	0.000375	1.015689	0.014289
49	G	165	191025	189340	0.000871	24	1	191019	0	0	0	nan	0	0	0	0	0	0	nan	0	0	0	0.000871	0.000068	0.000871	0.000068	nan	nan
50	G	202	191026	189297	0.001067	24	1	191021	0	0	0	nan	0	0	0	0	0	0	nan	0	0	0	0.001067	0.000075	0.001067	0.000075	nan	nan
51	U	456	191031	190051	0.002399	24	1	191026	0	0	0	nan	0	0	0	0	0	0	nan	0	0	0	0.002399	0.000112	0.002399	0.000112	0.885567	0.041344
52	U	389	191032	189778	0.002050	24	1	191027	0	0	0	nan	0	0	0	0	0	0	nan	0	0	0	0.002050	0.000104	0.002050	0.000104	0.756737	0.038391
53	A	4707	191028	189253	0.024871	24	1	191023	0	0	0	nan	0	0	0	0	0	0	nan	0	0	0	0.024871	0.000363	0.024871	0.000363	0.947674	0.013832
54	A	3833	190913	189103	0.020269	24	1	190901	0	0	0	nan	0	0	0	0	0	0	nan	0	0	0	0.020269	0.000327	0.020269	0.000327	0.772322	0.012460
55	U	512	190918	189021	0.002709	24	1	190908	0	0	0	nan	0	0	0	0	0	0	nan	0	0	0	0.002709	0.000120	0.002709	0.000120	1.000000	0.044297
56	G	256	190934	188867	0.001355	24	1	190926	0	0	0	nan	0	0	0	0	0	0	nan	0	0	0	0.001355	0.000085	0.001355	0.000085	nan	nan
57	G	0	190954	188675	0.000000	24	1	190951	0	0	0	nan	0	0	0	0	0	0	nan	0	0	0	0.000000	0.000000	0.000000	0.000000	nan	nan
58	A	0	190966	0	nan	24	1	190966	0	0	0	nan	0	0	0	0	0	0	nan	0	0	0	nan	nan	nan	nan	nan	nan
59	A	0	190966	0	nan	24	1	190966	0	0	0	nan	0	0	0	0	0	0	nan	0	0	0	nan	nan	nan	nan	nan	nan
60	G	0	190966	0	nan	24	1	190966	0	0	0	nan	0	0	0	0	0	0	nan	0	0	0	nan	nan	nan	nan	nan	nan
61	u	0	190966	0	nan	24	1	190966	0	0	0	nan	0	0	0	0	0	0	nan	0	0	0	nan	nan	nan	nan	nan	nan
62	a	0	190966	0	nan	24	1	190966	0	0	0	nan	0	0	0	0	0	0	nan	0	0	0	nan	nan	nan	nan	nan	nan
63	a	0	190966	0	nan	24	1	190966	0	0	0	nan	0	0	0	0	0	0	nan	0	0	0	nan	nan	nan	nan	nan	nan
64	a	0	190966	0	nan	21	1	190966	0	0	0	nan	0	0	0	0	0	0	nan	0	0	0	nan	nan	nan	nan	nan	nan
65	g	0	190966	0	nan	21	1	190966	0	0	0	nan	0	0	0	0	0	0	nan	0	0	0	nan	nan	nan	nan	nan	nan
66	g	0	190966	0	nan	21	1	190966	0	0	0	nan	0	0	0	0	0	0	nan	0	0	0	nan	nan	nan	nan	nan	nan
67	u	0	190966	0	nan	20	1	190966	0	0	0	nan	0	0	0	0	0	0	nan	0	0	0	nan	nan	nan	nan	nan	nan
68	a	0	190966	0	nan	20	1	190966	0	0	0	nan	0	0	0	0	0	0	nan	0	0	0	nan	nan	nan	nan	nan	nan
69	a	0	190966	0	nan	20	1	190966	0	0	0	nan	0	0	0	0	0	0	nan	0	0	0	nan	nan	nan	nan	nan	nan
70	u	0	190966	0	nan	20	1	190966	0	0	0	nan	0	0	0	0	0	0	nan	0	0	0	nan	nan	nan	nan	nan	nan
71	g	0	190966	0	nan	20	1	190966	0	0	0	nan	0	0	0	0	0	0	nan	0	0	0	nan	nan	nan	nan	nan	nan
72	a	0	190966	0	nan	20	1	190966	0	0	0	nan	0	0	0	0	0	0	nan	0	0	0	nan	nan	nan	nan	nan	nan
73	a	0	190966	0	nan	20	1	190966	0	0	0	nan	0	0	0	0	0	0	nan	0	0	0	nan	nan	nan	nan	nan	nan
74	g	0	190966	0	nan	20	1	190966	0	0	0	nan	0	0	0	0	0	0	nan	0	0	0	nan	nan	nan	nan	nan	nan
75	g	0	190966	0	nan	20	1	190966	0	0	0	nan	0	0	0	0	0	0	nan	0	0	0	nan	nan	nan	nan	nan	nan
76	u	0	190963	0	nan	20	1	190963	0	0	0	nan	0	0	0	0	0	0	nan	0	0	0	nan	nan	nan	nan	nan	nan
77	g	0	190957	0	nan	20	1	190957	0	0	0	nan	0	0	0	0	0	0	nan	0	0	0	nan	nan	nan	nan	nan	nan
78	a	0	190957	0	nan	20	1	190957	0	0	0	nan	0	0	0	0	0	0	nan	0	0	0	nan	nan	nan	nan	nan	nan
79	a	0	190926	0	nan	20	1	190926	0	0	0	nan	0	0	0	0	0	0	nan	0	0	0	nan	nan	nan	nan	nan	nan
80	g	0	190832	0	nan	20	1	190832	0	0	0	nan	0	0	0	0	0	0	nan	0	0	0	nan	nan	nan	nan	nan	nan