Nucleotide	Sequence	Modified_mutations	Modified_read_depth	Modified_effective_depth	Modified_rate	Modified_off_target_mapped_depth	Modified_low_mapq_mapped_depth	Modified_primer_pair_1_mapped_depth	Untreated_mutations	Untreated_read_depth	Untreated_effective_depth	Untreated_rate	Untreated_off_target_mapped_depth	Untreated_low_mapq_mapped_depth	Untreated_primer_pair_1_mapped_depth	Denatured_mutations	Denatured_read_depth	Denatured_effective_depth	Denatured_rate	Denatured_off_target_mapped_depth	Denatured_low_mapq_mapped_depth	Denatured_primer_pair_1_mapped_depth	Reactivity_profile	Std_err	HQ_profile	HQ_stderr	Norm_profile	Norm_stderr
1	g	0	167898	0	nan	2	1	167898	0	0	0	nan	0	0	0	0	0	0	nan	0	0	0	nan	nan	nan	nan	nan	nan
2	g	0	168044	0	nan	2	1	168044	0	0	0	nan	0	0	0	0	0	0	nan	0	0	0	nan	nan	nan	nan	nan	nan
3	u	0	168126	0	nan	2	1	168126	0	0	0	nan	0	0	0	0	0	0	nan	0	0	0	nan	nan	nan	nan	nan	nan
4	g	0	168147	0	nan	2	1	168147	0	0	0	nan	0	0	0	0	0	0	nan	0	0	0	nan	nan	nan	nan	nan	nan
5	u	0	168159	0	nan	2	1	168159	0	0	0	nan	0	0	0	0	0	0	nan	0	0	0	nan	nan	nan	nan	nan	nan
6	a	0	168160	0	nan	2	1	168160	0	0	0	nan	0	0	0	0	0	0	nan	0	0	0	nan	nan	nan	nan	nan	nan
7	a	0	168161	0	nan	2	1	168161	0	0	0	nan	0	0	0	0	0	0	nan	0	0	0	nan	nan	nan	nan	nan	nan
8	g	0	168162	0	nan	2	1	168162	0	0	0	nan	0	0	0	0	0	0	nan	0	0	0	nan	nan	nan	nan	nan	nan
9	g	0	168170	0	nan	2	1	168170	0	0	0	nan	0	0	0	0	0	0	nan	0	0	0	nan	nan	nan	nan	nan	nan
10	g	0	169042	0	nan	3	1	169042	0	0	0	nan	0	0	0	0	0	0	nan	0	0	0	nan	nan	nan	nan	nan	nan
11	u	0	169052	0	nan	3	1	169052	0	0	0	nan	0	0	0	0	0	0	nan	0	0	0	nan	nan	nan	nan	nan	nan
12	g	0	169061	0	nan	3	1	169061	0	0	0	nan	0	0	0	0	0	0	nan	0	0	0	nan	nan	nan	nan	nan	nan
13	a	0	169061	0	nan	3	1	169061	0	0	0	nan	0	0	0	0	0	0	nan	0	0	0	nan	nan	nan	nan	nan	nan
14	a	0	169061	0	nan	3	1	169061	0	0	0	nan	0	0	0	0	0	0	nan	0	0	0	nan	nan	nan	nan	nan	nan
15	g	0	169061	0	nan	8	1	169061	0	0	0	nan	0	0	0	0	0	0	nan	0	0	0	nan	nan	nan	nan	nan	nan
16	u	0	169063	0	nan	9	1	169063	0	0	0	nan	0	0	0	0	0	0	nan	0	0	0	nan	nan	nan	nan	nan	nan
17	g	0	169065	0	nan	9	1	169065	0	0	0	nan	0	0	0	0	0	0	nan	0	0	0	nan	nan	nan	nan	nan	nan
18	u	0	169068	0	nan	9	1	169068	0	0	0	nan	0	0	0	0	0	0	nan	0	0	0	nan	nan	nan	nan	nan	nan
19	a	0	169071	0	nan	9	1	169071	0	0	0	nan	0	0	0	0	0	0	nan	0	0	0	nan	nan	nan	nan	nan	nan
20	A	0	169074	3	0.000000	9	1	169074	0	0	0	nan	0	0	0	0	0	0	nan	0	0	0	0.000000	0.000000	nan	nan	nan	nan
21	G	0	169077	4	0.000000	9	1	169077	0	0	0	nan	0	0	0	0	0	0	nan	0	0	0	0.000000	0.000000	nan	nan	nan	nan
22	G	0	169077	3	0.000000	9	1	169077	0	0	0	nan	0	0	0	0	0	0	nan	0	0	0	0.000000	0.000000	nan	nan	nan	nan
23	U	0	169082	168862	0.000000	9	1	169082	0	0	0	nan	0	0	0	0	0	0	nan	0	0	0	0.000000	0.000000	0.000000	0.000000	nan	nan
24	U	189	169092	168868	0.001119	9	1	169092	0	0	0	nan	0	0	0	0	0	0	nan	0	0	0	0.001119	0.000081	0.001119	0.000081	nan	nan
25	G	144	169092	167840	0.000858	9	1	169092	0	0	0	nan	0	0	0	0	0	0	nan	0	0	0	0.000858	0.000071	0.000858	0.000071	nan	nan
26	A	5901	169092	168416	0.035038	9	1	169092	0	0	0	nan	0	0	0	0	0	0	nan	0	0	0	0.035038	0.000456	0.035038	0.000456	1.297079	0.016881
27	A	5029	169092	168336	0.029875	9	1	169092	0	0	0	nan	0	0	0	0	0	0	nan	0	0	0	0.029875	0.000421	0.029875	0.000421	1.105949	0.015585
28	C	3490	169093	167829	0.020795	9	1	169093	0	0	0	nan	0	0	0	0	0	0	nan	0	0	0	0.020795	0.000352	0.020795	0.000352	1.296022	0.021938
29	U	159	169092	168477	0.000944	9	1	169091	0	0	0	nan	0	0	0	0	0	0	nan	0	0	0	0.000944	0.000075	0.000944	0.000075	nan	nan
30	U	216	169094	168617	0.001281	9	1	169092	0	0	0	nan	0	0	0	0	0	0	nan	0	0	0	0.001281	0.000087	0.001281	0.000087	nan	nan
31	U	269	169097	168690	0.001595	9	1	169093	0	0	0	nan	0	0	0	0	0	0	nan	0	0	0	0.001595	0.000097	0.001595	0.000097	nan	nan
32	U	223	169100	168625	0.001322	9	1	169074	0	0	0	nan	0	0	0	0	0	0	nan	0	0	0	0.001322	0.000089	0.001322	0.000089	nan	nan
33	G	143	169115	167596	0.000853	9	1	169084	0	0	0	nan	0	0	0	0	0	0	nan	0	0	0	0.000853	0.000071	0.000853	0.000071	nan	nan
34	A	2000	169127	168395	0.011877	9	1	169091	0	0	0	nan	0	0	0	0	0	0	nan	0	0	0	0.011877	0.000266	0.011877	0.000266	0.439677	0.009847
35	A	1468	169128	168338	0.008721	9	1	169091	0	0	0	nan	0	0	0	0	0	0	nan	0	0	0	0.008721	0.000228	0.008721	0.000228	0.322845	0.008440
36	U	136	169131	167924	0.000810	9	1	169094	0	0	0	nan	0	0	0	0	0	0	nan	0	0	0	0.000810	0.000069	0.000810	0.000069	nan	nan
37	A	14467	169134	167745	0.086244	9	1	169098	0	0	0	nan	0	0	0	0	0	0	nan	0	0	0	0.086244	0.000717	0.086244	0.000717	3.192685	0.026543
38	G	204	169149	165814	0.001230	9	1	169138	0	0	0	nan	0	0	0	0	0	0	nan	0	0	0	0.001230	0.000086	0.001230	0.000086	nan	nan
39	U	291	169150	168405	0.001728	9	1	169139	0	0	0	nan	0	0	0	0	0	0	nan	0	0	0	0.001728	0.000101	0.001728	0.000101	nan	nan
40	G	243	169151	167782	0.001448	9	1	169141	0	0	0	nan	0	0	0	0	0	0	nan	0	0	0	0.001448	0.000093	0.001448	0.000093	nan	nan
41	A	3105	169152	168505	0.018427	9	1	169144	0	0	0	nan	0	0	0	0	0	0	nan	0	0	0	0.018427	0.000331	0.018427	0.000331	0.682153	0.012253
42	U	323	169154	168568	0.001916	9	1	169147	0	0	0	nan	0	0	0	0	0	0	nan	0	0	0	0.001916	0.000107	0.001916	0.000107	nan	nan
43	U	249	169158	168706	0.001476	9	1	169152	0	0	0	nan	0	0	0	0	0	0	nan	0	0	0	0.001476	0.000094	0.001476	0.000094	nan	nan
44	C	303	169165	168684	0.001796	9	1	169159	0	0	0	nan	0	0	0	0	0	0	nan	0	0	0	0.001796	0.000103	0.001796	0.000103	0.111933	0.006419
45	A	1104	169182	168667	0.006545	9	1	169178	0	0	0	nan	0	0	0	0	0	0	nan	0	0	0	0.006545	0.000197	0.006545	0.000197	0.242291	0.007293
46	G	177	169196	167898	0.001054	9	1	169192	0	0	0	nan	0	0	0	0	0	0	nan	0	0	0	0.001054	0.000079	0.001054	0.000079	nan	nan
47	G	155	169198	167939	0.000923	9	1	169193	0	0	0	nan	0	0	0	0	0	0	nan	0	0	0	0.000923	0.000074	0.000923	0.000074	nan	nan
48	A	1061	169199	168709	0.006289	9	1	169195	0	0	0	nan	0	0	0	0	0	0	nan	0	0	0	0.006289	0.000193	0.006289	0.000193	0.232814	0.007145
49	G	198	169203	167826	0.001180	9	1	169200	0	0	0	nan	0	0	0	0	0	0	nan	0	0	0	0.001180	0.000084	0.001180	0.000084	nan	nan
50	G	236	169205	167817	0.001406	9	1	169203	0	0	0	nan	0	0	0	0	0	0	nan	0	0	0	0.001406	0.000092	0.001406	0.000092	nan	nan
51	U	251	169206	168665	0.001488	9	1	169204	0	0	0	nan	0	0	0	0	0	0	nan	0	0	0	0.001488	0.000094	0.001488	0.000094	nan	nan
52	U	177	169209	168554	0.001050	9	1	169208	0	0	0	nan	0	0	0	0	0	0	nan	0	0	0	0.001050	0.000079	0.001050	0.000079	nan	nan
53	A	2360	169207	168174	0.014033	9	1	169206	0	0	0	nan	0	0	0	0	0	0	nan	0	0	0	0.014033	0.000289	0.014033	0.000289	0.519491	0.010699
54	A	1493	169100	167827	0.008896	9	1	169091	0	0	0	nan	0	0	0	0	0	0	nan	0	0	0	0.008896	0.000230	0.008896	0.000230	0.329323	0.008514
55	U	243	169104	167659	0.001449	9	1	169095	0	0	0	nan	0	0	0	0	0	0	nan	0	0	0	0.001449	0.000093	0.001449	0.000093	nan	nan
56	G	230	169118	167162	0.001376	9	1	169110	0	0	0	nan	0	0	0	0	0	0	nan	0	0	0	0.001376	0.000091	0.001376	0.000091	nan	nan
57	G	0	169142	166605	0.000000	9	1	169142	0	0	0	nan	0	0	0	0	0	0	nan	0	0	0	0.000000	0.000000	0.000000	0.000000	nan	nan
58	A	0	169148	0	nan	9	1	169148	0	0	0	nan	0	0	0	0	0	0	nan	0	0	0	nan	nan	nan	nan	nan	nan
59	A	0	169148	0	nan	9	1	169148	0	0	0	nan	0	0	0	0	0	0	nan	0	0	0	nan	nan	nan	nan	nan	nan
60	G	0	169148	0	nan	9	1	169148	0	0	0	nan	0	0	0	0	0	0	nan	0	0	0	nan	nan	nan	nan	nan	nan
61	u	0	169148	0	nan	9	1	169148	0	0	0	nan	0	0	0	0	0	0	nan	0	0	0	nan	nan	nan	nan	nan	nan
62	a	0	169148	0	nan	8	1	169148	0	0	0	nan	0	0	0	0	0	0	nan	0	0	0	nan	nan	nan	nan	nan	nan
63	a	0	169148	0	nan	8	1	169148	0	0	0	nan	0	0	0	0	0	0	nan	0	0	0	nan	nan	nan	nan	nan	nan
64	a	0	169148	0	nan	6	1	169148	0	0	0	nan	0	0	0	0	0	0	nan	0	0	0	nan	nan	nan	nan	nan	nan
65	g	0	169148	0	nan	6	1	169148	0	0	0	nan	0	0	0	0	0	0	nan	0	0	0	nan	nan	nan	nan	nan	nan
66	g	0	169148	0	nan	6	1	169148	0	0	0	nan	0	0	0	0	0	0	nan	0	0	0	nan	nan	nan	nan	nan	nan
67	u	0	169148	0	nan	6	1	169148	0	0	0	nan	0	0	0	0	0	0	nan	0	0	0	nan	nan	nan	nan	nan	nan
68	a	0	169148	0	nan	6	1	169148	0	0	0	nan	0	0	0	0	0	0	nan	0	0	0	nan	nan	nan	nan	nan	nan
69	a	0	169148	0	nan	6	1	169148	0	0	0	nan	0	0	0	0	0	0	nan	0	0	0	nan	nan	nan	nan	nan	nan
70	u	0	169148	0	nan	6	1	169148	0	0	0	nan	0	0	0	0	0	0	nan	0	0	0	nan	nan	nan	nan	nan	nan
71	g	0	169147	0	nan	6	1	169147	0	0	0	nan	0	0	0	0	0	0	nan	0	0	0	nan	nan	nan	nan	nan	nan
72	a	0	169147	0	nan	6	1	169147	0	0	0	nan	0	0	0	0	0	0	nan	0	0	0	nan	nan	nan	nan	nan	nan
73	a	0	169147	0	nan	6	1	169147	0	0	0	nan	0	0	0	0	0	0	nan	0	0	0	nan	nan	nan	nan	nan	nan
74	g	0	169146	0	nan	6	1	169146	0	0	0	nan	0	0	0	0	0	0	nan	0	0	0	nan	nan	nan	nan	nan	nan
75	g	0	169146	0	nan	6	1	169146	0	0	0	nan	0	0	0	0	0	0	nan	0	0	0	nan	nan	nan	nan	nan	nan
76	u	0	169142	0	nan	6	1	169142	0	0	0	nan	0	0	0	0	0	0	nan	0	0	0	nan	nan	nan	nan	nan	nan
77	g	0	169137	0	nan	6	1	169137	0	0	0	nan	0	0	0	0	0	0	nan	0	0	0	nan	nan	nan	nan	nan	nan
78	a	0	169135	0	nan	6	1	169135	0	0	0	nan	0	0	0	0	0	0	nan	0	0	0	nan	nan	nan	nan	nan	nan
79	a	0	169111	0	nan	6	1	169111	0	0	0	nan	0	0	0	0	0	0	nan	0	0	0	nan	nan	nan	nan	nan	nan
80	g	0	169025	0	nan	6	1	169025	0	0	0	nan	0	0	0	0	0	0	nan	0	0	0	nan	nan	nan	nan	nan	nan