Nucleotide	Sequence	Modified_mutations	Modified_read_depth	Modified_effective_depth	Modified_rate	Modified_off_target_mapped_depth	Modified_low_mapq_mapped_depth	Modified_primer_pair_1_mapped_depth	Untreated_mutations	Untreated_read_depth	Untreated_effective_depth	Untreated_rate	Untreated_off_target_mapped_depth	Untreated_low_mapq_mapped_depth	Untreated_primer_pair_1_mapped_depth	Denatured_mutations	Denatured_read_depth	Denatured_effective_depth	Denatured_rate	Denatured_off_target_mapped_depth	Denatured_low_mapq_mapped_depth	Denatured_primer_pair_1_mapped_depth	Reactivity_profile	Std_err	HQ_profile	HQ_stderr	Norm_profile	Norm_stderr
1	g	0	41157	0	nan	8914	0	41157	0	0	0	nan	0	0	0	0	0	0	nan	0	0	0	nan	nan	nan	nan	nan	nan
2	g	0	41179	0	nan	8921	0	41179	0	0	0	nan	0	0	0	0	0	0	nan	0	0	0	nan	nan	nan	nan	nan	nan
3	a	0	41198	0	nan	8924	0	41198	0	0	0	nan	0	0	0	0	0	0	nan	0	0	0	nan	nan	nan	nan	nan	nan
4	u	0	41201	0	nan	8925	0	41201	0	0	0	nan	0	0	0	0	0	0	nan	0	0	0	nan	nan	nan	nan	nan	nan
5	a	0	41204	0	nan	8925	0	41204	0	0	0	nan	0	0	0	0	0	0	nan	0	0	0	nan	nan	nan	nan	nan	nan
6	a	0	41204	0	nan	8925	0	41204	0	0	0	nan	0	0	0	0	0	0	nan	0	0	0	nan	nan	nan	nan	nan	nan
7	u	0	41204	0	nan	8925	0	41204	0	0	0	nan	0	0	0	0	0	0	nan	0	0	0	nan	nan	nan	nan	nan	nan
8	c	0	41205	0	nan	8925	0	41205	0	0	0	nan	0	0	0	0	0	0	nan	0	0	0	nan	nan	nan	nan	nan	nan
9	c	0	41205	0	nan	8925	0	41205	0	0	0	nan	0	0	0	0	0	0	nan	0	0	0	nan	nan	nan	nan	nan	nan
10	a	0	41205	0	nan	8925	0	41205	0	0	0	nan	0	0	0	0	0	0	nan	0	0	0	nan	nan	nan	nan	nan	nan
11	a	0	41205	0	nan	8925	0	41205	0	0	0	nan	0	0	0	0	0	0	nan	0	0	0	nan	nan	nan	nan	nan	nan
12	a	0	41205	0	nan	8925	0	41205	0	0	0	nan	0	0	0	0	0	0	nan	0	0	0	nan	nan	nan	nan	nan	nan
13	a	0	41205	0	nan	8925	0	41205	0	0	0	nan	0	0	0	0	0	0	nan	0	0	0	nan	nan	nan	nan	nan	nan
14	c	0	41205	0	nan	8925	0	41205	0	0	0	nan	0	0	0	0	0	0	nan	0	0	0	nan	nan	nan	nan	nan	nan
15	a	0	41205	0	nan	8925	0	41205	0	0	0	nan	0	0	0	0	0	0	nan	0	0	0	nan	nan	nan	nan	nan	nan
16	a	0	41205	0	nan	8925	0	41205	0	0	0	nan	0	0	0	0	0	0	nan	0	0	0	nan	nan	nan	nan	nan	nan
17	c	0	41205	0	nan	8925	0	41205	0	0	0	nan	0	0	0	0	0	0	nan	0	0	0	nan	nan	nan	nan	nan	nan
18	a	0	41205	0	nan	8925	0	41205	0	0	0	nan	0	0	0	0	0	0	nan	0	0	0	nan	nan	nan	nan	nan	nan
19	a	0	41205	0	nan	8925	0	41205	0	0	0	nan	0	0	0	0	0	0	nan	0	0	0	nan	nan	nan	nan	nan	nan
20	c	0	41205	0	nan	8925	0	41205	0	0	0	nan	0	0	0	0	0	0	nan	0	0	0	nan	nan	nan	nan	nan	nan
21	c	0	41205	0	nan	8925	0	41205	0	0	0	nan	0	0	0	0	0	0	nan	0	0	0	nan	nan	nan	nan	nan	nan
22	A	0	41205	0	nan	8925	0	41205	0	0	0	nan	0	0	0	0	0	0	nan	0	0	0	nan	nan	nan	nan	nan	nan
23	A	0	41205	0	nan	8925	0	41205	0	0	0	nan	0	0	0	0	0	0	nan	0	0	0	nan	nan	nan	nan	nan	nan
24	A	0	41205	0	nan	8925	0	41205	0	0	0	nan	0	0	0	0	0	0	nan	0	0	0	nan	nan	nan	nan	nan	nan
25	G	0	41205	36164	0.000000	8925	0	41205	0	0	0	nan	0	0	0	0	0	0	nan	0	0	0	0.000000	0.000000	0.000000	0.000000	0.000000	0.000000
26	G	168	41205	32428	0.005181	8925	0	41203	0	0	0	nan	0	0	0	0	0	0	nan	0	0	0	0.005181	0.000400	0.005181	0.000400	0.986356	0.076152
27	A	726	41205	32235	0.022522	8925	0	41202	0	0	0	nan	0	0	0	0	0	0	nan	0	0	0	0.022522	0.000836	0.022522	0.000836	0.507652	0.018844
28	A	698	41204	31460	0.022187	8925	0	41199	0	0	0	nan	0	0	0	0	0	0	nan	0	0	0	0.022187	0.000840	0.022187	0.000840	0.500101	0.018934
29	U	146	41204	36996	0.003946	8925	0	41199	0	0	0	nan	0	0	0	0	0	0	nan	0	0	0	0.003946	0.000327	0.003946	0.000327	0.657996	0.054527
30	U	101	41203	37400	0.002701	8924	0	41191	0	0	0	nan	0	0	0	0	0	0	nan	0	0	0	0.002701	0.000269	0.002701	0.000269	0.450392	0.044856
31	G	51	41203	38385	0.001329	8924	0	41188	0	0	0	nan	0	0	0	0	0	0	nan	0	0	0	0.001329	0.000186	0.001329	0.000186	0.253014	0.035411
32	C	140	41203	38899	0.003599	8923	0	41188	0	0	0	nan	0	0	0	0	0	0	nan	0	0	0	0.003599	0.000304	0.003599	0.000304	0.068832	0.005814
33	G	110	41202	38458	0.002860	8922	0	41184	0	0	0	nan	0	0	0	0	0	0	nan	0	0	0	0.002860	0.000273	0.002860	0.000273	0.544485	0.051974
34	G	74	41202	38804	0.001907	8919	0	41176	0	0	0	nan	0	0	0	0	0	0	nan	0	0	0	0.001907	0.000222	0.001907	0.000222	0.363054	0.042264
35	G	72	41202	34650	0.002078	8917	0	41174	0	0	0	nan	0	0	0	0	0	0	nan	0	0	0	0.002078	0.000245	0.002078	0.000245	0.395609	0.046643
36	A	519	41202	32966	0.015743	8914	0	41167	0	0	0	nan	0	0	0	0	0	0	nan	0	0	0	0.015743	0.000691	0.015743	0.000691	0.354852	0.015575
37	A	1512	41202	31493	0.048011	8914	0	41160	0	0	0	nan	0	0	0	0	0	0	nan	0	0	0	0.048011	0.001235	0.048011	0.001235	1.082182	0.027837
38	A	1575	41202	34981	0.045024	8911	0	41157	0	0	0	nan	0	0	0	0	0	0	nan	0	0	0	0.045024	0.001135	0.045024	0.001135	1.014854	0.025583
39	G	188	41202	36743	0.005117	8911	0	41157	0	0	0	nan	0	0	0	0	0	0	nan	0	0	0	0.005117	0.000373	0.005117	0.000373	0.974172	0.071012
40	G	153	41202	37929	0.004034	8911	0	41156	0	0	0	nan	0	0	0	0	0	0	nan	0	0	0	0.004034	0.000326	0.004034	0.000326	0.767991	0.062064
41	G	100	41202	37819	0.002644	8911	0	41156	0	0	0	nan	0	0	0	0	0	0	nan	0	0	0	0.002644	0.000264	0.002644	0.000264	0.503363	0.050260
42	G	60	41202	38396	0.001563	8910	0	41155	0	0	0	nan	0	0	0	0	0	0	nan	0	0	0	0.001563	0.000202	0.001563	0.000202	0.297563	0.038457
43	U	75	41201	38715	0.001937	8909	0	41152	0	0	0	nan	0	0	0	0	0	0	nan	0	0	0	0.001937	0.000224	0.001937	0.000224	0.322995	0.037352
44	C	87	41201	35587	0.002445	8909	0	41146	0	0	0	nan	0	0	0	0	0	0	nan	0	0	0	0.002445	0.000262	0.002445	0.000262	0.046762	0.005011
45	A	714	41199	33425	0.021361	8907	0	41137	0	0	0	nan	0	0	0	0	0	0	nan	0	0	0	0.021361	0.000799	0.021361	0.000799	0.481483	0.018010
46	A	1039	41199	33561	0.030959	8905	0	41135	0	0	0	nan	0	0	0	0	0	0	nan	0	0	0	0.030959	0.000960	0.030959	0.000960	0.697825	0.021639
47	C	2221	41199	35845	0.061961	8905	0	41135	0	0	0	nan	0	0	0	0	0	0	nan	0	0	0	0.061961	0.001315	0.061961	0.001315	1.185029	0.025150
48	A	1667	41199	37992	0.043878	8905	0	41134	0	0	0	nan	0	0	0	0	0	0	nan	0	0	0	0.043878	0.001075	0.043878	0.001075	0.989023	0.024231
49	G	83	41199	37889	0.002191	8905	0	41133	0	0	0	nan	0	0	0	0	0	0	nan	0	0	0	0.002191	0.000240	0.002191	0.000240	0.417121	0.045691
50	C	96	41199	36645	0.002620	8905	0	41129	0	0	0	nan	0	0	0	0	0	0	nan	0	0	0	0.002620	0.000267	0.002620	0.000267	0.050109	0.005106
51	C	79	41199	36482	0.002165	8902	0	41124	0	0	0	nan	0	0	0	0	0	0	nan	0	0	0	0.002165	0.000244	0.002165	0.000244	0.041406	0.004667
52	G	81	41199	35115	0.002307	8902	0	41121	0	0	0	nan	0	0	0	0	0	0	nan	0	0	0	0.002307	0.000256	0.002307	0.000256	0.439205	0.048737
53	U	194	41199	36888	0.005259	8902	0	41119	0	0	0	nan	0	0	0	0	0	0	nan	0	0	0	0.005259	0.000378	0.005259	0.000378	0.876938	0.063032
54	U	176	41199	36418	0.004833	8902	0	41116	0	0	0	nan	0	0	0	0	0	0	nan	0	0	0	0.004833	0.000364	0.004833	0.000364	0.805903	0.060697
55	C	220	41198	37997	0.005790	8903	0	41112	0	0	0	nan	0	0	0	0	0	0	nan	0	0	0	0.005790	0.000390	0.005790	0.000390	0.110736	0.007459
56	A	73	41197	38195	0.001911	8903	0	41110	0	0	0	nan	0	0	0	0	0	0	nan	0	0	0	0.001911	0.000224	0.001911	0.000224	0.043074	0.005049
57	G	139	41197	38689	0.003593	8903	0	41110	0	0	0	nan	0	0	0	0	0	0	nan	0	0	0	0.003593	0.000305	0.003593	0.000305	0.684034	0.058066
58	U	68	41197	38442	0.001769	8907	0	41109	0	0	0	nan	0	0	0	0	0	0	nan	0	0	0	0.001769	0.000215	0.001769	0.000215	0.294981	0.035851
59	A	156	41197	38060	0.004099	8984	0	41107	0	0	0	nan	0	0	0	0	0	0	nan	0	0	0	0.004099	0.000328	0.004099	0.000328	0.092393	0.007393
60	C	193	41197	38195	0.005053	8986	0	41106	0	0	0	nan	0	0	0	0	0	0	nan	0	0	0	0.005053	0.000364	0.005053	0.000364	0.096641	0.006962
61	C	83	41197	38346	0.002165	8986	0	41106	0	0	0	nan	0	0	0	0	0	0	nan	0	0	0	0.002165	0.000238	0.002165	0.000238	0.041406	0.004552
62	A	1565	41197	37770	0.041435	8985	0	41102	0	0	0	nan	0	0	0	0	0	0	nan	0	0	0	0.041435	0.001047	0.041435	0.001047	0.933957	0.023600
63	A	1341	41197	37762	0.035512	8985	0	41100	0	0	0	nan	0	0	0	0	0	0	nan	0	0	0	0.035512	0.000970	0.035512	0.000970	0.800451	0.021864
64	G	92	41196	38387	0.002397	8983	0	41096	0	0	0	nan	0	0	0	0	0	0	nan	0	0	0	0.002397	0.000250	0.002397	0.000250	0.456340	0.047595
65	U	64	41195	35677	0.001794	8983	0	41091	0	0	0	nan	0	0	0	0	0	0	nan	0	0	0	0.001794	0.000224	0.001794	0.000224	0.299150	0.037352
66	C	73	41197	35712	0.002044	8984	0	41091	0	0	0	nan	0	0	0	0	0	0	nan	0	0	0	0.002044	0.000239	0.002044	0.000239	0.039092	0.004571
67	U	35	41197	25512	0.001372	8984	0	41090	0	0	0	nan	0	0	0	0	0	0	nan	0	0	0	0.001372	0.000232	0.001372	0.000232	0.228781	0.038686
68	C	86	41195	26358	0.003263	8984	0	41085	0	0	0	nan	0	0	0	0	0	0	nan	0	0	0	0.003263	0.000352	0.003263	0.000352	0.062406	0.006732
69	A	88	41195	26149	0.003365	8984	0	41076	0	0	0	nan	0	0	0	0	0	0	nan	0	0	0	0.003365	0.000359	0.003365	0.000359	0.075848	0.008092
70	G	187	41195	36609	0.005108	8984	0	41076	0	0	0	nan	0	0	0	0	0	0	nan	0	0	0	0.005108	0.000374	0.005108	0.000374	0.972458	0.071202
71	G	547	41198	38463	0.014221	8984	0	41078	0	0	0	nan	0	0	0	0	0	0	nan	0	0	0	0.014221	0.000608	0.014221	0.000608	2.707387	0.115751
72	G	132	41196	38700	0.003411	8984	0	41075	0	0	0	nan	0	0	0	0	0	0	nan	0	0	0	0.003411	0.000297	0.003411	0.000297	0.649384	0.056543
73	G	140	41196	38506	0.003636	8984	0	41071	0	0	0	nan	0	0	0	0	0	0	nan	0	0	0	0.003636	0.000307	0.003636	0.000307	0.692220	0.058447
74	A	834	41194	37621	0.022168	8986	0	41069	0	0	0	nan	0	0	0	0	0	0	nan	0	0	0	0.022168	0.000768	0.022168	0.000768	0.499673	0.017311
75	A	1026	41194	37189	0.027589	8987	0	41063	0	0	0	nan	0	0	0	0	0	0	nan	0	0	0	0.027589	0.000861	0.027589	0.000861	0.621864	0.019407
76	A	1286	41194	36671	0.035069	8987	0	41061	0	0	0	nan	0	0	0	0	0	0	nan	0	0	0	0.035069	0.000978	0.035069	0.000978	0.790465	0.022044
77	C	92	41194	37104	0.002480	8987	0	41057	0	0	0	nan	0	0	0	0	0	0	nan	0	0	0	0.002480	0.000259	0.002480	0.000259	0.047431	0.004953
78	U	44	41194	35855	0.001227	8986	0	41055	0	0	0	nan	0	0	0	0	0	0	nan	0	0	0	0.001227	0.000185	0.001227	0.000185	0.204602	0.030849
79	U	77	41194	36509	0.002109	8986	0	41052	0	0	0	nan	0	0	0	0	0	0	nan	0	0	0	0.002109	0.000240	0.002109	0.000240	0.351676	0.040020
80	U	67	41192	36983	0.001812	8986	0	41039	0	0	0	nan	0	0	0	0	0	0	nan	0	0	0	0.001812	0.000221	0.001812	0.000221	0.302151	0.036852
81	G	168	41190	36440	0.004610	8986	0	41026	0	0	0	nan	0	0	0	0	0	0	nan	0	0	0	0.004610	0.000356	0.004610	0.000356	0.877649	0.067775
82	A	127	41185	36584	0.003471	8987	0	41014	0	0	0	nan	0	0	0	0	0	0	nan	0	0	0	0.003471	0.000308	0.003471	0.000308	0.078237	0.006942
83	G	135	41185	35505	0.003802	8988	0	41013	0	0	0	nan	0	0	0	0	0	0	nan	0	0	0	0.003802	0.000327	0.003802	0.000327	0.723823	0.062254
84	A	116	41185	37907	0.003060	8989	0	41010	0	0	0	nan	0	0	0	0	0	0	nan	0	0	0	0.003060	0.000284	0.003060	0.000284	0.068973	0.006401
85	U	50	41185	37979	0.001317	8988	0	41006	0	0	0	nan	0	0	0	0	0	0	nan	0	0	0	0.001317	0.000186	0.001317	0.000186	0.219610	0.031016
86	G	179	41184	39040	0.004585	8986	0	41001	0	0	0	nan	0	0	0	0	0	0	nan	0	0	0	0.004585	0.000343	0.004585	0.000343	0.872890	0.065300
87	G	85	41184	38278	0.002221	8986	0	40996	0	0	0	nan	0	0	0	0	0	0	nan	0	0	0	0.002221	0.000241	0.002221	0.000241	0.422833	0.045881
88	C	61	41183	21183	0.002880	8986	0	40991	0	0	0	nan	0	0	0	0	0	0	nan	0	0	0	0.002880	0.000369	0.002880	0.000369	0.055081	0.007057
89	C	539	41183	20852	0.025849	8986	0	40985	0	0	0	nan	0	0	0	0	0	0	nan	0	0	0	0.025849	0.001113	0.025849	0.001113	0.494372	0.021287
90	U	55	41183	20990	0.002620	8986	0	40985	0	0	0	nan	0	0	0	0	0	0	nan	0	0	0	0.002620	0.000353	0.002620	0.000353	0.436885	0.058863
91	U	33	41183	37595	0.000878	8986	0	40978	0	0	0	nan	0	0	0	0	0	0	nan	0	0	0	0.000878	0.000153	0.000878	0.000153	0.146407	0.025513
92	G	98	41183	36917	0.002655	8986	0	40973	0	0	0	nan	0	0	0	0	0	0	nan	0	0	0	0.002655	0.000268	0.002655	0.000268	0.505458	0.051022
93	C	1680	41183	36037	0.046619	8989	0	40968	0	0	0	nan	0	0	0	0	0	0	nan	0	0	0	0.046619	0.001137	0.046619	0.001137	0.891607	0.021746
94	A	620	41186	33127	0.018716	8989	0	40968	0	0	0	nan	0	0	0	0	0	0	nan	0	0	0	0.018716	0.000752	0.018716	0.000752	0.421864	0.016950
95	A	896	41195	34121	0.026259	8989	0	40974	0	0	0	nan	0	0	0	0	0	0	nan	0	0	0	0.026259	0.000877	0.026259	0.000877	0.591885	0.019768
96	A	227	41478	36456	0.006227	8989	0	41391	0	0	0	nan	0	0	0	0	0	0	nan	0	0	0	0.006227	0.000413	0.006227	0.000413	0.140358	0.009309
97	G	168	41532	40601	0.004138	8989	0	41464	0	0	0	nan	0	0	0	0	0	0	nan	0	0	0	0.004138	0.000319	0.004138	0.000319	0.787790	0.060731
98	G	87	41539	40951	0.002124	8990	0	41472	0	0	0	nan	0	0	0	0	0	0	nan	0	0	0	0.002124	0.000228	0.002124	0.000228	0.404366	0.043407
99	G	156	41541	40752	0.003828	8990	0	41476	0	0	0	nan	0	0	0	0	0	0	nan	0	0	0	0.003828	0.000306	0.003828	0.000306	0.728773	0.058256
100	U	97	41541	40967	0.002368	8990	0	41476	0	0	0	nan	0	0	0	0	0	0	nan	0	0	0	0.002368	0.000240	0.002368	0.000240	0.394864	0.040020
101	A	1386	41544	40809	0.033963	8990	0	41478	0	0	0	nan	0	0	0	0	0	0	nan	0	0	0	0.033963	0.000912	0.033963	0.000912	0.765536	0.020557
102	U	199	41544	40900	0.004866	8989	0	41479	0	0	0	nan	0	0	0	0	0	0	nan	0	0	0	0.004866	0.000345	0.004866	0.000345	0.811406	0.057529
103	G	176	41544	40584	0.004337	8989	0	41479	0	0	0	nan	0	0	0	0	0	0	nan	0	0	0	0.004337	0.000327	0.004337	0.000327	0.825676	0.062254
104	G	146	41544	40505	0.003604	8990	0	41478	0	0	0	nan	0	0	0	0	0	0	nan	0	0	0	0.003604	0.000298	0.003604	0.000298	0.686128	0.056733
105	U	62	41545	40606	0.001527	8990	0	41479	0	0	0	nan	0	0	0	0	0	0	nan	0	0	0	0.001527	0.000194	0.001527	0.000194	0.254627	0.032350
106	A	1802	41545	40776	0.044193	8991	0	41474	0	0	0	nan	0	0	0	0	0	0	nan	0	0	0	0.044193	0.001041	0.044193	0.001041	0.996123	0.023464
107	A	1233	41545	40814	0.030210	8991	0	41472	0	0	0	nan	0	0	0	0	0	0	nan	0	0	0	0.030210	0.000860	0.030210	0.000860	0.680942	0.019385
108	U	223	41545	40787	0.005467	8990	0	41472	0	0	0	nan	0	0	0	0	0	0	nan	0	0	0	0.005467	0.000366	0.005467	0.000366	0.911622	0.061031
109	A	1322	41544	40757	0.032436	8991	0	41470	0	0	0	nan	0	0	0	0	0	0	nan	0	0	0	0.032436	0.000892	0.032436	0.000892	0.731117	0.020106
110	A	1358	41544	40884	0.033216	8991	0	41470	0	0	0	nan	0	0	0	0	0	0	nan	0	0	0	0.033216	0.000901	0.033216	0.000901	0.748698	0.020309
111	G	223	41544	40845	0.005460	8991	0	41470	0	0	0	nan	0	0	0	0	0	0	nan	0	0	0	0.005460	0.000366	0.005460	0.000366	1.039472	0.069679
112	C	177	41544	41078	0.004309	8991	0	41471	0	0	0	nan	0	0	0	0	0	0	nan	0	0	0	0.004309	0.000324	0.004309	0.000324	0.082411	0.006197
113	U	102	41544	41073	0.002483	8991	0	41471	0	0	0	nan	0	0	0	0	0	0	nan	0	0	0	0.002483	0.000246	0.002483	0.000246	0.414040	0.041021
114	G	121	41544	40862	0.002961	8991	0	41471	0	0	0	nan	0	0	0	0	0	0	nan	0	0	0	0.002961	0.000269	0.002961	0.000269	0.563714	0.051212
115	A	190	41544	40933	0.004642	8991	0	41473	0	0	0	nan	0	0	0	0	0	0	nan	0	0	0	0.004642	0.000337	0.004642	0.000337	0.104632	0.007596
116	C	173	41544	40948	0.004225	8991	0	41473	0	0	0	nan	0	0	0	0	0	0	nan	0	0	0	0.004225	0.000321	0.004225	0.000321	0.080805	0.006139
117	G	128	41544	40821	0.003136	8991	0	41474	0	0	0	nan	0	0	0	0	0	0	nan	0	0	0	0.003136	0.000277	0.003136	0.000277	0.597030	0.052735
118	G	125	41544	40875	0.003058	8991	0	41473	0	0	0	nan	0	0	0	0	0	0	nan	0	0	0	0.003058	0.000274	0.003058	0.000274	0.582180	0.052164
119	A	783	41544	40865	0.019161	8991	0	41473	0	0	0	nan	0	0	0	0	0	0	nan	0	0	0	0.019161	0.000685	0.019161	0.000685	0.431895	0.015440
120	C	1608	41543	41044	0.039177	8991	0	41472	0	0	0	nan	0	0	0	0	0	0	nan	0	0	0	0.039177	0.000977	0.039177	0.000977	0.749276	0.018686
121	A	1624	41543	41054	0.039558	8993	0	41472	0	0	0	nan	0	0	0	0	0	0	nan	0	0	0	0.039558	0.000982	0.039558	0.000982	0.891649	0.022135
122	U	145	41543	41067	0.003531	8994	0	41471	0	0	0	nan	0	0	0	0	0	0	nan	0	0	0	0.003531	0.000293	0.003531	0.000293	0.588794	0.048858
123	G	122	41543	40929	0.002981	8995	0	41466	0	0	0	nan	0	0	0	0	0	0	nan	0	0	0	0.002981	0.000270	0.002981	0.000270	0.567521	0.051402
124	G	55	41543	40945	0.001343	8995	0	41466	0	0	0	nan	0	0	0	0	0	0	nan	0	0	0	0.001343	0.000181	0.001343	0.000181	0.255680	0.034459
125	U	141	41543	40807	0.003455	8995	0	41466	0	0	0	nan	0	0	0	0	0	0	nan	0	0	0	0.003455	0.000291	0.003455	0.000291	0.576121	0.048524
126	C	117	41542	40842	0.002865	8995	0	41465	0	0	0	nan	0	0	0	0	0	0	nan	0	0	0	0.002865	0.000265	0.002865	0.000265	0.054794	0.005068
127	C	54	41541	40809	0.001323	8995	0	41463	0	0	0	nan	0	0	0	0	0	0	nan	0	0	0	0.001323	0.000180	0.001323	0.000180	0.025303	0.003443
128	U	82	41538	40735	0.002013	8995	0	41451	0	0	0	nan	0	0	0	0	0	0	nan	0	0	0	0.002013	0.000222	0.002013	0.000222	0.335668	0.037019
129	A	1607	41331	40115	0.040060	8990	0	40903	0	0	0	nan	0	0	0	0	0	0	nan	0	0	0	0.040060	0.000999	0.040060	0.000999	0.902964	0.022518
130	A	2563	41324	39898	0.064239	8988	0	40888	0	0	0	nan	0	0	0	0	0	0	nan	0	0	0	0.064239	0.001269	0.064239	0.001269	1.447966	0.028604
131	C	558	41324	39645	0.014075	8988	0	40893	0	0	0	nan	0	0	0	0	0	0	nan	0	0	0	0.014075	0.000596	0.014075	0.000596	0.269190	0.011399
132	C	190	41325	39637	0.004794	8988	0	40894	0	0	0	nan	0	0	0	0	0	0	nan	0	0	0	0.004794	0.000348	0.004794	0.000348	0.091687	0.006656
133	A	797	41325	39377	0.020240	8988	0	40896	0	0	0	nan	0	0	0	0	0	0	nan	0	0	0	0.020240	0.000717	0.020240	0.000717	0.456215	0.016161
134	C	217	41323	39129	0.005546	8974	0	40895	0	0	0	nan	0	0	0	0	0	0	nan	0	0	0	0.005546	0.000376	0.005546	0.000376	0.106069	0.007191
135	G	69	41323	38655	0.001785	8976	0	40898	0	0	0	nan	0	0	0	0	0	0	nan	0	0	0	0.001785	0.000215	0.001785	0.000215	0.339827	0.040932
136	C	148	41323	38958	0.003799	8979	3	40900	0	0	0	nan	0	0	0	0	0	0	nan	0	0	0	0.003799	0.000312	0.003799	0.000312	0.072657	0.005967
137	A	343	41323	39227	0.008744	8980	3	40907	0	0	0	nan	0	0	0	0	0	0	nan	0	0	0	0.008744	0.000472	0.008744	0.000472	0.197092	0.010639
138	G	136	41323	39190	0.003470	8975	3	40909	0	0	0	nan	0	0	0	0	0	0	nan	0	0	0	0.003470	0.000298	0.003470	0.000298	0.660617	0.056733
139	C	762	41323	39453	0.019314	8975	3	40910	0	0	0	nan	0	0	0	0	0	0	nan	0	0	0	0.019314	0.000700	0.019314	0.000700	0.369388	0.013388
140	C	848	41323	39636	0.021395	8975	3	40912	0	0	0	nan	0	0	0	0	0	0	nan	0	0	0	0.021395	0.000735	0.021395	0.000735	0.409188	0.014057
141	A	1627	41325	39262	0.041440	8975	3	40918	0	0	0	nan	0	0	0	0	0	0	nan	0	0	0	0.041440	0.001027	0.041440	0.001027	0.934070	0.023149
142	A	1249	41325	38821	0.032173	8975	3	40924	0	0	0	nan	0	0	0	0	0	0	nan	0	0	0	0.032173	0.000910	0.032173	0.000910	0.725189	0.020512
143	G	120	41325	38252	0.003137	8971	3	40924	0	0	0	nan	0	0	0	0	0	0	nan	0	0	0	0.003137	0.000286	0.003137	0.000286	0.597220	0.054449
144	U	88	41325	38662	0.002276	8971	3	40924	0	0	0	nan	0	0	0	0	0	0	nan	0	0	0	0.002276	0.000243	0.002276	0.000243	0.379523	0.040520
145	C	130	41325	39293	0.003308	8971	3	40927	0	0	0	nan	0	0	0	0	0	0	nan	0	0	0	0.003308	0.000290	0.003308	0.000290	0.063267	0.005546
146	C	136	41325	37790	0.003599	8971	3	40929	0	0	0	nan	0	0	0	0	0	0	nan	0	0	0	0.003599	0.000309	0.003599	0.000309	0.068832	0.005910
147	U	96	41325	37549	0.002557	8973	3	40932	0	0	0	nan	0	0	0	0	0	0	nan	0	0	0	0.002557	0.000261	0.002557	0.000261	0.426380	0.043522
148	A	683	41327	37501	0.018213	8973	3	40936	0	0	0	nan	0	0	0	0	0	0	nan	0	0	0	0.018213	0.000697	0.018213	0.000697	0.410526	0.015711
149	A	1111	41327	38190	0.029091	8974	3	40936	0	0	0	nan	0	0	0	0	0	0	nan	0	0	0	0.029091	0.000873	0.029091	0.000873	0.655720	0.019678
150	G	101	41327	37618	0.002685	8976	3	40942	0	0	0	nan	0	0	0	0	0	0	nan	0	0	0	0.002685	0.000267	0.002685	0.000267	0.511169	0.050831
151	U	56	41328	37730	0.001484	8976	3	40944	0	0	0	nan	0	0	0	0	0	0	nan	0	0	0	0.001484	0.000198	0.001484	0.000198	0.247457	0.033017
152	C	104	41328	39001	0.002667	8976	3	40945	0	0	0	nan	0	0	0	0	0	0	nan	0	0	0	0.002667	0.000261	0.002667	0.000261	0.051007	0.004992
153	A	67	41328	39350	0.001703	8977	3	40946	0	0	0	nan	0	0	0	0	0	0	nan	0	0	0	0.001703	0.000208	0.001703	0.000208	0.038386	0.004688
154	A	72	41328	39305	0.001832	8977	3	40946	0	0	0	nan	0	0	0	0	0	0	nan	0	0	0	0.001832	0.000216	0.001832	0.000216	0.041294	0.004869
155	C	107	41328	38818	0.002756	8977	3	40947	0	0	0	nan	0	0	0	0	0	0	nan	0	0	0	0.002756	0.000266	0.002756	0.000266	0.052710	0.005087
156	A	64	41328	35804	0.001788	8979	3	40948	0	0	0	nan	0	0	0	0	0	0	nan	0	0	0	0.001788	0.000223	0.001788	0.000223	0.040302	0.005026
157	G	88	41328	35453	0.002482	8979	3	40950	0	0	0	nan	0	0	0	0	0	0	nan	0	0	0	0.002482	0.000265	0.002482	0.000265	0.472522	0.050451
158	A	1020	41328	34914	0.029215	8979	3	40953	0	0	0	nan	0	0	0	0	0	0	nan	0	0	0	0.029215	0.000915	0.029215	0.000915	0.658515	0.020624
159	U	232	41328	37944	0.006114	8980	3	40953	0	0	0	nan	0	0	0	0	0	0	nan	0	0	0	0.006114	0.000401	0.006114	0.000401	1.019510	0.066867
160	C	2189	41328	38098	0.057457	8980	3	40955	0	0	0	nan	0	0	0	0	0	0	nan	0	0	0	0.057457	0.001228	0.057457	0.001228	1.098888	0.023486
161	U	289	41328	38511	0.007504	8981	3	40959	0	0	0	nan	0	0	0	0	0	0	nan	0	0	0	0.007504	0.000441	0.007504	0.000441	1.251292	0.073537
162	U	177	41328	38489	0.004599	8981	3	40964	0	0	0	nan	0	0	0	0	0	0	nan	0	0	0	0.004599	0.000346	0.004599	0.000346	0.766883	0.057696
163	C	123	41328	38421	0.003201	8982	3	40965	0	0	0	nan	0	0	0	0	0	0	nan	0	0	0	0.003201	0.000289	0.003201	0.000289	0.061220	0.005527
164	U	57	41328	38388	0.001485	8982	3	40972	0	0	0	nan	0	0	0	0	0	0	nan	0	0	0	0.001485	0.000197	0.001485	0.000197	0.247624	0.032850
165	G	95	41329	34948	0.002718	8983	3	40977	0	0	0	nan	0	0	0	0	0	0	nan	0	0	0	0.002718	0.000279	0.002718	0.000279	0.517451	0.053116
166	U	50	41329	34836	0.001435	8983	3	40977	0	0	0	nan	0	0	0	0	0	0	nan	0	0	0	0.001435	0.000203	0.001435	0.000203	0.239286	0.033850
167	U	56	41329	35613	0.001572	8983	3	40979	0	0	0	nan	0	0	0	0	0	0	nan	0	0	0	0.001572	0.000210	0.001572	0.000210	0.262131	0.035018
168	G	97	41331	39161	0.002477	8984	3	40991	0	0	0	nan	0	0	0	0	0	0	nan	0	0	0	0.002477	0.000251	0.002477	0.000251	0.471570	0.047785
169	A	123	41331	39368	0.003124	8984	3	40995	0	0	0	nan	0	0	0	0	0	0	nan	0	0	0	0.003124	0.000282	0.003124	0.000282	0.070416	0.006356
170	U	50	41331	39057	0.001280	8984	3	40996	0	0	0	nan	0	0	0	0	0	0	nan	0	0	0	0.001280	0.000181	0.001280	0.000181	0.213440	0.030182
171	A	2013	41332	38291	0.052571	8984	3	40998	0	0	0	nan	0	0	0	0	0	0	nan	0	0	0	0.052571	0.001172	0.052571	0.001172	1.184966	0.026417
172	U	130	41333	37275	0.003488	8984	3	41002	0	0	0	nan	0	0	0	0	0	0	nan	0	0	0	0.003488	0.000306	0.003488	0.000306	0.581624	0.051026
173	G	89	41333	37438	0.002377	8984	3	41005	0	0	0	nan	0	0	0	0	0	0	nan	0	0	0	0.002377	0.000252	0.002377	0.000252	0.452532	0.047976
174	G	152	41334	38098	0.003990	8984	3	41022	0	0	0	nan	0	0	0	0	0	0	nan	0	0	0	0.003990	0.000324	0.003990	0.000324	0.759614	0.061683
175	A	136	41335	37789	0.003599	8984	3	41023	0	0	0	nan	0	0	0	0	0	0	nan	0	0	0	0.003599	0.000309	0.003599	0.000309	0.081123	0.006965
176	U	53	41335	37619	0.001409	8984	3	41023	0	0	0	nan	0	0	0	0	0	0	nan	0	0	0	0.001409	0.000194	0.001409	0.000194	0.234951	0.032350
177	G	105	41335	37276	0.002817	8984	3	41031	0	0	0	nan	0	0	0	0	0	0	nan	0	0	0	0.002817	0.000275	0.002817	0.000275	0.536299	0.052354
178	C	2255	41335	38801	0.058117	8984	3	41031	0	0	0	nan	0	0	0	0	0	0	nan	0	0	0	0.058117	0.001224	0.058117	0.001224	1.111511	0.023409
179	A	1224	41335	38835	0.031518	8984	3	41033	0	0	0	nan	0	0	0	0	0	0	nan	0	0	0	0.031518	0.000901	0.031518	0.000901	0.710425	0.020309
180	G	181	41335	37676	0.004804	8984	3	41056	0	0	0	nan	0	0	0	0	0	0	nan	0	0	0	0.004804	0.000357	0.004804	0.000357	0.914583	0.067965
181	U	131	41336	37258	0.003516	8984	3	41063	0	0	0	nan	0	0	0	0	0	0	nan	0	0	0	0.003516	0.000307	0.003516	0.000307	0.586293	0.051192
182	U	217	41336	36904	0.005880	8984	3	41066	0	0	0	nan	0	0	0	0	0	0	nan	0	0	0	0.005880	0.000399	0.005880	0.000399	0.980490	0.066533
183	C	1531	41337	37539	0.040784	8989	3	41070	0	0	0	nan	0	0	0	0	0	0	nan	0	0	0	0.040784	0.001042	0.040784	0.001042	0.780010	0.019929
184	A	1332	41337	38292	0.034785	8989	3	41073	0	0	0	nan	0	0	0	0	0	0	nan	0	0	0	0.034785	0.000953	0.034785	0.000953	0.784064	0.021481
185	A	1101	41337	38349	0.028710	8989	3	41076	0	0	0	nan	0	0	0	0	0	0	nan	0	0	0	0.028710	0.000865	0.028710	0.000865	0.647132	0.019497
186	C	2495	41337	37406	0.066701	8989	3	41077	0	0	0	nan	0	0	0	0	0	0	nan	0	0	0	0.066701	0.001335	0.066701	0.001335	1.275683	0.025532
187	C	1754	41337	37227	0.047116	8989	3	41079	0	0	0	nan	0	0	0	0	0	0	nan	0	0	0	0.047116	0.001125	0.047116	0.001125	0.901112	0.021516
188	A	631	41338	37184	0.016970	8989	3	41084	0	0	0	nan	0	0	0	0	0	0	nan	0	0	0	0.016970	0.000676	0.016970	0.000676	0.382509	0.015237
189	A	1166	41339	37754	0.030884	8990	3	41085	0	0	0	nan	0	0	0	0	0	0	nan	0	0	0	0.030884	0.000904	0.030884	0.000904	0.696134	0.020376
190	A	907	41339	36371	0.024937	8990	3	41086	0	0	0	nan	0	0	0	0	0	0	nan	0	0	0	0.024937	0.000828	0.024937	0.000828	0.562087	0.018663
191	U	286	41340	36029	0.007938	8990	3	41089	0	0	0	nan	0	0	0	0	0	0	nan	0	0	0	0.007938	0.000469	0.007938	0.000469	1.323662	0.078206
192	C	1222	41341	35942	0.033999	8990	3	41093	0	0	0	nan	0	0	0	0	0	0	nan	0	0	0	0.033999	0.000973	0.033999	0.000973	0.650244	0.018609
193	A	42	41351	38712	0.001085	8990	3	41162	0	0	0	nan	0	0	0	0	0	0	nan	0	0	0	0.001085	0.000167	0.001085	0.000167	0.024456	0.003764
194	A	512	41351	39284	0.013033	8990	3	41166	0	0	0	nan	0	0	0	0	0	0	nan	0	0	0	0.013033	0.000576	0.013033	0.000576	0.293768	0.012983
195	A	703	41351	39195	0.017936	8989	3	41166	0	0	0	nan	0	0	0	0	0	0	nan	0	0	0	0.017936	0.000676	0.017936	0.000676	0.404283	0.015237
196	A	350	41351	38591	0.009069	8968	3	41167	0	0	0	nan	0	0	0	0	0	0	nan	0	0	0	0.009069	0.000485	0.009069	0.000485	0.204418	0.010932
197	A	954	41351	37894	0.025175	8960	3	41168	0	0	0	nan	0	0	0	0	0	0	nan	0	0	0	0.025175	0.000815	0.025175	0.000815	0.567452	0.018370
198	A	1199	41351	37964	0.031583	8960	3	41171	0	0	0	nan	0	0	0	0	0	0	nan	0	0	0	0.031583	0.000912	0.031583	0.000912	0.711890	0.020557
199	C	205	41351	38410	0.005337	8927	3	41173	0	0	0	nan	0	0	0	0	0	0	nan	0	0	0	0.005337	0.000373	0.005337	0.000373	0.102072	0.007134
200	C	180	41352	37554	0.004793	1099	0	41179	0	0	0	nan	0	0	0	0	0	0	nan	0	0	0	0.004793	0.000357	0.004793	0.000357	0.091668	0.006828
201	G	118	41357	37437	0.003152	943	0	41190	0	0	0	nan	0	0	0	0	0	0	nan	0	0	0	0.003152	0.000290	0.003152	0.000290	0.600076	0.055210
202	C	96	41358	37567	0.002555	923	0	41197	0	0	0	nan	0	0	0	0	0	0	nan	0	0	0	0.002555	0.000261	0.002555	0.000261	0.048865	0.004992
203	C	93	41358	37780	0.002462	902	0	41198	0	0	0	nan	0	0	0	0	0	0	nan	0	0	0	0.002462	0.000255	0.002462	0.000255	0.047087	0.004877
204	U	73	41359	37017	0.001972	434	0	41201	0	0	0	nan	0	0	0	0	0	0	nan	0	0	0	0.001972	0.000231	0.001972	0.000231	0.328831	0.038519
205	A	62	41362	34785	0.001782	60	0	41216	0	0	0	nan	0	0	0	0	0	0	nan	0	0	0	0.001782	0.000226	0.001782	0.000226	0.040167	0.005094
206	G	66	41362	33916	0.001946	60	0	41230	0	0	0	nan	0	0	0	0	0	0	nan	0	0	0	0.001946	0.000240	0.001946	0.000240	0.370478	0.045691
207	U	88	41362	33888	0.002597	60	0	41247	0	0	0	nan	0	0	0	0	0	0	nan	0	0	0	0.002597	0.000277	0.002597	0.000277	0.433050	0.046190
208	U	233	41362	35883	0.006493	60	0	41253	0	0	0	nan	0	0	0	0	0	0	nan	0	0	0	0.006493	0.000425	0.006493	0.000425	1.082708	0.070869
209	C	987	41363	37546	0.026288	54	0	41264	0	0	0	nan	0	0	0	0	0	0	nan	0	0	0	0.026288	0.000837	0.026288	0.000837	0.502768	0.016008
210	G	113	41366	37912	0.002981	27	0	41280	0	0	0	nan	0	0	0	0	0	0	nan	0	0	0	0.002981	0.000280	0.002981	0.000280	0.567521	0.053306
211	C	215	41367	35480	0.006060	26	0	41284	0	0	0	nan	0	0	0	0	0	0	nan	0	0	0	0.006060	0.000413	0.006060	0.000413	0.115900	0.007899
212	U	95	41368	35561	0.002671	26	0	41292	0	0	0	nan	0	0	0	0	0	0	nan	0	0	0	0.002671	0.000274	0.002671	0.000274	0.445389	0.045690
213	A	65	41370	33957	0.001914	24	0	41306	0	0	0	nan	0	0	0	0	0	0	nan	0	0	0	0.001914	0.000237	0.001914	0.000237	0.043142	0.005342
214	G	139	41374	7682	0.018094	24	0	41317	0	0	0	nan	0	0	0	0	0	0	nan	0	0	0	0.018094	0.001535	0.018094	0.001535	3.444726	0.292233
215	G	154	41375	7517	0.020487	24	0	41318	0	0	0	nan	0	0	0	0	0	0	nan	0	0	0	0.020487	0.001651	0.020487	0.001651	3.900305	0.314317
216	C	37	41375	7900	0.004684	24	0	41329	0	0	0	nan	0	0	0	0	0	0	nan	0	0	0	0.004684	0.000770	0.004684	0.000770	0.089583	0.014727
217	G	147	41378	39001	0.003769	24	0	41362	0	0	0	nan	0	0	0	0	0	0	nan	0	0	0	0.003769	0.000311	0.003769	0.000311	0.717540	0.059208
218	G	39	41378	39448	0.000989	24	0	41373	0	0	0	nan	0	0	0	0	0	0	nan	0	0	0	0.000989	0.000158	0.000989	0.000158	0.188285	0.030080
219	A	0	41379	39255	0.000000	24	0	41379	0	0	0	nan	0	0	0	0	0	0	nan	0	0	0	0.000000	0.000000	0.000000	0.000000	0.000000	0.000000
220	A	0	41379	0	nan	24	0	41379	0	0	0	nan	0	0	0	0	0	0	nan	0	0	0	nan	nan	nan	nan	nan	nan
221	A	0	41379	0	nan	24	0	41379	0	0	0	nan	0	0	0	0	0	0	nan	0	0	0	nan	nan	nan	nan	nan	nan
222	A	0	41379	0	nan	24	0	41379	0	0	0	nan	0	0	0	0	0	0	nan	0	0	0	nan	nan	nan	nan	nan	nan
223	c	0	41379	0	nan	24	0	41379	0	0	0	nan	0	0	0	0	0	0	nan	0	0	0	nan	nan	nan	nan	nan	nan
224	c	0	41379	0	nan	24	0	41379	0	0	0	nan	0	0	0	0	0	0	nan	0	0	0	nan	nan	nan	nan	nan	nan
225	a	0	41379	0	nan	24	0	41379	0	0	0	nan	0	0	0	0	0	0	nan	0	0	0	nan	nan	nan	nan	nan	nan
226	a	0	41379	0	nan	24	0	41379	0	0	0	nan	0	0	0	0	0	0	nan	0	0	0	nan	nan	nan	nan	nan	nan
227	a	0	41379	0	nan	24	0	41379	0	0	0	nan	0	0	0	0	0	0	nan	0	0	0	nan	nan	nan	nan	nan	nan
228	c	0	41379	0	nan	24	0	41379	0	0	0	nan	0	0	0	0	0	0	nan	0	0	0	nan	nan	nan	nan	nan	nan
229	c	0	41379	0	nan	24	0	41379	0	0	0	nan	0	0	0	0	0	0	nan	0	0	0	nan	nan	nan	nan	nan	nan
230	a	0	41379	0	nan	24	0	41379	0	0	0	nan	0	0	0	0	0	0	nan	0	0	0	nan	nan	nan	nan	nan	nan
231	a	0	41379	0	nan	24	0	41379	0	0	0	nan	0	0	0	0	0	0	nan	0	0	0	nan	nan	nan	nan	nan	nan
232	a	0	41379	0	nan	24	0	41379	0	0	0	nan	0	0	0	0	0	0	nan	0	0	0	nan	nan	nan	nan	nan	nan
233	g	0	41378	0	nan	24	0	41378	0	0	0	nan	0	0	0	0	0	0	nan	0	0	0	nan	nan	nan	nan	nan	nan
234	a	0	41378	0	nan	24	0	41378	0	0	0	nan	0	0	0	0	0	0	nan	0	0	0	nan	nan	nan	nan	nan	nan
235	a	0	41378	0	nan	24	0	41378	0	0	0	nan	0	0	0	0	0	0	nan	0	0	0	nan	nan	nan	nan	nan	nan
236	a	0	41378	0	nan	24	0	41378	0	0	0	nan	0	0	0	0	0	0	nan	0	0	0	nan	nan	nan	nan	nan	nan
237	c	0	41374	0	nan	24	0	41374	0	0	0	nan	0	0	0	0	0	0	nan	0	0	0	nan	nan	nan	nan	nan	nan
238	a	0	41373	0	nan	24	0	41373	0	0	0	nan	0	0	0	0	0	0	nan	0	0	0	nan	nan	nan	nan	nan	nan
239	a	0	41362	0	nan	24	0	41362	0	0	0	nan	0	0	0	0	0	0	nan	0	0	0	nan	nan	nan	nan	nan	nan
240	c	0	41346	0	nan	24	0	41346	0	0	0	nan	0	0	0	0	0	0	nan	0	0	0	nan	nan	nan	nan	nan	nan
241	c	0	41328	0	nan	24	0	41328	0	0	0	nan	0	0	0	0	0	0	nan	0	0	0	nan	nan	nan	nan	nan	nan