Nucleotide	Sequence	Modified_mutations	Modified_read_depth	Modified_effective_depth	Modified_rate	Modified_off_target_mapped_depth	Modified_low_mapq_mapped_depth	Modified_primer_pair_1_mapped_depth	Untreated_mutations	Untreated_read_depth	Untreated_effective_depth	Untreated_rate	Untreated_off_target_mapped_depth	Untreated_low_mapq_mapped_depth	Untreated_primer_pair_1_mapped_depth	Denatured_mutations	Denatured_read_depth	Denatured_effective_depth	Denatured_rate	Denatured_off_target_mapped_depth	Denatured_low_mapq_mapped_depth	Denatured_primer_pair_1_mapped_depth	Reactivity_profile	Std_err	HQ_profile	HQ_stderr	Norm_profile	Norm_stderr
1	g	0	5319276	0	nan	4	334	5319276	0	0	0	nan	0	0	0	0	0	0	nan	0	0	0	nan	nan	nan	nan	nan	nan
2	g	0	5430981	0	nan	4	336	5430981	0	0	0	nan	0	0	0	0	0	0	nan	0	0	0	nan	nan	nan	nan	nan	nan
3	u	0	5472869	0	nan	4	336	5472869	0	0	0	nan	0	0	0	0	0	0	nan	0	0	0	nan	nan	nan	nan	nan	nan
4	g	0	5483328	0	nan	4	342	5483328	0	0	0	nan	0	0	0	0	0	0	nan	0	0	0	nan	nan	nan	nan	nan	nan
5	u	0	5490666	0	nan	4	344	5490666	0	0	0	nan	0	0	0	0	0	0	nan	0	0	0	nan	nan	nan	nan	nan	nan
6	a	0	5498965	0	nan	4	353	5498965	0	0	0	nan	0	0	0	0	0	0	nan	0	0	0	nan	nan	nan	nan	nan	nan
7	a	0	5502339	0	nan	4	353	5502339	0	0	0	nan	0	0	0	0	0	0	nan	0	0	0	nan	nan	nan	nan	nan	nan
8	g	0	5504198	0	nan	4	354	5504198	0	0	0	nan	0	0	0	0	0	0	nan	0	0	0	nan	nan	nan	nan	nan	nan
9	g	0	5506967	0	nan	4	355	5506967	0	0	0	nan	0	0	0	0	0	0	nan	0	0	0	nan	nan	nan	nan	nan	nan
10	g	0	5511235	0	nan	4	355	5511235	0	0	0	nan	0	0	0	0	0	0	nan	0	0	0	nan	nan	nan	nan	nan	nan
11	u	0	5518469	0	nan	4	356	5518469	0	0	0	nan	0	0	0	0	0	0	nan	0	0	0	nan	nan	nan	nan	nan	nan
12	g	0	5534592	0	nan	161	358	5534592	0	0	0	nan	0	0	0	0	0	0	nan	0	0	0	nan	nan	nan	nan	nan	nan
13	a	0	5552369	0	nan	178	359	5552369	0	0	0	nan	0	0	0	0	0	0	nan	0	0	0	nan	nan	nan	nan	nan	nan
14	a	0	5573714	0	nan	229	359	5573714	0	0	0	nan	0	0	0	0	0	0	nan	0	0	0	nan	nan	nan	nan	nan	nan
15	g	0	5595510	0	nan	661	359	5595510	0	0	0	nan	0	0	0	0	0	0	nan	0	0	0	nan	nan	nan	nan	nan	nan
16	u	0	5610586	0	nan	669	360	5610586	0	0	0	nan	0	0	0	0	0	0	nan	0	0	0	nan	nan	nan	nan	nan	nan
17	g	0	5616763	0	nan	670	362	5616763	0	0	0	nan	0	0	0	0	0	0	nan	0	0	0	nan	nan	nan	nan	nan	nan
18	u	0	5620914	0	nan	675	364	5620914	0	0	0	nan	0	0	0	0	0	0	nan	0	0	0	nan	nan	nan	nan	nan	nan
19	a	0	5623803	0	nan	675	367	5623803	0	0	0	nan	0	0	0	0	0	0	nan	0	0	0	nan	nan	nan	nan	nan	nan
20	A	0	5625294	368	0.000000	675	368	5625294	0	0	0	nan	0	0	0	0	0	0	nan	0	0	0	0.000000	0.000000	nan	nan	nan	nan
21	G	0	5626261	501	0.000000	675	368	5626261	0	0	0	nan	0	0	0	0	0	0	nan	0	0	0	0.000000	0.000000	nan	nan	nan	nan
22	G	0	5627711	924	0.000000	675	368	5627711	0	0	0	nan	0	0	0	0	0	0	nan	0	0	0	0.000000	0.000000	nan	nan	nan	nan
23	U	0	5630980	4755237	0.000000	675	368	5630980	0	0	0	nan	0	0	0	0	0	0	nan	0	0	0	0.000000	0.000000	0.000000	0.000000	0.000000	0.000000
24	U	11841	5633464	4837901	0.002448	675	368	5633464	0	0	0	nan	0	0	0	0	0	0	nan	0	0	0	0.002448	0.000022	0.002448	0.000022	0.527700	0.004742
25	G	3848	5642042	4909211	0.000784	675	368	5642042	0	0	0	nan	0	0	0	0	0	0	nan	0	0	0	0.000784	0.000013	0.000784	0.000013	0.229307	0.003802
26	A	72810	5658373	5103732	0.014266	675	368	5658287	0	0	0	nan	0	0	0	0	0	0	nan	0	0	0	0.014266	0.000053	0.014266	0.000053	1.049878	0.003900
27	A	75071	5663230	4911999	0.015283	675	368	5663086	0	0	0	nan	0	0	0	0	0	0	nan	0	0	0	0.015283	0.000056	0.015283	0.000056	1.124722	0.004121
28	C	79702	5664866	4725125	0.016868	675	368	5664655	0	0	0	nan	0	0	0	0	0	0	nan	0	0	0	0.016868	0.000060	0.016868	0.000060	1.134078	0.004034
29	U	15812	5667509	4670394	0.003386	675	368	5667285	0	0	0	nan	0	0	0	0	0	0	nan	0	0	0	0.003386	0.000027	0.003386	0.000027	0.729899	0.005820
30	U	8373	5670960	4700770	0.001781	680	368	5670724	0	0	0	nan	0	0	0	0	0	0	nan	0	0	0	0.001781	0.000019	0.001781	0.000019	0.383919	0.004096
31	U	7427	5675053	4616769	0.001609	681	368	5674791	0	0	0	nan	0	0	0	0	0	0	nan	0	0	0	0.001609	0.000019	0.001609	0.000019	0.346842	0.004096
32	U	27850	5678983	4697620	0.005929	681	368	5678705	0	0	0	nan	0	0	0	0	0	0	nan	0	0	0	0.005929	0.000036	0.005929	0.000036	1.278077	0.007760
33	G	3504	5725744	4807610	0.000729	681	369	5725443	0	0	0	nan	0	0	0	0	0	0	nan	0	0	0	0.000729	0.000012	0.000729	0.000012	0.213220	0.003510
34	A	45296	5760796	5312461	0.008526	681	369	5760537	0	0	0	nan	0	0	0	0	0	0	nan	0	0	0	0.008526	0.000040	0.008526	0.000040	0.627454	0.002944
35	A	46548	5775905	5320899	0.008748	681	369	5775650	0	0	0	nan	0	0	0	0	0	0	nan	0	0	0	0.008748	0.000041	0.008748	0.000041	0.643792	0.003017
36	U	3689	5779573	5281846	0.000698	681	369	5779313	0	0	0	nan	0	0	0	0	0	0	nan	0	0	0	0.000698	0.000011	0.000698	0.000011	0.150463	0.002371
37	A	88228	5782793	4955091	0.017806	681	369	5782519	0	0	0	nan	0	0	0	0	0	0	nan	0	0	0	0.017806	0.000060	0.017806	0.000060	1.310397	0.004416
38	G	8753	5783882	4847380	0.001806	690	369	5783609	0	0	0	nan	0	0	0	0	0	0	nan	0	0	0	0.001806	0.000019	0.001806	0.000019	0.528225	0.005557
39	U	7165	5786121	4792311	0.001495	690	369	5785842	0	0	0	nan	0	0	0	0	0	0	nan	0	0	0	0.001495	0.000018	0.001495	0.000018	0.322268	0.003880
40	G	6459	5789075	4929252	0.001310	690	369	5788785	0	0	0	nan	0	0	0	0	0	0	nan	0	0	0	0.001310	0.000016	0.001310	0.000016	0.383153	0.004680
41	A	56875	5801896	4922134	0.011555	690	369	5801600	0	0	0	nan	0	0	0	0	0	0	nan	0	0	0	0.011555	0.000048	0.011555	0.000048	0.850367	0.003532
42	U	21002	5805466	4864681	0.004317	691	369	5805169	0	0	0	nan	0	0	0	0	0	0	nan	0	0	0	0.004317	0.000030	0.004317	0.000030	0.930588	0.006467
43	U	8779	5813015	4822900	0.001820	694	369	5812711	0	0	0	nan	0	0	0	0	0	0	nan	0	0	0	0.001820	0.000019	0.001820	0.000019	0.392326	0.004096
44	C	42786	5825545	4812237	0.008891	691	369	5825237	0	0	0	nan	0	0	0	0	0	0	nan	0	0	0	0.008891	0.000043	0.008891	0.000043	0.597765	0.002891
45	A	41585	5835234	4770257	0.008718	686	369	5834907	0	0	0	nan	0	0	0	0	0	0	nan	0	0	0	0.008718	0.000043	0.008718	0.000043	0.641584	0.003164
46	G	4012	5841418	4576166	0.000877	681	369	5841091	0	0	0	nan	0	0	0	0	0	0	nan	0	0	0	0.000877	0.000014	0.000877	0.000014	0.256508	0.004095
47	G	15944	5855310	4663039	0.003419	678	369	5854983	0	0	0	nan	0	0	0	0	0	0	nan	0	0	0	0.003419	0.000027	0.003419	0.000027	1.000000	0.007897
48	A	45604	5891779	4585344	0.009946	675	369	5891461	0	0	0	nan	0	0	0	0	0	0	nan	0	0	0	0.009946	0.000047	0.009946	0.000047	0.731956	0.003459
49	G	37399	5899672	4794150	0.007801	674	369	5899384	0	0	0	nan	0	0	0	0	0	0	nan	0	0	0	0.007801	0.000040	0.007801	0.000040	2.281661	0.011699
50	G	3666	5926333	4607380	0.000796	674	369	5926177	0	0	0	nan	0	0	0	0	0	0	nan	0	0	0	0.000796	0.000013	0.000796	0.000013	0.232817	0.003802
51	U	22399	5935060	4828034	0.004639	674	369	5934948	0	0	0	nan	0	0	0	0	0	0	nan	0	0	0	0.004639	0.000031	0.004639	0.000031	1.000000	0.006682
52	U	17336	5948604	4841461	0.003581	674	369	5948508	0	0	0	nan	0	0	0	0	0	0	nan	0	0	0	0.003581	0.000027	0.003581	0.000027	0.771934	0.005820
53	A	33752	5961088	5201941	0.006488	674	369	5961005	0	0	0	nan	0	0	0	0	0	0	nan	0	0	0	0.006488	0.000035	0.006488	0.000035	0.477471	0.002576
54	A	40710	5970553	5263980	0.007734	673	369	5970505	0	0	0	nan	0	0	0	0	0	0	nan	0	0	0	0.007734	0.000038	0.007734	0.000038	0.569168	0.002797
55	U	18283	5972081	5036374	0.003630	670	369	5972044	0	0	0	nan	0	0	0	0	0	0	nan	0	0	0	0.003630	0.000027	0.003630	0.000027	0.782496	0.005820
56	G	6672	5974859	4744580	0.001406	667	369	5974830	0	0	0	nan	0	0	0	0	0	0	nan	0	0	0	0.001406	0.000017	0.001406	0.000017	0.411231	0.004972
57	G	0	5977526	4883249	0.000000	667	369	5977506	0	0	0	nan	0	0	0	0	0	0	nan	0	0	0	0.000000	0.000000	0.000000	0.000000	0.000000	0.000000
58	A	0	5982379	70	0.000000	663	369	5982379	0	0	0	nan	0	0	0	0	0	0	nan	0	0	0	0.000000	0.000000	nan	nan	nan	nan
59	A	0	5982302	78	0.000000	663	369	5982302	0	0	0	nan	0	0	0	0	0	0	nan	0	0	0	0.000000	0.000000	nan	nan	nan	nan
60	G	0	5982214	38	0.000000	663	369	5982214	0	0	0	nan	0	0	0	0	0	0	nan	0	0	0	0.000000	0.000000	nan	nan	nan	nan
61	u	0	5982129	0	nan	662	369	5982129	0	0	0	nan	0	0	0	0	0	0	nan	0	0	0	nan	nan	nan	nan	nan	nan
62	a	0	5981949	0	nan	648	369	5981949	0	0	0	nan	0	0	0	0	0	0	nan	0	0	0	nan	nan	nan	nan	nan	nan
63	a	0	5981874	0	nan	641	369	5981874	0	0	0	nan	0	0	0	0	0	0	nan	0	0	0	nan	nan	nan	nan	nan	nan
64	a	0	5981844	0	nan	640	369	5981844	0	0	0	nan	0	0	0	0	0	0	nan	0	0	0	nan	nan	nan	nan	nan	nan
65	g	0	5981808	0	nan	639	367	5981808	0	0	0	nan	0	0	0	0	0	0	nan	0	0	0	nan	nan	nan	nan	nan	nan
66	g	0	5981790	0	nan	639	367	5981790	0	0	0	nan	0	0	0	0	0	0	nan	0	0	0	nan	nan	nan	nan	nan	nan
67	u	0	5981775	0	nan	639	364	5981775	0	0	0	nan	0	0	0	0	0	0	nan	0	0	0	nan	nan	nan	nan	nan	nan
68	a	0	5981745	0	nan	638	362	5981745	0	0	0	nan	0	0	0	0	0	0	nan	0	0	0	nan	nan	nan	nan	nan	nan
69	a	0	5981736	0	nan	635	362	5981736	0	0	0	nan	0	0	0	0	0	0	nan	0	0	0	nan	nan	nan	nan	nan	nan
70	u	0	5981709	0	nan	632	360	5981709	0	0	0	nan	0	0	0	0	0	0	nan	0	0	0	nan	nan	nan	nan	nan	nan
71	g	0	5981628	0	nan	627	360	5981628	0	0	0	nan	0	0	0	0	0	0	nan	0	0	0	nan	nan	nan	nan	nan	nan
72	a	0	5981497	0	nan	607	360	5981497	0	0	0	nan	0	0	0	0	0	0	nan	0	0	0	nan	nan	nan	nan	nan	nan
73	a	0	5981457	0	nan	601	360	5981457	0	0	0	nan	0	0	0	0	0	0	nan	0	0	0	nan	nan	nan	nan	nan	nan
74	g	0	5981414	0	nan	598	353	5981414	0	0	0	nan	0	0	0	0	0	0	nan	0	0	0	nan	nan	nan	nan	nan	nan
75	g	0	5981357	0	nan	595	350	5981357	0	0	0	nan	0	0	0	0	0	0	nan	0	0	0	nan	nan	nan	nan	nan	nan
76	u	0	5981287	0	nan	592	349	5981287	0	0	0	nan	0	0	0	0	0	0	nan	0	0	0	nan	nan	nan	nan	nan	nan
77	g	0	5981216	0	nan	592	344	5981216	0	0	0	nan	0	0	0	0	0	0	nan	0	0	0	nan	nan	nan	nan	nan	nan
78	a	0	5981080	0	nan	566	344	5981080	0	0	0	nan	0	0	0	0	0	0	nan	0	0	0	nan	nan	nan	nan	nan	nan
79	a	0	5977659	0	nan	558	343	5977659	0	0	0	nan	0	0	0	0	0	0	nan	0	0	0	nan	nan	nan	nan	nan	nan
80	g	0	5975278	0	nan	555	335	5975278	0	0	0	nan	0	0	0	0	0	0	nan	0	0	0	nan	nan	nan	nan	nan	nan