Nucleotide	Sequence	Modified_mutations	Modified_read_depth	Modified_effective_depth	Modified_rate	Modified_off_target_mapped_depth	Modified_low_mapq_mapped_depth	Modified_primer_pair_1_mapped_depth	Untreated_mutations	Untreated_read_depth	Untreated_effective_depth	Untreated_rate	Untreated_off_target_mapped_depth	Untreated_low_mapq_mapped_depth	Untreated_primer_pair_1_mapped_depth	Denatured_mutations	Denatured_read_depth	Denatured_effective_depth	Denatured_rate	Denatured_off_target_mapped_depth	Denatured_low_mapq_mapped_depth	Denatured_primer_pair_1_mapped_depth	Reactivity_profile	Std_err	HQ_profile	HQ_stderr	Norm_profile	Norm_stderr
1	g	0	49807	0	nan	3	5	49807	0	0	0	nan	0	0	0	0	0	0	nan	0	0	0	nan	nan	nan	nan	nan	nan
2	g	0	49848	0	nan	3	5	49848	0	0	0	nan	0	0	0	0	0	0	nan	0	0	0	nan	nan	nan	nan	nan	nan
3	u	0	49867	0	nan	3	5	49867	0	0	0	nan	0	0	0	0	0	0	nan	0	0	0	nan	nan	nan	nan	nan	nan
4	g	0	49891	0	nan	3	5	49891	0	0	0	nan	0	0	0	0	0	0	nan	0	0	0	nan	nan	nan	nan	nan	nan
5	u	0	49937	0	nan	3	5	49937	0	0	0	nan	0	0	0	0	0	0	nan	0	0	0	nan	nan	nan	nan	nan	nan
6	a	0	49968	0	nan	3	5	49968	0	0	0	nan	0	0	0	0	0	0	nan	0	0	0	nan	nan	nan	nan	nan	nan
7	a	0	50047	0	nan	3	5	50047	0	0	0	nan	0	0	0	0	0	0	nan	0	0	0	nan	nan	nan	nan	nan	nan
8	g	0	50266	0	nan	3	5	50266	0	0	0	nan	0	0	0	0	0	0	nan	0	0	0	nan	nan	nan	nan	nan	nan
9	g	0	52324	0	nan	3	5	52324	0	0	0	nan	0	0	0	0	0	0	nan	0	0	0	nan	nan	nan	nan	nan	nan
10	g	0	205374	0	nan	3	5	205374	0	0	0	nan	0	0	0	0	0	0	nan	0	0	0	nan	nan	nan	nan	nan	nan
11	u	0	217197	0	nan	3	5	217197	0	0	0	nan	0	0	0	0	0	0	nan	0	0	0	nan	nan	nan	nan	nan	nan
12	g	0	217863	0	nan	3	5	217863	0	0	0	nan	0	0	0	0	0	0	nan	0	0	0	nan	nan	nan	nan	nan	nan
13	a	0	217923	0	nan	3	5	217923	0	0	0	nan	0	0	0	0	0	0	nan	0	0	0	nan	nan	nan	nan	nan	nan
14	a	0	217950	0	nan	3	5	217950	0	0	0	nan	0	0	0	0	0	0	nan	0	0	0	nan	nan	nan	nan	nan	nan
15	g	0	217973	0	nan	6	5	217973	0	0	0	nan	0	0	0	0	0	0	nan	0	0	0	nan	nan	nan	nan	nan	nan
16	u	0	217991	0	nan	6	5	217991	0	0	0	nan	0	0	0	0	0	0	nan	0	0	0	nan	nan	nan	nan	nan	nan
17	g	0	218022	0	nan	6	5	218022	0	0	0	nan	0	0	0	0	0	0	nan	0	0	0	nan	nan	nan	nan	nan	nan
18	u	0	218034	0	nan	6	5	218034	0	0	0	nan	0	0	0	0	0	0	nan	0	0	0	nan	nan	nan	nan	nan	nan
19	a	0	218145	0	nan	6	5	218145	0	0	0	nan	0	0	0	0	0	0	nan	0	0	0	nan	nan	nan	nan	nan	nan
20	A	0	218211	27	0.000000	6	6	218211	0	0	0	nan	0	0	0	0	0	0	nan	0	0	0	0.000000	0.000000	nan	nan	nan	nan
21	G	0	218307	72	0.000000	6	6	218307	0	0	0	nan	0	0	0	0	0	0	nan	0	0	0	0.000000	0.000000	nan	nan	nan	nan
22	G	0	218334	74	0.000000	6	6	218334	0	0	0	nan	0	0	0	0	0	0	nan	0	0	0	0.000000	0.000000	nan	nan	nan	nan
23	U	0	218354	215361	0.000000	6	6	218354	0	0	0	nan	0	0	0	0	0	0	nan	0	0	0	0.000000	0.000000	0.000000	0.000000	nan	nan
24	U	366	218361	215100	0.001702	6	6	218361	0	0	0	nan	0	0	0	0	0	0	nan	0	0	0	0.001702	0.000089	0.001702	0.000089	nan	nan
25	G	442	218368	212589	0.002079	6	6	218368	0	0	0	nan	0	0	0	0	0	0	nan	0	0	0	0.002079	0.000099	0.002079	0.000099	0.903913	0.043043
26	A	8140	218370	207407	0.039247	6	4	218319	0	0	0	nan	0	0	0	0	0	0	nan	0	0	0	0.039247	0.000435	0.039247	0.000435	0.992439	0.011000
27	C	16717	218382	205836	0.081215	6	1	218318	0	0	0	nan	0	0	0	0	0	0	nan	0	0	0	0.081215	0.000628	0.081215	0.000628	1.217406	0.009414
28	C	6909	218397	207961	0.033223	6	1	218334	0	0	0	nan	0	0	0	0	0	0	nan	0	0	0	0.033223	0.000400	0.033223	0.000400	0.498010	0.005996
29	U	213	218518	212189	0.001004	6	1	218468	0	0	0	nan	0	0	0	0	0	0	nan	0	0	0	0.001004	0.000069	0.001004	0.000069	nan	nan
30	U	270	218545	213577	0.001264	6	1	218500	0	0	0	nan	0	0	0	0	0	0	nan	0	0	0	0.001264	0.000077	0.001264	0.000077	nan	nan
31	U	350	218563	214290	0.001633	6	1	218519	0	0	0	nan	0	0	0	0	0	0	nan	0	0	0	0.001633	0.000087	0.001633	0.000087	nan	nan
32	U	270	218622	215267	0.001254	6	1	218581	0	0	0	nan	0	0	0	0	0	0	nan	0	0	0	0.001254	0.000076	0.001254	0.000076	nan	nan
33	G	436	218656	212937	0.002048	6	2	218614	0	0	0	nan	0	0	0	0	0	0	nan	0	0	0	0.002048	0.000098	0.002048	0.000098	0.890435	0.042609
34	A	8458	218684	212117	0.039874	6	2	218642	0	0	0	nan	0	0	0	0	0	0	nan	0	0	0	0.039874	0.000434	0.039874	0.000434	1.008294	0.010975
35	A	6723	218695	211117	0.031845	6	2	218655	0	0	0	nan	0	0	0	0	0	0	nan	0	0	0	0.031845	0.000388	0.031845	0.000388	0.805265	0.009811
36	U	252	218721	211128	0.001194	6	2	218681	0	0	0	nan	0	0	0	0	0	0	nan	0	0	0	0.001194	0.000075	0.001194	0.000075	nan	nan
37	A	7897	218756	212294	0.037198	6	4	218717	0	0	0	nan	0	0	0	0	0	0	nan	0	0	0	0.037198	0.000419	0.037198	0.000419	0.940626	0.010595
38	G	319	218784	211277	0.001510	6	5	218750	0	0	0	nan	0	0	0	0	0	0	nan	0	0	0	0.001510	0.000085	0.001510	0.000085	0.656522	0.036957
39	U	344	218801	214570	0.001603	6	9	218773	0	0	0	nan	0	0	0	0	0	0	nan	0	0	0	0.001603	0.000086	0.001603	0.000086	nan	nan
40	G	488	218822	212154	0.002300	6	9	218796	0	0	0	nan	0	0	0	0	0	0	nan	0	0	0	0.002300	0.000104	0.002300	0.000104	1.000000	0.045217
41	A	8922	218847	212733	0.041940	6	9	218823	0	0	0	nan	0	0	0	0	0	0	nan	0	0	0	0.041940	0.000444	0.041940	0.000444	1.060537	0.011227
42	U	402	218896	211962	0.001897	4	9	218875	0	0	0	nan	0	0	0	0	0	0	nan	0	0	0	0.001897	0.000095	0.001897	0.000095	nan	nan
43	U	401	218920	212159	0.001890	4	9	218901	0	0	0	nan	0	0	0	0	0	0	nan	0	0	0	0.001890	0.000094	0.001890	0.000094	nan	nan
44	C	11003	218936	210752	0.052208	4	9	218917	0	0	0	nan	0	0	0	0	0	0	nan	0	0	0	0.052208	0.000498	0.052208	0.000498	0.782594	0.007465
45	A	8370	218968	211650	0.039546	4	9	218952	0	0	0	nan	0	0	0	0	0	0	nan	0	0	0	0.039546	0.000432	0.039546	0.000432	1.000000	0.010924
46	G	484	219011	212829	0.002274	4	9	219000	0	0	0	nan	0	0	0	0	0	0	nan	0	0	0	0.002274	0.000103	0.002274	0.000103	0.988696	0.044783
47	G	436	219031	212681	0.002050	4	9	219020	0	0	0	nan	0	0	0	0	0	0	nan	0	0	0	0.002050	0.000098	0.002050	0.000098	0.891304	0.042609
48	A	7969	219033	213503	0.037325	4	9	219023	0	0	0	nan	0	0	0	0	0	0	nan	0	0	0	0.037325	0.000418	0.037325	0.000418	0.943838	0.010570
49	G	872	219102	213125	0.004091	4	9	219100	0	0	0	nan	0	0	0	0	0	0	nan	0	0	0	0.004091	0.000139	0.004091	0.000139	1.778696	0.060435
50	G	352	219124	214087	0.001644	4	9	219123	0	0	0	nan	0	0	0	0	0	0	nan	0	0	0	0.001644	0.000088	0.001644	0.000088	0.714783	0.038261
51	U	261	219134	214730	0.001215	4	9	219134	0	0	0	nan	0	0	0	0	0	0	nan	0	0	0	0.001215	0.000075	0.001215	0.000075	nan	nan
52	U	378	219137	213552	0.001770	4	9	219137	0	0	0	nan	0	0	0	0	0	0	nan	0	0	0	0.001770	0.000091	0.001770	0.000091	nan	nan
53	A	7620	219141	213987	0.035610	4	9	219141	0	0	0	nan	0	0	0	0	0	0	nan	0	0	0	0.035610	0.000408	0.035610	0.000408	0.900470	0.010317
54	A	5793	219139	214573	0.026998	4	9	219135	0	0	0	nan	0	0	0	0	0	0	nan	0	0	0	0.026998	0.000355	0.026998	0.000355	0.682699	0.008977
55	U	498	219143	215768	0.002308	4	9	219141	0	0	0	nan	0	0	0	0	0	0	nan	0	0	0	0.002308	0.000103	0.002308	0.000103	nan	nan
56	G	550	219144	216207	0.002544	4	9	219142	0	0	0	nan	0	0	0	0	0	0	nan	0	0	0	0.002544	0.000108	0.002544	0.000108	1.106087	0.046957
57	G	0	219146	214841	0.000000	4	9	219144	0	0	0	nan	0	0	0	0	0	0	nan	0	0	0	0.000000	0.000000	0.000000	0.000000	0.000000	0.000000
58	A	0	219149	0	nan	4	9	219149	0	0	0	nan	0	0	0	0	0	0	nan	0	0	0	nan	nan	nan	nan	nan	nan
59	A	0	219149	0	nan	4	9	219149	0	0	0	nan	0	0	0	0	0	0	nan	0	0	0	nan	nan	nan	nan	nan	nan
60	G	0	219149	0	nan	4	9	219149	0	0	0	nan	0	0	0	0	0	0	nan	0	0	0	nan	nan	nan	nan	nan	nan
61	u	0	219149	0	nan	4	9	219149	0	0	0	nan	0	0	0	0	0	0	nan	0	0	0	nan	nan	nan	nan	nan	nan
62	a	0	219149	0	nan	4	9	219149	0	0	0	nan	0	0	0	0	0	0	nan	0	0	0	nan	nan	nan	nan	nan	nan
63	a	0	219149	0	nan	4	9	219149	0	0	0	nan	0	0	0	0	0	0	nan	0	0	0	nan	nan	nan	nan	nan	nan
64	a	0	219149	0	nan	4	9	219149	0	0	0	nan	0	0	0	0	0	0	nan	0	0	0	nan	nan	nan	nan	nan	nan
65	g	0	219149	0	nan	4	9	219149	0	0	0	nan	0	0	0	0	0	0	nan	0	0	0	nan	nan	nan	nan	nan	nan
66	g	0	219149	0	nan	4	9	219149	0	0	0	nan	0	0	0	0	0	0	nan	0	0	0	nan	nan	nan	nan	nan	nan
67	u	0	219149	0	nan	4	9	219149	0	0	0	nan	0	0	0	0	0	0	nan	0	0	0	nan	nan	nan	nan	nan	nan
68	a	0	219149	0	nan	4	9	219149	0	0	0	nan	0	0	0	0	0	0	nan	0	0	0	nan	nan	nan	nan	nan	nan
69	a	0	219149	0	nan	4	9	219149	0	0	0	nan	0	0	0	0	0	0	nan	0	0	0	nan	nan	nan	nan	nan	nan
70	u	0	219149	0	nan	3	9	219149	0	0	0	nan	0	0	0	0	0	0	nan	0	0	0	nan	nan	nan	nan	nan	nan
71	g	0	219149	0	nan	3	9	219149	0	0	0	nan	0	0	0	0	0	0	nan	0	0	0	nan	nan	nan	nan	nan	nan
72	a	0	219149	0	nan	3	9	219149	0	0	0	nan	0	0	0	0	0	0	nan	0	0	0	nan	nan	nan	nan	nan	nan
73	a	0	219149	0	nan	3	9	219149	0	0	0	nan	0	0	0	0	0	0	nan	0	0	0	nan	nan	nan	nan	nan	nan
74	g	0	219149	0	nan	3	9	219149	0	0	0	nan	0	0	0	0	0	0	nan	0	0	0	nan	nan	nan	nan	nan	nan
75	g	0	219148	0	nan	3	9	219148	0	0	0	nan	0	0	0	0	0	0	nan	0	0	0	nan	nan	nan	nan	nan	nan
76	u	0	219143	0	nan	3	9	219143	0	0	0	nan	0	0	0	0	0	0	nan	0	0	0	nan	nan	nan	nan	nan	nan
77	g	0	219139	0	nan	3	9	219139	0	0	0	nan	0	0	0	0	0	0	nan	0	0	0	nan	nan	nan	nan	nan	nan
78	a	0	219137	0	nan	3	9	219137	0	0	0	nan	0	0	0	0	0	0	nan	0	0	0	nan	nan	nan	nan	nan	nan
79	a	0	219093	0	nan	3	9	219093	0	0	0	nan	0	0	0	0	0	0	nan	0	0	0	nan	nan	nan	nan	nan	nan
80	g	0	219002	0	nan	3	9	219002	0	0	0	nan	0	0	0	0	0	0	nan	0	0	0	nan	nan	nan	nan	nan	nan