Nucleotide	Sequence	Modified_mutations	Modified_read_depth	Modified_effective_depth	Modified_rate	Modified_off_target_mapped_depth	Modified_low_mapq_mapped_depth	Modified_primer_pair_1_mapped_depth	Untreated_mutations	Untreated_read_depth	Untreated_effective_depth	Untreated_rate	Untreated_off_target_mapped_depth	Untreated_low_mapq_mapped_depth	Untreated_primer_pair_1_mapped_depth	Denatured_mutations	Denatured_read_depth	Denatured_effective_depth	Denatured_rate	Denatured_off_target_mapped_depth	Denatured_low_mapq_mapped_depth	Denatured_primer_pair_1_mapped_depth	Reactivity_profile	Std_err	HQ_profile	HQ_stderr	Norm_profile	Norm_stderr
1	g	0	211770	0	nan	1	7	211770	0	0	0	nan	0	0	0	0	0	0	nan	0	0	0	nan	nan	nan	nan	nan	nan
2	g	0	211938	0	nan	1	7	211938	0	0	0	nan	0	0	0	0	0	0	nan	0	0	0	nan	nan	nan	nan	nan	nan
3	u	0	212027	0	nan	1	7	212027	0	0	0	nan	0	0	0	0	0	0	nan	0	0	0	nan	nan	nan	nan	nan	nan
4	g	0	212054	0	nan	1	7	212054	0	0	0	nan	0	0	0	0	0	0	nan	0	0	0	nan	nan	nan	nan	nan	nan
5	u	0	212069	0	nan	1	7	212069	0	0	0	nan	0	0	0	0	0	0	nan	0	0	0	nan	nan	nan	nan	nan	nan
6	a	0	212070	0	nan	1	7	212070	0	0	0	nan	0	0	0	0	0	0	nan	0	0	0	nan	nan	nan	nan	nan	nan
7	a	0	212070	0	nan	1	7	212070	0	0	0	nan	0	0	0	0	0	0	nan	0	0	0	nan	nan	nan	nan	nan	nan
8	g	0	212072	0	nan	1	7	212072	0	0	0	nan	0	0	0	0	0	0	nan	0	0	0	nan	nan	nan	nan	nan	nan
9	g	0	212093	0	nan	1	7	212093	0	0	0	nan	0	0	0	0	0	0	nan	0	0	0	nan	nan	nan	nan	nan	nan
10	g	0	213330	0	nan	1	7	213330	0	0	0	nan	0	0	0	0	0	0	nan	0	0	0	nan	nan	nan	nan	nan	nan
11	u	0	213355	0	nan	1	7	213355	0	0	0	nan	0	0	0	0	0	0	nan	0	0	0	nan	nan	nan	nan	nan	nan
12	g	0	213370	0	nan	1	7	213370	0	0	0	nan	0	0	0	0	0	0	nan	0	0	0	nan	nan	nan	nan	nan	nan
13	a	0	213370	0	nan	1	7	213370	0	0	0	nan	0	0	0	0	0	0	nan	0	0	0	nan	nan	nan	nan	nan	nan
14	a	0	213370	0	nan	1	7	213370	0	0	0	nan	0	0	0	0	0	0	nan	0	0	0	nan	nan	nan	nan	nan	nan
15	g	0	213370	0	nan	21	7	213370	0	0	0	nan	0	0	0	0	0	0	nan	0	0	0	nan	nan	nan	nan	nan	nan
16	u	0	213371	0	nan	21	7	213371	0	0	0	nan	0	0	0	0	0	0	nan	0	0	0	nan	nan	nan	nan	nan	nan
17	g	0	213371	0	nan	21	7	213371	0	0	0	nan	0	0	0	0	0	0	nan	0	0	0	nan	nan	nan	nan	nan	nan
18	u	0	213372	0	nan	21	7	213372	0	0	0	nan	0	0	0	0	0	0	nan	0	0	0	nan	nan	nan	nan	nan	nan
19	a	0	213378	0	nan	21	7	213378	0	0	0	nan	0	0	0	0	0	0	nan	0	0	0	nan	nan	nan	nan	nan	nan
20	A	0	213386	6	0.000000	21	7	213386	0	0	0	nan	0	0	0	0	0	0	nan	0	0	0	0.000000	0.000000	nan	nan	nan	nan
21	G	0	213391	10	0.000000	21	7	213391	0	0	0	nan	0	0	0	0	0	0	nan	0	0	0	0.000000	0.000000	nan	nan	nan	nan
22	G	0	213391	11	0.000000	21	7	213391	0	0	0	nan	0	0	0	0	0	0	nan	0	0	0	0.000000	0.000000	nan	nan	nan	nan
23	U	0	213401	213140	0.000000	21	7	213401	0	0	0	nan	0	0	0	0	0	0	nan	0	0	0	0.000000	0.000000	0.000000	0.000000	0.000000	0.000000
24	U	415	213410	213090	0.001948	21	7	213410	0	0	0	nan	0	0	0	0	0	0	nan	0	0	0	0.001948	0.000096	0.001948	0.000096	0.690780	0.034043
25	G	112	213410	212335	0.000527	21	7	213410	0	0	0	nan	0	0	0	0	0	0	nan	0	0	0	0.000527	0.000050	0.000527	0.000050	nan	nan
26	A	5133	213411	212559	0.024149	21	7	213411	0	0	0	nan	0	0	0	0	0	0	nan	0	0	0	0.024149	0.000337	0.024149	0.000337	0.974565	0.013600
27	A	4839	213411	212415	0.022781	21	7	213411	0	0	0	nan	0	0	0	0	0	0	nan	0	0	0	0.022781	0.000327	0.022781	0.000327	0.919358	0.013197
28	C	6045	213412	211617	0.028566	21	7	213412	0	0	0	nan	0	0	0	0	0	0	nan	0	0	0	0.028566	0.000367	0.028566	0.000367	0.901342	0.011580
29	U	341	213411	212456	0.001605	21	7	213411	0	0	0	nan	0	0	0	0	0	0	nan	0	0	0	0.001605	0.000087	0.001605	0.000087	0.569149	0.030851
30	U	421	213411	212669	0.001980	21	7	213411	0	0	0	nan	0	0	0	0	0	0	nan	0	0	0	0.001980	0.000096	0.001980	0.000096	0.702128	0.034043
31	U	600	213411	212737	0.002820	21	7	213408	0	0	0	nan	0	0	0	0	0	0	nan	0	0	0	0.002820	0.000115	0.002820	0.000115	1.000000	0.040780
32	U	387	213415	212670	0.001820	21	7	213387	0	0	0	nan	0	0	0	0	0	0	nan	0	0	0	0.001820	0.000093	0.001820	0.000093	0.645390	0.032979
33	G	162	213428	211790	0.000765	21	7	213383	0	0	0	nan	0	0	0	0	0	0	nan	0	0	0	0.000765	0.000060	0.000765	0.000060	nan	nan
34	A	5167	213437	212292	0.024339	21	7	213382	0	0	0	nan	0	0	0	0	0	0	nan	0	0	0	0.024339	0.000339	0.024339	0.000339	0.982233	0.013681
35	A	4386	213438	212204	0.020669	21	7	213382	0	0	0	nan	0	0	0	0	0	0	nan	0	0	0	0.020669	0.000312	0.020669	0.000312	0.834125	0.012591
36	U	351	213440	212139	0.001655	21	7	213386	0	0	0	nan	0	0	0	0	0	0	nan	0	0	0	0.001655	0.000088	0.001655	0.000088	0.586879	0.031206
37	A	4453	213444	212208	0.020984	21	7	213393	0	0	0	nan	0	0	0	0	0	0	nan	0	0	0	0.020984	0.000314	0.020984	0.000314	0.846838	0.012672
38	G	182	213463	210920	0.000863	21	7	213435	0	0	0	nan	0	0	0	0	0	0	nan	0	0	0	0.000863	0.000064	0.000863	0.000064	nan	nan
39	U	458	213465	212520	0.002155	21	7	213438	0	0	0	nan	0	0	0	0	0	0	nan	0	0	0	0.002155	0.000101	0.002155	0.000101	0.764184	0.035816
40	G	237	213469	211774	0.001119	21	7	213443	0	0	0	nan	0	0	0	0	0	0	nan	0	0	0	0.001119	0.000073	0.001119	0.000073	nan	nan
41	A	5745	213472	212160	0.027079	21	7	213447	0	0	0	nan	0	0	0	0	0	0	nan	0	0	0	0.027079	0.000357	0.027079	0.000357	1.092810	0.014407
42	U	621	213476	212130	0.002927	21	7	213459	0	0	0	nan	0	0	0	0	0	0	nan	0	0	0	0.002927	0.000117	0.002927	0.000117	1.037943	0.041489
43	U	538	213477	212166	0.002536	21	7	213462	0	0	0	nan	0	0	0	0	0	0	nan	0	0	0	0.002536	0.000109	0.002536	0.000109	0.899291	0.038652
44	C	6933	213492	211791	0.032735	21	7	213478	0	0	0	nan	0	0	0	0	0	0	nan	0	0	0	0.032735	0.000393	0.032735	0.000393	1.032886	0.012400
45	A	5489	213501	211866	0.025908	21	7	213485	0	0	0	nan	0	0	0	0	0	0	nan	0	0	0	0.025908	0.000350	0.025908	0.000350	1.045552	0.014125
46	G	206	213519	211229	0.000975	21	7	213507	0	0	0	nan	0	0	0	0	0	0	nan	0	0	0	0.000975	0.000068	0.000975	0.000068	nan	nan
47	G	186	213520	211257	0.000880	21	7	213510	0	0	0	nan	0	0	0	0	0	0	nan	0	0	0	0.000880	0.000065	0.000880	0.000065	nan	nan
48	A	5288	213521	212144	0.024926	21	7	213511	0	0	0	nan	0	0	0	0	0	0	nan	0	0	0	0.024926	0.000343	0.024926	0.000343	1.005922	0.013842
49	G	214	213522	211664	0.001011	21	7	213515	0	0	0	nan	0	0	0	0	0	0	nan	0	0	0	0.001011	0.000069	0.001011	0.000069	nan	nan
50	G	229	213525	211616	0.001082	21	7	213519	0	0	0	nan	0	0	0	0	0	0	nan	0	0	0	0.001082	0.000072	0.001082	0.000072	nan	nan
51	U	465	213530	212430	0.002189	21	7	213524	0	0	0	nan	0	0	0	0	0	0	nan	0	0	0	0.002189	0.000102	0.002189	0.000102	0.776241	0.036170
52	U	438	213532	212101	0.002065	21	7	213529	0	0	0	nan	0	0	0	0	0	0	nan	0	0	0	0.002065	0.000099	0.002065	0.000099	0.732270	0.035106
53	A	4944	213525	211538	0.023372	21	7	213522	0	0	0	nan	0	0	0	0	0	0	nan	0	0	0	0.023372	0.000332	0.023372	0.000332	0.943209	0.013398
54	A	4283	213388	211373	0.020263	21	7	213379	0	0	0	nan	0	0	0	0	0	0	nan	0	0	0	0.020263	0.000310	0.020263	0.000310	0.817741	0.012510
55	U	551	213394	211309	0.002608	21	7	213388	0	0	0	nan	0	0	0	0	0	0	nan	0	0	0	0.002608	0.000111	0.002608	0.000111	0.924823	0.039362
56	G	311	213407	211101	0.001473	21	7	213404	0	0	0	nan	0	0	0	0	0	0	nan	0	0	0	0.001473	0.000084	0.001473	0.000084	nan	nan
57	G	0	213425	210932	0.000000	21	7	213424	0	0	0	nan	0	0	0	0	0	0	nan	0	0	0	0.000000	0.000000	0.000000	0.000000	nan	nan
58	A	0	213434	0	nan	21	7	213434	0	0	0	nan	0	0	0	0	0	0	nan	0	0	0	nan	nan	nan	nan	nan	nan
59	A	0	213434	0	nan	21	7	213434	0	0	0	nan	0	0	0	0	0	0	nan	0	0	0	nan	nan	nan	nan	nan	nan
60	G	0	213434	0	nan	21	7	213434	0	0	0	nan	0	0	0	0	0	0	nan	0	0	0	nan	nan	nan	nan	nan	nan
61	u	0	213433	0	nan	21	7	213433	0	0	0	nan	0	0	0	0	0	0	nan	0	0	0	nan	nan	nan	nan	nan	nan
62	a	0	213433	0	nan	21	7	213433	0	0	0	nan	0	0	0	0	0	0	nan	0	0	0	nan	nan	nan	nan	nan	nan
63	a	0	213433	0	nan	21	7	213433	0	0	0	nan	0	0	0	0	0	0	nan	0	0	0	nan	nan	nan	nan	nan	nan
64	a	0	213433	0	nan	20	7	213433	0	0	0	nan	0	0	0	0	0	0	nan	0	0	0	nan	nan	nan	nan	nan	nan
65	g	0	213433	0	nan	20	7	213433	0	0	0	nan	0	0	0	0	0	0	nan	0	0	0	nan	nan	nan	nan	nan	nan
66	g	0	213433	0	nan	20	7	213433	0	0	0	nan	0	0	0	0	0	0	nan	0	0	0	nan	nan	nan	nan	nan	nan
67	u	0	213433	0	nan	20	7	213433	0	0	0	nan	0	0	0	0	0	0	nan	0	0	0	nan	nan	nan	nan	nan	nan
68	a	0	213433	0	nan	20	7	213433	0	0	0	nan	0	0	0	0	0	0	nan	0	0	0	nan	nan	nan	nan	nan	nan
69	a	0	213433	0	nan	20	7	213433	0	0	0	nan	0	0	0	0	0	0	nan	0	0	0	nan	nan	nan	nan	nan	nan
70	u	0	213433	0	nan	20	7	213433	0	0	0	nan	0	0	0	0	0	0	nan	0	0	0	nan	nan	nan	nan	nan	nan
71	g	0	213432	0	nan	20	7	213432	0	0	0	nan	0	0	0	0	0	0	nan	0	0	0	nan	nan	nan	nan	nan	nan
72	a	0	213432	0	nan	20	7	213432	0	0	0	nan	0	0	0	0	0	0	nan	0	0	0	nan	nan	nan	nan	nan	nan
73	a	0	213432	0	nan	20	7	213432	0	0	0	nan	0	0	0	0	0	0	nan	0	0	0	nan	nan	nan	nan	nan	nan
74	g	0	213432	0	nan	20	7	213432	0	0	0	nan	0	0	0	0	0	0	nan	0	0	0	nan	nan	nan	nan	nan	nan
75	g	0	213431	0	nan	20	7	213431	0	0	0	nan	0	0	0	0	0	0	nan	0	0	0	nan	nan	nan	nan	nan	nan
76	u	0	213419	0	nan	20	6	213419	0	0	0	nan	0	0	0	0	0	0	nan	0	0	0	nan	nan	nan	nan	nan	nan
77	g	0	213417	0	nan	20	6	213417	0	0	0	nan	0	0	0	0	0	0	nan	0	0	0	nan	nan	nan	nan	nan	nan
78	a	0	213416	0	nan	20	6	213416	0	0	0	nan	0	0	0	0	0	0	nan	0	0	0	nan	nan	nan	nan	nan	nan
79	a	0	213378	0	nan	20	6	213378	0	0	0	nan	0	0	0	0	0	0	nan	0	0	0	nan	nan	nan	nan	nan	nan
80	g	0	213265	0	nan	20	6	213265	0	0	0	nan	0	0	0	0	0	0	nan	0	0	0	nan	nan	nan	nan	nan	nan