Nucleotide	Sequence	Modified_mutations	Modified_read_depth	Modified_effective_depth	Modified_rate	Modified_off_target_mapped_depth	Modified_low_mapq_mapped_depth	Modified_primer_pair_1_mapped_depth	Untreated_mutations	Untreated_read_depth	Untreated_effective_depth	Untreated_rate	Untreated_off_target_mapped_depth	Untreated_low_mapq_mapped_depth	Untreated_primer_pair_1_mapped_depth	Denatured_mutations	Denatured_read_depth	Denatured_effective_depth	Denatured_rate	Denatured_off_target_mapped_depth	Denatured_low_mapq_mapped_depth	Denatured_primer_pair_1_mapped_depth	Reactivity_profile	Std_err	HQ_profile	HQ_stderr	Norm_profile	Norm_stderr
1	g	0	60995	0	nan	16058	1	60995	0	0	0	nan	0	0	0	0	0	0	nan	0	0	0	nan	nan	nan	nan	nan	nan
2	g	0	61035	0	nan	16064	1	61035	0	0	0	nan	0	0	0	0	0	0	nan	0	0	0	nan	nan	nan	nan	nan	nan
3	a	0	61071	0	nan	16075	1	61071	0	0	0	nan	0	0	0	0	0	0	nan	0	0	0	nan	nan	nan	nan	nan	nan
4	u	0	61078	0	nan	16076	1	61078	0	0	0	nan	0	0	0	0	0	0	nan	0	0	0	nan	nan	nan	nan	nan	nan
5	a	0	61078	0	nan	16076	1	61078	0	0	0	nan	0	0	0	0	0	0	nan	0	0	0	nan	nan	nan	nan	nan	nan
6	a	0	61083	0	nan	16076	1	61083	0	0	0	nan	0	0	0	0	0	0	nan	0	0	0	nan	nan	nan	nan	nan	nan
7	u	0	61083	0	nan	16076	1	61083	0	0	0	nan	0	0	0	0	0	0	nan	0	0	0	nan	nan	nan	nan	nan	nan
8	c	0	61083	0	nan	16077	1	61083	0	0	0	nan	0	0	0	0	0	0	nan	0	0	0	nan	nan	nan	nan	nan	nan
9	c	0	61083	0	nan	16077	1	61083	0	0	0	nan	0	0	0	0	0	0	nan	0	0	0	nan	nan	nan	nan	nan	nan
10	a	0	61083	0	nan	16077	1	61083	0	0	0	nan	0	0	0	0	0	0	nan	0	0	0	nan	nan	nan	nan	nan	nan
11	a	0	61083	0	nan	16077	1	61083	0	0	0	nan	0	0	0	0	0	0	nan	0	0	0	nan	nan	nan	nan	nan	nan
12	a	0	61083	0	nan	16077	1	61083	0	0	0	nan	0	0	0	0	0	0	nan	0	0	0	nan	nan	nan	nan	nan	nan
13	a	0	61083	0	nan	16077	1	61083	0	0	0	nan	0	0	0	0	0	0	nan	0	0	0	nan	nan	nan	nan	nan	nan
14	c	0	61083	0	nan	16078	1	61083	0	0	0	nan	0	0	0	0	0	0	nan	0	0	0	nan	nan	nan	nan	nan	nan
15	a	0	61083	0	nan	16078	1	61083	0	0	0	nan	0	0	0	0	0	0	nan	0	0	0	nan	nan	nan	nan	nan	nan
16	a	0	61083	0	nan	16078	1	61083	0	0	0	nan	0	0	0	0	0	0	nan	0	0	0	nan	nan	nan	nan	nan	nan
17	c	0	61083	0	nan	16078	1	61083	0	0	0	nan	0	0	0	0	0	0	nan	0	0	0	nan	nan	nan	nan	nan	nan
18	a	0	61083	0	nan	16078	1	61083	0	0	0	nan	0	0	0	0	0	0	nan	0	0	0	nan	nan	nan	nan	nan	nan
19	a	0	61083	0	nan	16078	1	61083	0	0	0	nan	0	0	0	0	0	0	nan	0	0	0	nan	nan	nan	nan	nan	nan
20	c	0	61083	0	nan	16078	1	61083	0	0	0	nan	0	0	0	0	0	0	nan	0	0	0	nan	nan	nan	nan	nan	nan
21	c	0	61083	0	nan	16078	1	61083	0	0	0	nan	0	0	0	0	0	0	nan	0	0	0	nan	nan	nan	nan	nan	nan
22	A	0	61083	0	nan	16078	1	61083	0	0	0	nan	0	0	0	0	0	0	nan	0	0	0	nan	nan	nan	nan	nan	nan
23	A	0	61083	0	nan	16078	1	61083	0	0	0	nan	0	0	0	0	0	0	nan	0	0	0	nan	nan	nan	nan	nan	nan
24	A	0	61083	0	nan	16078	1	61083	0	0	0	nan	0	0	0	0	0	0	nan	0	0	0	nan	nan	nan	nan	nan	nan
25	G	0	61083	52358	0.000000	16078	1	61083	0	0	0	nan	0	0	0	0	0	0	nan	0	0	0	0.000000	0.000000	0.000000	0.000000	0.000000	0.000000
26	G	387	61083	46496	0.008323	16077	1	61079	0	0	0	nan	0	0	0	0	0	0	nan	0	0	0	0.008323	0.000423	0.008323	0.000423	0.859932	0.043704
27	A	1288	61083	45944	0.028034	16077	1	61077	0	0	0	nan	0	0	0	0	0	0	nan	0	0	0	0.028034	0.000781	0.028034	0.000781	0.576590	0.016063
28	A	851	61083	44636	0.019065	16077	1	61074	0	0	0	nan	0	0	0	0	0	0	nan	0	0	0	0.019065	0.000654	0.019065	0.000654	0.392120	0.013451
29	U	352	61083	53727	0.006552	16075	1	61071	0	0	0	nan	0	0	0	0	0	0	nan	0	0	0	0.006552	0.000349	0.006552	0.000349	0.530140	0.028239
30	U	193	61082	54733	0.003526	16074	1	61064	0	0	0	nan	0	0	0	0	0	0	nan	0	0	0	0.003526	0.000254	0.003526	0.000254	0.285298	0.020552
31	G	154	61082	56094	0.002745	16073	1	61063	0	0	0	nan	0	0	0	0	0	0	nan	0	0	0	0.002745	0.000221	0.002745	0.000221	0.283613	0.022834
32	C	226	61081	56959	0.003968	16070	1	61061	0	0	0	nan	0	0	0	0	0	0	nan	0	0	0	0.003968	0.000264	0.003968	0.000264	0.113213	0.007532
33	G	213	61081	56071	0.003799	16070	1	61054	0	0	0	nan	0	0	0	0	0	0	nan	0	0	0	0.003799	0.000260	0.003799	0.000260	0.392513	0.026863
34	G	244	61081	56813	0.004295	16067	1	61042	0	0	0	nan	0	0	0	0	0	0	nan	0	0	0	0.004295	0.000275	0.004295	0.000275	0.443759	0.028413
35	G	272	61081	50004	0.005440	16062	1	61034	0	0	0	nan	0	0	0	0	0	0	nan	0	0	0	0.005440	0.000330	0.005440	0.000330	0.562061	0.034096
36	A	277	61081	47036	0.005889	16060	1	61021	0	0	0	nan	0	0	0	0	0	0	nan	0	0	0	0.005889	0.000354	0.005889	0.000354	0.121122	0.007281
37	A	1966	61081	44845	0.043840	16054	1	61003	0	0	0	nan	0	0	0	0	0	0	nan	0	0	0	0.043840	0.000989	0.043840	0.000989	0.901680	0.020341
38	A	2011	61081	50483	0.039835	16053	1	60997	0	0	0	nan	0	0	0	0	0	0	nan	0	0	0	0.039835	0.000888	0.039835	0.000888	0.819307	0.018264
39	G	434	61081	53774	0.008071	16052	1	60995	0	0	0	nan	0	0	0	0	0	0	nan	0	0	0	0.008071	0.000387	0.008071	0.000387	0.833896	0.039985
40	G	387	61081	55384	0.006988	16051	1	60994	0	0	0	nan	0	0	0	0	0	0	nan	0	0	0	0.006988	0.000355	0.006988	0.000355	0.722000	0.036679
41	G	362	61081	55269	0.006550	16051	1	60989	0	0	0	nan	0	0	0	0	0	0	nan	0	0	0	0.006550	0.000344	0.006550	0.000344	0.676746	0.035542
42	G	256	61081	56213	0.004554	16050	1	60982	0	0	0	nan	0	0	0	0	0	0	nan	0	0	0	0.004554	0.000285	0.004554	0.000285	0.470519	0.029446
43	U	251	61081	56945	0.004408	16050	1	60974	0	0	0	nan	0	0	0	0	0	0	nan	0	0	0	0.004408	0.000278	0.004408	0.000278	0.356663	0.022494
44	C	226	61079	51726	0.004369	16048	1	60962	0	0	0	nan	0	0	0	0	0	0	nan	0	0	0	0.004369	0.000291	0.004369	0.000291	0.124654	0.008303
45	A	1254	61078	47937	0.026159	16044	1	60951	0	0	0	nan	0	0	0	0	0	0	nan	0	0	0	0.026159	0.000739	0.026159	0.000739	0.538026	0.015199
46	A	294	61078	48115	0.006110	16043	1	60948	0	0	0	nan	0	0	0	0	0	0	nan	0	0	0	0.006110	0.000356	0.006110	0.000356	0.125668	0.007322
47	C	476	61077	51757	0.009197	16043	1	60944	0	0	0	nan	0	0	0	0	0	0	nan	0	0	0	0.009197	0.000422	0.009197	0.000422	0.262404	0.012040
48	A	1632	61077	55440	0.029437	16042	1	60940	0	0	0	nan	0	0	0	0	0	0	nan	0	0	0	0.029437	0.000729	0.029437	0.000729	0.605446	0.014994
49	G	289	61077	55171	0.005238	16039	1	60936	0	0	0	nan	0	0	0	0	0	0	nan	0	0	0	0.005238	0.000308	0.005238	0.000308	0.541190	0.031823
50	C	323	61077	53523	0.006035	16037	1	60932	0	0	0	nan	0	0	0	0	0	0	nan	0	0	0	0.006035	0.000336	0.006035	0.000336	0.172188	0.009587
51	C	208	61076	53170	0.003912	16036	1	60924	0	0	0	nan	0	0	0	0	0	0	nan	0	0	0	0.003912	0.000271	0.003912	0.000271	0.111615	0.007732
52	G	233	61076	51111	0.004559	16035	1	60921	0	0	0	nan	0	0	0	0	0	0	nan	0	0	0	0.004559	0.000299	0.004559	0.000299	0.471036	0.030893
53	U	511	61076	53466	0.009557	16035	1	60910	0	0	0	nan	0	0	0	0	0	0	nan	0	0	0	0.009557	0.000423	0.009557	0.000423	0.773283	0.034226
54	U	404	61075	52556	0.007687	16034	1	60905	0	0	0	nan	0	0	0	0	0	0	nan	0	0	0	0.007687	0.000382	0.007687	0.000382	0.621976	0.030909
55	C	363	61075	55145	0.006583	16032	1	60900	0	0	0	nan	0	0	0	0	0	0	nan	0	0	0	0.006583	0.000345	0.006583	0.000345	0.187823	0.009843
56	A	154	61075	55610	0.002769	16028	1	60887	0	0	0	nan	0	0	0	0	0	0	nan	0	0	0	0.002769	0.000223	0.002769	0.000223	0.056951	0.004587
57	G	349	61075	56748	0.006150	16027	1	60882	0	0	0	nan	0	0	0	0	0	0	nan	0	0	0	0.006150	0.000329	0.006150	0.000329	0.635418	0.033992
58	U	175	61075	56075	0.003121	16036	1	60880	0	0	0	nan	0	0	0	0	0	0	nan	0	0	0	0.003121	0.000236	0.003121	0.000236	0.252529	0.019095
59	A	83	61075	55459	0.001497	16267	1	60878	0	0	0	nan	0	0	0	0	0	0	nan	0	0	0	0.001497	0.000164	0.001497	0.000164	0.030790	0.003373
60	C	452	61075	55819	0.008098	16275	1	60877	0	0	0	nan	0	0	0	0	0	0	nan	0	0	0	0.008098	0.000381	0.008098	0.000381	0.231048	0.010870
61	C	243	61075	55963	0.004342	16281	1	60874	0	0	0	nan	0	0	0	0	0	0	nan	0	0	0	0.004342	0.000279	0.004342	0.000279	0.123884	0.007960
62	A	3186	61073	54742	0.058200	16281	1	60868	0	0	0	nan	0	0	0	0	0	0	nan	0	0	0	0.058200	0.001031	0.058200	0.001031	1.197030	0.021205
63	A	1895	61073	54813	0.034572	16281	1	60868	0	0	0	nan	0	0	0	0	0	0	nan	0	0	0	0.034572	0.000794	0.034572	0.000794	0.711061	0.016331
64	G	298	61073	55757	0.005345	16275	0	60863	0	0	0	nan	0	0	0	0	0	0	nan	0	0	0	0.005345	0.000310	0.005345	0.000310	0.552245	0.032029
65	U	203	61072	51392	0.003950	16275	0	60849	0	0	0	nan	0	0	0	0	0	0	nan	0	0	0	0.003950	0.000277	0.003950	0.000277	0.319605	0.022413
66	C	200	61071	51453	0.003887	16275	0	60839	0	0	0	nan	0	0	0	0	0	0	nan	0	0	0	0.003887	0.000275	0.003887	0.000275	0.110902	0.007846
67	U	112	61071	36987	0.003028	16276	0	60834	0	0	0	nan	0	0	0	0	0	0	nan	0	0	0	0.003028	0.000286	0.003028	0.000286	0.245004	0.023141
68	C	204	61070	38473	0.005302	16277	0	60815	0	0	0	nan	0	0	0	0	0	0	nan	0	0	0	0.005302	0.000371	0.005302	0.000371	0.151274	0.010585
69	A	145	61070	38176	0.003798	16278	0	60811	0	0	0	nan	0	0	0	0	0	0	nan	0	0	0	0.003798	0.000315	0.003798	0.000315	0.078115	0.006479
70	G	506	61070	53408	0.009474	16275	0	60806	0	0	0	nan	0	0	0	0	0	0	nan	0	0	0	0.009474	0.000421	0.009474	0.000421	0.978854	0.043498
71	G	1459	61071	56305	0.025912	16276	0	60805	0	0	0	nan	0	0	0	0	0	0	nan	0	0	0	0.025912	0.000678	0.025912	0.000678	2.677228	0.070051
72	G	301	61071	56817	0.005298	16276	0	60800	0	0	0	nan	0	0	0	0	0	0	nan	0	0	0	0.005298	0.000305	0.005298	0.000305	0.547389	0.031513
73	G	315	61071	56486	0.005577	16278	0	60798	0	0	0	nan	0	0	0	0	0	0	nan	0	0	0	0.005577	0.000314	0.005577	0.000314	0.576216	0.032442
74	A	300	61070	54823	0.005472	16284	0	60792	0	0	0	nan	0	0	0	0	0	0	nan	0	0	0	0.005472	0.000316	0.005472	0.000316	0.112546	0.006499
75	A	118	61070	53556	0.002203	16287	0	60786	0	0	0	nan	0	0	0	0	0	0	nan	0	0	0	0.002203	0.000203	0.002203	0.000203	0.045310	0.004175
76	A	193	61070	52311	0.003689	16287	0	60782	0	0	0	nan	0	0	0	0	0	0	nan	0	0	0	0.003689	0.000266	0.003689	0.000266	0.075874	0.005471
77	C	284	61070	53199	0.005338	16286	0	60778	0	0	0	nan	0	0	0	0	0	0	nan	0	0	0	0.005338	0.000317	0.005338	0.000317	0.152301	0.009044
78	U	132	61070	51192	0.002579	16284	0	60774	0	0	0	nan	0	0	0	0	0	0	nan	0	0	0	0.002579	0.000224	0.002579	0.000224	0.208674	0.018124
79	U	300	61070	52563	0.005707	16284	0	60769	0	0	0	nan	0	0	0	0	0	0	nan	0	0	0	0.005707	0.000330	0.005707	0.000330	0.461769	0.026701
80	U	140	61069	53444	0.002620	16285	0	60753	0	0	0	nan	0	0	0	0	0	0	nan	0	0	0	0.002620	0.000221	0.002620	0.000221	0.211991	0.017882
81	G	532	61067	53496	0.009945	16285	0	60732	0	0	0	nan	0	0	0	0	0	0	nan	0	0	0	0.009945	0.000431	0.009945	0.000431	1.027518	0.044531
82	A	212	61065	53695	0.003948	16285	0	60717	0	0	0	nan	0	0	0	0	0	0	nan	0	0	0	0.003948	0.000271	0.003948	0.000271	0.081201	0.005574
83	G	314	61065	51959	0.006043	16286	0	60717	0	0	0	nan	0	0	0	0	0	0	nan	0	0	0	0.006043	0.000341	0.006043	0.000341	0.624363	0.035232
84	A	148	61064	55288	0.002677	16286	0	60714	0	0	0	nan	0	0	0	0	0	0	nan	0	0	0	0.002677	0.000220	0.002677	0.000220	0.055059	0.004525
85	U	95	61063	55461	0.001713	16287	0	60702	0	0	0	nan	0	0	0	0	0	0	nan	0	0	0	0.001713	0.000176	0.001713	0.000176	0.138603	0.014241
86	G	309	61059	57269	0.005396	16288	0	60686	0	0	0	nan	0	0	0	0	0	0	nan	0	0	0	0.005396	0.000307	0.005396	0.000307	0.557515	0.031719
87	G	186	61059	55972	0.003323	16288	0	60677	0	0	0	nan	0	0	0	0	0	0	nan	0	0	0	0.003323	0.000244	0.003323	0.000244	0.343332	0.025210
88	C	196	61059	29503	0.006643	16288	0	60671	0	0	0	nan	0	0	0	0	0	0	nan	0	0	0	0.006643	0.000475	0.006643	0.000475	0.189535	0.013552
89	C	860	61060	28934	0.029723	16288	0	60664	0	0	0	nan	0	0	0	0	0	0	nan	0	0	0	0.029723	0.001014	0.029723	0.001014	0.848041	0.028931
90	U	118	61063	29047	0.004062	16289	0	60660	0	0	0	nan	0	0	0	0	0	0	nan	0	0	0	0.004062	0.000374	0.004062	0.000374	0.328667	0.030261
91	U	116	61065	54048	0.002146	16290	0	60654	0	0	0	nan	0	0	0	0	0	0	nan	0	0	0	0.002146	0.000199	0.002146	0.000199	0.173639	0.016102
92	G	259	61065	52447	0.004938	16289	0	60644	0	0	0	nan	0	0	0	0	0	0	nan	0	0	0	0.004938	0.000307	0.004938	0.000307	0.510194	0.031719
93	C	4248	61066	50911	0.083440	16292	0	60639	0	0	0	nan	0	0	0	0	0	0	nan	0	0	0	0.083440	0.001280	0.083440	0.001280	2.380667	0.036520
94	A	1419	61075	45895	0.030918	16293	0	60645	0	0	0	nan	0	0	0	0	0	0	nan	0	0	0	0.030918	0.000821	0.030918	0.000821	0.635907	0.016886
95	A	1841	61093	48041	0.038321	16293	0	60671	0	0	0	nan	0	0	0	0	0	0	nan	0	0	0	0.038321	0.000893	0.038321	0.000893	0.788168	0.018367
96	A	1623	61714	52125	0.031137	16294	0	61574	0	0	0	nan	0	0	0	0	0	0	nan	0	0	0	0.031137	0.000773	0.031137	0.000773	0.640411	0.015899
97	G	410	61837	60101	0.006822	16295	0	61738	0	0	0	nan	0	0	0	0	0	0	nan	0	0	0	0.006822	0.000337	0.006822	0.000337	0.704849	0.034819
98	G	224	61855	60774	0.003686	16295	0	61764	0	0	0	nan	0	0	0	0	0	0	nan	0	0	0	0.003686	0.000246	0.003686	0.000246	0.380838	0.025417
99	G	260	61861	60694	0.004284	16295	0	61771	0	0	0	nan	0	0	0	0	0	0	nan	0	0	0	0.004284	0.000266	0.004284	0.000266	0.442623	0.027483
100	U	264	61862	60871	0.004337	16295	0	61771	0	0	0	nan	0	0	0	0	0	0	nan	0	0	0	0.004337	0.000267	0.004337	0.000267	0.350918	0.021604
101	A	1166	61862	60798	0.019178	16295	0	61771	0	0	0	nan	0	0	0	0	0	0	nan	0	0	0	0.019178	0.000562	0.019178	0.000562	0.394444	0.011559
102	U	743	61863	60918	0.012197	16296	0	61772	0	0	0	nan	0	0	0	0	0	0	nan	0	0	0	0.012197	0.000447	0.012197	0.000447	0.986892	0.036168
103	G	523	61862	60395	0.008660	16296	0	61770	0	0	0	nan	0	0	0	0	0	0	nan	0	0	0	0.008660	0.000379	0.008660	0.000379	0.894751	0.039158
104	G	458	61861	60462	0.007575	16297	0	61769	0	0	0	nan	0	0	0	0	0	0	nan	0	0	0	0.007575	0.000354	0.007575	0.000354	0.782649	0.036575
105	U	201	61860	60533	0.003321	16296	0	61765	0	0	0	nan	0	0	0	0	0	0	nan	0	0	0	0.003321	0.000234	0.003321	0.000234	0.268711	0.018934
106	A	1318	61860	60969	0.021618	16295	0	61762	0	0	0	nan	0	0	0	0	0	0	nan	0	0	0	0.021618	0.000595	0.021618	0.000595	0.444629	0.012238
107	A	558	61860	60879	0.009166	16295	0	61761	0	0	0	nan	0	0	0	0	0	0	nan	0	0	0	0.009166	0.000388	0.009166	0.000388	0.188522	0.007980
108	U	637	61859	60798	0.010477	16296	0	61760	0	0	0	nan	0	0	0	0	0	0	nan	0	0	0	0.010477	0.000415	0.010477	0.000415	0.847722	0.033579
109	A	218	61858	60724	0.003590	16296	0	61759	0	0	0	nan	0	0	0	0	0	0	nan	0	0	0	0.003590	0.000243	0.003590	0.000243	0.073837	0.004998
110	A	715	61858	60818	0.011756	16296	0	61758	0	0	0	nan	0	0	0	0	0	0	nan	0	0	0	0.011756	0.000440	0.011756	0.000440	0.241792	0.009050
111	G	584	61859	60726	0.009617	16296	0	61760	0	0	0	nan	0	0	0	0	0	0	nan	0	0	0	0.009617	0.000398	0.009617	0.000398	0.993629	0.041121
112	C	314	61859	60997	0.005148	16296	0	61760	0	0	0	nan	0	0	0	0	0	0	nan	0	0	0	0.005148	0.000291	0.005148	0.000291	0.146880	0.008303
113	U	239	61859	60979	0.003919	16297	0	61760	0	0	0	nan	0	0	0	0	0	0	nan	0	0	0	0.003919	0.000254	0.003919	0.000254	0.317097	0.020552
114	G	436	61858	60709	0.007182	16297	0	61759	0	0	0	nan	0	0	0	0	0	0	nan	0	0	0	0.007182	0.000344	0.007182	0.000344	0.742044	0.035542
115	A	309	61858	60833	0.005079	16296	0	61759	0	0	0	nan	0	0	0	0	0	0	nan	0	0	0	0.005079	0.000289	0.005079	0.000289	0.104462	0.005944
116	C	369	61858	60826	0.006066	16296	0	61760	0	0	0	nan	0	0	0	0	0	0	nan	0	0	0	0.006066	0.000316	0.006066	0.000316	0.173072	0.009016
117	G	350	61858	60546	0.005781	16300	0	61761	0	0	0	nan	0	0	0	0	0	0	nan	0	0	0	0.005781	0.000309	0.005781	0.000309	0.597293	0.031926
118	G	359	61858	60562	0.005928	16300	0	61761	0	0	0	nan	0	0	0	0	0	0	nan	0	0	0	0.005928	0.000313	0.005928	0.000313	0.612481	0.032339
119	A	298	61856	60504	0.004925	16304	0	61759	0	0	0	nan	0	0	0	0	0	0	nan	0	0	0	0.004925	0.000285	0.004925	0.000285	0.101295	0.005862
120	C	650	61856	60773	0.010696	16305	0	61760	0	0	0	nan	0	0	0	0	0	0	nan	0	0	0	0.010696	0.000420	0.010696	0.000420	0.305173	0.011983
121	A	7177	61857	60797	0.118049	16306	0	61758	0	0	0	nan	0	0	0	0	0	0	nan	0	0	0	0.118049	0.001393	0.118049	0.001393	2.427976	0.028651
122	U	643	61855	60874	0.010563	16308	0	61756	0	0	0	nan	0	0	0	0	0	0	nan	0	0	0	0.010563	0.000417	0.010563	0.000417	0.854681	0.033741
123	G	265	61856	60510	0.004379	16309	0	61755	0	0	0	nan	0	0	0	0	0	0	nan	0	0	0	0.004379	0.000269	0.004379	0.000269	0.452438	0.027793
124	G	189	61857	60656	0.003116	16312	0	61756	0	0	0	nan	0	0	0	0	0	0	nan	0	0	0	0.003116	0.000227	0.003116	0.000227	0.321945	0.023454
125	U	346	61857	60457	0.005723	16313	0	61756	0	0	0	nan	0	0	0	0	0	0	nan	0	0	0	0.005723	0.000308	0.005723	0.000308	0.463063	0.024921
126	C	236	61858	60529	0.003899	16314	0	61757	0	0	0	nan	0	0	0	0	0	0	nan	0	0	0	0.003899	0.000254	0.003899	0.000254	0.111244	0.007247
127	C	152	61858	60461	0.002514	16314	0	61757	0	0	0	nan	0	0	0	0	0	0	nan	0	0	0	0.002514	0.000204	0.002514	0.000204	0.071728	0.005820
128	U	259	61841	60184	0.004303	16312	0	61728	0	0	0	nan	0	0	0	0	0	0	nan	0	0	0	0.004303	0.000267	0.004303	0.000267	0.348167	0.021604
129	A	1079	61575	59199	0.018227	16304	0	60960	0	0	0	nan	0	0	0	0	0	0	nan	0	0	0	0.018227	0.000555	0.018227	0.000555	0.374884	0.011415
130	A	7499	61565	58910	0.127296	16303	0	60939	0	0	0	nan	0	0	0	0	0	0	nan	0	0	0	0.127296	0.001470	0.127296	0.001470	2.618164	0.030234
131	C	584	61564	58630	0.009961	16308	0	60937	0	0	0	nan	0	0	0	0	0	0	nan	0	0	0	0.009961	0.000412	0.009961	0.000412	0.284202	0.011755
132	C	290	61564	58672	0.004943	16309	0	60941	0	0	0	nan	0	0	0	0	0	0	nan	0	0	0	0.004943	0.000290	0.004943	0.000290	0.141031	0.008274
133	A	1538	61564	58426	0.026324	16309	0	60943	0	0	0	nan	0	0	0	0	0	0	nan	0	0	0	0.026324	0.000671	0.026324	0.000671	0.541420	0.013801
134	C	309	61564	58107	0.005318	16292	0	60945	0	0	0	nan	0	0	0	0	0	0	nan	0	0	0	0.005318	0.000303	0.005318	0.000303	0.151730	0.008645
135	G	238	61565	57462	0.004142	16293	0	60948	0	0	0	nan	0	0	0	0	0	0	nan	0	0	0	0.004142	0.000268	0.004142	0.000268	0.427952	0.027690
136	C	276	61565	57989	0.004760	16294	0	60953	0	0	0	nan	0	0	0	0	0	0	nan	0	0	0	0.004760	0.000286	0.004760	0.000286	0.135810	0.008160
137	A	360	61566	58447	0.006159	16295	0	60954	0	0	0	nan	0	0	0	0	0	0	nan	0	0	0	0.006159	0.000325	0.006159	0.000325	0.126675	0.006684
138	G	282	61566	58336	0.004834	16289	0	60957	0	0	0	nan	0	0	0	0	0	0	nan	0	0	0	0.004834	0.000288	0.004834	0.000288	0.499449	0.029756
139	C	615	61566	58644	0.010487	16289	0	60959	0	0	0	nan	0	0	0	0	0	0	nan	0	0	0	0.010487	0.000423	0.010487	0.000423	0.299210	0.012069
140	C	420	61566	58754	0.007148	16290	0	60962	0	0	0	nan	0	0	0	0	0	0	nan	0	0	0	0.007148	0.000349	0.007148	0.000349	0.203943	0.009957
141	A	2556	61567	58328	0.043821	16292	0	60964	0	0	0	nan	0	0	0	0	0	0	nan	0	0	0	0.043821	0.000867	0.043821	0.000867	0.901290	0.017832
142	A	5514	61569	57857	0.095304	16292	0	60965	0	0	0	nan	0	0	0	0	0	0	nan	0	0	0	0.095304	0.001283	0.095304	0.001283	1.960168	0.026388
143	G	310	61569	57016	0.005437	16290	0	60965	0	0	0	nan	0	0	0	0	0	0	nan	0	0	0	0.005437	0.000309	0.005437	0.000309	0.561751	0.031926
144	U	256	61569	57555	0.004448	16291	0	60966	0	0	0	nan	0	0	0	0	0	0	nan	0	0	0	0.004448	0.000278	0.004448	0.000278	0.359900	0.022494
145	C	252	61569	58177	0.004332	16288	0	60966	0	0	0	nan	0	0	0	0	0	0	nan	0	0	0	0.004332	0.000273	0.004332	0.000273	0.123598	0.007789
146	C	185	61569	55612	0.003327	16289	0	60967	0	0	0	nan	0	0	0	0	0	0	nan	0	0	0	0.003327	0.000245	0.003327	0.000245	0.094924	0.006990
147	U	174	61569	55308	0.003146	16289	0	60968	0	0	0	nan	0	0	0	0	0	0	nan	0	0	0	0.003146	0.000238	0.003146	0.000238	0.254551	0.019257
148	A	128	61572	55351	0.002313	16290	0	60978	0	0	0	nan	0	0	0	0	0	0	nan	0	0	0	0.002313	0.000204	0.002313	0.000204	0.047573	0.004196
149	A	1374	61573	56860	0.024165	16292	0	60981	0	0	0	nan	0	0	0	0	0	0	nan	0	0	0	0.024165	0.000652	0.024165	0.000652	0.497014	0.013410
150	G	217	61574	55874	0.003884	16294	0	60984	0	0	0	nan	0	0	0	0	0	0	nan	0	0	0	0.003884	0.000264	0.003884	0.000264	0.401295	0.027276
151	U	212	61575	55866	0.003795	16295	0	60988	0	0	0	nan	0	0	0	0	0	0	nan	0	0	0	0.003795	0.000261	0.003795	0.000261	0.307064	0.021118
152	C	267	61576	57837	0.004616	16295	0	60993	0	0	0	nan	0	0	0	0	0	0	nan	0	0	0	0.004616	0.000283	0.004616	0.000283	0.131701	0.008074
153	A	131	61578	58670	0.002233	16296	0	60997	0	0	0	nan	0	0	0	0	0	0	nan	0	0	0	0.002233	0.000195	0.002233	0.000195	0.045927	0.004011
154	A	111	61578	58518	0.001897	16297	0	60999	0	0	0	nan	0	0	0	0	0	0	nan	0	0	0	0.001897	0.000180	0.001897	0.000180	0.039017	0.003702
155	C	367	61579	57220	0.006414	16297	0	61004	0	0	0	nan	0	0	0	0	0	0	nan	0	0	0	0.006414	0.000335	0.006414	0.000335	0.183001	0.009558
156	A	98	61579	52526	0.001866	16296	0	61007	0	0	0	nan	0	0	0	0	0	0	nan	0	0	0	0.001866	0.000188	0.001866	0.000188	0.038379	0.003867
157	G	237	61579	51735	0.004581	16297	0	61009	0	0	0	nan	0	0	0	0	0	0	nan	0	0	0	0.004581	0.000298	0.004581	0.000298	0.473309	0.030789
158	A	1321	61580	51009	0.025897	16297	0	61010	0	0	0	nan	0	0	0	0	0	0	nan	0	0	0	0.025897	0.000713	0.025897	0.000713	0.532637	0.014665
159	U	696	61582	55585	0.012521	16296	0	61024	0	0	0	nan	0	0	0	0	0	0	nan	0	0	0	0.012521	0.000475	0.012521	0.000475	1.013108	0.038434
160	C	2760	61584	56221	0.049092	16296	0	61045	0	0	0	nan	0	0	0	0	0	0	nan	0	0	0	0.049092	0.000934	0.049092	0.000934	1.400668	0.026648
161	U	813	61585	57359	0.014174	16297	0	61061	0	0	0	nan	0	0	0	0	0	0	nan	0	0	0	0.014174	0.000497	0.014174	0.000497	1.146857	0.040214
162	U	777	61585	57375	0.013542	16297	0	61071	0	0	0	nan	0	0	0	0	0	0	nan	0	0	0	0.013542	0.000486	0.013542	0.000486	1.095720	0.039324
163	C	318	61587	57241	0.005555	16297	0	61081	0	0	0	nan	0	0	0	0	0	0	nan	0	0	0	0.005555	0.000312	0.005555	0.000312	0.158492	0.008902
164	U	102	61588	57079	0.001787	16299	0	61093	0	0	0	nan	0	0	0	0	0	0	nan	0	0	0	0.001787	0.000177	0.001787	0.000177	0.144591	0.014322
165	G	194	61589	52254	0.003713	16301	0	61097	0	0	0	nan	0	0	0	0	0	0	nan	0	0	0	0.003713	0.000267	0.003713	0.000267	0.383627	0.027586
166	U	128	61589	52028	0.002460	16303	0	61101	0	0	0	nan	0	0	0	0	0	0	nan	0	0	0	0.002460	0.000217	0.002460	0.000217	0.199045	0.017558
167	U	150	61590	53199	0.002820	16304	0	61107	0	0	0	nan	0	0	0	0	0	0	nan	0	0	0	0.002820	0.000230	0.002820	0.000230	0.228174	0.018610
168	G	257	61591	58291	0.004409	16304	0	61124	0	0	0	nan	0	0	0	0	0	0	nan	0	0	0	0.004409	0.000275	0.004409	0.000275	0.455538	0.028413
169	A	121	61591	58557	0.002066	16304	0	61129	0	0	0	nan	0	0	0	0	0	0	nan	0	0	0	0.002066	0.000188	0.002066	0.000188	0.042493	0.003867
170	U	139	61591	58335	0.002383	16304	0	61131	0	0	0	nan	0	0	0	0	0	0	nan	0	0	0	0.002383	0.000202	0.002383	0.000202	0.192815	0.016344
171	A	254	61592	57163	0.004443	16305	0	61133	0	0	0	nan	0	0	0	0	0	0	nan	0	0	0	0.004443	0.000279	0.004443	0.000279	0.091382	0.005738
172	U	532	61592	55333	0.009615	16305	0	61138	0	0	0	nan	0	0	0	0	0	0	nan	0	0	0	0.009615	0.000417	0.009615	0.000417	0.777976	0.033741
173	G	225	61593	55314	0.004068	16306	0	61148	0	0	0	nan	0	0	0	0	0	0	nan	0	0	0	0.004068	0.000271	0.004068	0.000271	0.420306	0.028000
174	G	365	61593	56248	0.006489	16306	0	61171	0	0	0	nan	0	0	0	0	0	0	nan	0	0	0	0.006489	0.000340	0.006489	0.000340	0.670444	0.035129
175	A	163	61593	55946	0.002914	16306	0	61180	0	0	0	nan	0	0	0	0	0	0	nan	0	0	0	0.002914	0.000228	0.002914	0.000228	0.059934	0.004689
176	U	119	61593	55732	0.002135	16306	0	61182	0	0	0	nan	0	0	0	0	0	0	nan	0	0	0	0.002135	0.000196	0.002135	0.000196	0.172749	0.015859
177	G	229	61593	55245	0.004145	16306	0	61193	0	0	0	nan	0	0	0	0	0	0	nan	0	0	0	0.004145	0.000274	0.004145	0.000274	0.428261	0.028310
178	C	6051	61593	57281	0.105637	16306	0	61193	0	0	0	nan	0	0	0	0	0	0	nan	0	0	0	0.105637	0.001358	0.105637	0.001358	3.013980	0.038746
179	A	2212	61594	57335	0.038580	16306	0	61196	0	0	0	nan	0	0	0	0	0	0	nan	0	0	0	0.038580	0.000820	0.038580	0.000820	0.793495	0.016865
180	G	238	61595	55460	0.004291	16306	0	61230	0	0	0	nan	0	0	0	0	0	0	nan	0	0	0	0.004291	0.000278	0.004291	0.000278	0.443346	0.028723
181	U	215	61595	54755	0.003927	16306	0	61238	0	0	0	nan	0	0	0	0	0	0	nan	0	0	0	0.003927	0.000268	0.003927	0.000268	0.317744	0.021685
182	U	375	61597	54232	0.006915	16306	0	61247	0	0	0	nan	0	0	0	0	0	0	nan	0	0	0	0.006915	0.000357	0.006915	0.000357	0.559511	0.028886
183	C	2002	61597	56046	0.035721	16317	0	61250	0	0	0	nan	0	0	0	0	0	0	nan	0	0	0	0.035721	0.000798	0.035721	0.000798	1.019173	0.022768
184	A	1850	61597	57543	0.032150	16317	0	61261	0	0	0	nan	0	0	0	0	0	0	nan	0	0	0	0.032150	0.000747	0.032150	0.000747	0.661246	0.015364
185	A	1329	61597	57751	0.023013	16321	0	61266	0	0	0	nan	0	0	0	0	0	0	nan	0	0	0	0.023013	0.000631	0.023013	0.000631	0.473320	0.012978
186	C	1530	61599	56570	0.027046	16321	0	61268	0	0	0	nan	0	0	0	0	0	0	nan	0	0	0	0.027046	0.000691	0.027046	0.000691	0.771663	0.019715
187	C	1180	61599	56217	0.020990	16321	0	61271	0	0	0	nan	0	0	0	0	0	0	nan	0	0	0	0.020990	0.000611	0.020990	0.000611	0.598876	0.017433
188	A	1075	61599	56142	0.019148	16321	0	61275	0	0	0	nan	0	0	0	0	0	0	nan	0	0	0	0.019148	0.000584	0.019148	0.000584	0.393827	0.012011
189	A	1622	61599	56703	0.028605	16321	0	61276	0	0	0	nan	0	0	0	0	0	0	nan	0	0	0	0.028605	0.000710	0.028605	0.000710	0.588334	0.014603
190	A	1313	61599	54239	0.024208	16321	1	61278	0	0	0	nan	0	0	0	0	0	0	nan	0	0	0	0.024208	0.000668	0.024208	0.000668	0.497899	0.013739
191	U	751	61600	53671	0.013993	16321	1	61281	0	0	0	nan	0	0	0	0	0	0	nan	0	0	0	0.013993	0.000511	0.013993	0.000511	1.132211	0.041346
192	C	1837	61602	53437	0.034377	16321	1	61287	0	0	0	nan	0	0	0	0	0	0	nan	0	0	0	0.034377	0.000802	0.034377	0.000802	0.980827	0.022882
193	A	100	61607	57796	0.001730	16324	1	61366	0	0	0	nan	0	0	0	0	0	0	nan	0	0	0	0.001730	0.000173	0.001730	0.000173	0.035582	0.003558
194	A	821	61607	58430	0.014051	16324	1	61367	0	0	0	nan	0	0	0	0	0	0	nan	0	0	0	0.014051	0.000490	0.014051	0.000490	0.288994	0.010078
195	A	1071	61608	58288	0.018374	16323	1	61370	0	0	0	nan	0	0	0	0	0	0	nan	0	0	0	0.018374	0.000561	0.018374	0.000561	0.377908	0.011538
196	A	670	61608	57381	0.011676	16259	1	61371	0	0	0	nan	0	0	0	0	0	0	nan	0	0	0	0.011676	0.000451	0.011676	0.000451	0.240146	0.009276
197	A	1345	61609	56339	0.023873	16247	1	61374	0	0	0	nan	0	0	0	0	0	0	nan	0	0	0	0.023873	0.000651	0.023873	0.000651	0.491009	0.013389
198	A	1109	61609	56512	0.019624	16243	1	61374	0	0	0	nan	0	0	0	0	0	0	nan	0	0	0	0.019624	0.000589	0.019624	0.000589	0.403617	0.012114
199	C	473	61610	57189	0.008271	16210	1	61380	0	0	0	nan	0	0	0	0	0	0	nan	0	0	0	0.008271	0.000380	0.008271	0.000380	0.235984	0.010842
200	C	330	61613	55685	0.005926	2160	1	61390	0	0	0	nan	0	0	0	0	0	0	nan	0	0	0	0.005926	0.000326	0.005926	0.000326	0.169078	0.009301
201	G	328	61614	55568	0.005903	1891	1	61401	0	0	0	nan	0	0	0	0	0	0	nan	0	0	0	0.005903	0.000326	0.005903	0.000326	0.609898	0.033682
202	C	290	61614	55677	0.005209	1859	1	61411	0	0	0	nan	0	0	0	0	0	0	nan	0	0	0	0.005209	0.000306	0.005209	0.000306	0.148621	0.008731
203	C	231	61615	56122	0.004116	1839	1	61415	0	0	0	nan	0	0	0	0	0	0	nan	0	0	0	0.004116	0.000271	0.004116	0.000271	0.117436	0.007732
204	U	155	61615	55107	0.002813	935	1	61418	0	0	0	nan	0	0	0	0	0	0	nan	0	0	0	0.002813	0.000226	0.002813	0.000226	0.227607	0.018286
205	A	110	61615	52373	0.002100	108	1	61431	0	0	0	nan	0	0	0	0	0	0	nan	0	0	0	0.002100	0.000200	0.002100	0.000200	0.043192	0.004114
206	G	196	61616	50822	0.003857	108	1	61447	0	0	0	nan	0	0	0	0	0	0	nan	0	0	0	0.003857	0.000275	0.003857	0.000275	0.398505	0.028413
207	U	246	61617	50667	0.004855	108	1	61465	0	0	0	nan	0	0	0	0	0	0	nan	0	0	0	0.004855	0.000310	0.004855	0.000310	0.392831	0.025083
208	U	529	61618	53075	0.009967	108	1	61475	0	0	0	nan	0	0	0	0	0	0	nan	0	0	0	0.009967	0.000433	0.009967	0.000433	0.806457	0.035035
209	C	1848	61621	55672	0.033194	103	1	61490	0	0	0	nan	0	0	0	0	0	0	nan	0	0	0	0.033194	0.000772	0.033194	0.000772	0.947074	0.022026
210	G	308	61627	55965	0.005503	62	1	61506	0	0	0	nan	0	0	0	0	0	0	nan	0	0	0	0.005503	0.000314	0.005503	0.000314	0.568570	0.032442
211	C	576	61628	52141	0.011047	60	1	61514	0	0	0	nan	0	0	0	0	0	0	nan	0	0	0	0.011047	0.000460	0.011047	0.000460	0.315187	0.013124
212	U	221	61630	52494	0.004210	60	1	61527	0	0	0	nan	0	0	0	0	0	0	nan	0	0	0	0.004210	0.000283	0.004210	0.000283	0.340642	0.022898
213	A	110	61636	50546	0.002176	60	1	61547	0	0	0	nan	0	0	0	0	0	0	nan	0	0	0	0.002176	0.000207	0.002176	0.000207	0.044755	0.004257
214	G	388	61639	13215	0.029361	60	1	61558	0	0	0	nan	0	0	0	0	0	0	nan	0	0	0	0.029361	0.001491	0.029361	0.001491	3.033579	0.154050
215	G	442	61639	13017	0.033956	60	1	61562	0	0	0	nan	0	0	0	0	0	0	nan	0	0	0	0.033956	0.001615	0.033956	0.001615	3.508334	0.166862
216	C	53	61640	13545	0.003913	60	1	61577	0	0	0	nan	0	0	0	0	0	0	nan	0	0	0	0.003913	0.000537	0.003913	0.000537	0.111644	0.015321
217	G	352	61644	57851	0.006085	60	1	61624	0	0	0	nan	0	0	0	0	0	0	nan	0	0	0	0.006085	0.000324	0.006085	0.000324	0.628702	0.033476
218	G	181	61647	58636	0.003087	60	1	61637	0	0	0	nan	0	0	0	0	0	0	nan	0	0	0	0.003087	0.000229	0.003087	0.000229	0.318949	0.023660
219	A	0	61648	58488	0.000000	60	1	61648	0	0	0	nan	0	0	0	0	0	0	nan	0	0	0	0.000000	0.000000	0.000000	0.000000	0.000000	0.000000
220	A	0	61648	0	nan	60	1	61648	0	0	0	nan	0	0	0	0	0	0	nan	0	0	0	nan	nan	nan	nan	nan	nan
221	A	0	61648	0	nan	60	1	61648	0	0	0	nan	0	0	0	0	0	0	nan	0	0	0	nan	nan	nan	nan	nan	nan
222	A	0	61648	0	nan	60	1	61648	0	0	0	nan	0	0	0	0	0	0	nan	0	0	0	nan	nan	nan	nan	nan	nan
223	c	0	61648	0	nan	60	1	61648	0	0	0	nan	0	0	0	0	0	0	nan	0	0	0	nan	nan	nan	nan	nan	nan
224	c	0	61648	0	nan	60	1	61648	0	0	0	nan	0	0	0	0	0	0	nan	0	0	0	nan	nan	nan	nan	nan	nan
225	a	0	61648	0	nan	60	1	61648	0	0	0	nan	0	0	0	0	0	0	nan	0	0	0	nan	nan	nan	nan	nan	nan
226	a	0	61648	0	nan	60	1	61648	0	0	0	nan	0	0	0	0	0	0	nan	0	0	0	nan	nan	nan	nan	nan	nan
227	a	0	61648	0	nan	60	1	61648	0	0	0	nan	0	0	0	0	0	0	nan	0	0	0	nan	nan	nan	nan	nan	nan
228	c	0	61648	0	nan	60	1	61648	0	0	0	nan	0	0	0	0	0	0	nan	0	0	0	nan	nan	nan	nan	nan	nan
229	c	0	61648	0	nan	60	1	61648	0	0	0	nan	0	0	0	0	0	0	nan	0	0	0	nan	nan	nan	nan	nan	nan
230	a	0	61648	0	nan	60	1	61648	0	0	0	nan	0	0	0	0	0	0	nan	0	0	0	nan	nan	nan	nan	nan	nan
231	a	0	61648	0	nan	60	1	61648	0	0	0	nan	0	0	0	0	0	0	nan	0	0	0	nan	nan	nan	nan	nan	nan
232	a	0	61648	0	nan	60	1	61648	0	0	0	nan	0	0	0	0	0	0	nan	0	0	0	nan	nan	nan	nan	nan	nan
233	g	0	61648	0	nan	60	1	61648	0	0	0	nan	0	0	0	0	0	0	nan	0	0	0	nan	nan	nan	nan	nan	nan
234	a	0	61647	0	nan	60	1	61647	0	0	0	nan	0	0	0	0	0	0	nan	0	0	0	nan	nan	nan	nan	nan	nan
235	a	0	61646	0	nan	60	1	61646	0	0	0	nan	0	0	0	0	0	0	nan	0	0	0	nan	nan	nan	nan	nan	nan
236	a	0	61646	0	nan	60	1	61646	0	0	0	nan	0	0	0	0	0	0	nan	0	0	0	nan	nan	nan	nan	nan	nan
237	c	0	61640	0	nan	60	1	61640	0	0	0	nan	0	0	0	0	0	0	nan	0	0	0	nan	nan	nan	nan	nan	nan
238	a	0	61639	0	nan	60	1	61639	0	0	0	nan	0	0	0	0	0	0	nan	0	0	0	nan	nan	nan	nan	nan	nan
239	a	0	61628	0	nan	59	1	61628	0	0	0	nan	0	0	0	0	0	0	nan	0	0	0	nan	nan	nan	nan	nan	nan
240	c	0	61607	0	nan	59	1	61607	0	0	0	nan	0	0	0	0	0	0	nan	0	0	0	nan	nan	nan	nan	nan	nan
241	c	0	61572	0	nan	59	1	61572	0	0	0	nan	0	0	0	0	0	0	nan	0	0	0	nan	nan	nan	nan	nan	nan