Nucleotide	Sequence	Modified_mutations	Modified_read_depth	Modified_effective_depth	Modified_rate	Modified_off_target_mapped_depth	Modified_low_mapq_mapped_depth	Modified_primer_pair_1_mapped_depth	Untreated_mutations	Untreated_read_depth	Untreated_effective_depth	Untreated_rate	Untreated_off_target_mapped_depth	Untreated_low_mapq_mapped_depth	Untreated_primer_pair_1_mapped_depth	Denatured_mutations	Denatured_read_depth	Denatured_effective_depth	Denatured_rate	Denatured_off_target_mapped_depth	Denatured_low_mapq_mapped_depth	Denatured_primer_pair_1_mapped_depth	Reactivity_profile	Std_err	HQ_profile	HQ_stderr	Norm_profile	Norm_stderr
1	g	0	195928	0	nan	0	1	195928	0	0	0	nan	0	0	0	0	0	0	nan	0	0	0	nan	nan	nan	nan	nan	nan
2	g	0	196081	0	nan	0	1	196081	0	0	0	nan	0	0	0	0	0	0	nan	0	0	0	nan	nan	nan	nan	nan	nan
3	u	0	196172	0	nan	0	1	196172	0	0	0	nan	0	0	0	0	0	0	nan	0	0	0	nan	nan	nan	nan	nan	nan
4	g	0	196193	0	nan	0	1	196193	0	0	0	nan	0	0	0	0	0	0	nan	0	0	0	nan	nan	nan	nan	nan	nan
5	u	0	196210	0	nan	0	1	196210	0	0	0	nan	0	0	0	0	0	0	nan	0	0	0	nan	nan	nan	nan	nan	nan
6	a	0	196210	0	nan	0	1	196210	0	0	0	nan	0	0	0	0	0	0	nan	0	0	0	nan	nan	nan	nan	nan	nan
7	a	0	196210	0	nan	0	1	196210	0	0	0	nan	0	0	0	0	0	0	nan	0	0	0	nan	nan	nan	nan	nan	nan
8	g	0	196210	0	nan	0	1	196210	0	0	0	nan	0	0	0	0	0	0	nan	0	0	0	nan	nan	nan	nan	nan	nan
9	g	0	196215	0	nan	0	1	196215	0	0	0	nan	0	0	0	0	0	0	nan	0	0	0	nan	nan	nan	nan	nan	nan
10	g	0	197401	0	nan	0	1	197401	0	0	0	nan	0	0	0	0	0	0	nan	0	0	0	nan	nan	nan	nan	nan	nan
11	u	0	197422	0	nan	0	1	197422	0	0	0	nan	0	0	0	0	0	0	nan	0	0	0	nan	nan	nan	nan	nan	nan
12	g	0	197432	0	nan	0	1	197432	0	0	0	nan	0	0	0	0	0	0	nan	0	0	0	nan	nan	nan	nan	nan	nan
13	a	0	197432	0	nan	0	1	197432	0	0	0	nan	0	0	0	0	0	0	nan	0	0	0	nan	nan	nan	nan	nan	nan
14	a	0	197432	0	nan	0	1	197432	0	0	0	nan	0	0	0	0	0	0	nan	0	0	0	nan	nan	nan	nan	nan	nan
15	g	0	197433	0	nan	12	1	197433	0	0	0	nan	0	0	0	0	0	0	nan	0	0	0	nan	nan	nan	nan	nan	nan
16	u	0	197434	0	nan	12	1	197434	0	0	0	nan	0	0	0	0	0	0	nan	0	0	0	nan	nan	nan	nan	nan	nan
17	g	0	197437	0	nan	12	1	197437	0	0	0	nan	0	0	0	0	0	0	nan	0	0	0	nan	nan	nan	nan	nan	nan
18	u	0	197438	0	nan	12	1	197438	0	0	0	nan	0	0	0	0	0	0	nan	0	0	0	nan	nan	nan	nan	nan	nan
19	a	0	197441	0	nan	12	1	197441	0	0	0	nan	0	0	0	0	0	0	nan	0	0	0	nan	nan	nan	nan	nan	nan
20	A	0	197445	3	0.000000	12	1	197445	0	0	0	nan	0	0	0	0	0	0	nan	0	0	0	0.000000	0.000000	nan	nan	nan	nan
21	G	0	197454	10	0.000000	12	1	197454	0	0	0	nan	0	0	0	0	0	0	nan	0	0	0	0.000000	0.000000	nan	nan	nan	nan
22	G	0	197461	16	0.000000	12	1	197461	0	0	0	nan	0	0	0	0	0	0	nan	0	0	0	0.000000	0.000000	nan	nan	nan	nan
23	U	0	197470	197164	0.000000	12	1	197470	0	0	0	nan	0	0	0	0	0	0	nan	0	0	0	0.000000	0.000000	0.000000	0.000000	0.000000	0.000000
24	U	405	197478	197162	0.002054	12	1	197478	0	0	0	nan	0	0	0	0	0	0	nan	0	0	0	0.002054	0.000102	0.002054	0.000102	0.618302	0.030704
25	G	115	197479	196404	0.000586	12	1	197479	0	0	0	nan	0	0	0	0	0	0	nan	0	0	0	0.000586	0.000055	0.000586	0.000055	nan	nan
26	A	3765	197479	196782	0.019133	12	1	197479	0	0	0	nan	0	0	0	0	0	0	nan	0	0	0	0.019133	0.000312	0.019133	0.000312	0.917100	0.014955
27	A	3571	197479	196636	0.018160	12	1	197479	0	0	0	nan	0	0	0	0	0	0	nan	0	0	0	0.018160	0.000304	0.018160	0.000304	0.870461	0.014572
28	C	4869	197479	196086	0.024831	12	1	197479	0	0	0	nan	0	0	0	0	0	0	nan	0	0	0	0.024831	0.000356	0.024831	0.000356	0.916586	0.013141
29	U	371	197480	196610	0.001887	12	1	197480	0	0	0	nan	0	0	0	0	0	0	nan	0	0	0	0.001887	0.000098	0.001887	0.000098	0.568031	0.029500
30	U	502	197480	196778	0.002551	12	1	197479	0	0	0	nan	0	0	0	0	0	0	nan	0	0	0	0.002551	0.000114	0.002551	0.000114	0.767911	0.034317
31	U	654	197481	196841	0.003322	12	1	197476	0	0	0	nan	0	0	0	0	0	0	nan	0	0	0	0.003322	0.000130	0.003322	0.000130	1.000000	0.039133
32	U	349	197483	196821	0.001773	12	1	197457	0	0	0	nan	0	0	0	0	0	0	nan	0	0	0	0.001773	0.000095	0.001773	0.000095	0.533715	0.028597
33	G	145	197495	195942	0.000740	12	1	197462	0	0	0	nan	0	0	0	0	0	0	nan	0	0	0	0.000740	0.000061	0.000740	0.000061	nan	nan
34	A	3927	197503	196578	0.019977	12	1	197470	0	0	0	nan	0	0	0	0	0	0	nan	0	0	0	0.019977	0.000319	0.019977	0.000319	0.957555	0.015291
35	A	3240	197505	196481	0.016490	12	1	197472	0	0	0	nan	0	0	0	0	0	0	nan	0	0	0	0.016490	0.000290	0.016490	0.000290	0.790413	0.013901
36	U	341	197511	196400	0.001736	12	1	197475	0	0	0	nan	0	0	0	0	0	0	nan	0	0	0	0.001736	0.000094	0.001736	0.000094	0.522577	0.028296
37	A	3418	197513	196428	0.017401	12	1	197478	0	0	0	nan	0	0	0	0	0	0	nan	0	0	0	0.017401	0.000298	0.017401	0.000298	0.834080	0.014284
38	G	156	197532	194917	0.000800	12	1	197521	0	0	0	nan	0	0	0	0	0	0	nan	0	0	0	0.000800	0.000064	0.000800	0.000064	nan	nan
39	U	461	197532	196638	0.002344	12	1	197521	0	0	0	nan	0	0	0	0	0	0	nan	0	0	0	0.002344	0.000109	0.002344	0.000109	0.705599	0.032812
40	G	208	197535	195843	0.001062	12	1	197525	0	0	0	nan	0	0	0	0	0	0	nan	0	0	0	0.001062	0.000074	0.001062	0.000074	nan	nan
41	A	4499	197537	196333	0.022915	12	1	197531	0	0	0	nan	0	0	0	0	0	0	nan	0	0	0	0.022915	0.000342	0.022915	0.000342	1.098382	0.016393
42	U	697	197538	196305	0.003551	12	1	197534	0	0	0	nan	0	0	0	0	0	0	nan	0	0	0	0.003551	0.000134	0.003551	0.000134	1.068934	0.040337
43	U	628	197541	196314	0.003199	12	1	197537	0	0	0	nan	0	0	0	0	0	0	nan	0	0	0	0.003199	0.000128	0.003199	0.000128	0.962974	0.038531
44	C	5460	197561	196089	0.027844	12	1	197558	0	0	0	nan	0	0	0	0	0	0	nan	0	0	0	0.027844	0.000377	0.027844	0.000377	1.027805	0.013916
45	A	4078	197575	196159	0.020789	12	1	197573	0	0	0	nan	0	0	0	0	0	0	nan	0	0	0	0.020789	0.000326	0.020789	0.000326	0.996477	0.015626
46	G	156	197598	195301	0.000799	12	1	197596	0	0	0	nan	0	0	0	0	0	0	nan	0	0	0	0.000799	0.000064	0.000799	0.000064	nan	nan
47	G	155	197600	195325	0.000794	12	1	197598	0	0	0	nan	0	0	0	0	0	0	nan	0	0	0	0.000794	0.000064	0.000794	0.000064	nan	nan
48	A	4219	197601	196387	0.021483	12	1	197599	0	0	0	nan	0	0	0	0	0	0	nan	0	0	0	0.021483	0.000331	0.021483	0.000331	1.029742	0.015866
49	G	162	197604	195683	0.000828	12	1	197602	0	0	0	nan	0	0	0	0	0	0	nan	0	0	0	0.000828	0.000065	0.000828	0.000065	nan	nan
50	G	197	197609	195642	0.001007	12	1	197608	0	0	0	nan	0	0	0	0	0	0	nan	0	0	0	0.001007	0.000072	0.001007	0.000072	nan	nan
51	U	525	197614	196597	0.002670	12	1	197613	0	0	0	nan	0	0	0	0	0	0	nan	0	0	0	0.002670	0.000117	0.002670	0.000117	0.803733	0.035220
52	U	451	197616	196361	0.002297	12	1	197615	0	0	0	nan	0	0	0	0	0	0	nan	0	0	0	0.002297	0.000108	0.002297	0.000108	0.691451	0.032511
53	A	4090	197608	195814	0.020887	12	1	197605	0	0	0	nan	0	0	0	0	0	0	nan	0	0	0	0.020887	0.000327	0.020887	0.000327	1.001174	0.015674
54	A	3187	197497	195579	0.016295	12	1	197485	0	0	0	nan	0	0	0	0	0	0	nan	0	0	0	0.016295	0.000289	0.016295	0.000289	0.781067	0.013853
55	U	599	197497	195490	0.003064	12	1	197488	0	0	0	nan	0	0	0	0	0	0	nan	0	0	0	0.003064	0.000125	0.003064	0.000125	0.922336	0.037628
56	G	247	197507	195125	0.001266	12	1	197501	0	0	0	nan	0	0	0	0	0	0	nan	0	0	0	0.001266	0.000081	0.001266	0.000081	nan	nan
57	G	0	197541	195230	0.000000	12	1	197537	0	0	0	nan	0	0	0	0	0	0	nan	0	0	0	0.000000	0.000000	0.000000	0.000000	nan	nan
58	A	0	197548	0	nan	12	1	197548	0	0	0	nan	0	0	0	0	0	0	nan	0	0	0	nan	nan	nan	nan	nan	nan
59	A	0	197548	0	nan	12	1	197548	0	0	0	nan	0	0	0	0	0	0	nan	0	0	0	nan	nan	nan	nan	nan	nan
60	G	0	197548	0	nan	12	1	197548	0	0	0	nan	0	0	0	0	0	0	nan	0	0	0	nan	nan	nan	nan	nan	nan
61	u	0	197548	0	nan	12	1	197548	0	0	0	nan	0	0	0	0	0	0	nan	0	0	0	nan	nan	nan	nan	nan	nan
62	a	0	197548	0	nan	12	1	197548	0	0	0	nan	0	0	0	0	0	0	nan	0	0	0	nan	nan	nan	nan	nan	nan
63	a	0	197548	0	nan	12	1	197548	0	0	0	nan	0	0	0	0	0	0	nan	0	0	0	nan	nan	nan	nan	nan	nan
64	a	0	197548	0	nan	12	1	197548	0	0	0	nan	0	0	0	0	0	0	nan	0	0	0	nan	nan	nan	nan	nan	nan
65	g	0	197548	0	nan	12	1	197548	0	0	0	nan	0	0	0	0	0	0	nan	0	0	0	nan	nan	nan	nan	nan	nan
66	g	0	197548	0	nan	12	1	197548	0	0	0	nan	0	0	0	0	0	0	nan	0	0	0	nan	nan	nan	nan	nan	nan
67	u	0	197548	0	nan	12	1	197548	0	0	0	nan	0	0	0	0	0	0	nan	0	0	0	nan	nan	nan	nan	nan	nan
68	a	0	197548	0	nan	12	1	197548	0	0	0	nan	0	0	0	0	0	0	nan	0	0	0	nan	nan	nan	nan	nan	nan
69	a	0	197548	0	nan	12	1	197548	0	0	0	nan	0	0	0	0	0	0	nan	0	0	0	nan	nan	nan	nan	nan	nan
70	u	0	197548	0	nan	12	1	197548	0	0	0	nan	0	0	0	0	0	0	nan	0	0	0	nan	nan	nan	nan	nan	nan
71	g	0	197547	0	nan	12	1	197547	0	0	0	nan	0	0	0	0	0	0	nan	0	0	0	nan	nan	nan	nan	nan	nan
72	a	0	197547	0	nan	12	1	197547	0	0	0	nan	0	0	0	0	0	0	nan	0	0	0	nan	nan	nan	nan	nan	nan
73	a	0	197546	0	nan	12	1	197546	0	0	0	nan	0	0	0	0	0	0	nan	0	0	0	nan	nan	nan	nan	nan	nan
74	g	0	197545	0	nan	12	1	197545	0	0	0	nan	0	0	0	0	0	0	nan	0	0	0	nan	nan	nan	nan	nan	nan
75	g	0	197544	0	nan	12	1	197544	0	0	0	nan	0	0	0	0	0	0	nan	0	0	0	nan	nan	nan	nan	nan	nan
76	u	0	197536	0	nan	12	1	197536	0	0	0	nan	0	0	0	0	0	0	nan	0	0	0	nan	nan	nan	nan	nan	nan
77	g	0	197529	0	nan	12	1	197529	0	0	0	nan	0	0	0	0	0	0	nan	0	0	0	nan	nan	nan	nan	nan	nan
78	a	0	197523	0	nan	12	1	197523	0	0	0	nan	0	0	0	0	0	0	nan	0	0	0	nan	nan	nan	nan	nan	nan
79	a	0	197494	0	nan	12	1	197494	0	0	0	nan	0	0	0	0	0	0	nan	0	0	0	nan	nan	nan	nan	nan	nan
80	g	0	197420	0	nan	12	1	197420	0	0	0	nan	0	0	0	0	0	0	nan	0	0	0	nan	nan	nan	nan	nan	nan