Nucleotide	Sequence	Modified_mutations	Modified_read_depth	Modified_effective_depth	Modified_rate	Modified_off_target_mapped_depth	Modified_low_mapq_mapped_depth	Modified_primer_pair_1_mapped_depth	Untreated_mutations	Untreated_read_depth	Untreated_effective_depth	Untreated_rate	Untreated_off_target_mapped_depth	Untreated_low_mapq_mapped_depth	Untreated_primer_pair_1_mapped_depth	Denatured_mutations	Denatured_read_depth	Denatured_effective_depth	Denatured_rate	Denatured_off_target_mapped_depth	Denatured_low_mapq_mapped_depth	Denatured_primer_pair_1_mapped_depth	Reactivity_profile	Std_err	HQ_profile	HQ_stderr	Norm_profile	Norm_stderr
1	g	0	190322	0	nan	2	0	190322	0	0	0	nan	0	0	0	0	0	0	nan	0	0	0	nan	nan	nan	nan	nan	nan
2	g	0	190425	0	nan	2	0	190425	0	0	0	nan	0	0	0	0	0	0	nan	0	0	0	nan	nan	nan	nan	nan	nan
3	u	0	190468	0	nan	2	0	190468	0	0	0	nan	0	0	0	0	0	0	nan	0	0	0	nan	nan	nan	nan	nan	nan
4	g	0	190478	0	nan	2	0	190478	0	0	0	nan	0	0	0	0	0	0	nan	0	0	0	nan	nan	nan	nan	nan	nan
5	u	0	190484	0	nan	2	0	190484	0	0	0	nan	0	0	0	0	0	0	nan	0	0	0	nan	nan	nan	nan	nan	nan
6	a	0	190484	0	nan	2	0	190484	0	0	0	nan	0	0	0	0	0	0	nan	0	0	0	nan	nan	nan	nan	nan	nan
7	a	0	190484	0	nan	2	0	190484	0	0	0	nan	0	0	0	0	0	0	nan	0	0	0	nan	nan	nan	nan	nan	nan
8	g	0	190486	0	nan	2	0	190486	0	0	0	nan	0	0	0	0	0	0	nan	0	0	0	nan	nan	nan	nan	nan	nan
9	g	0	190494	0	nan	2	0	190494	0	0	0	nan	0	0	0	0	0	0	nan	0	0	0	nan	nan	nan	nan	nan	nan
10	g	0	191502	0	nan	2	0	191502	0	0	0	nan	0	0	0	0	0	0	nan	0	0	0	nan	nan	nan	nan	nan	nan
11	u	0	191522	0	nan	2	0	191522	0	0	0	nan	0	0	0	0	0	0	nan	0	0	0	nan	nan	nan	nan	nan	nan
12	g	0	191529	0	nan	2	0	191529	0	0	0	nan	0	0	0	0	0	0	nan	0	0	0	nan	nan	nan	nan	nan	nan
13	a	0	191530	0	nan	2	0	191530	0	0	0	nan	0	0	0	0	0	0	nan	0	0	0	nan	nan	nan	nan	nan	nan
14	a	0	191530	0	nan	2	0	191530	0	0	0	nan	0	0	0	0	0	0	nan	0	0	0	nan	nan	nan	nan	nan	nan
15	g	0	191530	0	nan	32	0	191530	0	0	0	nan	0	0	0	0	0	0	nan	0	0	0	nan	nan	nan	nan	nan	nan
16	u	0	191532	0	nan	32	0	191532	0	0	0	nan	0	0	0	0	0	0	nan	0	0	0	nan	nan	nan	nan	nan	nan
17	g	0	191534	0	nan	32	0	191534	0	0	0	nan	0	0	0	0	0	0	nan	0	0	0	nan	nan	nan	nan	nan	nan
18	u	0	191539	0	nan	32	0	191539	0	0	0	nan	0	0	0	0	0	0	nan	0	0	0	nan	nan	nan	nan	nan	nan
19	a	0	191550	0	nan	32	0	191550	0	0	0	nan	0	0	0	0	0	0	nan	0	0	0	nan	nan	nan	nan	nan	nan
20	A	0	191556	6	0.000000	32	0	191556	0	0	0	nan	0	0	0	0	0	0	nan	0	0	0	0.000000	0.000000	nan	nan	nan	nan
21	G	0	191562	10	0.000000	32	0	191562	0	0	0	nan	0	0	0	0	0	0	nan	0	0	0	0.000000	0.000000	nan	nan	nan	nan
22	G	0	191571	18	0.000000	32	0	191571	0	0	0	nan	0	0	0	0	0	0	nan	0	0	0	0.000000	0.000000	nan	nan	nan	nan
23	U	0	191577	191295	0.000000	32	0	191577	0	0	0	nan	0	0	0	0	0	0	nan	0	0	0	0.000000	0.000000	0.000000	0.000000	0.000000	0.000000
24	U	403	191582	191280	0.002107	32	0	191582	0	0	0	nan	0	0	0	0	0	0	nan	0	0	0	0.002107	0.000105	0.002107	0.000105	0.851313	0.042424
25	G	121	191585	190098	0.000637	32	0	191585	0	0	0	nan	0	0	0	0	0	0	nan	0	0	0	0.000637	0.000058	0.000637	0.000058	nan	nan
26	A	6732	191586	190635	0.035314	32	0	191586	0	0	0	nan	0	0	0	0	0	0	nan	0	0	0	0.035314	0.000430	0.035314	0.000430	1.204177	0.014663
27	A	5852	191587	190527	0.030715	32	0	191587	0	0	0	nan	0	0	0	0	0	0	nan	0	0	0	0.030715	0.000402	0.030715	0.000402	1.047355	0.013708
28	C	3569	191588	190185	0.018766	32	0	191588	0	0	0	nan	0	0	0	0	0	0	nan	0	0	0	0.018766	0.000314	0.018766	0.000314	1.155080	0.019327
29	U	240	191587	190674	0.001259	32	0	191587	0	0	0	nan	0	0	0	0	0	0	nan	0	0	0	0.001259	0.000081	0.001259	0.000081	0.508687	0.032727
30	U	422	191587	190872	0.002211	32	0	191587	0	0	0	nan	0	0	0	0	0	0	nan	0	0	0	0.002211	0.000108	0.002211	0.000108	0.893333	0.043636
31	U	497	191588	190932	0.002603	32	0	191583	0	0	0	nan	0	0	0	0	0	0	nan	0	0	0	0.002603	0.000117	0.002603	0.000117	1.051717	0.047273
32	U	289	191590	190861	0.001514	32	0	191560	0	0	0	nan	0	0	0	0	0	0	nan	0	0	0	0.001514	0.000089	0.001514	0.000089	0.611717	0.035960
33	G	136	191599	189542	0.000718	32	0	191557	0	0	0	nan	0	0	0	0	0	0	nan	0	0	0	0.000718	0.000062	0.000718	0.000062	nan	nan
34	A	2864	191611	190550	0.015030	32	0	191565	0	0	0	nan	0	0	0	0	0	0	nan	0	0	0	0.015030	0.000281	0.015030	0.000281	0.512510	0.009582
35	A	2218	191613	190455	0.011646	32	0	191567	0	0	0	nan	0	0	0	0	0	0	nan	0	0	0	0.011646	0.000247	0.011646	0.000247	0.397119	0.008422
36	U	235	191617	190152	0.001236	32	0	191571	0	0	0	nan	0	0	0	0	0	0	nan	0	0	0	0.001236	0.000081	0.001236	0.000081	0.499394	0.032727
37	A	9105	191619	190040	0.047911	32	0	191574	0	0	0	nan	0	0	0	0	0	0	nan	0	0	0	0.047911	0.000502	0.047911	0.000502	1.633724	0.017118
38	G	171	191643	187474	0.000912	32	0	191620	0	0	0	nan	0	0	0	0	0	0	nan	0	0	0	0.000912	0.000070	0.000912	0.000070	nan	nan
39	U	468	191646	190709	0.002454	32	0	191625	0	0	0	nan	0	0	0	0	0	0	nan	0	0	0	0.002454	0.000113	0.002454	0.000113	0.991515	0.045657
40	G	230	191651	189929	0.001211	32	0	191631	0	0	0	nan	0	0	0	0	0	0	nan	0	0	0	0.001211	0.000080	0.001211	0.000080	nan	nan
41	A	3102	191653	190652	0.016270	32	0	191635	0	0	0	nan	0	0	0	0	0	0	nan	0	0	0	0.016270	0.000292	0.016270	0.000292	0.554793	0.009957
42	U	472	191659	190694	0.002475	32	0	191643	0	0	0	nan	0	0	0	0	0	0	nan	0	0	0	0.002475	0.000114	0.002475	0.000114	1.000000	0.046061
43	U	420	191666	190847	0.002201	32	0	191652	0	0	0	nan	0	0	0	0	0	0	nan	0	0	0	0.002201	0.000107	0.002201	0.000107	0.889293	0.043232
44	C	1657	191681	190713	0.008688	32	0	191673	0	0	0	nan	0	0	0	0	0	0	nan	0	0	0	0.008688	0.000213	0.008688	0.000213	0.534761	0.013111
45	A	2168	191693	190712	0.011368	32	0	191684	0	0	0	nan	0	0	0	0	0	0	nan	0	0	0	0.011368	0.000244	0.011368	0.000244	0.387639	0.008320
46	G	172	191699	189700	0.000907	32	0	191692	0	0	0	nan	0	0	0	0	0	0	nan	0	0	0	0.000907	0.000069	0.000907	0.000069	nan	nan
47	G	151	191701	189644	0.000796	32	0	191693	0	0	0	nan	0	0	0	0	0	0	nan	0	0	0	0.000796	0.000065	0.000796	0.000065	nan	nan
48	A	2129	191702	190734	0.011162	32	0	191693	0	0	0	nan	0	0	0	0	0	0	nan	0	0	0	0.011162	0.000242	0.011162	0.000242	0.380615	0.008252
49	G	198	191705	189719	0.001044	32	0	191699	0	0	0	nan	0	0	0	0	0	0	nan	0	0	0	0.001044	0.000074	0.001044	0.000074	nan	nan
50	G	211	191707	189348	0.001114	32	0	191704	0	0	0	nan	0	0	0	0	0	0	nan	0	0	0	0.001114	0.000077	0.001114	0.000077	nan	nan
51	U	437	191709	190705	0.002291	32	0	191706	0	0	0	nan	0	0	0	0	0	0	nan	0	0	0	0.002291	0.000110	0.002291	0.000110	0.925657	0.044444
52	U	305	191711	190464	0.001601	32	0	191708	0	0	0	nan	0	0	0	0	0	0	nan	0	0	0	0.001601	0.000092	0.001601	0.000092	0.646869	0.037172
53	A	4779	191706	189946	0.025160	32	0	191702	0	0	0	nan	0	0	0	0	0	0	nan	0	0	0	0.025160	0.000364	0.025160	0.000364	0.857934	0.012412
54	A	3690	191588	189757	0.019446	32	0	191578	0	0	0	nan	0	0	0	0	0	0	nan	0	0	0	0.019446	0.000320	0.019446	0.000320	0.663092	0.010912
55	U	459	191590	189774	0.002419	32	0	191584	0	0	0	nan	0	0	0	0	0	0	nan	0	0	0	0.002419	0.000113	0.002419	0.000113	0.977374	0.045657
56	G	227	191598	189299	0.001199	32	0	191593	0	0	0	nan	0	0	0	0	0	0	nan	0	0	0	0.001199	0.000080	0.001199	0.000080	nan	nan
57	G	0	191623	189142	0.000000	32	0	191621	0	0	0	nan	0	0	0	0	0	0	nan	0	0	0	0.000000	0.000000	0.000000	0.000000	nan	nan
58	A	0	191631	0	nan	32	0	191631	0	0	0	nan	0	0	0	0	0	0	nan	0	0	0	nan	nan	nan	nan	nan	nan
59	A	0	191631	0	nan	32	0	191631	0	0	0	nan	0	0	0	0	0	0	nan	0	0	0	nan	nan	nan	nan	nan	nan
60	G	0	191631	0	nan	32	0	191631	0	0	0	nan	0	0	0	0	0	0	nan	0	0	0	nan	nan	nan	nan	nan	nan
61	u	0	191631	0	nan	32	0	191631	0	0	0	nan	0	0	0	0	0	0	nan	0	0	0	nan	nan	nan	nan	nan	nan
62	a	0	191631	0	nan	32	0	191631	0	0	0	nan	0	0	0	0	0	0	nan	0	0	0	nan	nan	nan	nan	nan	nan
63	a	0	191631	0	nan	32	0	191631	0	0	0	nan	0	0	0	0	0	0	nan	0	0	0	nan	nan	nan	nan	nan	nan
64	a	0	191631	0	nan	31	0	191631	0	0	0	nan	0	0	0	0	0	0	nan	0	0	0	nan	nan	nan	nan	nan	nan
65	g	0	191631	0	nan	31	0	191631	0	0	0	nan	0	0	0	0	0	0	nan	0	0	0	nan	nan	nan	nan	nan	nan
66	g	0	191631	0	nan	31	0	191631	0	0	0	nan	0	0	0	0	0	0	nan	0	0	0	nan	nan	nan	nan	nan	nan
67	u	0	191631	0	nan	30	0	191631	0	0	0	nan	0	0	0	0	0	0	nan	0	0	0	nan	nan	nan	nan	nan	nan
68	a	0	191631	0	nan	30	0	191631	0	0	0	nan	0	0	0	0	0	0	nan	0	0	0	nan	nan	nan	nan	nan	nan
69	a	0	191631	0	nan	30	0	191631	0	0	0	nan	0	0	0	0	0	0	nan	0	0	0	nan	nan	nan	nan	nan	nan
70	u	0	191631	0	nan	30	0	191631	0	0	0	nan	0	0	0	0	0	0	nan	0	0	0	nan	nan	nan	nan	nan	nan
71	g	0	191631	0	nan	30	0	191631	0	0	0	nan	0	0	0	0	0	0	nan	0	0	0	nan	nan	nan	nan	nan	nan
72	a	0	191631	0	nan	30	0	191631	0	0	0	nan	0	0	0	0	0	0	nan	0	0	0	nan	nan	nan	nan	nan	nan
73	a	0	191631	0	nan	30	0	191631	0	0	0	nan	0	0	0	0	0	0	nan	0	0	0	nan	nan	nan	nan	nan	nan
74	g	0	191631	0	nan	30	0	191631	0	0	0	nan	0	0	0	0	0	0	nan	0	0	0	nan	nan	nan	nan	nan	nan
75	g	0	191631	0	nan	30	0	191631	0	0	0	nan	0	0	0	0	0	0	nan	0	0	0	nan	nan	nan	nan	nan	nan
76	u	0	191629	0	nan	30	0	191629	0	0	0	nan	0	0	0	0	0	0	nan	0	0	0	nan	nan	nan	nan	nan	nan
77	g	0	191627	0	nan	30	0	191627	0	0	0	nan	0	0	0	0	0	0	nan	0	0	0	nan	nan	nan	nan	nan	nan
78	a	0	191627	0	nan	30	0	191627	0	0	0	nan	0	0	0	0	0	0	nan	0	0	0	nan	nan	nan	nan	nan	nan
79	a	0	191603	0	nan	30	0	191603	0	0	0	nan	0	0	0	0	0	0	nan	0	0	0	nan	nan	nan	nan	nan	nan
80	g	0	191555	0	nan	30	0	191555	0	0	0	nan	0	0	0	0	0	0	nan	0	0	0	nan	nan	nan	nan	nan	nan