Nucleotide	Sequence	Modified_mutations	Modified_read_depth	Modified_effective_depth	Modified_rate	Modified_off_target_mapped_depth	Modified_low_mapq_mapped_depth	Modified_primer_pair_1_mapped_depth	Untreated_mutations	Untreated_read_depth	Untreated_effective_depth	Untreated_rate	Untreated_off_target_mapped_depth	Untreated_low_mapq_mapped_depth	Untreated_primer_pair_1_mapped_depth	Denatured_mutations	Denatured_read_depth	Denatured_effective_depth	Denatured_rate	Denatured_off_target_mapped_depth	Denatured_low_mapq_mapped_depth	Denatured_primer_pair_1_mapped_depth	Reactivity_profile	Std_err	HQ_profile	HQ_stderr	Norm_profile	Norm_stderr
1	g	0	25045	0	nan	12	0	25045	0	0	0	nan	0	0	0	0	0	0	nan	0	0	0	nan	nan	nan	nan	nan	nan
2	g	0	25068	0	nan	12	0	25068	0	0	0	nan	0	0	0	0	0	0	nan	0	0	0	nan	nan	nan	nan	nan	nan
3	a	0	25073	0	nan	12	0	25073	0	0	0	nan	0	0	0	0	0	0	nan	0	0	0	nan	nan	nan	nan	nan	nan
4	u	0	25075	0	nan	12	0	25075	0	0	0	nan	0	0	0	0	0	0	nan	0	0	0	nan	nan	nan	nan	nan	nan
5	a	0	25078	0	nan	12	0	25078	0	0	0	nan	0	0	0	0	0	0	nan	0	0	0	nan	nan	nan	nan	nan	nan
6	a	0	25078	0	nan	12	0	25078	0	0	0	nan	0	0	0	0	0	0	nan	0	0	0	nan	nan	nan	nan	nan	nan
7	u	0	25078	0	nan	12	0	25078	0	0	0	nan	0	0	0	0	0	0	nan	0	0	0	nan	nan	nan	nan	nan	nan
8	c	0	25078	0	nan	12	0	25078	0	0	0	nan	0	0	0	0	0	0	nan	0	0	0	nan	nan	nan	nan	nan	nan
9	c	0	25078	0	nan	12	0	25078	0	0	0	nan	0	0	0	0	0	0	nan	0	0	0	nan	nan	nan	nan	nan	nan
10	a	0	25078	0	nan	12	0	25078	0	0	0	nan	0	0	0	0	0	0	nan	0	0	0	nan	nan	nan	nan	nan	nan
11	a	0	25078	0	nan	12	0	25078	0	0	0	nan	0	0	0	0	0	0	nan	0	0	0	nan	nan	nan	nan	nan	nan
12	a	0	25078	0	nan	12	0	25078	0	0	0	nan	0	0	0	0	0	0	nan	0	0	0	nan	nan	nan	nan	nan	nan
13	a	0	25078	0	nan	12	0	25078	0	0	0	nan	0	0	0	0	0	0	nan	0	0	0	nan	nan	nan	nan	nan	nan
14	c	0	25078	0	nan	12	0	25078	0	0	0	nan	0	0	0	0	0	0	nan	0	0	0	nan	nan	nan	nan	nan	nan
15	a	0	25078	0	nan	12	0	25078	0	0	0	nan	0	0	0	0	0	0	nan	0	0	0	nan	nan	nan	nan	nan	nan
16	a	0	25078	0	nan	12	0	25078	0	0	0	nan	0	0	0	0	0	0	nan	0	0	0	nan	nan	nan	nan	nan	nan
17	c	0	25078	0	nan	12	0	25078	0	0	0	nan	0	0	0	0	0	0	nan	0	0	0	nan	nan	nan	nan	nan	nan
18	a	0	25078	0	nan	12	0	25078	0	0	0	nan	0	0	0	0	0	0	nan	0	0	0	nan	nan	nan	nan	nan	nan
19	a	0	25078	0	nan	12	0	25078	0	0	0	nan	0	0	0	0	0	0	nan	0	0	0	nan	nan	nan	nan	nan	nan
20	c	0	25078	0	nan	12	0	25078	0	0	0	nan	0	0	0	0	0	0	nan	0	0	0	nan	nan	nan	nan	nan	nan
21	c	0	25078	0	nan	12	0	25078	0	0	0	nan	0	0	0	0	0	0	nan	0	0	0	nan	nan	nan	nan	nan	nan
22	A	0	25078	0	nan	12	0	25078	0	0	0	nan	0	0	0	0	0	0	nan	0	0	0	nan	nan	nan	nan	nan	nan
23	A	0	25078	0	nan	12	0	25078	0	0	0	nan	0	0	0	0	0	0	nan	0	0	0	nan	nan	nan	nan	nan	nan
24	A	0	25078	0	nan	12	0	25078	0	0	0	nan	0	0	0	0	0	0	nan	0	0	0	nan	nan	nan	nan	nan	nan
25	G	0	25078	21406	0.000000	12	0	25078	0	0	0	nan	0	0	0	0	0	0	nan	0	0	0	0.000000	0.000000	0.000000	0.000000	nan	nan
26	G	17	25078	19260	0.000883	12	0	25076	0	0	0	nan	0	0	0	0	0	0	nan	0	0	0	0.000883	0.000214	0.000883	0.000214	nan	nan
27	A	450	25078	19142	0.023509	12	0	25076	0	0	0	nan	0	0	0	0	0	0	nan	0	0	0	0.023509	0.001108	0.023509	0.001108	0.723677	0.034108
28	A	249	25078	18700	0.013316	12	0	25076	0	0	0	nan	0	0	0	0	0	0	nan	0	0	0	0.013316	0.000844	0.013316	0.000844	0.409906	0.025981
29	U	77	25078	22215	0.003466	12	0	25074	0	0	0	nan	0	0	0	0	0	0	nan	0	0	0	0.003466	0.000395	0.003466	0.000395	0.829584	0.094543
30	U	47	25077	22513	0.002088	12	0	25072	0	0	0	nan	0	0	0	0	0	0	nan	0	0	0	0.002088	0.000305	0.002088	0.000305	0.499761	0.073001
31	G	13	25077	23235	0.000560	12	0	25069	0	0	0	nan	0	0	0	0	0	0	nan	0	0	0	0.000560	0.000155	0.000560	0.000155	nan	nan
32	C	279	25077	23514	0.011865	12	0	25065	0	0	0	nan	0	0	0	0	0	0	nan	0	0	0	0.011865	0.000710	0.011865	0.000710	0.679417	0.040656
33	G	26	25077	23168	0.001122	12	0	25056	0	0	0	nan	0	0	0	0	0	0	nan	0	0	0	0.001122	0.000220	0.001122	0.000220	nan	nan
34	G	6	25076	23324	0.000257	12	0	25048	0	0	0	nan	0	0	0	0	0	0	nan	0	0	0	0.000257	0.000105	0.000257	0.000105	nan	nan
35	G	13	25075	20842	0.000624	12	0	25041	0	0	0	nan	0	0	0	0	0	0	nan	0	0	0	0.000624	0.000173	0.000624	0.000173	nan	nan
36	A	207	25075	19680	0.010518	12	0	25039	0	0	0	nan	0	0	0	0	0	0	nan	0	0	0	0.010518	0.000731	0.010518	0.000731	0.323775	0.022502
37	A	602	25075	18859	0.031921	12	0	25032	0	0	0	nan	0	0	0	0	0	0	nan	0	0	0	0.031921	0.001301	0.031921	0.001301	0.982623	0.040049
38	A	693	25075	20968	0.033050	12	0	25030	0	0	0	nan	0	0	0	0	0	0	nan	0	0	0	0.033050	0.001255	0.033050	0.001255	1.017377	0.038633
39	G	17	25075	22197	0.000766	12	0	25030	0	0	0	nan	0	0	0	0	0	0	nan	0	0	0	0.000766	0.000186	0.000766	0.000186	nan	nan
40	G	10	25075	22859	0.000437	12	0	25029	0	0	0	nan	0	0	0	0	0	0	nan	0	0	0	0.000437	0.000138	0.000437	0.000138	nan	nan
41	G	12	25075	22843	0.000525	12	0	25028	0	0	0	nan	0	0	0	0	0	0	nan	0	0	0	0.000525	0.000152	0.000525	0.000152	nan	nan
42	G	19	25075	23170	0.000820	12	0	25028	0	0	0	nan	0	0	0	0	0	0	nan	0	0	0	0.000820	0.000188	0.000820	0.000188	nan	nan
43	U	40	25075	23473	0.001704	12	0	25027	0	0	0	nan	0	0	0	0	0	0	nan	0	0	0	0.001704	0.000269	0.001704	0.000269	0.407851	0.064385
44	C	121	25076	21609	0.005600	12	0	25024	0	0	0	nan	0	0	0	0	0	0	nan	0	0	0	0.005600	0.000509	0.005600	0.000509	0.320669	0.029147
45	A	436	25076	20060	0.021735	12	0	25014	0	0	0	nan	0	0	0	0	0	0	nan	0	0	0	0.021735	0.001041	0.021735	0.001041	0.669068	0.032045
46	A	190	25076	20131	0.009438	12	0	25011	0	0	0	nan	0	0	0	0	0	0	nan	0	0	0	0.009438	0.000685	0.009438	0.000685	0.290530	0.021086
47	C	564	25076	21421	0.026329	12	0	25009	0	0	0	nan	0	0	0	0	0	0	nan	0	0	0	0.026329	0.001109	0.026329	0.001109	1.507659	0.063504
48	A	660	25076	23006	0.028688	12	0	25009	0	0	0	nan	0	0	0	0	0	0	nan	0	0	0	0.028688	0.001117	0.028688	0.001117	0.883102	0.034385
49	G	23	25076	22936	0.001003	12	0	25009	0	0	0	nan	0	0	0	0	0	0	nan	0	0	0	0.001003	0.000209	0.001003	0.000209	nan	nan
50	C	38	25076	22099	0.001720	12	0	25007	0	0	0	nan	0	0	0	0	0	0	nan	0	0	0	0.001720	0.000279	0.001720	0.000279	0.098491	0.015976
51	C	25	25076	22013	0.001136	12	0	25002	0	0	0	nan	0	0	0	0	0	0	nan	0	0	0	0.001136	0.000227	0.001136	0.000227	0.065050	0.012999
52	G	18	25076	21366	0.000842	12	0	24996	0	0	0	nan	0	0	0	0	0	0	nan	0	0	0	0.000842	0.000199	0.000842	0.000199	nan	nan
53	U	103	25076	22487	0.004580	12	0	24996	0	0	0	nan	0	0	0	0	0	0	nan	0	0	0	0.004580	0.000451	0.004580	0.000451	1.096218	0.107946
54	U	48	25076	22105	0.002171	12	0	24995	0	0	0	nan	0	0	0	0	0	0	nan	0	0	0	0.002171	0.000313	0.002171	0.000313	0.519627	0.074916
55	C	49	25076	22913	0.002139	12	0	24992	0	0	0	nan	0	0	0	0	0	0	nan	0	0	0	0.002139	0.000306	0.002139	0.000306	0.122484	0.017522
56	A	81	25076	23007	0.003521	12	0	24990	0	0	0	nan	0	0	0	0	0	0	nan	0	0	0	0.003521	0.000391	0.003521	0.000391	0.108387	0.012036
57	G	19	25077	23447	0.000810	12	0	24990	0	0	0	nan	0	0	0	0	0	0	nan	0	0	0	0.000810	0.000186	0.000810	0.000186	nan	nan
58	U	10	25077	23209	0.000431	12	0	24990	0	0	0	nan	0	0	0	0	0	0	nan	0	0	0	0.000431	0.000136	0.000431	0.000136	0.103159	0.032551
59	A	193	25076	23131	0.008344	12	0	24988	0	0	0	nan	0	0	0	0	0	0	nan	0	0	0	0.008344	0.000601	0.008344	0.000601	0.256853	0.018501
60	C	47	25076	23253	0.002021	12	0	24989	0	0	0	nan	0	0	0	0	0	0	nan	0	0	0	0.002021	0.000295	0.002021	0.000295	0.115727	0.016892
61	C	35	25076	23403	0.001496	12	0	24987	0	0	0	nan	0	0	0	0	0	0	nan	0	0	0	0.001496	0.000253	0.001496	0.000253	0.085664	0.014487
62	A	961	25076	22895	0.041974	12	0	24984	0	0	0	nan	0	0	0	0	0	0	nan	0	0	0	0.041974	0.001354	0.041974	0.001354	1.292084	0.041680
63	A	641	25076	22903	0.027988	12	0	24982	0	0	0	nan	0	0	0	0	0	0	nan	0	0	0	0.027988	0.001105	0.027988	0.001105	0.861554	0.034015
64	G	13	25075	23225	0.000560	11	0	24978	0	0	0	nan	0	0	0	0	0	0	nan	0	0	0	0.000560	0.000155	0.000560	0.000155	nan	nan
65	U	16	25076	21761	0.000735	11	0	24975	0	0	0	nan	0	0	0	0	0	0	nan	0	0	0	0.000735	0.000184	0.000735	0.000184	0.175921	0.044040
66	C	19	25087	21987	0.000864	11	0	24983	0	0	0	nan	0	0	0	0	0	0	nan	0	0	0	0.000864	0.000198	0.000864	0.000198	0.049475	0.011338
67	U	28	25405	22254	0.001258	11	0	25390	0	0	0	nan	0	0	0	0	0	0	nan	0	0	0	0.001258	0.000238	0.001258	0.000238	0.301101	0.056965
68	C	18	25413	24561	0.000733	11	0	25398	0	0	0	nan	0	0	0	0	0	0	nan	0	0	0	0.000733	0.000173	0.000733	0.000173	0.041973	0.009906
69	A	148	25415	24239	0.006106	11	0	25401	0	0	0	nan	0	0	0	0	0	0	nan	0	0	0	0.006106	0.000502	0.006106	0.000502	0.187961	0.015453
70	G	21	25415	23902	0.000879	11	0	25401	0	0	0	nan	0	0	0	0	0	0	nan	0	0	0	0.000879	0.000192	0.000879	0.000192	nan	nan
71	G	34	25415	23916	0.001422	11	0	25400	0	0	0	nan	0	0	0	0	0	0	nan	0	0	0	0.001422	0.000244	0.001422	0.000244	nan	nan
72	G	5	25415	24191	0.000207	11	0	25400	0	0	0	nan	0	0	0	0	0	0	nan	0	0	0	0.000207	0.000092	0.000207	0.000092	nan	nan
73	G	12	25415	24952	0.000481	11	0	25399	0	0	0	nan	0	0	0	0	0	0	nan	0	0	0	0.000481	0.000139	0.000481	0.000139	nan	nan
74	A	242	25418	24953	0.009698	11	0	25402	0	0	0	nan	0	0	0	0	0	0	nan	0	0	0	0.009698	0.000623	0.009698	0.000623	0.298533	0.019178
75	A	239	25418	25116	0.009516	11	0	25403	0	0	0	nan	0	0	0	0	0	0	nan	0	0	0	0.009516	0.000616	0.009516	0.000616	0.292931	0.018962
76	A	323	25419	25084	0.012877	11	0	25404	0	0	0	nan	0	0	0	0	0	0	nan	0	0	0	0.012877	0.000716	0.012877	0.000716	0.396392	0.022041
77	C	44	25419	25090	0.001754	11	0	25402	0	0	0	nan	0	0	0	0	0	0	nan	0	0	0	0.001754	0.000264	0.001754	0.000264	0.100438	0.015117
78	U	16	25419	25025	0.000639	11	0	25402	0	0	0	nan	0	0	0	0	0	0	nan	0	0	0	0.000639	0.000160	0.000639	0.000160	0.152944	0.038296
79	U	81	25420	25028	0.003236	11	0	25403	0	0	0	nan	0	0	0	0	0	0	nan	0	0	0	0.003236	0.000360	0.003236	0.000360	0.774533	0.086166
80	U	41	25420	24619	0.001665	11	0	25401	0	0	0	nan	0	0	0	0	0	0	nan	0	0	0	0.001665	0.000260	0.001665	0.000260	0.398516	0.062231
81	G	15	25420	24594	0.000610	11	0	25400	0	0	0	nan	0	0	0	0	0	0	nan	0	0	0	0.000610	0.000157	0.000610	0.000157	nan	nan
82	A	63	25421	24659	0.002555	11	0	25400	0	0	0	nan	0	0	0	0	0	0	nan	0	0	0	0.002555	0.000322	0.002555	0.000322	0.078650	0.009912
83	G	14	25421	25096	0.000558	11	0	25400	0	0	0	nan	0	0	0	0	0	0	nan	0	0	0	0.000558	0.000149	0.000558	0.000149	nan	nan
84	A	59	25420	25139	0.002347	11	0	25398	0	0	0	nan	0	0	0	0	0	0	nan	0	0	0	0.002347	0.000306	0.002347	0.000306	0.072248	0.009420
85	U	20	25420	25107	0.000797	11	0	25398	0	0	0	nan	0	0	0	0	0	0	nan	0	0	0	0.000797	0.000178	0.000797	0.000178	0.190761	0.042604
86	G	12	25420	25124	0.000478	11	0	25397	0	0	0	nan	0	0	0	0	0	0	nan	0	0	0	0.000478	0.000138	0.000478	0.000138	nan	nan
87	G	12	25420	25104	0.000478	11	0	25397	0	0	0	nan	0	0	0	0	0	0	nan	0	0	0	0.000478	0.000138	0.000478	0.000138	nan	nan
88	C	56	25419	23057	0.002429	11	0	25396	0	0	0	nan	0	0	0	0	0	0	nan	0	0	0	0.002429	0.000325	0.002429	0.000325	0.139090	0.018610
89	C	21	25419	23010	0.000913	11	0	25396	0	0	0	nan	0	0	0	0	0	0	nan	0	0	0	0.000913	0.000199	0.000913	0.000199	0.052280	0.011395
90	U	24	25420	22955	0.001046	11	0	25397	0	0	0	nan	0	0	0	0	0	0	nan	0	0	0	0.001046	0.000213	0.001046	0.000213	0.250359	0.050981
91	U	69	25421	25042	0.002755	11	0	25398	0	0	0	nan	0	0	0	0	0	0	nan	0	0	0	0.002755	0.000332	0.002755	0.000332	0.659406	0.079464
92	G	33	25422	24898	0.001325	11	0	25399	0	0	0	nan	0	0	0	0	0	0	nan	0	0	0	0.001325	0.000231	0.001325	0.000231	nan	nan
93	C	1227	25422	24845	0.049386	11	0	25399	0	0	0	nan	0	0	0	0	0	0	nan	0	0	0	0.049386	0.001410	0.049386	0.001410	2.827955	0.080740
94	A	383	25423	24852	0.015411	11	0	25400	0	0	0	nan	0	0	0	0	0	0	nan	0	0	0	0.015411	0.000787	0.015411	0.000787	0.474396	0.024226
95	A	597	25424	24932	0.023945	11	0	25402	0	0	0	nan	0	0	0	0	0	0	nan	0	0	0	0.023945	0.000980	0.023945	0.000980	0.737098	0.030167
96	A	574	25424	25047	0.022917	11	0	25402	0	0	0	nan	0	0	0	0	0	0	nan	0	0	0	0.022917	0.000957	0.022917	0.000957	0.705453	0.029459
97	G	10	25424	25046	0.000399	11	0	25402	0	0	0	nan	0	0	0	0	0	0	nan	0	0	0	0.000399	0.000126	0.000399	0.000126	nan	nan
98	G	6	25424	25125	0.000239	11	0	25402	0	0	0	nan	0	0	0	0	0	0	nan	0	0	0	0.000239	0.000097	0.000239	0.000097	nan	nan
99	G	13	25424	25053	0.000519	11	0	25402	0	0	0	nan	0	0	0	0	0	0	nan	0	0	0	0.000519	0.000144	0.000519	0.000144	nan	nan
100	U	15	25424	25142	0.000597	11	0	25402	0	0	0	nan	0	0	0	0	0	0	nan	0	0	0	0.000597	0.000154	0.000597	0.000154	0.142891	0.036860
101	A	333	25425	25106	0.013264	11	0	25404	0	0	0	nan	0	0	0	0	0	0	nan	0	0	0	0.013264	0.000727	0.013264	0.000727	0.408305	0.022379
102	U	106	25425	25132	0.004218	11	0	25404	0	0	0	nan	0	0	0	0	0	0	nan	0	0	0	0.004218	0.000410	0.004218	0.000410	1.009574	0.098133
103	G	6	25426	24984	0.000240	11	0	25405	0	0	0	nan	0	0	0	0	0	0	nan	0	0	0	0.000240	0.000098	0.000240	0.000098	nan	nan
104	G	8	25426	24958	0.000321	11	0	25405	0	0	0	nan	0	0	0	0	0	0	nan	0	0	0	0.000321	0.000113	0.000321	0.000113	nan	nan
105	U	21	25426	24989	0.000840	11	0	25406	0	0	0	nan	0	0	0	0	0	0	nan	0	0	0	0.000840	0.000183	0.000840	0.000183	0.201053	0.043801
106	A	499	25423	25084	0.019893	11	0	25402	0	0	0	nan	0	0	0	0	0	0	nan	0	0	0	0.019893	0.000891	0.019893	0.000891	0.612366	0.027428
107	A	106	25423	25072	0.004228	11	0	25402	0	0	0	nan	0	0	0	0	0	0	nan	0	0	0	0.004228	0.000411	0.004228	0.000411	0.130150	0.012652
108	U	60	25423	25008	0.002399	11	0	25402	0	0	0	nan	0	0	0	0	0	0	nan	0	0	0	0.002399	0.000310	0.002399	0.000310	0.574198	0.074198
109	A	31	25422	25011	0.001239	11	0	25402	0	0	0	nan	0	0	0	0	0	0	nan	0	0	0	0.001239	0.000223	0.001239	0.000223	0.038140	0.006865
110	A	195	25422	25073	0.007777	11	0	25402	0	0	0	nan	0	0	0	0	0	0	nan	0	0	0	0.007777	0.000557	0.007777	0.000557	0.239399	0.017146
111	G	16	25422	25078	0.000638	11	0	25402	0	0	0	nan	0	0	0	0	0	0	nan	0	0	0	0.000638	0.000160	0.000638	0.000160	nan	nan
112	C	24	25422	25212	0.000952	11	0	25402	0	0	0	nan	0	0	0	0	0	0	nan	0	0	0	0.000952	0.000194	0.000952	0.000194	0.054514	0.011109
113	U	21	25421	25172	0.000834	11	0	25401	0	0	0	nan	0	0	0	0	0	0	nan	0	0	0	0.000834	0.000182	0.000834	0.000182	0.199617	0.043562
114	G	7	25421	25113	0.000279	11	0	25401	0	0	0	nan	0	0	0	0	0	0	nan	0	0	0	0.000279	0.000105	0.000279	0.000105	nan	nan
115	A	100	25421	25110	0.003982	11	0	25401	0	0	0	nan	0	0	0	0	0	0	nan	0	0	0	0.003982	0.000398	0.003982	0.000398	0.122578	0.012252
116	C	43	25421	25134	0.001711	11	0	25401	0	0	0	nan	0	0	0	0	0	0	nan	0	0	0	0.001711	0.000261	0.001711	0.000261	0.097976	0.014945
117	G	17	25421	24982	0.000680	11	0	25400	0	0	0	nan	0	0	0	0	0	0	nan	0	0	0	0.000680	0.000165	0.000680	0.000165	nan	nan
118	G	6	25421	25040	0.000240	11	0	25400	0	0	0	nan	0	0	0	0	0	0	nan	0	0	0	0.000240	0.000098	0.000240	0.000098	nan	nan
119	A	106	25421	25030	0.004235	11	0	25399	0	0	0	nan	0	0	0	0	0	0	nan	0	0	0	0.004235	0.000411	0.004235	0.000411	0.130366	0.012652
120	C	67	25421	25170	0.002662	11	0	25399	0	0	0	nan	0	0	0	0	0	0	nan	0	0	0	0.002662	0.000325	0.002662	0.000325	0.152432	0.018610
121	A	1508	25421	25136	0.059994	11	0	25399	0	0	0	nan	0	0	0	0	0	0	nan	0	0	0	0.059994	0.001545	0.059994	0.001545	1.846793	0.047560
122	U	105	25420	25141	0.004176	11	0	25398	0	0	0	nan	0	0	0	0	0	0	nan	0	0	0	0.004176	0.000408	0.004176	0.000408	0.999521	0.097654
123	G	22	25419	25031	0.000879	11	0	25397	0	0	0	nan	0	0	0	0	0	0	nan	0	0	0	0.000879	0.000187	0.000879	0.000187	nan	nan
124	G	7	25419	25039	0.000280	11	0	25397	0	0	0	nan	0	0	0	0	0	0	nan	0	0	0	0.000280	0.000106	0.000280	0.000106	nan	nan
125	U	34	25419	24659	0.001379	11	0	25397	0	0	0	nan	0	0	0	0	0	0	nan	0	0	0	0.001379	0.000236	0.001379	0.000236	0.330062	0.056486
126	C	26	25419	24648	0.001055	11	0	25397	0	0	0	nan	0	0	0	0	0	0	nan	0	0	0	0.001055	0.000207	0.001055	0.000207	0.060412	0.011853
127	C	11	25419	24656	0.000446	11	0	25397	0	0	0	nan	0	0	0	0	0	0	nan	0	0	0	0.000446	0.000135	0.000446	0.000135	0.025539	0.007730
128	U	20	25418	24964	0.000801	11	0	25395	0	0	0	nan	0	0	0	0	0	0	nan	0	0	0	0.000801	0.000179	0.000801	0.000179	0.191719	0.042843
129	A	316	25348	24803	0.012740	11	0	25288	0	0	0	nan	0	0	0	0	0	0	nan	0	0	0	0.012740	0.000717	0.012740	0.000717	0.392175	0.022071
130	A	1421	25346	24752	0.057410	11	0	25289	0	0	0	nan	0	0	0	0	0	0	nan	0	0	0	0.057410	0.001523	0.057410	0.001523	1.767250	0.046882
131	C	88	25346	24725	0.003559	11	0	25293	0	0	0	nan	0	0	0	0	0	0	nan	0	0	0	0.003559	0.000379	0.003559	0.000379	0.203796	0.021702
132	C	25	25346	24706	0.001012	11	0	25293	0	0	0	nan	0	0	0	0	0	0	nan	0	0	0	0.001012	0.000202	0.001012	0.000202	0.057949	0.011567
133	A	334	25346	24679	0.013534	11	0	25293	0	0	0	nan	0	0	0	0	0	0	nan	0	0	0	0.013534	0.000741	0.013534	0.000741	0.416617	0.022810
134	C	40	25346	24697	0.001620	0	0	25293	0	0	0	nan	0	0	0	0	0	0	nan	0	0	0	0.001620	0.000256	0.001620	0.000256	0.092765	0.014659
135	G	26	25346	24523	0.001060	0	0	25293	0	0	0	nan	0	0	0	0	0	0	nan	0	0	0	0.001060	0.000208	0.001060	0.000208	nan	nan
136	C	39	25346	24609	0.001585	0	0	25293	0	0	0	nan	0	0	0	0	0	0	nan	0	0	0	0.001585	0.000254	0.001585	0.000254	0.090761	0.014545
137	A	92	25347	24630	0.003735	0	0	25294	0	0	0	nan	0	0	0	0	0	0	nan	0	0	0	0.003735	0.000389	0.003735	0.000389	0.114974	0.011975
138	G	21	25347	24603	0.000854	0	0	25294	0	0	0	nan	0	0	0	0	0	0	nan	0	0	0	0.000854	0.000186	0.000854	0.000186	nan	nan
139	C	176	25347	24636	0.007144	0	0	25294	0	0	0	nan	0	0	0	0	0	0	nan	0	0	0	0.007144	0.000539	0.007144	0.000539	0.409082	0.030864
140	C	102	25347	24575	0.004151	0	0	25294	0	0	0	nan	0	0	0	0	0	0	nan	0	0	0	0.004151	0.000411	0.004151	0.000411	0.237696	0.023535
141	A	333	25347	24508	0.013587	0	0	25295	0	0	0	nan	0	0	0	0	0	0	nan	0	0	0	0.013587	0.000745	0.013587	0.000745	0.418248	0.022933
142	A	441	25347	24485	0.018011	0	0	25296	0	0	0	nan	0	0	0	0	0	0	nan	0	0	0	0.018011	0.000858	0.018011	0.000858	0.554432	0.026412
143	G	14	25348	24379	0.000574	0	0	25297	0	0	0	nan	0	0	0	0	0	0	nan	0	0	0	0.000574	0.000153	0.000574	0.000153	nan	nan
144	U	40	25348	24452	0.001636	0	0	25297	0	0	0	nan	0	0	0	0	0	0	nan	0	0	0	0.001636	0.000259	0.001636	0.000259	0.391575	0.061991
145	C	20	25348	24511	0.000816	0	0	25297	0	0	0	nan	0	0	0	0	0	0	nan	0	0	0	0.000816	0.000182	0.000816	0.000182	0.046726	0.010422
146	C	19	25348	24093	0.000789	0	0	25297	0	0	0	nan	0	0	0	0	0	0	nan	0	0	0	0.000789	0.000181	0.000789	0.000181	0.045180	0.010364
147	U	45	25348	24073	0.001869	0	0	25299	0	0	0	nan	0	0	0	0	0	0	nan	0	0	0	0.001869	0.000279	0.001869	0.000279	0.447343	0.066778
148	A	105	25348	23921	0.004389	0	0	25302	0	0	0	nan	0	0	0	0	0	0	nan	0	0	0	0.004389	0.000428	0.004389	0.000428	0.135106	0.013175
149	A	396	25348	24066	0.016455	0	0	25303	0	0	0	nan	0	0	0	0	0	0	nan	0	0	0	0.016455	0.000827	0.016455	0.000827	0.506534	0.025458
150	G	12	25348	23772	0.000505	0	0	25304	0	0	0	nan	0	0	0	0	0	0	nan	0	0	0	0.000505	0.000146	0.000505	0.000146	nan	nan
151	U	38	25349	24028	0.001581	0	0	25305	0	0	0	nan	0	0	0	0	0	0	nan	0	0	0	0.001581	0.000257	0.001581	0.000257	0.378411	0.061513
152	C	68	25349	24362	0.002791	0	0	25306	0	0	0	nan	0	0	0	0	0	0	nan	0	0	0	0.002791	0.000338	0.002791	0.000338	0.159819	0.019355
153	A	125	25349	24534	0.005095	0	0	25308	0	0	0	nan	0	0	0	0	0	0	nan	0	0	0	0.005095	0.000456	0.005095	0.000456	0.156839	0.014037
154	A	155	25349	24483	0.006331	0	0	25308	0	0	0	nan	0	0	0	0	0	0	nan	0	0	0	0.006331	0.000509	0.006331	0.000509	0.194887	0.015669
155	C	63	25349	24380	0.002584	0	0	25309	0	0	0	nan	0	0	0	0	0	0	nan	0	0	0	0.002584	0.000326	0.002584	0.000326	0.147966	0.018668
156	A	65	25351	24487	0.002654	0	0	25312	0	0	0	nan	0	0	0	0	0	0	nan	0	0	0	0.002654	0.000329	0.002654	0.000329	0.081698	0.010128
157	G	10	25351	24240	0.000413	0	0	25313	0	0	0	nan	0	0	0	0	0	0	nan	0	0	0	0.000413	0.000130	0.000413	0.000130	nan	nan
158	A	324	25351	23928	0.013541	0	0	25313	0	0	0	nan	0	0	0	0	0	0	nan	0	0	0	0.013541	0.000752	0.013541	0.000752	0.416832	0.023149
159	U	100	25352	23922	0.004180	0	0	25314	0	0	0	nan	0	0	0	0	0	0	nan	0	0	0	0.004180	0.000418	0.004180	0.000418	1.000479	0.100048
160	C	506	25352	23839	0.021226	0	0	25314	0	0	0	nan	0	0	0	0	0	0	nan	0	0	0	0.021226	0.000944	0.021226	0.000944	1.215449	0.054056
161	U	83	25352	23721	0.003499	0	0	25315	0	0	0	nan	0	0	0	0	0	0	nan	0	0	0	0.003499	0.000384	0.003499	0.000384	0.837482	0.091910
162	U	54	25352	23709	0.002278	0	0	25316	0	0	0	nan	0	0	0	0	0	0	nan	0	0	0	0.002278	0.000310	0.002278	0.000310	0.545237	0.074198
163	C	14	25353	23926	0.000585	0	0	25318	0	0	0	nan	0	0	0	0	0	0	nan	0	0	0	0.000585	0.000156	0.000585	0.000156	0.033498	0.008933
164	U	19	25355	23435	0.000811	0	0	25321	0	0	0	nan	0	0	0	0	0	0	nan	0	0	0	0.000811	0.000186	0.000811	0.000186	0.194112	0.044519
165	G	13	25355	22683	0.000573	0	0	25323	0	0	0	nan	0	0	0	0	0	0	nan	0	0	0	0.000573	0.000159	0.000573	0.000159	nan	nan
166	U	37	25355	22843	0.001620	0	0	25328	0	0	0	nan	0	0	0	0	0	0	nan	0	0	0	0.001620	0.000266	0.001620	0.000266	0.387745	0.063667
167	U	27	25356	23971	0.001126	0	0	25330	0	0	0	nan	0	0	0	0	0	0	nan	0	0	0	0.001126	0.000217	0.001126	0.000217	0.269507	0.051939
168	G	15	25357	24651	0.000608	0	0	25336	0	0	0	nan	0	0	0	0	0	0	nan	0	0	0	0.000608	0.000157	0.000608	0.000157	nan	nan
169	A	44	25357	24575	0.001790	0	0	25337	0	0	0	nan	0	0	0	0	0	0	nan	0	0	0	0.001790	0.000270	0.001790	0.000270	0.055102	0.008311
170	U	31	25357	24376	0.001272	0	0	25338	0	0	0	nan	0	0	0	0	0	0	nan	0	0	0	0.001272	0.000228	0.001272	0.000228	0.304452	0.054572
171	A	66	25358	23981	0.002752	0	0	25341	0	0	0	nan	0	0	0	0	0	0	nan	0	0	0	0.002752	0.000339	0.002752	0.000339	0.084715	0.010435
172	U	55	25358	24221	0.002271	0	0	25341	0	0	0	nan	0	0	0	0	0	0	nan	0	0	0	0.002271	0.000306	0.002271	0.000306	0.543562	0.073241
173	G	10	25358	24420	0.000410	0	0	25341	0	0	0	nan	0	0	0	0	0	0	nan	0	0	0	0.000410	0.000129	0.000410	0.000129	nan	nan
174	G	16	25358	24782	0.000646	0	0	25344	0	0	0	nan	0	0	0	0	0	0	nan	0	0	0	0.000646	0.000161	0.000646	0.000161	nan	nan
175	A	70	25358	23258	0.003010	0	0	25344	0	0	0	nan	0	0	0	0	0	0	nan	0	0	0	0.003010	0.000360	0.003010	0.000360	0.092657	0.011082
176	U	14	25358	23233	0.000603	0	0	25344	0	0	0	nan	0	0	0	0	0	0	nan	0	0	0	0.000603	0.000161	0.000603	0.000161	0.144327	0.038535
177	G	12	25358	23174	0.000518	0	0	25344	0	0	0	nan	0	0	0	0	0	0	nan	0	0	0	0.000518	0.000149	0.000518	0.000149	nan	nan
178	C	335	25358	24450	0.013701	0	0	25344	0	0	0	nan	0	0	0	0	0	0	nan	0	0	0	0.013701	0.000749	0.013701	0.000749	0.784551	0.042889
179	A	204	25358	24431	0.008350	0	0	25344	0	0	0	nan	0	0	0	0	0	0	nan	0	0	0	0.008350	0.000585	0.008350	0.000585	0.257038	0.018008
180	G	31	25359	23519	0.001318	0	0	25347	0	0	0	nan	0	0	0	0	0	0	nan	0	0	0	0.001318	0.000237	0.001318	0.000237	nan	nan
181	U	25	25359	22909	0.001091	0	0	25347	0	0	0	nan	0	0	0	0	0	0	nan	0	0	0	0.001091	0.000218	0.001091	0.000218	0.261130	0.052178
182	U	27	25359	22661	0.001191	0	0	25348	0	0	0	nan	0	0	0	0	0	0	nan	0	0	0	0.001191	0.000229	0.001191	0.000229	0.285065	0.054811
183	C	112	25359	23515	0.004763	0	0	25349	0	0	0	nan	0	0	0	0	0	0	nan	0	0	0	0.004763	0.000450	0.004763	0.000450	0.272740	0.025768
184	A	144	25359	24290	0.005928	0	0	25349	0	0	0	nan	0	0	0	0	0	0	nan	0	0	0	0.005928	0.000494	0.005928	0.000494	0.182481	0.015207
185	A	332	25360	24320	0.013651	0	0	25351	0	0	0	nan	0	0	0	0	0	0	nan	0	0	0	0.013651	0.000749	0.013651	0.000749	0.420218	0.023056
186	C	86	25360	24127	0.003564	0	0	25354	0	0	0	nan	0	0	0	0	0	0	nan	0	0	0	0.003564	0.000384	0.003564	0.000384	0.204083	0.021989
187	C	26	25361	24093	0.001079	0	0	25358	0	0	0	nan	0	0	0	0	0	0	nan	0	0	0	0.001079	0.000212	0.001079	0.000212	0.061786	0.012140
188	A	73	25361	24197	0.003017	0	0	25360	0	0	0	nan	0	0	0	0	0	0	nan	0	0	0	0.003017	0.000353	0.003017	0.000353	0.092872	0.010866
189	A	66	25361	24134	0.002735	0	0	25360	0	0	0	nan	0	0	0	0	0	0	nan	0	0	0	0.002735	0.000337	0.002735	0.000337	0.084191	0.010374
190	A	0	25361	23246	0.000000	0	0	25361	0	0	0	nan	0	0	0	0	0	0	nan	0	0	0	0.000000	0.000000	0.000000	0.000000	0.000000	0.000000
191	U	0	25361	0	nan	0	0	25361	0	0	0	nan	0	0	0	0	0	0	nan	0	0	0	nan	nan	nan	nan	nan	nan
192	C	0	25361	0	nan	0	0	25361	0	0	0	nan	0	0	0	0	0	0	nan	0	0	0	nan	nan	nan	nan	nan	nan
193	A	0	25361	0	nan	0	0	25361	0	0	0	nan	0	0	0	0	0	0	nan	0	0	0	nan	nan	nan	nan	nan	nan
194	c	0	25361	0	nan	0	0	25361	0	0	0	nan	0	0	0	0	0	0	nan	0	0	0	nan	nan	nan	nan	nan	nan
195	c	0	25361	0	nan	0	0	25361	0	0	0	nan	0	0	0	0	0	0	nan	0	0	0	nan	nan	nan	nan	nan	nan
196	a	0	25361	0	nan	0	0	25361	0	0	0	nan	0	0	0	0	0	0	nan	0	0	0	nan	nan	nan	nan	nan	nan
197	a	0	25361	0	nan	0	0	25361	0	0	0	nan	0	0	0	0	0	0	nan	0	0	0	nan	nan	nan	nan	nan	nan
198	a	0	25361	0	nan	0	0	25361	0	0	0	nan	0	0	0	0	0	0	nan	0	0	0	nan	nan	nan	nan	nan	nan
199	c	0	25361	0	nan	0	0	25361	0	0	0	nan	0	0	0	0	0	0	nan	0	0	0	nan	nan	nan	nan	nan	nan
200	c	0	25361	0	nan	0	0	25361	0	0	0	nan	0	0	0	0	0	0	nan	0	0	0	nan	nan	nan	nan	nan	nan
201	a	0	25361	0	nan	0	0	25361	0	0	0	nan	0	0	0	0	0	0	nan	0	0	0	nan	nan	nan	nan	nan	nan
202	a	0	25361	0	nan	0	0	25361	0	0	0	nan	0	0	0	0	0	0	nan	0	0	0	nan	nan	nan	nan	nan	nan
203	a	0	25361	0	nan	0	0	25361	0	0	0	nan	0	0	0	0	0	0	nan	0	0	0	nan	nan	nan	nan	nan	nan
204	g	0	25361	0	nan	0	0	25361	0	0	0	nan	0	0	0	0	0	0	nan	0	0	0	nan	nan	nan	nan	nan	nan
205	a	0	25361	0	nan	0	0	25361	0	0	0	nan	0	0	0	0	0	0	nan	0	0	0	nan	nan	nan	nan	nan	nan
206	a	0	25361	0	nan	0	0	25361	0	0	0	nan	0	0	0	0	0	0	nan	0	0	0	nan	nan	nan	nan	nan	nan
207	a	0	25361	0	nan	0	0	25361	0	0	0	nan	0	0	0	0	0	0	nan	0	0	0	nan	nan	nan	nan	nan	nan
208	c	0	25361	0	nan	0	0	25361	0	0	0	nan	0	0	0	0	0	0	nan	0	0	0	nan	nan	nan	nan	nan	nan
209	a	0	25361	0	nan	0	0	25361	0	0	0	nan	0	0	0	0	0	0	nan	0	0	0	nan	nan	nan	nan	nan	nan
210	a	0	25356	0	nan	0	0	25356	0	0	0	nan	0	0	0	0	0	0	nan	0	0	0	nan	nan	nan	nan	nan	nan
211	c	0	25351	0	nan	0	0	25351	0	0	0	nan	0	0	0	0	0	0	nan	0	0	0	nan	nan	nan	nan	nan	nan
212	c	0	25337	0	nan	0	0	25337	0	0	0	nan	0	0	0	0	0	0	nan	0	0	0	nan	nan	nan	nan	nan	nan