Nucleotide	Sequence	Modified_mutations	Modified_read_depth	Modified_effective_depth	Modified_rate	Modified_off_target_mapped_depth	Modified_low_mapq_mapped_depth	Modified_primer_pair_1_mapped_depth	Untreated_mutations	Untreated_read_depth	Untreated_effective_depth	Untreated_rate	Untreated_off_target_mapped_depth	Untreated_low_mapq_mapped_depth	Untreated_primer_pair_1_mapped_depth	Denatured_mutations	Denatured_read_depth	Denatured_effective_depth	Denatured_rate	Denatured_off_target_mapped_depth	Denatured_low_mapq_mapped_depth	Denatured_primer_pair_1_mapped_depth	Reactivity_profile	Std_err	HQ_profile	HQ_stderr	Norm_profile	Norm_stderr
1	g	0	178686	0	nan	0	1	178686	0	0	0	nan	0	0	0	0	0	0	nan	0	0	0	nan	nan	nan	nan	nan	nan
2	g	0	178805	0	nan	0	1	178805	0	0	0	nan	0	0	0	0	0	0	nan	0	0	0	nan	nan	nan	nan	nan	nan
3	u	0	178908	0	nan	0	1	178908	0	0	0	nan	0	0	0	0	0	0	nan	0	0	0	nan	nan	nan	nan	nan	nan
4	g	0	178921	0	nan	0	1	178921	0	0	0	nan	0	0	0	0	0	0	nan	0	0	0	nan	nan	nan	nan	nan	nan
5	u	0	178927	0	nan	0	1	178927	0	0	0	nan	0	0	0	0	0	0	nan	0	0	0	nan	nan	nan	nan	nan	nan
6	a	0	178928	0	nan	0	1	178928	0	0	0	nan	0	0	0	0	0	0	nan	0	0	0	nan	nan	nan	nan	nan	nan
7	a	0	178928	0	nan	0	1	178928	0	0	0	nan	0	0	0	0	0	0	nan	0	0	0	nan	nan	nan	nan	nan	nan
8	g	0	178928	0	nan	0	1	178928	0	0	0	nan	0	0	0	0	0	0	nan	0	0	0	nan	nan	nan	nan	nan	nan
9	g	0	178937	0	nan	0	1	178937	0	0	0	nan	0	0	0	0	0	0	nan	0	0	0	nan	nan	nan	nan	nan	nan
10	g	0	179811	0	nan	0	1	179811	0	0	0	nan	0	0	0	0	0	0	nan	0	0	0	nan	nan	nan	nan	nan	nan
11	u	0	179824	0	nan	0	1	179824	0	0	0	nan	0	0	0	0	0	0	nan	0	0	0	nan	nan	nan	nan	nan	nan
12	g	0	179830	0	nan	0	1	179830	0	0	0	nan	0	0	0	0	0	0	nan	0	0	0	nan	nan	nan	nan	nan	nan
13	a	0	179831	0	nan	0	1	179831	0	0	0	nan	0	0	0	0	0	0	nan	0	0	0	nan	nan	nan	nan	nan	nan
14	a	0	179831	0	nan	0	1	179831	0	0	0	nan	0	0	0	0	0	0	nan	0	0	0	nan	nan	nan	nan	nan	nan
15	g	0	179832	0	nan	16	1	179832	0	0	0	nan	0	0	0	0	0	0	nan	0	0	0	nan	nan	nan	nan	nan	nan
16	u	0	179832	0	nan	16	1	179832	0	0	0	nan	0	0	0	0	0	0	nan	0	0	0	nan	nan	nan	nan	nan	nan
17	g	0	179832	0	nan	16	1	179832	0	0	0	nan	0	0	0	0	0	0	nan	0	0	0	nan	nan	nan	nan	nan	nan
18	u	0	179834	0	nan	16	1	179834	0	0	0	nan	0	0	0	0	0	0	nan	0	0	0	nan	nan	nan	nan	nan	nan
19	a	0	179840	0	nan	16	1	179840	0	0	0	nan	0	0	0	0	0	0	nan	0	0	0	nan	nan	nan	nan	nan	nan
20	A	0	179847	6	0.000000	16	1	179847	0	0	0	nan	0	0	0	0	0	0	nan	0	0	0	0.000000	0.000000	nan	nan	nan	nan
21	G	0	179849	7	0.000000	16	1	179849	0	0	0	nan	0	0	0	0	0	0	nan	0	0	0	0.000000	0.000000	nan	nan	nan	nan
22	G	0	179857	14	0.000000	16	1	179857	0	0	0	nan	0	0	0	0	0	0	nan	0	0	0	0.000000	0.000000	nan	nan	nan	nan
23	U	0	179872	179667	0.000000	16	1	179872	0	0	0	nan	0	0	0	0	0	0	nan	0	0	0	0.000000	0.000000	0.000000	0.000000	nan	nan
24	U	220	179880	179673	0.001224	16	1	179880	0	0	0	nan	0	0	0	0	0	0	nan	0	0	0	0.001224	0.000083	0.001224	0.000083	nan	nan
25	G	87	179881	179202	0.000485	16	1	179881	0	0	0	nan	0	0	0	0	0	0	nan	0	0	0	0.000485	0.000052	0.000485	0.000052	nan	nan
26	A	2814	179881	179385	0.015687	16	1	179880	0	0	0	nan	0	0	0	0	0	0	nan	0	0	0	0.015687	0.000296	0.015687	0.000296	1.212569	0.022880
27	A	2465	179881	179331	0.013746	16	1	179880	0	0	0	nan	0	0	0	0	0	0	nan	0	0	0	0.013746	0.000277	0.013746	0.000277	1.062534	0.021411
28	C	1879	179881	179139	0.010489	16	1	179880	0	0	0	nan	0	0	0	0	0	0	nan	0	0	0	0.010489	0.000242	0.010489	0.000242	1.143901	0.026392
29	U	179	179881	179367	0.000998	16	1	179880	0	0	0	nan	0	0	0	0	0	0	nan	0	0	0	0.000998	0.000075	0.000998	0.000075	nan	nan
30	U	267	179884	179493	0.001488	16	1	179883	0	0	0	nan	0	0	0	0	0	0	nan	0	0	0	0.001488	0.000091	0.001488	0.000091	nan	nan
31	U	316	179884	179548	0.001760	16	1	179880	0	0	0	nan	0	0	0	0	0	0	nan	0	0	0	0.001760	0.000099	0.001760	0.000099	nan	nan
32	U	214	179886	179544	0.001192	16	1	179867	0	0	0	nan	0	0	0	0	0	0	nan	0	0	0	0.001192	0.000081	0.001192	0.000081	nan	nan
33	G	151	179907	178994	0.000844	16	1	179877	0	0	0	nan	0	0	0	0	0	0	nan	0	0	0	0.000844	0.000069	0.000844	0.000069	nan	nan
34	A	1311	179919	179348	0.007310	16	1	179885	0	0	0	nan	0	0	0	0	0	0	nan	0	0	0	0.007310	0.000202	0.007310	0.000202	0.565046	0.015614
35	A	1018	179920	179252	0.005679	16	1	179885	0	0	0	nan	0	0	0	0	0	0	nan	0	0	0	0.005679	0.000178	0.005679	0.000178	0.438973	0.013759
36	U	243	179923	179125	0.001357	16	1	179889	0	0	0	nan	0	0	0	0	0	0	nan	0	0	0	0.001357	0.000087	0.001357	0.000087	nan	nan
37	A	3924	179926	179166	0.021901	16	1	179892	0	0	0	nan	0	0	0	0	0	0	nan	0	0	0	0.021901	0.000350	0.021901	0.000350	1.692896	0.027054
38	G	129	179950	178497	0.000723	17	1	179943	0	0	0	nan	0	0	0	0	0	0	nan	0	0	0	0.000723	0.000064	0.000723	0.000064	nan	nan
39	U	321	179952	179477	0.001789	17	1	179946	0	0	0	nan	0	0	0	0	0	0	nan	0	0	0	0.001789	0.000100	0.001789	0.000100	nan	nan
40	G	221	179956	179083	0.001234	17	1	179950	0	0	0	nan	0	0	0	0	0	0	nan	0	0	0	0.001234	0.000083	0.001234	0.000083	nan	nan
41	A	1446	179956	179360	0.008062	17	1	179950	0	0	0	nan	0	0	0	0	0	0	nan	0	0	0	0.008062	0.000212	0.008062	0.000212	0.623174	0.016387
42	U	318	179958	179333	0.001773	17	1	179954	0	0	0	nan	0	0	0	0	0	0	nan	0	0	0	0.001773	0.000099	0.001773	0.000099	nan	nan
43	U	303	179961	179469	0.001688	17	1	179957	0	0	0	nan	0	0	0	0	0	0	nan	0	0	0	0.001688	0.000097	0.001688	0.000097	nan	nan
44	C	935	179973	179433	0.005211	17	1	179970	0	0	0	nan	0	0	0	0	0	0	nan	0	0	0	0.005211	0.000170	0.005211	0.000170	0.568297	0.018540
45	A	1093	179981	179485	0.006090	17	1	179978	0	0	0	nan	0	0	0	0	0	0	nan	0	0	0	0.006090	0.000184	0.006090	0.000184	0.470743	0.014223
46	G	174	179994	179185	0.000971	17	1	179991	0	0	0	nan	0	0	0	0	0	0	nan	0	0	0	0.000971	0.000074	0.000971	0.000074	nan	nan
47	G	130	179995	179166	0.000726	17	1	179991	0	0	0	nan	0	0	0	0	0	0	nan	0	0	0	0.000726	0.000064	0.000726	0.000064	nan	nan
48	A	927	179996	179482	0.005165	17	1	179993	0	0	0	nan	0	0	0	0	0	0	nan	0	0	0	0.005165	0.000170	0.005165	0.000170	0.399242	0.013141
49	G	151	180000	179212	0.000843	17	1	179998	0	0	0	nan	0	0	0	0	0	0	nan	0	0	0	0.000843	0.000069	0.000843	0.000069	nan	nan
50	G	187	180003	179133	0.001044	17	1	180001	0	0	0	nan	0	0	0	0	0	0	nan	0	0	0	0.001044	0.000076	0.001044	0.000076	nan	nan
51	U	239	180007	179369	0.001332	17	1	180005	0	0	0	nan	0	0	0	0	0	0	nan	0	0	0	0.001332	0.000086	0.001332	0.000086	nan	nan
52	U	180	180009	179210	0.001004	17	1	180006	0	0	0	nan	0	0	0	0	0	0	nan	0	0	0	0.001004	0.000075	0.001004	0.000075	nan	nan
53	A	1878	180008	178690	0.010510	17	1	180004	0	0	0	nan	0	0	0	0	0	0	nan	0	0	0	0.010510	0.000243	0.010510	0.000243	0.812399	0.018783
54	A	1619	179910	178408	0.009075	17	1	179898	0	0	0	nan	0	0	0	0	0	0	nan	0	0	0	0.009075	0.000226	0.009075	0.000226	0.701476	0.017469
55	U	295	179915	178293	0.001655	17	1	179906	0	0	0	nan	0	0	0	0	0	0	nan	0	0	0	0.001655	0.000096	0.001655	0.000096	nan	nan
56	G	246	179929	178256	0.001380	17	1	179923	0	0	0	nan	0	0	0	0	0	0	nan	0	0	0	0.001380	0.000088	0.001380	0.000088	nan	nan
57	G	0	179961	178098	0.000000	17	1	179957	0	0	0	nan	0	0	0	0	0	0	nan	0	0	0	0.000000	0.000000	0.000000	0.000000	nan	nan
58	A	0	179967	0	nan	17	1	179967	0	0	0	nan	0	0	0	0	0	0	nan	0	0	0	nan	nan	nan	nan	nan	nan
59	A	0	179967	0	nan	17	1	179967	0	0	0	nan	0	0	0	0	0	0	nan	0	0	0	nan	nan	nan	nan	nan	nan
60	G	0	179967	0	nan	17	1	179967	0	0	0	nan	0	0	0	0	0	0	nan	0	0	0	nan	nan	nan	nan	nan	nan
61	u	0	179967	0	nan	17	1	179967	0	0	0	nan	0	0	0	0	0	0	nan	0	0	0	nan	nan	nan	nan	nan	nan
62	a	0	179967	0	nan	17	1	179967	0	0	0	nan	0	0	0	0	0	0	nan	0	0	0	nan	nan	nan	nan	nan	nan
63	a	0	179967	0	nan	17	1	179967	0	0	0	nan	0	0	0	0	0	0	nan	0	0	0	nan	nan	nan	nan	nan	nan
64	a	0	179967	0	nan	17	1	179967	0	0	0	nan	0	0	0	0	0	0	nan	0	0	0	nan	nan	nan	nan	nan	nan
65	g	0	179967	0	nan	17	1	179967	0	0	0	nan	0	0	0	0	0	0	nan	0	0	0	nan	nan	nan	nan	nan	nan
66	g	0	179967	0	nan	17	1	179967	0	0	0	nan	0	0	0	0	0	0	nan	0	0	0	nan	nan	nan	nan	nan	nan
67	u	0	179967	0	nan	17	1	179967	0	0	0	nan	0	0	0	0	0	0	nan	0	0	0	nan	nan	nan	nan	nan	nan
68	a	0	179967	0	nan	17	1	179967	0	0	0	nan	0	0	0	0	0	0	nan	0	0	0	nan	nan	nan	nan	nan	nan
69	a	0	179967	0	nan	17	1	179967	0	0	0	nan	0	0	0	0	0	0	nan	0	0	0	nan	nan	nan	nan	nan	nan
70	u	0	179967	0	nan	17	1	179967	0	0	0	nan	0	0	0	0	0	0	nan	0	0	0	nan	nan	nan	nan	nan	nan
71	g	0	179967	0	nan	17	1	179967	0	0	0	nan	0	0	0	0	0	0	nan	0	0	0	nan	nan	nan	nan	nan	nan
72	a	0	179967	0	nan	17	1	179967	0	0	0	nan	0	0	0	0	0	0	nan	0	0	0	nan	nan	nan	nan	nan	nan
73	a	0	179967	0	nan	17	1	179967	0	0	0	nan	0	0	0	0	0	0	nan	0	0	0	nan	nan	nan	nan	nan	nan
74	g	0	179965	0	nan	17	1	179965	0	0	0	nan	0	0	0	0	0	0	nan	0	0	0	nan	nan	nan	nan	nan	nan
75	g	0	179965	0	nan	17	1	179965	0	0	0	nan	0	0	0	0	0	0	nan	0	0	0	nan	nan	nan	nan	nan	nan
76	u	0	179946	0	nan	17	1	179946	0	0	0	nan	0	0	0	0	0	0	nan	0	0	0	nan	nan	nan	nan	nan	nan
77	g	0	179942	0	nan	17	1	179942	0	0	0	nan	0	0	0	0	0	0	nan	0	0	0	nan	nan	nan	nan	nan	nan
78	a	0	179942	0	nan	17	1	179942	0	0	0	nan	0	0	0	0	0	0	nan	0	0	0	nan	nan	nan	nan	nan	nan
79	a	0	179917	0	nan	17	1	179917	0	0	0	nan	0	0	0	0	0	0	nan	0	0	0	nan	nan	nan	nan	nan	nan
80	g	0	179823	0	nan	17	1	179823	0	0	0	nan	0	0	0	0	0	0	nan	0	0	0	nan	nan	nan	nan	nan	nan