Nucleotide	Sequence	Modified_mutations	Modified_read_depth	Modified_effective_depth	Modified_rate	Modified_off_target_mapped_depth	Modified_low_mapq_mapped_depth	Modified_primer_pair_1_mapped_depth	Untreated_mutations	Untreated_read_depth	Untreated_effective_depth	Untreated_rate	Untreated_off_target_mapped_depth	Untreated_low_mapq_mapped_depth	Untreated_primer_pair_1_mapped_depth	Denatured_mutations	Denatured_read_depth	Denatured_effective_depth	Denatured_rate	Denatured_off_target_mapped_depth	Denatured_low_mapq_mapped_depth	Denatured_primer_pair_1_mapped_depth	Reactivity_profile	Std_err	HQ_profile	HQ_stderr	Norm_profile	Norm_stderr
1	g	0	264462	0	nan	2	1	264462	0	0	0	nan	0	0	0	0	0	0	nan	0	0	0	nan	nan	nan	nan	nan	nan
2	g	0	264661	0	nan	2	1	264661	0	0	0	nan	0	0	0	0	0	0	nan	0	0	0	nan	nan	nan	nan	nan	nan
3	u	0	264763	0	nan	2	1	264763	0	0	0	nan	0	0	0	0	0	0	nan	0	0	0	nan	nan	nan	nan	nan	nan
4	g	0	264775	0	nan	2	1	264775	0	0	0	nan	0	0	0	0	0	0	nan	0	0	0	nan	nan	nan	nan	nan	nan
5	u	0	264788	0	nan	2	1	264788	0	0	0	nan	0	0	0	0	0	0	nan	0	0	0	nan	nan	nan	nan	nan	nan
6	a	0	264788	0	nan	2	2	264788	0	0	0	nan	0	0	0	0	0	0	nan	0	0	0	nan	nan	nan	nan	nan	nan
7	a	0	264790	0	nan	2	2	264790	0	0	0	nan	0	0	0	0	0	0	nan	0	0	0	nan	nan	nan	nan	nan	nan
8	g	0	264791	0	nan	2	2	264791	0	0	0	nan	0	0	0	0	0	0	nan	0	0	0	nan	nan	nan	nan	nan	nan
9	g	0	264804	0	nan	2	2	264804	0	0	0	nan	0	0	0	0	0	0	nan	0	0	0	nan	nan	nan	nan	nan	nan
10	g	0	266160	0	nan	3	2	266160	0	0	0	nan	0	0	0	0	0	0	nan	0	0	0	nan	nan	nan	nan	nan	nan
11	u	0	266194	0	nan	4	2	266194	0	0	0	nan	0	0	0	0	0	0	nan	0	0	0	nan	nan	nan	nan	nan	nan
12	g	0	266207	0	nan	4	2	266207	0	0	0	nan	0	0	0	0	0	0	nan	0	0	0	nan	nan	nan	nan	nan	nan
13	a	0	266208	0	nan	4	2	266208	0	0	0	nan	0	0	0	0	0	0	nan	0	0	0	nan	nan	nan	nan	nan	nan
14	a	0	266208	0	nan	4	2	266208	0	0	0	nan	0	0	0	0	0	0	nan	0	0	0	nan	nan	nan	nan	nan	nan
15	g	0	266209	0	nan	40	2	266209	0	0	0	nan	0	0	0	0	0	0	nan	0	0	0	nan	nan	nan	nan	nan	nan
16	u	0	266210	0	nan	40	2	266210	0	0	0	nan	0	0	0	0	0	0	nan	0	0	0	nan	nan	nan	nan	nan	nan
17	g	0	266215	0	nan	40	2	266215	0	0	0	nan	0	0	0	0	0	0	nan	0	0	0	nan	nan	nan	nan	nan	nan
18	u	0	266221	0	nan	40	2	266221	0	0	0	nan	0	0	0	0	0	0	nan	0	0	0	nan	nan	nan	nan	nan	nan
19	a	0	266225	0	nan	40	2	266225	0	0	0	nan	0	0	0	0	0	0	nan	0	0	0	nan	nan	nan	nan	nan	nan
20	A	0	266231	6	0.000000	40	2	266231	0	0	0	nan	0	0	0	0	0	0	nan	0	0	0	0.000000	0.000000	nan	nan	nan	nan
21	G	0	266235	9	0.000000	40	2	266235	0	0	0	nan	0	0	0	0	0	0	nan	0	0	0	0.000000	0.000000	nan	nan	nan	nan
22	G	0	266238	12	0.000000	40	2	266238	0	0	0	nan	0	0	0	0	0	0	nan	0	0	0	0.000000	0.000000	nan	nan	nan	nan
23	U	0	266250	265850	0.000000	40	2	266250	0	0	0	nan	0	0	0	0	0	0	nan	0	0	0	0.000000	0.000000	0.000000	0.000000	0.000000	0.000000
24	U	440	266260	265899	0.001655	40	2	266260	0	0	0	nan	0	0	0	0	0	0	nan	0	0	0	0.001655	0.000079	0.001655	0.000079	0.718004	0.034273
25	G	290	266260	263759	0.001099	40	2	266260	0	0	0	nan	0	0	0	0	0	0	nan	0	0	0	0.001099	0.000065	0.001099	0.000065	nan	nan
26	A	9267	266260	265118	0.034954	40	2	266260	0	0	0	nan	0	0	0	0	0	0	nan	0	0	0	0.034954	0.000363	0.034954	0.000363	1.240912	0.012887
27	A	8025	266261	265001	0.030283	40	2	266261	0	0	0	nan	0	0	0	0	0	0	nan	0	0	0	0.030283	0.000338	0.030283	0.000338	1.075085	0.011999
28	C	5325	266261	264091	0.020164	40	2	266261	0	0	0	nan	0	0	0	0	0	0	nan	0	0	0	0.020164	0.000276	0.020164	0.000276	1.288784	0.017641
29	U	338	266262	265089	0.001275	40	2	266262	0	0	0	nan	0	0	0	0	0	0	nan	0	0	0	0.001275	0.000069	0.001275	0.000069	0.553145	0.029935
30	U	464	266266	265373	0.001748	40	2	266265	0	0	0	nan	0	0	0	0	0	0	nan	0	0	0	0.001748	0.000081	0.001748	0.000081	0.758351	0.035141
31	U	533	266270	265449	0.002008	40	2	266265	0	0	0	nan	0	0	0	0	0	0	nan	0	0	0	0.002008	0.000087	0.002008	0.000087	0.871150	0.037744
32	U	411	266273	265294	0.001549	40	2	266231	0	0	0	nan	0	0	0	0	0	0	nan	0	0	0	0.001549	0.000076	0.001549	0.000076	0.672017	0.032972
33	G	230	266289	262918	0.000875	40	2	266236	0	0	0	nan	0	0	0	0	0	0	nan	0	0	0	0.000875	0.000058	0.000875	0.000058	nan	nan
34	A	3417	266296	264802	0.012904	40	2	266237	0	0	0	nan	0	0	0	0	0	0	nan	0	0	0	0.012904	0.000221	0.012904	0.000221	0.458108	0.007846
35	A	2337	266297	264700	0.008829	40	2	266237	0	0	0	nan	0	0	0	0	0	0	nan	0	0	0	0.008829	0.000183	0.008829	0.000183	0.313441	0.006497
36	U	273	266297	264026	0.001034	40	2	266235	0	0	0	nan	0	0	0	0	0	0	nan	0	0	0	0.001034	0.000063	0.001034	0.000063	0.448590	0.027332
37	A	25044	266301	263549	0.095026	40	2	266243	0	0	0	nan	0	0	0	0	0	0	nan	0	0	0	0.095026	0.000600	0.095026	0.000600	3.373544	0.021301
38	G	371	266331	258636	0.001434	41	2	266309	0	0	0	nan	0	0	0	0	0	0	nan	0	0	0	0.001434	0.000074	0.001434	0.000074	nan	nan
39	U	657	266334	264780	0.002481	41	2	266314	0	0	0	nan	0	0	0	0	0	0	nan	0	0	0	0.002481	0.000097	0.002481	0.000097	1.076356	0.042082
40	G	476	266342	263290	0.001808	41	2	266324	0	0	0	nan	0	0	0	0	0	0	nan	0	0	0	0.001808	0.000083	0.001808	0.000083	nan	nan
41	A	5782	266343	264954	0.021823	41	2	266329	0	0	0	nan	0	0	0	0	0	0	nan	0	0	0	0.021823	0.000287	0.021823	0.000287	0.774744	0.010189
42	U	611	266348	265102	0.002305	41	2	266336	0	0	0	nan	0	0	0	0	0	0	nan	0	0	0	0.002305	0.000093	0.002305	0.000093	1.000000	0.040347
43	U	503	266363	265434	0.001895	41	2	266351	0	0	0	nan	0	0	0	0	0	0	nan	0	0	0	0.001895	0.000084	0.001895	0.000084	0.822126	0.036443
44	C	555	266375	265405	0.002091	41	2	266368	0	0	0	nan	0	0	0	0	0	0	nan	0	0	0	0.002091	0.000089	0.002091	0.000089	0.133647	0.005688
45	A	1722	266396	265370	0.006489	41	2	266391	0	0	0	nan	0	0	0	0	0	0	nan	0	0	0	0.006489	0.000156	0.006489	0.000156	0.230368	0.005538
46	G	313	266415	263528	0.001188	41	2	266410	0	0	0	nan	0	0	0	0	0	0	nan	0	0	0	0.001188	0.000067	0.001188	0.000067	nan	nan
47	G	231	266421	263554	0.000876	41	2	266415	0	0	0	nan	0	0	0	0	0	0	nan	0	0	0	0.000876	0.000058	0.000876	0.000058	nan	nan
48	A	1480	266422	265281	0.005579	41	2	266416	0	0	0	nan	0	0	0	0	0	0	nan	0	0	0	0.005579	0.000145	0.005579	0.000145	0.198062	0.005148
49	G	361	266426	263279	0.001371	41	2	266424	0	0	0	nan	0	0	0	0	0	0	nan	0	0	0	0.001371	0.000072	0.001371	0.000072	nan	nan
50	G	1106	266428	263203	0.004202	41	2	266426	0	0	0	nan	0	0	0	0	0	0	nan	0	0	0	0.004202	0.000126	0.004202	0.000126	nan	nan
51	U	502	266434	265187	0.001893	41	2	266431	0	0	0	nan	0	0	0	0	0	0	nan	0	0	0	0.001893	0.000084	0.001893	0.000084	0.821258	0.036443
52	U	364	266437	265009	0.001374	41	2	266432	0	0	0	nan	0	0	0	0	0	0	nan	0	0	0	0.001374	0.000072	0.001374	0.000072	0.596095	0.031236
53	A	3334	266433	264320	0.012613	41	2	266428	0	0	0	nan	0	0	0	0	0	0	nan	0	0	0	0.012613	0.000218	0.012613	0.000218	0.447778	0.007739
54	A	2959	266247	263813	0.011216	41	2	266231	0	0	0	nan	0	0	0	0	0	0	nan	0	0	0	0.011216	0.000206	0.011216	0.000206	0.398182	0.007313
55	U	551	266248	263470	0.002091	41	2	266234	0	0	0	nan	0	0	0	0	0	0	nan	0	0	0	0.002091	0.000089	0.002091	0.000089	0.907158	0.038612
56	G	472	266261	262253	0.001800	41	2	266250	0	0	0	nan	0	0	0	0	0	0	nan	0	0	0	0.001800	0.000083	0.001800	0.000083	nan	nan
57	G	0	266288	261714	0.000000	41	2	266285	0	0	0	nan	0	0	0	0	0	0	nan	0	0	0	0.000000	0.000000	0.000000	0.000000	nan	nan
58	A	0	266299	0	nan	41	2	266299	0	0	0	nan	0	0	0	0	0	0	nan	0	0	0	nan	nan	nan	nan	nan	nan
59	A	0	266299	0	nan	41	2	266299	0	0	0	nan	0	0	0	0	0	0	nan	0	0	0	nan	nan	nan	nan	nan	nan
60	G	0	266299	0	nan	41	2	266299	0	0	0	nan	0	0	0	0	0	0	nan	0	0	0	nan	nan	nan	nan	nan	nan
61	u	0	266299	0	nan	41	2	266299	0	0	0	nan	0	0	0	0	0	0	nan	0	0	0	nan	nan	nan	nan	nan	nan
62	a	0	266299	0	nan	41	2	266299	0	0	0	nan	0	0	0	0	0	0	nan	0	0	0	nan	nan	nan	nan	nan	nan
63	a	0	266299	0	nan	41	2	266299	0	0	0	nan	0	0	0	0	0	0	nan	0	0	0	nan	nan	nan	nan	nan	nan
64	a	0	266299	0	nan	39	2	266299	0	0	0	nan	0	0	0	0	0	0	nan	0	0	0	nan	nan	nan	nan	nan	nan
65	g	0	266299	0	nan	38	2	266299	0	0	0	nan	0	0	0	0	0	0	nan	0	0	0	nan	nan	nan	nan	nan	nan
66	g	0	266299	0	nan	38	2	266299	0	0	0	nan	0	0	0	0	0	0	nan	0	0	0	nan	nan	nan	nan	nan	nan
67	u	0	266299	0	nan	38	2	266299	0	0	0	nan	0	0	0	0	0	0	nan	0	0	0	nan	nan	nan	nan	nan	nan
68	a	0	266299	0	nan	37	2	266299	0	0	0	nan	0	0	0	0	0	0	nan	0	0	0	nan	nan	nan	nan	nan	nan
69	a	0	266299	0	nan	37	2	266299	0	0	0	nan	0	0	0	0	0	0	nan	0	0	0	nan	nan	nan	nan	nan	nan
70	u	0	266299	0	nan	37	2	266299	0	0	0	nan	0	0	0	0	0	0	nan	0	0	0	nan	nan	nan	nan	nan	nan
71	g	0	266299	0	nan	37	2	266299	0	0	0	nan	0	0	0	0	0	0	nan	0	0	0	nan	nan	nan	nan	nan	nan
72	a	0	266299	0	nan	37	2	266299	0	0	0	nan	0	0	0	0	0	0	nan	0	0	0	nan	nan	nan	nan	nan	nan
73	a	0	266299	0	nan	37	2	266299	0	0	0	nan	0	0	0	0	0	0	nan	0	0	0	nan	nan	nan	nan	nan	nan
74	g	0	266299	0	nan	37	2	266299	0	0	0	nan	0	0	0	0	0	0	nan	0	0	0	nan	nan	nan	nan	nan	nan
75	g	0	266298	0	nan	37	2	266298	0	0	0	nan	0	0	0	0	0	0	nan	0	0	0	nan	nan	nan	nan	nan	nan
76	u	0	266288	0	nan	37	2	266288	0	0	0	nan	0	0	0	0	0	0	nan	0	0	0	nan	nan	nan	nan	nan	nan
77	g	0	266284	0	nan	37	2	266284	0	0	0	nan	0	0	0	0	0	0	nan	0	0	0	nan	nan	nan	nan	nan	nan
78	a	0	266282	0	nan	37	2	266282	0	0	0	nan	0	0	0	0	0	0	nan	0	0	0	nan	nan	nan	nan	nan	nan
79	a	0	266235	0	nan	37	2	266235	0	0	0	nan	0	0	0	0	0	0	nan	0	0	0	nan	nan	nan	nan	nan	nan
80	g	0	266126	0	nan	37	2	266126	0	0	0	nan	0	0	0	0	0	0	nan	0	0	0	nan	nan	nan	nan	nan	nan