Nucleotide	Sequence	Modified_mutations	Modified_read_depth	Modified_effective_depth	Modified_rate	Modified_off_target_mapped_depth	Modified_low_mapq_mapped_depth	Modified_primer_pair_1_mapped_depth	Untreated_mutations	Untreated_read_depth	Untreated_effective_depth	Untreated_rate	Untreated_off_target_mapped_depth	Untreated_low_mapq_mapped_depth	Untreated_primer_pair_1_mapped_depth	Denatured_mutations	Denatured_read_depth	Denatured_effective_depth	Denatured_rate	Denatured_off_target_mapped_depth	Denatured_low_mapq_mapped_depth	Denatured_primer_pair_1_mapped_depth	Reactivity_profile	Std_err	HQ_profile	HQ_stderr	Norm_profile	Norm_stderr
1	g	0	5516419	0	nan	8	333	5516419	0	0	0	nan	0	0	0	0	0	0	nan	0	0	0	nan	nan	nan	nan	nan	nan
2	g	0	5627309	0	nan	8	336	5627309	0	0	0	nan	0	0	0	0	0	0	nan	0	0	0	nan	nan	nan	nan	nan	nan
3	u	0	5664889	0	nan	8	343	5664889	0	0	0	nan	0	0	0	0	0	0	nan	0	0	0	nan	nan	nan	nan	nan	nan
4	g	0	5674860	0	nan	8	346	5674860	0	0	0	nan	0	0	0	0	0	0	nan	0	0	0	nan	nan	nan	nan	nan	nan
5	u	0	5681357	0	nan	8	346	5681357	0	0	0	nan	0	0	0	0	0	0	nan	0	0	0	nan	nan	nan	nan	nan	nan
6	a	0	5689543	0	nan	8	351	5689543	0	0	0	nan	0	0	0	0	0	0	nan	0	0	0	nan	nan	nan	nan	nan	nan
7	a	0	5693123	0	nan	8	351	5693123	0	0	0	nan	0	0	0	0	0	0	nan	0	0	0	nan	nan	nan	nan	nan	nan
8	g	0	5695124	0	nan	8	351	5695124	0	0	0	nan	0	0	0	0	0	0	nan	0	0	0	nan	nan	nan	nan	nan	nan
9	g	0	5697819	0	nan	8	353	5697819	0	0	0	nan	0	0	0	0	0	0	nan	0	0	0	nan	nan	nan	nan	nan	nan
10	g	0	5701849	0	nan	8	355	5701849	0	0	0	nan	0	0	0	0	0	0	nan	0	0	0	nan	nan	nan	nan	nan	nan
11	u	0	5708575	0	nan	8	357	5708575	0	0	0	nan	0	0	0	0	0	0	nan	0	0	0	nan	nan	nan	nan	nan	nan
12	g	0	5724801	0	nan	120	359	5724801	0	0	0	nan	0	0	0	0	0	0	nan	0	0	0	nan	nan	nan	nan	nan	nan
13	a	0	5744991	0	nan	132	359	5744991	0	0	0	nan	0	0	0	0	0	0	nan	0	0	0	nan	nan	nan	nan	nan	nan
14	a	0	5768320	0	nan	174	359	5768320	0	0	0	nan	0	0	0	0	0	0	nan	0	0	0	nan	nan	nan	nan	nan	nan
15	g	0	5790355	0	nan	800	359	5790355	0	0	0	nan	0	0	0	0	0	0	nan	0	0	0	nan	nan	nan	nan	nan	nan
16	u	0	5809533	0	nan	805	360	5809533	0	0	0	nan	0	0	0	0	0	0	nan	0	0	0	nan	nan	nan	nan	nan	nan
17	g	0	5817911	0	nan	810	366	5817911	0	0	0	nan	0	0	0	0	0	0	nan	0	0	0	nan	nan	nan	nan	nan	nan
18	u	0	5823372	0	nan	813	368	5823372	0	0	0	nan	0	0	0	0	0	0	nan	0	0	0	nan	nan	nan	nan	nan	nan
19	a	0	5827248	0	nan	813	378	5827248	0	0	0	nan	0	0	0	0	0	0	nan	0	0	0	nan	nan	nan	nan	nan	nan
20	A	0	5829257	514	0.000000	813	379	5829257	0	0	0	nan	0	0	0	0	0	0	nan	0	0	0	0.000000	0.000000	nan	nan	nan	nan
21	G	0	5830693	736	0.000000	813	380	5830693	0	0	0	nan	0	0	0	0	0	0	nan	0	0	0	0.000000	0.000000	nan	nan	nan	nan
22	G	0	5832924	1438	0.000000	813	380	5832924	0	0	0	nan	0	0	0	0	0	0	nan	0	0	0	0.000000	0.000000	nan	nan	nan	nan
23	U	0	5836786	4943249	0.000000	813	381	5836786	0	0	0	nan	0	0	0	0	0	0	nan	0	0	0	0.000000	0.000000	0.000000	0.000000	0.000000	0.000000
24	U	10218	5839814	5021610	0.002035	813	381	5839814	0	0	0	nan	0	0	0	0	0	0	nan	0	0	0	0.002035	0.000020	0.002035	0.000020	0.466422	0.004584
25	G	4839	5848964	5081708	0.000952	813	381	5848964	0	0	0	nan	0	0	0	0	0	0	nan	0	0	0	0.000952	0.000014	0.000952	0.000014	0.420495	0.006184
26	A	159790	5864834	5238558	0.030503	813	381	5864729	0	0	0	nan	0	0	0	0	0	0	nan	0	0	0	0.030503	0.000076	0.030503	0.000076	1.055750	0.002630
27	A	173614	5870226	5040532	0.034444	813	381	5870047	0	0	0	nan	0	0	0	0	0	0	nan	0	0	0	0.034444	0.000083	0.034444	0.000083	1.192154	0.002873
28	C	181206	5872564	4850180	0.037361	813	381	5872345	0	0	0	nan	0	0	0	0	0	0	nan	0	0	0	0.037361	0.000088	0.037361	0.000088	1.126604	0.002654
29	U	13865	5876223	4813109	0.002881	813	381	5875994	0	0	0	nan	0	0	0	0	0	0	nan	0	0	0	0.002881	0.000024	0.002881	0.000024	0.660325	0.005501
30	U	6276	5880689	4837608	0.001297	813	381	5880445	0	0	0	nan	0	0	0	0	0	0	nan	0	0	0	0.001297	0.000016	0.001297	0.000016	0.297273	0.003667
31	U	5259	5885806	4748728	0.001107	813	381	5885524	0	0	0	nan	0	0	0	0	0	0	nan	0	0	0	0.001107	0.000015	0.001107	0.000015	0.253725	0.003438
32	U	25309	5890888	4816815	0.005254	813	381	5890567	0	0	0	nan	0	0	0	0	0	0	nan	0	0	0	0.005254	0.000033	0.005254	0.000033	1.204217	0.007564
33	G	3566	5942669	4933079	0.000723	814	381	5942326	0	0	0	nan	0	0	0	0	0	0	nan	0	0	0	0.000723	0.000012	0.000723	0.000012	0.319346	0.005300
34	A	109093	5988255	5461322	0.019976	814	381	5987943	0	0	0	nan	0	0	0	0	0	0	nan	0	0	0	0.019976	0.000060	0.019976	0.000060	0.691396	0.002077
35	A	106167	6009894	5526895	0.019209	814	381	6009600	0	0	0	nan	0	0	0	0	0	0	nan	0	0	0	0.019209	0.000059	0.019209	0.000059	0.664850	0.002042
36	U	3770	6015658	5509474	0.000684	814	381	6015370	0	0	0	nan	0	0	0	0	0	0	nan	0	0	0	0.000684	0.000011	0.000684	0.000011	0.156773	0.002521
37	A	214565	6020108	5211573	0.041171	815	381	6019813	0	0	0	nan	0	0	0	0	0	0	nan	0	0	0	0.041171	0.000089	0.041171	0.000089	1.424984	0.003080
38	G	8529	6022042	5090744	0.001675	823	381	6021747	0	0	0	nan	0	0	0	0	0	0	nan	0	0	0	0.001675	0.000018	0.001675	0.000018	0.739841	0.007951
39	U	6973	6024299	5023474	0.001388	823	381	6023991	0	0	0	nan	0	0	0	0	0	0	nan	0	0	0	0.001388	0.000017	0.001388	0.000017	0.318130	0.003896
40	G	8015	6027178	5134887	0.001561	823	381	6026843	0	0	0	nan	0	0	0	0	0	0	nan	0	0	0	0.001561	0.000017	0.001561	0.000017	0.689488	0.007509
41	A	122854	6038287	5106242	0.024060	823	381	6037947	0	0	0	nan	0	0	0	0	0	0	nan	0	0	0	0.024060	0.000069	0.024060	0.000069	0.832749	0.002388
42	U	18875	6041883	5018986	0.003761	826	381	6041552	0	0	0	nan	0	0	0	0	0	0	nan	0	0	0	0.003761	0.000027	0.003761	0.000027	0.862022	0.006188
43	U	7540	6049171	4973245	0.001516	826	381	6048821	0	0	0	nan	0	0	0	0	0	0	nan	0	0	0	0.001516	0.000017	0.001516	0.000017	0.347467	0.003896
44	C	102474	6063226	4982512	0.020567	824	381	6062848	0	0	0	nan	0	0	0	0	0	0	nan	0	0	0	0.020567	0.000064	0.020567	0.000064	0.620188	0.001930
45	A	104534	6074972	5018281	0.020831	821	381	6074585	0	0	0	nan	0	0	0	0	0	0	nan	0	0	0	0.020831	0.000064	0.020831	0.000064	0.720989	0.002215
46	G	6822	6083123	4893760	0.001394	818	381	6082734	0	0	0	nan	0	0	0	0	0	0	nan	0	0	0	0.001394	0.000017	0.001394	0.000017	0.615724	0.007509
47	G	12960	6100919	5017160	0.002583	818	381	6100536	0	0	0	nan	0	0	0	0	0	0	nan	0	0	0	0.002583	0.000023	0.002583	0.000023	1.140901	0.010159
48	A	113513	6128687	4876594	0.023277	818	381	6128295	0	0	0	nan	0	0	0	0	0	0	nan	0	0	0	0.023277	0.000069	0.023277	0.000069	0.805649	0.002388
49	G	35185	6136692	5002020	0.007034	816	381	6136334	0	0	0	nan	0	0	0	0	0	0	nan	0	0	0	0.007034	0.000038	0.007034	0.000038	3.106890	0.016784
50	G	6557	6160589	4790022	0.001369	816	381	6160307	0	0	0	nan	0	0	0	0	0	0	nan	0	0	0	0.001369	0.000017	0.001369	0.000017	0.604682	0.007509
51	U	21652	6171229	4962644	0.004363	816	381	6170987	0	0	0	nan	0	0	0	0	0	0	nan	0	0	0	0.004363	0.000030	0.004363	0.000030	1.000000	0.006876
52	U	17941	6189442	4976819	0.003605	816	381	6189244	0	0	0	nan	0	0	0	0	0	0	nan	0	0	0	0.003605	0.000027	0.003605	0.000027	0.826266	0.006188
53	A	90108	6204456	5330404	0.016905	816	381	6204256	0	0	0	nan	0	0	0	0	0	0	nan	0	0	0	0.016905	0.000056	0.016905	0.000056	0.585105	0.001938
54	A	103408	6221472	5428667	0.019049	815	381	6221366	0	0	0	nan	0	0	0	0	0	0	nan	0	0	0	0.019049	0.000059	0.019049	0.000059	0.659312	0.002042
55	U	18929	6224423	5234276	0.003616	815	381	6224346	0	0	0	nan	0	0	0	0	0	0	nan	0	0	0	0.003616	0.000026	0.003616	0.000026	0.828788	0.005959
56	G	9694	6228450	4984708	0.001945	813	381	6228387	0	0	0	nan	0	0	0	0	0	0	nan	0	0	0	0.001945	0.000020	0.001945	0.000020	0.859099	0.008834
57	G	0	6231971	5141974	0.000000	813	381	6231932	0	0	0	nan	0	0	0	0	0	0	nan	0	0	0	0.000000	0.000000	0.000000	0.000000	0.000000	0.000000
58	A	0	6238287	88	0.000000	812	381	6238287	0	0	0	nan	0	0	0	0	0	0	nan	0	0	0	0.000000	0.000000	nan	nan	nan	nan
59	A	0	6238164	65	0.000000	812	381	6238164	0	0	0	nan	0	0	0	0	0	0	nan	0	0	0	0.000000	0.000000	nan	nan	nan	nan
60	G	0	6238074	41	0.000000	811	381	6238074	0	0	0	nan	0	0	0	0	0	0	nan	0	0	0	0.000000	0.000000	nan	nan	nan	nan
61	u	0	6237982	0	nan	811	381	6237982	0	0	0	nan	0	0	0	0	0	0	nan	0	0	0	nan	nan	nan	nan	nan	nan
62	a	0	6237787	0	nan	808	380	6237787	0	0	0	nan	0	0	0	0	0	0	nan	0	0	0	nan	nan	nan	nan	nan	nan
63	a	0	6237703	0	nan	803	380	6237703	0	0	0	nan	0	0	0	0	0	0	nan	0	0	0	nan	nan	nan	nan	nan	nan
64	a	0	6237667	0	nan	803	380	6237667	0	0	0	nan	0	0	0	0	0	0	nan	0	0	0	nan	nan	nan	nan	nan	nan
65	g	0	6237632	0	nan	802	379	6237632	0	0	0	nan	0	0	0	0	0	0	nan	0	0	0	nan	nan	nan	nan	nan	nan
66	g	0	6237612	0	nan	800	378	6237612	0	0	0	nan	0	0	0	0	0	0	nan	0	0	0	nan	nan	nan	nan	nan	nan
67	u	0	6237572	0	nan	799	378	6237572	0	0	0	nan	0	0	0	0	0	0	nan	0	0	0	nan	nan	nan	nan	nan	nan
68	a	0	6237539	0	nan	798	378	6237539	0	0	0	nan	0	0	0	0	0	0	nan	0	0	0	nan	nan	nan	nan	nan	nan
69	a	0	6237533	0	nan	795	377	6237533	0	0	0	nan	0	0	0	0	0	0	nan	0	0	0	nan	nan	nan	nan	nan	nan
70	u	0	6237507	0	nan	794	376	6237507	0	0	0	nan	0	0	0	0	0	0	nan	0	0	0	nan	nan	nan	nan	nan	nan
71	g	0	6237432	0	nan	792	371	6237432	0	0	0	nan	0	0	0	0	0	0	nan	0	0	0	nan	nan	nan	nan	nan	nan
72	a	0	6237344	0	nan	782	370	6237344	0	0	0	nan	0	0	0	0	0	0	nan	0	0	0	nan	nan	nan	nan	nan	nan
73	a	0	6237324	0	nan	781	370	6237324	0	0	0	nan	0	0	0	0	0	0	nan	0	0	0	nan	nan	nan	nan	nan	nan
74	g	0	6237281	0	nan	779	369	6237281	0	0	0	nan	0	0	0	0	0	0	nan	0	0	0	nan	nan	nan	nan	nan	nan
75	g	0	6237223	0	nan	778	367	6237223	0	0	0	nan	0	0	0	0	0	0	nan	0	0	0	nan	nan	nan	nan	nan	nan
76	u	0	6237121	0	nan	778	367	6237121	0	0	0	nan	0	0	0	0	0	0	nan	0	0	0	nan	nan	nan	nan	nan	nan
77	g	0	6237039	0	nan	778	364	6237039	0	0	0	nan	0	0	0	0	0	0	nan	0	0	0	nan	nan	nan	nan	nan	nan
78	a	0	6236903	0	nan	764	360	6236903	0	0	0	nan	0	0	0	0	0	0	nan	0	0	0	nan	nan	nan	nan	nan	nan
79	a	0	6233606	0	nan	757	354	6233606	0	0	0	nan	0	0	0	0	0	0	nan	0	0	0	nan	nan	nan	nan	nan	nan
80	g	0	6231071	0	nan	755	344	6231071	0	0	0	nan	0	0	0	0	0	0	nan	0	0	0	nan	nan	nan	nan	nan	nan