Nucleotide	Sequence	Modified_mutations	Modified_read_depth	Modified_effective_depth	Modified_rate	Modified_off_target_mapped_depth	Modified_low_mapq_mapped_depth	Modified_primer_pair_1_mapped_depth	Untreated_mutations	Untreated_read_depth	Untreated_effective_depth	Untreated_rate	Untreated_off_target_mapped_depth	Untreated_low_mapq_mapped_depth	Untreated_primer_pair_1_mapped_depth	Denatured_mutations	Denatured_read_depth	Denatured_effective_depth	Denatured_rate	Denatured_off_target_mapped_depth	Denatured_low_mapq_mapped_depth	Denatured_primer_pair_1_mapped_depth	Reactivity_profile	Std_err	HQ_profile	HQ_stderr	Norm_profile	Norm_stderr
1	g	0	381195	0	nan	6	35	381195	0	0	0	nan	0	0	0	0	0	0	nan	0	0	0	nan	nan	nan	nan	nan	nan
2	g	0	381972	0	nan	6	35	381972	0	0	0	nan	0	0	0	0	0	0	nan	0	0	0	nan	nan	nan	nan	nan	nan
3	u	0	382238	0	nan	6	35	382238	0	0	0	nan	0	0	0	0	0	0	nan	0	0	0	nan	nan	nan	nan	nan	nan
4	g	0	382334	0	nan	6	35	382334	0	0	0	nan	0	0	0	0	0	0	nan	0	0	0	nan	nan	nan	nan	nan	nan
5	u	0	382518	0	nan	6	35	382518	0	0	0	nan	0	0	0	0	0	0	nan	0	0	0	nan	nan	nan	nan	nan	nan
6	a	0	382574	0	nan	6	35	382574	0	0	0	nan	0	0	0	0	0	0	nan	0	0	0	nan	nan	nan	nan	nan	nan
7	a	0	382634	0	nan	6	35	382634	0	0	0	nan	0	0	0	0	0	0	nan	0	0	0	nan	nan	nan	nan	nan	nan
8	g	0	382655	0	nan	6	35	382655	0	0	0	nan	0	0	0	0	0	0	nan	0	0	0	nan	nan	nan	nan	nan	nan
9	g	0	382757	0	nan	6	35	382757	0	0	0	nan	0	0	0	0	0	0	nan	0	0	0	nan	nan	nan	nan	nan	nan
10	g	0	394094	0	nan	6	35	394094	0	0	0	nan	0	0	0	0	0	0	nan	0	0	0	nan	nan	nan	nan	nan	nan
11	u	0	394314	0	nan	6	35	394314	0	0	0	nan	0	0	0	0	0	0	nan	0	0	0	nan	nan	nan	nan	nan	nan
12	g	0	394514	0	nan	7	35	394514	0	0	0	nan	0	0	0	0	0	0	nan	0	0	0	nan	nan	nan	nan	nan	nan
13	a	0	394528	0	nan	53	35	394528	0	0	0	nan	0	0	0	0	0	0	nan	0	0	0	nan	nan	nan	nan	nan	nan
14	a	0	394545	0	nan	113	35	394545	0	0	0	nan	0	0	0	0	0	0	nan	0	0	0	nan	nan	nan	nan	nan	nan
15	g	0	394552	0	nan	225	35	394552	0	0	0	nan	0	0	0	0	0	0	nan	0	0	0	nan	nan	nan	nan	nan	nan
16	u	0	394636	0	nan	229	35	394636	0	0	0	nan	0	0	0	0	0	0	nan	0	0	0	nan	nan	nan	nan	nan	nan
17	g	0	394667	0	nan	231	35	394667	0	0	0	nan	0	0	0	0	0	0	nan	0	0	0	nan	nan	nan	nan	nan	nan
18	u	0	394745	0	nan	238	35	394745	0	0	0	nan	0	0	0	0	0	0	nan	0	0	0	nan	nan	nan	nan	nan	nan
19	a	0	394844	0	nan	299	35	394844	0	0	0	nan	0	0	0	0	0	0	nan	0	0	0	nan	nan	nan	nan	nan	nan
20	A	0	394904	48	0.000000	329	35	394904	0	0	0	nan	0	0	0	0	0	0	nan	0	0	0	0.000000	0.000000	nan	nan	nan	nan
21	G	0	394979	98	0.000000	346	35	394979	0	0	0	nan	0	0	0	0	0	0	nan	0	0	0	0.000000	0.000000	nan	nan	nan	nan
22	G	0	395020	110	0.000000	351	35	395020	0	0	0	nan	0	0	0	0	0	0	nan	0	0	0	0.000000	0.000000	nan	nan	nan	nan
23	U	0	395082	393428	0.000000	368	35	395082	0	0	0	nan	0	0	0	0	0	0	nan	0	0	0	0.000000	0.000000	0.000000	0.000000	nan	nan
24	U	721	395122	392946	0.001835	369	35	395122	0	0	0	nan	0	0	0	0	0	0	nan	0	0	0	0.001835	0.000068	0.001835	0.000068	nan	nan
25	G	362	395140	390237	0.000928	370	35	395140	0	0	0	nan	0	0	0	0	0	0	nan	0	0	0	0.000928	0.000049	0.000928	0.000049	nan	nan
26	A	23319	395159	388915	0.059959	370	35	395149	0	0	0	nan	0	0	0	0	0	0	nan	0	0	0	0.059959	0.000393	0.059959	0.000393	1.028703	0.006743
27	A	21429	395179	388552	0.055151	380	35	395160	0	0	0	nan	0	0	0	0	0	0	nan	0	0	0	0.055151	0.000377	0.055151	0.000377	0.946213	0.006468
28	C	19748	395232	385447	0.051234	391	35	395205	0	0	0	nan	0	0	0	0	0	0	nan	0	0	0	0.051234	0.000365	0.051234	0.000365	1.057385	0.007533
29	U	415	395280	390224	0.001063	395	35	395253	0	0	0	nan	0	0	0	0	0	0	nan	0	0	0	0.001063	0.000052	0.001063	0.000052	nan	nan
30	U	575	395341	391015	0.001471	399	35	395309	0	0	0	nan	0	0	0	0	0	0	nan	0	0	0	0.001471	0.000061	0.001471	0.000061	nan	nan
31	U	729	395439	391448	0.001862	400	35	395400	0	0	0	nan	0	0	0	0	0	0	nan	0	0	0	0.001862	0.000069	0.001862	0.000069	nan	nan
32	U	580	395561	391687	0.001481	418	35	395518	0	0	0	nan	0	0	0	0	0	0	nan	0	0	0	0.001481	0.000061	0.001481	0.000061	nan	nan
33	G	259	395667	389064	0.000666	423	35	395625	0	0	0	nan	0	0	0	0	0	0	nan	0	0	0	0.000666	0.000041	0.000666	0.000041	nan	nan
34	A	14690	395733	390737	0.037596	426	35	395690	0	0	0	nan	0	0	0	0	0	0	nan	0	0	0	0.037596	0.000310	0.037596	0.000310	0.645026	0.005319
35	A	11287	395794	389919	0.028947	445	35	395751	0	0	0	nan	0	0	0	0	0	0	nan	0	0	0	0.028947	0.000272	0.028947	0.000272	0.496637	0.004667
36	U	448	395869	389458	0.001150	445	35	395821	0	0	0	nan	0	0	0	0	0	0	nan	0	0	0	0.001150	0.000054	0.001150	0.000054	nan	nan
37	A	24903	395942	389469	0.063941	491	35	395894	0	0	0	nan	0	0	0	0	0	0	nan	0	0	0	0.063941	0.000405	0.063941	0.000405	1.097022	0.006948
38	G	382	396078	385967	0.000990	491	35	396034	0	0	0	nan	0	0	0	0	0	0	nan	0	0	0	0.000990	0.000051	0.000990	0.000051	nan	nan
39	U	731	396168	391362	0.001868	495	35	396126	0	0	0	nan	0	0	0	0	0	0	nan	0	0	0	0.001868	0.000069	0.001868	0.000069	nan	nan
40	G	522	396222	389162	0.001341	495	35	396183	0	0	0	nan	0	0	0	0	0	0	nan	0	0	0	0.001341	0.000059	0.001341	0.000059	nan	nan
41	A	16575	396328	390645	0.042430	509	35	396289	0	0	0	nan	0	0	0	0	0	0	nan	0	0	0	0.042430	0.000330	0.042430	0.000330	0.727962	0.005662
42	U	849	396423	390691	0.002173	529	35	396390	0	0	0	nan	0	0	0	0	0	0	nan	0	0	0	0.002173	0.000075	0.002173	0.000075	nan	nan
43	U	619	396509	391081	0.001583	530	35	396477	0	0	0	nan	0	0	0	0	0	0	nan	0	0	0	0.001583	0.000064	0.001583	0.000064	nan	nan
44	C	15608	396581	389112	0.040112	530	35	396552	0	0	0	nan	0	0	0	0	0	0	nan	0	0	0	0.040112	0.000321	0.040112	0.000321	0.827845	0.006625
45	A	16404	396671	389411	0.042125	532	35	396646	0	0	0	nan	0	0	0	0	0	0	nan	0	0	0	0.042125	0.000329	0.042125	0.000329	0.722729	0.005645
46	G	440	396786	388233	0.001133	532	35	396769	0	0	0	nan	0	0	0	0	0	0	nan	0	0	0	0.001133	0.000054	0.001133	0.000054	nan	nan
47	G	401	396829	388466	0.001032	529	35	396812	0	0	0	nan	0	0	0	0	0	0	nan	0	0	0	0.001032	0.000052	0.001032	0.000052	nan	nan
48	A	16850	396848	390228	0.043180	537	35	396831	0	0	0	nan	0	0	0	0	0	0	nan	0	0	0	0.043180	0.000333	0.043180	0.000333	0.740830	0.005713
49	G	320	396886	388737	0.000823	536	35	396876	0	0	0	nan	0	0	0	0	0	0	nan	0	0	0	0.000823	0.000046	0.000823	0.000046	nan	nan
50	G	361	396913	388765	0.000929	537	35	396905	0	0	0	nan	0	0	0	0	0	0	nan	0	0	0	0.000929	0.000049	0.000929	0.000049	nan	nan
51	U	634	396937	391438	0.001620	543	35	396933	0	0	0	nan	0	0	0	0	0	0	nan	0	0	0	0.001620	0.000064	0.001620	0.000064	nan	nan
52	U	708	396954	390144	0.001815	543	35	396949	0	0	0	nan	0	0	0	0	0	0	nan	0	0	0	0.001815	0.000068	0.001815	0.000068	nan	nan
53	A	23139	396975	390000	0.059331	558	35	396969	0	0	0	nan	0	0	0	0	0	0	nan	0	0	0	0.059331	0.000390	0.059331	0.000390	1.017929	0.006691
54	A	19677	396892	391692	0.050236	555	35	396879	0	0	0	nan	0	0	0	0	0	0	nan	0	0	0	0.050236	0.000358	0.050236	0.000358	0.861888	0.006142
55	U	760	396899	392825	0.001935	554	35	396889	0	0	0	nan	0	0	0	0	0	0	nan	0	0	0	0.001935	0.000070	0.001935	0.000070	nan	nan
56	G	561	396910	392974	0.001428	551	35	396906	0	0	0	nan	0	0	0	0	0	0	nan	0	0	0	0.001428	0.000060	0.001428	0.000060	nan	nan
57	G	0	396921	394187	0.000000	551	35	396918	0	0	0	nan	0	0	0	0	0	0	nan	0	0	0	0.000000	0.000000	0.000000	0.000000	nan	nan
58	A	0	396933	0	nan	551	35	396933	0	0	0	nan	0	0	0	0	0	0	nan	0	0	0	nan	nan	nan	nan	nan	nan
59	A	0	396933	0	nan	550	35	396933	0	0	0	nan	0	0	0	0	0	0	nan	0	0	0	nan	nan	nan	nan	nan	nan
60	G	0	396933	0	nan	550	35	396933	0	0	0	nan	0	0	0	0	0	0	nan	0	0	0	nan	nan	nan	nan	nan	nan
61	u	0	396933	0	nan	550	35	396933	0	0	0	nan	0	0	0	0	0	0	nan	0	0	0	nan	nan	nan	nan	nan	nan
62	a	0	396933	0	nan	548	35	396933	0	0	0	nan	0	0	0	0	0	0	nan	0	0	0	nan	nan	nan	nan	nan	nan
63	a	0	396933	0	nan	548	35	396933	0	0	0	nan	0	0	0	0	0	0	nan	0	0	0	nan	nan	nan	nan	nan	nan
64	a	0	396933	0	nan	548	35	396933	0	0	0	nan	0	0	0	0	0	0	nan	0	0	0	nan	nan	nan	nan	nan	nan
65	g	0	396933	0	nan	547	35	396933	0	0	0	nan	0	0	0	0	0	0	nan	0	0	0	nan	nan	nan	nan	nan	nan
66	g	0	396933	0	nan	547	35	396933	0	0	0	nan	0	0	0	0	0	0	nan	0	0	0	nan	nan	nan	nan	nan	nan
67	u	0	396933	0	nan	545	35	396933	0	0	0	nan	0	0	0	0	0	0	nan	0	0	0	nan	nan	nan	nan	nan	nan
68	a	0	396933	0	nan	545	35	396933	0	0	0	nan	0	0	0	0	0	0	nan	0	0	0	nan	nan	nan	nan	nan	nan
69	a	0	396933	0	nan	543	35	396933	0	0	0	nan	0	0	0	0	0	0	nan	0	0	0	nan	nan	nan	nan	nan	nan
70	u	0	396933	0	nan	539	35	396933	0	0	0	nan	0	0	0	0	0	0	nan	0	0	0	nan	nan	nan	nan	nan	nan
71	g	0	396932	0	nan	539	35	396932	0	0	0	nan	0	0	0	0	0	0	nan	0	0	0	nan	nan	nan	nan	nan	nan
72	a	0	396929	0	nan	539	35	396929	0	0	0	nan	0	0	0	0	0	0	nan	0	0	0	nan	nan	nan	nan	nan	nan
73	a	0	396924	0	nan	539	35	396924	0	0	0	nan	0	0	0	0	0	0	nan	0	0	0	nan	nan	nan	nan	nan	nan
74	g	0	396922	0	nan	539	35	396922	0	0	0	nan	0	0	0	0	0	0	nan	0	0	0	nan	nan	nan	nan	nan	nan
75	g	0	396912	0	nan	539	35	396912	0	0	0	nan	0	0	0	0	0	0	nan	0	0	0	nan	nan	nan	nan	nan	nan
76	u	0	396896	0	nan	539	35	396896	0	0	0	nan	0	0	0	0	0	0	nan	0	0	0	nan	nan	nan	nan	nan	nan
77	g	0	396871	0	nan	539	35	396871	0	0	0	nan	0	0	0	0	0	0	nan	0	0	0	nan	nan	nan	nan	nan	nan
78	a	0	396863	0	nan	539	34	396863	0	0	0	nan	0	0	0	0	0	0	nan	0	0	0	nan	nan	nan	nan	nan	nan
79	a	0	396770	0	nan	539	34	396770	0	0	0	nan	0	0	0	0	0	0	nan	0	0	0	nan	nan	nan	nan	nan	nan
80	g	0	396466	0	nan	539	34	396466	0	0	0	nan	0	0	0	0	0	0	nan	0	0	0	nan	nan	nan	nan	nan	nan