Nucleotide	Sequence	Modified_mutations	Modified_read_depth	Modified_effective_depth	Modified_rate	Modified_off_target_mapped_depth	Modified_low_mapq_mapped_depth	Modified_primer_pair_1_mapped_depth	Untreated_mutations	Untreated_read_depth	Untreated_effective_depth	Untreated_rate	Untreated_off_target_mapped_depth	Untreated_low_mapq_mapped_depth	Untreated_primer_pair_1_mapped_depth	Denatured_mutations	Denatured_read_depth	Denatured_effective_depth	Denatured_rate	Denatured_off_target_mapped_depth	Denatured_low_mapq_mapped_depth	Denatured_primer_pair_1_mapped_depth	Reactivity_profile	Std_err	HQ_profile	HQ_stderr	Norm_profile	Norm_stderr
1	g	0	340749	0	nan	0	8	340749	0	0	0	nan	0	0	0	0	0	0	nan	0	0	0	nan	nan	nan	nan	nan	nan
2	g	0	340973	0	nan	0	8	340973	0	0	0	nan	0	0	0	0	0	0	nan	0	0	0	nan	nan	nan	nan	nan	nan
3	u	0	341088	0	nan	0	8	341088	0	0	0	nan	0	0	0	0	0	0	nan	0	0	0	nan	nan	nan	nan	nan	nan
4	g	0	341135	0	nan	0	8	341135	0	0	0	nan	0	0	0	0	0	0	nan	0	0	0	nan	nan	nan	nan	nan	nan
5	u	0	341186	0	nan	0	8	341186	0	0	0	nan	0	0	0	0	0	0	nan	0	0	0	nan	nan	nan	nan	nan	nan
6	a	0	341189	0	nan	0	8	341189	0	0	0	nan	0	0	0	0	0	0	nan	0	0	0	nan	nan	nan	nan	nan	nan
7	a	0	341204	0	nan	0	8	341204	0	0	0	nan	0	0	0	0	0	0	nan	0	0	0	nan	nan	nan	nan	nan	nan
8	g	0	341228	0	nan	0	8	341228	0	0	0	nan	0	0	0	0	0	0	nan	0	0	0	nan	nan	nan	nan	nan	nan
9	g	0	341647	0	nan	0	8	341647	0	0	0	nan	0	0	0	0	0	0	nan	0	0	0	nan	nan	nan	nan	nan	nan
10	g	0	408088	0	nan	0	8	408088	0	0	0	nan	0	0	0	0	0	0	nan	0	0	0	nan	nan	nan	nan	nan	nan
11	u	0	408683	0	nan	0	8	408683	0	0	0	nan	0	0	0	0	0	0	nan	0	0	0	nan	nan	nan	nan	nan	nan
12	g	0	409154	0	nan	0	8	409154	0	0	0	nan	0	0	0	0	0	0	nan	0	0	0	nan	nan	nan	nan	nan	nan
13	a	0	409180	0	nan	0	8	409180	0	0	0	nan	0	0	0	0	0	0	nan	0	0	0	nan	nan	nan	nan	nan	nan
14	a	0	409186	0	nan	0	8	409186	0	0	0	nan	0	0	0	0	0	0	nan	0	0	0	nan	nan	nan	nan	nan	nan
15	g	0	409187	0	nan	1	8	409187	0	0	0	nan	0	0	0	0	0	0	nan	0	0	0	nan	nan	nan	nan	nan	nan
16	u	0	409213	0	nan	1	8	409213	0	0	0	nan	0	0	0	0	0	0	nan	0	0	0	nan	nan	nan	nan	nan	nan
17	g	0	409243	0	nan	1	8	409243	0	0	0	nan	0	0	0	0	0	0	nan	0	0	0	nan	nan	nan	nan	nan	nan
18	u	0	409307	0	nan	1	8	409307	0	0	0	nan	0	0	0	0	0	0	nan	0	0	0	nan	nan	nan	nan	nan	nan
19	a	0	409447	0	nan	1	8	409447	0	0	0	nan	0	0	0	0	0	0	nan	0	0	0	nan	nan	nan	nan	nan	nan
20	A	0	409681	230	0.000000	1	8	409681	0	0	0	nan	0	0	0	0	0	0	nan	0	0	0	0.000000	0.000000	nan	nan	nan	nan
21	G	0	409911	448	0.000000	1	8	409911	0	0	0	nan	0	0	0	0	0	0	nan	0	0	0	0.000000	0.000000	nan	nan	nan	nan
22	G	0	410094	620	0.000000	1	8	410094	0	0	0	nan	0	0	0	0	0	0	nan	0	0	0	0.000000	0.000000	nan	nan	nan	nan
23	U	0	410122	409197	0.000000	2	8	410122	0	0	0	nan	0	0	0	0	0	0	nan	0	0	0	0.000000	0.000000	0.000000	0.000000	nan	nan
24	U	448	410123	409103	0.001095	2	8	410123	0	0	0	nan	0	0	0	0	0	0	nan	0	0	0	0.001095	0.000052	0.001095	0.000052	nan	nan
25	G	322	410125	408669	0.000788	2	8	410125	0	0	0	nan	0	0	0	0	0	0	nan	0	0	0	0.000788	0.000044	0.000788	0.000044	nan	nan
26	A	1648	410127	401580	0.004104	2	8	410127	0	0	0	nan	0	0	0	0	0	0	nan	0	0	0	0.004104	0.000101	0.004104	0.000101	0.557457	0.013719
27	C	3769	410127	401261	0.009393	2	8	410127	0	0	0	nan	0	0	0	0	0	0	nan	0	0	0	0.009393	0.000153	0.009393	0.000153	1.401313	0.022826
28	C	930	410133	401063	0.002319	2	8	410133	0	0	0	nan	0	0	0	0	0	0	nan	0	0	0	0.002319	0.000076	0.002319	0.000076	0.345964	0.011338
29	U	334	410146	407731	0.000819	2	8	410146	0	0	0	nan	0	0	0	0	0	0	nan	0	0	0	0.000819	0.000045	0.000819	0.000045	nan	nan
30	U	487	410155	408270	0.001193	2	8	410155	0	0	0	nan	0	0	0	0	0	0	nan	0	0	0	0.001193	0.000054	0.001193	0.000054	nan	nan
31	U	650	410185	408874	0.001590	2	8	410185	0	0	0	nan	0	0	0	0	0	0	nan	0	0	0	0.001590	0.000062	0.001590	0.000062	nan	nan
32	U	383	410252	409339	0.000936	2	8	410252	0	0	0	nan	0	0	0	0	0	0	nan	0	0	0	0.000936	0.000048	0.000936	0.000048	nan	nan
33	G	175	410347	408765	0.000428	2	8	410347	0	0	0	nan	0	0	0	0	0	0	nan	0	0	0	0.000428	0.000032	0.000428	0.000032	nan	nan
34	A	1662	410401	409280	0.004061	2	8	410401	0	0	0	nan	0	0	0	0	0	0	nan	0	0	0	0.004061	0.000100	0.004061	0.000100	0.551616	0.013583
35	A	1630	410402	408950	0.003986	2	8	410402	0	0	0	nan	0	0	0	0	0	0	nan	0	0	0	0.003986	0.000099	0.003986	0.000099	0.541429	0.013447
36	U	308	410402	408335	0.000754	2	8	410401	0	0	0	nan	0	0	0	0	0	0	nan	0	0	0	0.000754	0.000043	0.000754	0.000043	nan	nan
37	A	7337	410403	408464	0.017962	2	8	410400	0	0	0	nan	0	0	0	0	0	0	nan	0	0	0	0.017962	0.000210	0.017962	0.000210	2.439826	0.028525
38	G	323	410405	407292	0.000793	2	8	410404	0	0	0	nan	0	0	0	0	0	0	nan	0	0	0	0.000793	0.000044	0.000793	0.000044	nan	nan
39	U	475	410405	409346	0.001160	2	8	410404	0	0	0	nan	0	0	0	0	0	0	nan	0	0	0	0.001160	0.000053	0.001160	0.000053	nan	nan
40	G	380	410409	408538	0.000930	2	8	410408	0	0	0	nan	0	0	0	0	0	0	nan	0	0	0	0.000930	0.000048	0.000930	0.000048	nan	nan
41	A	3167	410413	409006	0.007743	2	8	410411	0	0	0	nan	0	0	0	0	0	0	nan	0	0	0	0.007743	0.000138	0.007743	0.000138	1.051752	0.018745
42	U	755	410426	408769	0.001847	2	8	410425	0	0	0	nan	0	0	0	0	0	0	nan	0	0	0	0.001847	0.000067	0.001847	0.000067	nan	nan
43	U	608	410429	408916	0.001487	2	8	410428	0	0	0	nan	0	0	0	0	0	0	nan	0	0	0	0.001487	0.000060	0.001487	0.000060	nan	nan
44	C	1641	410433	408935	0.004013	2	8	410432	0	0	0	nan	0	0	0	0	0	0	nan	0	0	0	0.004013	0.000099	0.004013	0.000099	0.598687	0.014770
45	A	1609	410440	409226	0.003932	2	8	410439	0	0	0	nan	0	0	0	0	0	0	nan	0	0	0	0.003932	0.000098	0.003932	0.000098	0.534094	0.013312
46	G	319	410462	409105	0.000780	2	8	410462	0	0	0	nan	0	0	0	0	0	0	nan	0	0	0	0.000780	0.000044	0.000780	0.000044	nan	nan
47	G	249	410463	409189	0.000609	2	8	410462	0	0	0	nan	0	0	0	0	0	0	nan	0	0	0	0.000609	0.000039	0.000609	0.000039	nan	nan
48	A	1310	410467	409544	0.003199	4	8	410464	0	0	0	nan	0	0	0	0	0	0	nan	0	0	0	0.003199	0.000088	0.003199	0.000088	0.434529	0.011953
49	G	277	410483	409153	0.000677	4	8	410481	0	0	0	nan	0	0	0	0	0	0	nan	0	0	0	0.000677	0.000041	0.000677	0.000041	nan	nan
50	G	239	410486	408839	0.000585	4	8	410484	0	0	0	nan	0	0	0	0	0	0	nan	0	0	0	0.000585	0.000038	0.000585	0.000038	nan	nan
51	U	483	410487	409311	0.001180	4	8	410486	0	0	0	nan	0	0	0	0	0	0	nan	0	0	0	0.001180	0.000054	0.001180	0.000054	nan	nan
52	U	466	410488	409068	0.001139	4	8	410488	0	0	0	nan	0	0	0	0	0	0	nan	0	0	0	0.001139	0.000053	0.001139	0.000053	nan	nan
53	A	3009	410488	408747	0.007362	4	8	410488	0	0	0	nan	0	0	0	0	0	0	nan	0	0	0	0.007362	0.000134	0.007362	0.000134	1.000000	0.018202
54	A	2884	410387	408354	0.007062	3	8	410384	0	0	0	nan	0	0	0	0	0	0	nan	0	0	0	0.007062	0.000132	0.007062	0.000132	0.959250	0.017930
55	U	489	410384	408421	0.001197	3	8	410381	0	0	0	nan	0	0	0	0	0	0	nan	0	0	0	0.001197	0.000054	0.001197	0.000054	nan	nan
56	G	308	410385	408776	0.000753	3	8	410383	0	0	0	nan	0	0	0	0	0	0	nan	0	0	0	0.000753	0.000043	0.000753	0.000043	nan	nan
57	G	0	410388	409168	0.000000	3	8	410388	0	0	0	nan	0	0	0	0	0	0	nan	0	0	0	0.000000	0.000000	0.000000	0.000000	nan	nan
58	A	0	410388	0	nan	3	8	410388	0	0	0	nan	0	0	0	0	0	0	nan	0	0	0	nan	nan	nan	nan	nan	nan
59	A	0	410388	0	nan	3	8	410388	0	0	0	nan	0	0	0	0	0	0	nan	0	0	0	nan	nan	nan	nan	nan	nan
60	G	0	410388	0	nan	3	8	410388	0	0	0	nan	0	0	0	0	0	0	nan	0	0	0	nan	nan	nan	nan	nan	nan
61	u	0	410388	0	nan	3	8	410388	0	0	0	nan	0	0	0	0	0	0	nan	0	0	0	nan	nan	nan	nan	nan	nan
62	a	0	410388	0	nan	3	8	410388	0	0	0	nan	0	0	0	0	0	0	nan	0	0	0	nan	nan	nan	nan	nan	nan
63	a	0	410388	0	nan	3	8	410388	0	0	0	nan	0	0	0	0	0	0	nan	0	0	0	nan	nan	nan	nan	nan	nan
64	a	0	410388	0	nan	3	8	410388	0	0	0	nan	0	0	0	0	0	0	nan	0	0	0	nan	nan	nan	nan	nan	nan
65	g	0	410388	0	nan	3	8	410388	0	0	0	nan	0	0	0	0	0	0	nan	0	0	0	nan	nan	nan	nan	nan	nan
66	g	0	410388	0	nan	3	8	410388	0	0	0	nan	0	0	0	0	0	0	nan	0	0	0	nan	nan	nan	nan	nan	nan
67	u	0	410388	0	nan	3	8	410388	0	0	0	nan	0	0	0	0	0	0	nan	0	0	0	nan	nan	nan	nan	nan	nan
68	a	0	410388	0	nan	3	8	410388	0	0	0	nan	0	0	0	0	0	0	nan	0	0	0	nan	nan	nan	nan	nan	nan
69	a	0	410388	0	nan	3	8	410388	0	0	0	nan	0	0	0	0	0	0	nan	0	0	0	nan	nan	nan	nan	nan	nan
70	u	0	410388	0	nan	3	8	410388	0	0	0	nan	0	0	0	0	0	0	nan	0	0	0	nan	nan	nan	nan	nan	nan
71	g	0	410388	0	nan	3	8	410388	0	0	0	nan	0	0	0	0	0	0	nan	0	0	0	nan	nan	nan	nan	nan	nan
72	a	0	410388	0	nan	3	8	410388	0	0	0	nan	0	0	0	0	0	0	nan	0	0	0	nan	nan	nan	nan	nan	nan
73	a	0	410388	0	nan	3	8	410388	0	0	0	nan	0	0	0	0	0	0	nan	0	0	0	nan	nan	nan	nan	nan	nan
74	g	0	410388	0	nan	3	8	410388	0	0	0	nan	0	0	0	0	0	0	nan	0	0	0	nan	nan	nan	nan	nan	nan
75	g	0	410387	0	nan	3	8	410387	0	0	0	nan	0	0	0	0	0	0	nan	0	0	0	nan	nan	nan	nan	nan	nan
76	u	0	410374	0	nan	3	8	410374	0	0	0	nan	0	0	0	0	0	0	nan	0	0	0	nan	nan	nan	nan	nan	nan
77	g	0	410370	0	nan	3	8	410370	0	0	0	nan	0	0	0	0	0	0	nan	0	0	0	nan	nan	nan	nan	nan	nan
78	a	0	410361	0	nan	3	8	410361	0	0	0	nan	0	0	0	0	0	0	nan	0	0	0	nan	nan	nan	nan	nan	nan
79	a	0	410274	0	nan	3	8	410274	0	0	0	nan	0	0	0	0	0	0	nan	0	0	0	nan	nan	nan	nan	nan	nan
80	g	0	410038	0	nan	3	8	410038	0	0	0	nan	0	0	0	0	0	0	nan	0	0	0	nan	nan	nan	nan	nan	nan