Nucleotide	Sequence	Modified_mutations	Modified_read_depth	Modified_effective_depth	Modified_rate	Modified_off_target_mapped_depth	Modified_low_mapq_mapped_depth	Modified_primer_pair_1_mapped_depth	Untreated_mutations	Untreated_read_depth	Untreated_effective_depth	Untreated_rate	Untreated_off_target_mapped_depth	Untreated_low_mapq_mapped_depth	Untreated_primer_pair_1_mapped_depth	Denatured_mutations	Denatured_read_depth	Denatured_effective_depth	Denatured_rate	Denatured_off_target_mapped_depth	Denatured_low_mapq_mapped_depth	Denatured_primer_pair_1_mapped_depth	Reactivity_profile	Std_err	HQ_profile	HQ_stderr	Norm_profile	Norm_stderr
1	g	0	210811	0	nan	16	0	210811	0	0	0	nan	0	0	0	0	0	0	nan	0	0	0	nan	nan	nan	nan	nan	nan
2	g	0	227212	0	nan	37	0	227212	0	0	0	nan	0	0	0	0	0	0	nan	0	0	0	nan	nan	nan	nan	nan	nan
3	c	0	227657	0	nan	37	0	227657	0	0	0	nan	0	0	0	0	0	0	nan	0	0	0	nan	nan	nan	nan	nan	nan
4	a	0	227775	0	nan	37	0	227775	0	0	0	nan	0	0	0	0	0	0	nan	0	0	0	nan	nan	nan	nan	nan	nan
5	c	0	227796	0	nan	37	0	227796	0	0	0	nan	0	0	0	0	0	0	nan	0	0	0	nan	nan	nan	nan	nan	nan
6	c	0	227802	0	nan	37	0	227802	0	0	0	nan	0	0	0	0	0	0	nan	0	0	0	nan	nan	nan	nan	nan	nan
7	u	0	227803	0	nan	37	0	227803	0	0	0	nan	0	0	0	0	0	0	nan	0	0	0	nan	nan	nan	nan	nan	nan
8	c	0	227841	0	nan	37	0	227841	0	0	0	nan	0	0	0	0	0	0	nan	0	0	0	nan	nan	nan	nan	nan	nan
9	a	0	227872	0	nan	37	0	227872	0	0	0	nan	0	0	0	0	0	0	nan	0	0	0	nan	nan	nan	nan	nan	nan
10	u	0	227943	0	nan	37	0	227943	0	0	0	nan	0	0	0	0	0	0	nan	0	0	0	nan	nan	nan	nan	nan	nan
11	a	0	228077	0	nan	37	0	228077	0	0	0	nan	0	0	0	0	0	0	nan	0	0	0	nan	nan	nan	nan	nan	nan
12	a	0	228092	0	nan	37	0	228092	0	0	0	nan	0	0	0	0	0	0	nan	0	0	0	nan	nan	nan	nan	nan	nan
13	c	0	228098	0	nan	37	0	228098	0	0	0	nan	0	0	0	0	0	0	nan	0	0	0	nan	nan	nan	nan	nan	nan
14	a	0	228101	0	nan	37	0	228101	0	0	0	nan	0	0	0	0	0	0	nan	0	0	0	nan	nan	nan	nan	nan	nan
15	u	0	228105	0	nan	37	0	228105	0	0	0	nan	0	0	0	0	0	0	nan	0	0	0	nan	nan	nan	nan	nan	nan
16	a	0	228108	0	nan	37	0	228108	0	0	0	nan	0	0	0	0	0	0	nan	0	0	0	nan	nan	nan	nan	nan	nan
17	a	0	228109	0	nan	37	0	228109	0	0	0	nan	0	0	0	0	0	0	nan	0	0	0	nan	nan	nan	nan	nan	nan
18	c	0	228113	0	nan	37	0	228113	0	0	0	nan	0	0	0	0	0	0	nan	0	0	0	nan	nan	nan	nan	nan	nan
19	U	0	228122	6	0.000000	37	0	228122	0	0	0	nan	0	0	0	0	0	0	nan	0	0	0	0.000000	0.000000	nan	nan	nan	nan
20	A	0	228154	22	0.000000	37	0	228154	0	0	0	nan	0	0	0	0	0	0	nan	0	0	0	0.000000	0.000000	nan	nan	nan	nan
21	A	0	228173	28	0.000000	37	0	228173	0	0	0	nan	0	0	0	0	0	0	nan	0	0	0	0.000000	0.000000	nan	nan	nan	nan
22	G	0	228185	223209	0.000000	37	0	228185	0	0	0	nan	0	0	0	0	0	0	nan	0	0	0	0.000000	0.000000	0.000000	0.000000	nan	nan
23	G	222	228193	220029	0.001009	37	0	228193	0	0	0	nan	0	0	0	0	0	0	nan	0	0	0	0.001009	0.000068	0.001009	0.000068	nan	nan
24	C	6187	228266	222779	0.027772	37	0	228266	0	0	0	nan	0	0	0	0	0	0	nan	0	0	0	0.027772	0.000353	0.027772	0.000353	1.000000	0.012711
25	A	2494	228387	225353	0.011067	37	0	228387	0	0	0	nan	0	0	0	0	0	0	nan	0	0	0	0.011067	0.000222	0.011067	0.000222	0.884723	0.017747
26	G	168	228422	225509	0.000745	37	0	228422	0	0	0	nan	0	0	0	0	0	0	nan	0	0	0	0.000745	0.000057	0.000745	0.000057	nan	nan
27	A	2509	228433	226089	0.011097	37	0	228433	0	0	0	nan	0	0	0	0	0	0	nan	0	0	0	0.011097	0.000222	0.011097	0.000222	0.887121	0.017747
28	U	966	228444	225248	0.004289	37	0	228442	0	0	0	nan	0	0	0	0	0	0	nan	0	0	0	0.004289	0.000138	0.004289	0.000138	1.061765	0.034163
29	C	4483	228448	225401	0.019889	37	0	228443	0	0	0	nan	0	0	0	0	0	0	nan	0	0	0	0.019889	0.000297	0.019889	0.000297	0.716153	0.010694
30	U	734	228454	225373	0.003257	37	0	228447	0	0	0	nan	0	0	0	0	0	0	nan	0	0	0	0.003257	0.000120	0.003257	0.000120	0.806288	0.029707
31	G	214	228463	225073	0.000951	37	0	228450	0	0	0	nan	0	0	0	0	0	0	nan	0	0	0	0.000951	0.000065	0.000951	0.000065	nan	nan
32	A	3775	228465	225441	0.016745	37	0	228446	0	0	0	nan	0	0	0	0	0	0	nan	0	0	0	0.016745	0.000273	0.016745	0.000273	1.338636	0.021824
33	G	201	228469	222486	0.000903	37	0	228435	0	0	0	nan	0	0	0	0	0	0	nan	0	0	0	0.000903	0.000064	0.000903	0.000064	nan	nan
34	C	4807	228475	220234	0.021827	31	0	228422	0	0	0	nan	0	0	0	0	0	0	nan	0	0	0	0.021827	0.000315	0.021827	0.000315	0.785935	0.011342
35	U	989	228488	219665	0.004502	31	0	228398	0	0	0	nan	0	0	0	0	0	0	nan	0	0	0	0.004502	0.000143	0.004502	0.000143	1.114494	0.035400
36	U	832	228491	219538	0.003790	31	0	228381	0	0	0	nan	0	0	0	0	0	0	nan	0	0	0	0.003790	0.000131	0.003790	0.000131	0.938235	0.032430
37	C	5273	228521	220668	0.023896	31	0	228228	0	0	0	nan	0	0	0	0	0	0	nan	0	0	0	0.023896	0.000329	0.023896	0.000329	0.860435	0.011846
38	G	215	228581	220628	0.000974	31	0	228309	0	0	0	nan	0	0	0	0	0	0	nan	0	0	0	0.000974	0.000066	0.000974	0.000066	nan	nan
39	G	186	228945	223099	0.000834	31	0	228820	0	0	0	nan	0	0	0	0	0	0	nan	0	0	0	0.000834	0.000061	0.000834	0.000061	nan	nan
40	C	4259	229157	226629	0.018793	23	0	229138	0	0	0	nan	0	0	0	0	0	0	nan	0	0	0	0.018793	0.000288	0.018793	0.000288	0.676689	0.010370
41	U	545	229184	226710	0.002404	22	0	229174	0	0	0	nan	0	0	0	0	0	0	nan	0	0	0	0.002404	0.000103	0.002404	0.000103	0.595123	0.025498
42	C	4548	229189	226932	0.020041	20	0	229181	0	0	0	nan	0	0	0	0	0	0	nan	0	0	0	0.020041	0.000297	0.020041	0.000297	0.721626	0.010694
43	U	754	229193	226922	0.003323	20	0	229188	0	0	0	nan	0	0	0	0	0	0	nan	0	0	0	0.003323	0.000121	0.003323	0.000121	0.822627	0.029954
44	C	4868	229198	226982	0.021447	19	0	229192	0	0	0	nan	0	0	0	0	0	0	nan	0	0	0	0.021447	0.000307	0.021447	0.000307	0.772253	0.011054
45	U	618	229199	226746	0.002726	19	0	229191	0	0	0	nan	0	0	0	0	0	0	nan	0	0	0	0.002726	0.000110	0.002726	0.000110	0.674836	0.027231
46	G	283	229195	224523	0.001260	19	0	229186	0	0	0	nan	0	0	0	0	0	0	nan	0	0	0	0.001260	0.000075	0.001260	0.000075	nan	nan
47	C	10530	229193	225650	0.046665	19	0	229185	0	0	0	nan	0	0	0	0	0	0	nan	0	0	0	0.046665	0.000455	0.046665	0.000455	1.680290	0.016383
48	C	9518	229199	226331	0.042053	19	0	229194	0	0	0	nan	0	0	0	0	0	0	nan	0	0	0	0.042053	0.000431	0.042053	0.000431	1.514223	0.015519
49	A	2283	229207	227318	0.010043	19	0	229204	0	0	0	nan	0	0	0	0	0	0	nan	0	0	0	0.010043	0.000210	0.010043	0.000210	0.802862	0.016788
50	A	0	229208	228020	0.000000	19	0	229208	0	0	0	nan	0	0	0	0	0	0	nan	0	0	0	0.000000	0.000000	0.000000	0.000000	0.000000	0.000000
51	U	0	229207	117	0.000000	17	0	229207	0	0	0	nan	0	0	0	0	0	0	nan	0	0	0	0.000000	0.000000	nan	nan	nan	nan
52	C	0	229206	115	0.000000	17	0	229206	0	0	0	nan	0	0	0	0	0	0	nan	0	0	0	0.000000	0.000000	nan	nan	nan	nan
53	C	0	229200	116	0.000000	17	0	229200	0	0	0	nan	0	0	0	0	0	0	nan	0	0	0	0.000000	0.000000	nan	nan	nan	nan
54	a	0	229064	0	nan	17	0	229064	0	0	0	nan	0	0	0	0	0	0	nan	0	0	0	nan	nan	nan	nan	nan	nan
55	c	0	229062	0	nan	17	0	229062	0	0	0	nan	0	0	0	0	0	0	nan	0	0	0	nan	nan	nan	nan	nan	nan
56	u	0	229057	0	nan	17	0	229057	0	0	0	nan	0	0	0	0	0	0	nan	0	0	0	nan	nan	nan	nan	nan	nan
57	a	0	229051	0	nan	17	0	229051	0	0	0	nan	0	0	0	0	0	0	nan	0	0	0	nan	nan	nan	nan	nan	nan
58	a	0	229051	0	nan	17	0	229051	0	0	0	nan	0	0	0	0	0	0	nan	0	0	0	nan	nan	nan	nan	nan	nan
59	c	0	229051	0	nan	5	0	229051	0	0	0	nan	0	0	0	0	0	0	nan	0	0	0	nan	nan	nan	nan	nan	nan
60	c	0	229051	0	nan	5	0	229051	0	0	0	nan	0	0	0	0	0	0	nan	0	0	0	nan	nan	nan	nan	nan	nan
61	u	0	229051	0	nan	0	0	229051	0	0	0	nan	0	0	0	0	0	0	nan	0	0	0	nan	nan	nan	nan	nan	nan
62	c	0	229050	0	nan	0	0	229050	0	0	0	nan	0	0	0	0	0	0	nan	0	0	0	nan	nan	nan	nan	nan	nan
63	a	0	229050	0	nan	0	0	229050	0	0	0	nan	0	0	0	0	0	0	nan	0	0	0	nan	nan	nan	nan	nan	nan
64	c	0	229049	0	nan	0	0	229049	0	0	0	nan	0	0	0	0	0	0	nan	0	0	0	nan	nan	nan	nan	nan	nan
65	u	0	229048	0	nan	0	0	229048	0	0	0	nan	0	0	0	0	0	0	nan	0	0	0	nan	nan	nan	nan	nan	nan
66	c	0	229048	0	nan	0	0	229048	0	0	0	nan	0	0	0	0	0	0	nan	0	0	0	nan	nan	nan	nan	nan	nan
67	a	0	229047	0	nan	0	0	229047	0	0	0	nan	0	0	0	0	0	0	nan	0	0	0	nan	nan	nan	nan	nan	nan
68	c	0	229042	0	nan	0	0	229042	0	0	0	nan	0	0	0	0	0	0	nan	0	0	0	nan	nan	nan	nan	nan	nan
69	a	0	229037	0	nan	0	0	229037	0	0	0	nan	0	0	0	0	0	0	nan	0	0	0	nan	nan	nan	nan	nan	nan
70	a	0	228976	0	nan	0	0	228976	0	0	0	nan	0	0	0	0	0	0	nan	0	0	0	nan	nan	nan	nan	nan	nan
71	u	0	228860	0	nan	0	0	228860	0	0	0	nan	0	0	0	0	0	0	nan	0	0	0	nan	nan	nan	nan	nan	nan
72	c	0	228595	0	nan	0	0	228595	0	0	0	nan	0	0	0	0	0	0	nan	0	0	0	nan	nan	nan	nan	nan	nan