39
i	j	-log10(Probability)
1	13	10.3695
1	32	8.76884
2	12	10.1519
2	19	3.35003
2	31	8.68086
3	12	7.74324
3	18	3.27373
3	19	6.57218
3	27	9.43708
3	29	7.52424
3	31	7.70227
4	11	7.50325
4	12	9.12581
4	17	3.26792
4	18	7.46817
4	19	9.99175
4	20	9.04563
4	26	9.56668
4	27	7.20196
4	28	7.4684
4	29	8.69522
4	30	7.66654
4	31	8.08799
4	34	0.00098488
4	38	5.27845
4	39	5.96668
5	10	7.8395
5	11	8.79323
5	16	3.26788
5	17	7.75279
5	18	11.1338
5	19	9.12693
5	26	6.97587
5	27	8.95908
5	28	8.43607
5	29	7.76521
5	30	8.03348
5	33	0.000241441
5	37	6.95751
5	38	6.29063
6	13	6.83212
6	15	3.26816
6	25	6.97373
6	32	0.00024333
7	12	6.2583
7	18	8.45144
7	19	10.5903
7	27	6.51302
7	29	5.28111
7	31	0.000461075
8	17	8.2292
8	18	10.442
8	19	9.19856
8	20	8.178
8	26	6.22557
8	28	4.94951
8	30	0.000440652
8	38	8.04469
9	18	8.78452
9	19	8.12042
9	27	4.84964
9	29	0.00790362
9	37	8.04579
10	22	5.77743
10	23	2.16794
10	24	3.35826
10	36	8.09081
11	21	5.75347
11	22	2.14951
11	23	3.4908
11	25	3.66632
12	21	2.14266
12	22	3.70695
12	24	3.68433
12	32	9.66089
12	35	8.2241
13	19	6.00015
13	20	2.13485
13	28	0.00532887
13	30	6.12152
13	31	10.1028
13	34	8.20472
13	38	8.78074
14	18	5.34754
14	19	2.19285
14	27	0.00466241
14	29	5.9276
14	31	9.97016
14	37	8.77678
15	26	0.00457971
15	28	5.73745
15	30	9.70026
15	33	8.19315
16	22	3.15484
16	23	1.92616
16	25	0.0489523
16	32	8.21314
17	21	2.96947
17	22	1.63049
17	23	0.299206
17	25	1.06789
18	22	0.389628
18	24	0.773327
18	25	5.27153
18	36	7.26254
19	23	0.863133
19	24	3.43396
19	35	6.51142
20	32	3.99275
21	27	7.2318
21	28	6.38155
21	29	5.44673
21	30	5.10115
21	31	3.9425
21	34	3.45405
21	38	5.56129
21	39	4.34277
22	26	7.00869
22	27	6.56535
22	28	5.0749
22	29	5.1083
22	30	3.94096
22	31	6.27882
22	33	3.45412
22	34	5.78719
22	37	5.57798
22	38	4.34238
22	39	5.01236
23	27	4.97266
23	28	4.81379
23	29	3.94638
23	30	5.86133
23	33	5.79813
23	37	4.36943
23	38	4.99606
24	29	5.84773
24	31	3.46136
24	37	4.99826
25	30	3.47798
25	33	4.24764
26	32	4.24643
