Nucleotide	Sequence	Modified_mutations	Modified_read_depth	Modified_effective_depth	Modified_rate	Modified_off_target_mapped_depth	Modified_low_mapq_mapped_depth	Modified_primer_pair_1_mapped_depth	Untreated_mutations	Untreated_read_depth	Untreated_effective_depth	Untreated_rate	Untreated_off_target_mapped_depth	Untreated_low_mapq_mapped_depth	Untreated_primer_pair_1_mapped_depth	Denatured_mutations	Denatured_read_depth	Denatured_effective_depth	Denatured_rate	Denatured_off_target_mapped_depth	Denatured_low_mapq_mapped_depth	Denatured_primer_pair_1_mapped_depth	Reactivity_profile	Std_err	HQ_profile	HQ_stderr	Norm_profile	Norm_stderr
1	g	0	8373717	0	nan	28	255	8373717	0	0	0	nan	0	0	0	0	0	0	nan	0	0	0	nan	nan	nan	nan	nan	nan
2	g	0	8497965	0	nan	28	260	8497965	0	0	0	nan	0	0	0	0	0	0	nan	0	0	0	nan	nan	nan	nan	nan	nan
3	u	0	8511636	0	nan	29	264	8511636	0	0	0	nan	0	0	0	0	0	0	nan	0	0	0	nan	nan	nan	nan	nan	nan
4	g	0	8518978	0	nan	29	278	8518978	0	0	0	nan	0	0	0	0	0	0	nan	0	0	0	nan	nan	nan	nan	nan	nan
5	u	0	8533495	0	nan	29	281	8533495	0	0	0	nan	0	0	0	0	0	0	nan	0	0	0	nan	nan	nan	nan	nan	nan
6	a	0	8540347	0	nan	29	288	8540347	0	0	0	nan	0	0	0	0	0	0	nan	0	0	0	nan	nan	nan	nan	nan	nan
7	a	0	8541583	0	nan	29	291	8541583	0	0	0	nan	0	0	0	0	0	0	nan	0	0	0	nan	nan	nan	nan	nan	nan
8	g	0	8542498	0	nan	29	291	8542498	0	0	0	nan	0	0	0	0	0	0	nan	0	0	0	nan	nan	nan	nan	nan	nan
9	g	0	8543558	0	nan	29	292	8543558	0	0	0	nan	0	0	0	0	0	0	nan	0	0	0	nan	nan	nan	nan	nan	nan
10	g	0	8546032	0	nan	29	304	8546032	0	0	0	nan	0	0	0	0	0	0	nan	0	0	0	nan	nan	nan	nan	nan	nan
11	u	0	8551006	0	nan	29	306	8551006	0	0	0	nan	0	0	0	0	0	0	nan	0	0	0	nan	nan	nan	nan	nan	nan
12	g	0	8570099	0	nan	85	323	8570099	0	0	0	nan	0	0	0	0	0	0	nan	0	0	0	nan	nan	nan	nan	nan	nan
13	a	0	8586044	0	nan	91	329	8586044	0	0	0	nan	0	0	0	0	0	0	nan	0	0	0	nan	nan	nan	nan	nan	nan
14	a	0	8594915	0	nan	103	331	8594915	0	0	0	nan	0	0	0	0	0	0	nan	0	0	0	nan	nan	nan	nan	nan	nan
15	g	0	8598657	0	nan	442	331	8598657	0	0	0	nan	0	0	0	0	0	0	nan	0	0	0	nan	nan	nan	nan	nan	nan
16	u	0	8603130	0	nan	443	331	8603130	0	0	0	nan	0	0	0	0	0	0	nan	0	0	0	nan	nan	nan	nan	nan	nan
17	g	0	8604899	0	nan	443	335	8604899	0	0	0	nan	0	0	0	0	0	0	nan	0	0	0	nan	nan	nan	nan	nan	nan
18	u	0	8606527	0	nan	443	340	8606527	0	0	0	nan	0	0	0	0	0	0	nan	0	0	0	nan	nan	nan	nan	nan	nan
19	a	0	8607815	0	nan	444	350	8607815	0	0	0	nan	0	0	0	0	0	0	nan	0	0	0	nan	nan	nan	nan	nan	nan
20	A	0	8609360	635	0.000000	444	350	8609360	0	0	0	nan	0	0	0	0	0	0	nan	0	0	0	0.000000	0.000000	nan	nan	nan	nan
21	G	0	8610348	734	0.000000	444	350	8610348	0	0	0	nan	0	0	0	0	0	0	nan	0	0	0	0.000000	0.000000	nan	nan	nan	nan
22	G	0	8610915	643	0.000000	444	350	8610915	0	0	0	nan	0	0	0	0	0	0	nan	0	0	0	0.000000	0.000000	nan	nan	nan	nan
23	U	0	8612574	7728643	0.000000	444	350	8612574	0	0	0	nan	0	0	0	0	0	0	nan	0	0	0	0.000000	0.000000	0.000000	0.000000	0.000000	0.000000
24	U	18879	8613844	7773324	0.002429	444	350	8613844	0	0	0	nan	0	0	0	0	0	0	nan	0	0	0	0.002429	0.000018	0.002429	0.000018	0.629927	0.004668
25	G	7735	8619200	7693301	0.001005	444	350	8619200	0	0	0	nan	0	0	0	0	0	0	nan	0	0	0	0.001005	0.000011	0.001005	0.000011	nan	nan
26	A	28868	8630956	7900757	0.003654	444	350	8630893	0	0	0	nan	0	0	0	0	0	0	nan	0	0	0	0.003654	0.000022	0.003654	0.000022	1.000000	0.006021
27	C	13684	8636264	7661456	0.001786	444	350	8636167	0	0	0	nan	0	0	0	0	0	0	nan	0	0	0	0.001786	0.000015	0.001786	0.000015	0.676131	0.005679
28	C	24236	8638482	7686641	0.003153	444	350	8638355	0	0	0	nan	0	0	0	0	0	0	nan	0	0	0	0.003153	0.000020	0.003153	0.000020	1.193640	0.007571
29	U	30779	8644363	7650811	0.004023	444	350	8644220	0	0	0	nan	0	0	0	0	0	0	nan	0	0	0	0.004023	0.000023	0.004023	0.000023	1.043309	0.005965
30	U	15712	8654139	7789438	0.002017	444	350	8653973	0	0	0	nan	0	0	0	0	0	0	nan	0	0	0	0.002017	0.000016	0.002017	0.000016	0.523081	0.004149
31	U	17627	8662450	7835909	0.002250	444	350	8662258	0	0	0	nan	0	0	0	0	0	0	nan	0	0	0	0.002250	0.000017	0.002250	0.000017	0.583506	0.004409
32	U	16969	8671111	7938206	0.002138	444	350	8670897	0	0	0	nan	0	0	0	0	0	0	nan	0	0	0	0.002138	0.000016	0.002138	0.000016	0.554461	0.004149
33	G	3086	8712764	8053425	0.000383	442	350	8712538	0	0	0	nan	0	0	0	0	0	0	nan	0	0	0	0.000383	0.000007	0.000383	0.000007	nan	nan
34	A	16272	8726345	8479821	0.001919	442	350	8726139	0	0	0	nan	0	0	0	0	0	0	nan	0	0	0	0.001919	0.000015	0.001919	0.000015	0.525178	0.004105
35	A	17835	8729136	8423220	0.002117	442	350	8728924	0	0	0	nan	0	0	0	0	0	0	nan	0	0	0	0.002117	0.000016	0.002117	0.000016	0.579365	0.004379
36	U	6266	8730070	8349693	0.000750	442	350	8729843	0	0	0	nan	0	0	0	0	0	0	nan	0	0	0	0.000750	0.000009	0.000750	0.000009	0.194502	0.002334
37	A	364147	8730610	7934602	0.045894	442	350	8730340	0	0	0	nan	0	0	0	0	0	0	nan	0	0	0	0.045894	0.000076	0.045894	0.000076	12.559934	0.020799
38	G	14536	8731365	7828636	0.001857	466	350	8731110	0	0	0	nan	0	0	0	0	0	0	nan	0	0	0	0.001857	0.000015	0.001857	0.000015	nan	nan
39	U	14225	8732217	7875573	0.001806	466	350	8731953	0	0	0	nan	0	0	0	0	0	0	nan	0	0	0	0.001806	0.000015	0.001806	0.000015	0.468361	0.003890
40	G	9987	8733217	8111057	0.001231	473	350	8732950	0	0	0	nan	0	0	0	0	0	0	nan	0	0	0	0.001231	0.000012	0.001231	0.000012	nan	nan
41	A	68445	8737765	8097892	0.008452	474	350	8737500	0	0	0	nan	0	0	0	0	0	0	nan	0	0	0	0.008452	0.000032	0.008452	0.000032	2.313082	0.008758
42	U	28198	8739132	8076525	0.003491	476	350	8738866	0	0	0	nan	0	0	0	0	0	0	nan	0	0	0	0.003491	0.000021	0.003491	0.000021	0.905342	0.005446
43	U	15017	8742319	8008988	0.001875	486	350	8742047	0	0	0	nan	0	0	0	0	0	0	nan	0	0	0	0.001875	0.000015	0.001875	0.000015	0.486255	0.003890
44	C	17089	8746888	8023584	0.002130	485	350	8746603	0	0	0	nan	0	0	0	0	0	0	nan	0	0	0	0.002130	0.000016	0.002130	0.000016	0.806360	0.006057
45	A	21623	8750461	8056847	0.002684	484	350	8750138	0	0	0	nan	0	0	0	0	0	0	nan	0	0	0	0.002684	0.000018	0.002684	0.000018	0.734537	0.004926
46	G	5027	8753422	7894136	0.000637	482	350	8753108	0	0	0	nan	0	0	0	0	0	0	nan	0	0	0	0.000637	0.000009	0.000637	0.000009	nan	nan
47	G	12163	8759114	7988112	0.001523	488	350	8758797	0	0	0	nan	0	0	0	0	0	0	nan	0	0	0	0.001523	0.000014	0.001523	0.000014	nan	nan
48	A	9099	8767364	7853867	0.001159	510	350	8767040	0	0	0	nan	0	0	0	0	0	0	nan	0	0	0	0.001159	0.000012	0.001159	0.000012	0.317187	0.003284
49	G	22370	8768943	7949856	0.002814	512	350	8768636	0	0	0	nan	0	0	0	0	0	0	nan	0	0	0	0.002814	0.000019	0.002814	0.000019	nan	nan
50	G	3700	8781045	7722443	0.000479	531	350	8780781	0	0	0	nan	0	0	0	0	0	0	nan	0	0	0	0.000479	0.000008	0.000479	0.000008	nan	nan
51	U	30440	8785241	7894460	0.003856	530	350	8785009	0	0	0	nan	0	0	0	0	0	0	nan	0	0	0	0.003856	0.000022	0.003856	0.000022	1.000000	0.005705
52	U	23067	8792990	7904585	0.002918	546	350	8792815	0	0	0	nan	0	0	0	0	0	0	nan	0	0	0	0.002918	0.000019	0.002918	0.000019	0.756743	0.004927
53	A	8672	8798498	8246370	0.001052	546	350	8798338	0	0	0	nan	0	0	0	0	0	0	nan	0	0	0	0.001052	0.000011	0.001052	0.000011	0.287904	0.003010
54	A	18260	8801647	8434242	0.002165	546	350	8801519	0	0	0	nan	0	0	0	0	0	0	nan	0	0	0	0.002165	0.000016	0.002165	0.000016	0.592501	0.004379
55	U	14844	8802796	8358015	0.001776	545	350	8802700	0	0	0	nan	0	0	0	0	0	0	nan	0	0	0	0.001776	0.000015	0.001776	0.000015	0.460581	0.003890
56	G	6824	8803786	8103604	0.000842	545	350	8803716	0	0	0	nan	0	0	0	0	0	0	nan	0	0	0	0.000842	0.000010	0.000842	0.000010	nan	nan
57	G	0	8805021	8142903	0.000000	544	350	8804985	0	0	0	nan	0	0	0	0	0	0	nan	0	0	0	0.000000	0.000000	0.000000	0.000000	nan	nan
58	A	0	8806975	74	0.000000	543	350	8806975	0	0	0	nan	0	0	0	0	0	0	nan	0	0	0	0.000000	0.000000	nan	nan	nan	nan
59	A	0	8806905	78	0.000000	543	350	8806905	0	0	0	nan	0	0	0	0	0	0	nan	0	0	0	0.000000	0.000000	nan	nan	nan	nan
60	G	0	8806803	25	0.000000	543	350	8806803	0	0	0	nan	0	0	0	0	0	0	nan	0	0	0	0.000000	0.000000	nan	nan	nan	nan
61	u	0	8806745	0	nan	542	350	8806745	0	0	0	nan	0	0	0	0	0	0	nan	0	0	0	nan	nan	nan	nan	nan	nan
62	a	0	8806569	0	nan	540	350	8806569	0	0	0	nan	0	0	0	0	0	0	nan	0	0	0	nan	nan	nan	nan	nan	nan
63	a	0	8806453	0	nan	539	350	8806453	0	0	0	nan	0	0	0	0	0	0	nan	0	0	0	nan	nan	nan	nan	nan	nan
64	a	0	8806410	0	nan	537	348	8806410	0	0	0	nan	0	0	0	0	0	0	nan	0	0	0	nan	nan	nan	nan	nan	nan
65	g	0	8806369	0	nan	530	314	8806369	0	0	0	nan	0	0	0	0	0	0	nan	0	0	0	nan	nan	nan	nan	nan	nan
66	g	0	8806329	0	nan	520	309	8806329	0	0	0	nan	0	0	0	0	0	0	nan	0	0	0	nan	nan	nan	nan	nan	nan
67	u	0	8806302	0	nan	517	307	8806302	0	0	0	nan	0	0	0	0	0	0	nan	0	0	0	nan	nan	nan	nan	nan	nan
68	a	0	8806255	0	nan	515	299	8806255	0	0	0	nan	0	0	0	0	0	0	nan	0	0	0	nan	nan	nan	nan	nan	nan
69	a	0	8806225	0	nan	514	295	8806225	0	0	0	nan	0	0	0	0	0	0	nan	0	0	0	nan	nan	nan	nan	nan	nan
70	u	0	8806199	0	nan	513	291	8806199	0	0	0	nan	0	0	0	0	0	0	nan	0	0	0	nan	nan	nan	nan	nan	nan
71	g	0	8806068	0	nan	513	289	8806068	0	0	0	nan	0	0	0	0	0	0	nan	0	0	0	nan	nan	nan	nan	nan	nan
72	a	0	8805977	0	nan	509	288	8805977	0	0	0	nan	0	0	0	0	0	0	nan	0	0	0	nan	nan	nan	nan	nan	nan
73	a	0	8805936	0	nan	508	288	8805936	0	0	0	nan	0	0	0	0	0	0	nan	0	0	0	nan	nan	nan	nan	nan	nan
74	g	0	8805919	0	nan	508	288	8805919	0	0	0	nan	0	0	0	0	0	0	nan	0	0	0	nan	nan	nan	nan	nan	nan
75	g	0	8805880	0	nan	508	287	8805880	0	0	0	nan	0	0	0	0	0	0	nan	0	0	0	nan	nan	nan	nan	nan	nan
76	u	0	8805791	0	nan	507	287	8805791	0	0	0	nan	0	0	0	0	0	0	nan	0	0	0	nan	nan	nan	nan	nan	nan
77	g	0	8805694	0	nan	506	287	8805694	0	0	0	nan	0	0	0	0	0	0	nan	0	0	0	nan	nan	nan	nan	nan	nan
78	a	0	8805591	0	nan	503	287	8805591	0	0	0	nan	0	0	0	0	0	0	nan	0	0	0	nan	nan	nan	nan	nan	nan
79	a	0	8798902	0	nan	497	285	8798902	0	0	0	nan	0	0	0	0	0	0	nan	0	0	0	nan	nan	nan	nan	nan	nan
80	g	0	8795300	0	nan	496	283	8795300	0	0	0	nan	0	0	0	0	0	0	nan	0	0	0	nan	nan	nan	nan	nan	nan