Nucleotide	Sequence	Modified_mutations	Modified_read_depth	Modified_effective_depth	Modified_rate	Modified_off_target_mapped_depth	Modified_low_mapq_mapped_depth	Modified_primer_pair_1_mapped_depth	Untreated_mutations	Untreated_read_depth	Untreated_effective_depth	Untreated_rate	Untreated_off_target_mapped_depth	Untreated_low_mapq_mapped_depth	Untreated_primer_pair_1_mapped_depth	Denatured_mutations	Denatured_read_depth	Denatured_effective_depth	Denatured_rate	Denatured_off_target_mapped_depth	Denatured_low_mapq_mapped_depth	Denatured_primer_pair_1_mapped_depth	Reactivity_profile	Std_err	HQ_profile	HQ_stderr	Norm_profile	Norm_stderr
1	g	0	5644666	0	nan	6	738	5644666	0	0	0	nan	0	0	0	0	0	0	nan	0	0	0	nan	nan	nan	nan	nan	nan
2	g	0	5752013	0	nan	6	743	5752013	0	0	0	nan	0	0	0	0	0	0	nan	0	0	0	nan	nan	nan	nan	nan	nan
3	u	0	5795510	0	nan	6	744	5795510	0	0	0	nan	0	0	0	0	0	0	nan	0	0	0	nan	nan	nan	nan	nan	nan
4	g	0	5808385	0	nan	6	748	5808385	0	0	0	nan	0	0	0	0	0	0	nan	0	0	0	nan	nan	nan	nan	nan	nan
5	u	0	5816571	0	nan	6	751	5816571	0	0	0	nan	0	0	0	0	0	0	nan	0	0	0	nan	nan	nan	nan	nan	nan
6	a	0	5826905	0	nan	6	756	5826905	0	0	0	nan	0	0	0	0	0	0	nan	0	0	0	nan	nan	nan	nan	nan	nan
7	a	0	5831035	0	nan	6	758	5831035	0	0	0	nan	0	0	0	0	0	0	nan	0	0	0	nan	nan	nan	nan	nan	nan
8	g	0	5833124	0	nan	6	759	5833124	0	0	0	nan	0	0	0	0	0	0	nan	0	0	0	nan	nan	nan	nan	nan	nan
9	g	0	5836044	0	nan	7	760	5836044	0	0	0	nan	0	0	0	0	0	0	nan	0	0	0	nan	nan	nan	nan	nan	nan
10	g	0	5840230	0	nan	7	760	5840230	0	0	0	nan	0	0	0	0	0	0	nan	0	0	0	nan	nan	nan	nan	nan	nan
11	u	0	5848385	0	nan	7	760	5848385	0	0	0	nan	0	0	0	0	0	0	nan	0	0	0	nan	nan	nan	nan	nan	nan
12	g	0	5870017	0	nan	135	766	5870017	0	0	0	nan	0	0	0	0	0	0	nan	0	0	0	nan	nan	nan	nan	nan	nan
13	a	0	5899350	0	nan	140	766	5899350	0	0	0	nan	0	0	0	0	0	0	nan	0	0	0	nan	nan	nan	nan	nan	nan
14	a	0	5929704	0	nan	173	767	5929704	0	0	0	nan	0	0	0	0	0	0	nan	0	0	0	nan	nan	nan	nan	nan	nan
15	g	0	5952064	0	nan	405	767	5952064	0	0	0	nan	0	0	0	0	0	0	nan	0	0	0	nan	nan	nan	nan	nan	nan
16	u	0	5972419	0	nan	408	768	5972419	0	0	0	nan	0	0	0	0	0	0	nan	0	0	0	nan	nan	nan	nan	nan	nan
17	g	0	5981634	0	nan	412	774	5981634	0	0	0	nan	0	0	0	0	0	0	nan	0	0	0	nan	nan	nan	nan	nan	nan
18	u	0	5987264	0	nan	421	776	5987264	0	0	0	nan	0	0	0	0	0	0	nan	0	0	0	nan	nan	nan	nan	nan	nan
19	a	0	5991271	0	nan	421	785	5991271	0	0	0	nan	0	0	0	0	0	0	nan	0	0	0	nan	nan	nan	nan	nan	nan
20	A	0	5992899	392	0.000000	421	785	5992899	0	0	0	nan	0	0	0	0	0	0	nan	0	0	0	0.000000	0.000000	nan	nan	nan	nan
21	G	0	5993533	380	0.000000	421	785	5993533	0	0	0	nan	0	0	0	0	0	0	nan	0	0	0	0.000000	0.000000	nan	nan	nan	nan
22	G	0	5994404	554	0.000000	421	785	5994404	0	0	0	nan	0	0	0	0	0	0	nan	0	0	0	0.000000	0.000000	nan	nan	nan	nan
23	U	0	5997150	5014765	0.000000	422	785	5997150	0	0	0	nan	0	0	0	0	0	0	nan	0	0	0	0.000000	0.000000	0.000000	0.000000	0.000000	0.000000
24	U	11204	5999290	5111717	0.002192	422	785	5999290	0	0	0	nan	0	0	0	0	0	0	nan	0	0	0	0.002192	0.000021	0.002192	0.000021	0.524779	0.005028
25	G	3515	6008258	5203684	0.000675	422	785	6008258	0	0	0	nan	0	0	0	0	0	0	nan	0	0	0	0.000675	0.000011	0.000675	0.000011	0.173388	0.002826
26	A	10472	6028269	5428521	0.001929	422	785	6028221	0	0	0	nan	0	0	0	0	0	0	nan	0	0	0	0.001929	0.000019	0.001929	0.000019	0.811869	0.007997
27	A	16621	6033339	5242089	0.003171	422	785	6033254	0	0	0	nan	0	0	0	0	0	0	nan	0	0	0	0.003171	0.000025	0.003171	0.000025	1.334596	0.010522
28	C	20686	6034190	5036986	0.004107	422	785	6034065	0	0	0	nan	0	0	0	0	0	0	nan	0	0	0	0.004107	0.000029	0.004107	0.000029	1.181446	0.008342
29	U	17619	6036021	4970398	0.003545	423	785	6035886	0	0	0	nan	0	0	0	0	0	0	nan	0	0	0	0.003545	0.000027	0.003545	0.000027	0.848695	0.006464
30	U	8077	6038524	5007597	0.001613	423	785	6038376	0	0	0	nan	0	0	0	0	0	0	nan	0	0	0	0.001613	0.000018	0.001613	0.000018	0.386162	0.004309
31	U	6377	6041321	4926529	0.001294	423	785	6041142	0	0	0	nan	0	0	0	0	0	0	nan	0	0	0	0.001294	0.000016	0.001294	0.000016	0.309792	0.003831
32	U	27830	6045168	5020251	0.005544	423	785	6044975	0	0	0	nan	0	0	0	0	0	0	nan	0	0	0	0.005544	0.000033	0.005544	0.000033	1.327268	0.007900
33	G	3827	6091843	5152319	0.000743	424	785	6091634	0	0	0	nan	0	0	0	0	0	0	nan	0	0	0	0.000743	0.000012	0.000743	0.000012	0.190855	0.003082
34	A	2385	6126304	5728937	0.000416	424	785	6126137	0	0	0	nan	0	0	0	0	0	0	nan	0	0	0	0.000416	0.000009	0.000416	0.000009	0.175084	0.003788
35	A	8912	6138628	5751171	0.001550	424	785	6138474	0	0	0	nan	0	0	0	0	0	0	nan	0	0	0	0.001550	0.000016	0.001550	0.000016	0.652357	0.006734
36	U	3061	6140724	5751868	0.000532	424	785	6140573	0	0	0	nan	0	0	0	0	0	0	nan	0	0	0	0.000532	0.000010	0.000532	0.000010	0.127364	0.002394
37	A	9136	6143253	5476506	0.001668	425	785	6143083	0	0	0	nan	0	0	0	0	0	0	nan	0	0	0	0.001668	0.000017	0.001668	0.000017	0.702020	0.007155
38	G	4371	6143696	5316610	0.000822	428	785	6143527	0	0	0	nan	0	0	0	0	0	0	nan	0	0	0	0.000822	0.000012	0.000822	0.000012	0.211148	0.003082
39	U	6414	6144762	5155089	0.001244	428	785	6144582	0	0	0	nan	0	0	0	0	0	0	nan	0	0	0	0.001244	0.000016	0.001244	0.000016	0.297821	0.003831
40	G	6053	6146294	5214553	0.001161	430	785	6146114	0	0	0	nan	0	0	0	0	0	0	nan	0	0	0	0.001161	0.000015	0.001161	0.000015	0.298228	0.003853
41	A	13089	6153455	5183998	0.002525	430	785	6153274	0	0	0	nan	0	0	0	0	0	0	nan	0	0	0	0.002525	0.000022	0.002525	0.000022	1.062710	0.009259
42	U	19986	6155395	5083891	0.003931	431	785	6155210	0	0	0	nan	0	0	0	0	0	0	nan	0	0	0	0.003931	0.000028	0.003931	0.000028	0.941106	0.006703
43	U	8327	6160193	5065449	0.001644	433	785	6159996	0	0	0	nan	0	0	0	0	0	0	nan	0	0	0	0.001644	0.000018	0.001644	0.000018	0.393584	0.004309
44	C	8131	6175558	5133245	0.001584	432	785	6175349	0	0	0	nan	0	0	0	0	0	0	nan	0	0	0	0.001584	0.000018	0.001584	0.000018	0.455663	0.005178
45	A	6207	6187159	5191352	0.001196	431	785	6186918	0	0	0	nan	0	0	0	0	0	0	nan	0	0	0	0.001196	0.000015	0.001196	0.000015	0.503367	0.006313
46	G	3514	6193002	5016794	0.000700	425	785	6192750	0	0	0	nan	0	0	0	0	0	0	nan	0	0	0	0.000700	0.000012	0.000700	0.000012	0.179810	0.003082
47	G	11303	6207734	5097300	0.002217	422	785	6207500	0	0	0	nan	0	0	0	0	0	0	nan	0	0	0	0.002217	0.000021	0.002217	0.000021	0.569484	0.005394
48	A	2676	6231792	4919840	0.000544	421	785	6231589	0	0	0	nan	0	0	0	0	0	0	nan	0	0	0	0.000544	0.000011	0.000544	0.000011	0.228956	0.004630
49	G	45378	6236163	5086431	0.008921	419	785	6235983	0	0	0	nan	0	0	0	0	0	0	nan	0	0	0	0.008921	0.000042	0.008921	0.000042	2.291549	0.010789
50	G	2859	6256407	4859697	0.000588	419	785	6256276	0	0	0	nan	0	0	0	0	0	0	nan	0	0	0	0.000588	0.000011	0.000588	0.000011	0.151040	0.002826
51	U	21366	6263198	5114610	0.004177	419	785	6263090	0	0	0	nan	0	0	0	0	0	0	nan	0	0	0	0.004177	0.000029	0.004177	0.000029	1.000000	0.006943
52	U	14000	6275412	5135217	0.002726	418	785	6275329	0	0	0	nan	0	0	0	0	0	0	nan	0	0	0	0.002726	0.000023	0.002726	0.000023	0.652621	0.005506
53	A	2652	6286470	5595690	0.000474	417	785	6286397	0	0	0	nan	0	0	0	0	0	0	nan	0	0	0	0.000474	0.000009	0.000474	0.000009	0.199495	0.003788
54	A	2924	6292226	5634541	0.000519	414	785	6292170	0	0	0	nan	0	0	0	0	0	0	nan	0	0	0	0.000519	0.000010	0.000519	0.000010	0.218434	0.004209
55	U	15226	6293044	5346125	0.002848	411	785	6293003	0	0	0	nan	0	0	0	0	0	0	nan	0	0	0	0.002848	0.000023	0.002848	0.000023	0.681829	0.005506
56	G	5314	6294849	4995418	0.001064	410	785	6294815	0	0	0	nan	0	0	0	0	0	0	nan	0	0	0	0.001064	0.000015	0.001064	0.000015	0.273311	0.003853
57	G	0	6296808	5136120	0.000000	409	785	6296794	0	0	0	nan	0	0	0	0	0	0	nan	0	0	0	0.000000	0.000000	0.000000	0.000000	0.000000	0.000000
58	A	0	6300139	66	0.000000	406	785	6300139	0	0	0	nan	0	0	0	0	0	0	nan	0	0	0	0.000000	0.000000	nan	nan	nan	nan
59	A	0	6300080	75	0.000000	405	785	6300080	0	0	0	nan	0	0	0	0	0	0	nan	0	0	0	0.000000	0.000000	nan	nan	nan	nan
60	G	0	6299982	29	0.000000	405	785	6299982	0	0	0	nan	0	0	0	0	0	0	nan	0	0	0	0.000000	0.000000	nan	nan	nan	nan
61	u	0	6299914	0	nan	404	785	6299914	0	0	0	nan	0	0	0	0	0	0	nan	0	0	0	nan	nan	nan	nan	nan	nan
62	a	0	6299697	0	nan	396	785	6299697	0	0	0	nan	0	0	0	0	0	0	nan	0	0	0	nan	nan	nan	nan	nan	nan
63	a	0	6299561	0	nan	387	785	6299561	0	0	0	nan	0	0	0	0	0	0	nan	0	0	0	nan	nan	nan	nan	nan	nan
64	a	0	6299533	0	nan	385	785	6299533	0	0	0	nan	0	0	0	0	0	0	nan	0	0	0	nan	nan	nan	nan	nan	nan
65	g	0	6299511	0	nan	383	785	6299511	0	0	0	nan	0	0	0	0	0	0	nan	0	0	0	nan	nan	nan	nan	nan	nan
66	g	0	6299490	0	nan	382	784	6299490	0	0	0	nan	0	0	0	0	0	0	nan	0	0	0	nan	nan	nan	nan	nan	nan
67	u	0	6299479	0	nan	382	784	6299479	0	0	0	nan	0	0	0	0	0	0	nan	0	0	0	nan	nan	nan	nan	nan	nan
68	a	0	6299454	0	nan	382	781	6299454	0	0	0	nan	0	0	0	0	0	0	nan	0	0	0	nan	nan	nan	nan	nan	nan
69	a	0	6299433	0	nan	381	781	6299433	0	0	0	nan	0	0	0	0	0	0	nan	0	0	0	nan	nan	nan	nan	nan	nan
70	u	0	6299392	0	nan	378	779	6299392	0	0	0	nan	0	0	0	0	0	0	nan	0	0	0	nan	nan	nan	nan	nan	nan
71	g	0	6299271	0	nan	373	775	6299271	0	0	0	nan	0	0	0	0	0	0	nan	0	0	0	nan	nan	nan	nan	nan	nan
72	a	0	6299078	0	nan	355	773	6299078	0	0	0	nan	0	0	0	0	0	0	nan	0	0	0	nan	nan	nan	nan	nan	nan
73	a	0	6299046	0	nan	354	773	6299046	0	0	0	nan	0	0	0	0	0	0	nan	0	0	0	nan	nan	nan	nan	nan	nan
74	g	0	6298994	0	nan	352	767	6298994	0	0	0	nan	0	0	0	0	0	0	nan	0	0	0	nan	nan	nan	nan	nan	nan
75	g	0	6298940	0	nan	347	766	6298940	0	0	0	nan	0	0	0	0	0	0	nan	0	0	0	nan	nan	nan	nan	nan	nan
76	u	0	6298824	0	nan	346	764	6298824	0	0	0	nan	0	0	0	0	0	0	nan	0	0	0	nan	nan	nan	nan	nan	nan
77	g	0	6298704	0	nan	346	764	6298704	0	0	0	nan	0	0	0	0	0	0	nan	0	0	0	nan	nan	nan	nan	nan	nan
78	a	0	6298507	0	nan	320	762	6298507	0	0	0	nan	0	0	0	0	0	0	nan	0	0	0	nan	nan	nan	nan	nan	nan
79	a	0	6294975	0	nan	308	748	6294975	0	0	0	nan	0	0	0	0	0	0	nan	0	0	0	nan	nan	nan	nan	nan	nan
80	g	0	6292384	0	nan	301	722	6292384	0	0	0	nan	0	0	0	0	0	0	nan	0	0	0	nan	nan	nan	nan	nan	nan