Nucleotide	Sequence	Modified_mutations	Modified_read_depth	Modified_effective_depth	Modified_rate	Modified_off_target_mapped_depth	Modified_low_mapq_mapped_depth	Modified_primer_pair_1_mapped_depth	Untreated_mutations	Untreated_read_depth	Untreated_effective_depth	Untreated_rate	Untreated_off_target_mapped_depth	Untreated_low_mapq_mapped_depth	Untreated_primer_pair_1_mapped_depth	Denatured_mutations	Denatured_read_depth	Denatured_effective_depth	Denatured_rate	Denatured_off_target_mapped_depth	Denatured_low_mapq_mapped_depth	Denatured_primer_pair_1_mapped_depth	Reactivity_profile	Std_err	HQ_profile	HQ_stderr	Norm_profile	Norm_stderr
1	g	0	172873	0	nan	13	0	172873	0	0	0	nan	0	0	0	0	0	0	nan	0	0	0	nan	nan	nan	nan	nan	nan
2	g	0	186395	0	nan	45	0	186395	0	0	0	nan	0	0	0	0	0	0	nan	0	0	0	nan	nan	nan	nan	nan	nan
3	c	0	186742	0	nan	45	0	186742	0	0	0	nan	0	0	0	0	0	0	nan	0	0	0	nan	nan	nan	nan	nan	nan
4	a	0	186827	0	nan	46	0	186827	0	0	0	nan	0	0	0	0	0	0	nan	0	0	0	nan	nan	nan	nan	nan	nan
5	c	0	186839	0	nan	46	0	186839	0	0	0	nan	0	0	0	0	0	0	nan	0	0	0	nan	nan	nan	nan	nan	nan
6	c	0	186845	0	nan	46	0	186845	0	0	0	nan	0	0	0	0	0	0	nan	0	0	0	nan	nan	nan	nan	nan	nan
7	u	0	186845	0	nan	46	0	186845	0	0	0	nan	0	0	0	0	0	0	nan	0	0	0	nan	nan	nan	nan	nan	nan
8	c	0	186870	0	nan	46	0	186870	0	0	0	nan	0	0	0	0	0	0	nan	0	0	0	nan	nan	nan	nan	nan	nan
9	a	0	186881	0	nan	46	0	186881	0	0	0	nan	0	0	0	0	0	0	nan	0	0	0	nan	nan	nan	nan	nan	nan
10	u	0	186911	0	nan	46	0	186911	0	0	0	nan	0	0	0	0	0	0	nan	0	0	0	nan	nan	nan	nan	nan	nan
11	a	0	186986	0	nan	46	0	186986	0	0	0	nan	0	0	0	0	0	0	nan	0	0	0	nan	nan	nan	nan	nan	nan
12	a	0	187008	0	nan	46	0	187008	0	0	0	nan	0	0	0	0	0	0	nan	0	0	0	nan	nan	nan	nan	nan	nan
13	c	0	187012	0	nan	46	0	187012	0	0	0	nan	0	0	0	0	0	0	nan	0	0	0	nan	nan	nan	nan	nan	nan
14	a	0	187014	0	nan	46	0	187014	0	0	0	nan	0	0	0	0	0	0	nan	0	0	0	nan	nan	nan	nan	nan	nan
15	u	0	187018	0	nan	46	0	187018	0	0	0	nan	0	0	0	0	0	0	nan	0	0	0	nan	nan	nan	nan	nan	nan
16	a	0	187018	0	nan	46	0	187018	0	0	0	nan	0	0	0	0	0	0	nan	0	0	0	nan	nan	nan	nan	nan	nan
17	a	0	187023	0	nan	46	0	187023	0	0	0	nan	0	0	0	0	0	0	nan	0	0	0	nan	nan	nan	nan	nan	nan
18	c	0	187030	0	nan	46	0	187030	0	0	0	nan	0	0	0	0	0	0	nan	0	0	0	nan	nan	nan	nan	nan	nan
19	U	0	187034	1	0.000000	46	0	187034	0	0	0	nan	0	0	0	0	0	0	nan	0	0	0	0.000000	0.000000	nan	nan	nan	nan
20	A	0	187058	17	0.000000	46	0	187058	0	0	0	nan	0	0	0	0	0	0	nan	0	0	0	0.000000	0.000000	nan	nan	nan	nan
21	A	0	187071	19	0.000000	46	0	187071	0	0	0	nan	0	0	0	0	0	0	nan	0	0	0	0.000000	0.000000	nan	nan	nan	nan
22	G	0	187090	183184	0.000000	46	0	187090	0	0	0	nan	0	0	0	0	0	0	nan	0	0	0	0.000000	0.000000	0.000000	0.000000	nan	nan
23	G	184	187099	180644	0.001019	46	0	187099	0	0	0	nan	0	0	0	0	0	0	nan	0	0	0	0.001019	0.000075	0.001019	0.000075	nan	nan
24	C	4830	187146	182680	0.026440	46	0	187146	0	0	0	nan	0	0	0	0	0	0	nan	0	0	0	0.026440	0.000380	0.026440	0.000380	1.000000	0.014372
25	A	2238	187228	184850	0.012107	46	0	187228	0	0	0	nan	0	0	0	0	0	0	nan	0	0	0	0.012107	0.000256	0.012107	0.000256	0.919810	0.019449
26	G	140	187255	185005	0.000757	46	0	187255	0	0	0	nan	0	0	0	0	0	0	nan	0	0	0	0.000757	0.000064	0.000757	0.000064	nan	nan
27	A	2180	187272	185475	0.011754	46	0	187272	0	0	0	nan	0	0	0	0	0	0	nan	0	0	0	0.011754	0.000252	0.011754	0.000252	0.892991	0.019145
28	U	780	187284	184831	0.004220	46	0	187283	0	0	0	nan	0	0	0	0	0	0	nan	0	0	0	0.004220	0.000151	0.004220	0.000151	1.079698	0.038634
29	C	3533	187288	184890	0.019109	46	0	187281	0	0	0	nan	0	0	0	0	0	0	nan	0	0	0	0.019109	0.000321	0.019109	0.000321	0.722731	0.012141
30	U	544	187292	184866	0.002943	46	0	187284	0	0	0	nan	0	0	0	0	0	0	nan	0	0	0	0.002943	0.000126	0.002943	0.000126	0.752974	0.032237
31	G	147	187303	184594	0.000796	46	0	187291	0	0	0	nan	0	0	0	0	0	0	nan	0	0	0	0.000796	0.000066	0.000796	0.000066	nan	nan
32	A	3018	187304	184823	0.016329	46	0	187291	0	0	0	nan	0	0	0	0	0	0	nan	0	0	0	0.016329	0.000297	0.016329	0.000297	1.240570	0.022564
33	G	144	187307	182622	0.000789	45	0	187290	0	0	0	nan	0	0	0	0	0	0	nan	0	0	0	0.000789	0.000066	0.000789	0.000066	nan	nan
34	C	4100	187311	180972	0.022655	34	0	187279	0	0	0	nan	0	0	0	0	0	0	nan	0	0	0	0.022655	0.000354	0.022655	0.000354	0.856846	0.013389
35	U	809	187325	180637	0.004479	34	0	187263	0	0	0	nan	0	0	0	0	0	0	nan	0	0	0	0.004479	0.000157	0.004479	0.000157	1.145964	0.040169
36	U	649	187329	180420	0.003597	34	0	187254	0	0	0	nan	0	0	0	0	0	0	nan	0	0	0	0.003597	0.000141	0.003597	0.000141	0.920302	0.036075
37	C	4269	187349	181268	0.023551	34	0	187144	0	0	0	nan	0	0	0	0	0	0	nan	0	0	0	0.023551	0.000360	0.023551	0.000360	0.890734	0.013616
38	G	162	187402	181271	0.000894	34	0	187205	0	0	0	nan	0	0	0	0	0	0	nan	0	0	0	0.000894	0.000070	0.000894	0.000070	nan	nan
39	G	157	187715	183254	0.000857	33	0	187615	0	0	0	nan	0	0	0	0	0	0	nan	0	0	0	0.000857	0.000068	0.000857	0.000068	nan	nan
40	C	3465	187880	185822	0.018647	25	0	187860	0	0	0	nan	0	0	0	0	0	0	nan	0	0	0	0.018647	0.000317	0.018647	0.000317	0.705257	0.011989
41	U	465	187907	185923	0.002501	25	0	187899	0	0	0	nan	0	0	0	0	0	0	nan	0	0	0	0.002501	0.000116	0.002501	0.000116	0.639887	0.029679
42	C	3744	187912	186072	0.020121	22	0	187909	0	0	0	nan	0	0	0	0	0	0	nan	0	0	0	0.020121	0.000329	0.020121	0.000329	0.761006	0.012443
43	U	587	187913	186105	0.003154	22	0	187911	0	0	0	nan	0	0	0	0	0	0	nan	0	0	0	0.003154	0.000130	0.003154	0.000130	0.806959	0.033261
44	C	3995	187916	186124	0.021464	22	0	187913	0	0	0	nan	0	0	0	0	0	0	nan	0	0	0	0.021464	0.000340	0.021464	0.000340	0.811800	0.012859
45	U	549	187918	185958	0.002952	22	0	187911	0	0	0	nan	0	0	0	0	0	0	nan	0	0	0	0.002952	0.000126	0.002952	0.000126	0.755277	0.032237
46	G	211	187918	184165	0.001146	22	0	187905	0	0	0	nan	0	0	0	0	0	0	nan	0	0	0	0.001146	0.000079	0.001146	0.000079	nan	nan
47	C	8219	187923	184943	0.044441	22	0	187912	0	0	0	nan	0	0	0	0	0	0	nan	0	0	0	0.044441	0.000490	0.044441	0.000490	1.680825	0.018533
48	C	7665	187925	185484	0.041324	22	0	187915	0	0	0	nan	0	0	0	0	0	0	nan	0	0	0	0.041324	0.000472	0.041324	0.000472	1.562935	0.017852
49	A	1797	187927	186159	0.009653	22	0	187924	0	0	0	nan	0	0	0	0	0	0	nan	0	0	0	0.009653	0.000228	0.009653	0.000228	0.733371	0.017322
50	A	0	187928	186850	0.000000	22	0	187928	0	0	0	nan	0	0	0	0	0	0	nan	0	0	0	0.000000	0.000000	0.000000	0.000000	0.000000	0.000000
51	U	0	187928	115	0.000000	14	0	187928	0	0	0	nan	0	0	0	0	0	0	nan	0	0	0	0.000000	0.000000	nan	nan	nan	nan
52	C	0	187927	115	0.000000	14	0	187927	0	0	0	nan	0	0	0	0	0	0	nan	0	0	0	0.000000	0.000000	nan	nan	nan	nan
53	C	0	187923	114	0.000000	14	0	187923	0	0	0	nan	0	0	0	0	0	0	nan	0	0	0	0.000000	0.000000	nan	nan	nan	nan
54	a	0	187788	0	nan	14	0	187788	0	0	0	nan	0	0	0	0	0	0	nan	0	0	0	nan	nan	nan	nan	nan	nan
55	c	0	187788	0	nan	14	0	187788	0	0	0	nan	0	0	0	0	0	0	nan	0	0	0	nan	nan	nan	nan	nan	nan
56	u	0	187778	0	nan	14	0	187778	0	0	0	nan	0	0	0	0	0	0	nan	0	0	0	nan	nan	nan	nan	nan	nan
57	a	0	187775	0	nan	14	0	187775	0	0	0	nan	0	0	0	0	0	0	nan	0	0	0	nan	nan	nan	nan	nan	nan
58	a	0	187775	0	nan	14	0	187775	0	0	0	nan	0	0	0	0	0	0	nan	0	0	0	nan	nan	nan	nan	nan	nan
59	c	0	187775	0	nan	8	0	187775	0	0	0	nan	0	0	0	0	0	0	nan	0	0	0	nan	nan	nan	nan	nan	nan
60	c	0	187775	0	nan	8	0	187775	0	0	0	nan	0	0	0	0	0	0	nan	0	0	0	nan	nan	nan	nan	nan	nan
61	u	0	187775	0	nan	0	0	187775	0	0	0	nan	0	0	0	0	0	0	nan	0	0	0	nan	nan	nan	nan	nan	nan
62	c	0	187775	0	nan	0	0	187775	0	0	0	nan	0	0	0	0	0	0	nan	0	0	0	nan	nan	nan	nan	nan	nan
63	a	0	187775	0	nan	0	0	187775	0	0	0	nan	0	0	0	0	0	0	nan	0	0	0	nan	nan	nan	nan	nan	nan
64	c	0	187774	0	nan	0	0	187774	0	0	0	nan	0	0	0	0	0	0	nan	0	0	0	nan	nan	nan	nan	nan	nan
65	u	0	187772	0	nan	0	0	187772	0	0	0	nan	0	0	0	0	0	0	nan	0	0	0	nan	nan	nan	nan	nan	nan
66	c	0	187772	0	nan	0	0	187772	0	0	0	nan	0	0	0	0	0	0	nan	0	0	0	nan	nan	nan	nan	nan	nan
67	a	0	187769	0	nan	0	0	187769	0	0	0	nan	0	0	0	0	0	0	nan	0	0	0	nan	nan	nan	nan	nan	nan
68	c	0	187760	0	nan	0	0	187760	0	0	0	nan	0	0	0	0	0	0	nan	0	0	0	nan	nan	nan	nan	nan	nan
69	a	0	187753	0	nan	0	0	187753	0	0	0	nan	0	0	0	0	0	0	nan	0	0	0	nan	nan	nan	nan	nan	nan
70	a	0	187693	0	nan	0	0	187693	0	0	0	nan	0	0	0	0	0	0	nan	0	0	0	nan	nan	nan	nan	nan	nan
71	u	0	187600	0	nan	0	0	187600	0	0	0	nan	0	0	0	0	0	0	nan	0	0	0	nan	nan	nan	nan	nan	nan
72	c	0	187365	0	nan	0	0	187365	0	0	0	nan	0	0	0	0	0	0	nan	0	0	0	nan	nan	nan	nan	nan	nan