Nucleotide	Sequence	Modified_mutations	Modified_read_depth	Modified_effective_depth	Modified_rate	Modified_off_target_mapped_depth	Modified_low_mapq_mapped_depth	Modified_primer_pair_1_mapped_depth	Untreated_mutations	Untreated_read_depth	Untreated_effective_depth	Untreated_rate	Untreated_off_target_mapped_depth	Untreated_low_mapq_mapped_depth	Untreated_primer_pair_1_mapped_depth	Denatured_mutations	Denatured_read_depth	Denatured_effective_depth	Denatured_rate	Denatured_off_target_mapped_depth	Denatured_low_mapq_mapped_depth	Denatured_primer_pair_1_mapped_depth	Reactivity_profile	Std_err	HQ_profile	HQ_stderr	Norm_profile	Norm_stderr
1	g	0	4602857	0	nan	6	352	4602857	0	0	0	nan	0	0	0	0	0	0	nan	0	0	0	nan	nan	nan	nan	nan	nan
2	g	0	4691772	0	nan	6	353	4691772	0	0	0	nan	0	0	0	0	0	0	nan	0	0	0	nan	nan	nan	nan	nan	nan
3	u	0	4720573	0	nan	6	358	4720573	0	0	0	nan	0	0	0	0	0	0	nan	0	0	0	nan	nan	nan	nan	nan	nan
4	g	0	4728932	0	nan	6	364	4728932	0	0	0	nan	0	0	0	0	0	0	nan	0	0	0	nan	nan	nan	nan	nan	nan
5	u	0	4733919	0	nan	6	365	4733919	0	0	0	nan	0	0	0	0	0	0	nan	0	0	0	nan	nan	nan	nan	nan	nan
6	a	0	4740080	0	nan	6	365	4740080	0	0	0	nan	0	0	0	0	0	0	nan	0	0	0	nan	nan	nan	nan	nan	nan
7	a	0	4742560	0	nan	6	365	4742560	0	0	0	nan	0	0	0	0	0	0	nan	0	0	0	nan	nan	nan	nan	nan	nan
8	g	0	4743755	0	nan	6	368	4743755	0	0	0	nan	0	0	0	0	0	0	nan	0	0	0	nan	nan	nan	nan	nan	nan
9	g	0	4745523	0	nan	6	373	4745523	0	0	0	nan	0	0	0	0	0	0	nan	0	0	0	nan	nan	nan	nan	nan	nan
10	g	0	4748291	0	nan	6	375	4748291	0	0	0	nan	0	0	0	0	0	0	nan	0	0	0	nan	nan	nan	nan	nan	nan
11	u	0	4753410	0	nan	6	376	4753410	0	0	0	nan	0	0	0	0	0	0	nan	0	0	0	nan	nan	nan	nan	nan	nan
12	g	0	4766921	0	nan	105	378	4766921	0	0	0	nan	0	0	0	0	0	0	nan	0	0	0	nan	nan	nan	nan	nan	nan
13	a	0	4785603	0	nan	115	380	4785603	0	0	0	nan	0	0	0	0	0	0	nan	0	0	0	nan	nan	nan	nan	nan	nan
14	a	0	4805524	0	nan	148	380	4805524	0	0	0	nan	0	0	0	0	0	0	nan	0	0	0	nan	nan	nan	nan	nan	nan
15	g	0	4821246	0	nan	623	380	4821246	0	0	0	nan	0	0	0	0	0	0	nan	0	0	0	nan	nan	nan	nan	nan	nan
16	u	0	4834558	0	nan	630	381	4834558	0	0	0	nan	0	0	0	0	0	0	nan	0	0	0	nan	nan	nan	nan	nan	nan
17	g	0	4840853	0	nan	638	383	4840853	0	0	0	nan	0	0	0	0	0	0	nan	0	0	0	nan	nan	nan	nan	nan	nan
18	u	0	4844967	0	nan	643	387	4844967	0	0	0	nan	0	0	0	0	0	0	nan	0	0	0	nan	nan	nan	nan	nan	nan
19	a	0	4848136	0	nan	643	393	4848136	0	0	0	nan	0	0	0	0	0	0	nan	0	0	0	nan	nan	nan	nan	nan	nan
20	A	0	4849873	453	0.000000	643	393	4849873	0	0	0	nan	0	0	0	0	0	0	nan	0	0	0	0.000000	0.000000	nan	nan	nan	nan
21	G	0	4851106	678	0.000000	643	393	4851106	0	0	0	nan	0	0	0	0	0	0	nan	0	0	0	0.000000	0.000000	nan	nan	nan	nan
22	G	0	4852875	1245	0.000000	643	393	4852875	0	0	0	nan	0	0	0	0	0	0	nan	0	0	0	0.000000	0.000000	nan	nan	nan	nan
23	U	0	4856097	4162111	0.000000	643	393	4856097	0	0	0	nan	0	0	0	0	0	0	nan	0	0	0	0.000000	0.000000	0.000000	0.000000	0.000000	0.000000
24	U	10463	4858150	4223769	0.002477	643	393	4858150	0	0	0	nan	0	0	0	0	0	0	nan	0	0	0	0.002477	0.000024	0.002477	0.000024	0.613119	0.005941
25	G	4037	4865209	4256847	0.000948	643	393	4865209	0	0	0	nan	0	0	0	0	0	0	nan	0	0	0	0.000948	0.000015	0.000948	0.000015	0.439194	0.006949
26	A	111051	4878019	4381565	0.025345	643	393	4877921	0	0	0	nan	0	0	0	0	0	0	nan	0	0	0	0.025345	0.000076	0.025345	0.000076	1.064033	0.003191
27	A	117975	4882559	4257156	0.027712	643	393	4882404	0	0	0	nan	0	0	0	0	0	0	nan	0	0	0	0.027712	0.000081	0.027712	0.000081	1.163404	0.003401
28	C	119042	4884385	4129414	0.028828	643	393	4884186	0	0	0	nan	0	0	0	0	0	0	nan	0	0	0	0.028828	0.000084	0.028828	0.000084	1.136784	0.003312
29	U	12671	4887130	4124701	0.003072	643	393	4886919	0	0	0	nan	0	0	0	0	0	0	nan	0	0	0	0.003072	0.000027	0.003072	0.000027	0.760396	0.006683
30	U	6991	4890166	4154466	0.001683	643	393	4889939	0	0	0	nan	0	0	0	0	0	0	nan	0	0	0	0.001683	0.000020	0.001683	0.000020	0.416584	0.004950
31	U	6665	4893575	4101436	0.001625	643	393	4893308	0	0	0	nan	0	0	0	0	0	0	nan	0	0	0	0.001625	0.000020	0.001625	0.000020	0.402228	0.004950
32	U	23454	4896869	4183565	0.005606	643	393	4896574	0	0	0	nan	0	0	0	0	0	0	nan	0	0	0	0.005606	0.000037	0.005606	0.000037	1.387624	0.009158
33	G	3049	4929159	4260744	0.000716	643	393	4928843	0	0	0	nan	0	0	0	0	0	0	nan	0	0	0	0.000716	0.000013	0.000716	0.000013	0.331712	0.006023
34	A	72242	4949519	4660767	0.015500	643	393	4949225	0	0	0	nan	0	0	0	0	0	0	nan	0	0	0	0.015500	0.000058	0.015500	0.000058	0.650721	0.002435
35	A	65656	4957813	4664437	0.014076	643	393	4957521	0	0	0	nan	0	0	0	0	0	0	nan	0	0	0	0.014076	0.000055	0.014076	0.000055	0.590938	0.002309
36	U	3503	4959947	4644576	0.000754	643	393	4959650	0	0	0	nan	0	0	0	0	0	0	nan	0	0	0	0.000754	0.000013	0.000754	0.000013	0.186634	0.003218
37	A	135702	4961701	4513761	0.030064	643	393	4961376	0	0	0	nan	0	0	0	0	0	0	nan	0	0	0	0.030064	0.000082	0.030064	0.000082	1.262146	0.003443
38	G	3967	4962688	4388821	0.000904	648	393	4962363	0	0	0	nan	0	0	0	0	0	0	nan	0	0	0	0.000904	0.000014	0.000904	0.000014	0.418809	0.006486
39	U	7225	4963381	4321524	0.001672	648	393	4963040	0	0	0	nan	0	0	0	0	0	0	nan	0	0	0	0.001672	0.000020	0.001672	0.000020	0.413861	0.004950
40	G	6162	4964690	4320519	0.001426	649	393	4964323	0	0	0	nan	0	0	0	0	0	0	nan	0	0	0	0.001426	0.000018	0.001426	0.000018	0.660644	0.008339
41	A	82446	4969038	4284204	0.019244	649	393	4968658	0	0	0	nan	0	0	0	0	0	0	nan	0	0	0	0.019244	0.000067	0.019244	0.000067	0.807901	0.002813
42	U	16040	4970497	4187432	0.003831	649	393	4970114	0	0	0	nan	0	0	0	0	0	0	nan	0	0	0	0.003831	0.000030	0.003831	0.000030	0.948267	0.007426
43	U	7330	4973677	4174639	0.001756	649	393	4973260	0	0	0	nan	0	0	0	0	0	0	nan	0	0	0	0.001756	0.000021	0.001756	0.000021	0.434653	0.005198
44	C	62593	4983055	4185877	0.014953	647	393	4982601	0	0	0	nan	0	0	0	0	0	0	nan	0	0	0	0.014953	0.000060	0.014953	0.000060	0.589647	0.002366
45	A	64372	4991613	4234983	0.015200	644	393	4991139	0	0	0	nan	0	0	0	0	0	0	nan	0	0	0	0.015200	0.000060	0.015200	0.000060	0.638126	0.002519
46	G	4566	4997298	4100950	0.001113	643	393	4996829	0	0	0	nan	0	0	0	0	0	0	nan	0	0	0	0.001113	0.000016	0.001113	0.000016	0.515636	0.007413
47	G	9496	5009180	4166570	0.002279	639	393	5008710	0	0	0	nan	0	0	0	0	0	0	nan	0	0	0	0.002279	0.000023	0.002279	0.000023	1.055826	0.010656
48	A	71828	5028516	4013230	0.017898	639	393	5028045	0	0	0	nan	0	0	0	0	0	0	nan	0	0	0	0.017898	0.000067	0.017898	0.000067	0.751393	0.002813
49	G	41417	5033152	4060720	0.010199	636	393	5032697	0	0	0	nan	0	0	0	0	0	0	nan	0	0	0	0.010199	0.000050	0.010199	0.000050	4.725041	0.023164
50	G	4565	5049010	3917931	0.001165	636	393	5048622	0	0	0	nan	0	0	0	0	0	0	nan	0	0	0	0.001165	0.000017	0.001165	0.000017	0.539727	0.007876
51	U	16482	5057136	4079521	0.004040	635	393	5056823	0	0	0	nan	0	0	0	0	0	0	nan	0	0	0	0.004040	0.000031	0.004040	0.000031	1.000000	0.007673
52	U	10656	5075678	4114883	0.002590	635	393	5075437	0	0	0	nan	0	0	0	0	0	0	nan	0	0	0	0.002590	0.000025	0.002590	0.000025	0.641089	0.006188
53	A	49385	5090998	4437360	0.011129	635	393	5090758	0	0	0	nan	0	0	0	0	0	0	nan	0	0	0	0.011129	0.000050	0.011129	0.000050	0.467217	0.002099
54	A	61071	5106271	4503519	0.013561	634	393	5106169	0	0	0	nan	0	0	0	0	0	0	nan	0	0	0	0.013561	0.000055	0.013561	0.000055	0.569317	0.002309
55	U	13336	5108637	4327859	0.003081	634	393	5108557	0	0	0	nan	0	0	0	0	0	0	nan	0	0	0	0.003081	0.000027	0.003081	0.000027	0.762624	0.006683
56	G	7382	5111824	4107273	0.001797	633	393	5111757	0	0	0	nan	0	0	0	0	0	0	nan	0	0	0	0.001797	0.000021	0.001797	0.000021	0.832523	0.009729
57	G	0	5114520	4201428	0.000000	632	393	5114477	0	0	0	nan	0	0	0	0	0	0	nan	0	0	0	0.000000	0.000000	0.000000	0.000000	0.000000	0.000000
58	A	0	5119434	74	0.000000	632	393	5119434	0	0	0	nan	0	0	0	0	0	0	nan	0	0	0	0.000000	0.000000	nan	nan	nan	nan
59	A	0	5119348	50	0.000000	631	393	5119348	0	0	0	nan	0	0	0	0	0	0	nan	0	0	0	0.000000	0.000000	nan	nan	nan	nan
60	G	0	5119281	34	0.000000	629	393	5119281	0	0	0	nan	0	0	0	0	0	0	nan	0	0	0	0.000000	0.000000	nan	nan	nan	nan
61	u	0	5119210	0	nan	629	392	5119210	0	0	0	nan	0	0	0	0	0	0	nan	0	0	0	nan	nan	nan	nan	nan	nan
62	a	0	5119052	0	nan	628	392	5119052	0	0	0	nan	0	0	0	0	0	0	nan	0	0	0	nan	nan	nan	nan	nan	nan
63	a	0	5118995	0	nan	624	392	5118995	0	0	0	nan	0	0	0	0	0	0	nan	0	0	0	nan	nan	nan	nan	nan	nan
64	a	0	5118979	0	nan	621	392	5118979	0	0	0	nan	0	0	0	0	0	0	nan	0	0	0	nan	nan	nan	nan	nan	nan
65	g	0	5118952	0	nan	620	390	5118952	0	0	0	nan	0	0	0	0	0	0	nan	0	0	0	nan	nan	nan	nan	nan	nan
66	g	0	5118930	0	nan	620	390	5118930	0	0	0	nan	0	0	0	0	0	0	nan	0	0	0	nan	nan	nan	nan	nan	nan
67	u	0	5118908	0	nan	619	390	5118908	0	0	0	nan	0	0	0	0	0	0	nan	0	0	0	nan	nan	nan	nan	nan	nan
68	a	0	5118877	0	nan	618	390	5118877	0	0	0	nan	0	0	0	0	0	0	nan	0	0	0	nan	nan	nan	nan	nan	nan
69	a	0	5118862	0	nan	618	389	5118862	0	0	0	nan	0	0	0	0	0	0	nan	0	0	0	nan	nan	nan	nan	nan	nan
70	u	0	5118842	0	nan	617	389	5118842	0	0	0	nan	0	0	0	0	0	0	nan	0	0	0	nan	nan	nan	nan	nan	nan
71	g	0	5118783	0	nan	613	386	5118783	0	0	0	nan	0	0	0	0	0	0	nan	0	0	0	nan	nan	nan	nan	nan	nan
72	a	0	5118695	0	nan	607	386	5118695	0	0	0	nan	0	0	0	0	0	0	nan	0	0	0	nan	nan	nan	nan	nan	nan
73	a	0	5118671	0	nan	607	386	5118671	0	0	0	nan	0	0	0	0	0	0	nan	0	0	0	nan	nan	nan	nan	nan	nan
74	g	0	5118648	0	nan	606	384	5118648	0	0	0	nan	0	0	0	0	0	0	nan	0	0	0	nan	nan	nan	nan	nan	nan
75	g	0	5118600	0	nan	606	382	5118600	0	0	0	nan	0	0	0	0	0	0	nan	0	0	0	nan	nan	nan	nan	nan	nan
76	u	0	5118520	0	nan	606	382	5118520	0	0	0	nan	0	0	0	0	0	0	nan	0	0	0	nan	nan	nan	nan	nan	nan
77	g	0	5118451	0	nan	605	381	5118451	0	0	0	nan	0	0	0	0	0	0	nan	0	0	0	nan	nan	nan	nan	nan	nan
78	a	0	5118340	0	nan	585	380	5118340	0	0	0	nan	0	0	0	0	0	0	nan	0	0	0	nan	nan	nan	nan	nan	nan
79	a	0	5115338	0	nan	574	379	5115338	0	0	0	nan	0	0	0	0	0	0	nan	0	0	0	nan	nan	nan	nan	nan	nan
80	g	0	5113218	0	nan	572	367	5113218	0	0	0	nan	0	0	0	0	0	0	nan	0	0	0	nan	nan	nan	nan	nan	nan