Nucleotide	Sequence	Modified_mutations	Modified_read_depth	Modified_effective_depth	Modified_rate	Modified_off_target_mapped_depth	Modified_low_mapq_mapped_depth	Modified_primer_pair_1_mapped_depth	Untreated_mutations	Untreated_read_depth	Untreated_effective_depth	Untreated_rate	Untreated_off_target_mapped_depth	Untreated_low_mapq_mapped_depth	Untreated_primer_pair_1_mapped_depth	Denatured_mutations	Denatured_read_depth	Denatured_effective_depth	Denatured_rate	Denatured_off_target_mapped_depth	Denatured_low_mapq_mapped_depth	Denatured_primer_pair_1_mapped_depth	Reactivity_profile	Std_err	HQ_profile	HQ_stderr	Norm_profile	Norm_stderr
1	g	0	29235	0	nan	1	229	29235	0	0	0	nan	0	0	0	0	0	0	nan	0	0	0	nan	nan	nan	nan	nan	nan
2	g	0	29277	0	nan	1	229	29277	0	0	0	nan	0	0	0	0	0	0	nan	0	0	0	nan	nan	nan	nan	nan	nan
3	u	0	29286	0	nan	1	229	29286	0	0	0	nan	0	0	0	0	0	0	nan	0	0	0	nan	nan	nan	nan	nan	nan
4	g	0	29299	0	nan	1	230	29299	0	0	0	nan	0	0	0	0	0	0	nan	0	0	0	nan	nan	nan	nan	nan	nan
5	u	0	29343	0	nan	1	230	29343	0	0	0	nan	0	0	0	0	0	0	nan	0	0	0	nan	nan	nan	nan	nan	nan
6	a	0	29346	0	nan	1	230	29346	0	0	0	nan	0	0	0	0	0	0	nan	0	0	0	nan	nan	nan	nan	nan	nan
7	a	0	29348	0	nan	1	230	29348	0	0	0	nan	0	0	0	0	0	0	nan	0	0	0	nan	nan	nan	nan	nan	nan
8	g	0	29349	0	nan	1	230	29349	0	0	0	nan	0	0	0	0	0	0	nan	0	0	0	nan	nan	nan	nan	nan	nan
9	g	0	29350	0	nan	1	230	29350	0	0	0	nan	0	0	0	0	0	0	nan	0	0	0	nan	nan	nan	nan	nan	nan
10	g	0	29351	0	nan	1	230	29351	0	0	0	nan	0	0	0	0	0	0	nan	0	0	0	nan	nan	nan	nan	nan	nan
11	u	0	29352	0	nan	1	230	29352	0	0	0	nan	0	0	0	0	0	0	nan	0	0	0	nan	nan	nan	nan	nan	nan
12	g	0	29352	0	nan	1	230	29352	0	0	0	nan	0	0	0	0	0	0	nan	0	0	0	nan	nan	nan	nan	nan	nan
13	a	0	29352	0	nan	1	230	29352	0	0	0	nan	0	0	0	0	0	0	nan	0	0	0	nan	nan	nan	nan	nan	nan
14	a	0	29352	0	nan	1	230	29352	0	0	0	nan	0	0	0	0	0	0	nan	0	0	0	nan	nan	nan	nan	nan	nan
15	g	0	29352	0	nan	1	230	29352	0	0	0	nan	0	0	0	0	0	0	nan	0	0	0	nan	nan	nan	nan	nan	nan
16	u	0	29352	0	nan	1	230	29352	0	0	0	nan	0	0	0	0	0	0	nan	0	0	0	nan	nan	nan	nan	nan	nan
17	g	0	29352	0	nan	1	230	29352	0	0	0	nan	0	0	0	0	0	0	nan	0	0	0	nan	nan	nan	nan	nan	nan
18	u	0	29352	0	nan	1	230	29352	0	0	0	nan	0	0	0	0	0	0	nan	0	0	0	nan	nan	nan	nan	nan	nan
19	a	0	29352	0	nan	1	230	29352	0	0	0	nan	0	0	0	0	0	0	nan	0	0	0	nan	nan	nan	nan	nan	nan
20	A	0	29352	0	nan	1	230	29352	0	0	0	nan	0	0	0	0	0	0	nan	0	0	0	nan	nan	nan	nan	nan	nan
21	G	0	29352	0	nan	1	230	29352	0	0	0	nan	0	0	0	0	0	0	nan	0	0	0	nan	nan	nan	nan	nan	nan
22	G	0	29352	0	nan	1	230	29352	0	0	0	nan	0	0	0	0	0	0	nan	0	0	0	nan	nan	nan	nan	nan	nan
23	U	0	29352	29171	0.000000	1	230	29352	0	0	0	nan	0	0	0	0	0	0	nan	0	0	0	0.000000	0.000000	0.000000	0.000000	0.000000	0.000000
24	U	51	29352	29161	0.001749	1	230	29352	0	0	0	nan	0	0	0	0	0	0	nan	0	0	0	0.001749	0.000245	0.001749	0.000245	0.669346	0.093762
25	G	17	29352	29248	0.000581	1	230	29352	0	0	0	nan	0	0	0	0	0	0	nan	0	0	0	0.000581	0.000141	0.000581	0.000141	nan	nan
26	A	16	29351	29257	0.000547	1	230	29351	0	0	0	nan	0	0	0	0	0	0	nan	0	0	0	0.000547	0.000137	0.000547	0.000137	nan	nan
27	A	18	29351	29263	0.000615	1	230	29351	0	0	0	nan	0	0	0	0	0	0	nan	0	0	0	0.000615	0.000145	0.000615	0.000145	nan	nan
28	C	26	29351	29251	0.000889	1	230	29351	0	0	0	nan	0	0	0	0	0	0	nan	0	0	0	0.000889	0.000174	0.000889	0.000174	nan	nan
29	U	63	29351	29261	0.002153	1	230	29351	0	0	0	nan	0	0	0	0	0	0	nan	0	0	0	0.002153	0.000271	0.002153	0.000271	0.823957	0.103712
30	U	60	29351	29252	0.002051	1	230	29351	0	0	0	nan	0	0	0	0	0	0	nan	0	0	0	0.002051	0.000265	0.002051	0.000265	0.784922	0.101416
31	U	67	29351	29256	0.002290	1	230	29351	0	0	0	nan	0	0	0	0	0	0	nan	0	0	0	0.002290	0.000280	0.002290	0.000280	0.876387	0.107157
32	U	43	29351	29270	0.001469	1	230	29351	0	0	0	nan	0	0	0	0	0	0	nan	0	0	0	0.001469	0.000224	0.001469	0.000224	0.562189	0.085725
33	G	8	29351	29265	0.000273	1	230	29351	0	0	0	nan	0	0	0	0	0	0	nan	0	0	0	0.000273	0.000097	0.000273	0.000097	nan	nan
34	A	14	29351	29251	0.000479	1	230	29351	0	0	0	nan	0	0	0	0	0	0	nan	0	0	0	0.000479	0.000128	0.000479	0.000128	nan	nan
35	A	26	29351	29215	0.000890	1	230	29351	0	0	0	nan	0	0	0	0	0	0	nan	0	0	0	0.000890	0.000175	0.000890	0.000175	nan	nan
36	U	30	29351	29210	0.001027	1	230	29351	0	0	0	nan	0	0	0	0	0	0	nan	0	0	0	0.001027	0.000188	0.001027	0.000188	0.393035	0.071948
37	A	16	29351	29257	0.000547	1	230	29351	0	0	0	nan	0	0	0	0	0	0	nan	0	0	0	0.000547	0.000137	0.000547	0.000137	nan	nan
38	G	11	29351	29199	0.000377	1	230	29351	0	0	0	nan	0	0	0	0	0	0	nan	0	0	0	0.000377	0.000114	0.000377	0.000114	nan	nan
39	U	55	29351	29265	0.001879	1	230	29351	0	0	0	nan	0	0	0	0	0	0	nan	0	0	0	0.001879	0.000253	0.001879	0.000253	0.719097	0.096824
40	G	29	29351	29193	0.000993	1	230	29351	0	0	0	nan	0	0	0	0	0	0	nan	0	0	0	0.000993	0.000184	0.000993	0.000184	nan	nan
41	A	48	29351	29198	0.001644	1	230	29351	0	0	0	nan	0	0	0	0	0	0	nan	0	0	0	0.001644	0.000237	0.001644	0.000237	nan	nan
42	U	81	29351	29098	0.002784	1	230	29351	0	0	0	nan	0	0	0	0	0	0	nan	0	0	0	0.002784	0.000309	0.002784	0.000309	1.065442	0.118255
43	U	65	29352	29150	0.002230	1	230	29352	0	0	0	nan	0	0	0	0	0	0	nan	0	0	0	0.002230	0.000277	0.002230	0.000277	0.853425	0.106008
44	C	44	29353	29191	0.001507	1	230	29353	0	0	0	nan	0	0	0	0	0	0	nan	0	0	0	0.001507	0.000227	0.001507	0.000227	nan	nan
45	A	32	29353	29292	0.001092	1	230	29353	0	0	0	nan	0	0	0	0	0	0	nan	0	0	0	0.001092	0.000193	0.001092	0.000193	nan	nan
46	G	15	29353	29213	0.000513	1	230	29353	0	0	0	nan	0	0	0	0	0	0	nan	0	0	0	0.000513	0.000133	0.000513	0.000133	nan	nan
47	G	17	29353	29255	0.000581	1	230	29353	0	0	0	nan	0	0	0	0	0	0	nan	0	0	0	0.000581	0.000141	0.000581	0.000141	nan	nan
48	A	28	29353	29266	0.000957	1	230	29353	0	0	0	nan	0	0	0	0	0	0	nan	0	0	0	0.000957	0.000181	0.000957	0.000181	nan	nan
49	G	11	29353	29230	0.000376	1	230	29353	0	0	0	nan	0	0	0	0	0	0	nan	0	0	0	0.000376	0.000113	0.000376	0.000113	nan	nan
50	G	9	29352	29102	0.000309	1	230	29352	0	0	0	nan	0	0	0	0	0	0	nan	0	0	0	0.000309	0.000103	0.000309	0.000103	nan	nan
51	U	74	29351	29063	0.002546	1	230	29351	0	0	0	nan	0	0	0	0	0	0	nan	0	0	0	0.002546	0.000296	0.002546	0.000296	0.974359	0.113280
52	U	44	29351	29043	0.001515	1	230	29351	0	0	0	nan	0	0	0	0	0	0	nan	0	0	0	0.001515	0.000228	0.001515	0.000228	0.579793	0.087256
53	A	27	29351	29039	0.000930	1	230	29351	0	0	0	nan	0	0	0	0	0	0	nan	0	0	0	0.000930	0.000179	0.000930	0.000179	nan	nan
54	A	26	29351	29068	0.000894	1	230	29351	0	0	0	nan	0	0	0	0	0	0	nan	0	0	0	0.000894	0.000175	0.000894	0.000175	nan	nan
55	U	76	29351	29084	0.002613	1	230	29351	0	0	0	nan	0	0	0	0	0	0	nan	0	0	0	0.002613	0.000300	0.002613	0.000300	1.000000	0.114811
56	G	35	29351	29222	0.001198	1	230	29351	0	0	0	nan	0	0	0	0	0	0	nan	0	0	0	0.001198	0.000202	0.001198	0.000202	nan	nan
57	G	0	29351	29277	0.000000	1	230	29351	0	0	0	nan	0	0	0	0	0	0	nan	0	0	0	0.000000	0.000000	0.000000	0.000000	nan	nan
58	A	0	29350	0	nan	1	230	29350	0	0	0	nan	0	0	0	0	0	0	nan	0	0	0	nan	nan	nan	nan	nan	nan
59	A	0	29350	0	nan	1	230	29350	0	0	0	nan	0	0	0	0	0	0	nan	0	0	0	nan	nan	nan	nan	nan	nan
60	G	0	29350	0	nan	1	230	29350	0	0	0	nan	0	0	0	0	0	0	nan	0	0	0	nan	nan	nan	nan	nan	nan
61	u	0	29350	0	nan	1	230	29350	0	0	0	nan	0	0	0	0	0	0	nan	0	0	0	nan	nan	nan	nan	nan	nan
62	a	0	29350	0	nan	1	230	29350	0	0	0	nan	0	0	0	0	0	0	nan	0	0	0	nan	nan	nan	nan	nan	nan
63	a	0	29350	0	nan	1	230	29350	0	0	0	nan	0	0	0	0	0	0	nan	0	0	0	nan	nan	nan	nan	nan	nan
64	a	0	29350	0	nan	1	230	29350	0	0	0	nan	0	0	0	0	0	0	nan	0	0	0	nan	nan	nan	nan	nan	nan
65	g	0	29350	0	nan	1	230	29350	0	0	0	nan	0	0	0	0	0	0	nan	0	0	0	nan	nan	nan	nan	nan	nan
66	g	0	29350	0	nan	1	230	29350	0	0	0	nan	0	0	0	0	0	0	nan	0	0	0	nan	nan	nan	nan	nan	nan
67	u	0	29350	0	nan	1	230	29350	0	0	0	nan	0	0	0	0	0	0	nan	0	0	0	nan	nan	nan	nan	nan	nan
68	a	0	29350	0	nan	1	230	29350	0	0	0	nan	0	0	0	0	0	0	nan	0	0	0	nan	nan	nan	nan	nan	nan
69	a	0	29350	0	nan	0	230	29350	0	0	0	nan	0	0	0	0	0	0	nan	0	0	0	nan	nan	nan	nan	nan	nan
70	u	0	29350	0	nan	0	230	29350	0	0	0	nan	0	0	0	0	0	0	nan	0	0	0	nan	nan	nan	nan	nan	nan
71	g	0	29350	0	nan	0	230	29350	0	0	0	nan	0	0	0	0	0	0	nan	0	0	0	nan	nan	nan	nan	nan	nan
72	a	0	29350	0	nan	0	230	29350	0	0	0	nan	0	0	0	0	0	0	nan	0	0	0	nan	nan	nan	nan	nan	nan
73	a	0	29350	0	nan	0	230	29350	0	0	0	nan	0	0	0	0	0	0	nan	0	0	0	nan	nan	nan	nan	nan	nan
74	g	0	29350	0	nan	0	230	29350	0	0	0	nan	0	0	0	0	0	0	nan	0	0	0	nan	nan	nan	nan	nan	nan
75	g	0	29348	0	nan	0	230	29348	0	0	0	nan	0	0	0	0	0	0	nan	0	0	0	nan	nan	nan	nan	nan	nan
76	u	0	29347	0	nan	0	230	29347	0	0	0	nan	0	0	0	0	0	0	nan	0	0	0	nan	nan	nan	nan	nan	nan
77	g	0	29346	0	nan	0	230	29346	0	0	0	nan	0	0	0	0	0	0	nan	0	0	0	nan	nan	nan	nan	nan	nan
78	a	0	29345	0	nan	0	230	29345	0	0	0	nan	0	0	0	0	0	0	nan	0	0	0	nan	nan	nan	nan	nan	nan
79	a	0	29311	0	nan	0	230	29311	0	0	0	nan	0	0	0	0	0	0	nan	0	0	0	nan	nan	nan	nan	nan	nan
80	g	0	29289	0	nan	0	226	29289	0	0	0	nan	0	0	0	0	0	0	nan	0	0	0	nan	nan	nan	nan	nan	nan