Nucleotide	Sequence	Modified_mutations	Modified_read_depth	Modified_effective_depth	Modified_rate	Modified_off_target_mapped_depth	Modified_low_mapq_mapped_depth	Modified_primer_pair_1_mapped_depth	Untreated_mutations	Untreated_read_depth	Untreated_effective_depth	Untreated_rate	Untreated_off_target_mapped_depth	Untreated_low_mapq_mapped_depth	Untreated_primer_pair_1_mapped_depth	Denatured_mutations	Denatured_read_depth	Denatured_effective_depth	Denatured_rate	Denatured_off_target_mapped_depth	Denatured_low_mapq_mapped_depth	Denatured_primer_pair_1_mapped_depth	Reactivity_profile	Std_err	HQ_profile	HQ_stderr	Norm_profile	Norm_stderr
1	g	0	106553	0	nan	1	0	106553	0	0	0	nan	0	0	0	0	0	0	nan	0	0	0	nan	nan	nan	nan	nan	nan
2	g	0	107541	0	nan	1	0	107541	0	0	0	nan	0	0	0	0	0	0	nan	0	0	0	nan	nan	nan	nan	nan	nan
3	u	0	108207	0	nan	1	0	108207	0	0	0	nan	0	0	0	0	0	0	nan	0	0	0	nan	nan	nan	nan	nan	nan
4	g	0	108633	0	nan	1	0	108633	0	0	0	nan	0	0	0	0	0	0	nan	0	0	0	nan	nan	nan	nan	nan	nan
5	u	0	109161	0	nan	1	0	109161	0	0	0	nan	0	0	0	0	0	0	nan	0	0	0	nan	nan	nan	nan	nan	nan
6	a	0	112203	0	nan	1	0	112203	0	0	0	nan	0	0	0	0	0	0	nan	0	0	0	nan	nan	nan	nan	nan	nan
7	a	0	114721	0	nan	1	0	114721	0	0	0	nan	0	0	0	0	0	0	nan	0	0	0	nan	nan	nan	nan	nan	nan
8	g	0	115472	0	nan	1	0	115472	0	0	0	nan	0	0	0	0	0	0	nan	0	0	0	nan	nan	nan	nan	nan	nan
9	g	0	118489	0	nan	1	0	118489	0	0	0	nan	0	0	0	0	0	0	nan	0	0	0	nan	nan	nan	nan	nan	nan
10	g	0	462454	0	nan	1	0	462454	0	0	0	nan	0	0	0	0	0	0	nan	0	0	0	nan	nan	nan	nan	nan	nan
11	u	0	466178	0	nan	1	0	466178	0	0	0	nan	0	0	0	0	0	0	nan	0	0	0	nan	nan	nan	nan	nan	nan
12	g	0	467178	0	nan	96	0	467178	0	0	0	nan	0	0	0	0	0	0	nan	0	0	0	nan	nan	nan	nan	nan	nan
13	a	0	473885	0	nan	2501	0	473885	0	0	0	nan	0	0	0	0	0	0	nan	0	0	0	nan	nan	nan	nan	nan	nan
14	a	0	483798	0	nan	5822	0	483798	0	0	0	nan	0	0	0	0	0	0	nan	0	0	0	nan	nan	nan	nan	nan	nan
15	g	0	484252	0	nan	5965	0	484252	0	0	0	nan	0	0	0	0	0	0	nan	0	0	0	nan	nan	nan	nan	nan	nan
16	u	0	485993	0	nan	6337	0	485993	0	0	0	nan	0	0	0	0	0	0	nan	0	0	0	nan	nan	nan	nan	nan	nan
17	g	0	487118	0	nan	6614	0	487118	0	0	0	nan	0	0	0	0	0	0	nan	0	0	0	nan	nan	nan	nan	nan	nan
18	u	0	489356	0	nan	7153	0	489356	0	0	0	nan	0	0	0	0	0	0	nan	0	0	0	nan	nan	nan	nan	nan	nan
19	a	0	503575	0	nan	11503	0	503575	0	0	0	nan	0	0	0	0	0	0	nan	0	0	0	nan	nan	nan	nan	nan	nan
20	A	0	508550	4836	0.000000	13233	0	508550	0	0	0	nan	0	0	0	0	0	0	nan	0	0	0	0.000000	0.000000	nan	nan	nan	nan
21	G	0	510799	6911	0.000000	13897	0	510799	0	0	0	nan	0	0	0	0	0	0	nan	0	0	0	0.000000	0.000000	0.000000	0.000000	nan	nan
22	G	0	511722	7699	0.000000	14136	0	511722	0	0	0	nan	0	0	0	0	0	0	nan	0	0	0	0.000000	0.000000	0.000000	0.000000	nan	nan
23	U	0	513298	506383	0.000000	14570	0	513298	0	0	0	nan	0	0	0	0	0	0	nan	0	0	0	0.000000	0.000000	0.000000	0.000000	nan	nan
24	U	188	513831	505359	0.000372	14671	0	513831	0	0	0	nan	0	0	0	0	0	0	nan	0	0	0	0.000372	0.000027	0.000372	0.000027	nan	nan
25	G	324	514153	504549	0.000642	14707	0	514153	0	0	0	nan	0	0	0	0	0	0	nan	0	0	0	0.000642	0.000036	0.000642	0.000036	nan	nan
26	A	182	514732	477806	0.000381	14912	0	514727	0	0	0	nan	0	0	0	0	0	0	nan	0	0	0	0.000381	0.000028	0.000381	0.000028	0.056424	0.004147
27	C	3698	514953	474921	0.007787	14960	0	514945	0	0	0	nan	0	0	0	0	0	0	nan	0	0	0	0.007787	0.000128	0.007787	0.000128	1.266282	0.020815
28	C	392	517279	475629	0.000824	15315	0	517271	0	0	0	nan	0	0	0	0	0	0	nan	0	0	0	0.000824	0.000042	0.000824	0.000042	0.133995	0.006830
29	U	631	518297	501223	0.001259	15538	0	518290	0	0	0	nan	0	0	0	0	0	0	nan	0	0	0	0.001259	0.000050	0.001259	0.000050	nan	nan
30	U	151	519132	504284	0.000299	15568	0	519125	0	0	0	nan	0	0	0	0	0	0	nan	0	0	0	0.000299	0.000024	0.000299	0.000024	nan	nan
31	U	171	528375	515675	0.000332	15914	0	528365	0	0	0	nan	0	0	0	0	0	0	nan	0	0	0	0.000332	0.000025	0.000332	0.000025	nan	nan
32	U	956	529914	520123	0.001838	17749	0	529902	0	0	0	nan	0	0	0	0	0	0	nan	0	0	0	0.001838	0.000059	0.001838	0.000059	nan	nan
33	G	77	530509	518717	0.000148	17834	0	530496	0	0	0	nan	0	0	0	0	0	0	nan	0	0	0	0.000148	0.000017	0.000148	0.000017	nan	nan
34	A	436	531538	520096	0.000838	18139	0	531523	0	0	0	nan	0	0	0	0	0	0	nan	0	0	0	0.000838	0.000040	0.000838	0.000040	0.124102	0.005924
35	A	377	533582	519770	0.000725	18721	0	533569	0	0	0	nan	0	0	0	0	0	0	nan	0	0	0	0.000725	0.000037	0.000725	0.000037	0.107368	0.005479
36	U	177	533902	513527	0.000345	18722	0	533889	0	0	0	nan	0	0	0	0	0	0	nan	0	0	0	0.000345	0.000026	0.000345	0.000026	nan	nan
37	A	6264	545459	526084	0.011907	22603	0	545446	0	0	0	nan	0	0	0	0	0	0	nan	0	0	0	0.011907	0.000150	0.011907	0.000150	1.763347	0.022214
38	G	136	546885	529242	0.000257	22703	0	546872	0	0	0	nan	0	0	0	0	0	0	nan	0	0	0	0.000257	0.000022	0.000257	0.000022	nan	nan
39	U	270	548033	533639	0.000506	22980	0	548017	0	0	0	nan	0	0	0	0	0	0	nan	0	0	0	0.000506	0.000031	0.000506	0.000031	nan	nan
40	G	224	548798	532494	0.000421	23149	0	548784	0	0	0	nan	0	0	0	0	0	0	nan	0	0	0	0.000421	0.000028	0.000421	0.000028	nan	nan
41	A	855	551305	534928	0.001598	23945	0	551290	0	0	0	nan	0	0	0	0	0	0	nan	0	0	0	0.001598	0.000055	0.001598	0.000055	0.236653	0.008145
42	U	174	552181	534123	0.000326	24738	0	552166	0	0	0	nan	0	0	0	0	0	0	nan	0	0	0	0.000326	0.000025	0.000326	0.000025	nan	nan
43	U	168	552679	534347	0.000314	24798	0	552665	0	0	0	nan	0	0	0	0	0	0	nan	0	0	0	0.000314	0.000024	0.000314	0.000024	nan	nan
44	C	663	553156	535848	0.001237	24899	0	553143	0	0	0	nan	0	0	0	0	0	0	nan	0	0	0	0.001237	0.000048	0.001237	0.000048	0.201155	0.007806
45	A	604	553788	539816	0.001119	24904	0	553778	0	0	0	nan	0	0	0	0	0	0	nan	0	0	0	0.001119	0.000046	0.001119	0.000046	0.165716	0.006812
46	G	312	554076	543340	0.000574	24898	0	554069	0	0	0	nan	0	0	0	0	0	0	nan	0	0	0	0.000574	0.000033	0.000574	0.000033	nan	nan
47	G	154	554227	543153	0.000284	24908	0	554219	0	0	0	nan	0	0	0	0	0	0	nan	0	0	0	0.000284	0.000023	0.000284	0.000023	nan	nan
48	A	162	554504	545219	0.000297	24953	0	554497	0	0	0	nan	0	0	0	0	0	0	nan	0	0	0	0.000297	0.000023	0.000297	0.000023	0.043984	0.003406
49	G	107	554708	545611	0.000196	24953	0	554703	0	0	0	nan	0	0	0	0	0	0	nan	0	0	0	0.000196	0.000019	0.000196	0.000019	nan	nan
50	G	76	554946	546325	0.000139	25031	0	554941	0	0	0	nan	0	0	0	0	0	0	nan	0	0	0	0.000139	0.000016	0.000139	0.000016	nan	nan
51	U	123	555969	546125	0.000225	25156	0	555966	0	0	0	nan	0	0	0	0	0	0	nan	0	0	0	0.000225	0.000020	0.000225	0.000020	nan	nan
52	U	797	556258	546221	0.001459	25157	0	556255	0	0	0	nan	0	0	0	0	0	0	nan	0	0	0	0.001459	0.000052	0.001459	0.000052	nan	nan
53	A	278	556700	548587	0.000507	25226	0	556697	0	0	0	nan	0	0	0	0	0	0	nan	0	0	0	0.000507	0.000030	0.000507	0.000030	0.075083	0.004443
54	A	344	556840	550763	0.000625	25226	0	556834	0	0	0	nan	0	0	0	0	0	0	nan	0	0	0	0.000625	0.000034	0.000625	0.000034	0.092558	0.005035
55	U	150	556923	552190	0.000272	25227	0	556919	0	0	0	nan	0	0	0	0	0	0	nan	0	0	0	0.000272	0.000022	0.000272	0.000022	nan	nan
56	G	166	557098	553419	0.000300	25220	0	557097	0	0	0	nan	0	0	0	0	0	0	nan	0	0	0	0.000300	0.000023	0.000300	0.000023	nan	nan
57	G	0	557263	553801	0.000000	25216	0	557263	0	0	0	nan	0	0	0	0	0	0	nan	0	0	0	0.000000	0.000000	0.000000	0.000000	nan	nan
58	A	0	557478	0	nan	25212	0	557478	0	0	0	nan	0	0	0	0	0	0	nan	0	0	0	nan	nan	nan	nan	nan	nan
59	A	0	557477	0	nan	25208	0	557477	0	0	0	nan	0	0	0	0	0	0	nan	0	0	0	nan	nan	nan	nan	nan	nan
60	G	0	557477	0	nan	25205	0	557477	0	0	0	nan	0	0	0	0	0	0	nan	0	0	0	nan	nan	nan	nan	nan	nan
61	u	0	557477	0	nan	25200	0	557477	0	0	0	nan	0	0	0	0	0	0	nan	0	0	0	nan	nan	nan	nan	nan	nan
62	a	0	557477	0	nan	25198	0	557477	0	0	0	nan	0	0	0	0	0	0	nan	0	0	0	nan	nan	nan	nan	nan	nan
63	a	0	557477	0	nan	25198	0	557477	0	0	0	nan	0	0	0	0	0	0	nan	0	0	0	nan	nan	nan	nan	nan	nan
64	a	0	557476	0	nan	25198	0	557476	0	0	0	nan	0	0	0	0	0	0	nan	0	0	0	nan	nan	nan	nan	nan	nan
65	g	0	557476	0	nan	25194	0	557476	0	0	0	nan	0	0	0	0	0	0	nan	0	0	0	nan	nan	nan	nan	nan	nan
66	g	0	557476	0	nan	25187	0	557476	0	0	0	nan	0	0	0	0	0	0	nan	0	0	0	nan	nan	nan	nan	nan	nan
67	u	0	557476	0	nan	25159	0	557476	0	0	0	nan	0	0	0	0	0	0	nan	0	0	0	nan	nan	nan	nan	nan	nan
68	a	0	557476	0	nan	25127	0	557476	0	0	0	nan	0	0	0	0	0	0	nan	0	0	0	nan	nan	nan	nan	nan	nan
69	a	0	557476	0	nan	25126	0	557476	0	0	0	nan	0	0	0	0	0	0	nan	0	0	0	nan	nan	nan	nan	nan	nan
70	u	0	557476	0	nan	25122	0	557476	0	0	0	nan	0	0	0	0	0	0	nan	0	0	0	nan	nan	nan	nan	nan	nan
71	g	0	557476	0	nan	25120	0	557476	0	0	0	nan	0	0	0	0	0	0	nan	0	0	0	nan	nan	nan	nan	nan	nan
72	a	0	557476	0	nan	25114	0	557476	0	0	0	nan	0	0	0	0	0	0	nan	0	0	0	nan	nan	nan	nan	nan	nan
73	a	0	557474	0	nan	25084	0	557474	0	0	0	nan	0	0	0	0	0	0	nan	0	0	0	nan	nan	nan	nan	nan	nan
74	g	0	557474	0	nan	25056	0	557474	0	0	0	nan	0	0	0	0	0	0	nan	0	0	0	nan	nan	nan	nan	nan	nan
75	g	0	557469	0	nan	25050	0	557469	0	0	0	nan	0	0	0	0	0	0	nan	0	0	0	nan	nan	nan	nan	nan	nan
76	u	0	557455	0	nan	25039	0	557455	0	0	0	nan	0	0	0	0	0	0	nan	0	0	0	nan	nan	nan	nan	nan	nan
77	g	0	557441	0	nan	25033	0	557441	0	0	0	nan	0	0	0	0	0	0	nan	0	0	0	nan	nan	nan	nan	nan	nan
78	a	0	557426	0	nan	25030	0	557426	0	0	0	nan	0	0	0	0	0	0	nan	0	0	0	nan	nan	nan	nan	nan	nan
79	a	0	557264	0	nan	25018	0	557264	0	0	0	nan	0	0	0	0	0	0	nan	0	0	0	nan	nan	nan	nan	nan	nan
80	g	0	540509	0	nan	24993	0	540509	0	0	0	nan	0	0	0	0	0	0	nan	0	0	0	nan	nan	nan	nan	nan	nan