Nucleotide	Sequence	Modified_mutations	Modified_read_depth	Modified_effective_depth	Modified_rate	Modified_off_target_mapped_depth	Modified_low_mapq_mapped_depth	Modified_primer_pair_1_mapped_depth	Untreated_mutations	Untreated_read_depth	Untreated_effective_depth	Untreated_rate	Untreated_off_target_mapped_depth	Untreated_low_mapq_mapped_depth	Untreated_primer_pair_1_mapped_depth	Denatured_mutations	Denatured_read_depth	Denatured_effective_depth	Denatured_rate	Denatured_off_target_mapped_depth	Denatured_low_mapq_mapped_depth	Denatured_primer_pair_1_mapped_depth	Reactivity_profile	Std_err	HQ_profile	HQ_stderr	Norm_profile	Norm_stderr
1	g	0	297281	0	nan	32	1	297281	0	0	0	nan	0	0	0	0	0	0	nan	0	0	0	nan	nan	nan	nan	nan	nan
2	g	0	297763	0	nan	32	1	297763	0	0	0	nan	0	0	0	0	0	0	nan	0	0	0	nan	nan	nan	nan	nan	nan
3	c	0	298060	0	nan	32	1	298060	0	0	0	nan	0	0	0	0	0	0	nan	0	0	0	nan	nan	nan	nan	nan	nan
4	a	0	319771	0	nan	64	1	319771	0	0	0	nan	0	0	0	0	0	0	nan	0	0	0	nan	nan	nan	nan	nan	nan
5	c	0	320293	0	nan	64	1	320293	0	0	0	nan	0	0	0	0	0	0	nan	0	0	0	nan	nan	nan	nan	nan	nan
6	c	0	320378	0	nan	64	1	320378	0	0	0	nan	0	0	0	0	0	0	nan	0	0	0	nan	nan	nan	nan	nan	nan
7	u	0	320383	0	nan	64	1	320383	0	0	0	nan	0	0	0	0	0	0	nan	0	0	0	nan	nan	nan	nan	nan	nan
8	c	0	320393	0	nan	64	1	320393	0	0	0	nan	0	0	0	0	0	0	nan	0	0	0	nan	nan	nan	nan	nan	nan
9	a	0	320395	0	nan	64	1	320395	0	0	0	nan	0	0	0	0	0	0	nan	0	0	0	nan	nan	nan	nan	nan	nan
10	u	0	320412	0	nan	64	1	320412	0	0	0	nan	0	0	0	0	0	0	nan	0	0	0	nan	nan	nan	nan	nan	nan
11	a	0	320434	0	nan	64	1	320434	0	0	0	nan	0	0	0	0	0	0	nan	0	0	0	nan	nan	nan	nan	nan	nan
12	a	0	320456	0	nan	64	1	320456	0	0	0	nan	0	0	0	0	0	0	nan	0	0	0	nan	nan	nan	nan	nan	nan
13	c	0	320475	0	nan	64	1	320475	0	0	0	nan	0	0	0	0	0	0	nan	0	0	0	nan	nan	nan	nan	nan	nan
14	a	0	320483	0	nan	64	1	320483	0	0	0	nan	0	0	0	0	0	0	nan	0	0	0	nan	nan	nan	nan	nan	nan
15	u	0	320489	0	nan	64	1	320489	0	0	0	nan	0	0	0	0	0	0	nan	0	0	0	nan	nan	nan	nan	nan	nan
16	a	0	320498	0	nan	64	1	320498	0	0	0	nan	0	0	0	0	0	0	nan	0	0	0	nan	nan	nan	nan	nan	nan
17	a	0	320514	0	nan	64	1	320514	0	0	0	nan	0	0	0	0	0	0	nan	0	0	0	nan	nan	nan	nan	nan	nan
18	c	0	320526	0	nan	64	1	320526	0	0	0	nan	0	0	0	0	0	0	nan	0	0	0	nan	nan	nan	nan	nan	nan
19	U	0	320532	3	0.000000	64	1	320532	0	0	0	nan	0	0	0	0	0	0	nan	0	0	0	0.000000	0.000000	nan	nan	nan	nan
20	A	0	320564	15	0.000000	64	1	320564	0	0	0	nan	0	0	0	0	0	0	nan	0	0	0	0.000000	0.000000	nan	nan	nan	nan
21	A	0	320572	21	0.000000	64	1	320572	0	0	0	nan	0	0	0	0	0	0	nan	0	0	0	0.000000	0.000000	nan	nan	nan	nan
22	G	0	320597	315421	0.000000	64	1	320597	0	0	0	nan	0	0	0	0	0	0	nan	0	0	0	0.000000	0.000000	0.000000	0.000000	nan	nan
23	G	392	320611	306781	0.001278	64	1	320611	0	0	0	nan	0	0	0	0	0	0	nan	0	0	0	0.001278	0.000065	0.001278	0.000065	nan	nan
24	C	9994	320664	313666	0.031862	64	1	320664	0	0	0	nan	0	0	0	0	0	0	nan	0	0	0	0.031862	0.000319	0.031862	0.000319	0.958198	0.009593
25	A	6243	320708	315660	0.019778	64	1	320708	0	0	0	nan	0	0	0	0	0	0	nan	0	0	0	0.019778	0.000250	0.019778	0.000250	1.000000	0.012640
26	G	319	320756	314435	0.001015	64	1	320755	0	0	0	nan	0	0	0	0	0	0	nan	0	0	0	0.001015	0.000057	0.001015	0.000057	nan	nan
27	A	5311	320833	315885	0.016813	64	1	320830	0	0	0	nan	0	0	0	0	0	0	nan	0	0	0	0.016813	0.000231	0.016813	0.000231	0.850086	0.011680
28	U	1864	320849	315004	0.005917	64	1	320846	0	0	0	nan	0	0	0	0	0	0	nan	0	0	0	0.005917	0.000137	0.005917	0.000137	1.144653	0.026503
29	C	8839	320864	315344	0.028030	64	1	320859	0	0	0	nan	0	0	0	0	0	0	nan	0	0	0	0.028030	0.000298	0.028030	0.000298	0.842957	0.008962
30	U	1348	320882	315576	0.004272	64	1	320872	0	0	0	nan	0	0	0	0	0	0	nan	0	0	0	0.004272	0.000116	0.004272	0.000116	0.826425	0.022440
31	G	320	320893	312900	0.001023	64	1	320870	0	0	0	nan	0	0	0	0	0	0	nan	0	0	0	0.001023	0.000057	0.001023	0.000057	nan	nan
32	A	5923	320895	313956	0.018866	64	1	320865	0	0	0	nan	0	0	0	0	0	0	nan	0	0	0	0.018866	0.000245	0.018866	0.000245	0.953888	0.012388
33	G	375	320928	305407	0.001228	64	1	320870	0	0	0	nan	0	0	0	0	0	0	nan	0	0	0	0.001228	0.000063	0.001228	0.000063	nan	nan
34	C	8589	320934	307075	0.027970	64	1	320822	0	0	0	nan	0	0	0	0	0	0	nan	0	0	0	0.027970	0.000302	0.027970	0.000302	0.841152	0.009082
35	C	8041	320965	307893	0.026116	64	1	320780	0	0	0	nan	0	0	0	0	0	0	nan	0	0	0	0.026116	0.000291	0.026116	0.000291	0.785396	0.008751
36	U	1680	321094	308815	0.005440	64	1	320935	0	0	0	nan	0	0	0	0	0	0	nan	0	0	0	0.005440	0.000133	0.005440	0.000133	1.052377	0.025729
37	G	384	321142	308545	0.001245	64	1	320572	0	0	0	nan	0	0	0	0	0	0	nan	0	0	0	0.001245	0.000064	0.001245	0.000064	nan	nan
38	G	279	321160	307307	0.000908	64	1	320586	0	0	0	nan	0	0	0	0	0	0	nan	0	0	0	0.000908	0.000054	0.000908	0.000054	nan	nan
39	G	342	321210	308119	0.001110	64	1	320695	0	0	0	nan	0	0	0	0	0	0	nan	0	0	0	0.001110	0.000060	0.001110	0.000060	nan	nan
40	A	6977	321279	311194	0.022420	64	1	320847	0	0	0	nan	0	0	0	0	0	0	nan	0	0	0	0.022420	0.000268	0.022420	0.000268	1.133583	0.013550
41	G	484	321381	306738	0.001578	64	1	321162	0	0	0	nan	0	0	0	0	0	0	nan	0	0	0	0.001578	0.000072	0.001578	0.000072	nan	nan
42	C	8933	321485	315421	0.028321	47	1	321446	0	0	0	nan	0	0	0	0	0	0	nan	0	0	0	0.028321	0.000300	0.028321	0.000300	0.851708	0.009022
43	U	1161	321500	316469	0.003669	47	1	321485	0	0	0	nan	0	0	0	0	0	0	nan	0	0	0	0.003669	0.000108	0.003669	0.000108	0.709774	0.020893
44	C	8354	321502	316731	0.026376	44	1	321488	0	0	0	nan	0	0	0	0	0	0	nan	0	0	0	0.026376	0.000289	0.026376	0.000289	0.793215	0.008691
45	U	1377	321505	316017	0.004357	44	1	321486	0	0	0	nan	0	0	0	0	0	0	nan	0	0	0	0.004357	0.000117	0.004357	0.000117	0.842869	0.022634
46	C	10199	321505	306716	0.033252	42	1	321483	0	0	0	nan	0	0	0	0	0	0	nan	0	0	0	0.033252	0.000329	0.033252	0.000329	1.000000	0.009894
47	U	1335	321506	306605	0.004354	42	1	321485	0	0	0	nan	0	0	0	0	0	0	nan	0	0	0	0.004354	0.000119	0.004354	0.000119	0.842289	0.023021
48	G	506	321512	301687	0.001677	42	1	321491	0	0	0	nan	0	0	0	0	0	0	nan	0	0	0	0.001677	0.000075	0.001677	0.000075	nan	nan
49	C	13059	321517	315098	0.041444	42	1	321500	0	0	0	nan	0	0	0	0	0	0	nan	0	0	0	0.041444	0.000363	0.041444	0.000363	1.246361	0.010917
50	C	12847	321523	316649	0.040572	42	1	321513	0	0	0	nan	0	0	0	0	0	0	nan	0	0	0	0.040572	0.000358	0.040572	0.000358	1.220137	0.010766
51	A	5427	321522	318082	0.017062	42	1	321520	0	0	0	nan	0	0	0	0	0	0	nan	0	0	0	0.017062	0.000232	0.017062	0.000232	0.862676	0.011730
52	A	0	321523	318335	0.000000	42	1	321523	0	0	0	nan	0	0	0	0	0	0	nan	0	0	0	0.000000	0.000000	0.000000	0.000000	0.000000	0.000000
53	U	0	321512	154	0.000000	33	1	321512	0	0	0	nan	0	0	0	0	0	0	nan	0	0	0	0.000000	0.000000	nan	nan	nan	nan
54	C	0	321301	2	0.000000	27	1	321301	0	0	0	nan	0	0	0	0	0	0	nan	0	0	0	0.000000	0.000000	nan	nan	nan	nan
55	C	0	321299	1	0.000000	27	1	321299	0	0	0	nan	0	0	0	0	0	0	nan	0	0	0	0.000000	0.000000	nan	nan	nan	nan
56	a	0	321298	0	nan	27	1	321298	0	0	0	nan	0	0	0	0	0	0	nan	0	0	0	nan	nan	nan	nan	nan	nan
57	c	0	321298	0	nan	27	1	321298	0	0	0	nan	0	0	0	0	0	0	nan	0	0	0	nan	nan	nan	nan	nan	nan
58	u	0	321298	0	nan	27	1	321298	0	0	0	nan	0	0	0	0	0	0	nan	0	0	0	nan	nan	nan	nan	nan	nan
59	a	0	321298	0	nan	27	1	321298	0	0	0	nan	0	0	0	0	0	0	nan	0	0	0	nan	nan	nan	nan	nan	nan
60	a	0	321298	0	nan	26	1	321298	0	0	0	nan	0	0	0	0	0	0	nan	0	0	0	nan	nan	nan	nan	nan	nan
61	c	0	321298	0	nan	11	1	321298	0	0	0	nan	0	0	0	0	0	0	nan	0	0	0	nan	nan	nan	nan	nan	nan
62	c	0	321298	0	nan	11	1	321298	0	0	0	nan	0	0	0	0	0	0	nan	0	0	0	nan	nan	nan	nan	nan	nan
63	u	0	321298	0	nan	0	1	321298	0	0	0	nan	0	0	0	0	0	0	nan	0	0	0	nan	nan	nan	nan	nan	nan
64	c	0	321298	0	nan	0	1	321298	0	0	0	nan	0	0	0	0	0	0	nan	0	0	0	nan	nan	nan	nan	nan	nan
65	a	0	321298	0	nan	0	1	321298	0	0	0	nan	0	0	0	0	0	0	nan	0	0	0	nan	nan	nan	nan	nan	nan
66	c	0	321296	0	nan	0	1	321296	0	0	0	nan	0	0	0	0	0	0	nan	0	0	0	nan	nan	nan	nan	nan	nan
67	u	0	321293	0	nan	0	1	321293	0	0	0	nan	0	0	0	0	0	0	nan	0	0	0	nan	nan	nan	nan	nan	nan
68	c	0	321292	0	nan	0	1	321292	0	0	0	nan	0	0	0	0	0	0	nan	0	0	0	nan	nan	nan	nan	nan	nan
69	a	0	321285	0	nan	0	1	321285	0	0	0	nan	0	0	0	0	0	0	nan	0	0	0	nan	nan	nan	nan	nan	nan
70	c	0	321276	0	nan	0	1	321276	0	0	0	nan	0	0	0	0	0	0	nan	0	0	0	nan	nan	nan	nan	nan	nan
71	a	0	321265	0	nan	0	1	321265	0	0	0	nan	0	0	0	0	0	0	nan	0	0	0	nan	nan	nan	nan	nan	nan
72	a	0	321170	0	nan	0	1	321170	0	0	0	nan	0	0	0	0	0	0	nan	0	0	0	nan	nan	nan	nan	nan	nan
73	u	0	321002	0	nan	0	1	321002	0	0	0	nan	0	0	0	0	0	0	nan	0	0	0	nan	nan	nan	nan	nan	nan
74	c	0	320636	0	nan	0	1	320636	0	0	0	nan	0	0	0	0	0	0	nan	0	0	0	nan	nan	nan	nan	nan	nan