Nucleotide	Sequence	Modified_mutations	Modified_read_depth	Modified_effective_depth	Modified_rate	Modified_off_target_mapped_depth	Modified_low_mapq_mapped_depth	Modified_primer_pair_1_mapped_depth	Untreated_mutations	Untreated_read_depth	Untreated_effective_depth	Untreated_rate	Untreated_off_target_mapped_depth	Untreated_low_mapq_mapped_depth	Untreated_primer_pair_1_mapped_depth	Denatured_mutations	Denatured_read_depth	Denatured_effective_depth	Denatured_rate	Denatured_off_target_mapped_depth	Denatured_low_mapq_mapped_depth	Denatured_primer_pair_1_mapped_depth	Reactivity_profile	Std_err	HQ_profile	HQ_stderr	Norm_profile	Norm_stderr
1	g	0	195966	0	nan	24	2	195966	0	0	0	nan	0	0	0	0	0	0	nan	0	0	0	nan	nan	nan	nan	nan	nan
2	g	0	196251	0	nan	24	2	196251	0	0	0	nan	0	0	0	0	0	0	nan	0	0	0	nan	nan	nan	nan	nan	nan
3	c	0	196462	0	nan	24	2	196462	0	0	0	nan	0	0	0	0	0	0	nan	0	0	0	nan	nan	nan	nan	nan	nan
4	a	0	211633	0	nan	68	2	211633	0	0	0	nan	0	0	0	0	0	0	nan	0	0	0	nan	nan	nan	nan	nan	nan
5	c	0	212021	0	nan	69	2	212021	0	0	0	nan	0	0	0	0	0	0	nan	0	0	0	nan	nan	nan	nan	nan	nan
6	c	0	212084	0	nan	69	2	212084	0	0	0	nan	0	0	0	0	0	0	nan	0	0	0	nan	nan	nan	nan	nan	nan
7	u	0	212096	0	nan	69	2	212096	0	0	0	nan	0	0	0	0	0	0	nan	0	0	0	nan	nan	nan	nan	nan	nan
8	c	0	212099	0	nan	69	2	212099	0	0	0	nan	0	0	0	0	0	0	nan	0	0	0	nan	nan	nan	nan	nan	nan
9	a	0	212102	0	nan	69	2	212102	0	0	0	nan	0	0	0	0	0	0	nan	0	0	0	nan	nan	nan	nan	nan	nan
10	u	0	212129	0	nan	69	2	212129	0	0	0	nan	0	0	0	0	0	0	nan	0	0	0	nan	nan	nan	nan	nan	nan
11	a	0	212155	0	nan	69	2	212155	0	0	0	nan	0	0	0	0	0	0	nan	0	0	0	nan	nan	nan	nan	nan	nan
12	a	0	212171	0	nan	69	2	212171	0	0	0	nan	0	0	0	0	0	0	nan	0	0	0	nan	nan	nan	nan	nan	nan
13	c	0	212176	0	nan	69	2	212176	0	0	0	nan	0	0	0	0	0	0	nan	0	0	0	nan	nan	nan	nan	nan	nan
14	a	0	212178	0	nan	69	2	212178	0	0	0	nan	0	0	0	0	0	0	nan	0	0	0	nan	nan	nan	nan	nan	nan
15	u	0	212180	0	nan	69	2	212180	0	0	0	nan	0	0	0	0	0	0	nan	0	0	0	nan	nan	nan	nan	nan	nan
16	a	0	212187	0	nan	69	2	212187	0	0	0	nan	0	0	0	0	0	0	nan	0	0	0	nan	nan	nan	nan	nan	nan
17	a	0	212204	0	nan	69	2	212204	0	0	0	nan	0	0	0	0	0	0	nan	0	0	0	nan	nan	nan	nan	nan	nan
18	c	0	212209	0	nan	69	2	212209	0	0	0	nan	0	0	0	0	0	0	nan	0	0	0	nan	nan	nan	nan	nan	nan
19	U	0	212211	2	0.000000	69	2	212211	0	0	0	nan	0	0	0	0	0	0	nan	0	0	0	0.000000	0.000000	nan	nan	nan	nan
20	A	0	212247	32	0.000000	69	2	212247	0	0	0	nan	0	0	0	0	0	0	nan	0	0	0	0.000000	0.000000	nan	nan	nan	nan
21	A	0	212259	41	0.000000	69	2	212259	0	0	0	nan	0	0	0	0	0	0	nan	0	0	0	0.000000	0.000000	nan	nan	nan	nan
22	G	0	212270	208582	0.000000	69	2	212270	0	0	0	nan	0	0	0	0	0	0	nan	0	0	0	0.000000	0.000000	0.000000	0.000000	nan	nan
23	G	253	212286	203275	0.001245	69	2	212286	0	0	0	nan	0	0	0	0	0	0	nan	0	0	0	0.001245	0.000078	0.001245	0.000078	nan	nan
24	C	5808	212313	207668	0.027968	69	2	212313	0	0	0	nan	0	0	0	0	0	0	nan	0	0	0	0.027968	0.000367	0.027968	0.000367	0.877042	0.011509
25	A	3601	212340	209131	0.017219	69	2	212340	0	0	0	nan	0	0	0	0	0	0	nan	0	0	0	0.017219	0.000287	0.017219	0.000287	0.960132	0.016003
26	G	205	212382	208394	0.000984	69	2	212382	0	0	0	nan	0	0	0	0	0	0	nan	0	0	0	0.000984	0.000069	0.000984	0.000069	nan	nan
27	A	3204	212455	209255	0.015311	69	2	212455	0	0	0	nan	0	0	0	0	0	0	nan	0	0	0	0.015311	0.000271	0.015311	0.000271	0.853741	0.015111
28	U	1376	212466	208736	0.006592	69	2	212465	0	0	0	nan	0	0	0	0	0	0	nan	0	0	0	0.006592	0.000178	0.006592	0.000178	1.229105	0.033189
29	C	5132	212479	208826	0.024575	69	2	212476	0	0	0	nan	0	0	0	0	0	0	nan	0	0	0	0.024575	0.000343	0.024575	0.000343	0.770642	0.010756
30	U	989	212503	209041	0.004731	69	2	212501	0	0	0	nan	0	0	0	0	0	0	nan	0	0	0	0.004731	0.000150	0.004731	0.000150	0.882114	0.027968
31	G	231	212509	207479	0.001113	69	2	212501	0	0	0	nan	0	0	0	0	0	0	nan	0	0	0	0.001113	0.000073	0.001113	0.000073	nan	nan
32	A	3734	212513	208204	0.017934	69	2	212503	0	0	0	nan	0	0	0	0	0	0	nan	0	0	0	0.017934	0.000293	0.017934	0.000293	1.000000	0.016338
33	G	252	212533	202559	0.001244	69	2	212503	0	0	0	nan	0	0	0	0	0	0	nan	0	0	0	0.001244	0.000078	0.001244	0.000078	nan	nan
34	C	5376	212539	203648	0.026398	69	2	212472	0	0	0	nan	0	0	0	0	0	0	nan	0	0	0	0.026398	0.000360	0.026398	0.000360	0.827809	0.011289
35	C	4975	212557	204139	0.024371	69	2	212445	0	0	0	nan	0	0	0	0	0	0	nan	0	0	0	0.024371	0.000346	0.024371	0.000346	0.764245	0.010850
36	U	1131	212631	204896	0.005520	69	2	212529	0	0	0	nan	0	0	0	0	0	0	nan	0	0	0	0.005520	0.000164	0.005520	0.000164	1.029227	0.030578
37	G	236	212650	204595	0.001153	69	2	212292	0	0	0	nan	0	0	0	0	0	0	nan	0	0	0	0.001153	0.000075	0.001153	0.000075	nan	nan
38	G	176	212653	203673	0.000864	69	2	212297	0	0	0	nan	0	0	0	0	0	0	nan	0	0	0	0.000864	0.000065	0.000864	0.000065	nan	nan
39	G	194	212692	204075	0.000951	69	2	212380	0	0	0	nan	0	0	0	0	0	0	nan	0	0	0	0.000951	0.000068	0.000951	0.000068	nan	nan
40	A	4033	212743	205876	0.019589	69	2	212485	0	0	0	nan	0	0	0	0	0	0	nan	0	0	0	0.019589	0.000308	0.019589	0.000308	1.092283	0.017174
41	G	273	212837	203354	0.001342	69	2	212701	0	0	0	nan	0	0	0	0	0	0	nan	0	0	0	0.001342	0.000081	0.001342	0.000081	nan	nan
42	C	5420	212886	209046	0.025927	44	2	212857	0	0	0	nan	0	0	0	0	0	0	nan	0	0	0	0.025927	0.000352	0.025927	0.000352	0.813039	0.011038
43	U	872	212895	209838	0.004156	43	2	212879	0	0	0	nan	0	0	0	0	0	0	nan	0	0	0	0.004156	0.000141	0.004156	0.000141	0.774903	0.026290
44	C	5201	212896	210156	0.024748	40	2	212880	0	0	0	nan	0	0	0	0	0	0	nan	0	0	0	0.024748	0.000343	0.024748	0.000343	0.776067	0.010756
45	U	1027	212893	209899	0.004893	40	2	212879	0	0	0	nan	0	0	0	0	0	0	nan	0	0	0	0.004893	0.000153	0.004893	0.000153	0.912320	0.028527
46	C	6693	212892	209881	0.031889	38	2	212867	0	0	0	nan	0	0	0	0	0	0	nan	0	0	0	0.031889	0.000390	0.031889	0.000390	1.000000	0.012230
47	U	900	212892	209765	0.004291	38	2	212870	0	0	0	nan	0	0	0	0	0	0	nan	0	0	0	0.004291	0.000143	0.004291	0.000143	0.800075	0.026663
48	G	341	212891	206271	0.001653	38	2	212869	0	0	0	nan	0	0	0	0	0	0	nan	0	0	0	0.001653	0.000090	0.001653	0.000090	nan	nan
49	C	7682	212893	208802	0.036791	38	2	212876	0	0	0	nan	0	0	0	0	0	0	nan	0	0	0	0.036791	0.000420	0.036791	0.000420	1.153721	0.013171
50	C	7455	212895	209563	0.035574	38	2	212887	0	0	0	nan	0	0	0	0	0	0	nan	0	0	0	0.035574	0.000412	0.035574	0.000412	1.115557	0.012920
51	A	3201	212900	210412	0.015213	38	2	212896	0	0	0	nan	0	0	0	0	0	0	nan	0	0	0	0.015213	0.000269	0.015213	0.000269	0.848277	0.014999
52	A	0	212902	210663	0.000000	38	2	212902	0	0	0	nan	0	0	0	0	0	0	nan	0	0	0	0.000000	0.000000	0.000000	0.000000	0.000000	0.000000
53	U	0	212892	116	0.000000	26	2	212892	0	0	0	nan	0	0	0	0	0	0	nan	0	0	0	0.000000	0.000000	nan	nan	nan	nan
54	C	0	212727	0	nan	26	2	212727	0	0	0	nan	0	0	0	0	0	0	nan	0	0	0	nan	nan	nan	nan	nan	nan
55	C	0	212726	0	nan	26	2	212726	0	0	0	nan	0	0	0	0	0	0	nan	0	0	0	nan	nan	nan	nan	nan	nan
56	a	0	212726	0	nan	26	2	212726	0	0	0	nan	0	0	0	0	0	0	nan	0	0	0	nan	nan	nan	nan	nan	nan
57	c	0	212726	0	nan	26	2	212726	0	0	0	nan	0	0	0	0	0	0	nan	0	0	0	nan	nan	nan	nan	nan	nan
58	u	0	212726	0	nan	26	2	212726	0	0	0	nan	0	0	0	0	0	0	nan	0	0	0	nan	nan	nan	nan	nan	nan
59	a	0	212726	0	nan	26	2	212726	0	0	0	nan	0	0	0	0	0	0	nan	0	0	0	nan	nan	nan	nan	nan	nan
60	a	0	212726	0	nan	26	2	212726	0	0	0	nan	0	0	0	0	0	0	nan	0	0	0	nan	nan	nan	nan	nan	nan
61	c	0	212726	0	nan	5	2	212726	0	0	0	nan	0	0	0	0	0	0	nan	0	0	0	nan	nan	nan	nan	nan	nan
62	c	0	212726	0	nan	5	2	212726	0	0	0	nan	0	0	0	0	0	0	nan	0	0	0	nan	nan	nan	nan	nan	nan
63	u	0	212726	0	nan	0	2	212726	0	0	0	nan	0	0	0	0	0	0	nan	0	0	0	nan	nan	nan	nan	nan	nan
64	c	0	212726	0	nan	0	2	212726	0	0	0	nan	0	0	0	0	0	0	nan	0	0	0	nan	nan	nan	nan	nan	nan
65	a	0	212726	0	nan	0	2	212726	0	0	0	nan	0	0	0	0	0	0	nan	0	0	0	nan	nan	nan	nan	nan	nan
66	c	0	212725	0	nan	0	2	212725	0	0	0	nan	0	0	0	0	0	0	nan	0	0	0	nan	nan	nan	nan	nan	nan
67	u	0	212725	0	nan	0	2	212725	0	0	0	nan	0	0	0	0	0	0	nan	0	0	0	nan	nan	nan	nan	nan	nan
68	c	0	212725	0	nan	0	1	212725	0	0	0	nan	0	0	0	0	0	0	nan	0	0	0	nan	nan	nan	nan	nan	nan
69	a	0	212723	0	nan	0	1	212723	0	0	0	nan	0	0	0	0	0	0	nan	0	0	0	nan	nan	nan	nan	nan	nan
70	c	0	212713	0	nan	0	1	212713	0	0	0	nan	0	0	0	0	0	0	nan	0	0	0	nan	nan	nan	nan	nan	nan
71	a	0	212707	0	nan	0	1	212707	0	0	0	nan	0	0	0	0	0	0	nan	0	0	0	nan	nan	nan	nan	nan	nan
72	a	0	212651	0	nan	0	1	212651	0	0	0	nan	0	0	0	0	0	0	nan	0	0	0	nan	nan	nan	nan	nan	nan
73	u	0	212538	0	nan	0	1	212538	0	0	0	nan	0	0	0	0	0	0	nan	0	0	0	nan	nan	nan	nan	nan	nan
74	c	0	212302	0	nan	0	1	212302	0	0	0	nan	0	0	0	0	0	0	nan	0	0	0	nan	nan	nan	nan	nan	nan