Nucleotide	Sequence	Modified_mutations	Modified_read_depth	Modified_effective_depth	Modified_rate	Modified_off_target_mapped_depth	Modified_low_mapq_mapped_depth	Modified_primer_pair_1_mapped_depth	Untreated_mutations	Untreated_read_depth	Untreated_effective_depth	Untreated_rate	Untreated_off_target_mapped_depth	Untreated_low_mapq_mapped_depth	Untreated_primer_pair_1_mapped_depth	Denatured_mutations	Denatured_read_depth	Denatured_effective_depth	Denatured_rate	Denatured_off_target_mapped_depth	Denatured_low_mapq_mapped_depth	Denatured_primer_pair_1_mapped_depth	Reactivity_profile	Std_err	HQ_profile	HQ_stderr	Norm_profile	Norm_stderr
1	g	0	169166	0	nan	11	0	169166	0	0	0	nan	0	0	0	0	0	0	nan	0	0	0	nan	nan	nan	nan	nan	nan
2	g	0	181697	0	nan	40	0	181697	0	0	0	nan	0	0	0	0	0	0	nan	0	0	0	nan	nan	nan	nan	nan	nan
3	c	0	182113	0	nan	40	0	182113	0	0	0	nan	0	0	0	0	0	0	nan	0	0	0	nan	nan	nan	nan	nan	nan
4	a	0	182209	0	nan	40	0	182209	0	0	0	nan	0	0	0	0	0	0	nan	0	0	0	nan	nan	nan	nan	nan	nan
5	c	0	182223	0	nan	40	0	182223	0	0	0	nan	0	0	0	0	0	0	nan	0	0	0	nan	nan	nan	nan	nan	nan
6	c	0	182231	0	nan	40	0	182231	0	0	0	nan	0	0	0	0	0	0	nan	0	0	0	nan	nan	nan	nan	nan	nan
7	u	0	182232	0	nan	40	0	182232	0	0	0	nan	0	0	0	0	0	0	nan	0	0	0	nan	nan	nan	nan	nan	nan
8	c	0	182267	0	nan	40	0	182267	0	0	0	nan	0	0	0	0	0	0	nan	0	0	0	nan	nan	nan	nan	nan	nan
9	a	0	182288	0	nan	40	0	182288	0	0	0	nan	0	0	0	0	0	0	nan	0	0	0	nan	nan	nan	nan	nan	nan
10	u	0	182325	0	nan	40	0	182325	0	0	0	nan	0	0	0	0	0	0	nan	0	0	0	nan	nan	nan	nan	nan	nan
11	a	0	182428	0	nan	40	0	182428	0	0	0	nan	0	0	0	0	0	0	nan	0	0	0	nan	nan	nan	nan	nan	nan
12	a	0	182447	0	nan	40	0	182447	0	0	0	nan	0	0	0	0	0	0	nan	0	0	0	nan	nan	nan	nan	nan	nan
13	c	0	182452	0	nan	40	0	182452	0	0	0	nan	0	0	0	0	0	0	nan	0	0	0	nan	nan	nan	nan	nan	nan
14	a	0	182454	0	nan	40	0	182454	0	0	0	nan	0	0	0	0	0	0	nan	0	0	0	nan	nan	nan	nan	nan	nan
15	u	0	182457	0	nan	40	0	182457	0	0	0	nan	0	0	0	0	0	0	nan	0	0	0	nan	nan	nan	nan	nan	nan
16	a	0	182462	0	nan	40	0	182462	0	0	0	nan	0	0	0	0	0	0	nan	0	0	0	nan	nan	nan	nan	nan	nan
17	a	0	182464	0	nan	40	0	182464	0	0	0	nan	0	0	0	0	0	0	nan	0	0	0	nan	nan	nan	nan	nan	nan
18	c	0	182474	0	nan	40	0	182474	0	0	0	nan	0	0	0	0	0	0	nan	0	0	0	nan	nan	nan	nan	nan	nan
19	U	0	182480	6	0.000000	40	0	182480	0	0	0	nan	0	0	0	0	0	0	nan	0	0	0	0.000000	0.000000	nan	nan	nan	nan
20	A	0	182503	24	0.000000	40	0	182503	0	0	0	nan	0	0	0	0	0	0	nan	0	0	0	0.000000	0.000000	nan	nan	nan	nan
21	A	0	182517	25	0.000000	40	0	182517	0	0	0	nan	0	0	0	0	0	0	nan	0	0	0	0.000000	0.000000	nan	nan	nan	nan
22	G	0	182529	179048	0.000000	40	0	182529	0	0	0	nan	0	0	0	0	0	0	nan	0	0	0	0.000000	0.000000	0.000000	0.000000	0.000000	0.000000
23	G	899	182536	174928	0.005139	40	0	182536	0	0	0	nan	0	0	0	0	0	0	nan	0	0	0	0.005139	0.000171	0.005139	0.000171	1.699686	0.056557
24	C	5373	182580	177820	0.030216	40	0	182580	0	0	0	nan	0	0	0	0	0	0	nan	0	0	0	0.030216	0.000412	0.030216	0.000412	1.000000	0.013635
25	A	2918	182645	179460	0.016260	40	0	182645	0	0	0	nan	0	0	0	0	0	0	nan	0	0	0	0.016260	0.000301	0.016260	0.000301	0.971849	0.017991
26	G	524	182657	178970	0.002928	40	0	182657	0	0	0	nan	0	0	0	0	0	0	nan	0	0	0	0.002928	0.000128	0.002928	0.000128	0.968414	0.042335
27	A	3266	182670	180006	0.018144	40	0	182669	0	0	0	nan	0	0	0	0	0	0	nan	0	0	0	0.018144	0.000317	0.018144	0.000317	1.084454	0.018947
28	U	1226	182683	179349	0.006836	40	0	182677	0	0	0	nan	0	0	0	0	0	0	nan	0	0	0	0.006836	0.000195	0.006836	0.000195	1.209376	0.034498
29	C	4968	182687	179759	0.027637	40	0	182679	0	0	0	nan	0	0	0	0	0	0	nan	0	0	0	0.027637	0.000392	0.027637	0.000392	0.914648	0.012973
30	U	844	182694	179822	0.004694	40	0	182687	0	0	0	nan	0	0	0	0	0	0	nan	0	0	0	0.004694	0.000162	0.004694	0.000162	0.830429	0.028660
31	G	454	182703	179320	0.002532	40	0	182689	0	0	0	nan	0	0	0	0	0	0	nan	0	0	0	0.002532	0.000119	0.002532	0.000119	0.837440	0.039358
32	A	2308	182704	180053	0.012818	40	0	182690	0	0	0	nan	0	0	0	0	0	0	nan	0	0	0	0.012818	0.000267	0.012818	0.000267	0.766123	0.015958
33	G	353	182708	177034	0.001994	40	0	182681	0	0	0	nan	0	0	0	0	0	0	nan	0	0	0	0.001994	0.000106	0.001994	0.000106	0.659501	0.035059
34	C	3188	182711	176521	0.018060	30	0	182664	0	0	0	nan	0	0	0	0	0	0	nan	0	0	0	0.018060	0.000320	0.018060	0.000320	0.597697	0.010590
35	U	988	182724	176289	0.005604	30	0	182657	0	0	0	nan	0	0	0	0	0	0	nan	0	0	0	0.005604	0.000178	0.005604	0.000178	0.991420	0.031490
36	U	1004	182730	176113	0.005701	30	0	182649	0	0	0	nan	0	0	0	0	0	0	nan	0	0	0	0.005701	0.000180	0.005701	0.000180	1.008580	0.031844
37	C	4428	182753	176826	0.025042	30	0	182541	0	0	0	nan	0	0	0	0	0	0	nan	0	0	0	0.025042	0.000376	0.025042	0.000376	0.828766	0.012444
38	G	306	182789	176611	0.001733	30	0	182579	0	0	0	nan	0	0	0	0	0	0	nan	0	0	0	0.001733	0.000099	0.001733	0.000099	0.573177	0.032744
39	G	474	183077	177663	0.002668	30	0	182983	0	0	0	nan	0	0	0	0	0	0	nan	0	0	0	0.002668	0.000123	0.002668	0.000123	0.882421	0.040681
40	C	2181	183264	181059	0.012046	23	0	183246	0	0	0	nan	0	0	0	0	0	0	nan	0	0	0	0.012046	0.000258	0.012046	0.000258	0.398663	0.008539
41	U	681	183278	181157	0.003759	23	0	183272	0	0	0	nan	0	0	0	0	0	0	nan	0	0	0	0.003759	0.000144	0.003759	0.000144	0.665015	0.025475
42	C	2699	183279	181426	0.014877	19	0	183274	0	0	0	nan	0	0	0	0	0	0	nan	0	0	0	0.014877	0.000286	0.014877	0.000286	0.492355	0.009465
43	U	879	183282	181511	0.004843	19	0	183278	0	0	0	nan	0	0	0	0	0	0	nan	0	0	0	0.004843	0.000163	0.004843	0.000163	0.856789	0.028837
44	C	3676	183284	181449	0.020259	19	0	183279	0	0	0	nan	0	0	0	0	0	0	nan	0	0	0	0.020259	0.000334	0.020259	0.000334	0.670473	0.011054
45	U	776	183288	181344	0.004279	19	0	183278	0	0	0	nan	0	0	0	0	0	0	nan	0	0	0	0.004279	0.000154	0.004279	0.000154	0.757010	0.027245
46	G	558	183286	178884	0.003119	19	0	183272	0	0	0	nan	0	0	0	0	0	0	nan	0	0	0	0.003119	0.000132	0.003119	0.000132	1.031586	0.043658
47	C	5641	183286	180521	0.031248	18	0	183274	0	0	0	nan	0	0	0	0	0	0	nan	0	0	0	0.031248	0.000416	0.031248	0.000416	1.034154	0.013768
48	C	5850	183286	180935	0.032332	18	0	183280	0	0	0	nan	0	0	0	0	0	0	nan	0	0	0	0.032332	0.000423	0.032332	0.000423	1.070029	0.013999
49	A	2156	183287	181659	0.011868	18	0	183286	0	0	0	nan	0	0	0	0	0	0	nan	0	0	0	0.011868	0.000256	0.011868	0.000256	0.709342	0.015301
50	A	0	183288	182151	0.000000	18	0	183288	0	0	0	nan	0	0	0	0	0	0	nan	0	0	0	0.000000	0.000000	0.000000	0.000000	0.000000	0.000000
51	U	0	183286	124	0.000000	14	0	183286	0	0	0	nan	0	0	0	0	0	0	nan	0	0	0	0.000000	0.000000	nan	nan	nan	nan
52	C	0	183284	109	0.000000	11	0	183284	0	0	0	nan	0	0	0	0	0	0	nan	0	0	0	0.000000	0.000000	nan	nan	nan	nan
53	C	0	183282	111	0.000000	11	0	183282	0	0	0	nan	0	0	0	0	0	0	nan	0	0	0	0.000000	0.000000	nan	nan	nan	nan
54	a	0	183141	0	nan	11	0	183141	0	0	0	nan	0	0	0	0	0	0	nan	0	0	0	nan	nan	nan	nan	nan	nan
55	c	0	183137	0	nan	11	0	183137	0	0	0	nan	0	0	0	0	0	0	nan	0	0	0	nan	nan	nan	nan	nan	nan
56	u	0	183133	0	nan	11	0	183133	0	0	0	nan	0	0	0	0	0	0	nan	0	0	0	nan	nan	nan	nan	nan	nan
57	a	0	183131	0	nan	11	0	183131	0	0	0	nan	0	0	0	0	0	0	nan	0	0	0	nan	nan	nan	nan	nan	nan
58	a	0	183131	0	nan	11	0	183131	0	0	0	nan	0	0	0	0	0	0	nan	0	0	0	nan	nan	nan	nan	nan	nan
59	c	0	183131	0	nan	7	0	183131	0	0	0	nan	0	0	0	0	0	0	nan	0	0	0	nan	nan	nan	nan	nan	nan
60	c	0	183130	0	nan	7	0	183130	0	0	0	nan	0	0	0	0	0	0	nan	0	0	0	nan	nan	nan	nan	nan	nan
61	u	0	183130	0	nan	0	0	183130	0	0	0	nan	0	0	0	0	0	0	nan	0	0	0	nan	nan	nan	nan	nan	nan
62	c	0	183130	0	nan	0	0	183130	0	0	0	nan	0	0	0	0	0	0	nan	0	0	0	nan	nan	nan	nan	nan	nan
63	a	0	183130	0	nan	0	0	183130	0	0	0	nan	0	0	0	0	0	0	nan	0	0	0	nan	nan	nan	nan	nan	nan
64	c	0	183130	0	nan	0	0	183130	0	0	0	nan	0	0	0	0	0	0	nan	0	0	0	nan	nan	nan	nan	nan	nan
65	u	0	183129	0	nan	0	0	183129	0	0	0	nan	0	0	0	0	0	0	nan	0	0	0	nan	nan	nan	nan	nan	nan
66	c	0	183128	0	nan	0	0	183128	0	0	0	nan	0	0	0	0	0	0	nan	0	0	0	nan	nan	nan	nan	nan	nan
67	a	0	183128	0	nan	0	0	183128	0	0	0	nan	0	0	0	0	0	0	nan	0	0	0	nan	nan	nan	nan	nan	nan
68	c	0	183122	0	nan	0	0	183122	0	0	0	nan	0	0	0	0	0	0	nan	0	0	0	nan	nan	nan	nan	nan	nan
69	a	0	183109	0	nan	0	0	183109	0	0	0	nan	0	0	0	0	0	0	nan	0	0	0	nan	nan	nan	nan	nan	nan
70	a	0	183073	0	nan	0	0	183073	0	0	0	nan	0	0	0	0	0	0	nan	0	0	0	nan	nan	nan	nan	nan	nan
71	u	0	182984	0	nan	0	0	182984	0	0	0	nan	0	0	0	0	0	0	nan	0	0	0	nan	nan	nan	nan	nan	nan
72	c	0	182752	0	nan	0	0	182752	0	0	0	nan	0	0	0	0	0	0	nan	0	0	0	nan	nan	nan	nan	nan	nan