Nucleotide	Sequence	Modified_mutations	Modified_read_depth	Modified_effective_depth	Modified_rate	Modified_off_target_mapped_depth	Modified_low_mapq_mapped_depth	Modified_primer_pair_1_mapped_depth	Untreated_mutations	Untreated_read_depth	Untreated_effective_depth	Untreated_rate	Untreated_off_target_mapped_depth	Untreated_low_mapq_mapped_depth	Untreated_primer_pair_1_mapped_depth	Denatured_mutations	Denatured_read_depth	Denatured_effective_depth	Denatured_rate	Denatured_off_target_mapped_depth	Denatured_low_mapq_mapped_depth	Denatured_primer_pair_1_mapped_depth	Reactivity_profile	Std_err	HQ_profile	HQ_stderr	Norm_profile	Norm_stderr
1	g	0	167604	0	nan	15	0	167604	0	0	0	nan	0	0	0	0	0	0	nan	0	0	0	nan	nan	nan	nan	nan	nan
2	g	0	180153	0	nan	39	0	180153	0	0	0	nan	0	0	0	0	0	0	nan	0	0	0	nan	nan	nan	nan	nan	nan
3	c	0	180530	0	nan	39	0	180530	0	0	0	nan	0	0	0	0	0	0	nan	0	0	0	nan	nan	nan	nan	nan	nan
4	a	0	180611	0	nan	39	0	180611	0	0	0	nan	0	0	0	0	0	0	nan	0	0	0	nan	nan	nan	nan	nan	nan
5	c	0	180626	0	nan	39	0	180626	0	0	0	nan	0	0	0	0	0	0	nan	0	0	0	nan	nan	nan	nan	nan	nan
6	c	0	180631	0	nan	39	0	180631	0	0	0	nan	0	0	0	0	0	0	nan	0	0	0	nan	nan	nan	nan	nan	nan
7	u	0	180634	0	nan	39	0	180634	0	0	0	nan	0	0	0	0	0	0	nan	0	0	0	nan	nan	nan	nan	nan	nan
8	c	0	180659	0	nan	39	0	180659	0	0	0	nan	0	0	0	0	0	0	nan	0	0	0	nan	nan	nan	nan	nan	nan
9	a	0	180691	0	nan	39	0	180691	0	0	0	nan	0	0	0	0	0	0	nan	0	0	0	nan	nan	nan	nan	nan	nan
10	u	0	180745	0	nan	39	0	180745	0	0	0	nan	0	0	0	0	0	0	nan	0	0	0	nan	nan	nan	nan	nan	nan
11	a	0	180887	0	nan	39	0	180887	0	0	0	nan	0	0	0	0	0	0	nan	0	0	0	nan	nan	nan	nan	nan	nan
12	a	0	180909	0	nan	39	0	180909	0	0	0	nan	0	0	0	0	0	0	nan	0	0	0	nan	nan	nan	nan	nan	nan
13	c	0	180915	0	nan	39	0	180915	0	0	0	nan	0	0	0	0	0	0	nan	0	0	0	nan	nan	nan	nan	nan	nan
14	a	0	180921	0	nan	40	0	180921	0	0	0	nan	0	0	0	0	0	0	nan	0	0	0	nan	nan	nan	nan	nan	nan
15	u	0	180934	0	nan	40	0	180934	0	0	0	nan	0	0	0	0	0	0	nan	0	0	0	nan	nan	nan	nan	nan	nan
16	a	0	180938	0	nan	40	0	180938	0	0	0	nan	0	0	0	0	0	0	nan	0	0	0	nan	nan	nan	nan	nan	nan
17	a	0	180943	0	nan	40	0	180943	0	0	0	nan	0	0	0	0	0	0	nan	0	0	0	nan	nan	nan	nan	nan	nan
18	c	0	180948	0	nan	40	0	180948	0	0	0	nan	0	0	0	0	0	0	nan	0	0	0	nan	nan	nan	nan	nan	nan
19	U	0	180949	0	nan	40	0	180949	0	0	0	nan	0	0	0	0	0	0	nan	0	0	0	nan	nan	nan	nan	nan	nan
20	A	0	180983	28	0.000000	40	0	180983	0	0	0	nan	0	0	0	0	0	0	nan	0	0	0	0.000000	0.000000	nan	nan	nan	nan
21	A	0	180994	33	0.000000	40	0	180994	0	0	0	nan	0	0	0	0	0	0	nan	0	0	0	0.000000	0.000000	nan	nan	nan	nan
22	G	0	181010	177251	0.000000	40	0	181010	0	0	0	nan	0	0	0	0	0	0	nan	0	0	0	0.000000	0.000000	0.000000	0.000000	nan	nan
23	G	278	181018	173951	0.001598	40	0	181018	0	0	0	nan	0	0	0	0	0	0	nan	0	0	0	0.001598	0.000096	0.001598	0.000096	nan	nan
24	C	4154	181079	176668	0.023513	40	0	181079	0	0	0	nan	0	0	0	0	0	0	nan	0	0	0	0.023513	0.000365	0.023513	0.000365	0.944183	0.014657
25	A	2198	181161	178582	0.012308	40	0	181161	0	0	0	nan	0	0	0	0	0	0	nan	0	0	0	0.012308	0.000263	0.012308	0.000263	0.902578	0.019286
26	G	201	181180	178295	0.001127	40	0	181177	0	0	0	nan	0	0	0	0	0	0	nan	0	0	0	0.001127	0.000080	0.001127	0.000080	nan	nan
27	A	2313	181190	179088	0.012915	40	0	181184	0	0	0	nan	0	0	0	0	0	0	nan	0	0	0	0.012915	0.000269	0.012915	0.000269	0.947091	0.019726
28	U	1161	181206	178369	0.006509	40	0	181199	0	0	0	nan	0	0	0	0	0	0	nan	0	0	0	0.006509	0.000191	0.006509	0.000191	1.101447	0.032321
29	C	3882	181208	178516	0.021746	40	0	181201	0	0	0	nan	0	0	0	0	0	0	nan	0	0	0	0.021746	0.000349	0.021746	0.000349	0.873228	0.014014
30	U	825	181211	178514	0.004621	40	0	181202	0	0	0	nan	0	0	0	0	0	0	nan	0	0	0	0.004621	0.000161	0.004621	0.000161	0.781961	0.027244
31	G	195	181225	177866	0.001096	40	0	181212	0	0	0	nan	0	0	0	0	0	0	nan	0	0	0	0.001096	0.000079	0.001096	0.000079	nan	nan
32	A	2822	181228	178599	0.015801	40	0	181212	0	0	0	nan	0	0	0	0	0	0	nan	0	0	0	0.015801	0.000297	0.015801	0.000297	1.158728	0.021780
33	G	231	181232	175524	0.001316	40	0	181203	0	0	0	nan	0	0	0	0	0	0	nan	0	0	0	0.001316	0.000087	0.001316	0.000087	nan	nan
34	C	3739	181233	174776	0.021393	31	0	181191	0	0	0	nan	0	0	0	0	0	0	nan	0	0	0	0.021393	0.000350	0.021393	0.000350	0.859053	0.014055
35	U	1121	181244	174450	0.006426	31	0	181176	0	0	0	nan	0	0	0	0	0	0	nan	0	0	0	0.006426	0.000192	0.006426	0.000192	1.087402	0.032490
36	U	940	181247	174295	0.005393	31	0	181163	0	0	0	nan	0	0	0	0	0	0	nan	0	0	0	0.005393	0.000176	0.005393	0.000176	0.912598	0.029783
37	C	4360	181272	175079	0.024903	31	0	181049	0	0	0	nan	0	0	0	0	0	0	nan	0	0	0	0.024903	0.000377	0.024903	0.000377	1.000000	0.015139
38	G	225	181334	174714	0.001288	31	0	181120	0	0	0	nan	0	0	0	0	0	0	nan	0	0	0	0.001288	0.000086	0.001288	0.000086	nan	nan
39	G	272	181631	175973	0.001546	30	0	181524	0	0	0	nan	0	0	0	0	0	0	nan	0	0	0	0.001546	0.000094	0.001546	0.000094	nan	nan
40	C	2852	181792	179442	0.015894	23	0	181767	0	0	0	nan	0	0	0	0	0	0	nan	0	0	0	0.015894	0.000298	0.015894	0.000298	0.638236	0.011966
41	U	687	181814	179593	0.003825	22	0	181811	0	0	0	nan	0	0	0	0	0	0	nan	0	0	0	0.003825	0.000146	0.003825	0.000146	0.647263	0.024706
42	C	3393	181817	179916	0.018859	18	0	181814	0	0	0	nan	0	0	0	0	0	0	nan	0	0	0	0.018859	0.000324	0.018859	0.000324	0.757298	0.013010
43	U	925	181820	179990	0.005139	18	0	181815	0	0	0	nan	0	0	0	0	0	0	nan	0	0	0	0.005139	0.000169	0.005139	0.000169	0.869617	0.028598
44	C	3839	181820	180130	0.021312	16	0	181816	0	0	0	nan	0	0	0	0	0	0	nan	0	0	0	0.021312	0.000344	0.021312	0.000344	0.855801	0.013814
45	U	744	181825	179975	0.004134	16	0	181816	0	0	0	nan	0	0	0	0	0	0	nan	0	0	0	0.004134	0.000152	0.004134	0.000152	0.699552	0.025721
46	G	254	181826	177559	0.001431	16	0	181820	0	0	0	nan	0	0	0	0	0	0	nan	0	0	0	0.001431	0.000090	0.001431	0.000090	nan	nan
47	C	5396	181833	179186	0.030114	16	0	181827	0	0	0	nan	0	0	0	0	0	0	nan	0	0	0	0.030114	0.000410	0.030114	0.000410	1.209252	0.016464
48	C	5748	181838	179615	0.032002	16	0	181833	0	0	0	nan	0	0	0	0	0	0	nan	0	0	0	0.032002	0.000422	0.032002	0.000422	1.285066	0.016946
49	A	2087	181850	180385	0.011570	16	0	181850	0	0	0	nan	0	0	0	0	0	0	nan	0	0	0	0.011570	0.000253	0.011570	0.000253	0.848458	0.018553
50	A	0	181852	180916	0.000000	16	0	181852	0	0	0	nan	0	0	0	0	0	0	nan	0	0	0	0.000000	0.000000	0.000000	0.000000	0.000000	0.000000
51	U	0	181851	98	0.000000	14	0	181851	0	0	0	nan	0	0	0	0	0	0	nan	0	0	0	0.000000	0.000000	nan	nan	nan	nan
52	C	0	181849	92	0.000000	14	0	181849	0	0	0	nan	0	0	0	0	0	0	nan	0	0	0	0.000000	0.000000	nan	nan	nan	nan
53	C	0	181846	94	0.000000	14	0	181846	0	0	0	nan	0	0	0	0	0	0	nan	0	0	0	0.000000	0.000000	nan	nan	nan	nan
54	a	0	181726	0	nan	13	0	181726	0	0	0	nan	0	0	0	0	0	0	nan	0	0	0	nan	nan	nan	nan	nan	nan
55	c	0	181722	0	nan	13	0	181722	0	0	0	nan	0	0	0	0	0	0	nan	0	0	0	nan	nan	nan	nan	nan	nan
56	u	0	181717	0	nan	13	0	181717	0	0	0	nan	0	0	0	0	0	0	nan	0	0	0	nan	nan	nan	nan	nan	nan
57	a	0	181712	0	nan	13	0	181712	0	0	0	nan	0	0	0	0	0	0	nan	0	0	0	nan	nan	nan	nan	nan	nan
58	a	0	181712	0	nan	13	0	181712	0	0	0	nan	0	0	0	0	0	0	nan	0	0	0	nan	nan	nan	nan	nan	nan
59	c	0	181712	0	nan	5	0	181712	0	0	0	nan	0	0	0	0	0	0	nan	0	0	0	nan	nan	nan	nan	nan	nan
60	c	0	181712	0	nan	5	0	181712	0	0	0	nan	0	0	0	0	0	0	nan	0	0	0	nan	nan	nan	nan	nan	nan
61	u	0	181712	0	nan	1	0	181712	0	0	0	nan	0	0	0	0	0	0	nan	0	0	0	nan	nan	nan	nan	nan	nan
62	c	0	181712	0	nan	1	0	181712	0	0	0	nan	0	0	0	0	0	0	nan	0	0	0	nan	nan	nan	nan	nan	nan
63	a	0	181712	0	nan	1	0	181712	0	0	0	nan	0	0	0	0	0	0	nan	0	0	0	nan	nan	nan	nan	nan	nan
64	c	0	181712	0	nan	1	0	181712	0	0	0	nan	0	0	0	0	0	0	nan	0	0	0	nan	nan	nan	nan	nan	nan
65	u	0	181712	0	nan	1	0	181712	0	0	0	nan	0	0	0	0	0	0	nan	0	0	0	nan	nan	nan	nan	nan	nan
66	c	0	181712	0	nan	1	0	181712	0	0	0	nan	0	0	0	0	0	0	nan	0	0	0	nan	nan	nan	nan	nan	nan
67	a	0	181710	0	nan	1	0	181710	0	0	0	nan	0	0	0	0	0	0	nan	0	0	0	nan	nan	nan	nan	nan	nan
68	c	0	181695	0	nan	1	0	181695	0	0	0	nan	0	0	0	0	0	0	nan	0	0	0	nan	nan	nan	nan	nan	nan
69	a	0	181686	0	nan	1	0	181686	0	0	0	nan	0	0	0	0	0	0	nan	0	0	0	nan	nan	nan	nan	nan	nan
70	a	0	181630	0	nan	1	0	181630	0	0	0	nan	0	0	0	0	0	0	nan	0	0	0	nan	nan	nan	nan	nan	nan
71	u	0	181549	0	nan	1	0	181549	0	0	0	nan	0	0	0	0	0	0	nan	0	0	0	nan	nan	nan	nan	nan	nan
72	c	0	181343	0	nan	1	0	181343	0	0	0	nan	0	0	0	0	0	0	nan	0	0	0	nan	nan	nan	nan	nan	nan