Nucleotide	Sequence	Modified_mutations	Modified_read_depth	Modified_effective_depth	Modified_rate	Modified_off_target_mapped_depth	Modified_low_mapq_mapped_depth	Modified_primer_pair_1_mapped_depth	Untreated_mutations	Untreated_read_depth	Untreated_effective_depth	Untreated_rate	Untreated_off_target_mapped_depth	Untreated_low_mapq_mapped_depth	Untreated_primer_pair_1_mapped_depth	Denatured_mutations	Denatured_read_depth	Denatured_effective_depth	Denatured_rate	Denatured_off_target_mapped_depth	Denatured_low_mapq_mapped_depth	Denatured_primer_pair_1_mapped_depth	Reactivity_profile	Std_err	HQ_profile	HQ_stderr	Norm_profile	Norm_stderr
1	g	0	262099	0	nan	20	0	262099	0	0	0	nan	0	0	0	0	0	0	nan	0	0	0	nan	nan	nan	nan	nan	nan
2	g	0	262695	0	nan	20	0	262695	0	0	0	nan	0	0	0	0	0	0	nan	0	0	0	nan	nan	nan	nan	nan	nan
3	c	0	262851	0	nan	20	0	262851	0	0	0	nan	0	0	0	0	0	0	nan	0	0	0	nan	nan	nan	nan	nan	nan
4	a	0	269136	0	nan	54	0	269136	0	0	0	nan	0	0	0	0	0	0	nan	0	0	0	nan	nan	nan	nan	nan	nan
5	c	0	269275	0	nan	54	0	269275	0	0	0	nan	0	0	0	0	0	0	nan	0	0	0	nan	nan	nan	nan	nan	nan
6	c	0	269314	0	nan	54	0	269314	0	0	0	nan	0	0	0	0	0	0	nan	0	0	0	nan	nan	nan	nan	nan	nan
7	u	0	269319	0	nan	54	0	269319	0	0	0	nan	0	0	0	0	0	0	nan	0	0	0	nan	nan	nan	nan	nan	nan
8	c	0	269322	0	nan	54	0	269322	0	0	0	nan	0	0	0	0	0	0	nan	0	0	0	nan	nan	nan	nan	nan	nan
9	a	0	269322	0	nan	54	0	269322	0	0	0	nan	0	0	0	0	0	0	nan	0	0	0	nan	nan	nan	nan	nan	nan
10	u	0	269359	0	nan	54	0	269359	0	0	0	nan	0	0	0	0	0	0	nan	0	0	0	nan	nan	nan	nan	nan	nan
11	a	0	269404	0	nan	54	0	269404	0	0	0	nan	0	0	0	0	0	0	nan	0	0	0	nan	nan	nan	nan	nan	nan
12	a	0	269420	0	nan	54	0	269420	0	0	0	nan	0	0	0	0	0	0	nan	0	0	0	nan	nan	nan	nan	nan	nan
13	c	0	269432	0	nan	54	0	269432	0	0	0	nan	0	0	0	0	0	0	nan	0	0	0	nan	nan	nan	nan	nan	nan
14	a	0	269434	0	nan	54	0	269434	0	0	0	nan	0	0	0	0	0	0	nan	0	0	0	nan	nan	nan	nan	nan	nan
15	u	0	269438	0	nan	54	0	269438	0	0	0	nan	0	0	0	0	0	0	nan	0	0	0	nan	nan	nan	nan	nan	nan
16	a	0	269442	0	nan	54	0	269442	0	0	0	nan	0	0	0	0	0	0	nan	0	0	0	nan	nan	nan	nan	nan	nan
17	a	0	269444	0	nan	54	0	269444	0	0	0	nan	0	0	0	0	0	0	nan	0	0	0	nan	nan	nan	nan	nan	nan
18	c	0	269451	0	nan	54	0	269451	0	0	0	nan	0	0	0	0	0	0	nan	0	0	0	nan	nan	nan	nan	nan	nan
19	U	0	269454	1	0.000000	54	0	269454	0	0	0	nan	0	0	0	0	0	0	nan	0	0	0	0.000000	0.000000	nan	nan	nan	nan
20	A	0	269467	6	0.000000	54	0	269467	0	0	0	nan	0	0	0	0	0	0	nan	0	0	0	0.000000	0.000000	nan	nan	nan	nan
21	A	0	269473	8	0.000000	54	0	269473	0	0	0	nan	0	0	0	0	0	0	nan	0	0	0	0.000000	0.000000	nan	nan	nan	nan
22	G	0	269482	266527	0.000000	54	0	269482	0	0	0	nan	0	0	0	0	0	0	nan	0	0	0	0.000000	0.000000	0.000000	0.000000	0.000000	0.000000
23	G	3966	269485	264404	0.015000	54	0	269485	0	0	0	nan	0	0	0	0	0	0	nan	0	0	0	0.015000	0.000238	0.015000	0.000238	1.621622	0.025730
24	C	7668	269497	265564	0.028874	54	0	269497	0	0	0	nan	0	0	0	0	0	0	nan	0	0	0	0.028874	0.000330	0.028874	0.000330	1.040992	0.011897
25	A	2648	269513	266398	0.009940	54	0	269513	0	0	0	nan	0	0	0	0	0	0	nan	0	0	0	0.009940	0.000193	0.009940	0.000193	1.037253	0.020140
26	G	2468	269527	266813	0.009250	54	0	269525	0	0	0	nan	0	0	0	0	0	0	nan	0	0	0	0.009250	0.000186	0.009250	0.000186	1.000000	0.020108
27	A	2226	269541	267495	0.008322	54	0	269538	0	0	0	nan	0	0	0	0	0	0	nan	0	0	0	0.008322	0.000176	0.008322	0.000176	0.868413	0.018366
28	U	944	269554	267198	0.003533	54	0	269551	0	0	0	nan	0	0	0	0	0	0	nan	0	0	0	0.003533	0.000115	0.003533	0.000115	0.963064	0.031348
29	C	3193	269558	267522	0.011935	54	0	269553	0	0	0	nan	0	0	0	0	0	0	nan	0	0	0	0.011935	0.000211	0.011935	0.000211	0.430292	0.007607
30	U	717	269566	267539	0.002680	54	0	269560	0	0	0	nan	0	0	0	0	0	0	nan	0	0	0	0.002680	0.000100	0.002680	0.000100	0.730544	0.027259
31	G	1485	269575	267202	0.005558	54	0	269566	0	0	0	nan	0	0	0	0	0	0	nan	0	0	0	0.005558	0.000144	0.005558	0.000144	0.600865	0.015568
32	A	1760	269577	267498	0.006579	54	0	269570	0	0	0	nan	0	0	0	0	0	0	nan	0	0	0	0.006579	0.000157	0.006579	0.000157	0.686528	0.016383
33	G	1121	269584	266722	0.004203	54	0	269576	0	0	0	nan	0	0	0	0	0	0	nan	0	0	0	0.004203	0.000126	0.004203	0.000126	0.454378	0.013622
34	C	3153	269587	266570	0.011828	54	0	269578	0	0	0	nan	0	0	0	0	0	0	nan	0	0	0	0.011828	0.000211	0.011828	0.000211	0.426434	0.007607
35	U	794	269597	266120	0.002984	54	0	269580	0	0	0	nan	0	0	0	0	0	0	nan	0	0	0	0.002984	0.000106	0.002984	0.000106	0.813411	0.028895
36	U	551	269601	265708	0.002074	54	0	269570	0	0	0	nan	0	0	0	0	0	0	nan	0	0	0	0.002074	0.000088	0.002074	0.000088	0.565354	0.023988
37	G	1030	269603	265547	0.003879	54	0	269546	0	0	0	nan	0	0	0	0	0	0	nan	0	0	0	0.003879	0.000121	0.003879	0.000121	0.419351	0.013081
38	G	1162	269606	259144	0.004484	54	0	269550	0	0	0	nan	0	0	0	0	0	0	nan	0	0	0	0.004484	0.000132	0.004484	0.000132	0.484757	0.014270
39	G	1364	269606	258275	0.005281	54	0	269562	0	0	0	nan	0	0	0	0	0	0	nan	0	0	0	0.005281	0.000143	0.005281	0.000143	0.570919	0.015459
40	A	2491	269612	259938	0.009583	54	0	269584	0	0	0	nan	0	0	0	0	0	0	nan	0	0	0	0.009583	0.000192	0.009583	0.000192	1.000000	0.020035
41	G	1602	269619	265761	0.006028	54	0	269606	0	0	0	nan	0	0	0	0	0	0	nan	0	0	0	0.006028	0.000151	0.006028	0.000151	0.651676	0.016324
42	C	4281	269622	266822	0.016044	22	0	269615	0	0	0	nan	0	0	0	0	0	0	nan	0	0	0	0.016044	0.000245	0.016044	0.000245	0.578433	0.008833
43	U	922	269622	266841	0.003455	22	0	269615	0	0	0	nan	0	0	0	0	0	0	nan	0	0	0	0.003455	0.000114	0.003455	0.000114	0.941802	0.031075
44	C	3420	269623	266959	0.012811	22	0	269615	0	0	0	nan	0	0	0	0	0	0	nan	0	0	0	0.012811	0.000219	0.012811	0.000219	0.461874	0.007896
45	U	1016	269628	267053	0.003804	22	0	269618	0	0	0	nan	0	0	0	0	0	0	nan	0	0	0	0.003804	0.000119	0.003804	0.000119	1.036936	0.032438
46	C	4144	269631	266969	0.015522	22	0	269621	0	0	0	nan	0	0	0	0	0	0	nan	0	0	0	0.015522	0.000241	0.015522	0.000241	0.559614	0.008689
47	U	1397	269632	266736	0.005237	22	0	269626	0	0	0	nan	0	0	0	0	0	0	nan	0	0	0	0.005237	0.000140	0.005237	0.000140	1.427559	0.038163
48	G	2838	269636	265564	0.010687	22	0	269630	0	0	0	nan	0	0	0	0	0	0	nan	0	0	0	0.010687	0.000201	0.010687	0.000201	1.155351	0.021730
49	C	8018	269638	266489	0.030088	22	0	269633	0	0	0	nan	0	0	0	0	0	0	nan	0	0	0	0.030088	0.000336	0.030088	0.000336	1.084760	0.012114
50	C	7315	269641	267385	0.027358	22	0	269637	0	0	0	nan	0	0	0	0	0	0	nan	0	0	0	0.027358	0.000320	0.027358	0.000320	0.986336	0.011537
51	A	1585	269644	267947	0.005915	22	0	269644	0	0	0	nan	0	0	0	0	0	0	nan	0	0	0	0.005915	0.000149	0.005915	0.000149	0.617239	0.015548
52	A	0	269648	266872	0.000000	22	0	269648	0	0	0	nan	0	0	0	0	0	0	nan	0	0	0	0.000000	0.000000	0.000000	0.000000	0.000000	0.000000
53	U	0	269637	219	0.000000	19	0	269637	0	0	0	nan	0	0	0	0	0	0	nan	0	0	0	0.000000	0.000000	nan	nan	nan	nan
54	C	0	269383	2	0.000000	19	0	269383	0	0	0	nan	0	0	0	0	0	0	nan	0	0	0	0.000000	0.000000	nan	nan	nan	nan
55	C	0	269381	0	nan	19	0	269381	0	0	0	nan	0	0	0	0	0	0	nan	0	0	0	nan	nan	nan	nan	nan	nan
56	a	0	269381	0	nan	19	0	269381	0	0	0	nan	0	0	0	0	0	0	nan	0	0	0	nan	nan	nan	nan	nan	nan
57	c	0	269381	0	nan	19	0	269381	0	0	0	nan	0	0	0	0	0	0	nan	0	0	0	nan	nan	nan	nan	nan	nan
58	u	0	269381	0	nan	19	0	269381	0	0	0	nan	0	0	0	0	0	0	nan	0	0	0	nan	nan	nan	nan	nan	nan
59	a	0	269381	0	nan	19	0	269381	0	0	0	nan	0	0	0	0	0	0	nan	0	0	0	nan	nan	nan	nan	nan	nan
60	a	0	269381	0	nan	19	0	269381	0	0	0	nan	0	0	0	0	0	0	nan	0	0	0	nan	nan	nan	nan	nan	nan
61	c	0	269381	0	nan	14	0	269381	0	0	0	nan	0	0	0	0	0	0	nan	0	0	0	nan	nan	nan	nan	nan	nan
62	c	0	269381	0	nan	13	0	269381	0	0	0	nan	0	0	0	0	0	0	nan	0	0	0	nan	nan	nan	nan	nan	nan
63	u	0	269381	0	nan	0	0	269381	0	0	0	nan	0	0	0	0	0	0	nan	0	0	0	nan	nan	nan	nan	nan	nan
64	c	0	269381	0	nan	0	0	269381	0	0	0	nan	0	0	0	0	0	0	nan	0	0	0	nan	nan	nan	nan	nan	nan
65	a	0	269381	0	nan	0	0	269381	0	0	0	nan	0	0	0	0	0	0	nan	0	0	0	nan	nan	nan	nan	nan	nan
66	c	0	269375	0	nan	0	0	269375	0	0	0	nan	0	0	0	0	0	0	nan	0	0	0	nan	nan	nan	nan	nan	nan
67	u	0	269375	0	nan	0	0	269375	0	0	0	nan	0	0	0	0	0	0	nan	0	0	0	nan	nan	nan	nan	nan	nan
68	c	0	269374	0	nan	0	0	269374	0	0	0	nan	0	0	0	0	0	0	nan	0	0	0	nan	nan	nan	nan	nan	nan
69	a	0	269373	0	nan	0	0	269373	0	0	0	nan	0	0	0	0	0	0	nan	0	0	0	nan	nan	nan	nan	nan	nan
70	c	0	269366	0	nan	0	0	269366	0	0	0	nan	0	0	0	0	0	0	nan	0	0	0	nan	nan	nan	nan	nan	nan
71	a	0	269359	0	nan	0	0	269359	0	0	0	nan	0	0	0	0	0	0	nan	0	0	0	nan	nan	nan	nan	nan	nan
72	a	0	269256	0	nan	0	0	269256	0	0	0	nan	0	0	0	0	0	0	nan	0	0	0	nan	nan	nan	nan	nan	nan
73	u	0	269135	0	nan	0	0	269135	0	0	0	nan	0	0	0	0	0	0	nan	0	0	0	nan	nan	nan	nan	nan	nan
74	c	0	268737	0	nan	0	0	268737	0	0	0	nan	0	0	0	0	0	0	nan	0	0	0	nan	nan	nan	nan	nan	nan