Nucleotide	Sequence	Modified_mutations	Modified_read_depth	Modified_effective_depth	Modified_rate	Modified_off_target_mapped_depth	Modified_low_mapq_mapped_depth	Modified_primer_pair_1_mapped_depth	Untreated_mutations	Untreated_read_depth	Untreated_effective_depth	Untreated_rate	Untreated_off_target_mapped_depth	Untreated_low_mapq_mapped_depth	Untreated_primer_pair_1_mapped_depth	Denatured_mutations	Denatured_read_depth	Denatured_effective_depth	Denatured_rate	Denatured_off_target_mapped_depth	Denatured_low_mapq_mapped_depth	Denatured_primer_pair_1_mapped_depth	Reactivity_profile	Std_err	HQ_profile	HQ_stderr	Norm_profile	Norm_stderr
1	g	0	1075598	0	nan	9	22	1075598	0	0	0	nan	0	0	0	0	0	0	nan	0	0	0	nan	nan	nan	nan	nan	nan
2	g	0	1076419	0	nan	9	22	1076419	0	0	0	nan	0	0	0	0	0	0	nan	0	0	0	nan	nan	nan	nan	nan	nan
3	u	0	1076754	0	nan	9	22	1076754	0	0	0	nan	0	0	0	0	0	0	nan	0	0	0	nan	nan	nan	nan	nan	nan
4	g	0	1076926	0	nan	9	22	1076926	0	0	0	nan	0	0	0	0	0	0	nan	0	0	0	nan	nan	nan	nan	nan	nan
5	u	0	1077050	0	nan	9	22	1077050	0	0	0	nan	0	0	0	0	0	0	nan	0	0	0	nan	nan	nan	nan	nan	nan
6	a	0	1077059	0	nan	9	22	1077059	0	0	0	nan	0	0	0	0	0	0	nan	0	0	0	nan	nan	nan	nan	nan	nan
7	a	0	1077071	0	nan	9	22	1077071	0	0	0	nan	0	0	0	0	0	0	nan	0	0	0	nan	nan	nan	nan	nan	nan
8	g	0	1077084	0	nan	9	22	1077084	0	0	0	nan	0	0	0	0	0	0	nan	0	0	0	nan	nan	nan	nan	nan	nan
9	g	0	1077221	0	nan	9	22	1077221	0	0	0	nan	0	0	0	0	0	0	nan	0	0	0	nan	nan	nan	nan	nan	nan
10	g	0	1094745	0	nan	9	22	1094745	0	0	0	nan	0	0	0	0	0	0	nan	0	0	0	nan	nan	nan	nan	nan	nan
11	u	0	1094930	0	nan	9	22	1094930	0	0	0	nan	0	0	0	0	0	0	nan	0	0	0	nan	nan	nan	nan	nan	nan
12	g	0	1095059	0	nan	9	22	1095059	0	0	0	nan	0	0	0	0	0	0	nan	0	0	0	nan	nan	nan	nan	nan	nan
13	a	0	1095069	0	nan	14	22	1095069	0	0	0	nan	0	0	0	0	0	0	nan	0	0	0	nan	nan	nan	nan	nan	nan
14	a	0	1095069	0	nan	15	22	1095069	0	0	0	nan	0	0	0	0	0	0	nan	0	0	0	nan	nan	nan	nan	nan	nan
15	g	0	1095074	0	nan	215	22	1095074	0	0	0	nan	0	0	0	0	0	0	nan	0	0	0	nan	nan	nan	nan	nan	nan
16	u	0	1095077	0	nan	231	22	1095077	0	0	0	nan	0	0	0	0	0	0	nan	0	0	0	nan	nan	nan	nan	nan	nan
17	g	0	1095083	0	nan	231	22	1095083	0	0	0	nan	0	0	0	0	0	0	nan	0	0	0	nan	nan	nan	nan	nan	nan
18	u	0	1095085	0	nan	248	22	1095085	0	0	0	nan	0	0	0	0	0	0	nan	0	0	0	nan	nan	nan	nan	nan	nan
19	a	0	1095103	0	nan	248	22	1095103	0	0	0	nan	0	0	0	0	0	0	nan	0	0	0	nan	nan	nan	nan	nan	nan
20	A	0	1095122	11	0.000000	257	22	1095122	0	0	0	nan	0	0	0	0	0	0	nan	0	0	0	0.000000	0.000000	nan	nan	nan	nan
21	G	0	1095147	27	0.000000	294	22	1095147	0	0	0	nan	0	0	0	0	0	0	nan	0	0	0	0.000000	0.000000	nan	nan	nan	nan
22	G	0	1095155	31	0.000000	295	22	1095155	0	0	0	nan	0	0	0	0	0	0	nan	0	0	0	0.000000	0.000000	nan	nan	nan	nan
23	U	0	1095164	1092559	0.000000	325	22	1095164	0	0	0	nan	0	0	0	0	0	0	nan	0	0	0	0.000000	0.000000	0.000000	0.000000	nan	nan
24	U	1039	1095166	1092441	0.000951	325	22	1095166	0	0	0	nan	0	0	0	0	0	0	nan	0	0	0	0.000951	0.000030	0.000951	0.000030	nan	nan
25	G	518	1095170	1091612	0.000475	325	22	1095170	0	0	0	nan	0	0	0	0	0	0	nan	0	0	0	0.000475	0.000021	0.000475	0.000021	nan	nan
26	A	7760	1095169	1092253	0.007105	325	22	1095168	0	0	0	nan	0	0	0	0	0	0	nan	0	0	0	0.007105	0.000081	0.007105	0.000081	0.848054	0.009668
27	A	8691	1095171	1091429	0.007963	325	22	1095168	0	0	0	nan	0	0	0	0	0	0	nan	0	0	0	0.007963	0.000085	0.007963	0.000085	0.950466	0.010146
28	C	10995	1095172	1089597	0.010091	324	22	1095168	0	0	0	nan	0	0	0	0	0	0	nan	0	0	0	0.010091	0.000096	0.010091	0.000096	0.896998	0.008534
29	U	1371	1095175	1089785	0.001258	324	22	1095169	0	0	0	nan	0	0	0	0	0	0	nan	0	0	0	0.001258	0.000034	0.001258	0.000034	nan	nan
30	U	1547	1095184	1090521	0.001419	324	22	1095177	0	0	0	nan	0	0	0	0	0	0	nan	0	0	0	0.001419	0.000036	0.001419	0.000036	nan	nan
31	U	1885	1095202	1091355	0.001727	324	22	1095194	0	0	0	nan	0	0	0	0	0	0	nan	0	0	0	0.001727	0.000040	0.001727	0.000040	nan	nan
32	U	966	1095233	1092397	0.000884	324	22	1095219	0	0	0	nan	0	0	0	0	0	0	nan	0	0	0	0.000884	0.000028	0.000884	0.000028	nan	nan
33	G	427	1095412	1091404	0.000391	324	22	1095388	0	0	0	nan	0	0	0	0	0	0	nan	0	0	0	0.000391	0.000019	0.000391	0.000019	nan	nan
34	A	9208	1095518	1091980	0.008432	324	22	1095488	0	0	0	nan	0	0	0	0	0	0	nan	0	0	0	0.008432	0.000088	0.008432	0.000088	1.006445	0.010504
35	A	8258	1095532	1091138	0.007568	324	22	1095500	0	0	0	nan	0	0	0	0	0	0	nan	0	0	0	0.007568	0.000083	0.007568	0.000083	0.903318	0.009907
36	U	832	1095537	1091429	0.000762	324	22	1095501	0	0	0	nan	0	0	0	0	0	0	nan	0	0	0	0.000762	0.000026	0.000762	0.000026	nan	nan
37	A	8461	1095538	1092060	0.007748	324	22	1095498	0	0	0	nan	0	0	0	0	0	0	nan	0	0	0	0.007748	0.000084	0.007748	0.000084	0.924803	0.010026
38	G	693	1095540	1089772	0.000636	326	22	1095499	0	0	0	nan	0	0	0	0	0	0	nan	0	0	0	0.000636	0.000024	0.000636	0.000024	nan	nan
39	U	1273	1095543	1092622	0.001165	326	22	1095501	0	0	0	nan	0	0	0	0	0	0	nan	0	0	0	0.001165	0.000033	0.001165	0.000033	nan	nan
40	G	931	1095547	1090711	0.000854	326	22	1095500	0	0	0	nan	0	0	0	0	0	0	nan	0	0	0	0.000854	0.000028	0.000854	0.000028	nan	nan
41	A	10862	1095549	1091541	0.009951	326	22	1095497	0	0	0	nan	0	0	0	0	0	0	nan	0	0	0	0.009951	0.000095	0.009951	0.000095	1.187754	0.011339
42	U	2180	1095557	1090794	0.001999	327	22	1095511	0	0	0	nan	0	0	0	0	0	0	nan	0	0	0	0.001999	0.000043	0.001999	0.000043	nan	nan
43	U	1472	1095562	1091031	0.001349	328	22	1095517	0	0	0	nan	0	0	0	0	0	0	nan	0	0	0	0.001349	0.000035	0.001349	0.000035	nan	nan
44	C	12694	1095577	1090925	0.011636	328	22	1095535	0	0	0	nan	0	0	0	0	0	0	nan	0	0	0	0.011636	0.000103	0.011636	0.000103	1.034334	0.009156
45	A	9794	1095586	1091823	0.008970	328	22	1095544	0	0	0	nan	0	0	0	0	0	0	nan	0	0	0	0.008970	0.000091	0.008970	0.000091	1.070661	0.010862
46	G	671	1095606	1090844	0.000615	328	22	1095578	0	0	0	nan	0	0	0	0	0	0	nan	0	0	0	0.000615	0.000024	0.000615	0.000024	nan	nan
47	G	592	1095619	1090893	0.000543	328	22	1095595	0	0	0	nan	0	0	0	0	0	0	nan	0	0	0	0.000543	0.000022	0.000543	0.000022	nan	nan
48	A	8971	1095623	1091946	0.008216	328	22	1095598	0	0	0	nan	0	0	0	0	0	0	nan	0	0	0	0.008216	0.000087	0.008216	0.000087	0.980664	0.010384
49	G	669	1095639	1090923	0.000613	328	22	1095619	0	0	0	nan	0	0	0	0	0	0	nan	0	0	0	0.000613	0.000024	0.000613	0.000024	nan	nan
50	G	869	1095642	1070042	0.000812	328	22	1095623	0	0	0	nan	0	0	0	0	0	0	nan	0	0	0	0.000812	0.000028	0.000812	0.000028	nan	nan
51	U	1345	1095645	1070878	0.001256	328	22	1095626	0	0	0	nan	0	0	0	0	0	0	nan	0	0	0	0.001256	0.000034	0.001256	0.000034	nan	nan
52	U	1175	1095650	1070230	0.001098	328	22	1095632	0	0	0	nan	0	0	0	0	0	0	nan	0	0	0	0.001098	0.000032	0.001098	0.000032	nan	nan
53	A	8389	1095654	1089895	0.007697	328	22	1095614	0	0	0	nan	0	0	0	0	0	0	nan	0	0	0	0.007697	0.000084	0.007697	0.000084	0.918716	0.010026
54	A	7637	1094781	1086567	0.007029	194	22	1093672	0	0	0	nan	0	0	0	0	0	0	nan	0	0	0	0.007029	0.000080	0.007029	0.000080	0.838983	0.009549
55	U	1280	1094782	1085468	0.001179	192	22	1093852	0	0	0	nan	0	0	0	0	0	0	nan	0	0	0	0.001179	0.000033	0.001179	0.000033	nan	nan
56	G	1192	1094795	1085626	0.001098	191	22	1093992	0	0	0	nan	0	0	0	0	0	0	nan	0	0	0	0.001098	0.000032	0.001098	0.000032	nan	nan
57	G	0	1094823	1085523	0.000000	191	22	1094743	0	0	0	nan	0	0	0	0	0	0	nan	0	0	0	0.000000	0.000000	0.000000	0.000000	nan	nan
58	A	0	1094835	0	nan	189	22	1094835	0	0	0	nan	0	0	0	0	0	0	nan	0	0	0	nan	nan	nan	nan	nan	nan
59	A	0	1094835	0	nan	189	22	1094835	0	0	0	nan	0	0	0	0	0	0	nan	0	0	0	nan	nan	nan	nan	nan	nan
60	G	0	1094835	0	nan	188	22	1094835	0	0	0	nan	0	0	0	0	0	0	nan	0	0	0	nan	nan	nan	nan	nan	nan
61	u	0	1094835	0	nan	187	22	1094835	0	0	0	nan	0	0	0	0	0	0	nan	0	0	0	nan	nan	nan	nan	nan	nan
62	a	0	1094835	0	nan	186	22	1094835	0	0	0	nan	0	0	0	0	0	0	nan	0	0	0	nan	nan	nan	nan	nan	nan
63	a	0	1094835	0	nan	186	22	1094835	0	0	0	nan	0	0	0	0	0	0	nan	0	0	0	nan	nan	nan	nan	nan	nan
64	a	0	1094835	0	nan	186	22	1094835	0	0	0	nan	0	0	0	0	0	0	nan	0	0	0	nan	nan	nan	nan	nan	nan
65	g	0	1094835	0	nan	182	22	1094835	0	0	0	nan	0	0	0	0	0	0	nan	0	0	0	nan	nan	nan	nan	nan	nan
66	g	0	1094834	0	nan	182	22	1094834	0	0	0	nan	0	0	0	0	0	0	nan	0	0	0	nan	nan	nan	nan	nan	nan
67	u	0	1094834	0	nan	180	22	1094834	0	0	0	nan	0	0	0	0	0	0	nan	0	0	0	nan	nan	nan	nan	nan	nan
68	a	0	1094834	0	nan	180	22	1094834	0	0	0	nan	0	0	0	0	0	0	nan	0	0	0	nan	nan	nan	nan	nan	nan
69	a	0	1094834	0	nan	180	22	1094834	0	0	0	nan	0	0	0	0	0	0	nan	0	0	0	nan	nan	nan	nan	nan	nan
70	u	0	1094834	0	nan	180	22	1094834	0	0	0	nan	0	0	0	0	0	0	nan	0	0	0	nan	nan	nan	nan	nan	nan
71	g	0	1094833	0	nan	180	22	1094833	0	0	0	nan	0	0	0	0	0	0	nan	0	0	0	nan	nan	nan	nan	nan	nan
72	a	0	1094826	0	nan	180	22	1094826	0	0	0	nan	0	0	0	0	0	0	nan	0	0	0	nan	nan	nan	nan	nan	nan
73	a	0	1094822	0	nan	180	22	1094822	0	0	0	nan	0	0	0	0	0	0	nan	0	0	0	nan	nan	nan	nan	nan	nan
74	g	0	1094820	0	nan	180	22	1094820	0	0	0	nan	0	0	0	0	0	0	nan	0	0	0	nan	nan	nan	nan	nan	nan
75	g	0	1094812	0	nan	180	22	1094812	0	0	0	nan	0	0	0	0	0	0	nan	0	0	0	nan	nan	nan	nan	nan	nan
76	u	0	1094788	0	nan	180	22	1094788	0	0	0	nan	0	0	0	0	0	0	nan	0	0	0	nan	nan	nan	nan	nan	nan
77	g	0	1094743	0	nan	180	22	1094743	0	0	0	nan	0	0	0	0	0	0	nan	0	0	0	nan	nan	nan	nan	nan	nan
78	a	0	1094726	0	nan	180	22	1094726	0	0	0	nan	0	0	0	0	0	0	nan	0	0	0	nan	nan	nan	nan	nan	nan
79	a	0	1094447	0	nan	180	21	1094447	0	0	0	nan	0	0	0	0	0	0	nan	0	0	0	nan	nan	nan	nan	nan	nan
80	g	0	1093993	0	nan	179	21	1093993	0	0	0	nan	0	0	0	0	0	0	nan	0	0	0	nan	nan	nan	nan	nan	nan