Nucleotide	Sequence	Modified_mutations	Modified_read_depth	Modified_effective_depth	Modified_rate	Modified_off_target_mapped_depth	Modified_low_mapq_mapped_depth	Modified_primer_pair_1_mapped_depth	Untreated_mutations	Untreated_read_depth	Untreated_effective_depth	Untreated_rate	Untreated_off_target_mapped_depth	Untreated_low_mapq_mapped_depth	Untreated_primer_pair_1_mapped_depth	Denatured_mutations	Denatured_read_depth	Denatured_effective_depth	Denatured_rate	Denatured_off_target_mapped_depth	Denatured_low_mapq_mapped_depth	Denatured_primer_pair_1_mapped_depth	Reactivity_profile	Std_err	HQ_profile	HQ_stderr	Norm_profile	Norm_stderr
1	g	0	216421	0	nan	0	4	216421	0	0	0	nan	0	0	0	0	0	0	nan	0	0	0	nan	nan	nan	nan	nan	nan
2	g	0	216586	0	nan	0	4	216586	0	0	0	nan	0	0	0	0	0	0	nan	0	0	0	nan	nan	nan	nan	nan	nan
3	u	0	216677	0	nan	0	4	216677	0	0	0	nan	0	0	0	0	0	0	nan	0	0	0	nan	nan	nan	nan	nan	nan
4	g	0	216699	0	nan	0	4	216699	0	0	0	nan	0	0	0	0	0	0	nan	0	0	0	nan	nan	nan	nan	nan	nan
5	u	0	216716	0	nan	0	4	216716	0	0	0	nan	0	0	0	0	0	0	nan	0	0	0	nan	nan	nan	nan	nan	nan
6	a	0	216716	0	nan	0	4	216716	0	0	0	nan	0	0	0	0	0	0	nan	0	0	0	nan	nan	nan	nan	nan	nan
7	a	0	216717	0	nan	0	4	216717	0	0	0	nan	0	0	0	0	0	0	nan	0	0	0	nan	nan	nan	nan	nan	nan
8	g	0	216718	0	nan	0	4	216718	0	0	0	nan	0	0	0	0	0	0	nan	0	0	0	nan	nan	nan	nan	nan	nan
9	g	0	216724	0	nan	0	4	216724	0	0	0	nan	0	0	0	0	0	0	nan	0	0	0	nan	nan	nan	nan	nan	nan
10	g	0	217880	0	nan	0	4	217880	0	0	0	nan	0	0	0	0	0	0	nan	0	0	0	nan	nan	nan	nan	nan	nan
11	u	0	217895	0	nan	0	4	217895	0	0	0	nan	0	0	0	0	0	0	nan	0	0	0	nan	nan	nan	nan	nan	nan
12	g	0	217909	0	nan	0	4	217909	0	0	0	nan	0	0	0	0	0	0	nan	0	0	0	nan	nan	nan	nan	nan	nan
13	a	0	217910	0	nan	0	4	217910	0	0	0	nan	0	0	0	0	0	0	nan	0	0	0	nan	nan	nan	nan	nan	nan
14	a	0	217910	0	nan	0	4	217910	0	0	0	nan	0	0	0	0	0	0	nan	0	0	0	nan	nan	nan	nan	nan	nan
15	g	0	217910	0	nan	5	4	217910	0	0	0	nan	0	0	0	0	0	0	nan	0	0	0	nan	nan	nan	nan	nan	nan
16	u	0	217910	0	nan	5	4	217910	0	0	0	nan	0	0	0	0	0	0	nan	0	0	0	nan	nan	nan	nan	nan	nan
17	g	0	217910	0	nan	5	4	217910	0	0	0	nan	0	0	0	0	0	0	nan	0	0	0	nan	nan	nan	nan	nan	nan
18	u	0	217912	0	nan	5	4	217912	0	0	0	nan	0	0	0	0	0	0	nan	0	0	0	nan	nan	nan	nan	nan	nan
19	a	0	217913	0	nan	5	4	217913	0	0	0	nan	0	0	0	0	0	0	nan	0	0	0	nan	nan	nan	nan	nan	nan
20	A	0	217921	8	0.000000	5	4	217921	0	0	0	nan	0	0	0	0	0	0	nan	0	0	0	0.000000	0.000000	nan	nan	nan	nan
21	G	0	217932	15	0.000000	5	4	217932	0	0	0	nan	0	0	0	0	0	0	nan	0	0	0	0.000000	0.000000	nan	nan	nan	nan
22	G	0	217942	24	0.000000	5	4	217942	0	0	0	nan	0	0	0	0	0	0	nan	0	0	0	0.000000	0.000000	nan	nan	nan	nan
23	U	0	217953	217637	0.000000	5	4	217953	0	0	0	nan	0	0	0	0	0	0	nan	0	0	0	0.000000	0.000000	0.000000	0.000000	0.000000	0.000000
24	U	366	217961	217640	0.001682	5	4	217961	0	0	0	nan	0	0	0	0	0	0	nan	0	0	0	0.001682	0.000088	0.001682	0.000088	0.712712	0.037288
25	G	154	217962	216557	0.000711	5	4	217962	0	0	0	nan	0	0	0	0	0	0	nan	0	0	0	0.000711	0.000057	0.000711	0.000057	nan	nan
26	A	5674	217962	217133	0.026131	5	4	217960	0	0	0	nan	0	0	0	0	0	0	nan	0	0	0	0.026131	0.000347	0.026131	0.000347	1.198189	0.015911
27	A	4924	217962	217009	0.022690	5	4	217960	0	0	0	nan	0	0	0	0	0	0	nan	0	0	0	0.022690	0.000323	0.022690	0.000323	1.040408	0.014811
28	C	3735	217962	216481	0.017253	5	4	217960	0	0	0	nan	0	0	0	0	0	0	nan	0	0	0	0.017253	0.000282	0.017253	0.000282	1.166689	0.019070
29	U	255	217963	217083	0.001175	5	4	217960	0	0	0	nan	0	0	0	0	0	0	nan	0	0	0	0.001175	0.000074	0.001175	0.000074	0.497881	0.031356
30	U	350	217961	217295	0.001611	5	4	217957	0	0	0	nan	0	0	0	0	0	0	nan	0	0	0	0.001611	0.000086	0.001611	0.000086	0.682627	0.036441
31	U	513	217967	217385	0.002360	5	4	217960	0	0	0	nan	0	0	0	0	0	0	nan	0	0	0	0.002360	0.000104	0.002360	0.000104	1.000000	0.044068
32	U	301	217973	217336	0.001385	5	4	217950	0	0	0	nan	0	0	0	0	0	0	nan	0	0	0	0.001385	0.000080	0.001385	0.000080	0.586864	0.033898
33	G	138	217988	216082	0.000639	5	4	217955	0	0	0	nan	0	0	0	0	0	0	nan	0	0	0	0.000639	0.000054	0.000639	0.000054	nan	nan
34	A	2476	217998	217110	0.011404	5	4	217960	0	0	0	nan	0	0	0	0	0	0	nan	0	0	0	0.011404	0.000229	0.011404	0.000229	0.522909	0.010500
35	A	1926	218000	217059	0.008873	5	4	217962	0	0	0	nan	0	0	0	0	0	0	nan	0	0	0	0.008873	0.000202	0.008873	0.000202	0.406855	0.009262
36	U	241	218001	216854	0.001111	5	4	217965	0	0	0	nan	0	0	0	0	0	0	nan	0	0	0	0.001111	0.000072	0.001111	0.000072	0.470763	0.030508
37	A	7554	218003	216760	0.034850	5	4	217968	0	0	0	nan	0	0	0	0	0	0	nan	0	0	0	0.034850	0.000401	0.034850	0.000401	1.597982	0.018387
38	G	195	218025	214376	0.000910	5	4	218006	0	0	0	nan	0	0	0	0	0	0	nan	0	0	0	0.000910	0.000065	0.000910	0.000065	nan	nan
39	U	437	218025	217216	0.002012	5	4	218005	0	0	0	nan	0	0	0	0	0	0	nan	0	0	0	0.002012	0.000096	0.002012	0.000096	0.852542	0.040678
40	G	186	218032	216434	0.000859	5	4	218013	0	0	0	nan	0	0	0	0	0	0	nan	0	0	0	0.000859	0.000063	0.000859	0.000063	nan	nan
41	A	2455	218033	217145	0.011306	5	4	218016	0	0	0	nan	0	0	0	0	0	0	nan	0	0	0	0.011306	0.000228	0.011306	0.000228	0.518416	0.010455
42	U	545	218036	217086	0.002511	5	4	218022	0	0	0	nan	0	0	0	0	0	0	nan	0	0	0	0.002511	0.000108	0.002511	0.000108	1.063983	0.045763
43	U	441	218040	217267	0.002030	5	4	218025	0	0	0	nan	0	0	0	0	0	0	nan	0	0	0	0.002030	0.000097	0.002030	0.000097	0.860169	0.041102
44	C	1606	218051	217233	0.007393	5	4	218037	0	0	0	nan	0	0	0	0	0	0	nan	0	0	0	0.007393	0.000184	0.007393	0.000184	0.499932	0.012443
45	A	1850	218062	217293	0.008514	5	4	218051	0	0	0	nan	0	0	0	0	0	0	nan	0	0	0	0.008514	0.000198	0.008514	0.000198	0.390394	0.009079
46	G	127	218089	216361	0.000587	5	4	218080	0	0	0	nan	0	0	0	0	0	0	nan	0	0	0	0.000587	0.000052	0.000587	0.000052	nan	nan
47	G	138	218094	216115	0.000639	5	4	218085	0	0	0	nan	0	0	0	0	0	0	nan	0	0	0	0.000639	0.000054	0.000639	0.000054	nan	nan
48	A	1734	218095	217249	0.007982	5	4	218085	0	0	0	nan	0	0	0	0	0	0	nan	0	0	0	0.007982	0.000192	0.007982	0.000192	0.366000	0.008804
49	G	159	218096	216471	0.000735	5	4	218086	0	0	0	nan	0	0	0	0	0	0	nan	0	0	0	0.000735	0.000058	0.000735	0.000058	nan	nan
50	G	171	218097	215977	0.000792	5	4	218087	0	0	0	nan	0	0	0	0	0	0	nan	0	0	0	0.000792	0.000061	0.000792	0.000061	nan	nan
51	U	400	218099	217187	0.001842	5	4	218090	0	0	0	nan	0	0	0	0	0	0	nan	0	0	0	0.001842	0.000092	0.001842	0.000092	0.780508	0.038983
52	U	287	218104	216987	0.001323	5	4	218096	0	0	0	nan	0	0	0	0	0	0	nan	0	0	0	0.001323	0.000078	0.001323	0.000078	0.560593	0.033051
53	A	4149	218099	216491	0.019165	5	4	218092	0	0	0	nan	0	0	0	0	0	0	nan	0	0	0	0.019165	0.000298	0.019165	0.000298	0.878776	0.013664
54	A	2924	217949	216084	0.013532	5	4	217929	0	0	0	nan	0	0	0	0	0	0	nan	0	0	0	0.013532	0.000250	0.013532	0.000250	0.620485	0.011463
55	U	375	217955	216077	0.001735	5	4	217941	0	0	0	nan	0	0	0	0	0	0	nan	0	0	0	0.001735	0.000090	0.001735	0.000090	0.735169	0.038136
56	G	165	217967	215944	0.000764	5	4	217958	0	0	0	nan	0	0	0	0	0	0	nan	0	0	0	0.000764	0.000059	0.000764	0.000059	nan	nan
57	G	0	218000	215789	0.000000	5	4	217999	0	0	0	nan	0	0	0	0	0	0	nan	0	0	0	0.000000	0.000000	0.000000	0.000000	nan	nan
58	A	0	218013	0	nan	5	4	218013	0	0	0	nan	0	0	0	0	0	0	nan	0	0	0	nan	nan	nan	nan	nan	nan
59	A	0	218013	0	nan	5	4	218013	0	0	0	nan	0	0	0	0	0	0	nan	0	0	0	nan	nan	nan	nan	nan	nan
60	G	0	218013	0	nan	5	4	218013	0	0	0	nan	0	0	0	0	0	0	nan	0	0	0	nan	nan	nan	nan	nan	nan
61	u	0	218013	0	nan	5	4	218013	0	0	0	nan	0	0	0	0	0	0	nan	0	0	0	nan	nan	nan	nan	nan	nan
62	a	0	218013	0	nan	5	4	218013	0	0	0	nan	0	0	0	0	0	0	nan	0	0	0	nan	nan	nan	nan	nan	nan
63	a	0	218013	0	nan	5	4	218013	0	0	0	nan	0	0	0	0	0	0	nan	0	0	0	nan	nan	nan	nan	nan	nan
64	a	0	218013	0	nan	5	4	218013	0	0	0	nan	0	0	0	0	0	0	nan	0	0	0	nan	nan	nan	nan	nan	nan
65	g	0	218013	0	nan	5	4	218013	0	0	0	nan	0	0	0	0	0	0	nan	0	0	0	nan	nan	nan	nan	nan	nan
66	g	0	218013	0	nan	5	4	218013	0	0	0	nan	0	0	0	0	0	0	nan	0	0	0	nan	nan	nan	nan	nan	nan
67	u	0	218013	0	nan	5	4	218013	0	0	0	nan	0	0	0	0	0	0	nan	0	0	0	nan	nan	nan	nan	nan	nan
68	a	0	218013	0	nan	5	4	218013	0	0	0	nan	0	0	0	0	0	0	nan	0	0	0	nan	nan	nan	nan	nan	nan
69	a	0	218013	0	nan	5	4	218013	0	0	0	nan	0	0	0	0	0	0	nan	0	0	0	nan	nan	nan	nan	nan	nan
70	u	0	218013	0	nan	5	4	218013	0	0	0	nan	0	0	0	0	0	0	nan	0	0	0	nan	nan	nan	nan	nan	nan
71	g	0	218013	0	nan	5	4	218013	0	0	0	nan	0	0	0	0	0	0	nan	0	0	0	nan	nan	nan	nan	nan	nan
72	a	0	218013	0	nan	5	4	218013	0	0	0	nan	0	0	0	0	0	0	nan	0	0	0	nan	nan	nan	nan	nan	nan
73	a	0	218013	0	nan	5	4	218013	0	0	0	nan	0	0	0	0	0	0	nan	0	0	0	nan	nan	nan	nan	nan	nan
74	g	0	218011	0	nan	5	4	218011	0	0	0	nan	0	0	0	0	0	0	nan	0	0	0	nan	nan	nan	nan	nan	nan
75	g	0	218011	0	nan	5	4	218011	0	0	0	nan	0	0	0	0	0	0	nan	0	0	0	nan	nan	nan	nan	nan	nan
76	u	0	218002	0	nan	5	4	218002	0	0	0	nan	0	0	0	0	0	0	nan	0	0	0	nan	nan	nan	nan	nan	nan
77	g	0	218000	0	nan	5	4	218000	0	0	0	nan	0	0	0	0	0	0	nan	0	0	0	nan	nan	nan	nan	nan	nan
78	a	0	217997	0	nan	5	4	217997	0	0	0	nan	0	0	0	0	0	0	nan	0	0	0	nan	nan	nan	nan	nan	nan
79	a	0	217964	0	nan	5	4	217964	0	0	0	nan	0	0	0	0	0	0	nan	0	0	0	nan	nan	nan	nan	nan	nan
80	g	0	217877	0	nan	5	4	217877	0	0	0	nan	0	0	0	0	0	0	nan	0	0	0	nan	nan	nan	nan	nan	nan