Nucleotide	Sequence	Modified_mutations	Modified_read_depth	Modified_effective_depth	Modified_rate	Modified_off_target_mapped_depth	Modified_low_mapq_mapped_depth	Modified_primer_pair_1_mapped_depth	Untreated_mutations	Untreated_read_depth	Untreated_effective_depth	Untreated_rate	Untreated_off_target_mapped_depth	Untreated_low_mapq_mapped_depth	Untreated_primer_pair_1_mapped_depth	Denatured_mutations	Denatured_read_depth	Denatured_effective_depth	Denatured_rate	Denatured_off_target_mapped_depth	Denatured_low_mapq_mapped_depth	Denatured_primer_pair_1_mapped_depth	Reactivity_profile	Std_err	HQ_profile	HQ_stderr	Norm_profile	Norm_stderr
1	g	0	5249714	0	nan	5	93	5249714	0	0	0	nan	0	0	0	0	0	0	nan	0	0	0	nan	nan	nan	nan	nan	nan
2	g	0	5327017	0	nan	5	95	5327017	0	0	0	nan	0	0	0	0	0	0	nan	0	0	0	nan	nan	nan	nan	nan	nan
3	u	0	5364974	0	nan	5	97	5364974	0	0	0	nan	0	0	0	0	0	0	nan	0	0	0	nan	nan	nan	nan	nan	nan
4	g	0	5372575	0	nan	5	97	5372575	0	0	0	nan	0	0	0	0	0	0	nan	0	0	0	nan	nan	nan	nan	nan	nan
5	u	0	5378511	0	nan	5	99	5378511	0	0	0	nan	0	0	0	0	0	0	nan	0	0	0	nan	nan	nan	nan	nan	nan
6	a	0	5382865	0	nan	5	100	5382865	0	0	0	nan	0	0	0	0	0	0	nan	0	0	0	nan	nan	nan	nan	nan	nan
7	a	0	5385144	0	nan	5	100	5385144	0	0	0	nan	0	0	0	0	0	0	nan	0	0	0	nan	nan	nan	nan	nan	nan
8	g	0	5386576	0	nan	5	102	5386576	0	0	0	nan	0	0	0	0	0	0	nan	0	0	0	nan	nan	nan	nan	nan	nan
9	g	0	5388136	0	nan	5	111	5388136	0	0	0	nan	0	0	0	0	0	0	nan	0	0	0	nan	nan	nan	nan	nan	nan
10	g	0	5390610	0	nan	5	111	5390610	0	0	0	nan	0	0	0	0	0	0	nan	0	0	0	nan	nan	nan	nan	nan	nan
11	u	0	5395092	0	nan	5	111	5395092	0	0	0	nan	0	0	0	0	0	0	nan	0	0	0	nan	nan	nan	nan	nan	nan
12	g	0	5406620	0	nan	156	113	5406620	0	0	0	nan	0	0	0	0	0	0	nan	0	0	0	nan	nan	nan	nan	nan	nan
13	a	0	5427961	0	nan	172	115	5427961	0	0	0	nan	0	0	0	0	0	0	nan	0	0	0	nan	nan	nan	nan	nan	nan
14	a	0	5452340	0	nan	215	116	5452340	0	0	0	nan	0	0	0	0	0	0	nan	0	0	0	nan	nan	nan	nan	nan	nan
15	g	0	5471732	0	nan	1022	116	5471732	0	0	0	nan	0	0	0	0	0	0	nan	0	0	0	nan	nan	nan	nan	nan	nan
16	u	0	5492237	0	nan	1024	116	5492237	0	0	0	nan	0	0	0	0	0	0	nan	0	0	0	nan	nan	nan	nan	nan	nan
17	g	0	5500865	0	nan	1025	117	5500865	0	0	0	nan	0	0	0	0	0	0	nan	0	0	0	nan	nan	nan	nan	nan	nan
18	u	0	5505760	0	nan	1034	118	5505760	0	0	0	nan	0	0	0	0	0	0	nan	0	0	0	nan	nan	nan	nan	nan	nan
19	a	0	5509220	0	nan	1035	122	5509220	0	0	0	nan	0	0	0	0	0	0	nan	0	0	0	nan	nan	nan	nan	nan	nan
20	A	0	5511167	514	0.000000	1035	122	5511167	0	0	0	nan	0	0	0	0	0	0	nan	0	0	0	0.000000	0.000000	nan	nan	nan	nan
21	G	0	5512311	615	0.000000	1035	122	5512311	0	0	0	nan	0	0	0	0	0	0	nan	0	0	0	0.000000	0.000000	nan	nan	nan	nan
22	G	0	5514119	1213	0.000000	1035	122	5514119	0	0	0	nan	0	0	0	0	0	0	nan	0	0	0	0.000000	0.000000	nan	nan	nan	nan
23	U	0	5517348	4724980	0.000000	1035	122	5517348	0	0	0	nan	0	0	0	0	0	0	nan	0	0	0	0.000000	0.000000	0.000000	0.000000	0.000000	0.000000
24	U	8864	5519503	4798805	0.001847	1035	122	5519503	0	0	0	nan	0	0	0	0	0	0	nan	0	0	0	0.001847	0.000020	0.001847	0.000020	0.555322	0.006013
25	G	5416	5526926	4847680	0.001117	1035	122	5526926	0	0	0	nan	0	0	0	0	0	0	nan	0	0	0	0.001117	0.000015	0.001117	0.000015	nan	nan
26	A	143869	5540177	5000366	0.028772	1035	122	5540120	0	0	0	nan	0	0	0	0	0	0	nan	0	0	0	0.028772	0.000076	0.028772	0.000076	1.101858	0.002911
27	A	150384	5544992	4853421	0.030985	1035	122	5544901	0	0	0	nan	0	0	0	0	0	0	nan	0	0	0	0.030985	0.000080	0.030985	0.000080	1.186608	0.003064
28	C	96450	5547220	4708930	0.020482	1034	122	5547088	0	0	0	nan	0	0	0	0	0	0	nan	0	0	0	0.020482	0.000066	0.020482	0.000066	1.288379	0.004152
29	U	12533	5549748	4684368	0.002675	1035	122	5549604	0	0	0	nan	0	0	0	0	0	0	nan	0	0	0	0.002675	0.000024	0.002675	0.000024	0.804269	0.007216
30	U	5430	5553056	4723808	0.001149	1037	122	5552900	0	0	0	nan	0	0	0	0	0	0	nan	0	0	0	0.001149	0.000016	0.001149	0.000016	0.345460	0.004811
31	U	3933	5556521	4678022	0.000841	1037	122	5556328	0	0	0	nan	0	0	0	0	0	0	nan	0	0	0	0.000841	0.000013	0.000841	0.000013	0.252856	0.003909
32	U	24151	5560332	4780003	0.005053	1037	122	5560108	0	0	0	nan	0	0	0	0	0	0	nan	0	0	0	0.005053	0.000033	0.005053	0.000033	1.519242	0.009922
33	G	3221	5594211	4872705	0.000661	1037	122	5593949	0	0	0	nan	0	0	0	0	0	0	nan	0	0	0	0.000661	0.000012	0.000661	0.000012	nan	nan
34	A	51321	5613707	5303486	0.009677	1037	122	5613472	0	0	0	nan	0	0	0	0	0	0	nan	0	0	0	0.009677	0.000043	0.009677	0.000043	0.370592	0.001647
35	A	45170	5620725	5301742	0.008520	1037	122	5620481	0	0	0	nan	0	0	0	0	0	0	nan	0	0	0	0.008520	0.000040	0.008520	0.000040	0.326284	0.001532
36	U	2286	5622175	5251765	0.000435	1037	122	5621923	0	0	0	nan	0	0	0	0	0	0	nan	0	0	0	0.000435	0.000009	0.000435	0.000009	0.130788	0.002706
37	A	457433	5623548	5095076	0.089779	1038	122	5623268	0	0	0	nan	0	0	0	0	0	0	nan	0	0	0	0.089779	0.000133	0.089779	0.000133	3.438195	0.005093
38	G	6047	5625267	4976186	0.001215	1056	122	5624987	0	0	0	nan	0	0	0	0	0	0	nan	0	0	0	0.001215	0.000016	0.001215	0.000016	nan	nan
39	U	6292	5626008	4917528	0.001280	1056	122	5625712	0	0	0	nan	0	0	0	0	0	0	nan	0	0	0	0.001280	0.000016	0.001280	0.000016	0.384847	0.004811
40	G	8782	5627408	4918072	0.001786	1057	122	5627072	0	0	0	nan	0	0	0	0	0	0	nan	0	0	0	0.001786	0.000019	0.001786	0.000019	nan	nan
41	A	88350	5631762	4872338	0.018133	1057	122	5631415	0	0	0	nan	0	0	0	0	0	0	nan	0	0	0	0.018133	0.000061	0.018133	0.000061	0.694425	0.002336
42	U	15186	5633253	4762841	0.003188	1057	122	5632913	0	0	0	nan	0	0	0	0	0	0	nan	0	0	0	0.003188	0.000026	0.003188	0.000026	0.958509	0.007817
43	U	5102	5636366	4757980	0.001072	1057	122	5636019	0	0	0	nan	0	0	0	0	0	0	nan	0	0	0	0.001072	0.000015	0.001072	0.000015	0.322309	0.004510
44	C	10280	5645800	4795605	0.002144	1057	122	5645426	0	0	0	nan	0	0	0	0	0	0	nan	0	0	0	0.002144	0.000021	0.002144	0.000021	0.134864	0.001321
45	A	30509	5654293	4853078	0.006287	1058	122	5653891	0	0	0	nan	0	0	0	0	0	0	nan	0	0	0	0.006287	0.000036	0.006287	0.000036	0.240768	0.001379
46	G	5509	5660591	4719229	0.001167	1056	122	5660185	0	0	0	nan	0	0	0	0	0	0	nan	0	0	0	0.001167	0.000016	0.001167	0.000016	nan	nan
47	G	10431	5673263	4793029	0.002176	1052	122	5672855	0	0	0	nan	0	0	0	0	0	0	nan	0	0	0	0.002176	0.000021	0.002176	0.000021	nan	nan
48	A	27477	5691090	4591519	0.005984	1050	122	5690685	0	0	0	nan	0	0	0	0	0	0	nan	0	0	0	0.005984	0.000036	0.005984	0.000036	0.229164	0.001379
49	G	45619	5694778	4636648	0.009839	1047	122	5694397	0	0	0	nan	0	0	0	0	0	0	nan	0	0	0	0.009839	0.000046	0.009839	0.000046	nan	nan
50	G	5454	5708955	4440788	0.001228	1047	122	5708603	0	0	0	nan	0	0	0	0	0	0	nan	0	0	0	0.001228	0.000017	0.001228	0.000017	nan	nan
51	U	15345	5716551	4613230	0.003326	1046	122	5716255	0	0	0	nan	0	0	0	0	0	0	nan	0	0	0	0.003326	0.000027	0.003326	0.000027	1.000000	0.008118
52	U	9622	5734586	4640930	0.002073	1046	122	5734339	0	0	0	nan	0	0	0	0	0	0	nan	0	0	0	0.002073	0.000021	0.002073	0.000021	0.623271	0.006314
53	A	33122	5749229	5034675	0.006579	1041	122	5748992	0	0	0	nan	0	0	0	0	0	0	nan	0	0	0	0.006579	0.000036	0.006579	0.000036	0.251951	0.001379
54	A	48764	5763282	5099273	0.009563	1041	122	5763175	0	0	0	nan	0	0	0	0	0	0	nan	0	0	0	0.009563	0.000043	0.009563	0.000043	0.366227	0.001647
55	U	12125	5765386	4878534	0.002485	1039	122	5765309	0	0	0	nan	0	0	0	0	0	0	nan	0	0	0	0.002485	0.000023	0.002485	0.000023	0.747144	0.006915
56	G	8821	5768354	4622809	0.001908	1037	122	5768292	0	0	0	nan	0	0	0	0	0	0	nan	0	0	0	0.001908	0.000020	0.001908	0.000020	nan	nan
57	G	0	5770798	4714815	0.000000	1037	122	5770752	0	0	0	nan	0	0	0	0	0	0	nan	0	0	0	0.000000	0.000000	0.000000	0.000000	nan	nan
58	A	0	5775336	128	0.000000	1034	122	5775336	0	0	0	nan	0	0	0	0	0	0	nan	0	0	0	0.000000	0.000000	nan	nan	nan	nan
59	A	0	5775184	96	0.000000	1034	122	5775184	0	0	0	nan	0	0	0	0	0	0	nan	0	0	0	0.000000	0.000000	nan	nan	nan	nan
60	G	0	5775060	48	0.000000	1033	122	5775060	0	0	0	nan	0	0	0	0	0	0	nan	0	0	0	0.000000	0.000000	nan	nan	nan	nan
61	u	0	5774961	0	nan	1032	122	5774961	0	0	0	nan	0	0	0	0	0	0	nan	0	0	0	nan	nan	nan	nan	nan	nan
62	a	0	5774757	0	nan	1023	122	5774757	0	0	0	nan	0	0	0	0	0	0	nan	0	0	0	nan	nan	nan	nan	nan	nan
63	a	0	5774640	0	nan	1020	122	5774640	0	0	0	nan	0	0	0	0	0	0	nan	0	0	0	nan	nan	nan	nan	nan	nan
64	a	0	5774604	0	nan	1018	122	5774604	0	0	0	nan	0	0	0	0	0	0	nan	0	0	0	nan	nan	nan	nan	nan	nan
65	g	0	5774563	0	nan	1018	121	5774563	0	0	0	nan	0	0	0	0	0	0	nan	0	0	0	nan	nan	nan	nan	nan	nan
66	g	0	5774535	0	nan	1018	121	5774535	0	0	0	nan	0	0	0	0	0	0	nan	0	0	0	nan	nan	nan	nan	nan	nan
67	u	0	5774490	0	nan	1017	121	5774490	0	0	0	nan	0	0	0	0	0	0	nan	0	0	0	nan	nan	nan	nan	nan	nan
68	a	0	5774439	0	nan	1015	121	5774439	0	0	0	nan	0	0	0	0	0	0	nan	0	0	0	nan	nan	nan	nan	nan	nan
69	a	0	5774414	0	nan	1014	121	5774414	0	0	0	nan	0	0	0	0	0	0	nan	0	0	0	nan	nan	nan	nan	nan	nan
70	u	0	5774376	0	nan	1013	121	5774376	0	0	0	nan	0	0	0	0	0	0	nan	0	0	0	nan	nan	nan	nan	nan	nan
71	g	0	5774281	0	nan	1010	121	5774281	0	0	0	nan	0	0	0	0	0	0	nan	0	0	0	nan	nan	nan	nan	nan	nan
72	a	0	5774113	0	nan	998	121	5774113	0	0	0	nan	0	0	0	0	0	0	nan	0	0	0	nan	nan	nan	nan	nan	nan
73	a	0	5774080	0	nan	997	121	5774080	0	0	0	nan	0	0	0	0	0	0	nan	0	0	0	nan	nan	nan	nan	nan	nan
74	g	0	5774024	0	nan	996	119	5774024	0	0	0	nan	0	0	0	0	0	0	nan	0	0	0	nan	nan	nan	nan	nan	nan
75	g	0	5773977	0	nan	993	119	5773977	0	0	0	nan	0	0	0	0	0	0	nan	0	0	0	nan	nan	nan	nan	nan	nan
76	u	0	5773903	0	nan	991	119	5773903	0	0	0	nan	0	0	0	0	0	0	nan	0	0	0	nan	nan	nan	nan	nan	nan
77	g	0	5773851	0	nan	988	119	5773851	0	0	0	nan	0	0	0	0	0	0	nan	0	0	0	nan	nan	nan	nan	nan	nan
78	a	0	5773708	0	nan	972	119	5773708	0	0	0	nan	0	0	0	0	0	0	nan	0	0	0	nan	nan	nan	nan	nan	nan
79	a	0	5770941	0	nan	961	116	5770941	0	0	0	nan	0	0	0	0	0	0	nan	0	0	0	nan	nan	nan	nan	nan	nan
80	g	0	5769039	0	nan	954	114	5769039	0	0	0	nan	0	0	0	0	0	0	nan	0	0	0	nan	nan	nan	nan	nan	nan