Nucleotide	Sequence	Modified_mutations	Modified_read_depth	Modified_effective_depth	Modified_rate	Modified_off_target_mapped_depth	Modified_low_mapq_mapped_depth	Modified_primer_pair_1_mapped_depth	Untreated_mutations	Untreated_read_depth	Untreated_effective_depth	Untreated_rate	Untreated_off_target_mapped_depth	Untreated_low_mapq_mapped_depth	Untreated_primer_pair_1_mapped_depth	Denatured_mutations	Denatured_read_depth	Denatured_effective_depth	Denatured_rate	Denatured_off_target_mapped_depth	Denatured_low_mapq_mapped_depth	Denatured_primer_pair_1_mapped_depth	Reactivity_profile	Std_err	HQ_profile	HQ_stderr	Norm_profile	Norm_stderr
1	g	0	359852	0	nan	0	4	359852	0	0	0	nan	0	0	0	0	0	0	nan	0	0	0	nan	nan	nan	nan	nan	nan
2	g	0	360023	0	nan	0	4	360023	0	0	0	nan	0	0	0	0	0	0	nan	0	0	0	nan	nan	nan	nan	nan	nan
3	u	0	360097	0	nan	0	4	360097	0	0	0	nan	0	0	0	0	0	0	nan	0	0	0	nan	nan	nan	nan	nan	nan
4	g	0	360132	0	nan	0	4	360132	0	0	0	nan	0	0	0	0	0	0	nan	0	0	0	nan	nan	nan	nan	nan	nan
5	u	0	360159	0	nan	0	4	360159	0	0	0	nan	0	0	0	0	0	0	nan	0	0	0	nan	nan	nan	nan	nan	nan
6	a	0	360161	0	nan	0	4	360161	0	0	0	nan	0	0	0	0	0	0	nan	0	0	0	nan	nan	nan	nan	nan	nan
7	a	0	360163	0	nan	0	4	360163	0	0	0	nan	0	0	0	0	0	0	nan	0	0	0	nan	nan	nan	nan	nan	nan
8	g	0	360163	0	nan	0	4	360163	0	0	0	nan	0	0	0	0	0	0	nan	0	0	0	nan	nan	nan	nan	nan	nan
9	g	0	360188	0	nan	0	4	360188	0	0	0	nan	0	0	0	0	0	0	nan	0	0	0	nan	nan	nan	nan	nan	nan
10	g	0	364134	0	nan	0	4	364134	0	0	0	nan	0	0	0	0	0	0	nan	0	0	0	nan	nan	nan	nan	nan	nan
11	u	0	364185	0	nan	0	4	364185	0	0	0	nan	0	0	0	0	0	0	nan	0	0	0	nan	nan	nan	nan	nan	nan
12	g	0	364296	0	nan	0	4	364296	0	0	0	nan	0	0	0	0	0	0	nan	0	0	0	nan	nan	nan	nan	nan	nan
13	a	0	364299	0	nan	1	4	364299	0	0	0	nan	0	0	0	0	0	0	nan	0	0	0	nan	nan	nan	nan	nan	nan
14	a	0	364299	0	nan	1	4	364299	0	0	0	nan	0	0	0	0	0	0	nan	0	0	0	nan	nan	nan	nan	nan	nan
15	g	0	364302	0	nan	91	4	364302	0	0	0	nan	0	0	0	0	0	0	nan	0	0	0	nan	nan	nan	nan	nan	nan
16	u	0	364304	0	nan	98	4	364304	0	0	0	nan	0	0	0	0	0	0	nan	0	0	0	nan	nan	nan	nan	nan	nan
17	g	0	364307	0	nan	98	4	364307	0	0	0	nan	0	0	0	0	0	0	nan	0	0	0	nan	nan	nan	nan	nan	nan
18	u	0	364307	0	nan	100	4	364307	0	0	0	nan	0	0	0	0	0	0	nan	0	0	0	nan	nan	nan	nan	nan	nan
19	a	0	364310	0	nan	100	4	364310	0	0	0	nan	0	0	0	0	0	0	nan	0	0	0	nan	nan	nan	nan	nan	nan
20	A	0	364317	6	0.000000	111	4	364317	0	0	0	nan	0	0	0	0	0	0	nan	0	0	0	0.000000	0.000000	nan	nan	nan	nan
21	G	0	364324	12	0.000000	134	4	364324	0	0	0	nan	0	0	0	0	0	0	nan	0	0	0	0.000000	0.000000	nan	nan	nan	nan
22	G	0	364325	11	0.000000	134	4	364325	0	0	0	nan	0	0	0	0	0	0	nan	0	0	0	0.000000	0.000000	nan	nan	nan	nan
23	U	0	364328	363635	0.000000	147	4	364328	0	0	0	nan	0	0	0	0	0	0	nan	0	0	0	0.000000	0.000000	0.000000	0.000000	nan	nan
24	U	398	364328	363601	0.001095	147	4	364328	0	0	0	nan	0	0	0	0	0	0	nan	0	0	0	0.001095	0.000055	0.001095	0.000055	nan	nan
25	G	190	364329	363506	0.000523	147	4	364329	0	0	0	nan	0	0	0	0	0	0	nan	0	0	0	0.000523	0.000038	0.000523	0.000038	nan	nan
26	A	164	364329	363720	0.000451	147	4	364328	0	0	0	nan	0	0	0	0	0	0	nan	0	0	0	0.000451	0.000035	0.000451	0.000035	nan	nan
27	A	249	364329	363604	0.000685	147	4	364328	0	0	0	nan	0	0	0	0	0	0	nan	0	0	0	0.000685	0.000043	0.000685	0.000043	nan	nan
28	C	480	364331	363409	0.001321	147	4	364330	0	0	0	nan	0	0	0	0	0	0	nan	0	0	0	0.001321	0.000060	0.001321	0.000060	nan	nan
29	U	526	364333	363014	0.001449	147	4	364331	0	0	0	nan	0	0	0	0	0	0	nan	0	0	0	0.001449	0.000063	0.001449	0.000063	nan	nan
30	U	571	364337	363187	0.001572	147	4	364334	0	0	0	nan	0	0	0	0	0	0	nan	0	0	0	0.001572	0.000066	0.001572	0.000066	nan	nan
31	U	660	364341	363405	0.001816	147	4	364336	0	0	0	nan	0	0	0	0	0	0	nan	0	0	0	0.001816	0.000071	0.001816	0.000071	nan	nan
32	U	305	364347	363684	0.000839	147	4	364341	0	0	0	nan	0	0	0	0	0	0	nan	0	0	0	0.000839	0.000048	0.000839	0.000048	nan	nan
33	G	170	364369	363519	0.000468	147	4	364363	0	0	0	nan	0	0	0	0	0	0	nan	0	0	0	0.000468	0.000036	0.000468	0.000036	nan	nan
34	A	206	364382	363646	0.000566	147	4	364376	0	0	0	nan	0	0	0	0	0	0	nan	0	0	0	0.000566	0.000039	0.000566	0.000039	nan	nan
35	A	256	364385	363423	0.000704	147	4	364379	0	0	0	nan	0	0	0	0	0	0	nan	0	0	0	0.000704	0.000044	0.000704	0.000044	nan	nan
36	U	256	364387	363499	0.000704	147	4	364381	0	0	0	nan	0	0	0	0	0	0	nan	0	0	0	0.000704	0.000044	0.000704	0.000044	nan	nan
37	A	257	364388	363631	0.000707	147	4	364382	0	0	0	nan	0	0	0	0	0	0	nan	0	0	0	0.000707	0.000044	0.000707	0.000044	nan	nan
38	G	259	364395	363253	0.000713	149	4	364388	0	0	0	nan	0	0	0	0	0	0	nan	0	0	0	0.000713	0.000044	0.000713	0.000044	nan	nan
39	U	354	364397	363707	0.000973	149	4	364390	0	0	0	nan	0	0	0	0	0	0	nan	0	0	0	0.000973	0.000052	0.000973	0.000052	nan	nan
40	G	399	364397	363376	0.001098	149	4	364390	0	0	0	nan	0	0	0	0	0	0	nan	0	0	0	0.001098	0.000055	0.001098	0.000055	nan	nan
41	A	394	364398	363607	0.001084	149	4	364389	0	0	0	nan	0	0	0	0	0	0	nan	0	0	0	0.001084	0.000055	0.001084	0.000055	nan	nan
42	U	838	364399	363394	0.002306	152	4	364390	0	0	0	nan	0	0	0	0	0	0	nan	0	0	0	0.002306	0.000080	0.002306	0.000080	nan	nan
43	U	587	364401	363496	0.001615	155	4	364391	0	0	0	nan	0	0	0	0	0	0	nan	0	0	0	0.001615	0.000067	0.001615	0.000067	nan	nan
44	C	585	364409	363626	0.001609	155	4	364401	0	0	0	nan	0	0	0	0	0	0	nan	0	0	0	0.001609	0.000067	0.001609	0.000067	nan	nan
45	A	312	364415	363842	0.000858	155	4	364407	0	0	0	nan	0	0	0	0	0	0	nan	0	0	0	0.000858	0.000049	0.000858	0.000049	nan	nan
46	G	219	364422	363444	0.000603	156	4	364415	0	0	0	nan	0	0	0	0	0	0	nan	0	0	0	0.000603	0.000041	0.000603	0.000041	nan	nan
47	G	192	364427	363550	0.000528	156	4	364420	0	0	0	nan	0	0	0	0	0	0	nan	0	0	0	0.000528	0.000038	0.000528	0.000038	nan	nan
48	A	234	364427	363753	0.000643	156	4	364419	0	0	0	nan	0	0	0	0	0	0	nan	0	0	0	0.000643	0.000042	0.000643	0.000042	nan	nan
49	G	214	364433	363503	0.000589	156	4	364426	0	0	0	nan	0	0	0	0	0	0	nan	0	0	0	0.000589	0.000040	0.000589	0.000040	nan	nan
50	G	302	364434	355700	0.000849	156	4	364427	0	0	0	nan	0	0	0	0	0	0	nan	0	0	0	0.000849	0.000049	0.000849	0.000049	nan	nan
51	U	475	364436	355681	0.001335	156	4	364430	0	0	0	nan	0	0	0	0	0	0	nan	0	0	0	0.001335	0.000061	0.001335	0.000061	nan	nan
52	U	419	364438	355639	0.001178	157	4	364432	0	0	0	nan	0	0	0	0	0	0	nan	0	0	0	0.001178	0.000058	0.001178	0.000058	nan	nan
53	A	219	364439	363287	0.000603	156	4	364430	0	0	0	nan	0	0	0	0	0	0	nan	0	0	0	0.000603	0.000041	0.000603	0.000041	nan	nan
54	A	236	364287	362232	0.000652	73	4	363937	0	0	0	nan	0	0	0	0	0	0	nan	0	0	0	0.000652	0.000042	0.000652	0.000042	nan	nan
55	U	456	364284	361646	0.001261	73	4	363989	0	0	0	nan	0	0	0	0	0	0	nan	0	0	0	0.001261	0.000059	0.001261	0.000059	nan	nan
56	G	382	364284	361562	0.001057	72	4	364031	0	0	0	nan	0	0	0	0	0	0	nan	0	0	0	0.001057	0.000054	0.001057	0.000054	nan	nan
57	G	0	364297	361783	0.000000	72	4	364267	0	0	0	nan	0	0	0	0	0	0	nan	0	0	0	0.000000	0.000000	0.000000	0.000000	nan	nan
58	A	0	364299	0	nan	72	4	364299	0	0	0	nan	0	0	0	0	0	0	nan	0	0	0	nan	nan	nan	nan	nan	nan
59	A	0	364299	0	nan	72	4	364299	0	0	0	nan	0	0	0	0	0	0	nan	0	0	0	nan	nan	nan	nan	nan	nan
60	G	0	364299	0	nan	72	4	364299	0	0	0	nan	0	0	0	0	0	0	nan	0	0	0	nan	nan	nan	nan	nan	nan
61	u	0	364299	0	nan	72	4	364299	0	0	0	nan	0	0	0	0	0	0	nan	0	0	0	nan	nan	nan	nan	nan	nan
62	a	0	364299	0	nan	72	4	364299	0	0	0	nan	0	0	0	0	0	0	nan	0	0	0	nan	nan	nan	nan	nan	nan
63	a	0	364299	0	nan	72	4	364299	0	0	0	nan	0	0	0	0	0	0	nan	0	0	0	nan	nan	nan	nan	nan	nan
64	a	0	364299	0	nan	72	4	364299	0	0	0	nan	0	0	0	0	0	0	nan	0	0	0	nan	nan	nan	nan	nan	nan
65	g	0	364299	0	nan	72	4	364299	0	0	0	nan	0	0	0	0	0	0	nan	0	0	0	nan	nan	nan	nan	nan	nan
66	g	0	364299	0	nan	72	4	364299	0	0	0	nan	0	0	0	0	0	0	nan	0	0	0	nan	nan	nan	nan	nan	nan
67	u	0	364299	0	nan	71	4	364299	0	0	0	nan	0	0	0	0	0	0	nan	0	0	0	nan	nan	nan	nan	nan	nan
68	a	0	364299	0	nan	71	4	364299	0	0	0	nan	0	0	0	0	0	0	nan	0	0	0	nan	nan	nan	nan	nan	nan
69	a	0	364299	0	nan	71	4	364299	0	0	0	nan	0	0	0	0	0	0	nan	0	0	0	nan	nan	nan	nan	nan	nan
70	u	0	364299	0	nan	71	4	364299	0	0	0	nan	0	0	0	0	0	0	nan	0	0	0	nan	nan	nan	nan	nan	nan
71	g	0	364299	0	nan	71	4	364299	0	0	0	nan	0	0	0	0	0	0	nan	0	0	0	nan	nan	nan	nan	nan	nan
72	a	0	364299	0	nan	71	4	364299	0	0	0	nan	0	0	0	0	0	0	nan	0	0	0	nan	nan	nan	nan	nan	nan
73	a	0	364298	0	nan	71	4	364298	0	0	0	nan	0	0	0	0	0	0	nan	0	0	0	nan	nan	nan	nan	nan	nan
74	g	0	364298	0	nan	71	4	364298	0	0	0	nan	0	0	0	0	0	0	nan	0	0	0	nan	nan	nan	nan	nan	nan
75	g	0	364297	0	nan	71	4	364297	0	0	0	nan	0	0	0	0	0	0	nan	0	0	0	nan	nan	nan	nan	nan	nan
76	u	0	364279	0	nan	71	4	364279	0	0	0	nan	0	0	0	0	0	0	nan	0	0	0	nan	nan	nan	nan	nan	nan
77	g	0	364272	0	nan	71	4	364272	0	0	0	nan	0	0	0	0	0	0	nan	0	0	0	nan	nan	nan	nan	nan	nan
78	a	0	364266	0	nan	71	4	364266	0	0	0	nan	0	0	0	0	0	0	nan	0	0	0	nan	nan	nan	nan	nan	nan
79	a	0	364203	0	nan	71	4	364203	0	0	0	nan	0	0	0	0	0	0	nan	0	0	0	nan	nan	nan	nan	nan	nan
80	g	0	364068	0	nan	71	4	364068	0	0	0	nan	0	0	0	0	0	0	nan	0	0	0	nan	nan	nan	nan	nan	nan