Nucleotide	Sequence	Modified_mutations	Modified_read_depth	Modified_effective_depth	Modified_rate	Modified_off_target_mapped_depth	Modified_low_mapq_mapped_depth	Modified_primer_pair_1_mapped_depth	Untreated_mutations	Untreated_read_depth	Untreated_effective_depth	Untreated_rate	Untreated_off_target_mapped_depth	Untreated_low_mapq_mapped_depth	Untreated_primer_pair_1_mapped_depth	Denatured_mutations	Denatured_read_depth	Denatured_effective_depth	Denatured_rate	Denatured_off_target_mapped_depth	Denatured_low_mapq_mapped_depth	Denatured_primer_pair_1_mapped_depth	Reactivity_profile	Std_err	HQ_profile	HQ_stderr	Norm_profile	Norm_stderr
1	g	0	399427	0	nan	1	14	399427	0	0	0	nan	0	0	0	0	0	0	nan	0	0	0	nan	nan	nan	nan	nan	nan
2	g	0	399662	0	nan	1	14	399662	0	0	0	nan	0	0	0	0	0	0	nan	0	0	0	nan	nan	nan	nan	nan	nan
3	u	0	399774	0	nan	1	14	399774	0	0	0	nan	0	0	0	0	0	0	nan	0	0	0	nan	nan	nan	nan	nan	nan
4	g	0	399808	0	nan	1	14	399808	0	0	0	nan	0	0	0	0	0	0	nan	0	0	0	nan	nan	nan	nan	nan	nan
5	u	0	399856	0	nan	1	14	399856	0	0	0	nan	0	0	0	0	0	0	nan	0	0	0	nan	nan	nan	nan	nan	nan
6	a	0	399867	0	nan	1	14	399867	0	0	0	nan	0	0	0	0	0	0	nan	0	0	0	nan	nan	nan	nan	nan	nan
7	a	0	399904	0	nan	1	14	399904	0	0	0	nan	0	0	0	0	0	0	nan	0	0	0	nan	nan	nan	nan	nan	nan
8	g	0	399987	0	nan	1	14	399987	0	0	0	nan	0	0	0	0	0	0	nan	0	0	0	nan	nan	nan	nan	nan	nan
9	g	0	400753	0	nan	1	14	400753	0	0	0	nan	0	0	0	0	0	0	nan	0	0	0	nan	nan	nan	nan	nan	nan
10	g	0	475951	0	nan	1	14	475951	0	0	0	nan	0	0	0	0	0	0	nan	0	0	0	nan	nan	nan	nan	nan	nan
11	u	0	477738	0	nan	1	14	477738	0	0	0	nan	0	0	0	0	0	0	nan	0	0	0	nan	nan	nan	nan	nan	nan
12	g	0	478082	0	nan	1	14	478082	0	0	0	nan	0	0	0	0	0	0	nan	0	0	0	nan	nan	nan	nan	nan	nan
13	a	0	478127	0	nan	2	14	478127	0	0	0	nan	0	0	0	0	0	0	nan	0	0	0	nan	nan	nan	nan	nan	nan
14	a	0	478133	0	nan	3	14	478133	0	0	0	nan	0	0	0	0	0	0	nan	0	0	0	nan	nan	nan	nan	nan	nan
15	g	0	478135	0	nan	6	14	478135	0	0	0	nan	0	0	0	0	0	0	nan	0	0	0	nan	nan	nan	nan	nan	nan
16	u	0	478157	0	nan	6	14	478157	0	0	0	nan	0	0	0	0	0	0	nan	0	0	0	nan	nan	nan	nan	nan	nan
17	g	0	478190	0	nan	6	14	478190	0	0	0	nan	0	0	0	0	0	0	nan	0	0	0	nan	nan	nan	nan	nan	nan
18	u	0	478273	0	nan	6	14	478273	0	0	0	nan	0	0	0	0	0	0	nan	0	0	0	nan	nan	nan	nan	nan	nan
19	a	0	478378	0	nan	6	14	478378	0	0	0	nan	0	0	0	0	0	0	nan	0	0	0	nan	nan	nan	nan	nan	nan
20	A	0	478645	248	0.000000	6	14	478645	0	0	0	nan	0	0	0	0	0	0	nan	0	0	0	0.000000	0.000000	nan	nan	nan	nan
21	G	0	478914	495	0.000000	7	14	478914	0	0	0	nan	0	0	0	0	0	0	nan	0	0	0	0.000000	0.000000	nan	nan	nan	nan
22	G	0	479137	689	0.000000	7	14	479137	0	0	0	nan	0	0	0	0	0	0	nan	0	0	0	0.000000	0.000000	nan	nan	nan	nan
23	U	0	479168	477802	0.000000	7	14	479168	0	0	0	nan	0	0	0	0	0	0	nan	0	0	0	0.000000	0.000000	0.000000	0.000000	nan	nan
24	U	638	479177	477703	0.001336	7	14	479177	0	0	0	nan	0	0	0	0	0	0	nan	0	0	0	0.001336	0.000053	0.001336	0.000053	nan	nan
25	G	364	479180	475832	0.000765	7	14	479180	0	0	0	nan	0	0	0	0	0	0	nan	0	0	0	0.000765	0.000040	0.000765	0.000040	nan	nan
26	A	18827	479181	472938	0.039809	7	14	479181	0	0	0	nan	0	0	0	0	0	0	nan	0	0	0	0.039809	0.000290	0.039809	0.000290	1.041548	0.007587
27	A	18117	479185	472354	0.038355	7	14	479185	0	0	0	nan	0	0	0	0	0	0	nan	0	0	0	0.038355	0.000285	0.038355	0.000285	1.003506	0.007457
28	C	18235	479193	468685	0.038907	7	14	479193	0	0	0	nan	0	0	0	0	0	0	nan	0	0	0	0.038907	0.000288	0.038907	0.000288	0.919152	0.006804
29	U	450	479197	474964	0.000947	7	14	479197	0	0	0	nan	0	0	0	0	0	0	nan	0	0	0	0.000947	0.000045	0.000947	0.000045	nan	nan
30	U	611	479216	475496	0.001285	7	14	479214	0	0	0	nan	0	0	0	0	0	0	nan	0	0	0	0.001285	0.000052	0.001285	0.000052	nan	nan
31	U	807	479231	476168	0.001695	7	14	479229	0	0	0	nan	0	0	0	0	0	0	nan	0	0	0	0.001695	0.000060	0.001695	0.000060	nan	nan
32	U	657	479267	476583	0.001379	7	15	479264	0	0	0	nan	0	0	0	0	0	0	nan	0	0	0	0.001379	0.000054	0.001379	0.000054	nan	nan
33	G	255	479343	474392	0.000538	7	15	479338	0	0	0	nan	0	0	0	0	0	0	nan	0	0	0	0.000538	0.000034	0.000538	0.000034	nan	nan
34	A	17785	479379	475221	0.037425	7	15	479373	0	0	0	nan	0	0	0	0	0	0	nan	0	0	0	0.037425	0.000281	0.037425	0.000281	0.979174	0.007352
35	A	14348	479390	474620	0.030231	7	15	479384	0	0	0	nan	0	0	0	0	0	0	nan	0	0	0	0.030231	0.000252	0.030231	0.000252	0.790953	0.006593
36	U	456	479392	474444	0.000961	7	15	479385	0	0	0	nan	0	0	0	0	0	0	nan	0	0	0	0.000961	0.000045	0.000961	0.000045	nan	nan
37	A	16663	479395	474538	0.035114	7	15	479388	0	0	0	nan	0	0	0	0	0	0	nan	0	0	0	0.035114	0.000272	0.035114	0.000272	0.918710	0.007117
38	G	466	479406	472058	0.000987	7	15	479402	0	0	0	nan	0	0	0	0	0	0	nan	0	0	0	0.000987	0.000046	0.000987	0.000046	nan	nan
39	U	579	479413	475968	0.001216	7	15	479407	0	0	0	nan	0	0	0	0	0	0	nan	0	0	0	0.001216	0.000051	0.001216	0.000051	nan	nan
40	G	521	479418	473923	0.001099	7	15	479412	0	0	0	nan	0	0	0	0	0	0	nan	0	0	0	0.001099	0.000048	0.001099	0.000048	nan	nan
41	A	17627	479423	474713	0.037132	7	15	479417	0	0	0	nan	0	0	0	0	0	0	nan	0	0	0	0.037132	0.000280	0.037132	0.000280	0.971508	0.007326
42	U	841	479447	474690	0.001772	7	15	479441	0	0	0	nan	0	0	0	0	0	0	nan	0	0	0	0.001772	0.000061	0.001772	0.000061	nan	nan
43	U	719	479455	474860	0.001514	7	15	479447	0	0	0	nan	0	0	0	0	0	0	nan	0	0	0	0.001514	0.000056	0.001514	0.000056	nan	nan
44	C	20564	479469	473063	0.043470	7	15	479462	0	0	0	nan	0	0	0	0	0	0	nan	0	0	0	0.043470	0.000303	0.043470	0.000303	1.026949	0.007158
45	A	17891	479482	473063	0.037819	7	15	479477	0	0	0	nan	0	0	0	0	0	0	nan	0	0	0	0.037819	0.000283	0.037819	0.000283	0.989482	0.007404
46	G	536	479512	472814	0.001134	7	15	479507	0	0	0	nan	0	0	0	0	0	0	nan	0	0	0	0.001134	0.000049	0.001134	0.000049	nan	nan
47	G	481	479519	472906	0.001017	8	15	479514	0	0	0	nan	0	0	0	0	0	0	nan	0	0	0	0.001017	0.000046	0.001017	0.000046	nan	nan
48	A	18278	479520	474489	0.038521	8	15	479512	0	0	0	nan	0	0	0	0	0	0	nan	0	0	0	0.038521	0.000285	0.038521	0.000285	1.007849	0.007457
49	G	520	479542	473690	0.001098	9	15	479535	0	0	0	nan	0	0	0	0	0	0	nan	0	0	0	0.001098	0.000048	0.001098	0.000048	nan	nan
50	G	514	479554	474375	0.001084	9	15	479550	0	0	0	nan	0	0	0	0	0	0	nan	0	0	0	0.001084	0.000048	0.001084	0.000048	nan	nan
51	U	627	479559	476017	0.001317	9	15	479557	0	0	0	nan	0	0	0	0	0	0	nan	0	0	0	0.001317	0.000053	0.001317	0.000053	nan	nan
52	U	670	479559	474869	0.001411	9	15	479556	0	0	0	nan	0	0	0	0	0	0	nan	0	0	0	0.001411	0.000055	0.001411	0.000055	nan	nan
53	A	17141	479552	473867	0.036173	9	15	479541	0	0	0	nan	0	0	0	0	0	0	nan	0	0	0	0.036173	0.000276	0.036173	0.000276	0.946417	0.007221
54	A	14745	479431	474909	0.031048	9	15	479417	0	0	0	nan	0	0	0	0	0	0	nan	0	0	0	0.031048	0.000256	0.031048	0.000256	0.812328	0.006698
55	U	745	479435	475728	0.001566	9	15	479428	0	0	0	nan	0	0	0	0	0	0	nan	0	0	0	0.001566	0.000057	0.001566	0.000057	nan	nan
56	G	642	479436	476697	0.001347	8	15	479432	0	0	0	nan	0	0	0	0	0	0	nan	0	0	0	0.001347	0.000053	0.001347	0.000053	nan	nan
57	G	0	479438	477707	0.000000	8	15	479437	0	0	0	nan	0	0	0	0	0	0	nan	0	0	0	0.000000	0.000000	0.000000	0.000000	nan	nan
58	A	0	479440	0	nan	8	15	479440	0	0	0	nan	0	0	0	0	0	0	nan	0	0	0	nan	nan	nan	nan	nan	nan
59	A	0	479440	0	nan	8	15	479440	0	0	0	nan	0	0	0	0	0	0	nan	0	0	0	nan	nan	nan	nan	nan	nan
60	G	0	479440	0	nan	8	15	479440	0	0	0	nan	0	0	0	0	0	0	nan	0	0	0	nan	nan	nan	nan	nan	nan
61	u	0	479440	0	nan	8	15	479440	0	0	0	nan	0	0	0	0	0	0	nan	0	0	0	nan	nan	nan	nan	nan	nan
62	a	0	479440	0	nan	8	15	479440	0	0	0	nan	0	0	0	0	0	0	nan	0	0	0	nan	nan	nan	nan	nan	nan
63	a	0	479440	0	nan	8	15	479440	0	0	0	nan	0	0	0	0	0	0	nan	0	0	0	nan	nan	nan	nan	nan	nan
64	a	0	479440	0	nan	8	15	479440	0	0	0	nan	0	0	0	0	0	0	nan	0	0	0	nan	nan	nan	nan	nan	nan
65	g	0	479440	0	nan	8	15	479440	0	0	0	nan	0	0	0	0	0	0	nan	0	0	0	nan	nan	nan	nan	nan	nan
66	g	0	479440	0	nan	8	15	479440	0	0	0	nan	0	0	0	0	0	0	nan	0	0	0	nan	nan	nan	nan	nan	nan
67	u	0	479440	0	nan	8	15	479440	0	0	0	nan	0	0	0	0	0	0	nan	0	0	0	nan	nan	nan	nan	nan	nan
68	a	0	479440	0	nan	8	15	479440	0	0	0	nan	0	0	0	0	0	0	nan	0	0	0	nan	nan	nan	nan	nan	nan
69	a	0	479440	0	nan	8	15	479440	0	0	0	nan	0	0	0	0	0	0	nan	0	0	0	nan	nan	nan	nan	nan	nan
70	u	0	479440	0	nan	7	15	479440	0	0	0	nan	0	0	0	0	0	0	nan	0	0	0	nan	nan	nan	nan	nan	nan
71	g	0	479440	0	nan	7	15	479440	0	0	0	nan	0	0	0	0	0	0	nan	0	0	0	nan	nan	nan	nan	nan	nan
72	a	0	479439	0	nan	7	15	479439	0	0	0	nan	0	0	0	0	0	0	nan	0	0	0	nan	nan	nan	nan	nan	nan
73	a	0	479439	0	nan	7	15	479439	0	0	0	nan	0	0	0	0	0	0	nan	0	0	0	nan	nan	nan	nan	nan	nan
74	g	0	479438	0	nan	7	15	479438	0	0	0	nan	0	0	0	0	0	0	nan	0	0	0	nan	nan	nan	nan	nan	nan
75	g	0	479434	0	nan	7	15	479434	0	0	0	nan	0	0	0	0	0	0	nan	0	0	0	nan	nan	nan	nan	nan	nan
76	u	0	479419	0	nan	7	15	479419	0	0	0	nan	0	0	0	0	0	0	nan	0	0	0	nan	nan	nan	nan	nan	nan
77	g	0	479411	0	nan	7	15	479411	0	0	0	nan	0	0	0	0	0	0	nan	0	0	0	nan	nan	nan	nan	nan	nan
78	a	0	479405	0	nan	7	15	479405	0	0	0	nan	0	0	0	0	0	0	nan	0	0	0	nan	nan	nan	nan	nan	nan
79	a	0	479330	0	nan	7	15	479330	0	0	0	nan	0	0	0	0	0	0	nan	0	0	0	nan	nan	nan	nan	nan	nan
80	g	0	479111	0	nan	7	15	479111	0	0	0	nan	0	0	0	0	0	0	nan	0	0	0	nan	nan	nan	nan	nan	nan