Nucleotide	Sequence	Modified_mutations	Modified_read_depth	Modified_effective_depth	Modified_rate	Modified_off_target_mapped_depth	Modified_low_mapq_mapped_depth	Modified_primer_pair_1_mapped_depth	Untreated_mutations	Untreated_read_depth	Untreated_effective_depth	Untreated_rate	Untreated_off_target_mapped_depth	Untreated_low_mapq_mapped_depth	Untreated_primer_pair_1_mapped_depth	Denatured_mutations	Denatured_read_depth	Denatured_effective_depth	Denatured_rate	Denatured_off_target_mapped_depth	Denatured_low_mapq_mapped_depth	Denatured_primer_pair_1_mapped_depth	Reactivity_profile	Std_err	HQ_profile	HQ_stderr	Norm_profile	Norm_stderr
1	g	0	5296969	0	nan	50	1171	5296969	0	0	0	nan	0	0	0	0	0	0	nan	0	0	0	nan	nan	nan	nan	nan	nan
2	g	0	5402766	0	nan	50	1189	5402766	0	0	0	nan	0	0	0	0	0	0	nan	0	0	0	nan	nan	nan	nan	nan	nan
3	u	0	5436088	0	nan	50	1201	5436088	0	0	0	nan	0	0	0	0	0	0	nan	0	0	0	nan	nan	nan	nan	nan	nan
4	g	0	5447126	0	nan	50	1249	5447126	0	0	0	nan	0	0	0	0	0	0	nan	0	0	0	nan	nan	nan	nan	nan	nan
5	u	0	5453257	0	nan	50	1266	5453257	0	0	0	nan	0	0	0	0	0	0	nan	0	0	0	nan	nan	nan	nan	nan	nan
6	a	0	5460947	0	nan	50	1329	5460947	0	0	0	nan	0	0	0	0	0	0	nan	0	0	0	nan	nan	nan	nan	nan	nan
7	a	0	5464918	0	nan	50	1332	5464918	0	0	0	nan	0	0	0	0	0	0	nan	0	0	0	nan	nan	nan	nan	nan	nan
8	g	0	5467061	0	nan	50	1335	5467061	0	0	0	nan	0	0	0	0	0	0	nan	0	0	0	nan	nan	nan	nan	nan	nan
9	g	0	5469826	0	nan	50	1338	5469826	0	0	0	nan	0	0	0	0	0	0	nan	0	0	0	nan	nan	nan	nan	nan	nan
10	g	0	5474251	0	nan	50	1367	5474251	0	0	0	nan	0	0	0	0	0	0	nan	0	0	0	nan	nan	nan	nan	nan	nan
11	u	0	5481862	0	nan	50	1373	5481862	0	0	0	nan	0	0	0	0	0	0	nan	0	0	0	nan	nan	nan	nan	nan	nan
12	g	0	5501077	0	nan	161	1452	5501077	0	0	0	nan	0	0	0	0	0	0	nan	0	0	0	nan	nan	nan	nan	nan	nan
13	a	0	5526428	0	nan	169	1467	5526428	0	0	0	nan	0	0	0	0	0	0	nan	0	0	0	nan	nan	nan	nan	nan	nan
14	a	0	5556203	0	nan	231	1471	5556203	0	0	0	nan	0	0	0	0	0	0	nan	0	0	0	nan	nan	nan	nan	nan	nan
15	g	0	5581231	0	nan	334	1473	5581231	0	0	0	nan	0	0	0	0	0	0	nan	0	0	0	nan	nan	nan	nan	nan	nan
16	u	0	5605068	0	nan	338	1474	5605068	0	0	0	nan	0	0	0	0	0	0	nan	0	0	0	nan	nan	nan	nan	nan	nan
17	g	0	5616192	0	nan	353	1492	5616192	0	0	0	nan	0	0	0	0	0	0	nan	0	0	0	nan	nan	nan	nan	nan	nan
18	u	0	5623270	0	nan	356	1499	5623270	0	0	0	nan	0	0	0	0	0	0	nan	0	0	0	nan	nan	nan	nan	nan	nan
19	a	0	5628583	0	nan	356	1551	5628583	0	0	0	nan	0	0	0	0	0	0	nan	0	0	0	nan	nan	nan	nan	nan	nan
20	A	0	5630511	423	0.000000	356	1551	5630511	0	0	0	nan	0	0	0	0	0	0	nan	0	0	0	0.000000	0.000000	nan	nan	nan	nan
21	G	0	5631292	382	0.000000	356	1551	5631292	0	0	0	nan	0	0	0	0	0	0	nan	0	0	0	0.000000	0.000000	nan	nan	nan	nan
22	G	0	5632444	687	0.000000	356	1551	5632444	0	0	0	nan	0	0	0	0	0	0	nan	0	0	0	0.000000	0.000000	nan	nan	nan	nan
23	U	0	5635334	4532815	0.000000	356	1551	5635334	0	0	0	nan	0	0	0	0	0	0	nan	0	0	0	0.000000	0.000000	0.000000	0.000000	0.000000	0.000000
24	U	19513	5636714	4503590	0.004333	356	1551	5636714	0	0	0	nan	0	0	0	0	0	0	nan	0	0	0	0.004333	0.000031	0.004333	0.000031	0.863836	0.006180
25	G	4119	5644901	4528700	0.000910	356	1551	5644901	0	0	0	nan	0	0	0	0	0	0	nan	0	0	0	0.000910	0.000014	0.000910	0.000014	0.241844	0.003721
26	A	3415	5680088	4883568	0.000699	356	1551	5680051	0	0	0	nan	0	0	0	0	0	0	nan	0	0	0	0.000699	0.000012	0.000699	0.000012	nan	nan
27	C	26191	5689062	4767332	0.005494	356	1551	5689007	0	0	0	nan	0	0	0	0	0	0	nan	0	0	0	0.005494	0.000034	0.005494	0.000034	0.699516	0.004329
28	C	46699	5690230	4571978	0.010214	356	1550	5690106	0	0	0	nan	0	0	0	0	0	0	nan	0	0	0	0.010214	0.000047	0.010214	0.000047	1.300484	0.005984
29	U	13671	5695080	4443181	0.003077	356	1550	5694938	0	0	0	nan	0	0	0	0	0	0	nan	0	0	0	0.003077	0.000026	0.003077	0.000026	0.613437	0.005183
30	U	7090	5701689	4522482	0.001568	357	1550	5701536	0	0	0	nan	0	0	0	0	0	0	nan	0	0	0	0.001568	0.000019	0.001568	0.000019	0.312600	0.003788
31	U	5357	5709069	4533301	0.001182	357	1550	5708869	0	0	0	nan	0	0	0	0	0	0	nan	0	0	0	0.001182	0.000016	0.001182	0.000016	0.235646	0.003190
32	U	23893	5716182	4763180	0.005016	357	1550	5715977	0	0	0	nan	0	0	0	0	0	0	nan	0	0	0	0.005016	0.000032	0.005016	0.000032	1.000000	0.006380
33	G	1740	5782167	4934613	0.000353	359	1550	5781944	0	0	0	nan	0	0	0	0	0	0	nan	0	0	0	0.000353	0.000008	0.000353	0.000008	0.093814	0.002126
34	A	2196	5820870	5434110	0.000404	359	1550	5820689	0	0	0	nan	0	0	0	0	0	0	nan	0	0	0	0.000404	0.000009	0.000404	0.000009	nan	nan
35	A	7398	5833202	5376085	0.001376	359	1550	5833033	0	0	0	nan	0	0	0	0	0	0	nan	0	0	0	0.001376	0.000016	0.001376	0.000016	nan	nan
36	U	3050	5834689	5319021	0.000573	359	1550	5834518	0	0	0	nan	0	0	0	0	0	0	nan	0	0	0	0.000573	0.000010	0.000573	0.000010	0.114234	0.001994
37	A	7311	5837450	4929984	0.001483	359	1551	5837275	0	0	0	nan	0	0	0	0	0	0	nan	0	0	0	0.001483	0.000017	0.001483	0.000017	nan	nan
38	G	9022	5837924	4832756	0.001867	362	1551	5837742	0	0	0	nan	0	0	0	0	0	0	nan	0	0	0	0.001867	0.000020	0.001867	0.000020	0.496180	0.005315
39	U	5933	5839407	4784821	0.001240	362	1551	5839225	0	0	0	nan	0	0	0	0	0	0	nan	0	0	0	0.001240	0.000016	0.001240	0.000016	0.247209	0.003190
40	G	5488	5842482	4999564	0.001098	363	1551	5842296	0	0	0	nan	0	0	0	0	0	0	nan	0	0	0	0.001098	0.000015	0.001098	0.000015	0.291808	0.003986
41	A	9709	5853798	4976363	0.001951	363	1551	5853618	0	0	0	nan	0	0	0	0	0	0	nan	0	0	0	0.001951	0.000020	0.001951	0.000020	nan	nan
42	U	22654	5856123	4815051	0.004705	363	1551	5855946	0	0	0	nan	0	0	0	0	0	0	nan	0	0	0	0.004705	0.000031	0.004705	0.000031	0.937998	0.006180
43	U	9445	5860858	4754171	0.001987	365	1551	5860683	0	0	0	nan	0	0	0	0	0	0	nan	0	0	0	0.001987	0.000020	0.001987	0.000020	0.396132	0.003987
44	C	8655	5871524	4817627	0.001797	363	1551	5871356	0	0	0	nan	0	0	0	0	0	0	nan	0	0	0	0.001797	0.000019	0.001797	0.000019	0.228801	0.002419
45	A	6358	5878991	4883795	0.001302	362	1551	5878807	0	0	0	nan	0	0	0	0	0	0	nan	0	0	0	0.001302	0.000016	0.001302	0.000016	nan	nan
46	G	3405	5884182	4749380	0.000717	358	1551	5884010	0	0	0	nan	0	0	0	0	0	0	nan	0	0	0	0.000717	0.000012	0.000717	0.000012	0.190552	0.003189
47	G	11634	5897767	4850180	0.002399	355	1551	5897602	0	0	0	nan	0	0	0	0	0	0	nan	0	0	0	0.002399	0.000022	0.002399	0.000022	0.637566	0.005847
48	A	2104	5916605	4638272	0.000454	357	1551	5916453	0	0	0	nan	0	0	0	0	0	0	nan	0	0	0	0.000454	0.000010	0.000454	0.000010	nan	nan
49	G	36771	5920087	4681828	0.007854	357	1551	5919951	0	0	0	nan	0	0	0	0	0	0	nan	0	0	0	0.007854	0.000041	0.007854	0.000041	2.087303	0.010896
50	G	1293	5934463	4500037	0.000287	358	1551	5934357	0	0	0	nan	0	0	0	0	0	0	nan	0	0	0	0.000287	0.000008	0.000287	0.000008	0.076274	0.002126
51	U	28979	5945773	4747551	0.006104	358	1551	5945697	0	0	0	nan	0	0	0	0	0	0	nan	0	0	0	0.006104	0.000036	0.006104	0.000036	1.216906	0.007177
52	U	19786	5964258	4889891	0.004046	361	1551	5964204	0	0	0	nan	0	0	0	0	0	0	nan	0	0	0	0.004046	0.000029	0.004046	0.000029	0.806619	0.005781
53	A	1972	5978868	5314093	0.000371	358	1551	5978821	0	0	0	nan	0	0	0	0	0	0	nan	0	0	0	0.000371	0.000008	0.000371	0.000008	nan	nan
54	A	2309	5988261	5372723	0.000430	358	1551	5988223	0	0	0	nan	0	0	0	0	0	0	nan	0	0	0	0.000430	0.000009	0.000430	0.000009	nan	nan
55	U	22067	5989729	5289412	0.004172	357	1551	5989699	0	0	0	nan	0	0	0	0	0	0	nan	0	0	0	0.004172	0.000028	0.004172	0.000028	0.831738	0.005582
56	G	3188	5992534	5087428	0.000627	353	1551	5992507	0	0	0	nan	0	0	0	0	0	0	nan	0	0	0	0.000627	0.000011	0.000627	0.000011	0.166633	0.002923
57	G	0	5994113	5339240	0.000000	352	1551	5994104	0	0	0	nan	0	0	0	0	0	0	nan	0	0	0	0.000000	0.000000	0.000000	0.000000	0.000000	0.000000
58	A	0	5996040	59	0.000000	350	1551	5996040	0	0	0	nan	0	0	0	0	0	0	nan	0	0	0	0.000000	0.000000	nan	nan	nan	nan
59	A	0	5995992	79	0.000000	350	1551	5995992	0	0	0	nan	0	0	0	0	0	0	nan	0	0	0	0.000000	0.000000	nan	nan	nan	nan
60	G	0	5995921	51	0.000000	350	1551	5995921	0	0	0	nan	0	0	0	0	0	0	nan	0	0	0	0.000000	0.000000	nan	nan	nan	nan
61	u	0	5995837	0	nan	347	1551	5995837	0	0	0	nan	0	0	0	0	0	0	nan	0	0	0	nan	nan	nan	nan	nan	nan
62	a	0	5995685	0	nan	344	1551	5995685	0	0	0	nan	0	0	0	0	0	0	nan	0	0	0	nan	nan	nan	nan	nan	nan
63	a	0	5995596	0	nan	338	1550	5995596	0	0	0	nan	0	0	0	0	0	0	nan	0	0	0	nan	nan	nan	nan	nan	nan
64	a	0	5995566	0	nan	337	1548	5995566	0	0	0	nan	0	0	0	0	0	0	nan	0	0	0	nan	nan	nan	nan	nan	nan
65	g	0	5995549	0	nan	315	1282	5995549	0	0	0	nan	0	0	0	0	0	0	nan	0	0	0	nan	nan	nan	nan	nan	nan
66	g	0	5995542	0	nan	297	1259	5995542	0	0	0	nan	0	0	0	0	0	0	nan	0	0	0	nan	nan	nan	nan	nan	nan
67	u	0	5995518	0	nan	289	1255	5995518	0	0	0	nan	0	0	0	0	0	0	nan	0	0	0	nan	nan	nan	nan	nan	nan
68	a	0	5995499	0	nan	287	1184	5995499	0	0	0	nan	0	0	0	0	0	0	nan	0	0	0	nan	nan	nan	nan	nan	nan
69	a	0	5995484	0	nan	286	1182	5995484	0	0	0	nan	0	0	0	0	0	0	nan	0	0	0	nan	nan	nan	nan	nan	nan
70	u	0	5995451	0	nan	286	1143	5995451	0	0	0	nan	0	0	0	0	0	0	nan	0	0	0	nan	nan	nan	nan	nan	nan
71	g	0	5995355	0	nan	281	1138	5995355	0	0	0	nan	0	0	0	0	0	0	nan	0	0	0	nan	nan	nan	nan	nan	nan
72	a	0	5995172	0	nan	267	1133	5995172	0	0	0	nan	0	0	0	0	0	0	nan	0	0	0	nan	nan	nan	nan	nan	nan
73	a	0	5995114	0	nan	267	1129	5995114	0	0	0	nan	0	0	0	0	0	0	nan	0	0	0	nan	nan	nan	nan	nan	nan
74	g	0	5995065	0	nan	264	1126	5995065	0	0	0	nan	0	0	0	0	0	0	nan	0	0	0	nan	nan	nan	nan	nan	nan
75	g	0	5995001	0	nan	262	1124	5995001	0	0	0	nan	0	0	0	0	0	0	nan	0	0	0	nan	nan	nan	nan	nan	nan
76	u	0	5994895	0	nan	260	1124	5994895	0	0	0	nan	0	0	0	0	0	0	nan	0	0	0	nan	nan	nan	nan	nan	nan
77	g	0	5994807	0	nan	259	1116	5994807	0	0	0	nan	0	0	0	0	0	0	nan	0	0	0	nan	nan	nan	nan	nan	nan
78	a	0	5994651	0	nan	237	1114	5994651	0	0	0	nan	0	0	0	0	0	0	nan	0	0	0	nan	nan	nan	nan	nan	nan
79	a	0	5991409	0	nan	226	1107	5991409	0	0	0	nan	0	0	0	0	0	0	nan	0	0	0	nan	nan	nan	nan	nan	nan
80	g	0	5988832	0	nan	221	1094	5988832	0	0	0	nan	0	0	0	0	0	0	nan	0	0	0	nan	nan	nan	nan	nan	nan