Nucleotide	Sequence	Modified_mutations	Modified_read_depth	Modified_effective_depth	Modified_rate	Modified_off_target_mapped_depth	Modified_low_mapq_mapped_depth	Modified_primer_pair_1_mapped_depth	Untreated_mutations	Untreated_read_depth	Untreated_effective_depth	Untreated_rate	Untreated_off_target_mapped_depth	Untreated_low_mapq_mapped_depth	Untreated_primer_pair_1_mapped_depth	Denatured_mutations	Denatured_read_depth	Denatured_effective_depth	Denatured_rate	Denatured_off_target_mapped_depth	Denatured_low_mapq_mapped_depth	Denatured_primer_pair_1_mapped_depth	Reactivity_profile	Std_err	HQ_profile	HQ_stderr	Norm_profile	Norm_stderr
1	g	0	6960362	0	nan	45	869	6960362	0	0	0	nan	0	0	0	0	0	0	nan	0	0	0	nan	nan	nan	nan	nan	nan
2	g	0	7028469	0	nan	45	879	7028469	0	0	0	nan	0	0	0	0	0	0	nan	0	0	0	nan	nan	nan	nan	nan	nan
3	u	0	7039363	0	nan	45	886	7039363	0	0	0	nan	0	0	0	0	0	0	nan	0	0	0	nan	nan	nan	nan	nan	nan
4	g	0	7045819	0	nan	45	917	7045819	0	0	0	nan	0	0	0	0	0	0	nan	0	0	0	nan	nan	nan	nan	nan	nan
5	u	0	7057211	0	nan	45	924	7057211	0	0	0	nan	0	0	0	0	0	0	nan	0	0	0	nan	nan	nan	nan	nan	nan
6	a	0	7062095	0	nan	45	991	7062095	0	0	0	nan	0	0	0	0	0	0	nan	0	0	0	nan	nan	nan	nan	nan	nan
7	a	0	7063220	0	nan	45	993	7063220	0	0	0	nan	0	0	0	0	0	0	nan	0	0	0	nan	nan	nan	nan	nan	nan
8	g	0	7063946	0	nan	45	994	7063946	0	0	0	nan	0	0	0	0	0	0	nan	0	0	0	nan	nan	nan	nan	nan	nan
9	g	0	7064681	0	nan	45	996	7064681	0	0	0	nan	0	0	0	0	0	0	nan	0	0	0	nan	nan	nan	nan	nan	nan
10	g	0	7066327	0	nan	45	1007	7066327	0	0	0	nan	0	0	0	0	0	0	nan	0	0	0	nan	nan	nan	nan	nan	nan
11	u	0	7069754	0	nan	45	1009	7069754	0	0	0	nan	0	0	0	0	0	0	nan	0	0	0	nan	nan	nan	nan	nan	nan
12	g	0	7083544	0	nan	70	1042	7083544	0	0	0	nan	0	0	0	0	0	0	nan	0	0	0	nan	nan	nan	nan	nan	nan
13	a	0	7096851	0	nan	74	1049	7096851	0	0	0	nan	0	0	0	0	0	0	nan	0	0	0	nan	nan	nan	nan	nan	nan
14	a	0	7104262	0	nan	84	1049	7104262	0	0	0	nan	0	0	0	0	0	0	nan	0	0	0	nan	nan	nan	nan	nan	nan
15	g	0	7107980	0	nan	315	1049	7107980	0	0	0	nan	0	0	0	0	0	0	nan	0	0	0	nan	nan	nan	nan	nan	nan
16	u	0	7112605	0	nan	318	1049	7112605	0	0	0	nan	0	0	0	0	0	0	nan	0	0	0	nan	nan	nan	nan	nan	nan
17	g	0	7114330	0	nan	318	1058	7114330	0	0	0	nan	0	0	0	0	0	0	nan	0	0	0	nan	nan	nan	nan	nan	nan
18	u	0	7115858	0	nan	318	1072	7115858	0	0	0	nan	0	0	0	0	0	0	nan	0	0	0	nan	nan	nan	nan	nan	nan
19	a	0	7117156	0	nan	318	1096	7117156	0	0	0	nan	0	0	0	0	0	0	nan	0	0	0	nan	nan	nan	nan	nan	nan
20	A	0	7118717	662	0.000000	318	1097	7118717	0	0	0	nan	0	0	0	0	0	0	nan	0	0	0	0.000000	0.000000	nan	nan	nan	nan
21	G	0	7119705	822	0.000000	318	1097	7119705	0	0	0	nan	0	0	0	0	0	0	nan	0	0	0	0.000000	0.000000	nan	nan	nan	nan
22	G	0	7120452	793	0.000000	318	1097	7120452	0	0	0	nan	0	0	0	0	0	0	nan	0	0	0	0.000000	0.000000	nan	nan	nan	nan
23	U	0	7122076	6461189	0.000000	318	1097	7122076	0	0	0	nan	0	0	0	0	0	0	nan	0	0	0	0.000000	0.000000	0.000000	0.000000	0.000000	0.000000
24	U	14168	7123182	6513117	0.002175	318	1097	7123182	0	0	0	nan	0	0	0	0	0	0	nan	0	0	0	0.002175	0.000018	0.002175	0.000018	0.623745	0.005162
25	G	7563	7127448	6458777	0.001171	318	1097	7127448	0	0	0	nan	0	0	0	0	0	0	nan	0	0	0	0.001171	0.000013	0.001171	0.000013	nan	nan
26	A	40420	7133875	6604449	0.006120	318	1097	7133815	0	0	0	nan	0	0	0	0	0	0	nan	0	0	0	0.006120	0.000030	0.006120	0.000030	0.568720	0.002788
27	C	16787	7136393	6363903	0.002638	318	1097	7136277	0	0	0	nan	0	0	0	0	0	0	nan	0	0	0	0.002638	0.000020	0.002638	0.000020	0.864210	0.006552
28	C	20336	7137513	6358678	0.003198	318	1097	7137368	0	0	0	nan	0	0	0	0	0	0	nan	0	0	0	0.003198	0.000022	0.003198	0.000022	1.047666	0.007207
29	U	23917	7140787	6324246	0.003782	318	1097	7140624	0	0	0	nan	0	0	0	0	0	0	nan	0	0	0	0.003782	0.000024	0.003782	0.000024	1.084600	0.006883
30	U	10428	7146503	6427495	0.001622	318	1097	7146322	0	0	0	nan	0	0	0	0	0	0	nan	0	0	0	0.001622	0.000016	0.001622	0.000016	0.465156	0.004588
31	U	11460	7152460	6444045	0.001778	318	1097	7152249	0	0	0	nan	0	0	0	0	0	0	nan	0	0	0	0.001778	0.000017	0.001778	0.000017	0.509894	0.004875
32	U	13947	7158345	6513145	0.002141	318	1097	7158114	0	0	0	nan	0	0	0	0	0	0	nan	0	0	0	0.002141	0.000018	0.002141	0.000018	0.613995	0.005162
33	G	2983	7193565	6591168	0.000453	319	1098	7193337	0	0	0	nan	0	0	0	0	0	0	nan	0	0	0	0.000453	0.000008	0.000453	0.000008	nan	nan
34	A	30134	7206772	6974525	0.004321	319	1098	7206558	0	0	0	nan	0	0	0	0	0	0	nan	0	0	0	0.004321	0.000025	0.004321	0.000025	0.401543	0.002323
35	A	32473	7210116	6940123	0.004679	319	1098	7209903	0	0	0	nan	0	0	0	0	0	0	nan	0	0	0	0.004679	0.000026	0.004679	0.000026	0.434811	0.002416
36	U	4967	7211289	6889303	0.000721	319	1098	7211063	0	0	0	nan	0	0	0	0	0	0	nan	0	0	0	0.000721	0.000010	0.000721	0.000010	0.206768	0.002868
37	A	297404	7211969	6583535	0.045174	319	1098	7211703	0	0	0	nan	0	0	0	0	0	0	nan	0	0	0	0.045174	0.000083	0.045174	0.000083	4.197937	0.007713
38	G	11929	7212661	6491504	0.001838	324	1098	7212401	0	0	0	nan	0	0	0	0	0	0	nan	0	0	0	0.001838	0.000017	0.001838	0.000017	nan	nan
39	U	12832	7213496	6546566	0.001960	324	1098	7213224	0	0	0	nan	0	0	0	0	0	0	nan	0	0	0	0.001960	0.000017	0.001960	0.000017	0.562088	0.004875
40	G	10411	7214305	6735677	0.001546	329	1098	7214009	0	0	0	nan	0	0	0	0	0	0	nan	0	0	0	0.001546	0.000015	0.001546	0.000015	nan	nan
41	A	72362	7218084	6724607	0.010761	329	1098	7217778	0	0	0	nan	0	0	0	0	0	0	nan	0	0	0	0.010761	0.000040	0.010761	0.000040	1.000000	0.003717
42	U	19810	7219100	6686017	0.002963	329	1098	7218807	0	0	0	nan	0	0	0	0	0	0	nan	0	0	0	0.002963	0.000021	0.002963	0.000021	0.849728	0.006022
43	U	10627	7221432	6624849	0.001604	332	1098	7221123	0	0	0	nan	0	0	0	0	0	0	nan	0	0	0	0.001604	0.000016	0.001604	0.000016	0.459994	0.004588
44	C	19260	7225199	6625020	0.002907	332	1098	7224873	0	0	0	nan	0	0	0	0	0	0	nan	0	0	0	0.002907	0.000021	0.002907	0.000021	0.952334	0.006880
45	A	31140	7227790	6635011	0.004693	335	1098	7227447	0	0	0	nan	0	0	0	0	0	0	nan	0	0	0	0.004693	0.000027	0.004693	0.000027	0.436112	0.002509
46	G	4870	7229933	6489757	0.000750	333	1098	7229587	0	0	0	nan	0	0	0	0	0	0	nan	0	0	0	0.000750	0.000011	0.000750	0.000011	nan	nan
47	G	11258	7234456	6561914	0.001716	332	1098	7234110	0	0	0	nan	0	0	0	0	0	0	nan	0	0	0	0.001716	0.000016	0.001716	0.000016	nan	nan
48	A	16087	7242115	6465318	0.002488	337	1098	7241761	0	0	0	nan	0	0	0	0	0	0	nan	0	0	0	0.002488	0.000020	0.002488	0.000020	0.231205	0.001859
49	G	18736	7243654	6549285	0.002861	337	1098	7243311	0	0	0	nan	0	0	0	0	0	0	nan	0	0	0	0.002861	0.000021	0.002861	0.000021	nan	nan
50	G	4157	7254787	6369401	0.000653	340	1098	7254485	0	0	0	nan	0	0	0	0	0	0	nan	0	0	0	0.000653	0.000010	0.000653	0.000010	nan	nan
51	U	22728	7258759	6518349	0.003487	339	1098	7258507	0	0	0	nan	0	0	0	0	0	0	nan	0	0	0	0.003487	0.000023	0.003487	0.000023	1.000000	0.006596
52	U	19040	7265249	6509656	0.002925	340	1098	7265044	0	0	0	nan	0	0	0	0	0	0	nan	0	0	0	0.002925	0.000021	0.002925	0.000021	0.838830	0.006022
53	A	50566	7269923	6752165	0.007489	339	1098	7269741	0	0	0	nan	0	0	0	0	0	0	nan	0	0	0	0.007489	0.000033	0.007489	0.000033	0.695939	0.003067
54	A	74956	7273272	6914327	0.010841	338	1098	7273138	0	0	0	nan	0	0	0	0	0	0	nan	0	0	0	0.010841	0.000040	0.010841	0.000040	1.007434	0.003717
55	U	12844	7274389	6848616	0.001875	338	1098	7274278	0	0	0	nan	0	0	0	0	0	0	nan	0	0	0	0.001875	0.000017	0.001875	0.000017	0.537711	0.004875
56	G	8281	7275365	6641432	0.001247	337	1098	7275273	0	0	0	nan	0	0	0	0	0	0	nan	0	0	0	0.001247	0.000014	0.001247	0.000014	nan	nan
57	G	0	7276467	6673309	0.000000	337	1098	7276414	0	0	0	nan	0	0	0	0	0	0	nan	0	0	0	0.000000	0.000000	0.000000	0.000000	nan	nan
58	A	0	7278717	63	0.000000	337	1098	7278717	0	0	0	nan	0	0	0	0	0	0	nan	0	0	0	0.000000	0.000000	nan	nan	nan	nan
59	A	0	7278651	52	0.000000	337	1098	7278651	0	0	0	nan	0	0	0	0	0	0	nan	0	0	0	0.000000	0.000000	nan	nan	nan	nan
60	G	0	7278587	32	0.000000	337	1098	7278587	0	0	0	nan	0	0	0	0	0	0	nan	0	0	0	0.000000	0.000000	nan	nan	nan	nan
61	u	0	7278528	0	nan	336	1098	7278528	0	0	0	nan	0	0	0	0	0	0	nan	0	0	0	nan	nan	nan	nan	nan	nan
62	a	0	7278412	0	nan	335	1097	7278412	0	0	0	nan	0	0	0	0	0	0	nan	0	0	0	nan	nan	nan	nan	nan	nan
63	a	0	7278344	0	nan	334	1097	7278344	0	0	0	nan	0	0	0	0	0	0	nan	0	0	0	nan	nan	nan	nan	nan	nan
64	a	0	7278314	0	nan	326	1097	7278314	0	0	0	nan	0	0	0	0	0	0	nan	0	0	0	nan	nan	nan	nan	nan	nan
65	g	0	7278288	0	nan	308	1002	7278288	0	0	0	nan	0	0	0	0	0	0	nan	0	0	0	nan	nan	nan	nan	nan	nan
66	g	0	7278257	0	nan	292	998	7278257	0	0	0	nan	0	0	0	0	0	0	nan	0	0	0	nan	nan	nan	nan	nan	nan
67	u	0	7278222	0	nan	289	994	7278222	0	0	0	nan	0	0	0	0	0	0	nan	0	0	0	nan	nan	nan	nan	nan	nan
68	a	0	7278190	0	nan	288	963	7278190	0	0	0	nan	0	0	0	0	0	0	nan	0	0	0	nan	nan	nan	nan	nan	nan
69	a	0	7278164	0	nan	287	961	7278164	0	0	0	nan	0	0	0	0	0	0	nan	0	0	0	nan	nan	nan	nan	nan	nan
70	u	0	7278150	0	nan	286	947	7278150	0	0	0	nan	0	0	0	0	0	0	nan	0	0	0	nan	nan	nan	nan	nan	nan
71	g	0	7278056	0	nan	285	944	7278056	0	0	0	nan	0	0	0	0	0	0	nan	0	0	0	nan	nan	nan	nan	nan	nan
72	a	0	7277991	0	nan	284	944	7277991	0	0	0	nan	0	0	0	0	0	0	nan	0	0	0	nan	nan	nan	nan	nan	nan
73	a	0	7277956	0	nan	284	942	7277956	0	0	0	nan	0	0	0	0	0	0	nan	0	0	0	nan	nan	nan	nan	nan	nan
74	g	0	7277925	0	nan	284	941	7277925	0	0	0	nan	0	0	0	0	0	0	nan	0	0	0	nan	nan	nan	nan	nan	nan
75	g	0	7277874	0	nan	284	939	7277874	0	0	0	nan	0	0	0	0	0	0	nan	0	0	0	nan	nan	nan	nan	nan	nan
76	u	0	7277764	0	nan	284	937	7277764	0	0	0	nan	0	0	0	0	0	0	nan	0	0	0	nan	nan	nan	nan	nan	nan
77	g	0	7277617	0	nan	284	932	7277617	0	0	0	nan	0	0	0	0	0	0	nan	0	0	0	nan	nan	nan	nan	nan	nan
78	a	0	7277476	0	nan	284	932	7277476	0	0	0	nan	0	0	0	0	0	0	nan	0	0	0	nan	nan	nan	nan	nan	nan
79	a	0	7271803	0	nan	281	927	7271803	0	0	0	nan	0	0	0	0	0	0	nan	0	0	0	nan	nan	nan	nan	nan	nan
80	g	0	7268930	0	nan	280	909	7268930	0	0	0	nan	0	0	0	0	0	0	nan	0	0	0	nan	nan	nan	nan	nan	nan