Nucleotide	Sequence	Modified_mutations	Modified_read_depth	Modified_effective_depth	Modified_rate	Modified_off_target_mapped_depth	Modified_low_mapq_mapped_depth	Modified_primer_pair_1_mapped_depth	Untreated_mutations	Untreated_read_depth	Untreated_effective_depth	Untreated_rate	Untreated_off_target_mapped_depth	Untreated_low_mapq_mapped_depth	Untreated_primer_pair_1_mapped_depth	Denatured_mutations	Denatured_read_depth	Denatured_effective_depth	Denatured_rate	Denatured_off_target_mapped_depth	Denatured_low_mapq_mapped_depth	Denatured_primer_pair_1_mapped_depth	Reactivity_profile	Std_err	HQ_profile	HQ_stderr	Norm_profile	Norm_stderr
1	g	0	211191	0	nan	3	0	211191	0	0	0	nan	0	0	0	0	0	0	nan	0	0	0	nan	nan	nan	nan	nan	nan
2	g	0	211636	0	nan	3	0	211636	0	0	0	nan	0	0	0	0	0	0	nan	0	0	0	nan	nan	nan	nan	nan	nan
3	c	0	211743	0	nan	4	0	211743	0	0	0	nan	0	0	0	0	0	0	nan	0	0	0	nan	nan	nan	nan	nan	nan
4	a	0	213159	0	nan	8	0	213159	0	0	0	nan	0	0	0	0	0	0	nan	0	0	0	nan	nan	nan	nan	nan	nan
5	c	0	213223	0	nan	8	0	213223	0	0	0	nan	0	0	0	0	0	0	nan	0	0	0	nan	nan	nan	nan	nan	nan
6	c	0	213245	0	nan	8	0	213245	0	0	0	nan	0	0	0	0	0	0	nan	0	0	0	nan	nan	nan	nan	nan	nan
7	u	0	213246	0	nan	8	0	213246	0	0	0	nan	0	0	0	0	0	0	nan	0	0	0	nan	nan	nan	nan	nan	nan
8	c	0	213248	0	nan	8	0	213248	0	0	0	nan	0	0	0	0	0	0	nan	0	0	0	nan	nan	nan	nan	nan	nan
9	a	0	213250	0	nan	8	0	213250	0	0	0	nan	0	0	0	0	0	0	nan	0	0	0	nan	nan	nan	nan	nan	nan
10	u	0	213265	0	nan	8	0	213265	0	0	0	nan	0	0	0	0	0	0	nan	0	0	0	nan	nan	nan	nan	nan	nan
11	a	0	213277	0	nan	8	0	213277	0	0	0	nan	0	0	0	0	0	0	nan	0	0	0	nan	nan	nan	nan	nan	nan
12	a	0	213290	0	nan	8	0	213290	0	0	0	nan	0	0	0	0	0	0	nan	0	0	0	nan	nan	nan	nan	nan	nan
13	c	0	213293	0	nan	8	0	213293	0	0	0	nan	0	0	0	0	0	0	nan	0	0	0	nan	nan	nan	nan	nan	nan
14	a	0	213297	0	nan	8	0	213297	0	0	0	nan	0	0	0	0	0	0	nan	0	0	0	nan	nan	nan	nan	nan	nan
15	u	0	213298	0	nan	8	0	213298	0	0	0	nan	0	0	0	0	0	0	nan	0	0	0	nan	nan	nan	nan	nan	nan
16	a	0	213300	0	nan	8	0	213300	0	0	0	nan	0	0	0	0	0	0	nan	0	0	0	nan	nan	nan	nan	nan	nan
17	a	0	213302	0	nan	8	0	213302	0	0	0	nan	0	0	0	0	0	0	nan	0	0	0	nan	nan	nan	nan	nan	nan
18	c	0	213307	0	nan	8	0	213307	0	0	0	nan	0	0	0	0	0	0	nan	0	0	0	nan	nan	nan	nan	nan	nan
19	U	0	213310	2	0.000000	8	0	213310	0	0	0	nan	0	0	0	0	0	0	nan	0	0	0	0.000000	0.000000	nan	nan	nan	nan
20	A	0	213319	7	0.000000	8	0	213319	0	0	0	nan	0	0	0	0	0	0	nan	0	0	0	0.000000	0.000000	nan	nan	nan	nan
21	A	0	213331	15	0.000000	8	0	213331	0	0	0	nan	0	0	0	0	0	0	nan	0	0	0	0.000000	0.000000	nan	nan	nan	nan
22	G	0	213339	210892	0.000000	8	0	213339	0	0	0	nan	0	0	0	0	0	0	nan	0	0	0	0.000000	0.000000	0.000000	0.000000	0.000000	0.000000
23	G	407	213342	200165	0.002033	8	0	213342	0	0	0	nan	0	0	0	0	0	0	nan	0	0	0	0.002033	0.000101	0.002033	0.000101	0.864738	0.042960
24	C	1832	213357	204558	0.008956	8	0	213357	0	0	0	nan	0	0	0	0	0	0	nan	0	0	0	0.008956	0.000209	0.008956	0.000209	1.517452	0.035412
25	A	2763	213374	205095	0.013472	8	0	213374	0	0	0	nan	0	0	0	0	0	0	nan	0	0	0	0.013472	0.000256	0.013472	0.000256	0.465258	0.008841
26	G	325	213386	202747	0.001603	8	0	213386	0	0	0	nan	0	0	0	0	0	0	nan	0	0	0	0.001603	0.000089	0.001603	0.000089	0.681838	0.037856
27	A	5982	213393	210022	0.028483	8	0	213392	0	0	0	nan	0	0	0	0	0	0	nan	0	0	0	0.028483	0.000368	0.028483	0.000368	0.983665	0.012709
28	U	1140	213398	209754	0.005435	8	0	213396	0	0	0	nan	0	0	0	0	0	0	nan	0	0	0	0.005435	0.000161	0.005435	0.000161	1.133886	0.033589
29	C	10975	213400	210307	0.052186	8	0	213398	0	0	0	nan	0	0	0	0	0	0	nan	0	0	0	0.052186	0.000498	0.052186	0.000498	8.842087	0.084378
30	U	1031	213400	210220	0.004904	8	0	213396	0	0	0	nan	0	0	0	0	0	0	nan	0	0	0	0.004904	0.000153	0.004904	0.000153	1.023105	0.031920
31	G	326	213402	207585	0.001570	8	0	213395	0	0	0	nan	0	0	0	0	0	0	nan	0	0	0	0.001570	0.000087	0.001570	0.000087	0.667801	0.037006
32	A	1758	213405	209975	0.008372	8	0	213395	0	0	0	nan	0	0	0	0	0	0	nan	0	0	0	0.008372	0.000200	0.008372	0.000200	0.289128	0.006907
33	G	400	213405	196923	0.002031	8	0	213394	0	0	0	nan	0	0	0	0	0	0	nan	0	0	0	0.002031	0.000102	0.002031	0.000102	0.863888	0.043386
34	C	928	213408	200360	0.004632	8	0	213397	0	0	0	nan	0	0	0	0	0	0	nan	0	0	0	0.004632	0.000152	0.004632	0.000152	0.784819	0.025754
35	C	793	213415	200554	0.003954	8	0	213396	0	0	0	nan	0	0	0	0	0	0	nan	0	0	0	0.003954	0.000140	0.003954	0.000140	0.669942	0.023721
36	U	908	213417	203520	0.004461	8	0	213376	0	0	0	nan	0	0	0	0	0	0	nan	0	0	0	0.004461	0.000148	0.004461	0.000148	0.930684	0.030877
37	G	442	213451	203786	0.002169	8	0	213394	0	0	0	nan	0	0	0	0	0	0	nan	0	0	0	0.002169	0.000103	0.002169	0.000103	0.922586	0.043811
38	G	232	213510	204626	0.001134	8	0	213487	0	0	0	nan	0	0	0	0	0	0	nan	0	0	0	0.001134	0.000074	0.001134	0.000074	0.482348	0.031476
39	G	412	213513	204684	0.002013	8	0	213496	0	0	0	nan	0	0	0	0	0	0	nan	0	0	0	0.002013	0.000099	0.002013	0.000099	0.856231	0.042110
40	G	379	213512	205395	0.001845	8	0	213498	0	0	0	nan	0	0	0	0	0	0	nan	0	0	0	0.001845	0.000095	0.001845	0.000095	0.784772	0.040408
41	G	477	213512	201255	0.002370	8	0	213504	0	0	0	nan	0	0	0	0	0	0	nan	0	0	0	0.002370	0.000109	0.002370	0.000109	1.008082	0.046363
42	C	659	213514	211967	0.003109	8	0	213507	0	0	0	nan	0	0	0	0	0	0	nan	0	0	0	0.003109	0.000121	0.003109	0.000121	0.526771	0.020502
43	U	739	213514	212287	0.003481	8	0	213507	0	0	0	nan	0	0	0	0	0	0	nan	0	0	0	0.003481	0.000128	0.003481	0.000128	0.726230	0.026704
44	C	510	213514	212410	0.002401	8	0	213508	0	0	0	nan	0	0	0	0	0	0	nan	0	0	0	0.002401	0.000106	0.002401	0.000106	0.406811	0.017960
45	U	931	213514	212394	0.004383	8	0	213508	0	0	0	nan	0	0	0	0	0	0	nan	0	0	0	0.004383	0.000144	0.004383	0.000144	0.914411	0.030042
46	C	979	213518	212471	0.004608	8	0	213514	0	0	0	nan	0	0	0	0	0	0	nan	0	0	0	0.004608	0.000147	0.004608	0.000147	0.780752	0.024907
47	U	900	213520	212356	0.004238	8	0	213507	0	0	0	nan	0	0	0	0	0	0	nan	0	0	0	0.004238	0.000141	0.004238	0.000141	0.884160	0.029416
48	G	488	213518	207543	0.002351	8	0	213498	0	0	0	nan	0	0	0	0	0	0	nan	0	0	0	0.002351	0.000106	0.002351	0.000106	1.000000	0.045087
49	C	1247	213520	211274	0.005902	7	0	213504	0	0	0	nan	0	0	0	0	0	0	nan	0	0	0	0.005902	0.000167	0.005902	0.000167	1.000000	0.028295
50	C	1181	213524	210815	0.005602	7	0	213514	0	0	0	nan	0	0	0	0	0	0	nan	0	0	0	0.005602	0.000163	0.005602	0.000163	0.949170	0.027618
51	A	6428	213529	211621	0.030375	7	0	213527	0	0	0	nan	0	0	0	0	0	0	nan	0	0	0	0.030375	0.000379	0.030375	0.000379	1.049005	0.013089
52	A	0	213530	211752	0.000000	7	0	213530	0	0	0	nan	0	0	0	0	0	0	nan	0	0	0	0.000000	0.000000	0.000000	0.000000	0.000000	0.000000
53	U	0	213526	62	0.000000	4	0	213526	0	0	0	nan	0	0	0	0	0	0	nan	0	0	0	0.000000	0.000000	nan	nan	nan	nan
54	C	0	213436	1	0.000000	4	0	213436	0	0	0	nan	0	0	0	0	0	0	nan	0	0	0	0.000000	0.000000	nan	nan	nan	nan
55	C	0	213436	1	0.000000	4	0	213436	0	0	0	nan	0	0	0	0	0	0	nan	0	0	0	0.000000	0.000000	nan	nan	nan	nan
56	a	0	213435	0	nan	4	0	213435	0	0	0	nan	0	0	0	0	0	0	nan	0	0	0	nan	nan	nan	nan	nan	nan
57	c	0	213435	0	nan	4	0	213435	0	0	0	nan	0	0	0	0	0	0	nan	0	0	0	nan	nan	nan	nan	nan	nan
58	u	0	213435	0	nan	4	0	213435	0	0	0	nan	0	0	0	0	0	0	nan	0	0	0	nan	nan	nan	nan	nan	nan
59	a	0	213435	0	nan	4	0	213435	0	0	0	nan	0	0	0	0	0	0	nan	0	0	0	nan	nan	nan	nan	nan	nan
60	a	0	213435	0	nan	4	0	213435	0	0	0	nan	0	0	0	0	0	0	nan	0	0	0	nan	nan	nan	nan	nan	nan
61	c	0	213435	0	nan	0	0	213435	0	0	0	nan	0	0	0	0	0	0	nan	0	0	0	nan	nan	nan	nan	nan	nan
62	c	0	213435	0	nan	0	0	213435	0	0	0	nan	0	0	0	0	0	0	nan	0	0	0	nan	nan	nan	nan	nan	nan
63	u	0	213435	0	nan	0	0	213435	0	0	0	nan	0	0	0	0	0	0	nan	0	0	0	nan	nan	nan	nan	nan	nan
64	c	0	213435	0	nan	0	0	213435	0	0	0	nan	0	0	0	0	0	0	nan	0	0	0	nan	nan	nan	nan	nan	nan
65	a	0	213435	0	nan	0	0	213435	0	0	0	nan	0	0	0	0	0	0	nan	0	0	0	nan	nan	nan	nan	nan	nan
66	c	0	213435	0	nan	0	0	213435	0	0	0	nan	0	0	0	0	0	0	nan	0	0	0	nan	nan	nan	nan	nan	nan
67	u	0	213435	0	nan	0	0	213435	0	0	0	nan	0	0	0	0	0	0	nan	0	0	0	nan	nan	nan	nan	nan	nan
68	c	0	213435	0	nan	0	0	213435	0	0	0	nan	0	0	0	0	0	0	nan	0	0	0	nan	nan	nan	nan	nan	nan
69	a	0	213434	0	nan	0	0	213434	0	0	0	nan	0	0	0	0	0	0	nan	0	0	0	nan	nan	nan	nan	nan	nan
70	c	0	213416	0	nan	0	0	213416	0	0	0	nan	0	0	0	0	0	0	nan	0	0	0	nan	nan	nan	nan	nan	nan
71	a	0	213408	0	nan	0	0	213408	0	0	0	nan	0	0	0	0	0	0	nan	0	0	0	nan	nan	nan	nan	nan	nan
72	a	0	213355	0	nan	0	0	213355	0	0	0	nan	0	0	0	0	0	0	nan	0	0	0	nan	nan	nan	nan	nan	nan
73	u	0	213247	0	nan	0	0	213247	0	0	0	nan	0	0	0	0	0	0	nan	0	0	0	nan	nan	nan	nan	nan	nan
74	c	0	212990	0	nan	0	0	212990	0	0	0	nan	0	0	0	0	0	0	nan	0	0	0	nan	nan	nan	nan	nan	nan