Nucleotide	Sequence	Modified_mutations	Modified_read_depth	Modified_effective_depth	Modified_rate	Modified_off_target_mapped_depth	Modified_low_mapq_mapped_depth	Modified_primer_pair_1_mapped_depth	Untreated_mutations	Untreated_read_depth	Untreated_effective_depth	Untreated_rate	Untreated_off_target_mapped_depth	Untreated_low_mapq_mapped_depth	Untreated_primer_pair_1_mapped_depth	Denatured_mutations	Denatured_read_depth	Denatured_effective_depth	Denatured_rate	Denatured_off_target_mapped_depth	Denatured_low_mapq_mapped_depth	Denatured_primer_pair_1_mapped_depth	Reactivity_profile	Std_err	HQ_profile	HQ_stderr	Norm_profile	Norm_stderr
1	g	0	148524	0	nan	0	24	148524	0	0	0	nan	0	0	0	0	0	0	nan	0	0	0	nan	nan	nan	nan	nan	nan
2	g	0	150185	0	nan	0	24	150185	0	0	0	nan	0	0	0	0	0	0	nan	0	0	0	nan	nan	nan	nan	nan	nan
3	u	0	150482	0	nan	0	24	150482	0	0	0	nan	0	0	0	0	0	0	nan	0	0	0	nan	nan	nan	nan	nan	nan
4	g	0	150680	0	nan	0	24	150680	0	0	0	nan	0	0	0	0	0	0	nan	0	0	0	nan	nan	nan	nan	nan	nan
5	u	0	150887	0	nan	0	24	150887	0	0	0	nan	0	0	0	0	0	0	nan	0	0	0	nan	nan	nan	nan	nan	nan
6	a	0	151014	0	nan	0	24	151014	0	0	0	nan	0	0	0	0	0	0	nan	0	0	0	nan	nan	nan	nan	nan	nan
7	a	0	151041	0	nan	0	24	151041	0	0	0	nan	0	0	0	0	0	0	nan	0	0	0	nan	nan	nan	nan	nan	nan
8	g	0	151067	0	nan	0	24	151067	0	0	0	nan	0	0	0	0	0	0	nan	0	0	0	nan	nan	nan	nan	nan	nan
9	g	0	151082	0	nan	0	24	151082	0	0	0	nan	0	0	0	0	0	0	nan	0	0	0	nan	nan	nan	nan	nan	nan
10	g	0	151114	0	nan	0	24	151114	0	0	0	nan	0	0	0	0	0	0	nan	0	0	0	nan	nan	nan	nan	nan	nan
11	u	0	151178	0	nan	0	24	151178	0	0	0	nan	0	0	0	0	0	0	nan	0	0	0	nan	nan	nan	nan	nan	nan
12	g	0	151519	0	nan	1	28	151519	0	0	0	nan	0	0	0	0	0	0	nan	0	0	0	nan	nan	nan	nan	nan	nan
13	a	0	151867	0	nan	2	28	151867	0	0	0	nan	0	0	0	0	0	0	nan	0	0	0	nan	nan	nan	nan	nan	nan
14	a	0	152049	0	nan	3	28	152049	0	0	0	nan	0	0	0	0	0	0	nan	0	0	0	nan	nan	nan	nan	nan	nan
15	g	0	152150	0	nan	6	28	152150	0	0	0	nan	0	0	0	0	0	0	nan	0	0	0	nan	nan	nan	nan	nan	nan
16	u	0	152266	0	nan	6	28	152266	0	0	0	nan	0	0	0	0	0	0	nan	0	0	0	nan	nan	nan	nan	nan	nan
17	g	0	152311	0	nan	6	29	152311	0	0	0	nan	0	0	0	0	0	0	nan	0	0	0	nan	nan	nan	nan	nan	nan
18	u	0	152347	0	nan	6	29	152347	0	0	0	nan	0	0	0	0	0	0	nan	0	0	0	nan	nan	nan	nan	nan	nan
19	a	0	152384	0	nan	6	31	152384	0	0	0	nan	0	0	0	0	0	0	nan	0	0	0	nan	nan	nan	nan	nan	nan
20	A	0	152419	20	0.000000	6	31	152419	0	0	0	nan	0	0	0	0	0	0	nan	0	0	0	0.000000	0.000000	nan	nan	nan	nan
21	G	0	152432	13	0.000000	6	31	152432	0	0	0	nan	0	0	0	0	0	0	nan	0	0	0	0.000000	0.000000	nan	nan	nan	nan
22	G	0	152449	12	0.000000	6	31	152449	0	0	0	nan	0	0	0	0	0	0	nan	0	0	0	0.000000	0.000000	nan	nan	nan	nan
23	U	0	152475	138227	0.000000	6	31	152475	0	0	0	nan	0	0	0	0	0	0	nan	0	0	0	0.000000	0.000000	0.000000	0.000000	0.000000	0.000000
24	U	278	152494	139147	0.001998	6	31	152494	0	0	0	nan	0	0	0	0	0	0	nan	0	0	0	0.001998	0.000120	0.001998	0.000120	0.737542	0.044297
25	G	131	152602	137587	0.000952	6	31	152602	0	0	0	nan	0	0	0	0	0	0	nan	0	0	0	0.000952	0.000083	0.000952	0.000083	0.439875	0.038350
26	A	594	152780	140301	0.004234	6	31	152780	0	0	0	nan	0	0	0	0	0	0	nan	0	0	0	0.004234	0.000174	0.004234	0.000174	0.854318	0.035109
27	C	4935	152832	135875	0.036320	6	31	152831	0	0	0	nan	0	0	0	0	0	0	nan	0	0	0	0.036320	0.000517	0.036320	0.000517	1.822973	0.025949
28	C	454	152875	136186	0.003334	6	31	152873	0	0	0	nan	0	0	0	0	0	0	nan	0	0	0	0.003334	0.000156	0.003334	0.000156	0.167340	0.007830
29	U	457	152960	135838	0.003364	6	31	152958	0	0	0	nan	0	0	0	0	0	0	nan	0	0	0	0.003364	0.000157	0.003364	0.000157	1.241787	0.057955
30	U	185	153125	137604	0.001344	6	31	153123	0	0	0	nan	0	0	0	0	0	0	nan	0	0	0	0.001344	0.000099	0.001344	0.000099	0.496124	0.036545
31	U	201	153286	137714	0.001460	6	31	153284	0	0	0	nan	0	0	0	0	0	0	nan	0	0	0	0.001460	0.000103	0.001460	0.000103	0.538944	0.038021
32	U	289	153389	139300	0.002075	6	31	153386	0	0	0	nan	0	0	0	0	0	0	nan	0	0	0	0.002075	0.000122	0.002075	0.000122	0.765965	0.045035
33	G	36	154292	141362	0.000255	6	31	154288	0	0	0	nan	0	0	0	0	0	0	nan	0	0	0	0.000255	0.000042	0.000255	0.000042	0.117824	0.019406
34	A	467	154586	149534	0.003123	6	31	154582	0	0	0	nan	0	0	0	0	0	0	nan	0	0	0	0.003123	0.000145	0.003123	0.000145	0.630145	0.029257
35	A	428	154656	148661	0.002879	6	31	154650	0	0	0	nan	0	0	0	0	0	0	nan	0	0	0	0.002879	0.000139	0.002879	0.000139	0.580912	0.028047
36	U	78	154673	147888	0.000527	6	31	154667	0	0	0	nan	0	0	0	0	0	0	nan	0	0	0	0.000527	0.000060	0.000527	0.000060	0.194537	0.022148
37	A	4981	154690	142457	0.034965	6	31	154684	0	0	0	nan	0	0	0	0	0	0	nan	0	0	0	0.034965	0.000495	0.034965	0.000495	7.055085	0.099879
38	G	207	154708	141019	0.001468	6	31	154702	0	0	0	nan	0	0	0	0	0	0	nan	0	0	0	0.001468	0.000102	0.001468	0.000102	0.678295	0.047129
39	U	187	154712	141302	0.001323	6	31	154705	0	0	0	nan	0	0	0	0	0	0	nan	0	0	0	0.001323	0.000097	0.001323	0.000097	0.488372	0.035807
40	G	175	154728	144275	0.001213	6	31	154722	0	0	0	nan	0	0	0	0	0	0	nan	0	0	0	0.001213	0.000092	0.001213	0.000092	0.560471	0.042509
41	A	1164	154817	143910	0.008088	6	31	154812	0	0	0	nan	0	0	0	0	0	0	nan	0	0	0	0.008088	0.000237	0.008088	0.000237	1.631961	0.047821
42	U	352	154837	142975	0.002462	14	31	154832	0	0	0	nan	0	0	0	0	0	0	nan	0	0	0	0.002462	0.000131	0.002462	0.000131	0.908822	0.048357
43	U	192	154882	141861	0.001353	14	31	154877	0	0	0	nan	0	0	0	0	0	0	nan	0	0	0	0.001353	0.000098	0.001353	0.000098	0.499446	0.036176
44	C	500	154964	141766	0.003527	14	31	154956	0	0	0	nan	0	0	0	0	0	0	nan	0	0	0	0.003527	0.000158	0.003527	0.000158	0.177027	0.007930
45	A	468	155032	142229	0.003290	13	31	155024	0	0	0	nan	0	0	0	0	0	0	nan	0	0	0	0.003290	0.000152	0.003290	0.000152	0.663842	0.030670
46	G	56	155092	138993	0.000403	13	31	155084	0	0	0	nan	0	0	0	0	0	0	nan	0	0	0	0.000403	0.000054	0.000403	0.000054	0.186208	0.024951
47	G	244	155205	140063	0.001742	13	31	155199	0	0	0	nan	0	0	0	0	0	0	nan	0	0	0	0.001742	0.000112	0.001742	0.000112	0.804898	0.051750
48	A	225	155412	137860	0.001632	15	31	155406	0	0	0	nan	0	0	0	0	0	0	nan	0	0	0	0.001632	0.000109	0.001632	0.000109	0.329298	0.021994
49	G	478	155482	139321	0.003431	15	31	155477	0	0	0	nan	0	0	0	0	0	0	nan	0	0	0	0.003431	0.000157	0.003431	0.000157	1.585307	0.072542
50	G	57	155732	136146	0.000419	16	31	155728	0	0	0	nan	0	0	0	0	0	0	nan	0	0	0	0.000419	0.000055	0.000419	0.000055	0.193601	0.025413
51	U	377	155943	139154	0.002709	16	31	155941	0	0	0	nan	0	0	0	0	0	0	nan	0	0	0	0.002709	0.000140	0.002709	0.000140	1.000000	0.051680
52	U	294	156153	139066	0.002114	16	31	156151	0	0	0	nan	0	0	0	0	0	0	nan	0	0	0	0.002114	0.000123	0.002114	0.000123	0.780362	0.045404
53	A	509	156316	145284	0.003503	16	31	156314	0	0	0	nan	0	0	0	0	0	0	nan	0	0	0	0.003503	0.000155	0.003503	0.000155	0.706820	0.031275
54	A	735	156381	148319	0.004956	16	31	156380	0	0	0	nan	0	0	0	0	0	0	nan	0	0	0	0.004956	0.000183	0.004956	0.000183	1.000000	0.036925
55	U	197	156424	146407	0.001346	16	31	156423	0	0	0	nan	0	0	0	0	0	0	nan	0	0	0	0.001346	0.000096	0.001346	0.000096	0.496862	0.035437
56	G	122	156452	141259	0.000864	16	31	156451	0	0	0	nan	0	0	0	0	0	0	nan	0	0	0	0.000864	0.000078	0.000864	0.000078	0.399215	0.036040
57	G	0	156513	141547	0.000000	16	31	156512	0	0	0	nan	0	0	0	0	0	0	nan	0	0	0	0.000000	0.000000	0.000000	0.000000	0.000000	0.000000
58	A	0	156572	0	nan	16	31	156572	0	0	0	nan	0	0	0	0	0	0	nan	0	0	0	nan	nan	nan	nan	nan	nan
59	A	0	156572	1	0.000000	16	31	156572	0	0	0	nan	0	0	0	0	0	0	nan	0	0	0	0.000000	0.000000	nan	nan	nan	nan
60	G	0	156571	1	0.000000	16	31	156571	0	0	0	nan	0	0	0	0	0	0	nan	0	0	0	0.000000	0.000000	nan	nan	nan	nan
61	u	0	156570	0	nan	16	31	156570	0	0	0	nan	0	0	0	0	0	0	nan	0	0	0	nan	nan	nan	nan	nan	nan
62	a	0	156565	0	nan	16	31	156565	0	0	0	nan	0	0	0	0	0	0	nan	0	0	0	nan	nan	nan	nan	nan	nan
63	a	0	156564	0	nan	16	31	156564	0	0	0	nan	0	0	0	0	0	0	nan	0	0	0	nan	nan	nan	nan	nan	nan
64	a	0	156564	0	nan	16	31	156564	0	0	0	nan	0	0	0	0	0	0	nan	0	0	0	nan	nan	nan	nan	nan	nan
65	g	0	156564	0	nan	16	27	156564	0	0	0	nan	0	0	0	0	0	0	nan	0	0	0	nan	nan	nan	nan	nan	nan
66	g	0	156564	0	nan	16	27	156564	0	0	0	nan	0	0	0	0	0	0	nan	0	0	0	nan	nan	nan	nan	nan	nan
67	u	0	156564	0	nan	16	27	156564	0	0	0	nan	0	0	0	0	0	0	nan	0	0	0	nan	nan	nan	nan	nan	nan
68	a	0	156563	0	nan	16	22	156563	0	0	0	nan	0	0	0	0	0	0	nan	0	0	0	nan	nan	nan	nan	nan	nan
69	a	0	156562	0	nan	16	22	156562	0	0	0	nan	0	0	0	0	0	0	nan	0	0	0	nan	nan	nan	nan	nan	nan
70	u	0	156561	0	nan	16	18	156561	0	0	0	nan	0	0	0	0	0	0	nan	0	0	0	nan	nan	nan	nan	nan	nan
71	g	0	156558	0	nan	16	18	156558	0	0	0	nan	0	0	0	0	0	0	nan	0	0	0	nan	nan	nan	nan	nan	nan
72	a	0	156557	0	nan	16	18	156557	0	0	0	nan	0	0	0	0	0	0	nan	0	0	0	nan	nan	nan	nan	nan	nan
73	a	0	156555	0	nan	16	18	156555	0	0	0	nan	0	0	0	0	0	0	nan	0	0	0	nan	nan	nan	nan	nan	nan
74	g	0	156554	0	nan	16	18	156554	0	0	0	nan	0	0	0	0	0	0	nan	0	0	0	nan	nan	nan	nan	nan	nan
75	g	0	156552	0	nan	16	18	156552	0	0	0	nan	0	0	0	0	0	0	nan	0	0	0	nan	nan	nan	nan	nan	nan
76	u	0	156548	0	nan	16	18	156548	0	0	0	nan	0	0	0	0	0	0	nan	0	0	0	nan	nan	nan	nan	nan	nan
77	g	0	156546	0	nan	16	18	156546	0	0	0	nan	0	0	0	0	0	0	nan	0	0	0	nan	nan	nan	nan	nan	nan
78	a	0	156545	0	nan	16	18	156545	0	0	0	nan	0	0	0	0	0	0	nan	0	0	0	nan	nan	nan	nan	nan	nan
79	a	0	156405	0	nan	16	18	156405	0	0	0	nan	0	0	0	0	0	0	nan	0	0	0	nan	nan	nan	nan	nan	nan
80	g	0	156265	0	nan	16	18	156265	0	0	0	nan	0	0	0	0	0	0	nan	0	0	0	nan	nan	nan	nan	nan	nan