Nucleotide	Sequence	Modified_mutations	Modified_read_depth	Modified_effective_depth	Modified_rate	Modified_off_target_mapped_depth	Modified_low_mapq_mapped_depth	Modified_primer_pair_1_mapped_depth	Untreated_mutations	Untreated_read_depth	Untreated_effective_depth	Untreated_rate	Untreated_off_target_mapped_depth	Untreated_low_mapq_mapped_depth	Untreated_primer_pair_1_mapped_depth	Denatured_mutations	Denatured_read_depth	Denatured_effective_depth	Denatured_rate	Denatured_off_target_mapped_depth	Denatured_low_mapq_mapped_depth	Denatured_primer_pair_1_mapped_depth	Reactivity_profile	Std_err	HQ_profile	HQ_stderr	Norm_profile	Norm_stderr
1	g	0	387886	0	nan	0	23	387886	0	0	0	nan	0	0	0	0	0	0	nan	0	0	0	nan	nan	nan	nan	nan	nan
2	g	0	388248	0	nan	0	23	388248	0	0	0	nan	0	0	0	0	0	0	nan	0	0	0	nan	nan	nan	nan	nan	nan
3	u	0	388403	0	nan	0	23	388403	0	0	0	nan	0	0	0	0	0	0	nan	0	0	0	nan	nan	nan	nan	nan	nan
4	g	0	388455	0	nan	0	23	388455	0	0	0	nan	0	0	0	0	0	0	nan	0	0	0	nan	nan	nan	nan	nan	nan
5	u	0	388537	0	nan	0	23	388537	0	0	0	nan	0	0	0	0	0	0	nan	0	0	0	nan	nan	nan	nan	nan	nan
6	a	0	388538	0	nan	0	23	388538	0	0	0	nan	0	0	0	0	0	0	nan	0	0	0	nan	nan	nan	nan	nan	nan
7	a	0	388541	0	nan	0	23	388541	0	0	0	nan	0	0	0	0	0	0	nan	0	0	0	nan	nan	nan	nan	nan	nan
8	g	0	388548	0	nan	0	23	388548	0	0	0	nan	0	0	0	0	0	0	nan	0	0	0	nan	nan	nan	nan	nan	nan
9	g	0	388897	0	nan	0	23	388897	0	0	0	nan	0	0	0	0	0	0	nan	0	0	0	nan	nan	nan	nan	nan	nan
10	g	0	464601	0	nan	0	23	464601	0	0	0	nan	0	0	0	0	0	0	nan	0	0	0	nan	nan	nan	nan	nan	nan
11	u	0	465103	0	nan	0	23	465103	0	0	0	nan	0	0	0	0	0	0	nan	0	0	0	nan	nan	nan	nan	nan	nan
12	g	0	465547	0	nan	0	23	465547	0	0	0	nan	0	0	0	0	0	0	nan	0	0	0	nan	nan	nan	nan	nan	nan
13	a	0	465574	0	nan	0	23	465574	0	0	0	nan	0	0	0	0	0	0	nan	0	0	0	nan	nan	nan	nan	nan	nan
14	a	0	465575	0	nan	0	23	465575	0	0	0	nan	0	0	0	0	0	0	nan	0	0	0	nan	nan	nan	nan	nan	nan
15	g	0	465576	0	nan	1	23	465576	0	0	0	nan	0	0	0	0	0	0	nan	0	0	0	nan	nan	nan	nan	nan	nan
16	u	0	465595	0	nan	1	23	465595	0	0	0	nan	0	0	0	0	0	0	nan	0	0	0	nan	nan	nan	nan	nan	nan
17	g	0	465631	0	nan	1	23	465631	0	0	0	nan	0	0	0	0	0	0	nan	0	0	0	nan	nan	nan	nan	nan	nan
18	u	0	465715	0	nan	1	23	465715	0	0	0	nan	0	0	0	0	0	0	nan	0	0	0	nan	nan	nan	nan	nan	nan
19	a	0	465832	0	nan	1	23	465832	0	0	0	nan	0	0	0	0	0	0	nan	0	0	0	nan	nan	nan	nan	nan	nan
20	A	0	466066	228	0.000000	1	23	466066	0	0	0	nan	0	0	0	0	0	0	nan	0	0	0	0.000000	0.000000	nan	nan	nan	nan
21	G	0	466327	474	0.000000	1	23	466327	0	0	0	nan	0	0	0	0	0	0	nan	0	0	0	0.000000	0.000000	nan	nan	nan	nan
22	G	0	466521	658	0.000000	1	23	466521	0	0	0	nan	0	0	0	0	0	0	nan	0	0	0	0.000000	0.000000	nan	nan	nan	nan
23	U	0	466545	465456	0.000000	1	23	466545	0	0	0	nan	0	0	0	0	0	0	nan	0	0	0	0.000000	0.000000	0.000000	0.000000	nan	nan
24	U	364	466550	465438	0.000782	1	23	466550	0	0	0	nan	0	0	0	0	0	0	nan	0	0	0	0.000782	0.000041	0.000782	0.000041	nan	nan
25	G	212	466552	465472	0.000455	1	23	466552	0	0	0	nan	0	0	0	0	0	0	nan	0	0	0	0.000455	0.000031	0.000455	0.000031	nan	nan
26	A	161	466552	461327	0.000349	1	23	466552	0	0	0	nan	0	0	0	0	0	0	nan	0	0	0	0.000349	0.000028	0.000349	0.000028	0.126909	0.010182
27	A	1268	466553	461077	0.002750	1	23	466553	0	0	0	nan	0	0	0	0	0	0	nan	0	0	0	0.002750	0.000077	0.002750	0.000077	1.000000	0.028000
28	C	347	466559	460356	0.000754	1	23	466559	0	0	0	nan	0	0	0	0	0	0	nan	0	0	0	0.000754	0.000040	0.000754	0.000040	nan	nan
29	U	434	466561	464126	0.000935	1	23	466561	0	0	0	nan	0	0	0	0	0	0	nan	0	0	0	0.000935	0.000045	0.000935	0.000045	nan	nan
30	U	416	466569	464125	0.000896	1	23	466569	0	0	0	nan	0	0	0	0	0	0	nan	0	0	0	0.000896	0.000044	0.000896	0.000044	nan	nan
31	U	520	466582	464952	0.001118	1	23	466582	0	0	0	nan	0	0	0	0	0	0	nan	0	0	0	0.001118	0.000049	0.001118	0.000049	nan	nan
32	U	318	466622	465630	0.000683	1	23	466621	0	0	0	nan	0	0	0	0	0	0	nan	0	0	0	0.000683	0.000038	0.000683	0.000038	nan	nan
33	G	196	466670	465711	0.000421	1	23	466668	0	0	0	nan	0	0	0	0	0	0	nan	0	0	0	0.000421	0.000030	0.000421	0.000030	nan	nan
34	A	191	466698	465935	0.000410	2	23	466695	0	0	0	nan	0	0	0	0	0	0	nan	0	0	0	0.000410	0.000030	0.000410	0.000030	0.149091	0.010909
35	A	186	466698	465614	0.000399	2	23	466695	0	0	0	nan	0	0	0	0	0	0	nan	0	0	0	0.000399	0.000029	0.000399	0.000029	0.145091	0.010545
36	U	298	466699	465619	0.000640	2	23	466695	0	0	0	nan	0	0	0	0	0	0	nan	0	0	0	0.000640	0.000037	0.000640	0.000037	nan	nan
37	A	269	466699	465743	0.000578	2	23	466695	0	0	0	nan	0	0	0	0	0	0	nan	0	0	0	0.000578	0.000035	0.000578	0.000035	0.210182	0.012727
38	G	258	466702	465267	0.000555	2	24	466698	0	0	0	nan	0	0	0	0	0	0	nan	0	0	0	0.000555	0.000035	0.000555	0.000035	nan	nan
39	U	354	466705	465801	0.000760	2	24	466702	0	0	0	nan	0	0	0	0	0	0	nan	0	0	0	0.000760	0.000040	0.000760	0.000040	nan	nan
40	G	370	466712	465298	0.000795	2	24	466709	0	0	0	nan	0	0	0	0	0	0	nan	0	0	0	0.000795	0.000041	0.000795	0.000041	nan	nan
41	A	333	466717	465306	0.000716	2	24	466715	0	0	0	nan	0	0	0	0	0	0	nan	0	0	0	0.000716	0.000039	0.000716	0.000039	0.260364	0.014182
42	U	691	466723	464557	0.001487	2	24	466723	0	0	0	nan	0	0	0	0	0	0	nan	0	0	0	0.001487	0.000057	0.001487	0.000057	nan	nan
43	U	477	466726	464687	0.001026	2	24	466726	0	0	0	nan	0	0	0	0	0	0	nan	0	0	0	0.001026	0.000047	0.001026	0.000047	nan	nan
44	C	622	466734	465059	0.001337	2	24	466733	0	0	0	nan	0	0	0	0	0	0	nan	0	0	0	0.001337	0.000054	0.001337	0.000054	nan	nan
45	A	300	466739	465877	0.000644	2	24	466739	0	0	0	nan	0	0	0	0	0	0	nan	0	0	0	0.000644	0.000037	0.000644	0.000037	0.234182	0.013455
46	G	281	466756	465839	0.000603	2	24	466756	0	0	0	nan	0	0	0	0	0	0	nan	0	0	0	0.000603	0.000036	0.000603	0.000036	nan	nan
47	G	283	466761	465977	0.000607	2	24	466760	0	0	0	nan	0	0	0	0	0	0	nan	0	0	0	0.000607	0.000036	0.000607	0.000036	nan	nan
48	A	192	466763	466100	0.000412	2	24	466762	0	0	0	nan	0	0	0	0	0	0	nan	0	0	0	0.000412	0.000030	0.000412	0.000030	0.149818	0.010909
49	G	166	466773	465868	0.000356	2	24	466772	0	0	0	nan	0	0	0	0	0	0	nan	0	0	0	0.000356	0.000028	0.000356	0.000028	nan	nan
50	G	278	466781	465650	0.000597	2	24	466781	0	0	0	nan	0	0	0	0	0	0	nan	0	0	0	0.000597	0.000036	0.000597	0.000036	nan	nan
51	U	426	466783	465396	0.000915	2	24	466783	0	0	0	nan	0	0	0	0	0	0	nan	0	0	0	0.000915	0.000044	0.000915	0.000044	nan	nan
52	U	350	466784	465260	0.000752	2	24	466784	0	0	0	nan	0	0	0	0	0	0	nan	0	0	0	0.000752	0.000040	0.000752	0.000040	nan	nan
53	A	169	466785	465324	0.000363	2	24	466785	0	0	0	nan	0	0	0	0	0	0	nan	0	0	0	0.000363	0.000028	0.000363	0.000028	0.132000	0.010182
54	A	187	466591	464958	0.000402	2	24	466588	0	0	0	nan	0	0	0	0	0	0	nan	0	0	0	0.000402	0.000029	0.000402	0.000029	0.146182	0.010545
55	U	617	466590	464728	0.001328	2	24	466587	0	0	0	nan	0	0	0	0	0	0	nan	0	0	0	0.001328	0.000053	0.001328	0.000053	nan	nan
56	G	373	466591	464952	0.000802	2	24	466589	0	0	0	nan	0	0	0	0	0	0	nan	0	0	0	0.000802	0.000042	0.000802	0.000042	nan	nan
57	G	0	466591	464787	0.000000	2	24	466590	0	0	0	nan	0	0	0	0	0	0	nan	0	0	0	0.000000	0.000000	0.000000	0.000000	nan	nan
58	A	0	466591	0	nan	2	24	466591	0	0	0	nan	0	0	0	0	0	0	nan	0	0	0	nan	nan	nan	nan	nan	nan
59	A	0	466591	0	nan	2	24	466591	0	0	0	nan	0	0	0	0	0	0	nan	0	0	0	nan	nan	nan	nan	nan	nan
60	G	0	466591	0	nan	2	24	466591	0	0	0	nan	0	0	0	0	0	0	nan	0	0	0	nan	nan	nan	nan	nan	nan
61	u	0	466591	0	nan	2	24	466591	0	0	0	nan	0	0	0	0	0	0	nan	0	0	0	nan	nan	nan	nan	nan	nan
62	a	0	466591	0	nan	2	24	466591	0	0	0	nan	0	0	0	0	0	0	nan	0	0	0	nan	nan	nan	nan	nan	nan
63	a	0	466591	0	nan	2	24	466591	0	0	0	nan	0	0	0	0	0	0	nan	0	0	0	nan	nan	nan	nan	nan	nan
64	a	0	466591	0	nan	2	24	466591	0	0	0	nan	0	0	0	0	0	0	nan	0	0	0	nan	nan	nan	nan	nan	nan
65	g	0	466591	0	nan	2	24	466591	0	0	0	nan	0	0	0	0	0	0	nan	0	0	0	nan	nan	nan	nan	nan	nan
66	g	0	466591	0	nan	2	24	466591	0	0	0	nan	0	0	0	0	0	0	nan	0	0	0	nan	nan	nan	nan	nan	nan
67	u	0	466591	0	nan	2	24	466591	0	0	0	nan	0	0	0	0	0	0	nan	0	0	0	nan	nan	nan	nan	nan	nan
68	a	0	466591	0	nan	2	24	466591	0	0	0	nan	0	0	0	0	0	0	nan	0	0	0	nan	nan	nan	nan	nan	nan
69	a	0	466591	0	nan	2	24	466591	0	0	0	nan	0	0	0	0	0	0	nan	0	0	0	nan	nan	nan	nan	nan	nan
70	u	0	466591	0	nan	2	24	466591	0	0	0	nan	0	0	0	0	0	0	nan	0	0	0	nan	nan	nan	nan	nan	nan
71	g	0	466591	0	nan	2	24	466591	0	0	0	nan	0	0	0	0	0	0	nan	0	0	0	nan	nan	nan	nan	nan	nan
72	a	0	466591	0	nan	2	24	466591	0	0	0	nan	0	0	0	0	0	0	nan	0	0	0	nan	nan	nan	nan	nan	nan
73	a	0	466591	0	nan	2	24	466591	0	0	0	nan	0	0	0	0	0	0	nan	0	0	0	nan	nan	nan	nan	nan	nan
74	g	0	466591	0	nan	2	24	466591	0	0	0	nan	0	0	0	0	0	0	nan	0	0	0	nan	nan	nan	nan	nan	nan
75	g	0	466588	0	nan	2	24	466588	0	0	0	nan	0	0	0	0	0	0	nan	0	0	0	nan	nan	nan	nan	nan	nan
76	u	0	466584	0	nan	2	24	466584	0	0	0	nan	0	0	0	0	0	0	nan	0	0	0	nan	nan	nan	nan	nan	nan
77	g	0	466584	0	nan	2	24	466584	0	0	0	nan	0	0	0	0	0	0	nan	0	0	0	nan	nan	nan	nan	nan	nan
78	a	0	466581	0	nan	2	24	466581	0	0	0	nan	0	0	0	0	0	0	nan	0	0	0	nan	nan	nan	nan	nan	nan
79	a	0	466486	0	nan	2	24	466486	0	0	0	nan	0	0	0	0	0	0	nan	0	0	0	nan	nan	nan	nan	nan	nan
80	g	0	466276	0	nan	2	24	466276	0	0	0	nan	0	0	0	0	0	0	nan	0	0	0	nan	nan	nan	nan	nan	nan