Nucleotide	Sequence	Modified_mutations	Modified_read_depth	Modified_effective_depth	Modified_rate	Modified_off_target_mapped_depth	Modified_low_mapq_mapped_depth	Modified_primer_pair_1_mapped_depth	Untreated_mutations	Untreated_read_depth	Untreated_effective_depth	Untreated_rate	Untreated_off_target_mapped_depth	Untreated_low_mapq_mapped_depth	Untreated_primer_pair_1_mapped_depth	Denatured_mutations	Denatured_read_depth	Denatured_effective_depth	Denatured_rate	Denatured_off_target_mapped_depth	Denatured_low_mapq_mapped_depth	Denatured_primer_pair_1_mapped_depth	Reactivity_profile	Std_err	HQ_profile	HQ_stderr	Norm_profile	Norm_stderr
1	g	0	1014955	0	nan	0	41	1014955	0	0	0	nan	0	0	0	0	0	0	nan	0	0	0	nan	nan	nan	nan	nan	nan
2	g	0	1015600	0	nan	0	41	1015600	0	0	0	nan	0	0	0	0	0	0	nan	0	0	0	nan	nan	nan	nan	nan	nan
3	u	0	1015921	0	nan	0	41	1015921	0	0	0	nan	0	0	0	0	0	0	nan	0	0	0	nan	nan	nan	nan	nan	nan
4	g	0	1016026	0	nan	0	41	1016026	0	0	0	nan	0	0	0	0	0	0	nan	0	0	0	nan	nan	nan	nan	nan	nan
5	u	0	1016187	0	nan	0	41	1016187	0	0	0	nan	0	0	0	0	0	0	nan	0	0	0	nan	nan	nan	nan	nan	nan
6	a	0	1016222	0	nan	0	41	1016222	0	0	0	nan	0	0	0	0	0	0	nan	0	0	0	nan	nan	nan	nan	nan	nan
7	a	0	1016275	0	nan	0	41	1016275	0	0	0	nan	0	0	0	0	0	0	nan	0	0	0	nan	nan	nan	nan	nan	nan
8	g	0	1016371	0	nan	0	41	1016371	0	0	0	nan	0	0	0	0	0	0	nan	0	0	0	nan	nan	nan	nan	nan	nan
9	g	0	1017675	0	nan	0	42	1017675	0	0	0	nan	0	0	0	0	0	0	nan	0	0	0	nan	nan	nan	nan	nan	nan
10	g	0	1212654	0	nan	0	42	1212654	0	0	0	nan	0	0	0	0	0	0	nan	0	0	0	nan	nan	nan	nan	nan	nan
11	u	0	1214593	0	nan	0	42	1214593	0	0	0	nan	0	0	0	0	0	0	nan	0	0	0	nan	nan	nan	nan	nan	nan
12	g	0	1215465	0	nan	2	42	1215465	0	0	0	nan	0	0	0	0	0	0	nan	0	0	0	nan	nan	nan	nan	nan	nan
13	a	0	1215555	0	nan	30	42	1215555	0	0	0	nan	0	0	0	0	0	0	nan	0	0	0	nan	nan	nan	nan	nan	nan
14	a	0	1215572	0	nan	64	42	1215572	0	0	0	nan	0	0	0	0	0	0	nan	0	0	0	nan	nan	nan	nan	nan	nan
15	g	0	1215579	0	nan	77	42	1215579	0	0	0	nan	0	0	0	0	0	0	nan	0	0	0	nan	nan	nan	nan	nan	nan
16	u	0	1215626	0	nan	83	42	1215626	0	0	0	nan	0	0	0	0	0	0	nan	0	0	0	nan	nan	nan	nan	nan	nan
17	g	0	1215715	0	nan	84	42	1215715	0	0	0	nan	0	0	0	0	0	0	nan	0	0	0	nan	nan	nan	nan	nan	nan
18	u	0	1215930	0	nan	91	42	1215930	0	0	0	nan	0	0	0	0	0	0	nan	0	0	0	nan	nan	nan	nan	nan	nan
19	a	0	1216302	0	nan	160	42	1216302	0	0	0	nan	0	0	0	0	0	0	nan	0	0	0	nan	nan	nan	nan	nan	nan
20	A	0	1216913	591	0.000000	172	42	1216913	0	0	0	nan	0	0	0	0	0	0	nan	0	0	0	0.000000	0.000000	nan	nan	nan	nan
21	G	0	1217617	1262	0.000000	180	42	1217617	0	0	0	nan	0	0	0	0	0	0	nan	0	0	0	0.000000	0.000000	nan	nan	nan	nan
22	G	0	1218164	1775	0.000000	181	42	1218164	0	0	0	nan	0	0	0	0	0	0	nan	0	0	0	0.000000	0.000000	nan	nan	nan	nan
23	U	0	1218245	1215438	0.000000	190	42	1218245	0	0	0	nan	0	0	0	0	0	0	nan	0	0	0	0.000000	0.000000	0.000000	0.000000	nan	nan
24	U	1198	1218253	1215503	0.000986	190	42	1218253	0	0	0	nan	0	0	0	0	0	0	nan	0	0	0	0.000986	0.000028	0.000986	0.000028	nan	nan
25	G	603	1218256	1213877	0.000497	190	42	1218256	0	0	0	nan	0	0	0	0	0	0	nan	0	0	0	0.000497	0.000020	0.000497	0.000020	nan	nan
26	A	11812	1218256	1207326	0.009784	190	42	1218255	0	0	0	nan	0	0	0	0	0	0	nan	0	0	0	0.009784	0.000090	0.009784	0.000090	0.997096	0.009172
27	A	14535	1218263	1206460	0.012048	194	42	1218260	0	0	0	nan	0	0	0	0	0	0	nan	0	0	0	0.012048	0.000100	0.012048	0.000100	1.227822	0.010191
28	C	1345	1218267	1205659	0.001116	207	42	1218263	0	0	0	nan	0	0	0	0	0	0	nan	0	0	0	0.001116	0.000030	0.001116	0.000030	nan	nan
29	U	1032	1218289	1212173	0.000851	221	42	1218286	0	0	0	nan	0	0	0	0	0	0	nan	0	0	0	0.000851	0.000027	0.000851	0.000027	nan	nan
30	U	1264	1218310	1212618	0.001042	222	42	1218307	0	0	0	nan	0	0	0	0	0	0	nan	0	0	0	0.001042	0.000029	0.001042	0.000029	nan	nan
31	U	1512	1218371	1214071	0.001245	226	42	1218366	0	0	0	nan	0	0	0	0	0	0	nan	0	0	0	0.001245	0.000032	0.001245	0.000032	nan	nan
32	U	996	1218458	1215485	0.000819	244	42	1218451	0	0	0	nan	0	0	0	0	0	0	nan	0	0	0	0.000819	0.000026	0.000819	0.000026	nan	nan
33	G	457	1218646	1213701	0.000377	247	42	1218639	0	0	0	nan	0	0	0	0	0	0	nan	0	0	0	0.000377	0.000018	0.000377	0.000018	nan	nan
34	A	2990	1218772	1215471	0.002460	251	42	1218760	0	0	0	nan	0	0	0	0	0	0	nan	0	0	0	0.002460	0.000045	0.002460	0.000045	0.250701	0.004586
35	A	2807	1218784	1214458	0.002311	261	42	1218770	0	0	0	nan	0	0	0	0	0	0	nan	0	0	0	0.002311	0.000044	0.002311	0.000044	0.235516	0.004484
36	U	786	1218790	1211548	0.000649	262	42	1218775	0	0	0	nan	0	0	0	0	0	0	nan	0	0	0	0.000649	0.000023	0.000649	0.000023	nan	nan
37	A	51778	1218799	1211125	0.042752	291	42	1218779	0	0	0	nan	0	0	0	0	0	0	nan	0	0	0	0.042752	0.000188	0.042752	0.000188	4.356892	0.019159
38	G	871	1218812	1206307	0.000722	291	43	1218801	0	0	0	nan	0	0	0	0	0	0	nan	0	0	0	0.000722	0.000024	0.000722	0.000024	nan	nan
39	U	1699	1218816	1214693	0.001399	291	43	1218803	0	0	0	nan	0	0	0	0	0	0	nan	0	0	0	0.001399	0.000034	0.001399	0.000034	nan	nan
40	G	1332	1218826	1212332	0.001099	293	43	1218812	0	0	0	nan	0	0	0	0	0	0	nan	0	0	0	0.001099	0.000030	0.001099	0.000030	nan	nan
41	A	10176	1218838	1214764	0.008377	306	43	1218824	0	0	0	nan	0	0	0	0	0	0	nan	0	0	0	0.008377	0.000083	0.008377	0.000083	0.853707	0.008459
42	U	1778	1218856	1214127	0.001464	329	43	1218847	0	0	0	nan	0	0	0	0	0	0	nan	0	0	0	0.001464	0.000035	0.001464	0.000035	nan	nan
43	U	1373	1218875	1214644	0.001130	329	45	1218867	0	0	0	nan	0	0	0	0	0	0	nan	0	0	0	0.001130	0.000031	0.001130	0.000031	nan	nan
44	C	1805	1218899	1214965	0.001486	330	45	1218891	0	0	0	nan	0	0	0	0	0	0	nan	0	0	0	0.001486	0.000035	0.001486	0.000035	nan	nan
45	A	3136	1218921	1215761	0.002579	330	45	1218914	0	0	0	nan	0	0	0	0	0	0	nan	0	0	0	0.002579	0.000046	0.002579	0.000046	0.262828	0.004688
46	G	704	1218975	1214931	0.000579	330	46	1218968	0	0	0	nan	0	0	0	0	0	0	nan	0	0	0	0.000579	0.000022	0.000579	0.000022	nan	nan
47	G	617	1218988	1215613	0.000508	330	46	1218982	0	0	0	nan	0	0	0	0	0	0	nan	0	0	0	0.000508	0.000020	0.000508	0.000020	nan	nan
48	A	1867	1218990	1216558	0.001535	339	46	1218982	0	0	0	nan	0	0	0	0	0	0	nan	0	0	0	0.001535	0.000036	0.001535	0.000036	0.156433	0.003669
49	G	537	1219027	1214698	0.000442	340	46	1219023	0	0	0	nan	0	0	0	0	0	0	nan	0	0	0	0.000442	0.000019	0.000442	0.000019	nan	nan
50	G	802	1219043	1213951	0.000661	340	46	1219040	0	0	0	nan	0	0	0	0	0	0	nan	0	0	0	0.000661	0.000023	0.000661	0.000023	nan	nan
51	U	1316	1219049	1215455	0.001083	346	46	1219047	0	0	0	nan	0	0	0	0	0	0	nan	0	0	0	0.001083	0.000030	0.001083	0.000030	nan	nan
52	U	1217	1219054	1214498	0.001002	346	46	1219052	0	0	0	nan	0	0	0	0	0	0	nan	0	0	0	0.001002	0.000029	0.001002	0.000029	nan	nan
53	A	11921	1219044	1213677	0.009822	353	46	1219040	0	0	0	nan	0	0	0	0	0	0	nan	0	0	0	0.009822	0.000090	0.009822	0.000090	1.000968	0.009172
54	A	11090	1218262	1212352	0.009148	353	46	1218256	0	0	0	nan	0	0	0	0	0	0	nan	0	0	0	0.009148	0.000087	0.009148	0.000087	0.932280	0.008866
55	U	2031	1218261	1212333	0.001675	354	46	1218258	0	0	0	nan	0	0	0	0	0	0	nan	0	0	0	0.001675	0.000037	0.001675	0.000037	nan	nan
56	G	1086	1218269	1212480	0.000896	352	46	1218268	0	0	0	nan	0	0	0	0	0	0	nan	0	0	0	0.000896	0.000027	0.000896	0.000027	nan	nan
57	G	0	1218270	1214011	0.000000	352	46	1218270	0	0	0	nan	0	0	0	0	0	0	nan	0	0	0	0.000000	0.000000	0.000000	0.000000	nan	nan
58	A	0	1218273	0	nan	352	46	1218273	0	0	0	nan	0	0	0	0	0	0	nan	0	0	0	nan	nan	nan	nan	nan	nan
59	A	0	1218273	0	nan	351	46	1218273	0	0	0	nan	0	0	0	0	0	0	nan	0	0	0	nan	nan	nan	nan	nan	nan
60	G	0	1218273	0	nan	351	46	1218273	0	0	0	nan	0	0	0	0	0	0	nan	0	0	0	nan	nan	nan	nan	nan	nan
61	u	0	1218273	0	nan	351	46	1218273	0	0	0	nan	0	0	0	0	0	0	nan	0	0	0	nan	nan	nan	nan	nan	nan
62	a	0	1218273	0	nan	351	46	1218273	0	0	0	nan	0	0	0	0	0	0	nan	0	0	0	nan	nan	nan	nan	nan	nan
63	a	0	1218273	0	nan	351	46	1218273	0	0	0	nan	0	0	0	0	0	0	nan	0	0	0	nan	nan	nan	nan	nan	nan
64	a	0	1218273	0	nan	351	46	1218273	0	0	0	nan	0	0	0	0	0	0	nan	0	0	0	nan	nan	nan	nan	nan	nan
65	g	0	1218273	0	nan	350	46	1218273	0	0	0	nan	0	0	0	0	0	0	nan	0	0	0	nan	nan	nan	nan	nan	nan
66	g	0	1218273	0	nan	350	46	1218273	0	0	0	nan	0	0	0	0	0	0	nan	0	0	0	nan	nan	nan	nan	nan	nan
67	u	0	1218273	0	nan	349	46	1218273	0	0	0	nan	0	0	0	0	0	0	nan	0	0	0	nan	nan	nan	nan	nan	nan
68	a	0	1218273	0	nan	349	46	1218273	0	0	0	nan	0	0	0	0	0	0	nan	0	0	0	nan	nan	nan	nan	nan	nan
69	a	0	1218273	0	nan	349	46	1218273	0	0	0	nan	0	0	0	0	0	0	nan	0	0	0	nan	nan	nan	nan	nan	nan
70	u	0	1218273	0	nan	349	46	1218273	0	0	0	nan	0	0	0	0	0	0	nan	0	0	0	nan	nan	nan	nan	nan	nan
71	g	0	1218273	0	nan	349	46	1218273	0	0	0	nan	0	0	0	0	0	0	nan	0	0	0	nan	nan	nan	nan	nan	nan
72	a	0	1218255	0	nan	349	46	1218255	0	0	0	nan	0	0	0	0	0	0	nan	0	0	0	nan	nan	nan	nan	nan	nan
73	a	0	1218254	0	nan	349	46	1218254	0	0	0	nan	0	0	0	0	0	0	nan	0	0	0	nan	nan	nan	nan	nan	nan
74	g	0	1218250	0	nan	349	46	1218250	0	0	0	nan	0	0	0	0	0	0	nan	0	0	0	nan	nan	nan	nan	nan	nan
75	g	0	1218245	0	nan	349	46	1218245	0	0	0	nan	0	0	0	0	0	0	nan	0	0	0	nan	nan	nan	nan	nan	nan
76	u	0	1218216	0	nan	349	46	1218216	0	0	0	nan	0	0	0	0	0	0	nan	0	0	0	nan	nan	nan	nan	nan	nan
77	g	0	1218203	0	nan	349	46	1218203	0	0	0	nan	0	0	0	0	0	0	nan	0	0	0	nan	nan	nan	nan	nan	nan
78	a	0	1218136	0	nan	349	46	1218136	0	0	0	nan	0	0	0	0	0	0	nan	0	0	0	nan	nan	nan	nan	nan	nan
79	a	0	1217916	0	nan	349	45	1217916	0	0	0	nan	0	0	0	0	0	0	nan	0	0	0	nan	nan	nan	nan	nan	nan
80	g	0	1217249	0	nan	347	45	1217249	0	0	0	nan	0	0	0	0	0	0	nan	0	0	0	nan	nan	nan	nan	nan	nan