Nucleotide	Sequence	Modified_mutations	Modified_read_depth	Modified_effective_depth	Modified_rate	Modified_off_target_mapped_depth	Modified_low_mapq_mapped_depth	Modified_primer_pair_1_mapped_depth	Untreated_mutations	Untreated_read_depth	Untreated_effective_depth	Untreated_rate	Untreated_off_target_mapped_depth	Untreated_low_mapq_mapped_depth	Untreated_primer_pair_1_mapped_depth	Denatured_mutations	Denatured_read_depth	Denatured_effective_depth	Denatured_rate	Denatured_off_target_mapped_depth	Denatured_low_mapq_mapped_depth	Denatured_primer_pair_1_mapped_depth	Reactivity_profile	Std_err	HQ_profile	HQ_stderr	Norm_profile	Norm_stderr
1	g	0	4784522	0	nan	7	447	4784522	0	0	0	nan	0	0	0	0	0	0	nan	0	0	0	nan	nan	nan	nan	nan	nan
2	g	0	4878276	0	nan	7	447	4878276	0	0	0	nan	0	0	0	0	0	0	nan	0	0	0	nan	nan	nan	nan	nan	nan
3	u	0	4918629	0	nan	7	448	4918629	0	0	0	nan	0	0	0	0	0	0	nan	0	0	0	nan	nan	nan	nan	nan	nan
4	g	0	4928982	0	nan	7	448	4928982	0	0	0	nan	0	0	0	0	0	0	nan	0	0	0	nan	nan	nan	nan	nan	nan
5	u	0	4936133	0	nan	7	452	4936133	0	0	0	nan	0	0	0	0	0	0	nan	0	0	0	nan	nan	nan	nan	nan	nan
6	a	0	4944074	0	nan	7	459	4944074	0	0	0	nan	0	0	0	0	0	0	nan	0	0	0	nan	nan	nan	nan	nan	nan
7	a	0	4947873	0	nan	7	460	4947873	0	0	0	nan	0	0	0	0	0	0	nan	0	0	0	nan	nan	nan	nan	nan	nan
8	g	0	4949916	0	nan	7	461	4949916	0	0	0	nan	0	0	0	0	0	0	nan	0	0	0	nan	nan	nan	nan	nan	nan
9	g	0	4952616	0	nan	7	467	4952616	0	0	0	nan	0	0	0	0	0	0	nan	0	0	0	nan	nan	nan	nan	nan	nan
10	g	0	4956591	0	nan	7	468	4956591	0	0	0	nan	0	0	0	0	0	0	nan	0	0	0	nan	nan	nan	nan	nan	nan
11	u	0	4963322	0	nan	7	468	4963322	0	0	0	nan	0	0	0	0	0	0	nan	0	0	0	nan	nan	nan	nan	nan	nan
12	g	0	4977992	0	nan	174	471	4977992	0	0	0	nan	0	0	0	0	0	0	nan	0	0	0	nan	nan	nan	nan	nan	nan
13	a	0	4996099	0	nan	188	472	4996099	0	0	0	nan	0	0	0	0	0	0	nan	0	0	0	nan	nan	nan	nan	nan	nan
14	a	0	5017242	0	nan	250	476	5017242	0	0	0	nan	0	0	0	0	0	0	nan	0	0	0	nan	nan	nan	nan	nan	nan
15	g	0	5037733	0	nan	485	476	5037733	0	0	0	nan	0	0	0	0	0	0	nan	0	0	0	nan	nan	nan	nan	nan	nan
16	u	0	5052985	0	nan	487	478	5052985	0	0	0	nan	0	0	0	0	0	0	nan	0	0	0	nan	nan	nan	nan	nan	nan
17	g	0	5059629	0	nan	495	483	5059629	0	0	0	nan	0	0	0	0	0	0	nan	0	0	0	nan	nan	nan	nan	nan	nan
18	u	0	5063658	0	nan	500	489	5063658	0	0	0	nan	0	0	0	0	0	0	nan	0	0	0	nan	nan	nan	nan	nan	nan
19	a	0	5066596	0	nan	501	498	5066596	0	0	0	nan	0	0	0	0	0	0	nan	0	0	0	nan	nan	nan	nan	nan	nan
20	A	0	5067727	254	0.000000	501	498	5067727	0	0	0	nan	0	0	0	0	0	0	nan	0	0	0	0.000000	0.000000	nan	nan	nan	nan
21	G	0	5068290	268	0.000000	501	498	5068290	0	0	0	nan	0	0	0	0	0	0	nan	0	0	0	0.000000	0.000000	nan	nan	nan	nan
22	G	0	5069132	463	0.000000	501	498	5069132	0	0	0	nan	0	0	0	0	0	0	nan	0	0	0	0.000000	0.000000	nan	nan	nan	nan
23	U	0	5071335	4205514	0.000000	502	498	5071335	0	0	0	nan	0	0	0	0	0	0	nan	0	0	0	0.000000	0.000000	0.000000	0.000000	0.000000	0.000000
24	U	9957	5073233	4292420	0.002320	502	498	5073233	0	0	0	nan	0	0	0	0	0	0	nan	0	0	0	0.002320	0.000023	0.002320	0.000023	0.491525	0.004873
25	G	3398	5080340	4385206	0.000775	502	498	5080340	0	0	0	nan	0	0	0	0	0	0	nan	0	0	0	0.000775	0.000013	0.000775	0.000013	0.200065	0.003356
26	A	9986	5094817	4600989	0.002170	502	498	5094782	0	0	0	nan	0	0	0	0	0	0	nan	0	0	0	0.002170	0.000022	0.002170	0.000022	0.883910	0.008961
27	A	11945	5098285	4397410	0.002716	502	498	5098218	0	0	0	nan	0	0	0	0	0	0	nan	0	0	0	0.002716	0.000025	0.002716	0.000025	1.106314	0.010183
28	C	16096	5098949	4187230	0.003844	502	498	5098855	0	0	0	nan	0	0	0	0	0	0	nan	0	0	0	0.003844	0.000030	0.003844	0.000030	1.154094	0.009007
29	U	16102	5100356	4120382	0.003908	502	498	5100257	0	0	0	nan	0	0	0	0	0	0	nan	0	0	0	0.003908	0.000031	0.003908	0.000031	0.827966	0.006568
30	U	7420	5102618	4163387	0.001782	502	498	5102507	0	0	0	nan	0	0	0	0	0	0	nan	0	0	0	0.001782	0.000021	0.001782	0.000021	0.377542	0.004449
31	U	5561	5105105	4100729	0.001356	502	498	5104978	0	0	0	nan	0	0	0	0	0	0	nan	0	0	0	0.001356	0.000018	0.001356	0.000018	0.287288	0.003814
32	U	29270	5108339	4207647	0.006956	502	498	5108200	0	0	0	nan	0	0	0	0	0	0	nan	0	0	0	0.006956	0.000041	0.006956	0.000041	1.473729	0.008686
33	G	3204	5149218	4329510	0.000740	502	498	5149069	0	0	0	nan	0	0	0	0	0	0	nan	0	0	0	0.000740	0.000013	0.000740	0.000013	0.191029	0.003356
34	A	2060	5174273	4850998	0.000425	502	498	5174164	0	0	0	nan	0	0	0	0	0	0	nan	0	0	0	0.000425	0.000009	0.000425	0.000009	0.173116	0.003666
35	A	6519	5183042	4851700	0.001344	502	498	5182935	0	0	0	nan	0	0	0	0	0	0	nan	0	0	0	0.001344	0.000017	0.001344	0.000017	0.547454	0.006925
36	U	2647	5184613	4855448	0.000545	502	498	5184504	0	0	0	nan	0	0	0	0	0	0	nan	0	0	0	0.000545	0.000011	0.000545	0.000011	0.115466	0.002331
37	A	7379	5186657	4636241	0.001592	502	498	5186540	0	0	0	nan	0	0	0	0	0	0	nan	0	0	0	0.001592	0.000019	0.001592	0.000019	0.648473	0.007739
38	G	3567	5187080	4485148	0.000795	504	498	5186964	0	0	0	nan	0	0	0	0	0	0	nan	0	0	0	0.000795	0.000013	0.000795	0.000013	0.205227	0.003356
39	U	5296	5187912	4323809	0.001225	504	498	5187793	0	0	0	nan	0	0	0	0	0	0	nan	0	0	0	0.001225	0.000017	0.001225	0.000017	0.259534	0.003602
40	G	5798	5189160	4357753	0.001331	504	498	5189037	0	0	0	nan	0	0	0	0	0	0	nan	0	0	0	0.001331	0.000017	0.001331	0.000017	0.343595	0.004389
41	A	11002	5194555	4314992	0.002550	504	498	5194426	0	0	0	nan	0	0	0	0	0	0	nan	0	0	0	0.002550	0.000024	0.002550	0.000024	1.038697	0.009776
42	U	18991	5196201	4227858	0.004492	504	498	5196070	0	0	0	nan	0	0	0	0	0	0	nan	0	0	0	0.004492	0.000033	0.004492	0.000033	0.951695	0.006992
43	U	7847	5200356	4203720	0.001867	505	498	5200231	0	0	0	nan	0	0	0	0	0	0	nan	0	0	0	0.001867	0.000021	0.001867	0.000021	0.395551	0.004449
44	C	7646	5213285	4268068	0.001791	505	498	5213166	0	0	0	nan	0	0	0	0	0	0	nan	0	0	0	0.001791	0.000020	0.001791	0.000020	0.537717	0.006005
45	A	5869	5224284	4339944	0.001352	501	498	5224162	0	0	0	nan	0	0	0	0	0	0	nan	0	0	0	0.001352	0.000018	0.001352	0.000018	0.550713	0.007332
46	G	2832	5230998	4226665	0.000670	497	498	5230885	0	0	0	nan	0	0	0	0	0	0	nan	0	0	0	0.000670	0.000013	0.000670	0.000013	0.172959	0.003356
47	G	7871	5245515	4313229	0.001825	490	498	5245402	0	0	0	nan	0	0	0	0	0	0	nan	0	0	0	0.001825	0.000021	0.001825	0.000021	0.471120	0.005421
48	A	2230	5264634	4104101	0.000543	488	498	5264526	0	0	0	nan	0	0	0	0	0	0	nan	0	0	0	0.000543	0.000012	0.000543	0.000012	0.221181	0.004888
49	G	42122	5268187	4203745	0.010020	483	498	5268095	0	0	0	nan	0	0	0	0	0	0	nan	0	0	0	0.010020	0.000049	0.010020	0.000049	2.586641	0.012649
50	G	3136	5284829	3983319	0.000787	482	498	5284765	0	0	0	nan	0	0	0	0	0	0	nan	0	0	0	0.000787	0.000014	0.000787	0.000014	0.203162	0.003614
51	U	19789	5291017	4192217	0.004720	482	498	5290968	0	0	0	nan	0	0	0	0	0	0	nan	0	0	0	0.004720	0.000034	0.004720	0.000034	1.000000	0.007203
52	U	14033	5303938	4220035	0.003325	482	498	5303900	0	0	0	nan	0	0	0	0	0	0	nan	0	0	0	0.003325	0.000028	0.003325	0.000028	0.704449	0.005932
53	A	2237	5316639	4659098	0.000480	479	498	5316611	0	0	0	nan	0	0	0	0	0	0	nan	0	0	0	0.000480	0.000010	0.000480	0.000010	0.195519	0.004073
54	A	2553	5324197	4717271	0.000541	478	498	5324175	0	0	0	nan	0	0	0	0	0	0	nan	0	0	0	0.000541	0.000011	0.000541	0.000011	0.220367	0.004481
55	U	15413	5325368	4503696	0.003422	477	498	5325349	0	0	0	nan	0	0	0	0	0	0	nan	0	0	0	0.003422	0.000028	0.003422	0.000028	0.725000	0.005932
56	G	4701	5327779	4217229	0.001115	476	498	5327765	0	0	0	nan	0	0	0	0	0	0	nan	0	0	0	0.001115	0.000016	0.001115	0.000016	0.287835	0.004130
57	G	0	5329786	4357077	0.000000	474	498	5329781	0	0	0	nan	0	0	0	0	0	0	nan	0	0	0	0.000000	0.000000	0.000000	0.000000	0.000000	0.000000
58	A	0	5332935	59	0.000000	469	498	5332935	0	0	0	nan	0	0	0	0	0	0	nan	0	0	0	0.000000	0.000000	nan	nan	nan	nan
59	A	0	5332886	76	0.000000	469	498	5332886	0	0	0	nan	0	0	0	0	0	0	nan	0	0	0	0.000000	0.000000	nan	nan	nan	nan
60	G	0	5332798	39	0.000000	469	498	5332798	0	0	0	nan	0	0	0	0	0	0	nan	0	0	0	0.000000	0.000000	nan	nan	nan	nan
61	u	0	5332719	0	nan	468	498	5332719	0	0	0	nan	0	0	0	0	0	0	nan	0	0	0	nan	nan	nan	nan	nan	nan
62	a	0	5332504	0	nan	456	498	5332504	0	0	0	nan	0	0	0	0	0	0	nan	0	0	0	nan	nan	nan	nan	nan	nan
63	a	0	5332421	0	nan	453	498	5332421	0	0	0	nan	0	0	0	0	0	0	nan	0	0	0	nan	nan	nan	nan	nan	nan
64	a	0	5332392	0	nan	452	496	5332392	0	0	0	nan	0	0	0	0	0	0	nan	0	0	0	nan	nan	nan	nan	nan	nan
65	g	0	5332369	0	nan	452	492	5332369	0	0	0	nan	0	0	0	0	0	0	nan	0	0	0	nan	nan	nan	nan	nan	nan
66	g	0	5332355	0	nan	452	492	5332355	0	0	0	nan	0	0	0	0	0	0	nan	0	0	0	nan	nan	nan	nan	nan	nan
67	u	0	5332338	0	nan	449	492	5332338	0	0	0	nan	0	0	0	0	0	0	nan	0	0	0	nan	nan	nan	nan	nan	nan
68	a	0	5332318	0	nan	448	492	5332318	0	0	0	nan	0	0	0	0	0	0	nan	0	0	0	nan	nan	nan	nan	nan	nan
69	a	0	5332304	0	nan	445	490	5332304	0	0	0	nan	0	0	0	0	0	0	nan	0	0	0	nan	nan	nan	nan	nan	nan
70	u	0	5332285	0	nan	441	488	5332285	0	0	0	nan	0	0	0	0	0	0	nan	0	0	0	nan	nan	nan	nan	nan	nan
71	g	0	5332159	0	nan	439	487	5332159	0	0	0	nan	0	0	0	0	0	0	nan	0	0	0	nan	nan	nan	nan	nan	nan
72	a	0	5331979	0	nan	423	487	5331979	0	0	0	nan	0	0	0	0	0	0	nan	0	0	0	nan	nan	nan	nan	nan	nan
73	a	0	5331948	0	nan	421	487	5331948	0	0	0	nan	0	0	0	0	0	0	nan	0	0	0	nan	nan	nan	nan	nan	nan
74	g	0	5331898	0	nan	415	478	5331898	0	0	0	nan	0	0	0	0	0	0	nan	0	0	0	nan	nan	nan	nan	nan	nan
75	g	0	5331834	0	nan	413	477	5331834	0	0	0	nan	0	0	0	0	0	0	nan	0	0	0	nan	nan	nan	nan	nan	nan
76	u	0	5331760	0	nan	407	474	5331760	0	0	0	nan	0	0	0	0	0	0	nan	0	0	0	nan	nan	nan	nan	nan	nan
77	g	0	5331695	0	nan	407	470	5331695	0	0	0	nan	0	0	0	0	0	0	nan	0	0	0	nan	nan	nan	nan	nan	nan
78	a	0	5331530	0	nan	379	469	5331530	0	0	0	nan	0	0	0	0	0	0	nan	0	0	0	nan	nan	nan	nan	nan	nan
79	a	0	5328303	0	nan	364	463	5328303	0	0	0	nan	0	0	0	0	0	0	nan	0	0	0	nan	nan	nan	nan	nan	nan
80	g	0	5326101	0	nan	357	444	5326101	0	0	0	nan	0	0	0	0	0	0	nan	0	0	0	nan	nan	nan	nan	nan	nan