Nucleotide	Sequence	Modified_mutations	Modified_read_depth	Modified_effective_depth	Modified_rate	Modified_off_target_mapped_depth	Modified_low_mapq_mapped_depth	Modified_primer_pair_1_mapped_depth	Untreated_mutations	Untreated_read_depth	Untreated_effective_depth	Untreated_rate	Untreated_off_target_mapped_depth	Untreated_low_mapq_mapped_depth	Untreated_primer_pair_1_mapped_depth	Denatured_mutations	Denatured_read_depth	Denatured_effective_depth	Denatured_rate	Denatured_off_target_mapped_depth	Denatured_low_mapq_mapped_depth	Denatured_primer_pair_1_mapped_depth	Reactivity_profile	Std_err	HQ_profile	HQ_stderr	Norm_profile	Norm_stderr
1	g	0	235622	0	nan	32	0	235622	0	0	0	nan	0	0	0	0	0	0	nan	0	0	0	nan	nan	nan	nan	nan	nan
2	g	0	236114	0	nan	32	0	236114	0	0	0	nan	0	0	0	0	0	0	nan	0	0	0	nan	nan	nan	nan	nan	nan
3	c	0	236260	0	nan	32	0	236260	0	0	0	nan	0	0	0	0	0	0	nan	0	0	0	nan	nan	nan	nan	nan	nan
4	a	0	240643	0	nan	62	0	240643	0	0	0	nan	0	0	0	0	0	0	nan	0	0	0	nan	nan	nan	nan	nan	nan
5	c	0	240752	0	nan	64	0	240752	0	0	0	nan	0	0	0	0	0	0	nan	0	0	0	nan	nan	nan	nan	nan	nan
6	c	0	240779	0	nan	64	0	240779	0	0	0	nan	0	0	0	0	0	0	nan	0	0	0	nan	nan	nan	nan	nan	nan
7	u	0	240783	0	nan	64	0	240783	0	0	0	nan	0	0	0	0	0	0	nan	0	0	0	nan	nan	nan	nan	nan	nan
8	c	0	240788	0	nan	64	0	240788	0	0	0	nan	0	0	0	0	0	0	nan	0	0	0	nan	nan	nan	nan	nan	nan
9	a	0	240788	0	nan	64	0	240788	0	0	0	nan	0	0	0	0	0	0	nan	0	0	0	nan	nan	nan	nan	nan	nan
10	u	0	240818	0	nan	64	0	240818	0	0	0	nan	0	0	0	0	0	0	nan	0	0	0	nan	nan	nan	nan	nan	nan
11	a	0	240857	0	nan	64	0	240857	0	0	0	nan	0	0	0	0	0	0	nan	0	0	0	nan	nan	nan	nan	nan	nan
12	a	0	240864	0	nan	64	0	240864	0	0	0	nan	0	0	0	0	0	0	nan	0	0	0	nan	nan	nan	nan	nan	nan
13	c	0	240866	0	nan	64	0	240866	0	0	0	nan	0	0	0	0	0	0	nan	0	0	0	nan	nan	nan	nan	nan	nan
14	a	0	240866	0	nan	64	0	240866	0	0	0	nan	0	0	0	0	0	0	nan	0	0	0	nan	nan	nan	nan	nan	nan
15	u	0	240871	0	nan	64	0	240871	0	0	0	nan	0	0	0	0	0	0	nan	0	0	0	nan	nan	nan	nan	nan	nan
16	a	0	240874	0	nan	64	0	240874	0	0	0	nan	0	0	0	0	0	0	nan	0	0	0	nan	nan	nan	nan	nan	nan
17	a	0	240879	0	nan	64	0	240879	0	0	0	nan	0	0	0	0	0	0	nan	0	0	0	nan	nan	nan	nan	nan	nan
18	c	0	240891	0	nan	64	0	240891	0	0	0	nan	0	0	0	0	0	0	nan	0	0	0	nan	nan	nan	nan	nan	nan
19	U	0	240896	3	0.000000	64	0	240896	0	0	0	nan	0	0	0	0	0	0	nan	0	0	0	0.000000	0.000000	nan	nan	nan	nan
20	A	0	240903	6	0.000000	64	0	240903	0	0	0	nan	0	0	0	0	0	0	nan	0	0	0	0.000000	0.000000	nan	nan	nan	nan
21	A	0	240911	9	0.000000	64	0	240911	0	0	0	nan	0	0	0	0	0	0	nan	0	0	0	0.000000	0.000000	nan	nan	nan	nan
22	G	0	240921	238760	0.000000	64	0	240921	0	0	0	nan	0	0	0	0	0	0	nan	0	0	0	0.000000	0.000000	0.000000	0.000000	0.000000	0.000000
23	G	1302	240925	237596	0.005480	64	0	240925	0	0	0	nan	0	0	0	0	0	0	nan	0	0	0	0.005480	0.000152	0.005480	0.000152	1.702921	0.047234
24	C	5581	240930	238269	0.023423	64	0	240930	0	0	0	nan	0	0	0	0	0	0	nan	0	0	0	0.023423	0.000314	0.023423	0.000314	0.948684	0.012718
25	A	3461	240946	238809	0.014493	64	0	240946	0	0	0	nan	0	0	0	0	0	0	nan	0	0	0	0.014493	0.000246	0.014493	0.000246	1.000000	0.016974
26	G	704	240962	238928	0.002946	64	0	240962	0	0	0	nan	0	0	0	0	0	0	nan	0	0	0	0.002946	0.000111	0.002946	0.000111	0.915475	0.034493
27	A	3038	240975	239397	0.012690	64	0	240975	0	0	0	nan	0	0	0	0	0	0	nan	0	0	0	0.012690	0.000230	0.012690	0.000230	0.875595	0.015870
28	U	687	240986	238992	0.002875	64	0	240986	0	0	0	nan	0	0	0	0	0	0	nan	0	0	0	0.002875	0.000110	0.002875	0.000110	0.923102	0.035319
29	C	4209	240987	239435	0.017579	64	0	240987	0	0	0	nan	0	0	0	0	0	0	nan	0	0	0	0.017579	0.000271	0.017579	0.000271	0.711989	0.010976
30	U	632	240989	239328	0.002641	64	0	240989	0	0	0	nan	0	0	0	0	0	0	nan	0	0	0	0.002641	0.000105	0.002641	0.000105	0.847969	0.033713
31	G	664	240991	239231	0.002776	64	0	240990	0	0	0	nan	0	0	0	0	0	0	nan	0	0	0	0.002776	0.000108	0.002776	0.000108	0.862648	0.033561
32	A	3326	240991	239432	0.013891	64	0	240989	0	0	0	nan	0	0	0	0	0	0	nan	0	0	0	0.013891	0.000241	0.013891	0.000241	0.958463	0.016629
33	G	554	240992	238452	0.002323	64	0	240990	0	0	0	nan	0	0	0	0	0	0	nan	0	0	0	0.002323	0.000099	0.002323	0.000099	0.721877	0.030764
34	C	4293	240992	238340	0.018012	64	0	240985	0	0	0	nan	0	0	0	0	0	0	nan	0	0	0	0.018012	0.000275	0.018012	0.000275	0.729526	0.011138
35	U	719	240997	237977	0.003021	64	0	240984	0	0	0	nan	0	0	0	0	0	0	nan	0	0	0	0.003021	0.000113	0.003021	0.000113	0.969979	0.036282
36	U	608	241000	237820	0.002557	64	0	240981	0	0	0	nan	0	0	0	0	0	0	nan	0	0	0	0.002557	0.000104	0.002557	0.000104	0.820999	0.033392
37	G	622	241005	237767	0.002616	64	0	240966	0	0	0	nan	0	0	0	0	0	0	nan	0	0	0	0.002616	0.000105	0.002616	0.000105	0.812927	0.032629
38	G	563	241009	231883	0.002428	64	0	240972	0	0	0	nan	0	0	0	0	0	0	nan	0	0	0	0.002428	0.000102	0.002428	0.000102	0.754506	0.031697
39	G	716	241011	231263	0.003096	64	0	240983	0	0	0	nan	0	0	0	0	0	0	nan	0	0	0	0.003096	0.000116	0.003096	0.000116	0.962088	0.036047
40	A	3650	241011	232379	0.015707	63	0	240994	0	0	0	nan	0	0	0	0	0	0	nan	0	0	0	0.015707	0.000260	0.015707	0.000260	1.083765	0.017940
41	G	765	241016	237735	0.003218	63	0	241008	0	0	0	nan	0	0	0	0	0	0	nan	0	0	0	0.003218	0.000116	0.003218	0.000116	1.000000	0.036047
42	C	4909	241018	238615	0.020573	37	0	241011	0	0	0	nan	0	0	0	0	0	0	nan	0	0	0	0.020573	0.000294	0.020573	0.000294	0.833252	0.011908
43	U	645	241019	238549	0.002704	36	0	241013	0	0	0	nan	0	0	0	0	0	0	nan	0	0	0	0.002704	0.000106	0.002704	0.000106	0.868197	0.034034
44	C	4298	241019	238658	0.018009	36	0	241014	0	0	0	nan	0	0	0	0	0	0	nan	0	0	0	0.018009	0.000275	0.018009	0.000275	0.729405	0.011138
45	U	766	241023	238800	0.003208	36	0	241018	0	0	0	nan	0	0	0	0	0	0	nan	0	0	0	0.003208	0.000116	0.003208	0.000116	1.030021	0.037245
46	C	4791	241022	238776	0.020065	36	0	241016	0	0	0	nan	0	0	0	0	0	0	nan	0	0	0	0.020065	0.000290	0.020065	0.000290	0.812677	0.011746
47	U	1101	241019	238691	0.004613	36	0	241014	0	0	0	nan	0	0	0	0	0	0	nan	0	0	0	0.004613	0.000139	0.004613	0.000139	1.481137	0.044630
48	G	1673	241017	237685	0.007039	36	0	241013	0	0	0	nan	0	0	0	0	0	0	nan	0	0	0	0.007039	0.000172	0.007039	0.000172	2.187383	0.053449
49	C	7787	241018	238344	0.032671	36	0	241016	0	0	0	nan	0	0	0	0	0	0	nan	0	0	0	0.032671	0.000370	0.032671	0.000370	1.323248	0.014986
50	C	6809	241018	238987	0.028491	36	0	241018	0	0	0	nan	0	0	0	0	0	0	nan	0	0	0	0.028491	0.000345	0.028491	0.000345	1.153949	0.013973
51	A	2502	241017	239473	0.010448	36	0	241017	0	0	0	nan	0	0	0	0	0	0	nan	0	0	0	0.010448	0.000209	0.010448	0.000209	0.720900	0.014421
52	A	0	241018	238747	0.000000	36	0	241018	0	0	0	nan	0	0	0	0	0	0	nan	0	0	0	0.000000	0.000000	0.000000	0.000000	0.000000	0.000000
53	U	0	241005	197	0.000000	32	0	241005	0	0	0	nan	0	0	0	0	0	0	nan	0	0	0	0.000000	0.000000	nan	nan	nan	nan
54	C	0	240768	2	0.000000	30	0	240768	0	0	0	nan	0	0	0	0	0	0	nan	0	0	0	0.000000	0.000000	nan	nan	nan	nan
55	C	0	240766	0	nan	30	0	240766	0	0	0	nan	0	0	0	0	0	0	nan	0	0	0	nan	nan	nan	nan	nan	nan
56	a	0	240766	0	nan	30	0	240766	0	0	0	nan	0	0	0	0	0	0	nan	0	0	0	nan	nan	nan	nan	nan	nan
57	c	0	240766	0	nan	30	0	240766	0	0	0	nan	0	0	0	0	0	0	nan	0	0	0	nan	nan	nan	nan	nan	nan
58	u	0	240766	0	nan	30	0	240766	0	0	0	nan	0	0	0	0	0	0	nan	0	0	0	nan	nan	nan	nan	nan	nan
59	a	0	240766	0	nan	30	0	240766	0	0	0	nan	0	0	0	0	0	0	nan	0	0	0	nan	nan	nan	nan	nan	nan
60	a	0	240766	0	nan	30	0	240766	0	0	0	nan	0	0	0	0	0	0	nan	0	0	0	nan	nan	nan	nan	nan	nan
61	c	0	240766	0	nan	16	0	240766	0	0	0	nan	0	0	0	0	0	0	nan	0	0	0	nan	nan	nan	nan	nan	nan
62	c	0	240766	0	nan	15	0	240766	0	0	0	nan	0	0	0	0	0	0	nan	0	0	0	nan	nan	nan	nan	nan	nan
63	u	0	240766	0	nan	0	0	240766	0	0	0	nan	0	0	0	0	0	0	nan	0	0	0	nan	nan	nan	nan	nan	nan
64	c	0	240766	0	nan	0	0	240766	0	0	0	nan	0	0	0	0	0	0	nan	0	0	0	nan	nan	nan	nan	nan	nan
65	a	0	240766	0	nan	0	0	240766	0	0	0	nan	0	0	0	0	0	0	nan	0	0	0	nan	nan	nan	nan	nan	nan
66	c	0	240766	0	nan	0	0	240766	0	0	0	nan	0	0	0	0	0	0	nan	0	0	0	nan	nan	nan	nan	nan	nan
67	u	0	240766	0	nan	0	0	240766	0	0	0	nan	0	0	0	0	0	0	nan	0	0	0	nan	nan	nan	nan	nan	nan
68	c	0	240765	0	nan	0	0	240765	0	0	0	nan	0	0	0	0	0	0	nan	0	0	0	nan	nan	nan	nan	nan	nan
69	a	0	240765	0	nan	0	0	240765	0	0	0	nan	0	0	0	0	0	0	nan	0	0	0	nan	nan	nan	nan	nan	nan
70	c	0	240756	0	nan	0	0	240756	0	0	0	nan	0	0	0	0	0	0	nan	0	0	0	nan	nan	nan	nan	nan	nan
71	a	0	240752	0	nan	0	0	240752	0	0	0	nan	0	0	0	0	0	0	nan	0	0	0	nan	nan	nan	nan	nan	nan
72	a	0	240704	0	nan	0	0	240704	0	0	0	nan	0	0	0	0	0	0	nan	0	0	0	nan	nan	nan	nan	nan	nan
73	u	0	240592	0	nan	0	0	240592	0	0	0	nan	0	0	0	0	0	0	nan	0	0	0	nan	nan	nan	nan	nan	nan
74	c	0	240272	0	nan	0	0	240272	0	0	0	nan	0	0	0	0	0	0	nan	0	0	0	nan	nan	nan	nan	nan	nan