Nucleotide	Sequence	Modified_mutations	Modified_read_depth	Modified_effective_depth	Modified_rate	Modified_off_target_mapped_depth	Modified_low_mapq_mapped_depth	Modified_primer_pair_1_mapped_depth	Untreated_mutations	Untreated_read_depth	Untreated_effective_depth	Untreated_rate	Untreated_off_target_mapped_depth	Untreated_low_mapq_mapped_depth	Untreated_primer_pair_1_mapped_depth	Denatured_mutations	Denatured_read_depth	Denatured_effective_depth	Denatured_rate	Denatured_off_target_mapped_depth	Denatured_low_mapq_mapped_depth	Denatured_primer_pair_1_mapped_depth	Reactivity_profile	Std_err	HQ_profile	HQ_stderr	Norm_profile	Norm_stderr
1	g	0	6681617	0	nan	246	9292	6681617	0	0	0	nan	0	0	0	0	0	0	nan	0	0	0	nan	nan	nan	nan	nan	nan
2	g	0	6712413	0	nan	247	9319	6712413	0	0	0	nan	0	0	0	0	0	0	nan	0	0	0	nan	nan	nan	nan	nan	nan
3	u	0	6719013	0	nan	247	9338	6719013	0	0	0	nan	0	0	0	0	0	0	nan	0	0	0	nan	nan	nan	nan	nan	nan
4	g	0	6722783	0	nan	247	9423	6722783	0	0	0	nan	0	0	0	0	0	0	nan	0	0	0	nan	nan	nan	nan	nan	nan
5	u	0	6732159	0	nan	247	9476	6732159	0	0	0	nan	0	0	0	0	0	0	nan	0	0	0	nan	nan	nan	nan	nan	nan
6	a	0	6735222	0	nan	247	10017	6735222	0	0	0	nan	0	0	0	0	0	0	nan	0	0	0	nan	nan	nan	nan	nan	nan
7	a	0	6736056	0	nan	247	10025	6736056	0	0	0	nan	0	0	0	0	0	0	nan	0	0	0	nan	nan	nan	nan	nan	nan
8	g	0	6736554	0	nan	247	10037	6736554	0	0	0	nan	0	0	0	0	0	0	nan	0	0	0	nan	nan	nan	nan	nan	nan
9	g	0	6737155	0	nan	247	10054	6737155	0	0	0	nan	0	0	0	0	0	0	nan	0	0	0	nan	nan	nan	nan	nan	nan
10	g	0	6738691	0	nan	247	10112	6738691	0	0	0	nan	0	0	0	0	0	0	nan	0	0	0	nan	nan	nan	nan	nan	nan
11	u	0	6742676	0	nan	247	10134	6742676	0	0	0	nan	0	0	0	0	0	0	nan	0	0	0	nan	nan	nan	nan	nan	nan
12	g	0	6757511	0	nan	294	10812	6757510	0	0	0	nan	0	0	0	0	0	0	nan	0	0	0	nan	nan	nan	nan	nan	nan
13	a	0	6772611	0	nan	304	10846	6772610	0	0	0	nan	0	0	0	0	0	0	nan	0	0	0	nan	nan	nan	nan	nan	nan
14	a	0	6780358	0	nan	329	10863	6780357	0	0	0	nan	0	0	0	0	0	0	nan	0	0	0	nan	nan	nan	nan	nan	nan
15	g	0	6784299	0	nan	582	10873	6784298	0	0	0	nan	0	0	0	0	0	0	nan	0	0	0	nan	nan	nan	nan	nan	nan
16	u	0	6789804	0	nan	585	10879	6789803	0	0	0	nan	0	0	0	0	0	0	nan	0	0	0	nan	nan	nan	nan	nan	nan
17	g	0	6792126	0	nan	593	11133	6792125	0	0	0	nan	0	0	0	0	0	0	nan	0	0	0	nan	nan	nan	nan	nan	nan
18	u	0	6793930	0	nan	594	11167	6793929	0	0	0	nan	0	0	0	0	0	0	nan	0	0	0	nan	nan	nan	nan	nan	nan
19	a	0	6795981	0	nan	622	12551	6795980	0	0	0	nan	0	0	0	0	0	0	nan	0	0	0	nan	nan	nan	nan	nan	nan
20	A	0	6797888	835	0.000000	622	12554	6797887	0	0	0	nan	0	0	0	0	0	0	nan	0	0	0	0.000000	0.000000	nan	nan	nan	nan
21	G	0	6799201	983	0.000000	622	12558	6799200	0	0	0	nan	0	0	0	0	0	0	nan	0	0	0	0.000000	0.000000	nan	nan	nan	nan
22	G	0	6800054	982	0.000000	623	12558	6800053	0	0	0	nan	0	0	0	0	0	0	nan	0	0	0	0.000000	0.000000	nan	nan	nan	nan
23	U	0	6801888	6153292	0.000000	623	12558	6801887	0	0	0	nan	0	0	0	0	0	0	nan	0	0	0	0.000000	0.000000	0.000000	0.000000	0.000000	0.000000
24	U	12363	6803138	6202803	0.001993	623	12558	6803137	0	0	0	nan	0	0	0	0	0	0	nan	0	0	0	0.001993	0.000018	0.001993	0.000018	0.687241	0.006207
25	G	8362	6807433	6154765	0.001359	623	12558	6807432	0	0	0	nan	0	0	0	0	0	0	nan	0	0	0	0.001359	0.000015	0.001359	0.000015	0.566014	0.006247
26	A	39145	6814082	6307041	0.006207	624	12558	6814040	0	0	0	nan	0	0	0	0	0	0	nan	0	0	0	0.006207	0.000031	0.006207	0.000031	0.555138	0.002773
27	C	10942	6816932	6075751	0.001801	624	12558	6816836	0	0	0	nan	0	0	0	0	0	0	nan	0	0	0	0.001801	0.000017	0.001801	0.000017	0.711576	0.006717
28	C	17455	6818268	6064099	0.002878	624	12558	6818149	0	0	0	nan	0	0	0	0	0	0	nan	0	0	0	0.002878	0.000022	0.002878	0.000022	1.137100	0.008692
29	U	21010	6821472	6033843	0.003482	624	12558	6821327	0	0	0	nan	0	0	0	0	0	0	nan	0	0	0	0.003482	0.000024	0.003482	0.000024	1.200690	0.008276
30	U	8205	6827174	6129535	0.001339	624	12558	6827014	0	0	0	nan	0	0	0	0	0	0	nan	0	0	0	0.001339	0.000015	0.001339	0.000015	0.461724	0.005172
31	U	9303	6832694	6145426	0.001514	624	12558	6832508	0	0	0	nan	0	0	0	0	0	0	nan	0	0	0	0.001514	0.000016	0.001514	0.000016	0.522069	0.005517
32	U	11568	6838025	6199288	0.001866	625	12558	6837809	0	0	0	nan	0	0	0	0	0	0	nan	0	0	0	0.001866	0.000017	0.001866	0.000017	0.643448	0.005862
33	G	2999	6868974	6277034	0.000478	628	12558	6868733	0	0	0	nan	0	0	0	0	0	0	nan	0	0	0	0.000478	0.000009	0.000478	0.000009	0.199084	0.003748
34	A	30741	6882413	6631868	0.004635	628	12558	6882176	0	0	0	nan	0	0	0	0	0	0	nan	0	0	0	0.004635	0.000026	0.004635	0.000026	0.414543	0.002325
35	A	33570	6886083	6585655	0.005097	628	12558	6885831	0	0	0	nan	0	0	0	0	0	0	nan	0	0	0	0.005097	0.000028	0.005097	0.000028	0.455863	0.002504
36	U	4108	6887307	6523156	0.000630	628	12558	6887044	0	0	0	nan	0	0	0	0	0	0	nan	0	0	0	0.000630	0.000010	0.000630	0.000010	0.217241	0.003448
37	A	349674	6888066	6170353	0.056670	628	12558	6887767	0	0	0	nan	0	0	0	0	0	0	nan	0	0	0	0.056670	0.000096	0.056670	0.000096	5.068420	0.008586
38	G	15603	6888930	6094063	0.002560	633	12558	6888638	0	0	0	nan	0	0	0	0	0	0	nan	0	0	0	0.002560	0.000020	0.002560	0.000020	1.066222	0.008330
39	U	10471	6890015	6135875	0.001707	636	12558	6889722	0	0	0	nan	0	0	0	0	0	0	nan	0	0	0	0.001707	0.000017	0.001707	0.000017	0.588621	0.005862
40	G	12201	6891042	6341414	0.001924	641	12558	6890723	0	0	0	nan	0	0	0	0	0	0	nan	0	0	0	0.001924	0.000017	0.001924	0.000017	0.801333	0.007080
41	A	80474	6896880	6345677	0.012682	641	12558	6896542	0	0	0	nan	0	0	0	0	0	0	nan	0	0	0	0.012682	0.000045	0.012682	0.000045	1.134246	0.004025
42	U	15583	6898490	6332265	0.002461	641	12558	6898165	0	0	0	nan	0	0	0	0	0	0	nan	0	0	0	0.002461	0.000020	0.002461	0.000020	0.848621	0.006897
43	U	8495	6902189	6292327	0.001350	644	12558	6901848	0	0	0	nan	0	0	0	0	0	0	nan	0	0	0	0.001350	0.000015	0.001350	0.000015	0.465517	0.005172
44	C	13770	6908097	6304116	0.002184	641	12558	6907739	0	0	0	nan	0	0	0	0	0	0	nan	0	0	0	0.002184	0.000019	0.002184	0.000019	0.862900	0.007507
45	A	30576	6911938	6327243	0.004832	639	12558	6911550	0	0	0	nan	0	0	0	0	0	0	nan	0	0	0	0.004832	0.000028	0.004832	0.000028	0.432162	0.002504
46	G	4743	6914486	6178648	0.000768	638	12558	6914099	0	0	0	nan	0	0	0	0	0	0	nan	0	0	0	0.000768	0.000011	0.000768	0.000011	0.319867	0.004581
47	G	10605	6919366	6243784	0.001698	638	12558	6918979	0	0	0	nan	0	0	0	0	0	0	nan	0	0	0	0.001698	0.000016	0.001698	0.000016	0.707205	0.006664
48	A	13889	6927878	6142249	0.002261	641	12558	6927472	0	0	0	nan	0	0	0	0	0	0	nan	0	0	0	0.002261	0.000019	0.002261	0.000019	0.202218	0.001699
49	G	17433	6929659	6210165	0.002807	639	12558	6929277	0	0	0	nan	0	0	0	0	0	0	nan	0	0	0	0.002807	0.000021	0.002807	0.000021	1.169096	0.008746
50	G	4695	6942048	6034380	0.000778	650	12558	6941731	0	0	0	nan	0	0	0	0	0	0	nan	0	0	0	0.000778	0.000011	0.000778	0.000011	0.324032	0.004581
51	U	17927	6947618	6181910	0.002900	649	12558	6947357	0	0	0	nan	0	0	0	0	0	0	nan	0	0	0	0.002900	0.000022	0.002900	0.000022	1.000000	0.007586
52	U	14682	6956682	6175567	0.002377	653	12558	6956459	0	0	0	nan	0	0	0	0	0	0	nan	0	0	0	0.002377	0.000020	0.002377	0.000020	0.819655	0.006897
53	A	52959	6961967	6429669	0.008237	653	12558	6961754	0	0	0	nan	0	0	0	0	0	0	nan	0	0	0	0.008237	0.000036	0.008237	0.000036	0.736696	0.003220
54	A	73542	6966376	6577691	0.011181	653	12558	6966205	0	0	0	nan	0	0	0	0	0	0	nan	0	0	0	0.011181	0.000041	0.011181	0.000041	1.000000	0.003667
55	U	10237	6967626	6480813	0.001580	653	12558	6967475	0	0	0	nan	0	0	0	0	0	0	nan	0	0	0	0.001580	0.000016	0.001580	0.000016	0.544828	0.005517
56	G	9776	6968666	6246484	0.001565	653	12558	6968539	0	0	0	nan	0	0	0	0	0	0	nan	0	0	0	0.001565	0.000016	0.001565	0.000016	0.651812	0.006664
57	G	0	6969999	6265706	0.000000	653	12558	6969924	0	0	0	nan	0	0	0	0	0	0	nan	0	0	0	0.000000	0.000000	0.000000	0.000000	0.000000	0.000000
58	A	0	6972889	69	0.000000	653	12558	6972888	0	0	0	nan	0	0	0	0	0	0	nan	0	0	0	0.000000	0.000000	nan	nan	nan	nan
59	A	0	6972814	43	0.000000	650	12558	6972813	0	0	0	nan	0	0	0	0	0	0	nan	0	0	0	0.000000	0.000000	nan	nan	nan	nan
60	G	0	6972763	14	0.000000	648	12558	6972762	0	0	0	nan	0	0	0	0	0	0	nan	0	0	0	0.000000	0.000000	nan	nan	nan	nan
61	u	0	6972727	0	nan	646	12556	6972726	0	0	0	nan	0	0	0	0	0	0	nan	0	0	0	nan	nan	nan	nan	nan	nan
62	a	0	6972631	0	nan	634	12552	6972630	0	0	0	nan	0	0	0	0	0	0	nan	0	0	0	nan	nan	nan	nan	nan	nan
63	a	0	6972574	0	nan	631	12530	6972573	0	0	0	nan	0	0	0	0	0	0	nan	0	0	0	nan	nan	nan	nan	nan	nan
64	a	0	6972543	0	nan	622	12508	6972542	0	0	0	nan	0	0	0	0	0	0	nan	0	0	0	nan	nan	nan	nan	nan	nan
65	g	0	6972515	0	nan	525	9387	6972514	0	0	0	nan	0	0	0	0	0	0	nan	0	0	0	nan	nan	nan	nan	nan	nan
66	g	0	6972490	0	nan	471	9114	6972490	0	0	0	nan	0	0	0	0	0	0	nan	0	0	0	nan	nan	nan	nan	nan	nan
67	u	0	6972460	0	nan	430	9094	6972460	0	0	0	nan	0	0	0	0	0	0	nan	0	0	0	nan	nan	nan	nan	nan	nan
68	a	0	6972431	0	nan	398	8030	6972431	0	0	0	nan	0	0	0	0	0	0	nan	0	0	0	nan	nan	nan	nan	nan	nan
69	a	0	6972398	0	nan	394	7990	6972398	0	0	0	nan	0	0	0	0	0	0	nan	0	0	0	nan	nan	nan	nan	nan	nan
70	u	0	6972383	0	nan	391	7866	6972383	0	0	0	nan	0	0	0	0	0	0	nan	0	0	0	nan	nan	nan	nan	nan	nan
71	g	0	6972322	0	nan	390	7808	6972322	0	0	0	nan	0	0	0	0	0	0	nan	0	0	0	nan	nan	nan	nan	nan	nan
72	a	0	6972263	0	nan	387	7796	6972263	0	0	0	nan	0	0	0	0	0	0	nan	0	0	0	nan	nan	nan	nan	nan	nan
73	a	0	6972215	0	nan	387	7780	6972215	0	0	0	nan	0	0	0	0	0	0	nan	0	0	0	nan	nan	nan	nan	nan	nan
74	g	0	6972184	0	nan	387	7769	6972184	0	0	0	nan	0	0	0	0	0	0	nan	0	0	0	nan	nan	nan	nan	nan	nan
75	g	0	6972126	0	nan	387	7756	6972126	0	0	0	nan	0	0	0	0	0	0	nan	0	0	0	nan	nan	nan	nan	nan	nan
76	u	0	6971979	0	nan	387	7744	6971979	0	0	0	nan	0	0	0	0	0	0	nan	0	0	0	nan	nan	nan	nan	nan	nan
77	g	0	6971846	0	nan	386	7604	6971846	0	0	0	nan	0	0	0	0	0	0	nan	0	0	0	nan	nan	nan	nan	nan	nan
78	a	0	6971708	0	nan	386	7592	6971708	0	0	0	nan	0	0	0	0	0	0	nan	0	0	0	nan	nan	nan	nan	nan	nan
79	a	0	6966987	0	nan	382	7526	6966987	0	0	0	nan	0	0	0	0	0	0	nan	0	0	0	nan	nan	nan	nan	nan	nan
80	g	0	6964024	0	nan	382	7367	6964024	0	0	0	nan	0	0	0	0	0	0	nan	0	0	0	nan	nan	nan	nan	nan	nan