Nucleotide	Sequence	Modified_mutations	Modified_read_depth	Modified_effective_depth	Modified_rate	Modified_off_target_mapped_depth	Modified_low_mapq_mapped_depth	Modified_primer_pair_1_mapped_depth	Untreated_mutations	Untreated_read_depth	Untreated_effective_depth	Untreated_rate	Untreated_off_target_mapped_depth	Untreated_low_mapq_mapped_depth	Untreated_primer_pair_1_mapped_depth	Denatured_mutations	Denatured_read_depth	Denatured_effective_depth	Denatured_rate	Denatured_off_target_mapped_depth	Denatured_low_mapq_mapped_depth	Denatured_primer_pair_1_mapped_depth	Reactivity_profile	Std_err	HQ_profile	HQ_stderr	Norm_profile	Norm_stderr
1	g	0	224343	0	nan	3	1	224343	0	0	0	nan	0	0	0	0	0	0	nan	0	0	0	nan	nan	nan	nan	nan	nan
2	g	0	224819	0	nan	3	1	224819	0	0	0	nan	0	0	0	0	0	0	nan	0	0	0	nan	nan	nan	nan	nan	nan
3	c	0	224950	0	nan	3	1	224950	0	0	0	nan	0	0	0	0	0	0	nan	0	0	0	nan	nan	nan	nan	nan	nan
4	a	0	226552	0	nan	6	1	226552	0	0	0	nan	0	0	0	0	0	0	nan	0	0	0	nan	nan	nan	nan	nan	nan
5	c	0	226601	0	nan	6	1	226601	0	0	0	nan	0	0	0	0	0	0	nan	0	0	0	nan	nan	nan	nan	nan	nan
6	c	0	226615	0	nan	6	1	226615	0	0	0	nan	0	0	0	0	0	0	nan	0	0	0	nan	nan	nan	nan	nan	nan
7	u	0	226615	0	nan	6	1	226615	0	0	0	nan	0	0	0	0	0	0	nan	0	0	0	nan	nan	nan	nan	nan	nan
8	c	0	226616	0	nan	6	1	226616	0	0	0	nan	0	0	0	0	0	0	nan	0	0	0	nan	nan	nan	nan	nan	nan
9	a	0	226617	0	nan	6	1	226617	0	0	0	nan	0	0	0	0	0	0	nan	0	0	0	nan	nan	nan	nan	nan	nan
10	u	0	226638	0	nan	6	1	226638	0	0	0	nan	0	0	0	0	0	0	nan	0	0	0	nan	nan	nan	nan	nan	nan
11	a	0	226659	0	nan	6	1	226659	0	0	0	nan	0	0	0	0	0	0	nan	0	0	0	nan	nan	nan	nan	nan	nan
12	a	0	226669	0	nan	6	1	226669	0	0	0	nan	0	0	0	0	0	0	nan	0	0	0	nan	nan	nan	nan	nan	nan
13	c	0	226671	0	nan	6	1	226671	0	0	0	nan	0	0	0	0	0	0	nan	0	0	0	nan	nan	nan	nan	nan	nan
14	a	0	226672	0	nan	6	1	226672	0	0	0	nan	0	0	0	0	0	0	nan	0	0	0	nan	nan	nan	nan	nan	nan
15	u	0	226672	0	nan	6	1	226672	0	0	0	nan	0	0	0	0	0	0	nan	0	0	0	nan	nan	nan	nan	nan	nan
16	a	0	226675	0	nan	6	1	226675	0	0	0	nan	0	0	0	0	0	0	nan	0	0	0	nan	nan	nan	nan	nan	nan
17	a	0	226677	0	nan	6	1	226677	0	0	0	nan	0	0	0	0	0	0	nan	0	0	0	nan	nan	nan	nan	nan	nan
18	c	0	226678	0	nan	6	1	226678	0	0	0	nan	0	0	0	0	0	0	nan	0	0	0	nan	nan	nan	nan	nan	nan
19	U	0	226681	2	0.000000	6	1	226681	0	0	0	nan	0	0	0	0	0	0	nan	0	0	0	0.000000	0.000000	nan	nan	nan	nan
20	A	0	226696	13	0.000000	6	1	226696	0	0	0	nan	0	0	0	0	0	0	nan	0	0	0	0.000000	0.000000	nan	nan	nan	nan
21	A	0	226699	13	0.000000	6	1	226699	0	0	0	nan	0	0	0	0	0	0	nan	0	0	0	0.000000	0.000000	nan	nan	nan	nan
22	G	0	226706	224216	0.000000	6	1	226706	0	0	0	nan	0	0	0	0	0	0	nan	0	0	0	0.000000	0.000000	0.000000	0.000000	nan	nan
23	G	259	226711	220954	0.001172	6	1	226711	0	0	0	nan	0	0	0	0	0	0	nan	0	0	0	0.001172	0.000073	0.001172	0.000073	nan	nan
24	C	7763	226721	218133	0.035588	6	1	226721	0	0	0	nan	0	0	0	0	0	0	nan	0	0	0	0.035588	0.000404	0.035588	0.000404	1.000000	0.011352
25	A	3402	226742	219007	0.015534	6	1	226742	0	0	0	nan	0	0	0	0	0	0	nan	0	0	0	0.015534	0.000266	0.015534	0.000266	1.170566	0.020044
26	G	214	226758	218528	0.000979	6	1	226758	0	0	0	nan	0	0	0	0	0	0	nan	0	0	0	0.000979	0.000067	0.000979	0.000067	nan	nan
27	A	2817	226765	225069	0.012516	6	1	226765	0	0	0	nan	0	0	0	0	0	0	nan	0	0	0	0.012516	0.000236	0.012516	0.000236	0.943145	0.017784
28	U	1006	226768	224972	0.004472	6	1	226768	0	0	0	nan	0	0	0	0	0	0	nan	0	0	0	0.004472	0.000141	0.004472	0.000141	1.368212	0.043139
29	C	4662	226768	225206	0.020701	6	1	226765	0	0	0	nan	0	0	0	0	0	0	nan	0	0	0	0.020701	0.000303	0.020701	0.000303	0.581685	0.008514
30	U	656	226769	225054	0.002915	6	1	226766	0	0	0	nan	0	0	0	0	0	0	nan	0	0	0	0.002915	0.000114	0.002915	0.000114	0.891846	0.034878
31	G	201	226773	224418	0.000896	6	1	226768	0	0	0	nan	0	0	0	0	0	0	nan	0	0	0	0.000896	0.000063	0.000896	0.000063	nan	nan
32	A	2461	226775	224498	0.010962	6	1	226770	0	0	0	nan	0	0	0	0	0	0	nan	0	0	0	0.010962	0.000221	0.010962	0.000221	0.826043	0.016653
33	G	194	226775	216940	0.000894	6	1	226769	0	0	0	nan	0	0	0	0	0	0	nan	0	0	0	0.000894	0.000064	0.000894	0.000064	nan	nan
34	C	3926	226776	213384	0.018399	6	1	226769	0	0	0	nan	0	0	0	0	0	0	nan	0	0	0	0.018399	0.000294	0.018399	0.000294	0.517000	0.008261
35	C	3770	226779	213741	0.017638	6	1	226763	0	0	0	nan	0	0	0	0	0	0	nan	0	0	0	0.017638	0.000287	0.017638	0.000287	0.495616	0.008065
36	U	651	226783	217332	0.002995	6	1	226738	0	0	0	nan	0	0	0	0	0	0	nan	0	0	0	0.002995	0.000117	0.002995	0.000117	0.916322	0.035796
37	G	349	226816	221011	0.001579	6	1	226758	0	0	0	nan	0	0	0	0	0	0	nan	0	0	0	0.001579	0.000085	0.001579	0.000085	nan	nan
38	G	211	226855	220952	0.000955	6	1	226833	0	0	0	nan	0	0	0	0	0	0	nan	0	0	0	0.000955	0.000066	0.000955	0.000066	nan	nan
39	G	281	226858	221368	0.001269	6	1	226840	0	0	0	nan	0	0	0	0	0	0	nan	0	0	0	0.001269	0.000076	0.001269	0.000076	nan	nan
40	G	182	226859	221824	0.000820	6	1	226841	0	0	0	nan	0	0	0	0	0	0	nan	0	0	0	0.000820	0.000061	0.000820	0.000061	nan	nan
41	G	257	226862	221284	0.001161	6	1	226850	0	0	0	nan	0	0	0	0	0	0	nan	0	0	0	0.001161	0.000072	0.001161	0.000072	nan	nan
42	C	4065	226862	225032	0.018064	6	1	226850	0	0	0	nan	0	0	0	0	0	0	nan	0	0	0	0.018064	0.000283	0.018064	0.000283	0.507587	0.007952
43	U	572	226862	225156	0.002540	6	1	226851	0	0	0	nan	0	0	0	0	0	0	nan	0	0	0	0.002540	0.000106	0.002540	0.000106	0.777115	0.032431
44	C	4036	226866	225056	0.017933	6	1	226855	0	0	0	nan	0	0	0	0	0	0	nan	0	0	0	0.017933	0.000282	0.017933	0.000282	0.503906	0.007924
45	U	754	226868	224908	0.003352	6	1	226858	0	0	0	nan	0	0	0	0	0	0	nan	0	0	0	0.003352	0.000122	0.003352	0.000122	1.025547	0.037326
46	C	5870	226869	224634	0.026131	6	1	226860	0	0	0	nan	0	0	0	0	0	0	nan	0	0	0	0.026131	0.000341	0.026131	0.000341	0.734264	0.009582
47	U	678	226878	224663	0.003018	6	1	226867	0	0	0	nan	0	0	0	0	0	0	nan	0	0	0	0.003018	0.000116	0.003018	0.000116	0.923359	0.035490
48	G	329	226875	222352	0.001480	6	1	226860	0	0	0	nan	0	0	0	0	0	0	nan	0	0	0	0.001480	0.000082	0.001480	0.000082	nan	nan
49	C	11726	226877	223368	0.052496	6	1	226863	0	0	0	nan	0	0	0	0	0	0	nan	0	0	0	0.052496	0.000485	0.052496	0.000485	1.475104	0.013628
50	C	9780	226881	224062	0.043649	6	1	226870	0	0	0	nan	0	0	0	0	0	0	nan	0	0	0	0.043649	0.000441	0.043649	0.000441	1.226509	0.012392
51	A	2048	226890	225062	0.009100	6	1	226889	0	0	0	nan	0	0	0	0	0	0	nan	0	0	0	0.009100	0.000201	0.009100	0.000201	0.685732	0.015146
52	A	0	226891	225686	0.000000	6	1	226891	0	0	0	nan	0	0	0	0	0	0	nan	0	0	0	0.000000	0.000000	0.000000	0.000000	0.000000	0.000000
53	U	0	226877	69	0.000000	3	1	226877	0	0	0	nan	0	0	0	0	0	0	nan	0	0	0	0.000000	0.000000	nan	nan	nan	nan
54	C	0	226787	0	nan	3	1	226787	0	0	0	nan	0	0	0	0	0	0	nan	0	0	0	nan	nan	nan	nan	nan	nan
55	C	0	226787	0	nan	3	1	226787	0	0	0	nan	0	0	0	0	0	0	nan	0	0	0	nan	nan	nan	nan	nan	nan
56	a	0	226787	0	nan	3	1	226787	0	0	0	nan	0	0	0	0	0	0	nan	0	0	0	nan	nan	nan	nan	nan	nan
57	c	0	226787	0	nan	3	1	226787	0	0	0	nan	0	0	0	0	0	0	nan	0	0	0	nan	nan	nan	nan	nan	nan
58	u	0	226787	0	nan	3	1	226787	0	0	0	nan	0	0	0	0	0	0	nan	0	0	0	nan	nan	nan	nan	nan	nan
59	a	0	226787	0	nan	3	1	226787	0	0	0	nan	0	0	0	0	0	0	nan	0	0	0	nan	nan	nan	nan	nan	nan
60	a	0	226787	0	nan	3	1	226787	0	0	0	nan	0	0	0	0	0	0	nan	0	0	0	nan	nan	nan	nan	nan	nan
61	c	0	226787	0	nan	0	1	226787	0	0	0	nan	0	0	0	0	0	0	nan	0	0	0	nan	nan	nan	nan	nan	nan
62	c	0	226787	0	nan	0	1	226787	0	0	0	nan	0	0	0	0	0	0	nan	0	0	0	nan	nan	nan	nan	nan	nan
63	u	0	226787	0	nan	0	1	226787	0	0	0	nan	0	0	0	0	0	0	nan	0	0	0	nan	nan	nan	nan	nan	nan
64	c	0	226787	0	nan	0	1	226787	0	0	0	nan	0	0	0	0	0	0	nan	0	0	0	nan	nan	nan	nan	nan	nan
65	a	0	226787	0	nan	0	1	226787	0	0	0	nan	0	0	0	0	0	0	nan	0	0	0	nan	nan	nan	nan	nan	nan
66	c	0	226787	0	nan	0	1	226787	0	0	0	nan	0	0	0	0	0	0	nan	0	0	0	nan	nan	nan	nan	nan	nan
67	u	0	226785	0	nan	0	1	226785	0	0	0	nan	0	0	0	0	0	0	nan	0	0	0	nan	nan	nan	nan	nan	nan
68	c	0	226785	0	nan	0	1	226785	0	0	0	nan	0	0	0	0	0	0	nan	0	0	0	nan	nan	nan	nan	nan	nan
69	a	0	226784	0	nan	0	1	226784	0	0	0	nan	0	0	0	0	0	0	nan	0	0	0	nan	nan	nan	nan	nan	nan
70	c	0	226778	0	nan	0	1	226778	0	0	0	nan	0	0	0	0	0	0	nan	0	0	0	nan	nan	nan	nan	nan	nan
71	a	0	226772	0	nan	0	1	226772	0	0	0	nan	0	0	0	0	0	0	nan	0	0	0	nan	nan	nan	nan	nan	nan
72	a	0	226698	0	nan	0	1	226698	0	0	0	nan	0	0	0	0	0	0	nan	0	0	0	nan	nan	nan	nan	nan	nan
73	u	0	226590	0	nan	0	1	226590	0	0	0	nan	0	0	0	0	0	0	nan	0	0	0	nan	nan	nan	nan	nan	nan
74	c	0	226298	0	nan	0	1	226298	0	0	0	nan	0	0	0	0	0	0	nan	0	0	0	nan	nan	nan	nan	nan	nan