Nucleotide	Sequence	Modified_mutations	Modified_read_depth	Modified_effective_depth	Modified_rate	Modified_off_target_mapped_depth	Modified_low_mapq_mapped_depth	Modified_primer_pair_1_mapped_depth	Untreated_mutations	Untreated_read_depth	Untreated_effective_depth	Untreated_rate	Untreated_off_target_mapped_depth	Untreated_low_mapq_mapped_depth	Untreated_primer_pair_1_mapped_depth	Denatured_mutations	Denatured_read_depth	Denatured_effective_depth	Denatured_rate	Denatured_off_target_mapped_depth	Denatured_low_mapq_mapped_depth	Denatured_primer_pair_1_mapped_depth	Reactivity_profile	Std_err	HQ_profile	HQ_stderr	Norm_profile	Norm_stderr
1	g	0	222839	0	nan	23	0	222839	0	0	0	nan	0	0	0	0	0	0	nan	0	0	0	nan	nan	nan	nan	nan	nan
2	g	0	239689	0	nan	66	0	239689	0	0	0	nan	0	0	0	0	0	0	nan	0	0	0	nan	nan	nan	nan	nan	nan
3	c	0	240302	0	nan	66	0	240302	0	0	0	nan	0	0	0	0	0	0	nan	0	0	0	nan	nan	nan	nan	nan	nan
4	a	0	240438	0	nan	66	0	240438	0	0	0	nan	0	0	0	0	0	0	nan	0	0	0	nan	nan	nan	nan	nan	nan
5	c	0	240473	0	nan	66	0	240473	0	0	0	nan	0	0	0	0	0	0	nan	0	0	0	nan	nan	nan	nan	nan	nan
6	c	0	240483	0	nan	66	0	240483	0	0	0	nan	0	0	0	0	0	0	nan	0	0	0	nan	nan	nan	nan	nan	nan
7	u	0	240486	0	nan	66	0	240486	0	0	0	nan	0	0	0	0	0	0	nan	0	0	0	nan	nan	nan	nan	nan	nan
8	c	0	240515	0	nan	66	0	240515	0	0	0	nan	0	0	0	0	0	0	nan	0	0	0	nan	nan	nan	nan	nan	nan
9	a	0	240552	0	nan	66	0	240552	0	0	0	nan	0	0	0	0	0	0	nan	0	0	0	nan	nan	nan	nan	nan	nan
10	u	0	240607	0	nan	66	0	240607	0	0	0	nan	0	0	0	0	0	0	nan	0	0	0	nan	nan	nan	nan	nan	nan
11	a	0	240714	0	nan	66	0	240714	0	0	0	nan	0	0	0	0	0	0	nan	0	0	0	nan	nan	nan	nan	nan	nan
12	a	0	240739	0	nan	66	0	240739	0	0	0	nan	0	0	0	0	0	0	nan	0	0	0	nan	nan	nan	nan	nan	nan
13	c	0	240749	0	nan	66	0	240749	0	0	0	nan	0	0	0	0	0	0	nan	0	0	0	nan	nan	nan	nan	nan	nan
14	a	0	240756	0	nan	66	0	240756	0	0	0	nan	0	0	0	0	0	0	nan	0	0	0	nan	nan	nan	nan	nan	nan
15	u	0	240770	0	nan	66	0	240770	0	0	0	nan	0	0	0	0	0	0	nan	0	0	0	nan	nan	nan	nan	nan	nan
16	a	0	240781	0	nan	66	0	240781	0	0	0	nan	0	0	0	0	0	0	nan	0	0	0	nan	nan	nan	nan	nan	nan
17	a	0	240786	0	nan	66	1	240786	0	0	0	nan	0	0	0	0	0	0	nan	0	0	0	nan	nan	nan	nan	nan	nan
18	c	0	240786	0	nan	66	1	240786	0	0	0	nan	0	0	0	0	0	0	nan	0	0	0	nan	nan	nan	nan	nan	nan
19	U	0	240792	4	0.000000	66	1	240792	0	0	0	nan	0	0	0	0	0	0	nan	0	0	0	0.000000	0.000000	nan	nan	nan	nan
20	A	0	240813	18	0.000000	66	1	240813	0	0	0	nan	0	0	0	0	0	0	nan	0	0	0	0.000000	0.000000	nan	nan	nan	nan
21	A	0	240826	28	0.000000	66	1	240826	0	0	0	nan	0	0	0	0	0	0	nan	0	0	0	0.000000	0.000000	nan	nan	nan	nan
22	G	0	240834	235432	0.000000	66	1	240834	0	0	0	nan	0	0	0	0	0	0	nan	0	0	0	0.000000	0.000000	0.000000	0.000000	nan	nan
23	G	378	240840	223708	0.001690	66	1	240840	0	0	0	nan	0	0	0	0	0	0	nan	0	0	0	0.001690	0.000087	0.001690	0.000087	nan	nan
24	C	1602	240907	234222	0.006840	66	1	240907	0	0	0	nan	0	0	0	0	0	0	nan	0	0	0	0.006840	0.000171	0.006840	0.000171	1.000000	0.025000
25	A	2640	241039	236629	0.011157	66	1	241039	0	0	0	nan	0	0	0	0	0	0	nan	0	0	0	0.011157	0.000217	0.011157	0.000217	0.404217	0.007862
26	G	283	241059	234318	0.001208	66	1	241056	0	0	0	nan	0	0	0	0	0	0	nan	0	0	0	0.001208	0.000072	0.001208	0.000072	nan	nan
27	A	6226	241070	236573	0.026317	66	1	241065	0	0	0	nan	0	0	0	0	0	0	nan	0	0	0	0.026317	0.000334	0.026317	0.000334	0.953463	0.012101
28	U	1344	241084	235162	0.005715	66	1	241079	0	0	0	nan	0	0	0	0	0	0	nan	0	0	0	0.005715	0.000156	0.005715	0.000156	1.043454	0.028483
29	C	12198	241089	235706	0.051751	66	1	241081	0	0	0	nan	0	0	0	0	0	0	nan	0	0	0	0.051751	0.000469	0.051751	0.000469	7.565936	0.068567
30	U	1184	241094	235652	0.005024	66	1	241082	0	0	0	nan	0	0	0	0	0	0	nan	0	0	0	0.005024	0.000146	0.005024	0.000146	0.917290	0.026657
31	G	346	241101	232819	0.001486	66	1	241084	0	0	0	nan	0	0	0	0	0	0	nan	0	0	0	0.001486	0.000080	0.001486	0.000080	nan	nan
32	A	1564	241107	236261	0.006620	66	1	241089	0	0	0	nan	0	0	0	0	0	0	nan	0	0	0	0.006620	0.000167	0.006620	0.000167	0.239842	0.006050
33	G	364	241107	225984	0.001611	66	1	241074	0	0	0	nan	0	0	0	0	0	0	nan	0	0	0	0.001611	0.000084	0.001611	0.000084	nan	nan
34	C	1469	241112	231021	0.006359	57	1	241054	0	0	0	nan	0	0	0	0	0	0	nan	0	0	0	0.006359	0.000166	0.006359	0.000166	0.929678	0.024269
35	U	1303	241146	230722	0.005647	57	1	241040	0	0	0	nan	0	0	0	0	0	0	nan	0	0	0	0.005647	0.000156	0.005647	0.000156	1.031039	0.028483
36	U	1222	241155	230268	0.005307	56	1	241023	0	0	0	nan	0	0	0	0	0	0	nan	0	0	0	0.005307	0.000152	0.005307	0.000152	0.968961	0.027752
37	C	10915	241189	231683	0.047112	56	1	240837	0	0	0	nan	0	0	0	0	0	0	nan	0	0	0	0.047112	0.000451	0.047112	0.000451	6.887719	0.065936
38	G	352	241261	229961	0.001531	56	1	240919	0	0	0	nan	0	0	0	0	0	0	nan	0	0	0	0.001531	0.000082	0.001531	0.000082	nan	nan
39	G	297	241694	230850	0.001287	54	1	241525	0	0	0	nan	0	0	0	0	0	0	nan	0	0	0	0.001287	0.000075	0.001287	0.000075	nan	nan
40	C	449	241929	239735	0.001873	43	1	241904	0	0	0	nan	0	0	0	0	0	0	nan	0	0	0	0.001873	0.000088	0.001873	0.000088	0.273830	0.012865
41	U	769	241952	240163	0.003202	43	1	241944	0	0	0	nan	0	0	0	0	0	0	nan	0	0	0	0.003202	0.000115	0.003202	0.000115	0.584627	0.020997
42	C	441	241960	240429	0.001834	39	1	241953	0	0	0	nan	0	0	0	0	0	0	nan	0	0	0	0.001834	0.000087	0.001834	0.000087	0.268129	0.012719
43	U	1212	241961	240673	0.005036	39	1	241954	0	0	0	nan	0	0	0	0	0	0	nan	0	0	0	0.005036	0.000145	0.005036	0.000145	0.919481	0.026474
44	C	947	241964	240775	0.003933	37	1	241959	0	0	0	nan	0	0	0	0	0	0	nan	0	0	0	0.003933	0.000128	0.003933	0.000128	0.575000	0.018713
45	U	937	241972	240413	0.003897	37	1	241960	0	0	0	nan	0	0	0	0	0	0	nan	0	0	0	0.003897	0.000127	0.003897	0.000127	0.711521	0.023188
46	G	374	241967	235252	0.001590	35	1	241945	0	0	0	nan	0	0	0	0	0	0	nan	0	0	0	0.001590	0.000082	0.001590	0.000082	nan	nan
47	C	1059	241972	239059	0.004430	35	1	241955	0	0	0	nan	0	0	0	0	0	0	nan	0	0	0	0.004430	0.000136	0.004430	0.000136	0.647661	0.019883
48	C	1026	241977	238516	0.004302	35	1	241964	0	0	0	nan	0	0	0	0	0	0	nan	0	0	0	0.004302	0.000134	0.004302	0.000134	0.628947	0.019591
49	A	7520	241986	239074	0.031455	35	1	241982	0	0	0	nan	0	0	0	0	0	0	nan	0	0	0	0.031455	0.000363	0.031455	0.000363	1.139612	0.013151
50	A	0	241990	239647	0.000000	35	1	241990	0	0	0	nan	0	0	0	0	0	0	nan	0	0	0	0.000000	0.000000	0.000000	0.000000	0.000000	0.000000
51	U	0	241989	157	0.000000	29	1	241989	0	0	0	nan	0	0	0	0	0	0	nan	0	0	0	0.000000	0.000000	nan	nan	nan	nan
52	C	0	241986	158	0.000000	26	1	241986	0	0	0	nan	0	0	0	0	0	0	nan	0	0	0	0.000000	0.000000	nan	nan	nan	nan
53	C	0	241978	162	0.000000	26	1	241978	0	0	0	nan	0	0	0	0	0	0	nan	0	0	0	0.000000	0.000000	nan	nan	nan	nan
54	a	0	241787	0	nan	26	1	241787	0	0	0	nan	0	0	0	0	0	0	nan	0	0	0	nan	nan	nan	nan	nan	nan
55	c	0	241781	0	nan	26	1	241781	0	0	0	nan	0	0	0	0	0	0	nan	0	0	0	nan	nan	nan	nan	nan	nan
56	u	0	241768	0	nan	26	1	241768	0	0	0	nan	0	0	0	0	0	0	nan	0	0	0	nan	nan	nan	nan	nan	nan
57	a	0	241765	0	nan	26	1	241765	0	0	0	nan	0	0	0	0	0	0	nan	0	0	0	nan	nan	nan	nan	nan	nan
58	a	0	241765	0	nan	26	1	241765	0	0	0	nan	0	0	0	0	0	0	nan	0	0	0	nan	nan	nan	nan	nan	nan
59	c	0	241765	0	nan	13	1	241765	0	0	0	nan	0	0	0	0	0	0	nan	0	0	0	nan	nan	nan	nan	nan	nan
60	c	0	241764	0	nan	12	1	241764	0	0	0	nan	0	0	0	0	0	0	nan	0	0	0	nan	nan	nan	nan	nan	nan
61	u	0	241764	0	nan	0	1	241764	0	0	0	nan	0	0	0	0	0	0	nan	0	0	0	nan	nan	nan	nan	nan	nan
62	c	0	241764	0	nan	0	1	241764	0	0	0	nan	0	0	0	0	0	0	nan	0	0	0	nan	nan	nan	nan	nan	nan
63	a	0	241764	0	nan	0	1	241764	0	0	0	nan	0	0	0	0	0	0	nan	0	0	0	nan	nan	nan	nan	nan	nan
64	c	0	241761	0	nan	0	1	241761	0	0	0	nan	0	0	0	0	0	0	nan	0	0	0	nan	nan	nan	nan	nan	nan
65	u	0	241759	0	nan	0	1	241759	0	0	0	nan	0	0	0	0	0	0	nan	0	0	0	nan	nan	nan	nan	nan	nan
66	c	0	241759	0	nan	0	1	241759	0	0	0	nan	0	0	0	0	0	0	nan	0	0	0	nan	nan	nan	nan	nan	nan
67	a	0	241755	0	nan	0	1	241755	0	0	0	nan	0	0	0	0	0	0	nan	0	0	0	nan	nan	nan	nan	nan	nan
68	c	0	241748	0	nan	0	1	241748	0	0	0	nan	0	0	0	0	0	0	nan	0	0	0	nan	nan	nan	nan	nan	nan
69	a	0	241739	0	nan	0	1	241739	0	0	0	nan	0	0	0	0	0	0	nan	0	0	0	nan	nan	nan	nan	nan	nan
70	a	0	241684	0	nan	0	1	241684	0	0	0	nan	0	0	0	0	0	0	nan	0	0	0	nan	nan	nan	nan	nan	nan
71	u	0	241557	0	nan	0	1	241557	0	0	0	nan	0	0	0	0	0	0	nan	0	0	0	nan	nan	nan	nan	nan	nan
72	c	0	241246	0	nan	0	1	241246	0	0	0	nan	0	0	0	0	0	0	nan	0	0	0	nan	nan	nan	nan	nan	nan