Nucleotide	Sequence	Modified_mutations	Modified_read_depth	Modified_effective_depth	Modified_rate	Modified_off_target_mapped_depth	Modified_low_mapq_mapped_depth	Modified_primer_pair_1_mapped_depth	Untreated_mutations	Untreated_read_depth	Untreated_effective_depth	Untreated_rate	Untreated_off_target_mapped_depth	Untreated_low_mapq_mapped_depth	Untreated_primer_pair_1_mapped_depth	Denatured_mutations	Denatured_read_depth	Denatured_effective_depth	Denatured_rate	Denatured_off_target_mapped_depth	Denatured_low_mapq_mapped_depth	Denatured_primer_pair_1_mapped_depth	Reactivity_profile	Std_err	HQ_profile	HQ_stderr	Norm_profile	Norm_stderr
1	g	0	266404	0	nan	18	0	266404	0	0	0	nan	0	0	0	0	0	0	nan	0	0	0	nan	nan	nan	nan	nan	nan
2	g	0	266866	0	nan	18	0	266866	0	0	0	nan	0	0	0	0	0	0	nan	0	0	0	nan	nan	nan	nan	nan	nan
3	c	0	267128	0	nan	19	0	267128	0	0	0	nan	0	0	0	0	0	0	nan	0	0	0	nan	nan	nan	nan	nan	nan
4	a	0	287576	0	nan	64	0	287576	0	0	0	nan	0	0	0	0	0	0	nan	0	0	0	nan	nan	nan	nan	nan	nan
5	c	0	288077	0	nan	65	0	288077	0	0	0	nan	0	0	0	0	0	0	nan	0	0	0	nan	nan	nan	nan	nan	nan
6	c	0	288172	0	nan	65	0	288172	0	0	0	nan	0	0	0	0	0	0	nan	0	0	0	nan	nan	nan	nan	nan	nan
7	u	0	288188	0	nan	65	0	288188	0	0	0	nan	0	0	0	0	0	0	nan	0	0	0	nan	nan	nan	nan	nan	nan
8	c	0	288196	0	nan	65	0	288196	0	0	0	nan	0	0	0	0	0	0	nan	0	0	0	nan	nan	nan	nan	nan	nan
9	a	0	288199	0	nan	65	0	288199	0	0	0	nan	0	0	0	0	0	0	nan	0	0	0	nan	nan	nan	nan	nan	nan
10	u	0	288238	0	nan	65	0	288238	0	0	0	nan	0	0	0	0	0	0	nan	0	0	0	nan	nan	nan	nan	nan	nan
11	a	0	288287	0	nan	65	0	288287	0	0	0	nan	0	0	0	0	0	0	nan	0	0	0	nan	nan	nan	nan	nan	nan
12	a	0	288312	0	nan	65	0	288312	0	0	0	nan	0	0	0	0	0	0	nan	0	0	0	nan	nan	nan	nan	nan	nan
13	c	0	288325	0	nan	65	0	288325	0	0	0	nan	0	0	0	0	0	0	nan	0	0	0	nan	nan	nan	nan	nan	nan
14	a	0	288332	0	nan	65	0	288332	0	0	0	nan	0	0	0	0	0	0	nan	0	0	0	nan	nan	nan	nan	nan	nan
15	u	0	288338	0	nan	65	0	288338	0	0	0	nan	0	0	0	0	0	0	nan	0	0	0	nan	nan	nan	nan	nan	nan
16	a	0	288346	0	nan	65	0	288346	0	0	0	nan	0	0	0	0	0	0	nan	0	0	0	nan	nan	nan	nan	nan	nan
17	a	0	288364	0	nan	65	0	288364	0	0	0	nan	0	0	0	0	0	0	nan	0	0	0	nan	nan	nan	nan	nan	nan
18	c	0	288368	0	nan	65	0	288368	0	0	0	nan	0	0	0	0	0	0	nan	0	0	0	nan	nan	nan	nan	nan	nan
19	U	0	288373	5	0.000000	65	0	288373	0	0	0	nan	0	0	0	0	0	0	nan	0	0	0	0.000000	0.000000	nan	nan	nan	nan
20	A	0	288430	56	0.000000	65	0	288430	0	0	0	nan	0	0	0	0	0	0	nan	0	0	0	0.000000	0.000000	nan	nan	nan	nan
21	A	0	288445	58	0.000000	65	0	288445	0	0	0	nan	0	0	0	0	0	0	nan	0	0	0	0.000000	0.000000	nan	nan	nan	nan
22	G	0	288479	283785	0.000000	65	0	288479	0	0	0	nan	0	0	0	0	0	0	nan	0	0	0	0.000000	0.000000	0.000000	0.000000	nan	nan
23	G	407	288491	276281	0.001473	65	0	288491	0	0	0	nan	0	0	0	0	0	0	nan	0	0	0	0.001473	0.000073	0.001473	0.000073	nan	nan
24	C	8203	288539	282430	0.029044	65	0	288539	0	0	0	nan	0	0	0	0	0	0	nan	0	0	0	0.029044	0.000321	0.029044	0.000321	0.921330	0.010183
25	A	5030	288579	284254	0.017695	65	0	288579	0	0	0	nan	0	0	0	0	0	0	nan	0	0	0	0.017695	0.000250	0.017695	0.000250	0.967680	0.013672
26	G	326	288632	283281	0.001151	65	0	288631	0	0	0	nan	0	0	0	0	0	0	nan	0	0	0	0.001151	0.000064	0.001151	0.000064	nan	nan
27	A	4227	288710	284494	0.014858	65	0	288703	0	0	0	nan	0	0	0	0	0	0	nan	0	0	0	0.014858	0.000229	0.014858	0.000229	0.812534	0.012523
28	U	1855	288720	283622	0.006540	65	0	288713	0	0	0	nan	0	0	0	0	0	0	nan	0	0	0	0.006540	0.000152	0.006540	0.000152	1.145911	0.026633
29	C	6970	288730	283952	0.024546	65	0	288714	0	0	0	nan	0	0	0	0	0	0	nan	0	0	0	0.024546	0.000294	0.024546	0.000294	0.778645	0.009326
30	U	1337	288751	284105	0.004706	65	0	288732	0	0	0	nan	0	0	0	0	0	0	nan	0	0	0	0.004706	0.000129	0.004706	0.000129	0.824565	0.022603
31	G	308	288758	281865	0.001093	65	0	288730	0	0	0	nan	0	0	0	0	0	0	nan	0	0	0	0.001093	0.000062	0.001093	0.000062	nan	nan
32	A	5172	288765	282844	0.018286	65	0	288731	0	0	0	nan	0	0	0	0	0	0	nan	0	0	0	0.018286	0.000254	0.018286	0.000254	1.000000	0.013890
33	G	346	288788	274931	0.001258	65	0	288730	0	0	0	nan	0	0	0	0	0	0	nan	0	0	0	0.001258	0.000068	0.001258	0.000068	nan	nan
34	C	7609	288794	276406	0.027528	65	0	288682	0	0	0	nan	0	0	0	0	0	0	nan	0	0	0	0.027528	0.000316	0.027528	0.000316	0.873239	0.010024
35	C	6850	288815	277118	0.024719	64	0	288636	0	0	0	nan	0	0	0	0	0	0	nan	0	0	0	0.024719	0.000299	0.024719	0.000299	0.784133	0.009485
36	U	1678	288918	277752	0.006041	64	0	288748	0	0	0	nan	0	0	0	0	0	0	nan	0	0	0	0.006041	0.000147	0.006041	0.000147	1.058478	0.025757
37	G	375	288955	277042	0.001354	64	0	288366	0	0	0	nan	0	0	0	0	0	0	nan	0	0	0	0.001354	0.000070	0.001354	0.000070	nan	nan
38	G	235	288958	275676	0.000852	64	0	288379	0	0	0	nan	0	0	0	0	0	0	nan	0	0	0	0.000852	0.000056	0.000852	0.000056	nan	nan
39	G	280	288991	276456	0.001013	64	0	288468	0	0	0	nan	0	0	0	0	0	0	nan	0	0	0	0.001013	0.000061	0.001013	0.000061	nan	nan
40	A	5517	289075	279167	0.019762	64	0	288648	0	0	0	nan	0	0	0	0	0	0	nan	0	0	0	0.019762	0.000266	0.019762	0.000266	1.080717	0.014547
41	G	385	289180	275498	0.001397	64	0	288958	0	0	0	nan	0	0	0	0	0	0	nan	0	0	0	0.001397	0.000071	0.001397	0.000071	nan	nan
42	C	7415	289273	283716	0.026135	46	0	289240	0	0	0	nan	0	0	0	0	0	0	nan	0	0	0	0.026135	0.000304	0.026135	0.000304	0.829051	0.009643
43	U	1120	289281	284997	0.003930	46	0	289267	0	0	0	nan	0	0	0	0	0	0	nan	0	0	0	0.003930	0.000117	0.003930	0.000117	0.688598	0.020500
44	C	7042	289285	285487	0.024667	40	0	289273	0	0	0	nan	0	0	0	0	0	0	nan	0	0	0	0.024667	0.000294	0.024667	0.000294	0.782483	0.009326
45	U	1331	289285	285117	0.004668	40	0	289271	0	0	0	nan	0	0	0	0	0	0	nan	0	0	0	0.004668	0.000128	0.004668	0.000128	0.817907	0.022428
46	C	8976	289282	284738	0.031524	38	0	289259	0	0	0	nan	0	0	0	0	0	0	nan	0	0	0	0.031524	0.000333	0.031524	0.000333	1.000000	0.010563
47	U	1324	289287	284502	0.004654	38	0	289267	0	0	0	nan	0	0	0	0	0	0	nan	0	0	0	0.004654	0.000128	0.004654	0.000128	0.815454	0.022428
48	G	436	289291	279628	0.001559	38	0	289274	0	0	0	nan	0	0	0	0	0	0	nan	0	0	0	0.001559	0.000075	0.001559	0.000075	nan	nan
49	C	11116	289293	283843	0.039162	38	0	289278	0	0	0	nan	0	0	0	0	0	0	nan	0	0	0	0.039162	0.000371	0.039162	0.000371	1.242292	0.011769
50	C	10478	289298	285076	0.036755	38	0	289285	0	0	0	nan	0	0	0	0	0	0	nan	0	0	0	0.036755	0.000359	0.036755	0.000359	1.165937	0.011388
51	A	4211	289306	286252	0.014711	38	0	289306	0	0	0	nan	0	0	0	0	0	0	nan	0	0	0	0.014711	0.000227	0.014711	0.000227	0.804495	0.012414
52	A	0	289307	286126	0.000000	38	0	289307	0	0	0	nan	0	0	0	0	0	0	nan	0	0	0	0.000000	0.000000	0.000000	0.000000	0.000000	0.000000
53	U	0	289297	157	0.000000	21	0	289297	0	0	0	nan	0	0	0	0	0	0	nan	0	0	0	0.000000	0.000000	nan	nan	nan	nan
54	C	0	289101	1	0.000000	20	0	289101	0	0	0	nan	0	0	0	0	0	0	nan	0	0	0	0.000000	0.000000	nan	nan	nan	nan
55	C	0	289101	1	0.000000	20	0	289101	0	0	0	nan	0	0	0	0	0	0	nan	0	0	0	0.000000	0.000000	nan	nan	nan	nan
56	a	0	289100	0	nan	20	0	289100	0	0	0	nan	0	0	0	0	0	0	nan	0	0	0	nan	nan	nan	nan	nan	nan
57	c	0	289100	0	nan	20	0	289100	0	0	0	nan	0	0	0	0	0	0	nan	0	0	0	nan	nan	nan	nan	nan	nan
58	u	0	289100	0	nan	19	0	289100	0	0	0	nan	0	0	0	0	0	0	nan	0	0	0	nan	nan	nan	nan	nan	nan
59	a	0	289100	0	nan	19	0	289100	0	0	0	nan	0	0	0	0	0	0	nan	0	0	0	nan	nan	nan	nan	nan	nan
60	a	0	289100	0	nan	19	0	289100	0	0	0	nan	0	0	0	0	0	0	nan	0	0	0	nan	nan	nan	nan	nan	nan
61	c	0	289100	0	nan	8	0	289100	0	0	0	nan	0	0	0	0	0	0	nan	0	0	0	nan	nan	nan	nan	nan	nan
62	c	0	289100	0	nan	6	0	289100	0	0	0	nan	0	0	0	0	0	0	nan	0	0	0	nan	nan	nan	nan	nan	nan
63	u	0	289100	0	nan	0	0	289100	0	0	0	nan	0	0	0	0	0	0	nan	0	0	0	nan	nan	nan	nan	nan	nan
64	c	0	289100	0	nan	0	0	289100	0	0	0	nan	0	0	0	0	0	0	nan	0	0	0	nan	nan	nan	nan	nan	nan
65	a	0	289100	0	nan	0	0	289100	0	0	0	nan	0	0	0	0	0	0	nan	0	0	0	nan	nan	nan	nan	nan	nan
66	c	0	289099	0	nan	0	0	289099	0	0	0	nan	0	0	0	0	0	0	nan	0	0	0	nan	nan	nan	nan	nan	nan
67	u	0	289099	0	nan	0	0	289099	0	0	0	nan	0	0	0	0	0	0	nan	0	0	0	nan	nan	nan	nan	nan	nan
68	c	0	289099	0	nan	0	0	289099	0	0	0	nan	0	0	0	0	0	0	nan	0	0	0	nan	nan	nan	nan	nan	nan
69	a	0	289097	0	nan	0	0	289097	0	0	0	nan	0	0	0	0	0	0	nan	0	0	0	nan	nan	nan	nan	nan	nan
70	c	0	289081	0	nan	0	0	289081	0	0	0	nan	0	0	0	0	0	0	nan	0	0	0	nan	nan	nan	nan	nan	nan
71	a	0	289068	0	nan	0	0	289068	0	0	0	nan	0	0	0	0	0	0	nan	0	0	0	nan	nan	nan	nan	nan	nan
72	a	0	288973	0	nan	0	0	288973	0	0	0	nan	0	0	0	0	0	0	nan	0	0	0	nan	nan	nan	nan	nan	nan
73	u	0	288832	0	nan	0	0	288832	0	0	0	nan	0	0	0	0	0	0	nan	0	0	0	nan	nan	nan	nan	nan	nan
74	c	0	288461	0	nan	0	0	288461	0	0	0	nan	0	0	0	0	0	0	nan	0	0	0	nan	nan	nan	nan	nan	nan