Nucleotide	Sequence	Modified_mutations	Modified_read_depth	Modified_effective_depth	Modified_rate	Modified_off_target_mapped_depth	Modified_low_mapq_mapped_depth	Modified_primer_pair_1_mapped_depth	Untreated_mutations	Untreated_read_depth	Untreated_effective_depth	Untreated_rate	Untreated_off_target_mapped_depth	Untreated_low_mapq_mapped_depth	Untreated_primer_pair_1_mapped_depth	Denatured_mutations	Denatured_read_depth	Denatured_effective_depth	Denatured_rate	Denatured_off_target_mapped_depth	Denatured_low_mapq_mapped_depth	Denatured_primer_pair_1_mapped_depth	Reactivity_profile	Std_err	HQ_profile	HQ_stderr	Norm_profile	Norm_stderr
1	g	0	59495	0	nan	4	0	59495	0	0	0	nan	0	0	0	0	0	0	nan	0	0	0	nan	nan	nan	nan	nan	nan
2	g	0	59546	0	nan	4	0	59546	0	0	0	nan	0	0	0	0	0	0	nan	0	0	0	nan	nan	nan	nan	nan	nan
3	u	0	59577	0	nan	4	0	59577	0	0	0	nan	0	0	0	0	0	0	nan	0	0	0	nan	nan	nan	nan	nan	nan
4	g	0	59599	0	nan	4	0	59599	0	0	0	nan	0	0	0	0	0	0	nan	0	0	0	nan	nan	nan	nan	nan	nan
5	u	0	59628	0	nan	4	0	59628	0	0	0	nan	0	0	0	0	0	0	nan	0	0	0	nan	nan	nan	nan	nan	nan
6	a	0	59657	0	nan	4	0	59657	0	0	0	nan	0	0	0	0	0	0	nan	0	0	0	nan	nan	nan	nan	nan	nan
7	a	0	59739	0	nan	4	0	59739	0	0	0	nan	0	0	0	0	0	0	nan	0	0	0	nan	nan	nan	nan	nan	nan
8	g	0	59953	0	nan	4	0	59953	0	0	0	nan	0	0	0	0	0	0	nan	0	0	0	nan	nan	nan	nan	nan	nan
9	g	0	62404	0	nan	4	0	62404	0	0	0	nan	0	0	0	0	0	0	nan	0	0	0	nan	nan	nan	nan	nan	nan
10	g	0	244587	0	nan	4	0	244587	0	0	0	nan	0	0	0	0	0	0	nan	0	0	0	nan	nan	nan	nan	nan	nan
11	u	0	258392	0	nan	4	0	258392	0	0	0	nan	0	0	0	0	0	0	nan	0	0	0	nan	nan	nan	nan	nan	nan
12	g	0	259122	0	nan	4	0	259122	0	0	0	nan	0	0	0	0	0	0	nan	0	0	0	nan	nan	nan	nan	nan	nan
13	a	0	259174	0	nan	4	0	259174	0	0	0	nan	0	0	0	0	0	0	nan	0	0	0	nan	nan	nan	nan	nan	nan
14	a	0	259212	0	nan	4	0	259212	0	0	0	nan	0	0	0	0	0	0	nan	0	0	0	nan	nan	nan	nan	nan	nan
15	g	0	259239	0	nan	8	0	259239	0	0	0	nan	0	0	0	0	0	0	nan	0	0	0	nan	nan	nan	nan	nan	nan
16	u	0	259255	0	nan	8	0	259255	0	0	0	nan	0	0	0	0	0	0	nan	0	0	0	nan	nan	nan	nan	nan	nan
17	g	0	259300	0	nan	8	0	259300	0	0	0	nan	0	0	0	0	0	0	nan	0	0	0	nan	nan	nan	nan	nan	nan
18	u	0	259321	0	nan	8	0	259321	0	0	0	nan	0	0	0	0	0	0	nan	0	0	0	nan	nan	nan	nan	nan	nan
19	a	0	259435	0	nan	8	0	259435	0	0	0	nan	0	0	0	0	0	0	nan	0	0	0	nan	nan	nan	nan	nan	nan
20	A	0	259513	30	0.000000	8	1	259513	0	0	0	nan	0	0	0	0	0	0	nan	0	0	0	0.000000	0.000000	nan	nan	nan	nan
21	G	0	259625	75	0.000000	8	1	259625	0	0	0	nan	0	0	0	0	0	0	nan	0	0	0	0.000000	0.000000	nan	nan	nan	nan
22	G	0	259661	79	0.000000	8	1	259661	0	0	0	nan	0	0	0	0	0	0	nan	0	0	0	0.000000	0.000000	nan	nan	nan	nan
23	U	0	259680	256229	0.000000	8	1	259680	0	0	0	nan	0	0	0	0	0	0	nan	0	0	0	0.000000	0.000000	0.000000	0.000000	nan	nan
24	U	340	259686	255948	0.001328	8	1	259686	0	0	0	nan	0	0	0	0	0	0	nan	0	0	0	0.001328	0.000072	0.001328	0.000072	nan	nan
25	G	303	259692	253290	0.001196	8	1	259692	0	0	0	nan	0	0	0	0	0	0	nan	0	0	0	0.001196	0.000069	0.001196	0.000069	nan	nan
26	A	9053	259694	247063	0.036642	8	1	259637	0	0	0	nan	0	0	0	0	0	0	nan	0	0	0	0.036642	0.000385	0.036642	0.000385	0.939274	0.009869
27	C	20399	259718	245399	0.083126	8	1	259653	0	0	0	nan	0	0	0	0	0	0	nan	0	0	0	0.083126	0.000582	0.083126	0.000582	1.249855	0.008751
28	C	7834	259745	247722	0.031624	8	1	259687	0	0	0	nan	0	0	0	0	0	0	nan	0	0	0	0.031624	0.000357	0.031624	0.000357	0.475488	0.005368
29	U	213	259882	252778	0.000843	8	1	259840	0	0	0	nan	0	0	0	0	0	0	nan	0	0	0	0.000843	0.000058	0.000843	0.000058	nan	nan
30	U	268	259927	254355	0.001054	8	1	259885	0	0	0	nan	0	0	0	0	0	0	nan	0	0	0	0.001054	0.000064	0.001054	0.000064	nan	nan
31	U	378	259949	255241	0.001481	8	1	259908	0	0	0	nan	0	0	0	0	0	0	nan	0	0	0	0.001481	0.000076	0.001481	0.000076	nan	nan
32	U	307	260008	256330	0.001198	8	1	259968	0	0	0	nan	0	0	0	0	0	0	nan	0	0	0	0.001198	0.000068	0.001198	0.000068	nan	nan
33	G	135	260049	253367	0.000533	7	1	260007	0	0	0	nan	0	0	0	0	0	0	nan	0	0	0	0.000533	0.000046	0.000533	0.000046	nan	nan
34	A	9844	260067	252339	0.039011	7	1	260024	0	0	0	nan	0	0	0	0	0	0	nan	0	0	0	0.039011	0.000393	0.039011	0.000393	1.000000	0.010074
35	A	7848	260084	251647	0.031187	7	1	260041	0	0	0	nan	0	0	0	0	0	0	nan	0	0	0	0.031187	0.000352	0.031187	0.000352	0.799441	0.009023
36	U	301	260106	251798	0.001195	7	1	260064	0	0	0	nan	0	0	0	0	0	0	nan	0	0	0	0.001195	0.000069	0.001195	0.000069	nan	nan
37	A	8947	260132	253244	0.035330	7	1	260092	0	0	0	nan	0	0	0	0	0	0	nan	0	0	0	0.035330	0.000374	0.035330	0.000374	0.905642	0.009587
38	G	301	260167	251692	0.001196	7	1	260130	0	0	0	nan	0	0	0	0	0	0	nan	0	0	0	0.001196	0.000069	0.001196	0.000069	nan	nan
39	U	353	260183	255579	0.001381	7	2	260148	0	0	0	nan	0	0	0	0	0	0	nan	0	0	0	0.001381	0.000074	0.001381	0.000074	nan	nan
40	G	342	260209	252732	0.001353	6	3	260175	0	0	0	nan	0	0	0	0	0	0	nan	0	0	0	0.001353	0.000073	0.001353	0.000073	nan	nan
41	A	10129	260232	253372	0.039977	6	5	260198	0	0	0	nan	0	0	0	0	0	0	nan	0	0	0	0.039977	0.000397	0.039977	0.000397	1.024762	0.010177
42	U	462	260304	252445	0.001830	4	6	260277	0	0	0	nan	0	0	0	0	0	0	nan	0	0	0	0.001830	0.000085	0.001830	0.000085	nan	nan
43	U	408	260339	252435	0.001616	4	6	260314	0	0	0	nan	0	0	0	0	0	0	nan	0	0	0	0.001616	0.000080	0.001616	0.000080	nan	nan
44	C	12502	260367	250587	0.049891	4	6	260345	0	0	0	nan	0	0	0	0	0	0	nan	0	0	0	0.049891	0.000446	0.049891	0.000446	0.750145	0.006706
45	A	10151	260406	251773	0.040318	4	6	260387	0	0	0	nan	0	0	0	0	0	0	nan	0	0	0	0.040318	0.000400	0.040318	0.000400	1.033503	0.010254
46	G	260	260444	253418	0.001026	4	6	260429	0	0	0	nan	0	0	0	0	0	0	nan	0	0	0	0.001026	0.000064	0.001026	0.000064	nan	nan
47	G	253	260473	253225	0.000999	4	6	260459	0	0	0	nan	0	0	0	0	0	0	nan	0	0	0	0.000999	0.000063	0.000999	0.000063	nan	nan
48	A	9396	260480	254207	0.036962	4	6	260467	0	0	0	nan	0	0	0	0	0	0	nan	0	0	0	0.036962	0.000381	0.036962	0.000381	0.947476	0.009766
49	G	286	260561	253825	0.001127	4	6	260557	0	0	0	nan	0	0	0	0	0	0	nan	0	0	0	0.001127	0.000067	0.001127	0.000067	nan	nan
50	G	276	260580	254928	0.001083	4	6	260578	0	0	0	nan	0	0	0	0	0	0	nan	0	0	0	0.001083	0.000065	0.001083	0.000065	nan	nan
51	U	306	260585	255648	0.001197	4	6	260583	0	0	0	nan	0	0	0	0	0	0	nan	0	0	0	0.001197	0.000068	0.001197	0.000068	nan	nan
52	U	391	260592	254243	0.001538	4	6	260591	0	0	0	nan	0	0	0	0	0	0	nan	0	0	0	0.001538	0.000078	0.001538	0.000078	nan	nan
53	A	8690	260594	254577	0.034135	4	6	260594	0	0	0	nan	0	0	0	0	0	0	nan	0	0	0	0.034135	0.000366	0.034135	0.000366	0.875010	0.009382
54	A	6918	260595	255310	0.027096	4	6	260594	0	0	0	nan	0	0	0	0	0	0	nan	0	0	0	0.027096	0.000326	0.027096	0.000326	0.694573	0.008357
55	U	440	260598	256660	0.001714	4	6	260597	0	0	0	nan	0	0	0	0	0	0	nan	0	0	0	0.001714	0.000082	0.001714	0.000082	nan	nan
56	G	360	260601	257279	0.001399	4	6	260601	0	0	0	nan	0	0	0	0	0	0	nan	0	0	0	0.001399	0.000074	0.001399	0.000074	nan	nan
57	G	0	260605	255458	0.000000	4	6	260605	0	0	0	nan	0	0	0	0	0	0	nan	0	0	0	0.000000	0.000000	0.000000	0.000000	nan	nan
58	A	0	260606	0	nan	4	6	260606	0	0	0	nan	0	0	0	0	0	0	nan	0	0	0	nan	nan	nan	nan	nan	nan
59	A	0	260606	0	nan	4	6	260606	0	0	0	nan	0	0	0	0	0	0	nan	0	0	0	nan	nan	nan	nan	nan	nan
60	G	0	260606	0	nan	4	6	260606	0	0	0	nan	0	0	0	0	0	0	nan	0	0	0	nan	nan	nan	nan	nan	nan
61	u	0	260606	0	nan	4	6	260606	0	0	0	nan	0	0	0	0	0	0	nan	0	0	0	nan	nan	nan	nan	nan	nan
62	a	0	260606	0	nan	4	6	260606	0	0	0	nan	0	0	0	0	0	0	nan	0	0	0	nan	nan	nan	nan	nan	nan
63	a	0	260606	0	nan	4	6	260606	0	0	0	nan	0	0	0	0	0	0	nan	0	0	0	nan	nan	nan	nan	nan	nan
64	a	0	260606	0	nan	4	6	260606	0	0	0	nan	0	0	0	0	0	0	nan	0	0	0	nan	nan	nan	nan	nan	nan
65	g	0	260606	0	nan	4	6	260606	0	0	0	nan	0	0	0	0	0	0	nan	0	0	0	nan	nan	nan	nan	nan	nan
66	g	0	260606	0	nan	3	6	260606	0	0	0	nan	0	0	0	0	0	0	nan	0	0	0	nan	nan	nan	nan	nan	nan
67	u	0	260606	0	nan	3	6	260606	0	0	0	nan	0	0	0	0	0	0	nan	0	0	0	nan	nan	nan	nan	nan	nan
68	a	0	260606	0	nan	3	6	260606	0	0	0	nan	0	0	0	0	0	0	nan	0	0	0	nan	nan	nan	nan	nan	nan
69	a	0	260606	0	nan	3	6	260606	0	0	0	nan	0	0	0	0	0	0	nan	0	0	0	nan	nan	nan	nan	nan	nan
70	u	0	260606	0	nan	3	6	260606	0	0	0	nan	0	0	0	0	0	0	nan	0	0	0	nan	nan	nan	nan	nan	nan
71	g	0	260606	0	nan	3	6	260606	0	0	0	nan	0	0	0	0	0	0	nan	0	0	0	nan	nan	nan	nan	nan	nan
72	a	0	260606	0	nan	3	6	260606	0	0	0	nan	0	0	0	0	0	0	nan	0	0	0	nan	nan	nan	nan	nan	nan
73	a	0	260606	0	nan	3	6	260606	0	0	0	nan	0	0	0	0	0	0	nan	0	0	0	nan	nan	nan	nan	nan	nan
74	g	0	260606	0	nan	3	6	260606	0	0	0	nan	0	0	0	0	0	0	nan	0	0	0	nan	nan	nan	nan	nan	nan
75	g	0	260606	0	nan	3	6	260606	0	0	0	nan	0	0	0	0	0	0	nan	0	0	0	nan	nan	nan	nan	nan	nan
76	u	0	260602	0	nan	3	6	260602	0	0	0	nan	0	0	0	0	0	0	nan	0	0	0	nan	nan	nan	nan	nan	nan
77	g	0	260595	0	nan	3	6	260595	0	0	0	nan	0	0	0	0	0	0	nan	0	0	0	nan	nan	nan	nan	nan	nan
78	a	0	260591	0	nan	3	6	260591	0	0	0	nan	0	0	0	0	0	0	nan	0	0	0	nan	nan	nan	nan	nan	nan
79	a	0	260526	0	nan	3	6	260526	0	0	0	nan	0	0	0	0	0	0	nan	0	0	0	nan	nan	nan	nan	nan	nan
80	g	0	260432	0	nan	3	6	260432	0	0	0	nan	0	0	0	0	0	0	nan	0	0	0	nan	nan	nan	nan	nan	nan