Nucleotide	Sequence	Modified_mutations	Modified_read_depth	Modified_effective_depth	Modified_rate	Modified_off_target_mapped_depth	Modified_low_mapq_mapped_depth	Modified_primer_pair_1_mapped_depth	Untreated_mutations	Untreated_read_depth	Untreated_effective_depth	Untreated_rate	Untreated_off_target_mapped_depth	Untreated_low_mapq_mapped_depth	Untreated_primer_pair_1_mapped_depth	Denatured_mutations	Denatured_read_depth	Denatured_effective_depth	Denatured_rate	Denatured_off_target_mapped_depth	Denatured_low_mapq_mapped_depth	Denatured_primer_pair_1_mapped_depth	Reactivity_profile	Std_err	HQ_profile	HQ_stderr	Norm_profile	Norm_stderr
1	g	0	324805	0	nan	0	6	324805	0	0	0	nan	0	0	0	0	0	0	nan	0	0	0	nan	nan	nan	nan	nan	nan
2	g	0	325113	0	nan	0	6	325113	0	0	0	nan	0	0	0	0	0	0	nan	0	0	0	nan	nan	nan	nan	nan	nan
3	u	0	325296	0	nan	0	6	325296	0	0	0	nan	0	0	0	0	0	0	nan	0	0	0	nan	nan	nan	nan	nan	nan
4	g	0	325346	0	nan	0	6	325346	0	0	0	nan	0	0	0	0	0	0	nan	0	0	0	nan	nan	nan	nan	nan	nan
5	u	0	325389	0	nan	0	6	325389	0	0	0	nan	0	0	0	0	0	0	nan	0	0	0	nan	nan	nan	nan	nan	nan
6	a	0	325394	0	nan	0	6	325394	0	0	0	nan	0	0	0	0	0	0	nan	0	0	0	nan	nan	nan	nan	nan	nan
7	a	0	325401	0	nan	0	6	325401	0	0	0	nan	0	0	0	0	0	0	nan	0	0	0	nan	nan	nan	nan	nan	nan
8	g	0	325406	0	nan	0	6	325406	0	0	0	nan	0	0	0	0	0	0	nan	0	0	0	nan	nan	nan	nan	nan	nan
9	g	0	325406	0	nan	0	6	325406	0	0	0	nan	0	0	0	0	0	0	nan	0	0	0	nan	nan	nan	nan	nan	nan
10	g	0	325411	0	nan	0	6	325411	0	0	0	nan	0	0	0	0	0	0	nan	0	0	0	nan	nan	nan	nan	nan	nan
11	u	0	325412	0	nan	0	6	325412	0	0	0	nan	0	0	0	0	0	0	nan	0	0	0	nan	nan	nan	nan	nan	nan
12	g	0	325414	0	nan	0	6	325414	0	0	0	nan	0	0	0	0	0	0	nan	0	0	0	nan	nan	nan	nan	nan	nan
13	a	0	325414	0	nan	0	6	325414	0	0	0	nan	0	0	0	0	0	0	nan	0	0	0	nan	nan	nan	nan	nan	nan
14	a	0	325415	0	nan	0	6	325415	0	0	0	nan	0	0	0	0	0	0	nan	0	0	0	nan	nan	nan	nan	nan	nan
15	g	0	325416	0	nan	29	6	325416	0	0	0	nan	0	0	0	0	0	0	nan	0	0	0	nan	nan	nan	nan	nan	nan
16	u	0	325416	0	nan	29	6	325416	0	0	0	nan	0	0	0	0	0	0	nan	0	0	0	nan	nan	nan	nan	nan	nan
17	g	0	325416	0	nan	29	6	325416	0	0	0	nan	0	0	0	0	0	0	nan	0	0	0	nan	nan	nan	nan	nan	nan
18	u	0	325416	0	nan	29	6	325416	0	0	0	nan	0	0	0	0	0	0	nan	0	0	0	nan	nan	nan	nan	nan	nan
19	a	0	325416	0	nan	29	6	325416	0	0	0	nan	0	0	0	0	0	0	nan	0	0	0	nan	nan	nan	nan	nan	nan
20	A	0	325416	0	nan	29	6	325416	0	0	0	nan	0	0	0	0	0	0	nan	0	0	0	nan	nan	nan	nan	nan	nan
21	G	0	325418	1	0.000000	29	6	325418	0	0	0	nan	0	0	0	0	0	0	nan	0	0	0	0.000000	0.000000	nan	nan	nan	nan
22	G	0	325419	1	0.000000	29	6	325419	0	0	0	nan	0	0	0	0	0	0	nan	0	0	0	0.000000	0.000000	nan	nan	nan	nan
23	U	0	325419	324903	0.000000	29	6	325419	0	0	0	nan	0	0	0	0	0	0	nan	0	0	0	0.000000	0.000000	0.000000	0.000000	0.000000	0.000000
24	U	415	325420	324872	0.001277	29	6	325420	0	0	0	nan	0	0	0	0	0	0	nan	0	0	0	0.001277	0.000063	0.001277	0.000063	0.432588	0.021341
25	G	167	325420	324597	0.000514	29	6	325420	0	0	0	nan	0	0	0	0	0	0	nan	0	0	0	0.000514	0.000040	0.000514	0.000040	nan	nan
26	A	1105	325420	324961	0.003400	29	6	325420	0	0	0	nan	0	0	0	0	0	0	nan	0	0	0	0.003400	0.000102	0.003400	0.000102	0.737927	0.022138
27	A	1204	325420	324889	0.003706	29	6	325420	0	0	0	nan	0	0	0	0	0	0	nan	0	0	0	0.003706	0.000107	0.003706	0.000107	0.804341	0.023223
28	C	1363	325420	324706	0.004198	32	6	325420	0	0	0	nan	0	0	0	0	0	0	nan	0	0	0	0.004198	0.000114	0.004198	0.000114	0.682657	0.018538
29	U	373	325421	324616	0.001149	32	6	325421	0	0	0	nan	0	0	0	0	0	0	nan	0	0	0	0.001149	0.000059	0.001149	0.000059	0.389228	0.019986
30	U	513	325423	324752	0.001580	32	6	325423	0	0	0	nan	0	0	0	0	0	0	nan	0	0	0	0.001580	0.000070	0.001580	0.000070	0.535230	0.023713
31	U	671	325423	324700	0.002067	32	6	325423	0	0	0	nan	0	0	0	0	0	0	nan	0	0	0	0.002067	0.000080	0.002067	0.000080	0.700203	0.027100
32	U	874	325423	324820	0.002691	32	6	325423	0	0	0	nan	0	0	0	0	0	0	nan	0	0	0	0.002691	0.000091	0.002691	0.000091	0.911585	0.030827
33	G	163	325425	324396	0.000502	32	6	325425	0	0	0	nan	0	0	0	0	0	0	nan	0	0	0	0.000502	0.000039	0.000502	0.000039	nan	nan
34	A	1391	325425	324867	0.004282	32	6	325425	0	0	0	nan	0	0	0	0	0	0	nan	0	0	0	0.004282	0.000115	0.004282	0.000115	0.929354	0.024959
35	A	1190	325425	324727	0.003665	32	6	325425	0	0	0	nan	0	0	0	0	0	0	nan	0	0	0	0.003665	0.000106	0.003665	0.000106	0.795442	0.023006
36	U	903	325423	324712	0.002781	32	6	325423	0	0	0	nan	0	0	0	0	0	0	nan	0	0	0	0.002781	0.000093	0.002781	0.000093	0.942073	0.031504
37	A	1532	325423	324830	0.004716	32	6	325422	0	0	0	nan	0	0	0	0	0	0	nan	0	0	0	0.004716	0.000120	0.004716	0.000120	1.023549	0.026044
38	G	208	325423	324342	0.000641	33	6	325422	0	0	0	nan	0	0	0	0	0	0	nan	0	0	0	0.000641	0.000044	0.000641	0.000044	nan	nan
39	U	1136	325423	324873	0.003497	33	6	325422	0	0	0	nan	0	0	0	0	0	0	nan	0	0	0	0.003497	0.000104	0.003497	0.000104	1.184621	0.035230
40	G	400	325423	324535	0.001233	33	6	325422	0	0	0	nan	0	0	0	0	0	0	nan	0	0	0	0.001233	0.000062	0.001233	0.000062	nan	nan
41	A	1648	325423	324713	0.005075	33	6	325422	0	0	0	nan	0	0	0	0	0	0	nan	0	0	0	0.005075	0.000125	0.005075	0.000125	1.101465	0.027130
42	U	558	325423	324585	0.001719	33	6	325422	0	0	0	nan	0	0	0	0	0	0	nan	0	0	0	0.001719	0.000073	0.001719	0.000073	0.582317	0.024729
43	U	793	325423	324686	0.002442	34	6	325423	0	0	0	nan	0	0	0	0	0	0	nan	0	0	0	0.002442	0.000087	0.002442	0.000087	0.827236	0.029472
44	C	2208	325423	324707	0.006800	34	6	325423	0	0	0	nan	0	0	0	0	0	0	nan	0	0	0	0.006800	0.000145	0.006800	0.000145	1.105781	0.023579
45	A	1549	325422	324752	0.004770	34	6	325421	0	0	0	nan	0	0	0	0	0	0	nan	0	0	0	0.004770	0.000121	0.004770	0.000121	1.035269	0.026262
46	G	324	325423	324527	0.000998	34	6	325422	0	0	0	nan	0	0	0	0	0	0	nan	0	0	0	0.000998	0.000055	0.000998	0.000055	nan	nan
47	G	251	325423	324586	0.000773	34	6	325422	0	0	0	nan	0	0	0	0	0	0	nan	0	0	0	0.000773	0.000049	0.000773	0.000049	nan	nan
48	A	1207	325424	324782	0.003716	34	6	325424	0	0	0	nan	0	0	0	0	0	0	nan	0	0	0	0.003716	0.000107	0.003716	0.000107	0.806511	0.023223
49	G	202	325425	324634	0.000622	34	6	325425	0	0	0	nan	0	0	0	0	0	0	nan	0	0	0	0.000622	0.000044	0.000622	0.000044	nan	nan
50	G	222	325426	324525	0.000684	34	6	325426	0	0	0	nan	0	0	0	0	0	0	nan	0	0	0	0.000684	0.000046	0.000684	0.000046	nan	nan
51	U	383	325427	323751	0.001183	34	6	325427	0	0	0	nan	0	0	0	0	0	0	nan	0	0	0	0.001183	0.000060	0.001183	0.000060	0.400745	0.020325
52	U	262	325428	324391	0.000808	35	6	325428	0	0	0	nan	0	0	0	0	0	0	nan	0	0	0	0.000808	0.000050	0.000808	0.000050	0.273713	0.016938
53	A	1034	325428	324254	0.003189	35	6	325428	0	0	0	nan	0	0	0	0	0	0	nan	0	0	0	0.003189	0.000099	0.003189	0.000099	0.692132	0.021487
54	A	1034	325428	287257	0.003600	35	6	325428	0	0	0	nan	0	0	0	0	0	0	nan	0	0	0	0.003600	0.000112	0.003600	0.000112	0.781335	0.024308
55	U	848	325428	287258	0.002952	35	6	325428	0	0	0	nan	0	0	0	0	0	0	nan	0	0	0	0.002952	0.000101	0.002952	0.000101	1.000000	0.034214
56	G	388	325429	287222	0.001351	35	6	325429	0	0	0	nan	0	0	0	0	0	0	nan	0	0	0	0.001351	0.000069	0.001351	0.000069	nan	nan
57	G	0	325431	324782	0.000000	35	6	325431	0	0	0	nan	0	0	0	0	0	0	nan	0	0	0	0.000000	0.000000	0.000000	0.000000	nan	nan
58	A	0	325431	0	nan	35	6	325431	0	0	0	nan	0	0	0	0	0	0	nan	0	0	0	nan	nan	nan	nan	nan	nan
59	A	0	325431	0	nan	35	6	325431	0	0	0	nan	0	0	0	0	0	0	nan	0	0	0	nan	nan	nan	nan	nan	nan
60	G	0	325431	0	nan	35	6	325431	0	0	0	nan	0	0	0	0	0	0	nan	0	0	0	nan	nan	nan	nan	nan	nan
61	u	0	325431	0	nan	35	6	325431	0	0	0	nan	0	0	0	0	0	0	nan	0	0	0	nan	nan	nan	nan	nan	nan
62	a	0	325431	0	nan	35	6	325431	0	0	0	nan	0	0	0	0	0	0	nan	0	0	0	nan	nan	nan	nan	nan	nan
63	a	0	325431	0	nan	35	6	325431	0	0	0	nan	0	0	0	0	0	0	nan	0	0	0	nan	nan	nan	nan	nan	nan
64	a	0	325431	0	nan	35	6	325431	0	0	0	nan	0	0	0	0	0	0	nan	0	0	0	nan	nan	nan	nan	nan	nan
65	g	0	325431	0	nan	35	6	325431	0	0	0	nan	0	0	0	0	0	0	nan	0	0	0	nan	nan	nan	nan	nan	nan
66	g	0	325431	0	nan	35	6	325431	0	0	0	nan	0	0	0	0	0	0	nan	0	0	0	nan	nan	nan	nan	nan	nan
67	u	0	325431	0	nan	35	6	325431	0	0	0	nan	0	0	0	0	0	0	nan	0	0	0	nan	nan	nan	nan	nan	nan
68	a	0	325431	0	nan	35	6	325431	0	0	0	nan	0	0	0	0	0	0	nan	0	0	0	nan	nan	nan	nan	nan	nan
69	a	0	325431	0	nan	35	6	325431	0	0	0	nan	0	0	0	0	0	0	nan	0	0	0	nan	nan	nan	nan	nan	nan
70	u	0	325431	0	nan	35	6	325431	0	0	0	nan	0	0	0	0	0	0	nan	0	0	0	nan	nan	nan	nan	nan	nan
71	g	0	325431	0	nan	35	6	325431	0	0	0	nan	0	0	0	0	0	0	nan	0	0	0	nan	nan	nan	nan	nan	nan
72	a	0	325430	0	nan	35	6	325430	0	0	0	nan	0	0	0	0	0	0	nan	0	0	0	nan	nan	nan	nan	nan	nan
73	a	0	325430	0	nan	35	6	325430	0	0	0	nan	0	0	0	0	0	0	nan	0	0	0	nan	nan	nan	nan	nan	nan
74	g	0	325430	0	nan	35	6	325430	0	0	0	nan	0	0	0	0	0	0	nan	0	0	0	nan	nan	nan	nan	nan	nan
75	g	0	325429	0	nan	35	6	325429	0	0	0	nan	0	0	0	0	0	0	nan	0	0	0	nan	nan	nan	nan	nan	nan
76	u	0	325318	0	nan	35	6	325318	0	0	0	nan	0	0	0	0	0	0	nan	0	0	0	nan	nan	nan	nan	nan	nan
77	g	0	325302	0	nan	35	6	325302	0	0	0	nan	0	0	0	0	0	0	nan	0	0	0	nan	nan	nan	nan	nan	nan
78	a	0	325287	0	nan	35	6	325287	0	0	0	nan	0	0	0	0	0	0	nan	0	0	0	nan	nan	nan	nan	nan	nan
79	a	0	324878	0	nan	35	6	324878	0	0	0	nan	0	0	0	0	0	0	nan	0	0	0	nan	nan	nan	nan	nan	nan
80	g	0	324631	0	nan	35	6	324631	0	0	0	nan	0	0	0	0	0	0	nan	0	0	0	nan	nan	nan	nan	nan	nan