Nucleotide	Sequence	Modified_mutations	Modified_read_depth	Modified_effective_depth	Modified_rate	Modified_off_target_mapped_depth	Modified_low_mapq_mapped_depth	Modified_primer_pair_1_mapped_depth	Untreated_mutations	Untreated_read_depth	Untreated_effective_depth	Untreated_rate	Untreated_off_target_mapped_depth	Untreated_low_mapq_mapped_depth	Untreated_primer_pair_1_mapped_depth	Denatured_mutations	Denatured_read_depth	Denatured_effective_depth	Denatured_rate	Denatured_off_target_mapped_depth	Denatured_low_mapq_mapped_depth	Denatured_primer_pair_1_mapped_depth	Reactivity_profile	Std_err	HQ_profile	HQ_stderr	Norm_profile	Norm_stderr
1	g	0	168489	0	nan	1	4	168489	0	0	0	nan	0	0	0	0	0	0	nan	0	0	0	nan	nan	nan	nan	nan	nan
2	g	0	168599	0	nan	1	4	168599	0	0	0	nan	0	0	0	0	0	0	nan	0	0	0	nan	nan	nan	nan	nan	nan
3	u	0	168676	0	nan	1	4	168676	0	0	0	nan	0	0	0	0	0	0	nan	0	0	0	nan	nan	nan	nan	nan	nan
4	g	0	168686	0	nan	1	4	168686	0	0	0	nan	0	0	0	0	0	0	nan	0	0	0	nan	nan	nan	nan	nan	nan
5	u	0	168696	0	nan	1	4	168696	0	0	0	nan	0	0	0	0	0	0	nan	0	0	0	nan	nan	nan	nan	nan	nan
6	a	0	168696	0	nan	1	4	168696	0	0	0	nan	0	0	0	0	0	0	nan	0	0	0	nan	nan	nan	nan	nan	nan
7	a	0	168697	0	nan	1	4	168697	0	0	0	nan	0	0	0	0	0	0	nan	0	0	0	nan	nan	nan	nan	nan	nan
8	g	0	168699	0	nan	1	4	168699	0	0	0	nan	0	0	0	0	0	0	nan	0	0	0	nan	nan	nan	nan	nan	nan
9	g	0	168699	0	nan	1	4	168699	0	0	0	nan	0	0	0	0	0	0	nan	0	0	0	nan	nan	nan	nan	nan	nan
10	g	0	168701	0	nan	1	4	168701	0	0	0	nan	0	0	0	0	0	0	nan	0	0	0	nan	nan	nan	nan	nan	nan
11	u	0	168704	0	nan	1	4	168704	0	0	0	nan	0	0	0	0	0	0	nan	0	0	0	nan	nan	nan	nan	nan	nan
12	g	0	168704	0	nan	1	4	168704	0	0	0	nan	0	0	0	0	0	0	nan	0	0	0	nan	nan	nan	nan	nan	nan
13	a	0	168704	0	nan	2	4	168704	0	0	0	nan	0	0	0	0	0	0	nan	0	0	0	nan	nan	nan	nan	nan	nan
14	a	0	168704	0	nan	2	4	168704	0	0	0	nan	0	0	0	0	0	0	nan	0	0	0	nan	nan	nan	nan	nan	nan
15	g	0	168704	0	nan	29	4	168704	0	0	0	nan	0	0	0	0	0	0	nan	0	0	0	nan	nan	nan	nan	nan	nan
16	u	0	168706	0	nan	29	4	168706	0	0	0	nan	0	0	0	0	0	0	nan	0	0	0	nan	nan	nan	nan	nan	nan
17	g	0	168706	0	nan	29	5	168706	0	0	0	nan	0	0	0	0	0	0	nan	0	0	0	nan	nan	nan	nan	nan	nan
18	u	0	168706	0	nan	29	5	168706	0	0	0	nan	0	0	0	0	0	0	nan	0	0	0	nan	nan	nan	nan	nan	nan
19	a	0	168708	0	nan	29	5	168708	0	0	0	nan	0	0	0	0	0	0	nan	0	0	0	nan	nan	nan	nan	nan	nan
20	A	0	168708	0	nan	29	5	168708	0	0	0	nan	0	0	0	0	0	0	nan	0	0	0	nan	nan	nan	nan	nan	nan
21	G	0	168708	0	nan	29	5	168708	0	0	0	nan	0	0	0	0	0	0	nan	0	0	0	nan	nan	nan	nan	nan	nan
22	G	0	168708	0	nan	29	5	168708	0	0	0	nan	0	0	0	0	0	0	nan	0	0	0	nan	nan	nan	nan	nan	nan
23	U	0	168708	168400	0.000000	29	5	168708	0	0	0	nan	0	0	0	0	0	0	nan	0	0	0	0.000000	0.000000	0.000000	0.000000	nan	nan
24	U	177	168708	168373	0.001051	29	5	168708	0	0	0	nan	0	0	0	0	0	0	nan	0	0	0	0.001051	0.000079	0.001051	0.000079	nan	nan
25	G	114	168709	168162	0.000678	29	5	168709	0	0	0	nan	0	0	0	0	0	0	nan	0	0	0	0.000678	0.000063	0.000678	0.000063	nan	nan
26	A	1661	168709	168299	0.009869	29	5	168709	0	0	0	nan	0	0	0	0	0	0	nan	0	0	0	0.009869	0.000242	0.009869	0.000242	0.935007	0.022928
27	A	1769	168709	168215	0.010516	29	5	168709	0	0	0	nan	0	0	0	0	0	0	nan	0	0	0	0.010516	0.000250	0.010516	0.000250	0.996305	0.023685
28	C	1785	168709	168035	0.010623	29	5	168709	0	0	0	nan	0	0	0	0	0	0	nan	0	0	0	0.010623	0.000251	0.010623	0.000251	0.840943	0.019870
29	U	182	168709	168173	0.001082	29	5	168709	0	0	0	nan	0	0	0	0	0	0	nan	0	0	0	0.001082	0.000080	0.001082	0.000080	nan	nan
30	U	201	168709	168277	0.001194	29	5	168709	0	0	0	nan	0	0	0	0	0	0	nan	0	0	0	0.001194	0.000084	0.001194	0.000084	nan	nan
31	U	253	168710	168245	0.001504	29	5	168710	0	0	0	nan	0	0	0	0	0	0	nan	0	0	0	0.001504	0.000095	0.001504	0.000095	nan	nan
32	U	202	168710	168303	0.001200	29	5	168709	0	0	0	nan	0	0	0	0	0	0	nan	0	0	0	0.001200	0.000084	0.001200	0.000084	nan	nan
33	G	153	168714	168048	0.000910	29	5	168713	0	0	0	nan	0	0	0	0	0	0	nan	0	0	0	0.000910	0.000074	0.000910	0.000074	nan	nan
34	A	1778	168714	168236	0.010568	29	5	168713	0	0	0	nan	0	0	0	0	0	0	nan	0	0	0	0.010568	0.000251	0.010568	0.000251	1.001232	0.023780
35	A	1488	168713	168117	0.008851	29	5	168712	0	0	0	nan	0	0	0	0	0	0	nan	0	0	0	0.008851	0.000229	0.008851	0.000229	0.838560	0.021696
36	U	199	168713	168109	0.001184	29	5	168712	0	0	0	nan	0	0	0	0	0	0	nan	0	0	0	0.001184	0.000084	0.001184	0.000084	nan	nan
37	A	1650	168713	168211	0.009809	29	5	168712	0	0	0	nan	0	0	0	0	0	0	nan	0	0	0	0.009809	0.000241	0.009809	0.000241	0.929323	0.022833
38	G	117	168713	167783	0.000697	29	5	168712	0	0	0	nan	0	0	0	0	0	0	nan	0	0	0	0.000697	0.000064	0.000697	0.000064	nan	nan
39	U	269	168713	168275	0.001599	29	5	168712	0	0	0	nan	0	0	0	0	0	0	nan	0	0	0	0.001599	0.000097	0.001599	0.000097	nan	nan
40	G	218	168713	167977	0.001298	29	5	168712	0	0	0	nan	0	0	0	0	0	0	nan	0	0	0	0.001298	0.000088	0.001298	0.000088	nan	nan
41	A	1993	168713	168107	0.011856	29	5	168712	0	0	0	nan	0	0	0	0	0	0	nan	0	0	0	0.011856	0.000266	0.011856	0.000266	1.123259	0.025201
42	U	269	168713	168044	0.001601	29	5	168712	0	0	0	nan	0	0	0	0	0	0	nan	0	0	0	0.001601	0.000098	0.001601	0.000098	nan	nan
43	U	270	168714	168128	0.001606	29	5	168713	0	0	0	nan	0	0	0	0	0	0	nan	0	0	0	0.001606	0.000098	0.001606	0.000098	nan	nan
44	C	2235	168715	168024	0.013302	29	5	168714	0	0	0	nan	0	0	0	0	0	0	nan	0	0	0	0.013302	0.000281	0.013302	0.000281	1.053019	0.022245
45	A	1784	168714	168054	0.010616	29	5	168713	0	0	0	nan	0	0	0	0	0	0	nan	0	0	0	0.010616	0.000251	0.010616	0.000251	1.005779	0.023780
46	G	200	168715	167880	0.001191	29	5	168714	0	0	0	nan	0	0	0	0	0	0	nan	0	0	0	0.001191	0.000084	0.001191	0.000084	nan	nan
47	G	167	168715	167912	0.000995	29	5	168714	0	0	0	nan	0	0	0	0	0	0	nan	0	0	0	0.000995	0.000077	0.000995	0.000077	nan	nan
48	A	1618	168715	168123	0.009624	29	5	168713	0	0	0	nan	0	0	0	0	0	0	nan	0	0	0	0.009624	0.000239	0.009624	0.000239	0.911795	0.022643
49	G	188	168716	167965	0.001119	29	5	168715	0	0	0	nan	0	0	0	0	0	0	nan	0	0	0	0.001119	0.000082	0.001119	0.000082	nan	nan
50	G	136	168717	167965	0.000810	29	5	168716	0	0	0	nan	0	0	0	0	0	0	nan	0	0	0	0.000810	0.000069	0.000810	0.000069	nan	nan
51	U	185	168717	167974	0.001101	29	5	168716	0	0	0	nan	0	0	0	0	0	0	nan	0	0	0	0.001101	0.000081	0.001101	0.000081	nan	nan
52	U	144	168717	167979	0.000857	29	5	168716	0	0	0	nan	0	0	0	0	0	0	nan	0	0	0	0.000857	0.000071	0.000857	0.000071	nan	nan
53	A	1610	168718	168036	0.009581	29	5	168717	0	0	0	nan	0	0	0	0	0	0	nan	0	0	0	0.009581	0.000239	0.009581	0.000239	0.907721	0.022643
54	A	1416	168718	149605	0.009465	29	5	168717	0	0	0	nan	0	0	0	0	0	0	nan	0	0	0	0.009465	0.000252	0.009465	0.000252	0.896731	0.023875
55	U	330	168718	149624	0.002206	29	5	168717	0	0	0	nan	0	0	0	0	0	0	nan	0	0	0	0.002206	0.000121	0.002206	0.000121	nan	nan
56	G	232	168718	149543	0.001551	29	5	168718	0	0	0	nan	0	0	0	0	0	0	nan	0	0	0	0.001551	0.000102	0.001551	0.000102	nan	nan
57	G	0	168719	168217	0.000000	29	5	168719	0	0	0	nan	0	0	0	0	0	0	nan	0	0	0	0.000000	0.000000	0.000000	0.000000	nan	nan
58	A	0	168719	1	0.000000	29	5	168719	0	0	0	nan	0	0	0	0	0	0	nan	0	0	0	0.000000	0.000000	nan	nan	nan	nan
59	A	0	168719	1	0.000000	29	5	168719	0	0	0	nan	0	0	0	0	0	0	nan	0	0	0	0.000000	0.000000	nan	nan	nan	nan
60	G	0	168718	1	0.000000	29	5	168718	0	0	0	nan	0	0	0	0	0	0	nan	0	0	0	0.000000	0.000000	nan	nan	nan	nan
61	u	0	168717	0	nan	29	5	168717	0	0	0	nan	0	0	0	0	0	0	nan	0	0	0	nan	nan	nan	nan	nan	nan
62	a	0	168717	0	nan	29	5	168717	0	0	0	nan	0	0	0	0	0	0	nan	0	0	0	nan	nan	nan	nan	nan	nan
63	a	0	168717	0	nan	29	5	168717	0	0	0	nan	0	0	0	0	0	0	nan	0	0	0	nan	nan	nan	nan	nan	nan
64	a	0	168717	0	nan	29	5	168717	0	0	0	nan	0	0	0	0	0	0	nan	0	0	0	nan	nan	nan	nan	nan	nan
65	g	0	168717	0	nan	28	5	168717	0	0	0	nan	0	0	0	0	0	0	nan	0	0	0	nan	nan	nan	nan	nan	nan
66	g	0	168717	0	nan	28	5	168717	0	0	0	nan	0	0	0	0	0	0	nan	0	0	0	nan	nan	nan	nan	nan	nan
67	u	0	168717	0	nan	28	5	168717	0	0	0	nan	0	0	0	0	0	0	nan	0	0	0	nan	nan	nan	nan	nan	nan
68	a	0	168717	0	nan	28	5	168717	0	0	0	nan	0	0	0	0	0	0	nan	0	0	0	nan	nan	nan	nan	nan	nan
69	a	0	168717	0	nan	28	5	168717	0	0	0	nan	0	0	0	0	0	0	nan	0	0	0	nan	nan	nan	nan	nan	nan
70	u	0	168717	0	nan	28	5	168717	0	0	0	nan	0	0	0	0	0	0	nan	0	0	0	nan	nan	nan	nan	nan	nan
71	g	0	168717	0	nan	28	5	168717	0	0	0	nan	0	0	0	0	0	0	nan	0	0	0	nan	nan	nan	nan	nan	nan
72	a	0	168717	0	nan	28	5	168717	0	0	0	nan	0	0	0	0	0	0	nan	0	0	0	nan	nan	nan	nan	nan	nan
73	a	0	168717	0	nan	28	5	168717	0	0	0	nan	0	0	0	0	0	0	nan	0	0	0	nan	nan	nan	nan	nan	nan
74	g	0	168717	0	nan	27	5	168717	0	0	0	nan	0	0	0	0	0	0	nan	0	0	0	nan	nan	nan	nan	nan	nan
75	g	0	168717	0	nan	27	5	168717	0	0	0	nan	0	0	0	0	0	0	nan	0	0	0	nan	nan	nan	nan	nan	nan
76	u	0	168695	0	nan	27	5	168695	0	0	0	nan	0	0	0	0	0	0	nan	0	0	0	nan	nan	nan	nan	nan	nan
77	g	0	168690	0	nan	27	5	168690	0	0	0	nan	0	0	0	0	0	0	nan	0	0	0	nan	nan	nan	nan	nan	nan
78	a	0	168688	0	nan	27	5	168688	0	0	0	nan	0	0	0	0	0	0	nan	0	0	0	nan	nan	nan	nan	nan	nan
79	a	0	168541	0	nan	27	5	168541	0	0	0	nan	0	0	0	0	0	0	nan	0	0	0	nan	nan	nan	nan	nan	nan
80	g	0	168424	0	nan	27	5	168424	0	0	0	nan	0	0	0	0	0	0	nan	0	0	0	nan	nan	nan	nan	nan	nan