Nucleotide	Sequence	Modified_mutations	Modified_read_depth	Modified_effective_depth	Modified_rate	Modified_off_target_mapped_depth	Modified_low_mapq_mapped_depth	Modified_primer_pair_1_mapped_depth	Untreated_mutations	Untreated_read_depth	Untreated_effective_depth	Untreated_rate	Untreated_off_target_mapped_depth	Untreated_low_mapq_mapped_depth	Untreated_primer_pair_1_mapped_depth	Denatured_mutations	Denatured_read_depth	Denatured_effective_depth	Denatured_rate	Denatured_off_target_mapped_depth	Denatured_low_mapq_mapped_depth	Denatured_primer_pair_1_mapped_depth	Reactivity_profile	Std_err	HQ_profile	HQ_stderr	Norm_profile	Norm_stderr
1	g	0	96903	0	nan	16493	0	96903	0	0	0	nan	0	0	0	0	0	0	nan	0	0	0	nan	nan	nan	nan	nan	nan
2	g	0	96989	0	nan	16508	0	96989	0	0	0	nan	0	0	0	0	0	0	nan	0	0	0	nan	nan	nan	nan	nan	nan
3	a	0	97050	0	nan	16516	0	97050	0	0	0	nan	0	0	0	0	0	0	nan	0	0	0	nan	nan	nan	nan	nan	nan
4	u	0	97055	0	nan	16516	0	97055	0	0	0	nan	0	0	0	0	0	0	nan	0	0	0	nan	nan	nan	nan	nan	nan
5	a	0	97062	0	nan	16516	0	97062	0	0	0	nan	0	0	0	0	0	0	nan	0	0	0	nan	nan	nan	nan	nan	nan
6	a	0	97062	0	nan	16516	0	97062	0	0	0	nan	0	0	0	0	0	0	nan	0	0	0	nan	nan	nan	nan	nan	nan
7	u	0	97062	0	nan	16516	0	97062	0	0	0	nan	0	0	0	0	0	0	nan	0	0	0	nan	nan	nan	nan	nan	nan
8	c	0	97063	0	nan	16516	0	97063	0	0	0	nan	0	0	0	0	0	0	nan	0	0	0	nan	nan	nan	nan	nan	nan
9	c	0	97063	0	nan	16516	0	97063	0	0	0	nan	0	0	0	0	0	0	nan	0	0	0	nan	nan	nan	nan	nan	nan
10	a	0	97063	0	nan	16516	0	97063	0	0	0	nan	0	0	0	0	0	0	nan	0	0	0	nan	nan	nan	nan	nan	nan
11	a	0	97063	0	nan	16516	0	97063	0	0	0	nan	0	0	0	0	0	0	nan	0	0	0	nan	nan	nan	nan	nan	nan
12	a	0	97063	0	nan	16516	0	97063	0	0	0	nan	0	0	0	0	0	0	nan	0	0	0	nan	nan	nan	nan	nan	nan
13	a	0	97063	0	nan	16516	0	97063	0	0	0	nan	0	0	0	0	0	0	nan	0	0	0	nan	nan	nan	nan	nan	nan
14	c	0	97063	0	nan	16516	0	97063	0	0	0	nan	0	0	0	0	0	0	nan	0	0	0	nan	nan	nan	nan	nan	nan
15	a	0	97063	0	nan	16516	0	97063	0	0	0	nan	0	0	0	0	0	0	nan	0	0	0	nan	nan	nan	nan	nan	nan
16	a	0	97063	0	nan	16516	0	97063	0	0	0	nan	0	0	0	0	0	0	nan	0	0	0	nan	nan	nan	nan	nan	nan
17	c	0	97063	0	nan	16516	0	97063	0	0	0	nan	0	0	0	0	0	0	nan	0	0	0	nan	nan	nan	nan	nan	nan
18	a	0	97063	0	nan	16516	0	97063	0	0	0	nan	0	0	0	0	0	0	nan	0	0	0	nan	nan	nan	nan	nan	nan
19	a	0	97063	0	nan	16516	0	97063	0	0	0	nan	0	0	0	0	0	0	nan	0	0	0	nan	nan	nan	nan	nan	nan
20	c	0	97063	0	nan	16516	0	97063	0	0	0	nan	0	0	0	0	0	0	nan	0	0	0	nan	nan	nan	nan	nan	nan
21	c	0	97063	0	nan	16516	0	97063	0	0	0	nan	0	0	0	0	0	0	nan	0	0	0	nan	nan	nan	nan	nan	nan
22	A	0	97063	0	nan	16516	0	97063	0	0	0	nan	0	0	0	0	0	0	nan	0	0	0	nan	nan	nan	nan	nan	nan
23	A	0	97063	0	nan	16516	0	97063	0	0	0	nan	0	0	0	0	0	0	nan	0	0	0	nan	nan	nan	nan	nan	nan
24	A	0	97063	0	nan	16516	0	97063	0	0	0	nan	0	0	0	0	0	0	nan	0	0	0	nan	nan	nan	nan	nan	nan
25	G	0	97063	84059	0.000000	16516	0	97063	0	0	0	nan	0	0	0	0	0	0	nan	0	0	0	0.000000	0.000000	0.000000	0.000000	nan	nan
26	G	39	97063	75472	0.000517	16516	0	97059	0	0	0	nan	0	0	0	0	0	0	nan	0	0	0	0.000517	0.000083	0.000517	0.000083	nan	nan
27	A	35	97062	74881	0.000467	16516	0	97054	0	0	0	nan	0	0	0	0	0	0	nan	0	0	0	0.000467	0.000079	0.000467	0.000079	nan	nan
28	A	56	97062	74159	0.000755	16515	0	97053	0	0	0	nan	0	0	0	0	0	0	nan	0	0	0	0.000755	0.000101	0.000755	0.000101	nan	nan
29	U	123	97061	88934	0.001383	16514	0	97052	0	0	0	nan	0	0	0	0	0	0	nan	0	0	0	0.001383	0.000125	0.001383	0.000125	nan	nan
30	U	83	97059	90234	0.000920	16508	0	97030	0	0	0	nan	0	0	0	0	0	0	nan	0	0	0	0.000920	0.000101	0.000920	0.000101	nan	nan
31	G	47	97059	91425	0.000514	16507	0	97023	0	0	0	nan	0	0	0	0	0	0	nan	0	0	0	0.000514	0.000075	0.000514	0.000075	nan	nan
32	C	147	97059	92148	0.001595	16505	0	97020	0	0	0	nan	0	0	0	0	0	0	nan	0	0	0	0.001595	0.000132	0.001595	0.000132	0.618337	0.051173
33	G	54	97058	91151	0.000592	16504	0	97000	0	0	0	nan	0	0	0	0	0	0	nan	0	0	0	0.000592	0.000081	0.000592	0.000081	nan	nan
34	G	53	97057	91625	0.000578	16500	0	96986	0	0	0	nan	0	0	0	0	0	0	nan	0	0	0	0.000578	0.000079	0.000578	0.000079	nan	nan
35	G	41	97056	81181	0.000505	16499	0	96969	0	0	0	nan	0	0	0	0	0	0	nan	0	0	0	0.000505	0.000079	0.000505	0.000079	nan	nan
36	A	39	97053	76614	0.000509	16494	0	96948	0	0	0	nan	0	0	0	0	0	0	nan	0	0	0	0.000509	0.000082	0.000509	0.000082	nan	nan
37	A	49	97049	72990	0.000671	16490	0	96917	0	0	0	nan	0	0	0	0	0	0	nan	0	0	0	0.000671	0.000096	0.000671	0.000096	nan	nan
38	A	63	97049	81840	0.000770	16489	0	96914	0	0	0	nan	0	0	0	0	0	0	nan	0	0	0	0.000770	0.000097	0.000770	0.000097	nan	nan
39	G	78	97049	86744	0.000899	16489	0	96910	0	0	0	nan	0	0	0	0	0	0	nan	0	0	0	0.000899	0.000102	0.000899	0.000102	nan	nan
40	G	34	97048	89411	0.000380	16489	0	96903	0	0	0	nan	0	0	0	0	0	0	nan	0	0	0	0.000380	0.000065	0.000380	0.000065	nan	nan
41	G	40	97048	89202	0.000448	16489	0	96899	0	0	0	nan	0	0	0	0	0	0	nan	0	0	0	0.000448	0.000071	0.000448	0.000071	nan	nan
42	G	52	97048	90568	0.000574	16489	0	96889	0	0	0	nan	0	0	0	0	0	0	nan	0	0	0	0.000574	0.000080	0.000574	0.000080	nan	nan
43	U	119	97048	91451	0.001301	16488	0	96886	0	0	0	nan	0	0	0	0	0	0	nan	0	0	0	0.001301	0.000119	0.001301	0.000119	nan	nan
44	C	96	97048	83971	0.001143	16486	0	96869	0	0	0	nan	0	0	0	0	0	0	nan	0	0	0	0.001143	0.000117	0.001143	0.000117	0.443109	0.045358
45	A	40	97048	78274	0.000511	16480	0	96849	0	0	0	nan	0	0	0	0	0	0	nan	0	0	0	0.000511	0.000081	0.000511	0.000081	nan	nan
46	A	36	97047	78830	0.000457	16478	0	96845	0	0	0	nan	0	0	0	0	0	0	nan	0	0	0	0.000457	0.000076	0.000457	0.000076	nan	nan
47	C	111	97047	84017	0.001321	16478	0	96839	0	0	0	nan	0	0	0	0	0	0	nan	0	0	0	0.001321	0.000125	0.001321	0.000125	0.512115	0.048459
48	A	61	97047	89786	0.000679	16477	0	96831	0	0	0	nan	0	0	0	0	0	0	nan	0	0	0	0.000679	0.000087	0.000679	0.000087	nan	nan
49	G	77	97047	89195	0.000863	16475	0	96826	0	0	0	nan	0	0	0	0	0	0	nan	0	0	0	0.000863	0.000098	0.000863	0.000098	nan	nan
50	C	89	97046	86653	0.001027	16474	0	96821	0	0	0	nan	0	0	0	0	0	0	nan	0	0	0	0.001027	0.000109	0.001027	0.000109	0.398139	0.042256
51	C	68	97046	86313	0.000788	16474	0	96814	0	0	0	nan	0	0	0	0	0	0	nan	0	0	0	0.000788	0.000096	0.000788	0.000096	0.305486	0.037217
52	G	59	97046	83385	0.000708	16469	0	96807	0	0	0	nan	0	0	0	0	0	0	nan	0	0	0	0.000708	0.000092	0.000708	0.000092	nan	nan
53	U	141	97045	86956	0.001622	16469	0	96803	0	0	0	nan	0	0	0	0	0	0	nan	0	0	0	0.001622	0.000137	0.001622	0.000137	nan	nan
54	U	121	97044	85970	0.001407	16466	0	96791	0	0	0	nan	0	0	0	0	0	0	nan	0	0	0	0.001407	0.000128	0.001407	0.000128	nan	nan
55	C	127	97043	89541	0.001418	16467	0	96784	0	0	0	nan	0	0	0	0	0	0	nan	0	0	0	0.001418	0.000126	0.001418	0.000126	0.549719	0.048847
56	A	30	97042	90069	0.000333	16466	0	96776	0	0	0	nan	0	0	0	0	0	0	nan	0	0	0	0.000333	0.000061	0.000333	0.000061	nan	nan
57	G	107	97042	91575	0.001168	16465	0	96775	0	0	0	nan	0	0	0	0	0	0	nan	0	0	0	0.001168	0.000113	0.001168	0.000113	nan	nan
58	U	83	97040	90578	0.000916	16465	0	96773	0	0	0	nan	0	0	0	0	0	0	nan	0	0	0	0.000916	0.000101	0.000916	0.000101	nan	nan
59	A	44	97040	90227	0.000488	16674	0	96769	0	0	0	nan	0	0	0	0	0	0	nan	0	0	0	0.000488	0.000074	0.000488	0.000074	nan	nan
60	C	95	97040	90882	0.001045	16678	0	96769	0	0	0	nan	0	0	0	0	0	0	nan	0	0	0	0.001045	0.000107	0.001045	0.000107	0.405117	0.041481
61	C	90	97040	91278	0.000986	16680	0	96768	0	0	0	nan	0	0	0	0	0	0	nan	0	0	0	0.000986	0.000104	0.000986	0.000104	0.382245	0.040318
62	A	48	97040	89684	0.000535	16682	0	96757	0	0	0	nan	0	0	0	0	0	0	nan	0	0	0	0.000535	0.000077	0.000535	0.000077	nan	nan
63	A	30	97037	89475	0.000335	16682	0	96752	0	0	0	nan	0	0	0	0	0	0	nan	0	0	0	0.000335	0.000061	0.000335	0.000061	nan	nan
64	G	69	97037	90991	0.000758	16683	0	96741	0	0	0	nan	0	0	0	0	0	0	nan	0	0	0	0.000758	0.000091	0.000758	0.000091	nan	nan
65	U	83	97037	84533	0.000982	16683	0	96730	0	0	0	nan	0	0	0	0	0	0	nan	0	0	0	0.000982	0.000108	0.000982	0.000108	nan	nan
66	C	105	97036	84708	0.001240	16683	0	96714	0	0	0	nan	0	0	0	0	0	0	nan	0	0	0	0.001240	0.000121	0.001240	0.000121	0.480713	0.046908
67	U	67	97035	61789	0.001084	16684	0	96706	0	0	0	nan	0	0	0	0	0	0	nan	0	0	0	0.001084	0.000132	0.001084	0.000132	nan	nan
68	C	124	97033	63691	0.001947	16683	0	96677	0	0	0	nan	0	0	0	0	0	0	nan	0	0	0	0.001947	0.000175	0.001947	0.000175	0.754797	0.067843
69	A	59	97033	63113	0.000935	16684	0	96664	0	0	0	nan	0	0	0	0	0	0	nan	0	0	0	0.000935	0.000122	0.000935	0.000122	nan	nan
70	G	65	97033	86375	0.000753	16685	0	96661	0	0	0	nan	0	0	0	0	0	0	nan	0	0	0	0.000753	0.000093	0.000753	0.000093	nan	nan
71	G	82	97033	90731	0.000904	16686	0	96656	0	0	0	nan	0	0	0	0	0	0	nan	0	0	0	0.000904	0.000100	0.000904	0.000100	nan	nan
72	G	66	97033	91375	0.000722	16687	0	96652	0	0	0	nan	0	0	0	0	0	0	nan	0	0	0	0.000722	0.000089	0.000722	0.000089	nan	nan
73	G	66	97033	91035	0.000725	16688	0	96648	0	0	0	nan	0	0	0	0	0	0	nan	0	0	0	0.000725	0.000089	0.000725	0.000089	nan	nan
74	A	34	97033	89385	0.000380	16688	0	96640	0	0	0	nan	0	0	0	0	0	0	nan	0	0	0	0.000380	0.000065	0.000380	0.000065	nan	nan
75	A	22	97033	87711	0.000251	16692	0	96632	0	0	0	nan	0	0	0	0	0	0	nan	0	0	0	0.000251	0.000053	0.000251	0.000053	nan	nan
76	A	43	97033	85653	0.000502	16692	0	96625	0	0	0	nan	0	0	0	0	0	0	nan	0	0	0	0.000502	0.000077	0.000502	0.000077	nan	nan
77	C	130	97032	86587	0.001501	16693	0	96621	0	0	0	nan	0	0	0	0	0	0	nan	0	0	0	0.001501	0.000132	0.001501	0.000132	0.581896	0.051173
78	U	120	97031	83348	0.001440	16693	0	96615	0	0	0	nan	0	0	0	0	0	0	nan	0	0	0	0.001440	0.000131	0.001440	0.000131	nan	nan
79	U	126	97029	85779	0.001469	16693	0	96608	0	0	0	nan	0	0	0	0	0	0	nan	0	0	0	0.001469	0.000131	0.001469	0.000131	nan	nan
80	U	81	97027	86904	0.000932	16691	0	96577	0	0	0	nan	0	0	0	0	0	0	nan	0	0	0	0.000932	0.000104	0.000932	0.000104	nan	nan
81	G	43	97023	86529	0.000497	16689	0	96528	0	0	0	nan	0	0	0	0	0	0	nan	0	0	0	0.000497	0.000076	0.000497	0.000076	nan	nan
82	A	55	97020	86550	0.000635	16687	0	96502	0	0	0	nan	0	0	0	0	0	0	nan	0	0	0	0.000635	0.000086	0.000635	0.000086	nan	nan
83	G	34	97020	84152	0.000404	16688	0	96494	0	0	0	nan	0	0	0	0	0	0	nan	0	0	0	0.000404	0.000069	0.000404	0.000069	nan	nan
84	A	28	97018	89112	0.000314	16688	0	96472	0	0	0	nan	0	0	0	0	0	0	nan	0	0	0	0.000314	0.000059	0.000314	0.000059	nan	nan
85	U	59	97018	89446	0.000660	16689	0	96459	0	0	0	nan	0	0	0	0	0	0	nan	0	0	0	0.000660	0.000086	0.000660	0.000086	nan	nan
86	G	38	97017	92105	0.000413	16689	0	96435	0	0	0	nan	0	0	0	0	0	0	nan	0	0	0	0.000413	0.000067	0.000413	0.000067	nan	nan
87	G	49	97017	90447	0.000542	16688	0	96425	0	0	0	nan	0	0	0	0	0	0	nan	0	0	0	0.000542	0.000077	0.000542	0.000077	nan	nan
88	C	55	97013	49177	0.001118	16688	0	96413	0	0	0	nan	0	0	0	0	0	0	nan	0	0	0	0.001118	0.000151	0.001118	0.000151	0.433417	0.058538
89	C	1474	97012	48806	0.030201	16690	0	96407	0	0	0	nan	0	0	0	0	0	0	nan	0	0	0	0.030201	0.000787	0.030201	0.000787	11.708083	0.305098
90	U	67	97012	48963	0.001368	16689	0	96403	0	0	0	nan	0	0	0	0	0	0	nan	0	0	0	0.001368	0.000167	0.001368	0.000167	nan	nan
91	U	42	97011	89917	0.000467	16689	0	96393	0	0	0	nan	0	0	0	0	0	0	nan	0	0	0	0.000467	0.000072	0.000467	0.000072	nan	nan
92	G	61	97007	86710	0.000703	16689	0	96377	0	0	0	nan	0	0	0	0	0	0	nan	0	0	0	0.000703	0.000090	0.000703	0.000090	nan	nan
93	C	113	97007	84934	0.001330	16690	0	96358	0	0	0	nan	0	0	0	0	0	0	nan	0	0	0	0.001330	0.000125	0.001330	0.000125	0.515604	0.048459
94	A	28	97008	74946	0.000374	16691	0	96348	0	0	0	nan	0	0	0	0	0	0	nan	0	0	0	0.000374	0.000071	0.000374	0.000071	nan	nan
95	A	25	97022	78055	0.000320	16691	0	96359	0	0	0	nan	0	0	0	0	0	0	nan	0	0	0	0.000320	0.000064	0.000320	0.000064	nan	nan
96	A	37	98063	83434	0.000443	16692	0	97859	0	0	0	nan	0	0	0	0	0	0	nan	0	0	0	0.000443	0.000073	0.000443	0.000073	nan	nan
97	G	45	98121	96609	0.000466	16692	0	97940	0	0	0	nan	0	0	0	0	0	0	nan	0	0	0	0.000466	0.000069	0.000466	0.000069	nan	nan
98	G	33	98129	97128	0.000340	16692	0	97949	0	0	0	nan	0	0	0	0	0	0	nan	0	0	0	0.000340	0.000059	0.000340	0.000059	nan	nan
99	G	158	98129	97039	0.001628	16692	0	97948	0	0	0	nan	0	0	0	0	0	0	nan	0	0	0	0.001628	0.000130	0.001628	0.000130	nan	nan
100	U	95	98130	97000	0.000979	16692	0	97947	0	0	0	nan	0	0	0	0	0	0	nan	0	0	0	0.000979	0.000100	0.000979	0.000100	nan	nan
101	A	69	98130	96890	0.000712	16692	0	97944	0	0	0	nan	0	0	0	0	0	0	nan	0	0	0	0.000712	0.000086	0.000712	0.000086	nan	nan
102	U	87	98130	97073	0.000896	16692	0	97944	0	0	0	nan	0	0	0	0	0	0	nan	0	0	0	0.000896	0.000096	0.000896	0.000096	nan	nan
103	G	43	98132	96484	0.000446	16692	0	97946	0	0	0	nan	0	0	0	0	0	0	nan	0	0	0	0.000446	0.000068	0.000446	0.000068	nan	nan
104	G	43	98131	96588	0.000445	16692	0	97942	0	0	0	nan	0	0	0	0	0	0	nan	0	0	0	0.000445	0.000068	0.000445	0.000068	nan	nan
105	U	101	98133	96483	0.001047	16691	0	97945	0	0	0	nan	0	0	0	0	0	0	nan	0	0	0	0.001047	0.000104	0.001047	0.000104	nan	nan
106	A	96	98132	97014	0.000990	16692	0	97941	0	0	0	nan	0	0	0	0	0	0	nan	0	0	0	0.000990	0.000101	0.000990	0.000101	nan	nan
107	A	50	98132	96825	0.000516	16692	0	97939	0	0	0	nan	0	0	0	0	0	0	nan	0	0	0	0.000516	0.000073	0.000516	0.000073	nan	nan
108	U	89	98132	96781	0.000920	16692	0	97939	0	0	0	nan	0	0	0	0	0	0	nan	0	0	0	0.000920	0.000097	0.000920	0.000097	nan	nan
109	A	36	98133	96704	0.000372	16694	0	97939	0	0	0	nan	0	0	0	0	0	0	nan	0	0	0	0.000372	0.000062	0.000372	0.000062	nan	nan
110	A	38	98133	96848	0.000392	16694	0	97938	0	0	0	nan	0	0	0	0	0	0	nan	0	0	0	0.000392	0.000064	0.000392	0.000064	nan	nan
111	G	113	98134	96812	0.001167	16694	0	97938	0	0	0	nan	0	0	0	0	0	0	nan	0	0	0	0.001167	0.000110	0.001167	0.000110	nan	nan
112	C	153	98134	97048	0.001577	16694	0	97936	0	0	0	nan	0	0	0	0	0	0	nan	0	0	0	0.001577	0.000127	0.001577	0.000127	0.611359	0.049234
113	U	102	98134	97058	0.001051	16693	0	97935	0	0	0	nan	0	0	0	0	0	0	nan	0	0	0	0.001051	0.000104	0.001051	0.000104	nan	nan
114	G	67	98136	96863	0.000692	16693	0	97934	0	0	0	nan	0	0	0	0	0	0	nan	0	0	0	0.000692	0.000085	0.000692	0.000085	nan	nan
115	A	63	98136	96930	0.000650	16693	0	97933	0	0	0	nan	0	0	0	0	0	0	nan	0	0	0	0.000650	0.000082	0.000650	0.000082	nan	nan
116	C	119	98136	96996	0.001227	16693	0	97932	0	0	0	nan	0	0	0	0	0	0	nan	0	0	0	0.001227	0.000112	0.001227	0.000112	0.475674	0.043419
117	G	74	98137	96680	0.000765	16693	0	97933	0	0	0	nan	0	0	0	0	0	0	nan	0	0	0	0.000765	0.000089	0.000765	0.000089	nan	nan
118	G	43	98137	96820	0.000444	16693	0	97933	0	0	0	nan	0	0	0	0	0	0	nan	0	0	0	0.000444	0.000068	0.000444	0.000068	nan	nan
119	A	45	98138	96825	0.000465	16694	0	97936	0	0	0	nan	0	0	0	0	0	0	nan	0	0	0	0.000465	0.000069	0.000465	0.000069	nan	nan
120	C	78	98138	97215	0.000802	16694	0	97936	0	0	0	nan	0	0	0	0	0	0	nan	0	0	0	0.000802	0.000091	0.000802	0.000091	0.310913	0.035278
121	A	97	98138	97174	0.000998	16696	0	97936	0	0	0	nan	0	0	0	0	0	0	nan	0	0	0	0.000998	0.000101	0.000998	0.000101	nan	nan
122	U	90	98138	97110	0.000927	16696	0	97932	0	0	0	nan	0	0	0	0	0	0	nan	0	0	0	0.000927	0.000098	0.000927	0.000098	nan	nan
123	G	42	98137	96895	0.000433	16698	0	97927	0	0	0	nan	0	0	0	0	0	0	nan	0	0	0	0.000433	0.000067	0.000433	0.000067	nan	nan
124	G	55	98136	96880	0.000568	16698	0	97925	0	0	0	nan	0	0	0	0	0	0	nan	0	0	0	0.000568	0.000077	0.000568	0.000077	nan	nan
125	U	127	98136	96500	0.001316	16698	0	97925	0	0	0	nan	0	0	0	0	0	0	nan	0	0	0	0.001316	0.000117	0.001316	0.000117	nan	nan
126	C	121	98137	96533	0.001253	16698	0	97925	0	0	0	nan	0	0	0	0	0	0	nan	0	0	0	0.001253	0.000114	0.001253	0.000114	0.485753	0.044195
127	C	115	98137	96446	0.001192	16698	0	97924	0	0	0	nan	0	0	0	0	0	0	nan	0	0	0	0.001192	0.000111	0.001192	0.000111	0.462105	0.043032
128	U	194	98130	96521	0.002010	16698	0	97903	0	0	0	nan	0	0	0	0	0	0	nan	0	0	0	0.002010	0.000144	0.002010	0.000144	nan	nan
129	A	37	97706	95419	0.000388	16678	0	96751	0	0	0	nan	0	0	0	0	0	0	nan	0	0	0	0.000388	0.000064	0.000388	0.000064	nan	nan
130	A	14	97704	94967	0.000147	16680	0	96747	0	0	0	nan	0	0	0	0	0	0	nan	0	0	0	0.000147	0.000039	0.000147	0.000039	nan	nan
131	C	115	97704	94420	0.001218	16682	0	96748	0	0	0	nan	0	0	0	0	0	0	nan	0	0	0	0.001218	0.000114	0.001218	0.000114	0.472185	0.044195
132	C	151	97703	94229	0.001602	16682	0	96748	0	0	0	nan	0	0	0	0	0	0	nan	0	0	0	0.001602	0.000130	0.001602	0.000130	0.621051	0.050397
133	A	78	97703	93865	0.000831	16682	0	96751	0	0	0	nan	0	0	0	0	0	0	nan	0	0	0	0.000831	0.000094	0.000831	0.000094	nan	nan
134	C	108	97702	93669	0.001153	16671	0	96750	0	0	0	nan	0	0	0	0	0	0	nan	0	0	0	0.001153	0.000111	0.001153	0.000111	0.446986	0.043032
135	G	72	97702	93142	0.000773	16672	0	96754	0	0	0	nan	0	0	0	0	0	0	nan	0	0	0	0.000773	0.000091	0.000773	0.000091	nan	nan
136	C	75	97702	92777	0.000808	16672	0	96763	0	0	0	nan	0	0	0	0	0	0	nan	0	0	0	0.000808	0.000093	0.000808	0.000093	0.313239	0.036053
137	A	35	97703	93167	0.000376	16675	0	96776	0	0	0	nan	0	0	0	0	0	0	nan	0	0	0	0.000376	0.000063	0.000376	0.000063	nan	nan
138	G	69	97703	93333	0.000739	16676	0	96786	0	0	0	nan	0	0	0	0	0	0	nan	0	0	0	0.000739	0.000089	0.000739	0.000089	nan	nan
139	C	136	97704	94270	0.001443	16676	0	96794	0	0	0	nan	0	0	0	0	0	0	nan	0	0	0	0.001443	0.000124	0.001443	0.000124	0.559411	0.048071
140	C	133	97704	94501	0.001407	16676	0	96803	0	0	0	nan	0	0	0	0	0	0	nan	0	0	0	0.001407	0.000122	0.001407	0.000122	0.545455	0.047296
141	A	40	97707	94095	0.000425	16676	0	96812	0	0	0	nan	0	0	0	0	0	0	nan	0	0	0	0.000425	0.000067	0.000425	0.000067	nan	nan
142	A	33	97707	93361	0.000353	16676	0	96816	0	0	0	nan	0	0	0	0	0	0	nan	0	0	0	0.000353	0.000062	0.000353	0.000062	nan	nan
143	G	69	97707	92090	0.000749	16676	0	96819	0	0	0	nan	0	0	0	0	0	0	nan	0	0	0	0.000749	0.000090	0.000749	0.000090	nan	nan
144	U	112	97707	92635	0.001209	16676	0	96820	0	0	0	nan	0	0	0	0	0	0	nan	0	0	0	0.001209	0.000114	0.001209	0.000114	nan	nan
145	C	163	97708	93059	0.001752	16677	0	96824	0	0	0	nan	0	0	0	0	0	0	nan	0	0	0	0.001752	0.000137	0.001752	0.000137	0.679201	0.053111
146	C	225	97708	87337	0.002576	16678	0	96828	0	0	0	nan	0	0	0	0	0	0	nan	0	0	0	0.002576	0.000172	0.002576	0.000172	0.998643	0.066680
147	U	136	97708	87261	0.001559	16679	0	96831	0	0	0	nan	0	0	0	0	0	0	nan	0	0	0	0.001559	0.000134	0.001559	0.000134	nan	nan
148	A	35	97711	87181	0.000401	16680	0	96845	0	0	0	nan	0	0	0	0	0	0	nan	0	0	0	0.000401	0.000068	0.000401	0.000068	nan	nan
149	A	31	97713	91648	0.000338	16680	0	96852	0	0	0	nan	0	0	0	0	0	0	nan	0	0	0	0.000338	0.000061	0.000338	0.000061	nan	nan
150	G	81	97715	90526	0.000895	16679	0	96861	0	0	0	nan	0	0	0	0	0	0	nan	0	0	0	0.000895	0.000099	0.000895	0.000099	nan	nan
151	U	110	97717	90588	0.001214	16681	0	96868	0	0	0	nan	0	0	0	0	0	0	nan	0	0	0	0.001214	0.000116	0.001214	0.000116	nan	nan
152	C	89	97718	92745	0.000960	16681	0	96874	0	0	0	nan	0	0	0	0	0	0	nan	0	0	0	0.000960	0.000102	0.000960	0.000102	0.372165	0.039543
153	A	34	97719	92443	0.000368	16683	0	96879	0	0	0	nan	0	0	0	0	0	0	nan	0	0	0	0.000368	0.000063	0.000368	0.000063	nan	nan
154	A	30	97720	92391	0.000325	16683	0	96886	0	0	0	nan	0	0	0	0	0	0	nan	0	0	0	0.000325	0.000059	0.000325	0.000059	nan	nan
155	C	78	97721	90757	0.000859	16683	0	96890	0	0	0	nan	0	0	0	0	0	0	nan	0	0	0	0.000859	0.000097	0.000859	0.000097	0.333010	0.037604
156	A	28	97723	81795	0.000342	16684	0	96899	0	0	0	nan	0	0	0	0	0	0	nan	0	0	0	0.000342	0.000065	0.000342	0.000065	nan	nan
157	G	64	97724	80959	0.000791	16683	0	96910	0	0	0	nan	0	0	0	0	0	0	nan	0	0	0	0.000791	0.000099	0.000791	0.000099	nan	nan
158	A	32	97726	79536	0.000402	16684	0	96923	0	0	0	nan	0	0	0	0	0	0	nan	0	0	0	0.000402	0.000071	0.000402	0.000071	nan	nan
159	U	91	97728	89243	0.001020	16684	0	96931	0	0	0	nan	0	0	0	0	0	0	nan	0	0	0	0.001020	0.000107	0.001020	0.000107	nan	nan
160	C	297	97730	89707	0.003311	16684	0	96954	0	0	0	nan	0	0	0	0	0	0	nan	0	0	0	0.003311	0.000192	0.003311	0.000192	1.283582	0.074433
161	U	189	97732	91612	0.002063	16688	0	96971	0	0	0	nan	0	0	0	0	0	0	nan	0	0	0	0.002063	0.000150	0.002063	0.000150	nan	nan
162	U	161	97733	91472	0.001760	16689	0	96984	0	0	0	nan	0	0	0	0	0	0	nan	0	0	0	0.001760	0.000139	0.001760	0.000139	nan	nan
163	C	174	97734	91265	0.001907	16690	0	96990	0	0	0	nan	0	0	0	0	0	0	nan	0	0	0	0.001907	0.000145	0.001907	0.000145	0.739291	0.056212
164	U	65	97735	91540	0.000710	16693	0	97000	0	0	0	nan	0	0	0	0	0	0	nan	0	0	0	0.000710	0.000088	0.000710	0.000088	nan	nan
165	G	73	97737	83352	0.000876	16698	0	97005	0	0	0	nan	0	0	0	0	0	0	nan	0	0	0	0.000876	0.000103	0.000876	0.000103	nan	nan
166	U	118	97738	83094	0.001420	16699	0	97014	0	0	0	nan	0	0	0	0	0	0	nan	0	0	0	0.001420	0.000131	0.001420	0.000131	nan	nan
167	U	88	97740	84430	0.001042	16701	0	97022	0	0	0	nan	0	0	0	0	0	0	nan	0	0	0	0.001042	0.000111	0.001042	0.000111	nan	nan
168	G	45	97745	93041	0.000484	16705	0	97050	0	0	0	nan	0	0	0	0	0	0	nan	0	0	0	0.000484	0.000072	0.000484	0.000072	nan	nan
169	A	26	97746	93592	0.000278	16705	0	97051	0	0	0	nan	0	0	0	0	0	0	nan	0	0	0	0.000278	0.000054	0.000278	0.000054	nan	nan
170	U	47	97748	93266	0.000504	16705	0	97056	0	0	0	nan	0	0	0	0	0	0	nan	0	0	0	0.000504	0.000074	0.000504	0.000074	nan	nan
171	A	54	97748	91625	0.000589	16706	0	97059	0	0	0	nan	0	0	0	0	0	0	nan	0	0	0	0.000589	0.000080	0.000589	0.000080	nan	nan
172	U	67	97748	88740	0.000755	16706	0	97061	0	0	0	nan	0	0	0	0	0	0	nan	0	0	0	0.000755	0.000092	0.000755	0.000092	nan	nan
173	G	40	97748	88831	0.000450	16706	0	97069	0	0	0	nan	0	0	0	0	0	0	nan	0	0	0	0.000450	0.000071	0.000450	0.000071	nan	nan
174	G	49	97748	90200	0.000543	16706	0	97082	0	0	0	nan	0	0	0	0	0	0	nan	0	0	0	0.000543	0.000078	0.000543	0.000078	nan	nan
175	A	41	97749	91617	0.000448	16706	0	97093	0	0	0	nan	0	0	0	0	0	0	nan	0	0	0	0.000448	0.000070	0.000448	0.000070	nan	nan
176	U	70	97749	91728	0.000763	16706	0	97098	0	0	0	nan	0	0	0	0	0	0	nan	0	0	0	0.000763	0.000091	0.000763	0.000091	nan	nan
177	G	63	97751	91619	0.000688	16706	0	97107	0	0	0	nan	0	0	0	0	0	0	nan	0	0	0	0.000688	0.000087	0.000688	0.000087	nan	nan
178	C	155	97752	94051	0.001648	16706	0	97108	0	0	0	nan	0	0	0	0	0	0	nan	0	0	0	0.001648	0.000132	0.001648	0.000132	0.638884	0.051173
179	A	43	97752	93841	0.000458	16706	0	97110	0	0	0	nan	0	0	0	0	0	0	nan	0	0	0	0.000458	0.000070	0.000458	0.000070	nan	nan
180	G	91	97754	92053	0.000989	16706	0	97132	0	0	0	nan	0	0	0	0	0	0	nan	0	0	0	0.000989	0.000104	0.000989	0.000104	nan	nan
181	U	151	97754	91088	0.001658	16706	0	97141	0	0	0	nan	0	0	0	0	0	0	nan	0	0	0	0.001658	0.000135	0.001658	0.000135	nan	nan
182	U	158	97754	90485	0.001746	16706	0	97145	0	0	0	nan	0	0	0	0	0	0	nan	0	0	0	0.001746	0.000139	0.001746	0.000139	nan	nan
183	C	238	97756	92124	0.002583	16706	0	97149	0	0	0	nan	0	0	0	0	0	0	nan	0	0	0	0.002583	0.000167	0.002583	0.000167	1.001357	0.064741
184	A	46	97756	93635	0.000491	16706	0	97163	0	0	0	nan	0	0	0	0	0	0	nan	0	0	0	0.000491	0.000072	0.000491	0.000072	nan	nan
185	A	46	97757	93920	0.000490	16706	0	97167	0	0	0	nan	0	0	0	0	0	0	nan	0	0	0	0.000490	0.000072	0.000490	0.000072	nan	nan
186	C	208	97758	92746	0.002243	16706	0	97174	0	0	0	nan	0	0	0	0	0	0	nan	0	0	0	0.002243	0.000156	0.002243	0.000156	0.869548	0.060477
187	C	148	97761	92708	0.001596	16706	0	97181	0	0	0	nan	0	0	0	0	0	0	nan	0	0	0	0.001596	0.000131	0.001596	0.000131	0.618725	0.050785
188	A	32	97767	92895	0.000344	16706	0	97198	0	0	0	nan	0	0	0	0	0	0	nan	0	0	0	0.000344	0.000061	0.000344	0.000061	nan	nan
189	A	43	97769	93552	0.000460	16706	0	97203	0	0	0	nan	0	0	0	0	0	0	nan	0	0	0	0.000460	0.000070	0.000460	0.000070	nan	nan
190	A	50	97770	90172	0.000554	16706	0	97205	0	0	0	nan	0	0	0	0	0	0	nan	0	0	0	0.000554	0.000078	0.000554	0.000078	nan	nan
191	U	161	97771	89550	0.001798	16706	0	97211	0	0	0	nan	0	0	0	0	0	0	nan	0	0	0	0.001798	0.000142	0.001798	0.000142	nan	nan
192	C	120	97771	90204	0.001330	16706	0	97219	0	0	0	nan	0	0	0	0	0	0	nan	0	0	0	0.001330	0.000121	0.001330	0.000121	0.515604	0.046908
193	A	24	97776	94012	0.000255	16706	0	97293	0	0	0	nan	0	0	0	0	0	0	nan	0	0	0	0.000255	0.000052	0.000255	0.000052	nan	nan
194	A	16	97777	94838	0.000169	16706	0	97295	0	0	0	nan	0	0	0	0	0	0	nan	0	0	0	0.000169	0.000042	0.000169	0.000042	nan	nan
195	A	29	97778	94383	0.000307	16705	0	97298	0	0	0	nan	0	0	0	0	0	0	nan	0	0	0	0.000307	0.000057	0.000307	0.000057	nan	nan
196	A	27	97779	92832	0.000291	16693	0	97301	0	0	0	nan	0	0	0	0	0	0	nan	0	0	0	0.000291	0.000056	0.000291	0.000056	nan	nan
197	A	20	97779	91122	0.000219	16688	0	97303	0	0	0	nan	0	0	0	0	0	0	nan	0	0	0	0.000219	0.000049	0.000219	0.000049	nan	nan
198	A	31	97780	90817	0.000341	16687	0	97309	0	0	0	nan	0	0	0	0	0	0	nan	0	0	0	0.000341	0.000061	0.000341	0.000061	nan	nan
199	C	106	97781	91722	0.001156	16639	0	97315	0	0	0	nan	0	0	0	0	0	0	nan	0	0	0	0.001156	0.000112	0.001156	0.000112	0.448149	0.043419
200	C	162	97781	89817	0.001804	2169	0	97326	0	0	0	nan	0	0	0	0	0	0	nan	0	0	0	0.001804	0.000142	0.001804	0.000142	0.699360	0.055049
201	G	96	97784	89786	0.001069	1832	0	97345	0	0	0	nan	0	0	0	0	0	0	nan	0	0	0	0.001069	0.000109	0.001069	0.000109	nan	nan
202	C	145	97786	89635	0.001618	1805	0	97371	0	0	0	nan	0	0	0	0	0	0	nan	0	0	0	0.001618	0.000134	0.001618	0.000134	0.627253	0.051948
203	C	204	97787	89807	0.002272	1781	0	97378	0	0	0	nan	0	0	0	0	0	0	nan	0	0	0	0.002272	0.000159	0.002272	0.000159	0.880791	0.061640
204	U	93	97797	88151	0.001055	852	0	97399	0	0	0	nan	0	0	0	0	0	0	nan	0	0	0	0.001055	0.000109	0.001055	0.000109	nan	nan
205	A	40	97799	83353	0.000480	55	0	97439	0	0	0	nan	0	0	0	0	0	0	nan	0	0	0	0.000480	0.000076	0.000480	0.000076	nan	nan
206	G	85	97803	81702	0.001040	55	0	97474	0	0	0	nan	0	0	0	0	0	0	nan	0	0	0	0.001040	0.000113	0.001040	0.000113	nan	nan
207	U	152	97807	81213	0.001872	55	0	97512	0	0	0	nan	0	0	0	0	0	0	nan	0	0	0	0.001872	0.000152	0.001872	0.000152	nan	nan
208	U	118	97810	85521	0.001380	53	0	97530	0	0	0	nan	0	0	0	0	0	0	nan	0	0	0	0.001380	0.000127	0.001380	0.000127	nan	nan
209	C	104	97813	89283	0.001165	48	0	97563	0	0	0	nan	0	0	0	0	0	0	nan	0	0	0	0.001165	0.000114	0.001165	0.000114	0.451638	0.044195
210	G	74	97815	90436	0.000818	0	0	97583	0	0	0	nan	0	0	0	0	0	0	nan	0	0	0	0.000818	0.000095	0.000818	0.000095	nan	nan
211	C	257	97819	84140	0.003054	0	0	97600	0	0	0	nan	0	0	0	0	0	0	nan	0	0	0	0.003054	0.000191	0.003054	0.000191	1.183950	0.074045
212	U	81	97824	84345	0.000960	0	0	97635	0	0	0	nan	0	0	0	0	0	0	nan	0	0	0	0.000960	0.000107	0.000960	0.000107	nan	nan
213	A	43	97831	81245	0.000529	0	0	97670	0	0	0	nan	0	0	0	0	0	0	nan	0	0	0	0.000529	0.000081	0.000529	0.000081	nan	nan
214	G	36	97831	22738	0.001583	0	0	97688	0	0	0	nan	0	0	0	0	0	0	nan	0	0	0	0.001583	0.000264	0.001583	0.000264	nan	nan
215	G	72	97831	22589	0.003187	0	0	97690	0	0	0	nan	0	0	0	0	0	0	nan	0	0	0	0.003187	0.000376	0.003187	0.000376	nan	nan
216	C	36	97835	23165	0.001554	0	0	97724	0	0	0	nan	0	0	0	0	0	0	nan	0	0	0	0.001554	0.000259	0.001554	0.000259	0.602442	0.100407
217	G	38	97844	92924	0.000409	0	0	97815	0	0	0	nan	0	0	0	0	0	0	nan	0	0	0	0.000409	0.000066	0.000409	0.000066	nan	nan
218	G	23	97846	94028	0.000245	0	0	97838	0	0	0	nan	0	0	0	0	0	0	nan	0	0	0	0.000245	0.000051	0.000245	0.000051	nan	nan
219	A	0	97850	93353	0.000000	0	0	97850	0	0	0	nan	0	0	0	0	0	0	nan	0	0	0	0.000000	0.000000	0.000000	0.000000	nan	nan
220	A	0	97850	0	nan	0	0	97850	0	0	0	nan	0	0	0	0	0	0	nan	0	0	0	nan	nan	nan	nan	nan	nan
221	A	0	97850	0	nan	0	0	97850	0	0	0	nan	0	0	0	0	0	0	nan	0	0	0	nan	nan	nan	nan	nan	nan
222	A	0	97850	0	nan	0	0	97850	0	0	0	nan	0	0	0	0	0	0	nan	0	0	0	nan	nan	nan	nan	nan	nan
223	c	0	97850	0	nan	0	0	97850	0	0	0	nan	0	0	0	0	0	0	nan	0	0	0	nan	nan	nan	nan	nan	nan
224	c	0	97850	0	nan	0	0	97850	0	0	0	nan	0	0	0	0	0	0	nan	0	0	0	nan	nan	nan	nan	nan	nan
225	a	0	97850	0	nan	0	0	97850	0	0	0	nan	0	0	0	0	0	0	nan	0	0	0	nan	nan	nan	nan	nan	nan
226	a	0	97850	0	nan	0	0	97850	0	0	0	nan	0	0	0	0	0	0	nan	0	0	0	nan	nan	nan	nan	nan	nan
227	a	0	97850	0	nan	0	0	97850	0	0	0	nan	0	0	0	0	0	0	nan	0	0	0	nan	nan	nan	nan	nan	nan
228	c	0	97850	0	nan	0	0	97850	0	0	0	nan	0	0	0	0	0	0	nan	0	0	0	nan	nan	nan	nan	nan	nan
229	c	0	97850	0	nan	0	0	97850	0	0	0	nan	0	0	0	0	0	0	nan	0	0	0	nan	nan	nan	nan	nan	nan
230	a	0	97850	0	nan	0	0	97850	0	0	0	nan	0	0	0	0	0	0	nan	0	0	0	nan	nan	nan	nan	nan	nan
231	a	0	97850	0	nan	0	0	97850	0	0	0	nan	0	0	0	0	0	0	nan	0	0	0	nan	nan	nan	nan	nan	nan
232	a	0	97850	0	nan	0	0	97850	0	0	0	nan	0	0	0	0	0	0	nan	0	0	0	nan	nan	nan	nan	nan	nan
233	g	0	97850	0	nan	0	0	97850	0	0	0	nan	0	0	0	0	0	0	nan	0	0	0	nan	nan	nan	nan	nan	nan
234	a	0	97850	0	nan	0	0	97850	0	0	0	nan	0	0	0	0	0	0	nan	0	0	0	nan	nan	nan	nan	nan	nan
235	a	0	97848	0	nan	0	0	97848	0	0	0	nan	0	0	0	0	0	0	nan	0	0	0	nan	nan	nan	nan	nan	nan
236	a	0	97848	0	nan	0	0	97848	0	0	0	nan	0	0	0	0	0	0	nan	0	0	0	nan	nan	nan	nan	nan	nan
237	c	0	97846	0	nan	0	0	97846	0	0	0	nan	0	0	0	0	0	0	nan	0	0	0	nan	nan	nan	nan	nan	nan
238	a	0	97846	0	nan	0	0	97846	0	0	0	nan	0	0	0	0	0	0	nan	0	0	0	nan	nan	nan	nan	nan	nan
239	a	0	97814	0	nan	0	0	97814	0	0	0	nan	0	0	0	0	0	0	nan	0	0	0	nan	nan	nan	nan	nan	nan
240	c	0	97792	0	nan	0	0	97792	0	0	0	nan	0	0	0	0	0	0	nan	0	0	0	nan	nan	nan	nan	nan	nan
241	c	0	97733	0	nan	0	0	97733	0	0	0	nan	0	0	0	0	0	0	nan	0	0	0	nan	nan	nan	nan	nan	nan