Nucleotide	Sequence	Modified_mutations	Modified_read_depth	Modified_effective_depth	Modified_rate	Modified_off_target_mapped_depth	Modified_low_mapq_mapped_depth	Modified_primer_pair_1_mapped_depth	Untreated_mutations	Untreated_read_depth	Untreated_effective_depth	Untreated_rate	Untreated_off_target_mapped_depth	Untreated_low_mapq_mapped_depth	Untreated_primer_pair_1_mapped_depth	Denatured_mutations	Denatured_read_depth	Denatured_effective_depth	Denatured_rate	Denatured_off_target_mapped_depth	Denatured_low_mapq_mapped_depth	Denatured_primer_pair_1_mapped_depth	Reactivity_profile	Std_err	HQ_profile	HQ_stderr	Norm_profile	Norm_stderr
1	g	0	4968939	0	nan	7	415	4968939	0	0	0	nan	0	0	0	0	0	0	nan	0	0	0	nan	nan	nan	nan	nan	nan
2	g	0	5064074	0	nan	7	417	5064074	0	0	0	nan	0	0	0	0	0	0	nan	0	0	0	nan	nan	nan	nan	nan	nan
3	u	0	5100835	0	nan	7	423	5100835	0	0	0	nan	0	0	0	0	0	0	nan	0	0	0	nan	nan	nan	nan	nan	nan
4	g	0	5110050	0	nan	7	431	5110050	0	0	0	nan	0	0	0	0	0	0	nan	0	0	0	nan	nan	nan	nan	nan	nan
5	u	0	5116303	0	nan	7	435	5116303	0	0	0	nan	0	0	0	0	0	0	nan	0	0	0	nan	nan	nan	nan	nan	nan
6	a	0	5123238	0	nan	7	441	5123238	0	0	0	nan	0	0	0	0	0	0	nan	0	0	0	nan	nan	nan	nan	nan	nan
7	a	0	5126479	0	nan	7	444	5126479	0	0	0	nan	0	0	0	0	0	0	nan	0	0	0	nan	nan	nan	nan	nan	nan
8	g	0	5128155	0	nan	7	444	5128155	0	0	0	nan	0	0	0	0	0	0	nan	0	0	0	nan	nan	nan	nan	nan	nan
9	g	0	5130428	0	nan	7	449	5130428	0	0	0	nan	0	0	0	0	0	0	nan	0	0	0	nan	nan	nan	nan	nan	nan
10	g	0	5133750	0	nan	7	450	5133750	0	0	0	nan	0	0	0	0	0	0	nan	0	0	0	nan	nan	nan	nan	nan	nan
11	u	0	5139573	0	nan	7	450	5139573	0	0	0	nan	0	0	0	0	0	0	nan	0	0	0	nan	nan	nan	nan	nan	nan
12	g	0	5153660	0	nan	143	452	5153660	0	0	0	nan	0	0	0	0	0	0	nan	0	0	0	nan	nan	nan	nan	nan	nan
13	a	0	5171374	0	nan	154	452	5171374	0	0	0	nan	0	0	0	0	0	0	nan	0	0	0	nan	nan	nan	nan	nan	nan
14	a	0	5191711	0	nan	194	454	5191711	0	0	0	nan	0	0	0	0	0	0	nan	0	0	0	nan	nan	nan	nan	nan	nan
15	g	0	5210852	0	nan	851	454	5210852	0	0	0	nan	0	0	0	0	0	0	nan	0	0	0	nan	nan	nan	nan	nan	nan
16	u	0	5227033	0	nan	856	454	5227033	0	0	0	nan	0	0	0	0	0	0	nan	0	0	0	nan	nan	nan	nan	nan	nan
17	g	0	5234147	0	nan	860	458	5234147	0	0	0	nan	0	0	0	0	0	0	nan	0	0	0	nan	nan	nan	nan	nan	nan
18	u	0	5238350	0	nan	866	470	5238350	0	0	0	nan	0	0	0	0	0	0	nan	0	0	0	nan	nan	nan	nan	nan	nan
19	a	0	5241485	0	nan	866	486	5241485	0	0	0	nan	0	0	0	0	0	0	nan	0	0	0	nan	nan	nan	nan	nan	nan
20	A	0	5243208	439	0.000000	866	486	5243208	0	0	0	nan	0	0	0	0	0	0	nan	0	0	0	0.000000	0.000000	nan	nan	nan	nan
21	G	0	5244397	633	0.000000	866	486	5244397	0	0	0	nan	0	0	0	0	0	0	nan	0	0	0	0.000000	0.000000	nan	nan	nan	nan
22	G	0	5246303	1267	0.000000	866	486	5246303	0	0	0	nan	0	0	0	0	0	0	nan	0	0	0	0.000000	0.000000	nan	nan	nan	nan
23	U	0	5249416	4470961	0.000000	866	486	5249416	0	0	0	nan	0	0	0	0	0	0	nan	0	0	0	0.000000	0.000000	0.000000	0.000000	0.000000	0.000000
24	U	9030	5251648	4537601	0.001990	866	486	5251648	0	0	0	nan	0	0	0	0	0	0	nan	0	0	0	0.001990	0.000021	0.001990	0.000021	0.463978	0.004896
25	G	4372	5259307	4587094	0.000953	866	486	5259307	0	0	0	nan	0	0	0	0	0	0	nan	0	0	0	0.000953	0.000014	0.000953	0.000014	0.421961	0.006199
26	A	151848	5272522	4722929	0.032151	866	486	5272413	0	0	0	nan	0	0	0	0	0	0	nan	0	0	0	0.032151	0.000083	0.032151	0.000083	1.066032	0.002752
27	A	159609	5277031	4549393	0.035084	866	486	5276869	0	0	0	nan	0	0	0	0	0	0	nan	0	0	0	0.035084	0.000088	0.035084	0.000088	1.163282	0.002918
28	C	159625	5279105	4384778	0.036404	866	486	5278904	0	0	0	nan	0	0	0	0	0	0	nan	0	0	0	0.036404	0.000091	0.036404	0.000091	1.127120	0.002817
29	U	12122	5282203	4357139	0.002782	866	486	5281989	0	0	0	nan	0	0	0	0	0	0	nan	0	0	0	0.002782	0.000025	0.002782	0.000025	0.648636	0.005829
30	U	5128	5286022	4382646	0.001170	866	486	5285791	0	0	0	nan	0	0	0	0	0	0	nan	0	0	0	0.001170	0.000016	0.001170	0.000016	0.272791	0.003730
31	U	4234	5290378	4309829	0.000982	866	486	5290105	0	0	0	nan	0	0	0	0	0	0	nan	0	0	0	0.000982	0.000015	0.000982	0.000015	0.228958	0.003497
32	U	23491	5294629	4374828	0.005370	866	486	5294324	0	0	0	nan	0	0	0	0	0	0	nan	0	0	0	0.005370	0.000035	0.005370	0.000035	1.252040	0.008160
33	G	3282	5339325	4474836	0.000733	866	487	5338986	0	0	0	nan	0	0	0	0	0	0	nan	0	0	0	0.000733	0.000013	0.000733	0.000013	0.324552	0.005756
34	A	100750	5375007	4939371	0.020397	867	487	5374692	0	0	0	nan	0	0	0	0	0	0	nan	0	0	0	0.020397	0.000064	0.020397	0.000064	0.676304	0.002122
35	A	96744	5391136	4987342	0.019398	867	487	5390827	0	0	0	nan	0	0	0	0	0	0	nan	0	0	0	0.019398	0.000062	0.019398	0.000062	0.643180	0.002056
36	U	3112	5395196	4976340	0.000625	868	487	5394883	0	0	0	nan	0	0	0	0	0	0	nan	0	0	0	0.000625	0.000011	0.000625	0.000011	0.145722	0.002565
37	A	206294	5398353	4744792	0.043478	868	487	5398018	0	0	0	nan	0	0	0	0	0	0	nan	0	0	0	0.043478	0.000096	0.043478	0.000096	1.441602	0.003183
38	G	6901	5399965	4633162	0.001489	882	487	5399623	0	0	0	nan	0	0	0	0	0	0	nan	0	0	0	0.001489	0.000018	0.001489	0.000018	0.659287	0.007970
39	U	5869	5401599	4568596	0.001285	882	487	5401243	0	0	0	nan	0	0	0	0	0	0	nan	0	0	0	0.001285	0.000017	0.001285	0.000017	0.299604	0.003964
40	G	7766	5403689	4646791	0.001671	883	487	5403318	0	0	0	nan	0	0	0	0	0	0	nan	0	0	0	0.001671	0.000019	0.001671	0.000019	0.739872	0.008413
41	A	111655	5411497	4616729	0.024185	883	487	5411122	0	0	0	nan	0	0	0	0	0	0	nan	0	0	0	0.024185	0.000072	0.024185	0.000072	0.801903	0.002387
42	U	16883	5413981	4532230	0.003725	883	487	5413600	0	0	0	nan	0	0	0	0	0	0	nan	0	0	0	0.003725	0.000029	0.003725	0.000029	0.868501	0.006761
43	U	6417	5419144	4491214	0.001429	887	487	5418737	0	0	0	nan	0	0	0	0	0	0	nan	0	0	0	0.001429	0.000018	0.001429	0.000018	0.333178	0.004197
44	C	89776	5429791	4493162	0.019981	881	487	5429340	0	0	0	nan	0	0	0	0	0	0	nan	0	0	0	0.019981	0.000067	0.019981	0.000067	0.618640	0.002074
45	A	98996	5438908	4527016	0.021868	879	487	5438430	0	0	0	nan	0	0	0	0	0	0	nan	0	0	0	0.021868	0.000070	0.021868	0.000070	0.725078	0.002321
46	G	6057	5445691	4423066	0.001369	880	487	5445214	0	0	0	nan	0	0	0	0	0	0	nan	0	0	0	0.001369	0.000018	0.001369	0.000018	0.606155	0.007970
47	G	11518	5460295	4533751	0.002541	878	487	5459818	0	0	0	nan	0	0	0	0	0	0	nan	0	0	0	0.002541	0.000024	0.002541	0.000024	1.125083	0.010627
48	A	101065	5481663	4398958	0.022975	874	487	5481181	0	0	0	nan	0	0	0	0	0	0	nan	0	0	0	0.022975	0.000072	0.022975	0.000072	0.761783	0.002387
49	G	33100	5488117	4501624	0.007353	872	487	5487678	0	0	0	nan	0	0	0	0	0	0	nan	0	0	0	0.007353	0.000040	0.007353	0.000040	3.255701	0.017711
50	G	5870	5506227	4314485	0.001361	869	487	5505858	0	0	0	nan	0	0	0	0	0	0	nan	0	0	0	0.001361	0.000018	0.001361	0.000018	0.602612	0.007970
51	U	19102	5514535	4454103	0.004289	869	487	5514214	0	0	0	nan	0	0	0	0	0	0	nan	0	0	0	0.004289	0.000031	0.004289	0.000031	1.000000	0.007228
52	U	15446	5529111	4468763	0.003456	869	487	5528855	0	0	0	nan	0	0	0	0	0	0	nan	0	0	0	0.003456	0.000028	0.003456	0.000028	0.805782	0.006528
53	A	78766	5541621	4776493	0.016490	869	487	5541364	0	0	0	nan	0	0	0	0	0	0	nan	0	0	0	0.016490	0.000059	0.016490	0.000059	0.546760	0.001956
54	A	91841	5555126	4864340	0.018880	868	487	5555002	0	0	0	nan	0	0	0	0	0	0	nan	0	0	0	0.018880	0.000062	0.018880	0.000062	0.626005	0.002056
55	U	16494	5557391	4703517	0.003507	868	487	5557304	0	0	0	nan	0	0	0	0	0	0	nan	0	0	0	0.003507	0.000027	0.003507	0.000027	0.817673	0.006295
56	G	8888	5560918	4497687	0.001976	866	487	5560853	0	0	0	nan	0	0	0	0	0	0	nan	0	0	0	0.001976	0.000021	0.001976	0.000021	0.874917	0.009298
57	G	0	5563969	4634600	0.000000	865	487	5563923	0	0	0	nan	0	0	0	0	0	0	nan	0	0	0	0.000000	0.000000	0.000000	0.000000	0.000000	0.000000
58	A	0	5568949	96	0.000000	863	487	5568949	0	0	0	nan	0	0	0	0	0	0	nan	0	0	0	0.000000	0.000000	nan	nan	nan	nan
59	A	0	5568833	68	0.000000	862	487	5568833	0	0	0	nan	0	0	0	0	0	0	nan	0	0	0	0.000000	0.000000	nan	nan	nan	nan
60	G	0	5568741	44	0.000000	860	487	5568741	0	0	0	nan	0	0	0	0	0	0	nan	0	0	0	0.000000	0.000000	nan	nan	nan	nan
61	u	0	5568648	0	nan	860	487	5568648	0	0	0	nan	0	0	0	0	0	0	nan	0	0	0	nan	nan	nan	nan	nan	nan
62	a	0	5568447	0	nan	852	487	5568447	0	0	0	nan	0	0	0	0	0	0	nan	0	0	0	nan	nan	nan	nan	nan	nan
63	a	0	5568334	0	nan	850	487	5568334	0	0	0	nan	0	0	0	0	0	0	nan	0	0	0	nan	nan	nan	nan	nan	nan
64	a	0	5568293	0	nan	850	487	5568293	0	0	0	nan	0	0	0	0	0	0	nan	0	0	0	nan	nan	nan	nan	nan	nan
65	g	0	5568243	0	nan	848	485	5568243	0	0	0	nan	0	0	0	0	0	0	nan	0	0	0	nan	nan	nan	nan	nan	nan
66	g	0	5568217	0	nan	848	485	5568217	0	0	0	nan	0	0	0	0	0	0	nan	0	0	0	nan	nan	nan	nan	nan	nan
67	u	0	5568196	0	nan	848	485	5568196	0	0	0	nan	0	0	0	0	0	0	nan	0	0	0	nan	nan	nan	nan	nan	nan
68	a	0	5568154	0	nan	846	485	5568154	0	0	0	nan	0	0	0	0	0	0	nan	0	0	0	nan	nan	nan	nan	nan	nan
69	a	0	5568132	0	nan	845	485	5568132	0	0	0	nan	0	0	0	0	0	0	nan	0	0	0	nan	nan	nan	nan	nan	nan
70	u	0	5568105	0	nan	842	484	5568105	0	0	0	nan	0	0	0	0	0	0	nan	0	0	0	nan	nan	nan	nan	nan	nan
71	g	0	5568011	0	nan	841	481	5568011	0	0	0	nan	0	0	0	0	0	0	nan	0	0	0	nan	nan	nan	nan	nan	nan
72	a	0	5567860	0	nan	824	481	5567860	0	0	0	nan	0	0	0	0	0	0	nan	0	0	0	nan	nan	nan	nan	nan	nan
73	a	0	5567825	0	nan	822	480	5567825	0	0	0	nan	0	0	0	0	0	0	nan	0	0	0	nan	nan	nan	nan	nan	nan
74	g	0	5567785	0	nan	821	471	5567785	0	0	0	nan	0	0	0	0	0	0	nan	0	0	0	nan	nan	nan	nan	nan	nan
75	g	0	5567729	0	nan	820	470	5567729	0	0	0	nan	0	0	0	0	0	0	nan	0	0	0	nan	nan	nan	nan	nan	nan
76	u	0	5567643	0	nan	819	469	5567643	0	0	0	nan	0	0	0	0	0	0	nan	0	0	0	nan	nan	nan	nan	nan	nan
77	g	0	5567541	0	nan	819	464	5567541	0	0	0	nan	0	0	0	0	0	0	nan	0	0	0	nan	nan	nan	nan	nan	nan
78	a	0	5567407	0	nan	803	458	5567407	0	0	0	nan	0	0	0	0	0	0	nan	0	0	0	nan	nan	nan	nan	nan	nan
79	a	0	5564286	0	nan	792	449	5564286	0	0	0	nan	0	0	0	0	0	0	nan	0	0	0	nan	nan	nan	nan	nan	nan
80	g	0	5562069	0	nan	786	426	5562069	0	0	0	nan	0	0	0	0	0	0	nan	0	0	0	nan	nan	nan	nan	nan	nan