Nucleotide	Sequence	Modified_mutations	Modified_read_depth	Modified_effective_depth	Modified_rate	Modified_off_target_mapped_depth	Modified_low_mapq_mapped_depth	Modified_primer_pair_1_mapped_depth	Untreated_mutations	Untreated_read_depth	Untreated_effective_depth	Untreated_rate	Untreated_off_target_mapped_depth	Untreated_low_mapq_mapped_depth	Untreated_primer_pair_1_mapped_depth	Denatured_mutations	Denatured_read_depth	Denatured_effective_depth	Denatured_rate	Denatured_off_target_mapped_depth	Denatured_low_mapq_mapped_depth	Denatured_primer_pair_1_mapped_depth	Reactivity_profile	Std_err	HQ_profile	HQ_stderr	Norm_profile	Norm_stderr
1	g	0	33153	0	nan	0	2	33153	0	0	0	nan	0	0	0	0	0	0	nan	0	0	0	nan	nan	nan	nan	nan	nan
2	g	0	33180	0	nan	0	2	33180	0	0	0	nan	0	0	0	0	0	0	nan	0	0	0	nan	nan	nan	nan	nan	nan
3	u	0	33200	0	nan	0	2	33200	0	0	0	nan	0	0	0	0	0	0	nan	0	0	0	nan	nan	nan	nan	nan	nan
4	g	0	33210	0	nan	0	2	33210	0	0	0	nan	0	0	0	0	0	0	nan	0	0	0	nan	nan	nan	nan	nan	nan
5	u	0	33220	0	nan	0	2	33220	0	0	0	nan	0	0	0	0	0	0	nan	0	0	0	nan	nan	nan	nan	nan	nan
6	a	0	33239	0	nan	0	2	33239	0	0	0	nan	0	0	0	0	0	0	nan	0	0	0	nan	nan	nan	nan	nan	nan
7	a	0	33256	0	nan	0	2	33256	0	0	0	nan	0	0	0	0	0	0	nan	0	0	0	nan	nan	nan	nan	nan	nan
8	g	0	33354	0	nan	0	2	33354	0	0	0	nan	0	0	0	0	0	0	nan	0	0	0	nan	nan	nan	nan	nan	nan
9	g	0	34480	0	nan	0	2	34480	0	0	0	nan	0	0	0	0	0	0	nan	0	0	0	nan	nan	nan	nan	nan	nan
10	g	0	141346	0	nan	0	2	141346	0	0	0	nan	0	0	0	0	0	0	nan	0	0	0	nan	nan	nan	nan	nan	nan
11	u	0	146967	0	nan	0	2	146967	0	0	0	nan	0	0	0	0	0	0	nan	0	0	0	nan	nan	nan	nan	nan	nan
12	g	0	147179	0	nan	0	2	147179	0	0	0	nan	0	0	0	0	0	0	nan	0	0	0	nan	nan	nan	nan	nan	nan
13	a	0	147221	0	nan	0	2	147221	0	0	0	nan	0	0	0	0	0	0	nan	0	0	0	nan	nan	nan	nan	nan	nan
14	a	0	147229	0	nan	0	2	147229	0	0	0	nan	0	0	0	0	0	0	nan	0	0	0	nan	nan	nan	nan	nan	nan
15	g	0	147249	0	nan	0	2	147249	0	0	0	nan	0	0	0	0	0	0	nan	0	0	0	nan	nan	nan	nan	nan	nan
16	u	0	147261	0	nan	0	2	147261	0	0	0	nan	0	0	0	0	0	0	nan	0	0	0	nan	nan	nan	nan	nan	nan
17	g	0	147271	0	nan	0	2	147271	0	0	0	nan	0	0	0	0	0	0	nan	0	0	0	nan	nan	nan	nan	nan	nan
18	u	0	147277	0	nan	0	2	147277	0	0	0	nan	0	0	0	0	0	0	nan	0	0	0	nan	nan	nan	nan	nan	nan
19	a	0	147336	0	nan	0	2	147336	0	0	0	nan	0	0	0	0	0	0	nan	0	0	0	nan	nan	nan	nan	nan	nan
20	A	0	147361	16	0.000000	0	2	147361	0	0	0	nan	0	0	0	0	0	0	nan	0	0	0	0.000000	0.000000	nan	nan	nan	nan
21	G	0	147422	44	0.000000	0	2	147422	0	0	0	nan	0	0	0	0	0	0	nan	0	0	0	0.000000	0.000000	nan	nan	nan	nan
22	G	0	147431	41	0.000000	0	2	147431	0	0	0	nan	0	0	0	0	0	0	nan	0	0	0	0.000000	0.000000	nan	nan	nan	nan
23	U	0	147442	145492	0.000000	0	2	147442	0	0	0	nan	0	0	0	0	0	0	nan	0	0	0	0.000000	0.000000	0.000000	0.000000	nan	nan
24	U	183	147444	145554	0.001257	0	2	147444	0	0	0	nan	0	0	0	0	0	0	nan	0	0	0	0.001257	0.000093	0.001257	0.000093	nan	nan
25	G	189	147448	144897	0.001304	0	2	147448	0	0	0	nan	0	0	0	0	0	0	nan	0	0	0	0.001304	0.000095	0.001304	0.000095	nan	nan
26	A	682	147448	142175	0.004797	0	2	147430	0	0	0	nan	0	0	0	0	0	0	nan	0	0	0	0.004797	0.000184	0.004797	0.000184	0.437922	0.016798
27	C	3108	147457	141721	0.021930	0	2	147433	0	0	0	nan	0	0	0	0	0	0	nan	0	0	0	0.021930	0.000393	0.021930	0.000393	1.875000	0.033601
28	C	191	147472	141939	0.001346	0	2	147449	0	0	0	nan	0	0	0	0	0	0	nan	0	0	0	0.001346	0.000097	0.001346	0.000097	0.115082	0.008293
29	U	100	147511	144034	0.000694	0	2	147490	0	0	0	nan	0	0	0	0	0	0	nan	0	0	0	0.000694	0.000069	0.000694	0.000069	nan	nan
30	U	139	147524	144386	0.000963	0	2	147506	0	0	0	nan	0	0	0	0	0	0	nan	0	0	0	0.000963	0.000082	0.000963	0.000082	nan	nan
31	U	163	147541	144938	0.001125	0	2	147524	0	0	0	nan	0	0	0	0	0	0	nan	0	0	0	0.001125	0.000088	0.001125	0.000088	nan	nan
32	U	126	147578	145676	0.000865	0	2	147563	0	0	0	nan	0	0	0	0	0	0	nan	0	0	0	0.000865	0.000077	0.000865	0.000077	nan	nan
33	G	106	147597	144625	0.000733	0	2	147581	0	0	0	nan	0	0	0	0	0	0	nan	0	0	0	0.000733	0.000071	0.000733	0.000071	nan	nan
34	A	893	147608	144926	0.006162	0	2	147592	0	0	0	nan	0	0	0	0	0	0	nan	0	0	0	0.006162	0.000206	0.006162	0.000206	0.562534	0.018806
35	A	858	147614	144201	0.005950	0	2	147598	0	0	0	nan	0	0	0	0	0	0	nan	0	0	0	0.005950	0.000203	0.005950	0.000203	0.543181	0.018532
36	U	94	147620	142740	0.000659	0	2	147604	0	0	0	nan	0	0	0	0	0	0	nan	0	0	0	0.000659	0.000068	0.000659	0.000068	nan	nan
37	A	12315	147631	142672	0.086317	0	2	147615	0	0	0	nan	0	0	0	0	0	0	nan	0	0	0	0.086317	0.000778	0.086317	0.000778	7.879953	0.071024
38	G	207	147649	141692	0.001461	0	2	147634	0	0	0	nan	0	0	0	0	0	0	nan	0	0	0	0.001461	0.000102	0.001461	0.000102	nan	nan
39	U	254	147656	145214	0.001749	0	2	147641	0	0	0	nan	0	0	0	0	0	0	nan	0	0	0	0.001749	0.000110	0.001749	0.000110	nan	nan
40	G	346	147666	144145	0.002400	0	2	147653	0	0	0	nan	0	0	0	0	0	0	nan	0	0	0	0.002400	0.000129	0.002400	0.000129	nan	nan
41	A	2315	147677	145161	0.015948	0	3	147666	0	0	0	nan	0	0	0	0	0	0	nan	0	0	0	0.015948	0.000331	0.015948	0.000331	1.455907	0.030217
42	U	240	147703	144691	0.001659	0	3	147695	0	0	0	nan	0	0	0	0	0	0	nan	0	0	0	0.001659	0.000107	0.001659	0.000107	nan	nan
43	U	170	147722	144855	0.001174	0	3	147717	0	0	0	nan	0	0	0	0	0	0	nan	0	0	0	0.001174	0.000090	0.001174	0.000090	nan	nan
44	C	212	147731	145004	0.001462	0	3	147726	0	0	0	nan	0	0	0	0	0	0	nan	0	0	0	0.001462	0.000100	0.001462	0.000100	0.125000	0.008550
45	A	749	147744	145617	0.005144	0	3	147740	0	0	0	nan	0	0	0	0	0	0	nan	0	0	0	0.005144	0.000188	0.005144	0.000188	0.469600	0.017163
46	G	118	147760	146111	0.000808	0	3	147756	0	0	0	nan	0	0	0	0	0	0	nan	0	0	0	0.000808	0.000074	0.000808	0.000074	nan	nan
47	G	95	147766	145785	0.000652	0	3	147763	0	0	0	nan	0	0	0	0	0	0	nan	0	0	0	0.000652	0.000067	0.000652	0.000067	nan	nan
48	A	354	147769	146043	0.002424	0	3	147766	0	0	0	nan	0	0	0	0	0	0	nan	0	0	0	0.002424	0.000129	0.002424	0.000129	0.221289	0.011777
49	G	199	147798	145173	0.001371	0	3	147796	0	0	0	nan	0	0	0	0	0	0	nan	0	0	0	0.001371	0.000097	0.001371	0.000097	nan	nan
50	G	179	147812	145005	0.001234	0	3	147810	0	0	0	nan	0	0	0	0	0	0	nan	0	0	0	0.001234	0.000092	0.001234	0.000092	nan	nan
51	U	101	147814	145672	0.000693	0	3	147814	0	0	0	nan	0	0	0	0	0	0	nan	0	0	0	0.000693	0.000069	0.000693	0.000069	nan	nan
52	U	121	147816	145332	0.000833	0	3	147816	0	0	0	nan	0	0	0	0	0	0	nan	0	0	0	0.000833	0.000076	0.000833	0.000076	nan	nan
53	A	1468	147818	145762	0.010071	0	3	147818	0	0	0	nan	0	0	0	0	0	0	nan	0	0	0	0.010071	0.000263	0.010071	0.000263	0.919390	0.024009
54	A	1596	147810	145703	0.010954	0	3	147809	0	0	0	nan	0	0	0	0	0	0	nan	0	0	0	0.010954	0.000274	0.010954	0.000274	1.000000	0.025014
55	U	244	147811	146022	0.001671	0	3	147810	0	0	0	nan	0	0	0	0	0	0	nan	0	0	0	0.001671	0.000107	0.001671	0.000107	nan	nan
56	G	210	147814	145723	0.001441	0	3	147813	0	0	0	nan	0	0	0	0	0	0	nan	0	0	0	0.001441	0.000099	0.001441	0.000099	nan	nan
57	G	0	147816	144746	0.000000	0	3	147815	0	0	0	nan	0	0	0	0	0	0	nan	0	0	0	0.000000	0.000000	0.000000	0.000000	nan	nan
58	A	0	147816	0	nan	0	3	147816	0	0	0	nan	0	0	0	0	0	0	nan	0	0	0	nan	nan	nan	nan	nan	nan
59	A	0	147816	0	nan	0	3	147816	0	0	0	nan	0	0	0	0	0	0	nan	0	0	0	nan	nan	nan	nan	nan	nan
60	G	0	147816	0	nan	0	3	147816	0	0	0	nan	0	0	0	0	0	0	nan	0	0	0	nan	nan	nan	nan	nan	nan
61	u	0	147816	0	nan	0	3	147816	0	0	0	nan	0	0	0	0	0	0	nan	0	0	0	nan	nan	nan	nan	nan	nan
62	a	0	147816	0	nan	0	3	147816	0	0	0	nan	0	0	0	0	0	0	nan	0	0	0	nan	nan	nan	nan	nan	nan
63	a	0	147816	0	nan	0	3	147816	0	0	0	nan	0	0	0	0	0	0	nan	0	0	0	nan	nan	nan	nan	nan	nan
64	a	0	147816	0	nan	0	3	147816	0	0	0	nan	0	0	0	0	0	0	nan	0	0	0	nan	nan	nan	nan	nan	nan
65	g	0	147816	0	nan	0	3	147816	0	0	0	nan	0	0	0	0	0	0	nan	0	0	0	nan	nan	nan	nan	nan	nan
66	g	0	147816	0	nan	0	3	147816	0	0	0	nan	0	0	0	0	0	0	nan	0	0	0	nan	nan	nan	nan	nan	nan
67	u	0	147816	0	nan	0	3	147816	0	0	0	nan	0	0	0	0	0	0	nan	0	0	0	nan	nan	nan	nan	nan	nan
68	a	0	147816	0	nan	0	3	147816	0	0	0	nan	0	0	0	0	0	0	nan	0	0	0	nan	nan	nan	nan	nan	nan
69	a	0	147816	0	nan	0	3	147816	0	0	0	nan	0	0	0	0	0	0	nan	0	0	0	nan	nan	nan	nan	nan	nan
70	u	0	147816	0	nan	0	3	147816	0	0	0	nan	0	0	0	0	0	0	nan	0	0	0	nan	nan	nan	nan	nan	nan
71	g	0	147816	0	nan	0	3	147816	0	0	0	nan	0	0	0	0	0	0	nan	0	0	0	nan	nan	nan	nan	nan	nan
72	a	0	147816	0	nan	0	3	147816	0	0	0	nan	0	0	0	0	0	0	nan	0	0	0	nan	nan	nan	nan	nan	nan
73	a	0	147815	0	nan	0	3	147815	0	0	0	nan	0	0	0	0	0	0	nan	0	0	0	nan	nan	nan	nan	nan	nan
74	g	0	147815	0	nan	0	3	147815	0	0	0	nan	0	0	0	0	0	0	nan	0	0	0	nan	nan	nan	nan	nan	nan
75	g	0	147815	0	nan	0	3	147815	0	0	0	nan	0	0	0	0	0	0	nan	0	0	0	nan	nan	nan	nan	nan	nan
76	u	0	147813	0	nan	0	3	147813	0	0	0	nan	0	0	0	0	0	0	nan	0	0	0	nan	nan	nan	nan	nan	nan
77	g	0	147808	0	nan	0	3	147808	0	0	0	nan	0	0	0	0	0	0	nan	0	0	0	nan	nan	nan	nan	nan	nan
78	a	0	147807	0	nan	0	3	147807	0	0	0	nan	0	0	0	0	0	0	nan	0	0	0	nan	nan	nan	nan	nan	nan
79	a	0	147770	0	nan	0	3	147770	0	0	0	nan	0	0	0	0	0	0	nan	0	0	0	nan	nan	nan	nan	nan	nan
80	g	0	147709	0	nan	0	3	147709	0	0	0	nan	0	0	0	0	0	0	nan	0	0	0	nan	nan	nan	nan	nan	nan