Nucleotide	Sequence	Modified_mutations	Modified_read_depth	Modified_effective_depth	Modified_rate	Modified_off_target_mapped_depth	Modified_low_mapq_mapped_depth	Modified_primer_pair_1_mapped_depth	Untreated_mutations	Untreated_read_depth	Untreated_effective_depth	Untreated_rate	Untreated_off_target_mapped_depth	Untreated_low_mapq_mapped_depth	Untreated_primer_pair_1_mapped_depth	Denatured_mutations	Denatured_read_depth	Denatured_effective_depth	Denatured_rate	Denatured_off_target_mapped_depth	Denatured_low_mapq_mapped_depth	Denatured_primer_pair_1_mapped_depth	Reactivity_profile	Std_err	HQ_profile	HQ_stderr	Norm_profile	Norm_stderr
1	g	0	1019991	0	nan	0	31	1019991	0	0	0	nan	0	0	0	0	0	0	nan	0	0	0	nan	nan	nan	nan	nan	nan
2	g	0	1020623	0	nan	0	31	1020623	0	0	0	nan	0	0	0	0	0	0	nan	0	0	0	nan	nan	nan	nan	nan	nan
3	u	0	1020942	0	nan	0	31	1020942	0	0	0	nan	0	0	0	0	0	0	nan	0	0	0	nan	nan	nan	nan	nan	nan
4	g	0	1021084	0	nan	0	31	1021084	0	0	0	nan	0	0	0	0	0	0	nan	0	0	0	nan	nan	nan	nan	nan	nan
5	u	0	1021261	0	nan	0	31	1021261	0	0	0	nan	0	0	0	0	0	0	nan	0	0	0	nan	nan	nan	nan	nan	nan
6	a	0	1021279	0	nan	0	31	1021279	0	0	0	nan	0	0	0	0	0	0	nan	0	0	0	nan	nan	nan	nan	nan	nan
7	a	0	1021296	0	nan	0	31	1021296	0	0	0	nan	0	0	0	0	0	0	nan	0	0	0	nan	nan	nan	nan	nan	nan
8	g	0	1021369	0	nan	0	31	1021369	0	0	0	nan	0	0	0	0	0	0	nan	0	0	0	nan	nan	nan	nan	nan	nan
9	g	0	1022529	0	nan	0	31	1022529	0	0	0	nan	0	0	0	0	0	0	nan	0	0	0	nan	nan	nan	nan	nan	nan
10	g	0	1218416	0	nan	2	31	1218416	0	0	0	nan	0	0	0	0	0	0	nan	0	0	0	nan	nan	nan	nan	nan	nan
11	u	0	1220010	0	nan	2	31	1220010	0	0	0	nan	0	0	0	0	0	0	nan	0	0	0	nan	nan	nan	nan	nan	nan
12	g	0	1221015	0	nan	3	31	1221015	0	0	0	nan	0	0	0	0	0	0	nan	0	0	0	nan	nan	nan	nan	nan	nan
13	a	0	1221110	0	nan	4	31	1221110	0	0	0	nan	0	0	0	0	0	0	nan	0	0	0	nan	nan	nan	nan	nan	nan
14	a	0	1221115	0	nan	4	31	1221115	0	0	0	nan	0	0	0	0	0	0	nan	0	0	0	nan	nan	nan	nan	nan	nan
15	g	0	1221120	0	nan	10	31	1221120	0	0	0	nan	0	0	0	0	0	0	nan	0	0	0	nan	nan	nan	nan	nan	nan
16	u	0	1221172	0	nan	10	31	1221172	0	0	0	nan	0	0	0	0	0	0	nan	0	0	0	nan	nan	nan	nan	nan	nan
17	g	0	1221248	0	nan	10	31	1221248	0	0	0	nan	0	0	0	0	0	0	nan	0	0	0	nan	nan	nan	nan	nan	nan
18	u	0	1221469	0	nan	10	31	1221469	0	0	0	nan	0	0	0	0	0	0	nan	0	0	0	nan	nan	nan	nan	nan	nan
19	a	0	1221849	0	nan	10	31	1221849	0	0	0	nan	0	0	0	0	0	0	nan	0	0	0	nan	nan	nan	nan	nan	nan
20	A	0	1222520	653	0.000000	10	31	1222520	0	0	0	nan	0	0	0	0	0	0	nan	0	0	0	0.000000	0.000000	nan	nan	nan	nan
21	G	0	1223178	1274	0.000000	10	31	1223178	0	0	0	nan	0	0	0	0	0	0	nan	0	0	0	0.000000	0.000000	nan	nan	nan	nan
22	G	0	1223713	1771	0.000000	11	31	1223713	0	0	0	nan	0	0	0	0	0	0	nan	0	0	0	0.000000	0.000000	nan	nan	nan	nan
23	U	0	1223791	1221104	0.000000	12	31	1223791	0	0	0	nan	0	0	0	0	0	0	nan	0	0	0	0.000000	0.000000	0.000000	0.000000	nan	nan
24	U	1260	1223799	1221039	0.001032	12	31	1223799	0	0	0	nan	0	0	0	0	0	0	nan	0	0	0	0.001032	0.000029	0.001032	0.000029	nan	nan
25	G	1484	1223801	1220724	0.001216	12	31	1223801	0	0	0	nan	0	0	0	0	0	0	nan	0	0	0	0.001216	0.000032	0.001216	0.000032	nan	nan
26	A	1564	1223802	1211560	0.001291	12	31	1223802	0	0	0	nan	0	0	0	0	0	0	nan	0	0	0	0.001291	0.000033	0.001291	0.000033	0.437479	0.011183
27	A	4650	1223804	1210770	0.003841	12	31	1223803	0	0	0	nan	0	0	0	0	0	0	nan	0	0	0	0.003841	0.000056	0.003841	0.000056	1.301593	0.018977
28	C	1474	1223814	1209283	0.001219	12	31	1223812	0	0	0	nan	0	0	0	0	0	0	nan	0	0	0	0.001219	0.000032	0.001219	0.000032	nan	nan
29	U	1149	1223824	1217725	0.000944	12	31	1223822	0	0	0	nan	0	0	0	0	0	0	nan	0	0	0	0.000944	0.000028	0.000944	0.000028	nan	nan
30	U	1296	1223862	1218135	0.001064	12	31	1223857	0	0	0	nan	0	0	0	0	0	0	nan	0	0	0	0.001064	0.000030	0.001064	0.000030	nan	nan
31	U	1725	1223899	1220027	0.001414	12	31	1223894	0	0	0	nan	0	0	0	0	0	0	nan	0	0	0	0.001414	0.000034	0.001414	0.000034	nan	nan
32	U	1047	1223967	1221464	0.000857	12	31	1223960	0	0	0	nan	0	0	0	0	0	0	nan	0	0	0	0.000857	0.000026	0.000857	0.000026	nan	nan
33	G	1797	1224169	1221285	0.001471	12	31	1224156	0	0	0	nan	0	0	0	0	0	0	nan	0	0	0	0.001471	0.000035	0.001471	0.000035	nan	nan
34	A	894	1224286	1222094	0.000732	12	31	1224272	0	0	0	nan	0	0	0	0	0	0	nan	0	0	0	0.000732	0.000024	0.000732	0.000024	0.248052	0.008133
35	A	838	1224289	1221176	0.000686	12	31	1224274	0	0	0	nan	0	0	0	0	0	0	nan	0	0	0	0.000686	0.000024	0.000686	0.000024	0.232464	0.008133
36	U	846	1224290	1220619	0.000693	12	31	1224275	0	0	0	nan	0	0	0	0	0	0	nan	0	0	0	0.000693	0.000024	0.000693	0.000024	nan	nan
37	A	6829	1224293	1220867	0.005594	12	31	1224277	0	0	0	nan	0	0	0	0	0	0	nan	0	0	0	0.005594	0.000068	0.005594	0.000068	1.895629	0.023043
38	G	1109	1224304	1219269	0.000910	12	32	1224290	0	0	0	nan	0	0	0	0	0	0	nan	0	0	0	0.000910	0.000027	0.000910	0.000027	nan	nan
39	U	1392	1224307	1221707	0.001139	12	32	1224290	0	0	0	nan	0	0	0	0	0	0	nan	0	0	0	0.001139	0.000031	0.001139	0.000031	nan	nan
40	G	2358	1224319	1220126	0.001933	12	32	1224304	0	0	0	nan	0	0	0	0	0	0	nan	0	0	0	0.001933	0.000040	0.001933	0.000040	nan	nan
41	A	2516	1224329	1220541	0.002061	13	32	1224314	0	0	0	nan	0	0	0	0	0	0	nan	0	0	0	0.002061	0.000041	0.002061	0.000041	0.698407	0.013894
42	U	1966	1224342	1219298	0.001612	13	32	1224329	0	0	0	nan	0	0	0	0	0	0	nan	0	0	0	0.001612	0.000036	0.001612	0.000036	nan	nan
43	U	1619	1224356	1219701	0.001327	13	32	1224344	0	0	0	nan	0	0	0	0	0	0	nan	0	0	0	0.001327	0.000033	0.001327	0.000033	nan	nan
44	C	2106	1224373	1220269	0.001726	13	32	1224361	0	0	0	nan	0	0	0	0	0	0	nan	0	0	0	0.001726	0.000038	0.001726	0.000038	nan	nan
45	A	1254	1224393	1221601	0.001027	13	33	1224379	0	0	0	nan	0	0	0	0	0	0	nan	0	0	0	0.001027	0.000029	0.001027	0.000029	0.348018	0.009827
46	G	1746	1224454	1221386	0.001430	13	33	1224442	0	0	0	nan	0	0	0	0	0	0	nan	0	0	0	0.001430	0.000034	0.001430	0.000034	nan	nan
47	G	1533	1224469	1221926	0.001255	13	33	1224457	0	0	0	nan	0	0	0	0	0	0	nan	0	0	0	0.001255	0.000032	0.001255	0.000032	nan	nan
48	A	785	1224473	1222405	0.000642	13	33	1224462	0	0	0	nan	0	0	0	0	0	0	nan	0	0	0	0.000642	0.000023	0.000642	0.000023	0.217553	0.007794
49	G	956	1224506	1221749	0.000782	13	33	1224500	0	0	0	nan	0	0	0	0	0	0	nan	0	0	0	0.000782	0.000025	0.000782	0.000025	nan	nan
50	G	1102	1224519	1221477	0.000902	13	33	1224513	0	0	0	nan	0	0	0	0	0	0	nan	0	0	0	0.000902	0.000027	0.000902	0.000027	nan	nan
51	U	1283	1224523	1221231	0.001051	13	33	1224518	0	0	0	nan	0	0	0	0	0	0	nan	0	0	0	0.001051	0.000029	0.001051	0.000029	nan	nan
52	U	1510	1224535	1220831	0.001237	13	33	1224531	0	0	0	nan	0	0	0	0	0	0	nan	0	0	0	0.001237	0.000032	0.001237	0.000032	nan	nan
53	A	1664	1224531	1220589	0.001363	13	33	1224527	0	0	0	nan	0	0	0	0	0	0	nan	0	0	0	0.001363	0.000033	0.001363	0.000033	0.461877	0.011183
54	A	1525	1223667	1218709	0.001251	13	33	1223660	0	0	0	nan	0	0	0	0	0	0	nan	0	0	0	0.001251	0.000032	0.001251	0.000032	0.423924	0.010844
55	U	3966	1223666	1218210	0.003256	13	33	1223659	0	0	0	nan	0	0	0	0	0	0	nan	0	0	0	0.003256	0.000052	0.003256	0.000052	nan	nan
56	G	1806	1223668	1218802	0.001482	12	33	1223663	0	0	0	nan	0	0	0	0	0	0	nan	0	0	0	0.001482	0.000035	0.001482	0.000035	nan	nan
57	G	0	1223672	1219411	0.000000	12	33	1223669	0	0	0	nan	0	0	0	0	0	0	nan	0	0	0	0.000000	0.000000	0.000000	0.000000	nan	nan
58	A	0	1223672	0	nan	12	33	1223672	0	0	0	nan	0	0	0	0	0	0	nan	0	0	0	nan	nan	nan	nan	nan	nan
59	A	0	1223672	0	nan	12	33	1223672	0	0	0	nan	0	0	0	0	0	0	nan	0	0	0	nan	nan	nan	nan	nan	nan
60	G	0	1223672	0	nan	12	33	1223672	0	0	0	nan	0	0	0	0	0	0	nan	0	0	0	nan	nan	nan	nan	nan	nan
61	u	0	1223672	0	nan	12	33	1223672	0	0	0	nan	0	0	0	0	0	0	nan	0	0	0	nan	nan	nan	nan	nan	nan
62	a	0	1223672	0	nan	11	33	1223672	0	0	0	nan	0	0	0	0	0	0	nan	0	0	0	nan	nan	nan	nan	nan	nan
63	a	0	1223672	0	nan	11	33	1223672	0	0	0	nan	0	0	0	0	0	0	nan	0	0	0	nan	nan	nan	nan	nan	nan
64	a	0	1223672	0	nan	11	33	1223672	0	0	0	nan	0	0	0	0	0	0	nan	0	0	0	nan	nan	nan	nan	nan	nan
65	g	0	1223672	0	nan	11	33	1223672	0	0	0	nan	0	0	0	0	0	0	nan	0	0	0	nan	nan	nan	nan	nan	nan
66	g	0	1223672	0	nan	11	33	1223672	0	0	0	nan	0	0	0	0	0	0	nan	0	0	0	nan	nan	nan	nan	nan	nan
67	u	0	1223672	0	nan	11	33	1223672	0	0	0	nan	0	0	0	0	0	0	nan	0	0	0	nan	nan	nan	nan	nan	nan
68	a	0	1223672	0	nan	11	33	1223672	0	0	0	nan	0	0	0	0	0	0	nan	0	0	0	nan	nan	nan	nan	nan	nan
69	a	0	1223672	0	nan	11	33	1223672	0	0	0	nan	0	0	0	0	0	0	nan	0	0	0	nan	nan	nan	nan	nan	nan
70	u	0	1223672	0	nan	10	33	1223672	0	0	0	nan	0	0	0	0	0	0	nan	0	0	0	nan	nan	nan	nan	nan	nan
71	g	0	1223669	0	nan	10	33	1223669	0	0	0	nan	0	0	0	0	0	0	nan	0	0	0	nan	nan	nan	nan	nan	nan
72	a	0	1223659	0	nan	10	33	1223659	0	0	0	nan	0	0	0	0	0	0	nan	0	0	0	nan	nan	nan	nan	nan	nan
73	a	0	1223657	0	nan	10	33	1223657	0	0	0	nan	0	0	0	0	0	0	nan	0	0	0	nan	nan	nan	nan	nan	nan
74	g	0	1223651	0	nan	10	33	1223651	0	0	0	nan	0	0	0	0	0	0	nan	0	0	0	nan	nan	nan	nan	nan	nan
75	g	0	1223640	0	nan	10	33	1223640	0	0	0	nan	0	0	0	0	0	0	nan	0	0	0	nan	nan	nan	nan	nan	nan
76	u	0	1223622	0	nan	10	33	1223622	0	0	0	nan	0	0	0	0	0	0	nan	0	0	0	nan	nan	nan	nan	nan	nan
77	g	0	1223605	0	nan	10	33	1223605	0	0	0	nan	0	0	0	0	0	0	nan	0	0	0	nan	nan	nan	nan	nan	nan
78	a	0	1223548	0	nan	10	33	1223548	0	0	0	nan	0	0	0	0	0	0	nan	0	0	0	nan	nan	nan	nan	nan	nan
79	a	0	1223301	0	nan	10	32	1223301	0	0	0	nan	0	0	0	0	0	0	nan	0	0	0	nan	nan	nan	nan	nan	nan
80	g	0	1222590	0	nan	10	32	1222590	0	0	0	nan	0	0	0	0	0	0	nan	0	0	0	nan	nan	nan	nan	nan	nan