Nucleotide	Sequence	Modified_mutations	Modified_read_depth	Modified_effective_depth	Modified_rate	Modified_off_target_mapped_depth	Modified_low_mapq_mapped_depth	Modified_primer_pair_1_mapped_depth	Untreated_mutations	Untreated_read_depth	Untreated_effective_depth	Untreated_rate	Untreated_off_target_mapped_depth	Untreated_low_mapq_mapped_depth	Untreated_primer_pair_1_mapped_depth	Denatured_mutations	Denatured_read_depth	Denatured_effective_depth	Denatured_rate	Denatured_off_target_mapped_depth	Denatured_low_mapq_mapped_depth	Denatured_primer_pair_1_mapped_depth	Reactivity_profile	Std_err	HQ_profile	HQ_stderr	Norm_profile	Norm_stderr
1	g	0	212495	0	nan	27	0	212495	0	0	0	nan	0	0	0	0	0	0	nan	0	0	0	nan	nan	nan	nan	nan	nan
2	g	0	212909	0	nan	27	0	212909	0	0	0	nan	0	0	0	0	0	0	nan	0	0	0	nan	nan	nan	nan	nan	nan
3	c	0	213039	0	nan	27	0	213039	0	0	0	nan	0	0	0	0	0	0	nan	0	0	0	nan	nan	nan	nan	nan	nan
4	a	0	217284	0	nan	47	0	217284	0	0	0	nan	0	0	0	0	0	0	nan	0	0	0	nan	nan	nan	nan	nan	nan
5	c	0	217399	0	nan	47	0	217399	0	0	0	nan	0	0	0	0	0	0	nan	0	0	0	nan	nan	nan	nan	nan	nan
6	c	0	217430	0	nan	47	0	217430	0	0	0	nan	0	0	0	0	0	0	nan	0	0	0	nan	nan	nan	nan	nan	nan
7	u	0	217432	0	nan	47	0	217432	0	0	0	nan	0	0	0	0	0	0	nan	0	0	0	nan	nan	nan	nan	nan	nan
8	c	0	217432	0	nan	47	0	217432	0	0	0	nan	0	0	0	0	0	0	nan	0	0	0	nan	nan	nan	nan	nan	nan
9	a	0	217432	0	nan	47	0	217432	0	0	0	nan	0	0	0	0	0	0	nan	0	0	0	nan	nan	nan	nan	nan	nan
10	u	0	217506	0	nan	47	0	217506	0	0	0	nan	0	0	0	0	0	0	nan	0	0	0	nan	nan	nan	nan	nan	nan
11	a	0	217558	0	nan	47	0	217558	0	0	0	nan	0	0	0	0	0	0	nan	0	0	0	nan	nan	nan	nan	nan	nan
12	a	0	217564	0	nan	47	0	217564	0	0	0	nan	0	0	0	0	0	0	nan	0	0	0	nan	nan	nan	nan	nan	nan
13	c	0	217568	0	nan	47	0	217568	0	0	0	nan	0	0	0	0	0	0	nan	0	0	0	nan	nan	nan	nan	nan	nan
14	a	0	217571	0	nan	47	0	217571	0	0	0	nan	0	0	0	0	0	0	nan	0	0	0	nan	nan	nan	nan	nan	nan
15	u	0	217571	0	nan	47	0	217571	0	0	0	nan	0	0	0	0	0	0	nan	0	0	0	nan	nan	nan	nan	nan	nan
16	a	0	217576	0	nan	47	0	217576	0	0	0	nan	0	0	0	0	0	0	nan	0	0	0	nan	nan	nan	nan	nan	nan
17	a	0	217576	0	nan	47	0	217576	0	0	0	nan	0	0	0	0	0	0	nan	0	0	0	nan	nan	nan	nan	nan	nan
18	c	0	217585	0	nan	47	0	217585	0	0	0	nan	0	0	0	0	0	0	nan	0	0	0	nan	nan	nan	nan	nan	nan
19	U	0	217587	1	0.000000	47	0	217587	0	0	0	nan	0	0	0	0	0	0	nan	0	0	0	0.000000	0.000000	nan	nan	nan	nan
20	A	0	217603	12	0.000000	47	0	217603	0	0	0	nan	0	0	0	0	0	0	nan	0	0	0	0.000000	0.000000	nan	nan	nan	nan
21	A	0	217613	19	0.000000	47	0	217613	0	0	0	nan	0	0	0	0	0	0	nan	0	0	0	0.000000	0.000000	nan	nan	nan	nan
22	G	0	217616	215811	0.000000	47	0	217616	0	0	0	nan	0	0	0	0	0	0	nan	0	0	0	0.000000	0.000000	0.000000	0.000000	nan	nan
23	G	183	217617	214316	0.000854	47	0	217617	0	0	0	nan	0	0	0	0	0	0	nan	0	0	0	0.000854	0.000063	0.000854	0.000063	nan	nan
24	C	5306	217617	215136	0.024663	47	0	217617	0	0	0	nan	0	0	0	0	0	0	nan	0	0	0	0.024663	0.000339	0.024663	0.000339	0.903249	0.012415
25	A	3881	217632	215629	0.017999	47	0	217632	0	0	0	nan	0	0	0	0	0	0	nan	0	0	0	0.017999	0.000289	0.017999	0.000289	1.000000	0.016056
26	G	197	217642	215645	0.000914	47	0	217642	0	0	0	nan	0	0	0	0	0	0	nan	0	0	0	0.000914	0.000065	0.000914	0.000065	nan	nan
27	A	3211	217650	216187	0.014853	47	0	217649	0	0	0	nan	0	0	0	0	0	0	nan	0	0	0	0.014853	0.000262	0.014853	0.000262	0.825213	0.014556
28	U	473	217659	215686	0.002193	47	0	217657	0	0	0	nan	0	0	0	0	0	0	nan	0	0	0	0.002193	0.000101	0.002193	0.000101	1.046528	0.048199
29	C	4601	217659	216106	0.021290	47	0	217657	0	0	0	nan	0	0	0	0	0	0	nan	0	0	0	0.021290	0.000314	0.021290	0.000314	0.779718	0.011500
30	U	413	217660	215949	0.001912	47	0	217658	0	0	0	nan	0	0	0	0	0	0	nan	0	0	0	0.001912	0.000094	0.001912	0.000094	0.912431	0.044858
31	G	187	217667	215778	0.000867	47	0	217665	0	0	0	nan	0	0	0	0	0	0	nan	0	0	0	0.000867	0.000063	0.000867	0.000063	nan	nan
32	A	3821	217667	216032	0.017687	47	0	217665	0	0	0	nan	0	0	0	0	0	0	nan	0	0	0	0.017687	0.000286	0.017687	0.000286	0.982666	0.015890
33	G	164	217668	214922	0.000763	47	0	217665	0	0	0	nan	0	0	0	0	0	0	nan	0	0	0	0.000763	0.000060	0.000763	0.000060	nan	nan
34	C	5448	217669	215166	0.025320	47	0	217660	0	0	0	nan	0	0	0	0	0	0	nan	0	0	0	0.025320	0.000343	0.025320	0.000343	0.927311	0.012562
35	U	514	217670	214835	0.002393	47	0	217659	0	0	0	nan	0	0	0	0	0	0	nan	0	0	0	0.002393	0.000106	0.002393	0.000106	1.141971	0.050585
36	U	429	217673	214730	0.001998	47	0	217656	0	0	0	nan	0	0	0	0	0	0	nan	0	0	0	0.001998	0.000096	0.001998	0.000096	0.953472	0.045812
37	G	252	217674	214444	0.001175	47	0	217635	0	0	0	nan	0	0	0	0	0	0	nan	0	0	0	0.001175	0.000074	0.001175	0.000074	nan	nan
38	G	207	217675	209015	0.000990	47	0	217636	0	0	0	nan	0	0	0	0	0	0	nan	0	0	0	0.000990	0.000069	0.000990	0.000069	nan	nan
39	G	229	217676	208444	0.001099	47	0	217645	0	0	0	nan	0	0	0	0	0	0	nan	0	0	0	0.001099	0.000073	0.001099	0.000073	nan	nan
40	A	4339	217680	209609	0.020700	47	0	217655	0	0	0	nan	0	0	0	0	0	0	nan	0	0	0	0.020700	0.000314	0.020700	0.000314	1.150064	0.017445
41	G	241	217689	214299	0.001125	47	0	217675	0	0	0	nan	0	0	0	0	0	0	nan	0	0	0	0.001125	0.000072	0.001125	0.000072	nan	nan
42	C	5753	217695	215340	0.026716	31	0	217688	0	0	0	nan	0	0	0	0	0	0	nan	0	0	0	0.026716	0.000352	0.026716	0.000352	0.978438	0.012892
43	U	362	217697	215365	0.001681	31	0	217691	0	0	0	nan	0	0	0	0	0	0	nan	0	0	0	0.001681	0.000088	0.001681	0.000088	0.802195	0.041995
44	C	5298	217698	215684	0.024564	31	0	217693	0	0	0	nan	0	0	0	0	0	0	nan	0	0	0	0.024564	0.000337	0.024564	0.000337	0.899624	0.012342
45	U	378	217700	215758	0.001752	31	0	217694	0	0	0	nan	0	0	0	0	0	0	nan	0	0	0	0.001752	0.000090	0.001752	0.000090	0.836077	0.042949
46	C	5629	217701	216044	0.026055	31	0	217695	0	0	0	nan	0	0	0	0	0	0	nan	0	0	0	0.026055	0.000347	0.026055	0.000347	0.954230	0.012708
47	U	392	217702	215995	0.001815	31	0	217695	0	0	0	nan	0	0	0	0	0	0	nan	0	0	0	0.001815	0.000092	0.001815	0.000092	0.866142	0.043904
48	G	197	217704	215001	0.000916	31	0	217697	0	0	0	nan	0	0	0	0	0	0	nan	0	0	0	0.000916	0.000065	0.000916	0.000065	nan	nan
49	C	6262	217704	215400	0.029071	30	0	217698	0	0	0	nan	0	0	0	0	0	0	nan	0	0	0	0.029071	0.000367	0.029071	0.000367	1.064687	0.013441
50	C	6481	217705	215762	0.030038	30	0	217701	0	0	0	nan	0	0	0	0	0	0	nan	0	0	0	0.030038	0.000373	0.030038	0.000373	1.100102	0.013661
51	A	3121	217708	216233	0.014434	30	0	217705	0	0	0	nan	0	0	0	0	0	0	nan	0	0	0	0.014434	0.000258	0.014434	0.000258	0.801933	0.014334
52	A	0	217710	215609	0.000000	30	0	217710	0	0	0	nan	0	0	0	0	0	0	nan	0	0	0	0.000000	0.000000	0.000000	0.000000	0.000000	0.000000
53	U	0	217709	216	0.000000	27	0	217709	0	0	0	nan	0	0	0	0	0	0	nan	0	0	0	0.000000	0.000000	nan	nan	nan	nan
54	C	0	217459	0	nan	23	0	217459	0	0	0	nan	0	0	0	0	0	0	nan	0	0	0	nan	nan	nan	nan	nan	nan
55	C	0	217459	0	nan	23	0	217459	0	0	0	nan	0	0	0	0	0	0	nan	0	0	0	nan	nan	nan	nan	nan	nan
56	a	0	217459	0	nan	23	0	217459	0	0	0	nan	0	0	0	0	0	0	nan	0	0	0	nan	nan	nan	nan	nan	nan
57	c	0	217459	0	nan	23	0	217459	0	0	0	nan	0	0	0	0	0	0	nan	0	0	0	nan	nan	nan	nan	nan	nan
58	u	0	217459	0	nan	23	0	217459	0	0	0	nan	0	0	0	0	0	0	nan	0	0	0	nan	nan	nan	nan	nan	nan
59	a	0	217459	0	nan	23	0	217459	0	0	0	nan	0	0	0	0	0	0	nan	0	0	0	nan	nan	nan	nan	nan	nan
60	a	0	217459	0	nan	23	0	217459	0	0	0	nan	0	0	0	0	0	0	nan	0	0	0	nan	nan	nan	nan	nan	nan
61	c	0	217459	0	nan	9	0	217459	0	0	0	nan	0	0	0	0	0	0	nan	0	0	0	nan	nan	nan	nan	nan	nan
62	c	0	217459	0	nan	9	0	217459	0	0	0	nan	0	0	0	0	0	0	nan	0	0	0	nan	nan	nan	nan	nan	nan
63	u	0	217459	0	nan	0	0	217459	0	0	0	nan	0	0	0	0	0	0	nan	0	0	0	nan	nan	nan	nan	nan	nan
64	c	0	217459	0	nan	0	0	217459	0	0	0	nan	0	0	0	0	0	0	nan	0	0	0	nan	nan	nan	nan	nan	nan
65	a	0	217459	0	nan	0	0	217459	0	0	0	nan	0	0	0	0	0	0	nan	0	0	0	nan	nan	nan	nan	nan	nan
66	c	0	217456	0	nan	0	0	217456	0	0	0	nan	0	0	0	0	0	0	nan	0	0	0	nan	nan	nan	nan	nan	nan
67	u	0	217456	0	nan	0	0	217456	0	0	0	nan	0	0	0	0	0	0	nan	0	0	0	nan	nan	nan	nan	nan	nan
68	c	0	217456	0	nan	0	0	217456	0	0	0	nan	0	0	0	0	0	0	nan	0	0	0	nan	nan	nan	nan	nan	nan
69	a	0	217456	0	nan	0	0	217456	0	0	0	nan	0	0	0	0	0	0	nan	0	0	0	nan	nan	nan	nan	nan	nan
70	c	0	217446	0	nan	0	0	217446	0	0	0	nan	0	0	0	0	0	0	nan	0	0	0	nan	nan	nan	nan	nan	nan
71	a	0	217445	0	nan	0	0	217445	0	0	0	nan	0	0	0	0	0	0	nan	0	0	0	nan	nan	nan	nan	nan	nan
72	a	0	217395	0	nan	0	0	217395	0	0	0	nan	0	0	0	0	0	0	nan	0	0	0	nan	nan	nan	nan	nan	nan
73	u	0	217284	0	nan	0	0	217284	0	0	0	nan	0	0	0	0	0	0	nan	0	0	0	nan	nan	nan	nan	nan	nan
74	c	0	216980	0	nan	0	0	216980	0	0	0	nan	0	0	0	0	0	0	nan	0	0	0	nan	nan	nan	nan	nan	nan