Nucleotide	Sequence	Modified_mutations	Modified_read_depth	Modified_effective_depth	Modified_rate	Modified_off_target_mapped_depth	Modified_low_mapq_mapped_depth	Modified_primer_pair_1_mapped_depth	Untreated_mutations	Untreated_read_depth	Untreated_effective_depth	Untreated_rate	Untreated_off_target_mapped_depth	Untreated_low_mapq_mapped_depth	Untreated_primer_pair_1_mapped_depth	Denatured_mutations	Denatured_read_depth	Denatured_effective_depth	Denatured_rate	Denatured_off_target_mapped_depth	Denatured_low_mapq_mapped_depth	Denatured_primer_pair_1_mapped_depth	Reactivity_profile	Std_err	HQ_profile	HQ_stderr	Norm_profile	Norm_stderr
1	g	0	41887	0	nan	0	0	41887	0	0	0	nan	0	0	0	0	0	0	nan	0	0	0	nan	nan	nan	nan	nan	nan
2	g	0	41909	0	nan	0	0	41909	0	0	0	nan	0	0	0	0	0	0	nan	0	0	0	nan	nan	nan	nan	nan	nan
3	u	0	41930	0	nan	0	0	41930	0	0	0	nan	0	0	0	0	0	0	nan	0	0	0	nan	nan	nan	nan	nan	nan
4	g	0	41934	0	nan	0	0	41934	0	0	0	nan	0	0	0	0	0	0	nan	0	0	0	nan	nan	nan	nan	nan	nan
5	u	0	41940	0	nan	0	0	41940	0	0	0	nan	0	0	0	0	0	0	nan	0	0	0	nan	nan	nan	nan	nan	nan
6	a	0	41950	0	nan	0	0	41950	0	0	0	nan	0	0	0	0	0	0	nan	0	0	0	nan	nan	nan	nan	nan	nan
7	a	0	41962	0	nan	0	0	41962	0	0	0	nan	0	0	0	0	0	0	nan	0	0	0	nan	nan	nan	nan	nan	nan
8	g	0	42010	0	nan	0	0	42010	0	0	0	nan	0	0	0	0	0	0	nan	0	0	0	nan	nan	nan	nan	nan	nan
9	g	0	43017	0	nan	0	0	43017	0	0	0	nan	0	0	0	0	0	0	nan	0	0	0	nan	nan	nan	nan	nan	nan
10	g	0	176286	0	nan	0	0	176286	0	0	0	nan	0	0	0	0	0	0	nan	0	0	0	nan	nan	nan	nan	nan	nan
11	u	0	183553	0	nan	0	0	183553	0	0	0	nan	0	0	0	0	0	0	nan	0	0	0	nan	nan	nan	nan	nan	nan
12	g	0	183793	0	nan	0	0	183793	0	0	0	nan	0	0	0	0	0	0	nan	0	0	0	nan	nan	nan	nan	nan	nan
13	a	0	183801	0	nan	0	0	183801	0	0	0	nan	0	0	0	0	0	0	nan	0	0	0	nan	nan	nan	nan	nan	nan
14	a	0	183807	0	nan	0	0	183807	0	0	0	nan	0	0	0	0	0	0	nan	0	0	0	nan	nan	nan	nan	nan	nan
15	g	0	183818	0	nan	1	0	183818	0	0	0	nan	0	0	0	0	0	0	nan	0	0	0	nan	nan	nan	nan	nan	nan
16	u	0	183828	0	nan	1	0	183828	0	0	0	nan	0	0	0	0	0	0	nan	0	0	0	nan	nan	nan	nan	nan	nan
17	g	0	183852	0	nan	1	0	183852	0	0	0	nan	0	0	0	0	0	0	nan	0	0	0	nan	nan	nan	nan	nan	nan
18	u	0	183857	0	nan	1	0	183857	0	0	0	nan	0	0	0	0	0	0	nan	0	0	0	nan	nan	nan	nan	nan	nan
19	a	0	183927	0	nan	1	0	183927	0	0	0	nan	0	0	0	0	0	0	nan	0	0	0	nan	nan	nan	nan	nan	nan
20	A	0	183951	15	0.000000	1	0	183951	0	0	0	nan	0	0	0	0	0	0	nan	0	0	0	0.000000	0.000000	nan	nan	nan	nan
21	G	0	183996	33	0.000000	1	0	183996	0	0	0	nan	0	0	0	0	0	0	nan	0	0	0	0.000000	0.000000	nan	nan	nan	nan
22	G	0	184006	31	0.000000	1	0	184006	0	0	0	nan	0	0	0	0	0	0	nan	0	0	0	0.000000	0.000000	nan	nan	nan	nan
23	U	0	184013	181965	0.000000	1	0	184013	0	0	0	nan	0	0	0	0	0	0	nan	0	0	0	0.000000	0.000000	0.000000	0.000000	0.000000	0.000000
24	U	353	184015	181857	0.001941	1	0	184015	0	0	0	nan	0	0	0	0	0	0	nan	0	0	0	0.001941	0.000103	0.001941	0.000103	0.902791	0.047907
25	G	516	184022	181159	0.002848	1	0	184022	0	0	0	nan	0	0	0	0	0	0	nan	0	0	0	0.002848	0.000125	0.002848	0.000125	0.729321	0.032010
26	A	1733	184020	177864	0.009743	1	0	183994	0	0	0	nan	0	0	0	0	0	0	nan	0	0	0	0.009743	0.000234	0.009743	0.000234	0.914063	0.021953
27	C	9212	184028	177090	0.052019	1	0	183998	0	0	0	nan	0	0	0	0	0	0	nan	0	0	0	0.052019	0.000542	0.052019	0.000542	1.578486	0.016447
28	C	1581	184041	177521	0.008906	1	0	184013	0	0	0	nan	0	0	0	0	0	0	nan	0	0	0	0.008906	0.000224	0.008906	0.000224	0.270247	0.006797
29	U	197	184084	179998	0.001094	1	0	184060	0	0	0	nan	0	0	0	0	0	0	nan	0	0	0	0.001094	0.000078	0.001094	0.000078	0.508837	0.036279
30	U	240	184102	180588	0.001329	1	0	184080	0	0	0	nan	0	0	0	0	0	0	nan	0	0	0	0.001329	0.000086	0.001329	0.000086	0.618140	0.040000
31	U	342	184115	181247	0.001887	1	0	184097	0	0	0	nan	0	0	0	0	0	0	nan	0	0	0	0.001887	0.000102	0.001887	0.000102	0.877674	0.047442
32	U	228	184155	182209	0.001251	1	0	184139	0	0	0	nan	0	0	0	0	0	0	nan	0	0	0	0.001251	0.000083	0.001251	0.000083	0.581860	0.038605
33	G	821	184182	181529	0.004523	1	0	184166	0	0	0	nan	0	0	0	0	0	0	nan	0	0	0	0.004523	0.000158	0.004523	0.000158	1.158259	0.040461
34	A	1970	184195	181345	0.010863	1	1	184179	0	0	0	nan	0	0	0	0	0	0	nan	0	0	0	0.010863	0.000245	0.010863	0.000245	1.019139	0.022985
35	A	1522	184208	180604	0.008427	1	1	184192	0	0	0	nan	0	0	0	0	0	0	nan	0	0	0	0.008427	0.000216	0.008427	0.000216	0.790599	0.020265
36	U	225	184218	180391	0.001247	1	1	184202	0	0	0	nan	0	0	0	0	0	0	nan	0	0	0	0.001247	0.000083	0.001247	0.000083	0.580000	0.038605
37	A	1623	184236	180978	0.008968	1	1	184220	0	0	0	nan	0	0	0	0	0	0	nan	0	0	0	0.008968	0.000223	0.008968	0.000223	0.841355	0.020921
38	G	270	184249	180578	0.001495	1	1	184233	0	0	0	nan	0	0	0	0	0	0	nan	0	0	0	0.001495	0.000091	0.001495	0.000091	0.382843	0.023303
39	U	356	184259	182219	0.001954	1	1	184244	0	0	0	nan	0	0	0	0	0	0	nan	0	0	0	0.001954	0.000104	0.001954	0.000104	0.908837	0.048372
40	G	612	184278	181182	0.003378	1	2	184263	0	0	0	nan	0	0	0	0	0	0	nan	0	0	0	0.003378	0.000137	0.003378	0.000137	0.865045	0.035083
41	A	2053	184288	181738	0.011296	1	2	184273	0	0	0	nan	0	0	0	0	0	0	nan	0	0	0	0.011296	0.000249	0.011296	0.000249	1.059762	0.023361
42	U	377	184313	181022	0.002083	1	2	184304	0	0	0	nan	0	0	0	0	0	0	nan	0	0	0	0.002083	0.000107	0.002083	0.000107	0.968837	0.049767
43	U	389	184332	180915	0.002150	1	2	184325	0	0	0	nan	0	0	0	0	0	0	nan	0	0	0	0.002150	0.000109	0.002150	0.000109	1.000000	0.050698
44	C	2512	184343	180833	0.013891	1	2	184336	0	0	0	nan	0	0	0	0	0	0	nan	0	0	0	0.013891	0.000277	0.013891	0.000277	0.421514	0.008405
45	A	1935	184362	181536	0.010659	1	2	184355	0	0	0	nan	0	0	0	0	0	0	nan	0	0	0	0.010659	0.000242	0.010659	0.000242	1.000000	0.022704
46	G	561	184382	182469	0.003074	1	2	184376	0	0	0	nan	0	0	0	0	0	0	nan	0	0	0	0.003074	0.000130	0.003074	0.000130	0.787196	0.033291
47	G	545	184391	182118	0.002993	1	2	184387	0	0	0	nan	0	0	0	0	0	0	nan	0	0	0	0.002993	0.000128	0.002993	0.000128	0.766453	0.032778
48	A	1711	184391	182264	0.009387	1	2	184388	0	0	0	nan	0	0	0	0	0	0	nan	0	0	0	0.009387	0.000227	0.009387	0.000227	0.880664	0.021297
49	G	1521	184412	182100	0.008353	1	2	184412	0	0	0	nan	0	0	0	0	0	0	nan	0	0	0	0.008353	0.000214	0.008353	0.000214	2.139052	0.054802
50	G	403	184419	182025	0.002214	1	2	184419	0	0	0	nan	0	0	0	0	0	0	nan	0	0	0	0.002214	0.000110	0.002214	0.000110	0.566965	0.028169
51	U	195	184422	182011	0.001071	1	2	184422	0	0	0	nan	0	0	0	0	0	0	nan	0	0	0	0.001071	0.000077	0.001071	0.000077	0.498140	0.035814
52	U	385	184428	181482	0.002121	1	2	184428	0	0	0	nan	0	0	0	0	0	0	nan	0	0	0	0.002121	0.000108	0.002121	0.000108	0.986512	0.050233
53	A	1411	184431	182170	0.007746	1	2	184431	0	0	0	nan	0	0	0	0	0	0	nan	0	0	0	0.007746	0.000206	0.007746	0.000206	0.726710	0.019326
54	A	1237	184431	182112	0.006793	1	2	184431	0	0	0	nan	0	0	0	0	0	0	nan	0	0	0	0.006793	0.000193	0.006793	0.000193	0.637302	0.018107
55	U	976	184433	182562	0.005346	1	2	184433	0	0	0	nan	0	0	0	0	0	0	nan	0	0	0	0.005346	0.000171	0.005346	0.000171	2.486512	0.079535
56	G	713	184435	182565	0.003905	1	2	184435	0	0	0	nan	0	0	0	0	0	0	nan	0	0	0	0.003905	0.000146	0.003905	0.000146	1.000000	0.037388
57	G	0	184436	182180	0.000000	1	2	184436	0	0	0	nan	0	0	0	0	0	0	nan	0	0	0	0.000000	0.000000	0.000000	0.000000	0.000000	0.000000
58	A	0	184437	0	nan	1	2	184437	0	0	0	nan	0	0	0	0	0	0	nan	0	0	0	nan	nan	nan	nan	nan	nan
59	A	0	184437	0	nan	1	2	184437	0	0	0	nan	0	0	0	0	0	0	nan	0	0	0	nan	nan	nan	nan	nan	nan
60	G	0	184437	0	nan	1	2	184437	0	0	0	nan	0	0	0	0	0	0	nan	0	0	0	nan	nan	nan	nan	nan	nan
61	u	0	184437	0	nan	1	2	184437	0	0	0	nan	0	0	0	0	0	0	nan	0	0	0	nan	nan	nan	nan	nan	nan
62	a	0	184437	0	nan	1	2	184437	0	0	0	nan	0	0	0	0	0	0	nan	0	0	0	nan	nan	nan	nan	nan	nan
63	a	0	184437	0	nan	1	2	184437	0	0	0	nan	0	0	0	0	0	0	nan	0	0	0	nan	nan	nan	nan	nan	nan
64	a	0	184437	0	nan	1	2	184437	0	0	0	nan	0	0	0	0	0	0	nan	0	0	0	nan	nan	nan	nan	nan	nan
65	g	0	184437	0	nan	1	2	184437	0	0	0	nan	0	0	0	0	0	0	nan	0	0	0	nan	nan	nan	nan	nan	nan
66	g	0	184437	0	nan	1	2	184437	0	0	0	nan	0	0	0	0	0	0	nan	0	0	0	nan	nan	nan	nan	nan	nan
67	u	0	184437	0	nan	1	2	184437	0	0	0	nan	0	0	0	0	0	0	nan	0	0	0	nan	nan	nan	nan	nan	nan
68	a	0	184437	0	nan	1	2	184437	0	0	0	nan	0	0	0	0	0	0	nan	0	0	0	nan	nan	nan	nan	nan	nan
69	a	0	184437	0	nan	1	2	184437	0	0	0	nan	0	0	0	0	0	0	nan	0	0	0	nan	nan	nan	nan	nan	nan
70	u	0	184437	0	nan	1	2	184437	0	0	0	nan	0	0	0	0	0	0	nan	0	0	0	nan	nan	nan	nan	nan	nan
71	g	0	184437	0	nan	1	2	184437	0	0	0	nan	0	0	0	0	0	0	nan	0	0	0	nan	nan	nan	nan	nan	nan
72	a	0	184437	0	nan	1	2	184437	0	0	0	nan	0	0	0	0	0	0	nan	0	0	0	nan	nan	nan	nan	nan	nan
73	a	0	184437	0	nan	1	2	184437	0	0	0	nan	0	0	0	0	0	0	nan	0	0	0	nan	nan	nan	nan	nan	nan
74	g	0	184437	0	nan	1	2	184437	0	0	0	nan	0	0	0	0	0	0	nan	0	0	0	nan	nan	nan	nan	nan	nan
75	g	0	184437	0	nan	1	2	184437	0	0	0	nan	0	0	0	0	0	0	nan	0	0	0	nan	nan	nan	nan	nan	nan
76	u	0	184435	0	nan	1	2	184435	0	0	0	nan	0	0	0	0	0	0	nan	0	0	0	nan	nan	nan	nan	nan	nan
77	g	0	184430	0	nan	1	2	184430	0	0	0	nan	0	0	0	0	0	0	nan	0	0	0	nan	nan	nan	nan	nan	nan
78	a	0	184427	0	nan	1	2	184427	0	0	0	nan	0	0	0	0	0	0	nan	0	0	0	nan	nan	nan	nan	nan	nan
79	a	0	184387	0	nan	1	2	184387	0	0	0	nan	0	0	0	0	0	0	nan	0	0	0	nan	nan	nan	nan	nan	nan
80	g	0	184310	0	nan	1	2	184310	0	0	0	nan	0	0	0	0	0	0	nan	0	0	0	nan	nan	nan	nan	nan	nan