35
i	j	-log10(Probability)
1	13	11.2729
1	28	11.5113
2	12	11.32
2	18	7.78799
2	27	11.5343
3	12	8.72997
3	17	7.83984
3	18	5.58776
3	23	12.5608
3	25	10.4311
3	27	9.71177
4	11	8.5284
4	12	10.2212
4	16	7.98186
4	17	5.55542
4	18	9.0984
4	19	10.2581
4	22	12.6308
4	23	10.0837
4	24	10.3815
4	25	12.2357
4	26	9.68787
4	27	8.82634
4	30	0.000234418
4	34	5.97081
4	35	6.74746
5	10	8.95276
5	11	9.9386
5	16	5.55076
5	17	10.8176
5	18	10.4557
5	22	9.87564
5	23	12.2871
5	24	12.0237
5	25	9.84284
5	26	8.78676
5	29	2.80083e-06
5	33	7.87374
5	34	7.08019
6	13	8.35117
6	15	5.55017
6	21	9.87553
6	28	4.03235e-06
7	12	8.45515
7	17	10.0363
7	18	11.2534
7	23	9.65772
7	25	5.63714
7	27	0.000115962
8	16	9.99544
8	17	11.2537
8	18	11.19
8	19	9.25779
8	22	9.36714
8	24	5.29913
8	26	5.60382e-05
8	34	9.42669
9	17	11.0878
9	18	9.21103
9	23	5.21661
9	25	0.0054145
9	33	9.42647
10	21	6.03767
10	32	9.45808
11	20	6.02475
11	21	2.85935
12	20	2.8595
12	28	11.3161
12	31	10.6654
13	19	2.85947
13	24	0.000877032
13	26	8.05879
13	27	11.7917
13	30	10.7233
13	34	10.1835
14	18	2.93314
14	23	0.000672151
14	25	7.94261
14	27	13.0815
14	33	10.1823
15	22	0.000606262
15	24	7.84753
15	26	13.0169
15	29	10.7539
16	21	0.000787941
16	28	10.7543
17	32	9.62196
18	31	8.99005
19	28	10.2357
20	26	11.3256
20	27	10.2106
20	30	5.54892
20	34	11.271
20	35	11.2373
21	25	11.3728
21	26	10.2134
21	29	5.54884
21	33	12.5244
21	34	11.3037
22	28	5.5489
