74
i	j	-log10(Probability)
19	25	11.5378
19	31	11.088
19	32	10.5498
19	37	7.25094
19	38	6.41061
19	39	8.28205
19	40	12.0281
19	48	11.7264
20	30	11.2091
20	36	7.17099
20	47	11.9151
21	30	8.75204
21	36	4.37642
21	43	15.0413
21	45	12.7099
21	47	9.91543
22	29	8.54067
22	30	10.2505
22	35	4.15914
22	36	9.22433
22	42	15.141
22	43	12.5706
22	44	12.7543
22	45	12.8041
22	46	9.88341
22	47	11.036
22	50	0.00026477
22	54	5.97085
22	55	5.44971
23	28	8.96504
23	29	9.95606
23	34	4.15903
23	35	9.26776
23	42	12.3612
23	43	13.8767
23	44	12.766
23	45	9.90869
23	46	10.9989
23	49	3.23637e-05
23	53	7.86722
23	54	5.78658
24	31	8.59543
24	33	4.15909
24	37	8.21142
24	41	12.3605
24	48	3.29236e-05
25	30	8.07728
25	36	8.20389
25	43	10.6086
25	45	8.26859
25	47	0.000143676
26	35	8.19945
26	42	10.3141
26	44	8.11631
26	46	8.28078e-05
26	54	9.27843
27	43	8.16536
27	45	0.00544438
27	53	9.2704
28	38	8.35885
28	39	7.16593
28	40	7.11113
28	41	6.45161
28	52	9.29449
29	37	8.29638
29	38	7.15523
29	39	7.10458
29	40	6.43437
29	41	7.46289
30	37	7.16893
30	38	7.10837
30	39	6.43542
30	40	7.47917
30	48	11.0094
30	51	9.74269
31	36	7.68708
31	44	0.000304455
31	46	8.4375
31	47	11.7848
31	50	9.73999
31	54	10.8138
31	55	11.9915
32	43	9.95726e-05
32	45	8.42435
32	47	12.733
32	53	10.8041
33	42	3.33159e-05
33	44	8.82429
33	46	12.5311
33	49	9.73488
34	40	3.59006
34	41	0.000174382
34	48	9.73525
35	39	3.29259
35	40	0.00226336
35	41	4.19063
36	40	3.95263
36	48	9.90268
36	51	6.92889
37	43	10.2298
37	44	9.43281
37	45	8.38572
37	46	9.10242
37	47	8.6731
37	50	6.26362
37	54	6.27681
37	55	4.30994
38	42	10.135
38	43	9.7467
38	44	7.95261
38	45	9.06772
38	46	8.45576
38	47	7.92513
38	49	6.26085
38	50	8.14522
38	53	6.25192
38	54	4.30636
38	55	4.8282
39	43	7.95409
39	44	9.01378
39	45	8.45392
39	46	7.8902
39	47	7.14956
39	49	8.15931
39	50	7.60475
39	53	4.48427
39	54	4.82849
39	55	7.3412
40	44	8.78396
40	45	7.89181
40	46	7.08719
40	47	6.32689
40	49	7.7143
40	50	4.16837
40	53	6.20791
40	54	7.41121
40	55	10.2678
41	45	7.08926
41	46	6.79813
41	49	4.16587
41	53	7.49785
41	54	10.3365
42	48	4.16588
48	55	9.29162
