Nucleotide	Sequence	Modified_mutations	Modified_read_depth	Modified_effective_depth	Modified_rate	Modified_off_target_mapped_depth	Modified_low_mapq_mapped_depth	Modified_primer_pair_1_mapped_depth	Untreated_mutations	Untreated_read_depth	Untreated_effective_depth	Untreated_rate	Untreated_off_target_mapped_depth	Untreated_low_mapq_mapped_depth	Untreated_primer_pair_1_mapped_depth	Denatured_mutations	Denatured_read_depth	Denatured_effective_depth	Denatured_rate	Denatured_off_target_mapped_depth	Denatured_low_mapq_mapped_depth	Denatured_primer_pair_1_mapped_depth	Reactivity_profile	Std_err	HQ_profile	HQ_stderr	Norm_profile	Norm_stderr
1	g	0	182131	0	nan	1	1	182131	0	0	0	nan	0	0	0	0	0	0	nan	0	0	0	nan	nan	nan	nan	nan	nan
2	g	0	182305	0	nan	1	1	182305	0	0	0	nan	0	0	0	0	0	0	nan	0	0	0	nan	nan	nan	nan	nan	nan
3	u	0	182363	0	nan	1	1	182363	0	0	0	nan	0	0	0	0	0	0	nan	0	0	0	nan	nan	nan	nan	nan	nan
4	g	0	182384	0	nan	1	1	182384	0	0	0	nan	0	0	0	0	0	0	nan	0	0	0	nan	nan	nan	nan	nan	nan
5	u	0	182397	0	nan	1	1	182397	0	0	0	nan	0	0	0	0	0	0	nan	0	0	0	nan	nan	nan	nan	nan	nan
6	a	0	182397	0	nan	1	1	182397	0	0	0	nan	0	0	0	0	0	0	nan	0	0	0	nan	nan	nan	nan	nan	nan
7	a	0	182399	0	nan	1	1	182399	0	0	0	nan	0	0	0	0	0	0	nan	0	0	0	nan	nan	nan	nan	nan	nan
8	g	0	182399	0	nan	1	1	182399	0	0	0	nan	0	0	0	0	0	0	nan	0	0	0	nan	nan	nan	nan	nan	nan
9	g	0	182408	0	nan	1	1	182408	0	0	0	nan	0	0	0	0	0	0	nan	0	0	0	nan	nan	nan	nan	nan	nan
10	g	0	183306	0	nan	1	1	183306	0	0	0	nan	0	0	0	0	0	0	nan	0	0	0	nan	nan	nan	nan	nan	nan
11	u	0	183319	0	nan	1	1	183319	0	0	0	nan	0	0	0	0	0	0	nan	0	0	0	nan	nan	nan	nan	nan	nan
12	g	0	183329	0	nan	1	1	183329	0	0	0	nan	0	0	0	0	0	0	nan	0	0	0	nan	nan	nan	nan	nan	nan
13	a	0	183331	0	nan	1	1	183331	0	0	0	nan	0	0	0	0	0	0	nan	0	0	0	nan	nan	nan	nan	nan	nan
14	a	0	183331	0	nan	1	1	183331	0	0	0	nan	0	0	0	0	0	0	nan	0	0	0	nan	nan	nan	nan	nan	nan
15	g	0	183331	0	nan	13	1	183331	0	0	0	nan	0	0	0	0	0	0	nan	0	0	0	nan	nan	nan	nan	nan	nan
16	u	0	183332	0	nan	13	1	183332	0	0	0	nan	0	0	0	0	0	0	nan	0	0	0	nan	nan	nan	nan	nan	nan
17	g	0	183333	0	nan	13	1	183333	0	0	0	nan	0	0	0	0	0	0	nan	0	0	0	nan	nan	nan	nan	nan	nan
18	u	0	183333	0	nan	13	1	183333	0	0	0	nan	0	0	0	0	0	0	nan	0	0	0	nan	nan	nan	nan	nan	nan
19	a	0	183335	0	nan	13	1	183335	0	0	0	nan	0	0	0	0	0	0	nan	0	0	0	nan	nan	nan	nan	nan	nan
20	A	0	183339	3	0.000000	13	1	183339	0	0	0	nan	0	0	0	0	0	0	nan	0	0	0	0.000000	0.000000	nan	nan	nan	nan
21	G	0	183343	5	0.000000	13	1	183343	0	0	0	nan	0	0	0	0	0	0	nan	0	0	0	0.000000	0.000000	nan	nan	nan	nan
22	G	0	183347	9	0.000000	13	1	183347	0	0	0	nan	0	0	0	0	0	0	nan	0	0	0	0.000000	0.000000	nan	nan	nan	nan
23	U	0	183353	183165	0.000000	13	1	183353	0	0	0	nan	0	0	0	0	0	0	nan	0	0	0	0.000000	0.000000	0.000000	0.000000	0.000000	0.000000
24	U	343	183357	183149	0.001873	13	1	183357	0	0	0	nan	0	0	0	0	0	0	nan	0	0	0	0.001873	0.000101	0.001873	0.000101	0.675929	0.036449
25	G	87	183358	182606	0.000476	13	1	183358	0	0	0	nan	0	0	0	0	0	0	nan	0	0	0	0.000476	0.000051	0.000476	0.000051	nan	nan
26	A	2755	183359	182850	0.015067	13	1	183359	0	0	0	nan	0	0	0	0	0	0	nan	0	0	0	0.015067	0.000287	0.015067	0.000287	0.926388	0.017646
27	A	2568	183359	182780	0.014050	13	1	183359	0	0	0	nan	0	0	0	0	0	0	nan	0	0	0	0.014050	0.000277	0.014050	0.000277	0.863858	0.017031
28	C	3411	183360	182359	0.018705	13	1	183360	0	0	0	nan	0	0	0	0	0	0	nan	0	0	0	0.018705	0.000320	0.018705	0.000320	0.910485	0.015576
29	U	298	183360	182779	0.001630	13	1	183359	0	0	0	nan	0	0	0	0	0	0	nan	0	0	0	0.001630	0.000094	0.001630	0.000094	0.588235	0.033923
30	U	357	183360	182933	0.001952	13	1	183359	0	0	0	nan	0	0	0	0	0	0	nan	0	0	0	0.001952	0.000103	0.001952	0.000103	0.704439	0.037171
31	U	514	183361	182997	0.002809	13	1	183358	0	0	0	nan	0	0	0	0	0	0	nan	0	0	0	0.002809	0.000124	0.002809	0.000124	1.013713	0.044749
32	U	268	183364	182961	0.001465	13	1	183343	0	0	0	nan	0	0	0	0	0	0	nan	0	0	0	0.001465	0.000089	0.001465	0.000089	0.528690	0.032118
33	G	124	183372	182472	0.000680	13	1	183341	0	0	0	nan	0	0	0	0	0	0	nan	0	0	0	0.000680	0.000061	0.000680	0.000061	nan	nan
34	A	2827	183379	182731	0.015471	13	1	183345	0	0	0	nan	0	0	0	0	0	0	nan	0	0	0	0.015471	0.000291	0.015471	0.000291	0.951227	0.017892
35	A	2359	183379	182669	0.012914	13	1	183345	0	0	0	nan	0	0	0	0	0	0	nan	0	0	0	0.012914	0.000266	0.012914	0.000266	0.794011	0.016355
36	U	241	183380	182629	0.001320	13	1	183346	0	0	0	nan	0	0	0	0	0	0	nan	0	0	0	0.001320	0.000085	0.001320	0.000085	0.476362	0.030675
37	A	2560	183383	182646	0.014016	13	1	183349	0	0	0	nan	0	0	0	0	0	0	nan	0	0	0	0.014016	0.000277	0.014016	0.000277	0.861767	0.017031
38	G	150	183410	181882	0.000825	13	1	183401	0	0	0	nan	0	0	0	0	0	0	nan	0	0	0	0.000825	0.000067	0.000825	0.000067	nan	nan
39	U	370	183410	182878	0.002023	13	1	183401	0	0	0	nan	0	0	0	0	0	0	nan	0	0	0	0.002023	0.000105	0.002023	0.000105	0.730061	0.037892
40	G	183	183412	182392	0.001003	13	1	183401	0	0	0	nan	0	0	0	0	0	0	nan	0	0	0	0.001003	0.000074	0.001003	0.000074	nan	nan
41	A	3181	183414	182679	0.017413	13	1	183405	0	0	0	nan	0	0	0	0	0	0	nan	0	0	0	0.017413	0.000309	0.017413	0.000309	1.070630	0.018999
42	U	506	183417	182621	0.002771	13	1	183412	0	0	0	nan	0	0	0	0	0	0	nan	0	0	0	0.002771	0.000123	0.002771	0.000123	1.000000	0.044388
43	U	456	183420	182680	0.002496	13	1	183415	0	0	0	nan	0	0	0	0	0	0	nan	0	0	0	0.002496	0.000117	0.002496	0.000117	0.900758	0.042223
44	C	3862	183439	182539	0.021157	13	1	183435	0	0	0	nan	0	0	0	0	0	0	nan	0	0	0	0.021157	0.000340	0.021157	0.000340	1.029838	0.016550
45	A	2991	183447	182583	0.016382	13	1	183444	0	0	0	nan	0	0	0	0	0	0	nan	0	0	0	0.016382	0.000300	0.016382	0.000300	1.007240	0.018445
46	G	116	183470	182070	0.000637	13	1	183466	0	0	0	nan	0	0	0	0	0	0	nan	0	0	0	0.000637	0.000059	0.000637	0.000059	nan	nan
47	G	125	183475	182170	0.000686	13	1	183472	0	0	0	nan	0	0	0	0	0	0	nan	0	0	0	0.000686	0.000061	0.000686	0.000061	nan	nan
48	A	3053	183478	182659	0.016714	13	1	183475	0	0	0	nan	0	0	0	0	0	0	nan	0	0	0	0.016714	0.000302	0.016714	0.000302	1.027653	0.018568
49	G	137	183479	182341	0.000751	13	1	183476	0	0	0	nan	0	0	0	0	0	0	nan	0	0	0	0.000751	0.000064	0.000751	0.000064	nan	nan
50	G	167	183480	182328	0.000916	13	1	183477	0	0	0	nan	0	0	0	0	0	0	nan	0	0	0	0.000916	0.000071	0.000916	0.000071	nan	nan
51	U	398	183485	182765	0.002178	13	1	183482	0	0	0	nan	0	0	0	0	0	0	nan	0	0	0	0.002178	0.000109	0.002178	0.000109	0.785998	0.039336
52	U	353	183487	182577	0.001933	13	1	183484	0	0	0	nan	0	0	0	0	0	0	nan	0	0	0	0.001933	0.000103	0.001933	0.000103	0.697582	0.037171
53	A	2898	183488	182142	0.015911	13	1	183485	0	0	0	nan	0	0	0	0	0	0	nan	0	0	0	0.015911	0.000296	0.015911	0.000296	0.978281	0.018199
54	A	2362	183373	181863	0.012988	13	1	183367	0	0	0	nan	0	0	0	0	0	0	nan	0	0	0	0.012988	0.000267	0.012988	0.000267	0.798561	0.016416
55	U	418	183380	181762	0.002300	13	1	183375	0	0	0	nan	0	0	0	0	0	0	nan	0	0	0	0.002300	0.000112	0.002300	0.000112	0.830025	0.040419
56	G	199	183392	181636	0.001096	13	1	183390	0	0	0	nan	0	0	0	0	0	0	nan	0	0	0	0.001096	0.000078	0.001096	0.000078	nan	nan
57	G	0	183411	181640	0.000000	13	1	183411	0	0	0	nan	0	0	0	0	0	0	nan	0	0	0	0.000000	0.000000	0.000000	0.000000	nan	nan
58	A	0	183419	0	nan	13	1	183419	0	0	0	nan	0	0	0	0	0	0	nan	0	0	0	nan	nan	nan	nan	nan	nan
59	A	0	183419	0	nan	13	1	183419	0	0	0	nan	0	0	0	0	0	0	nan	0	0	0	nan	nan	nan	nan	nan	nan
60	G	0	183419	0	nan	13	1	183419	0	0	0	nan	0	0	0	0	0	0	nan	0	0	0	nan	nan	nan	nan	nan	nan
61	u	0	183419	0	nan	13	1	183419	0	0	0	nan	0	0	0	0	0	0	nan	0	0	0	nan	nan	nan	nan	nan	nan
62	a	0	183419	0	nan	13	1	183419	0	0	0	nan	0	0	0	0	0	0	nan	0	0	0	nan	nan	nan	nan	nan	nan
63	a	0	183419	0	nan	13	1	183419	0	0	0	nan	0	0	0	0	0	0	nan	0	0	0	nan	nan	nan	nan	nan	nan
64	a	0	183419	0	nan	12	1	183419	0	0	0	nan	0	0	0	0	0	0	nan	0	0	0	nan	nan	nan	nan	nan	nan
65	g	0	183419	0	nan	12	1	183419	0	0	0	nan	0	0	0	0	0	0	nan	0	0	0	nan	nan	nan	nan	nan	nan
66	g	0	183419	0	nan	12	1	183419	0	0	0	nan	0	0	0	0	0	0	nan	0	0	0	nan	nan	nan	nan	nan	nan
67	u	0	183419	0	nan	12	1	183419	0	0	0	nan	0	0	0	0	0	0	nan	0	0	0	nan	nan	nan	nan	nan	nan
68	a	0	183419	0	nan	12	1	183419	0	0	0	nan	0	0	0	0	0	0	nan	0	0	0	nan	nan	nan	nan	nan	nan
69	a	0	183419	0	nan	12	1	183419	0	0	0	nan	0	0	0	0	0	0	nan	0	0	0	nan	nan	nan	nan	nan	nan
70	u	0	183419	0	nan	12	1	183419	0	0	0	nan	0	0	0	0	0	0	nan	0	0	0	nan	nan	nan	nan	nan	nan
71	g	0	183419	0	nan	12	1	183419	0	0	0	nan	0	0	0	0	0	0	nan	0	0	0	nan	nan	nan	nan	nan	nan
72	a	0	183419	0	nan	12	1	183419	0	0	0	nan	0	0	0	0	0	0	nan	0	0	0	nan	nan	nan	nan	nan	nan
73	a	0	183419	0	nan	12	1	183419	0	0	0	nan	0	0	0	0	0	0	nan	0	0	0	nan	nan	nan	nan	nan	nan
74	g	0	183419	0	nan	12	1	183419	0	0	0	nan	0	0	0	0	0	0	nan	0	0	0	nan	nan	nan	nan	nan	nan
75	g	0	183419	0	nan	12	1	183419	0	0	0	nan	0	0	0	0	0	0	nan	0	0	0	nan	nan	nan	nan	nan	nan
76	u	0	183414	0	nan	12	1	183414	0	0	0	nan	0	0	0	0	0	0	nan	0	0	0	nan	nan	nan	nan	nan	nan
77	g	0	183407	0	nan	12	1	183407	0	0	0	nan	0	0	0	0	0	0	nan	0	0	0	nan	nan	nan	nan	nan	nan
78	a	0	183405	0	nan	12	1	183405	0	0	0	nan	0	0	0	0	0	0	nan	0	0	0	nan	nan	nan	nan	nan	nan
79	a	0	183371	0	nan	12	1	183371	0	0	0	nan	0	0	0	0	0	0	nan	0	0	0	nan	nan	nan	nan	nan	nan
80	g	0	183279	0	nan	12	1	183279	0	0	0	nan	0	0	0	0	0	0	nan	0	0	0	nan	nan	nan	nan	nan	nan