Nucleotide	Sequence	Modified_mutations	Modified_read_depth	Modified_effective_depth	Modified_rate	Modified_off_target_mapped_depth	Modified_low_mapq_mapped_depth	Modified_primer_pair_1_mapped_depth	Untreated_mutations	Untreated_read_depth	Untreated_effective_depth	Untreated_rate	Untreated_off_target_mapped_depth	Untreated_low_mapq_mapped_depth	Untreated_primer_pair_1_mapped_depth	Denatured_mutations	Denatured_read_depth	Denatured_effective_depth	Denatured_rate	Denatured_off_target_mapped_depth	Denatured_low_mapq_mapped_depth	Denatured_primer_pair_1_mapped_depth	Reactivity_profile	Std_err	HQ_profile	HQ_stderr	Norm_profile	Norm_stderr
1	g	0	231481	0	nan	3	1	231481	0	0	0	nan	0	0	0	0	0	0	nan	0	0	0	nan	nan	nan	nan	nan	nan
2	g	0	231653	0	nan	3	1	231653	0	0	0	nan	0	0	0	0	0	0	nan	0	0	0	nan	nan	nan	nan	nan	nan
3	u	0	231754	0	nan	3	1	231754	0	0	0	nan	0	0	0	0	0	0	nan	0	0	0	nan	nan	nan	nan	nan	nan
4	g	0	231783	0	nan	3	1	231783	0	0	0	nan	0	0	0	0	0	0	nan	0	0	0	nan	nan	nan	nan	nan	nan
5	u	0	231795	0	nan	3	1	231795	0	0	0	nan	0	0	0	0	0	0	nan	0	0	0	nan	nan	nan	nan	nan	nan
6	a	0	231795	0	nan	3	1	231795	0	0	0	nan	0	0	0	0	0	0	nan	0	0	0	nan	nan	nan	nan	nan	nan
7	a	0	231797	0	nan	3	1	231797	0	0	0	nan	0	0	0	0	0	0	nan	0	0	0	nan	nan	nan	nan	nan	nan
8	g	0	231797	0	nan	3	1	231797	0	0	0	nan	0	0	0	0	0	0	nan	0	0	0	nan	nan	nan	nan	nan	nan
9	g	0	231814	0	nan	3	1	231814	0	0	0	nan	0	0	0	0	0	0	nan	0	0	0	nan	nan	nan	nan	nan	nan
10	g	0	233170	0	nan	3	1	233170	0	0	0	nan	0	0	0	0	0	0	nan	0	0	0	nan	nan	nan	nan	nan	nan
11	u	0	233194	0	nan	3	1	233194	0	0	0	nan	0	0	0	0	0	0	nan	0	0	0	nan	nan	nan	nan	nan	nan
12	g	0	233204	0	nan	3	1	233204	0	0	0	nan	0	0	0	0	0	0	nan	0	0	0	nan	nan	nan	nan	nan	nan
13	a	0	233204	0	nan	3	1	233204	0	0	0	nan	0	0	0	0	0	0	nan	0	0	0	nan	nan	nan	nan	nan	nan
14	a	0	233205	0	nan	3	1	233205	0	0	0	nan	0	0	0	0	0	0	nan	0	0	0	nan	nan	nan	nan	nan	nan
15	g	0	233206	0	nan	22	1	233206	0	0	0	nan	0	0	0	0	0	0	nan	0	0	0	nan	nan	nan	nan	nan	nan
16	u	0	233206	0	nan	22	1	233206	0	0	0	nan	0	0	0	0	0	0	nan	0	0	0	nan	nan	nan	nan	nan	nan
17	g	0	233206	0	nan	22	1	233206	0	0	0	nan	0	0	0	0	0	0	nan	0	0	0	nan	nan	nan	nan	nan	nan
18	u	0	233207	0	nan	22	1	233207	0	0	0	nan	0	0	0	0	0	0	nan	0	0	0	nan	nan	nan	nan	nan	nan
19	a	0	233210	0	nan	22	1	233210	0	0	0	nan	0	0	0	0	0	0	nan	0	0	0	nan	nan	nan	nan	nan	nan
20	A	0	233210	0	nan	22	1	233210	0	0	0	nan	0	0	0	0	0	0	nan	0	0	0	nan	nan	nan	nan	nan	nan
21	G	0	233216	5	0.000000	22	1	233216	0	0	0	nan	0	0	0	0	0	0	nan	0	0	0	0.000000	0.000000	nan	nan	nan	nan
22	G	0	233226	12	0.000000	22	1	233226	0	0	0	nan	0	0	0	0	0	0	nan	0	0	0	0.000000	0.000000	nan	nan	nan	nan
23	U	0	233232	232864	0.000000	22	1	233232	0	0	0	nan	0	0	0	0	0	0	nan	0	0	0	0.000000	0.000000	0.000000	0.000000	0.000000	0.000000
24	U	470	233239	232828	0.002019	22	1	233239	0	0	0	nan	0	0	0	0	0	0	nan	0	0	0	0.002019	0.000093	0.002019	0.000093	0.799604	0.036832
25	G	185	233240	231035	0.000801	22	1	233240	0	0	0	nan	0	0	0	0	0	0	nan	0	0	0	0.000801	0.000059	0.000801	0.000059	nan	nan
26	A	8054	233240	232152	0.034693	22	1	233240	0	0	0	nan	0	0	0	0	0	0	nan	0	0	0	0.034693	0.000387	0.034693	0.000387	1.191626	0.013293
27	A	7005	233242	232031	0.030190	22	1	233242	0	0	0	nan	0	0	0	0	0	0	nan	0	0	0	0.030190	0.000361	0.030190	0.000361	1.036958	0.012400
28	C	4386	233242	231366	0.018957	22	1	233242	0	0	0	nan	0	0	0	0	0	0	nan	0	0	0	0.018957	0.000286	0.018957	0.000286	1.197253	0.018063
29	U	354	233242	232152	0.001525	22	1	233241	0	0	0	nan	0	0	0	0	0	0	nan	0	0	0	0.001525	0.000081	0.001525	0.000081	0.603960	0.032079
30	U	477	233243	232366	0.002053	22	1	233242	0	0	0	nan	0	0	0	0	0	0	nan	0	0	0	0.002053	0.000094	0.002053	0.000094	0.813069	0.037228
31	U	642	233244	232475	0.002762	22	1	233242	0	0	0	nan	0	0	0	0	0	0	nan	0	0	0	0.002762	0.000109	0.002762	0.000109	1.093861	0.043168
32	U	374	233247	232400	0.001609	22	1	233217	0	0	0	nan	0	0	0	0	0	0	nan	0	0	0	0.001609	0.000083	0.001609	0.000083	0.637228	0.032871
33	G	171	233263	230512	0.000742	22	1	233218	0	0	0	nan	0	0	0	0	0	0	nan	0	0	0	0.000742	0.000057	0.000742	0.000057	nan	nan
34	A	2945	233271	232081	0.012690	22	1	233220	0	0	0	nan	0	0	0	0	0	0	nan	0	0	0	0.012690	0.000234	0.012690	0.000234	0.435873	0.008037
35	A	2358	233272	231979	0.010165	22	1	233222	0	0	0	nan	0	0	0	0	0	0	nan	0	0	0	0.010165	0.000209	0.010165	0.000209	0.349145	0.007179
36	U	250	233272	231634	0.001079	22	1	233223	0	0	0	nan	0	0	0	0	0	0	nan	0	0	0	0.001079	0.000068	0.001079	0.000068	0.427327	0.026931
37	A	12075	233276	231381	0.052187	22	1	233226	0	0	0	nan	0	0	0	0	0	0	nan	0	0	0	0.052187	0.000475	0.052187	0.000475	1.792505	0.016315
38	G	240	233311	227577	0.001055	22	1	233282	0	0	0	nan	0	0	0	0	0	0	nan	0	0	0	0.001055	0.000068	0.001055	0.000068	nan	nan
39	U	546	233313	232115	0.002352	22	1	233285	0	0	0	nan	0	0	0	0	0	0	nan	0	0	0	0.002352	0.000101	0.002352	0.000101	0.931485	0.040000
40	G	326	233318	230919	0.001412	22	1	233290	0	0	0	nan	0	0	0	0	0	0	nan	0	0	0	0.001412	0.000078	0.001412	0.000078	nan	nan
41	A	3634	233321	232189	0.015651	22	1	233295	0	0	0	nan	0	0	0	0	0	0	nan	0	0	0	0.015651	0.000260	0.015651	0.000260	0.537576	0.008930
42	U	575	233328	232257	0.002476	22	1	233310	0	0	0	nan	0	0	0	0	0	0	nan	0	0	0	0.002476	0.000103	0.002476	0.000103	0.980594	0.040792
43	U	488	233332	232472	0.002099	22	1	233316	0	0	0	nan	0	0	0	0	0	0	nan	0	0	0	0.002099	0.000095	0.002099	0.000095	0.831287	0.037624
44	C	1502	233345	232373	0.006464	22	1	233328	0	0	0	nan	0	0	0	0	0	0	nan	0	0	0	0.006464	0.000167	0.006464	0.000167	0.408242	0.010547
45	A	2203	233355	232295	0.009484	22	1	233344	0	0	0	nan	0	0	0	0	0	0	nan	0	0	0	0.009484	0.000202	0.009484	0.000202	0.325754	0.006938
46	G	196	233373	230864	0.000849	22	1	233363	0	0	0	nan	0	0	0	0	0	0	nan	0	0	0	0.000849	0.000061	0.000849	0.000061	nan	nan
47	G	197	233382	230649	0.000854	22	1	233371	0	0	0	nan	0	0	0	0	0	0	nan	0	0	0	0.000854	0.000061	0.000854	0.000061	nan	nan
48	A	1954	233385	232276	0.008412	22	1	233374	0	0	0	nan	0	0	0	0	0	0	nan	0	0	0	0.008412	0.000190	0.008412	0.000190	0.288933	0.006526
49	G	213	233387	230844	0.000923	22	1	233377	0	0	0	nan	0	0	0	0	0	0	nan	0	0	0	0.000923	0.000063	0.000923	0.000063	nan	nan
50	G	270	233390	230353	0.001172	22	1	233382	0	0	0	nan	0	0	0	0	0	0	nan	0	0	0	0.001172	0.000071	0.001172	0.000071	nan	nan
51	U	499	233395	232232	0.002149	22	1	233386	0	0	0	nan	0	0	0	0	0	0	nan	0	0	0	0.002149	0.000096	0.002149	0.000096	0.851089	0.038020
52	U	366	233397	231941	0.001578	22	1	233388	0	0	0	nan	0	0	0	0	0	0	nan	0	0	0	0.001578	0.000082	0.001578	0.000082	0.624950	0.032475
53	A	5986	233390	231244	0.025886	22	1	233380	0	0	0	nan	0	0	0	0	0	0	nan	0	0	0	0.025886	0.000335	0.025886	0.000335	0.889126	0.011506
54	A	4516	233250	230942	0.019555	22	1	233229	0	0	0	nan	0	0	0	0	0	0	nan	0	0	0	0.019555	0.000291	0.019555	0.000291	0.671670	0.009995
55	U	583	233253	230874	0.002525	22	1	233239	0	0	0	nan	0	0	0	0	0	0	nan	0	0	0	0.002525	0.000105	0.002525	0.000105	1.000000	0.041584
56	G	301	233272	230150	0.001308	22	1	233261	0	0	0	nan	0	0	0	0	0	0	nan	0	0	0	0.001308	0.000075	0.001308	0.000075	nan	nan
57	G	0	233294	230100	0.000000	22	1	233291	0	0	0	nan	0	0	0	0	0	0	nan	0	0	0	0.000000	0.000000	0.000000	0.000000	nan	nan
58	A	0	233303	0	nan	22	1	233303	0	0	0	nan	0	0	0	0	0	0	nan	0	0	0	nan	nan	nan	nan	nan	nan
59	A	0	233303	0	nan	22	1	233303	0	0	0	nan	0	0	0	0	0	0	nan	0	0	0	nan	nan	nan	nan	nan	nan
60	G	0	233303	0	nan	22	1	233303	0	0	0	nan	0	0	0	0	0	0	nan	0	0	0	nan	nan	nan	nan	nan	nan
61	u	0	233303	0	nan	22	1	233303	0	0	0	nan	0	0	0	0	0	0	nan	0	0	0	nan	nan	nan	nan	nan	nan
62	a	0	233303	0	nan	22	1	233303	0	0	0	nan	0	0	0	0	0	0	nan	0	0	0	nan	nan	nan	nan	nan	nan
63	a	0	233303	0	nan	22	1	233303	0	0	0	nan	0	0	0	0	0	0	nan	0	0	0	nan	nan	nan	nan	nan	nan
64	a	0	233303	0	nan	20	1	233303	0	0	0	nan	0	0	0	0	0	0	nan	0	0	0	nan	nan	nan	nan	nan	nan
65	g	0	233303	0	nan	20	1	233303	0	0	0	nan	0	0	0	0	0	0	nan	0	0	0	nan	nan	nan	nan	nan	nan
66	g	0	233303	0	nan	20	1	233303	0	0	0	nan	0	0	0	0	0	0	nan	0	0	0	nan	nan	nan	nan	nan	nan
67	u	0	233303	0	nan	19	1	233303	0	0	0	nan	0	0	0	0	0	0	nan	0	0	0	nan	nan	nan	nan	nan	nan
68	a	0	233303	0	nan	19	1	233303	0	0	0	nan	0	0	0	0	0	0	nan	0	0	0	nan	nan	nan	nan	nan	nan
69	a	0	233303	0	nan	19	1	233303	0	0	0	nan	0	0	0	0	0	0	nan	0	0	0	nan	nan	nan	nan	nan	nan
70	u	0	233303	0	nan	19	1	233303	0	0	0	nan	0	0	0	0	0	0	nan	0	0	0	nan	nan	nan	nan	nan	nan
71	g	0	233302	0	nan	19	1	233302	0	0	0	nan	0	0	0	0	0	0	nan	0	0	0	nan	nan	nan	nan	nan	nan
72	a	0	233302	0	nan	19	1	233302	0	0	0	nan	0	0	0	0	0	0	nan	0	0	0	nan	nan	nan	nan	nan	nan
73	a	0	233302	0	nan	19	1	233302	0	0	0	nan	0	0	0	0	0	0	nan	0	0	0	nan	nan	nan	nan	nan	nan
74	g	0	233301	0	nan	19	1	233301	0	0	0	nan	0	0	0	0	0	0	nan	0	0	0	nan	nan	nan	nan	nan	nan
75	g	0	233298	0	nan	19	1	233298	0	0	0	nan	0	0	0	0	0	0	nan	0	0	0	nan	nan	nan	nan	nan	nan
76	u	0	233288	0	nan	19	1	233288	0	0	0	nan	0	0	0	0	0	0	nan	0	0	0	nan	nan	nan	nan	nan	nan
77	g	0	233284	0	nan	19	1	233284	0	0	0	nan	0	0	0	0	0	0	nan	0	0	0	nan	nan	nan	nan	nan	nan
78	a	0	233280	0	nan	19	1	233280	0	0	0	nan	0	0	0	0	0	0	nan	0	0	0	nan	nan	nan	nan	nan	nan
79	a	0	233243	0	nan	19	1	233243	0	0	0	nan	0	0	0	0	0	0	nan	0	0	0	nan	nan	nan	nan	nan	nan
80	g	0	233144	0	nan	19	1	233144	0	0	0	nan	0	0	0	0	0	0	nan	0	0	0	nan	nan	nan	nan	nan	nan