Nucleotide	Sequence	Modified_mutations	Modified_read_depth	Modified_effective_depth	Modified_rate	Modified_off_target_mapped_depth	Modified_low_mapq_mapped_depth	Modified_primer_pair_1_mapped_depth	Untreated_mutations	Untreated_read_depth	Untreated_effective_depth	Untreated_rate	Untreated_off_target_mapped_depth	Untreated_low_mapq_mapped_depth	Untreated_primer_pair_1_mapped_depth	Denatured_mutations	Denatured_read_depth	Denatured_effective_depth	Denatured_rate	Denatured_off_target_mapped_depth	Denatured_low_mapq_mapped_depth	Denatured_primer_pair_1_mapped_depth	Reactivity_profile	Std_err	HQ_profile	HQ_stderr	Norm_profile	Norm_stderr
1	g	0	230562	0	nan	3	1	230562	0	0	0	nan	0	0	0	0	0	0	nan	0	0	0	nan	nan	nan	nan	nan	nan
2	g	0	231105	0	nan	3	1	231105	0	0	0	nan	0	0	0	0	0	0	nan	0	0	0	nan	nan	nan	nan	nan	nan
3	c	0	231257	0	nan	4	1	231257	0	0	0	nan	0	0	0	0	0	0	nan	0	0	0	nan	nan	nan	nan	nan	nan
4	a	0	233558	0	nan	8	1	233558	0	0	0	nan	0	0	0	0	0	0	nan	0	0	0	nan	nan	nan	nan	nan	nan
5	c	0	233624	0	nan	8	1	233624	0	0	0	nan	0	0	0	0	0	0	nan	0	0	0	nan	nan	nan	nan	nan	nan
6	c	0	233650	0	nan	8	1	233650	0	0	0	nan	0	0	0	0	0	0	nan	0	0	0	nan	nan	nan	nan	nan	nan
7	u	0	233651	0	nan	8	1	233651	0	0	0	nan	0	0	0	0	0	0	nan	0	0	0	nan	nan	nan	nan	nan	nan
8	c	0	233656	0	nan	8	1	233656	0	0	0	nan	0	0	0	0	0	0	nan	0	0	0	nan	nan	nan	nan	nan	nan
9	a	0	233656	0	nan	8	1	233656	0	0	0	nan	0	0	0	0	0	0	nan	0	0	0	nan	nan	nan	nan	nan	nan
10	u	0	233667	0	nan	8	1	233667	0	0	0	nan	0	0	0	0	0	0	nan	0	0	0	nan	nan	nan	nan	nan	nan
11	a	0	233686	0	nan	8	1	233686	0	0	0	nan	0	0	0	0	0	0	nan	0	0	0	nan	nan	nan	nan	nan	nan
12	a	0	233697	0	nan	8	2	233697	0	0	0	nan	0	0	0	0	0	0	nan	0	0	0	nan	nan	nan	nan	nan	nan
13	c	0	233699	0	nan	8	2	233699	0	0	0	nan	0	0	0	0	0	0	nan	0	0	0	nan	nan	nan	nan	nan	nan
14	a	0	233699	0	nan	8	2	233699	0	0	0	nan	0	0	0	0	0	0	nan	0	0	0	nan	nan	nan	nan	nan	nan
15	u	0	233701	0	nan	8	2	233701	0	0	0	nan	0	0	0	0	0	0	nan	0	0	0	nan	nan	nan	nan	nan	nan
16	a	0	233704	0	nan	8	2	233704	0	0	0	nan	0	0	0	0	0	0	nan	0	0	0	nan	nan	nan	nan	nan	nan
17	a	0	233705	0	nan	8	2	233705	0	0	0	nan	0	0	0	0	0	0	nan	0	0	0	nan	nan	nan	nan	nan	nan
18	c	0	233712	0	nan	8	2	233712	0	0	0	nan	0	0	0	0	0	0	nan	0	0	0	nan	nan	nan	nan	nan	nan
19	U	0	233712	0	nan	8	2	233712	0	0	0	nan	0	0	0	0	0	0	nan	0	0	0	nan	nan	nan	nan	nan	nan
20	A	0	233727	7	0.000000	8	2	233727	0	0	0	nan	0	0	0	0	0	0	nan	0	0	0	0.000000	0.000000	nan	nan	nan	nan
21	A	0	233731	8	0.000000	8	2	233731	0	0	0	nan	0	0	0	0	0	0	nan	0	0	0	0.000000	0.000000	nan	nan	nan	nan
22	G	0	233738	230953	0.000000	8	2	233738	0	0	0	nan	0	0	0	0	0	0	nan	0	0	0	0.000000	0.000000	0.000000	0.000000	nan	nan
23	G	248	233744	228113	0.001087	8	2	233744	0	0	0	nan	0	0	0	0	0	0	nan	0	0	0	0.001087	0.000069	0.001087	0.000069	nan	nan
24	C	7282	233754	225090	0.032352	8	2	233754	0	0	0	nan	0	0	0	0	0	0	nan	0	0	0	0.032352	0.000379	0.032352	0.000379	1.000000	0.011715
25	A	3106	233784	226072	0.013739	8	2	233784	0	0	0	nan	0	0	0	0	0	0	nan	0	0	0	0.013739	0.000247	0.013739	0.000247	1.141445	0.020521
26	G	195	233802	225559	0.000865	8	2	233800	0	0	0	nan	0	0	0	0	0	0	nan	0	0	0	0.000865	0.000062	0.000865	0.000062	nan	nan
27	A	2662	233807	232104	0.011469	8	2	233805	0	0	0	nan	0	0	0	0	0	0	nan	0	0	0	0.011469	0.000222	0.011469	0.000222	0.952852	0.018444
28	U	951	233812	231975	0.004100	8	2	233808	0	0	0	nan	0	0	0	0	0	0	nan	0	0	0	0.004100	0.000133	0.004100	0.000133	1.257283	0.040785
29	C	4409	233813	232248	0.018984	8	2	233809	0	0	0	nan	0	0	0	0	0	0	nan	0	0	0	0.018984	0.000286	0.018984	0.000286	0.586795	0.008840
30	U	740	233814	232032	0.003189	8	2	233807	0	0	0	nan	0	0	0	0	0	0	nan	0	0	0	0.003189	0.000117	0.003189	0.000117	0.977921	0.035879
31	G	183	233819	231514	0.000790	8	2	233810	0	0	0	nan	0	0	0	0	0	0	nan	0	0	0	0.000790	0.000058	0.000790	0.000058	nan	nan
32	A	2118	233822	231496	0.009149	8	2	233813	0	0	0	nan	0	0	0	0	0	0	nan	0	0	0	0.009149	0.000199	0.009149	0.000199	0.760105	0.016533
33	G	186	233824	224236	0.000829	8	2	233815	0	0	0	nan	0	0	0	0	0	0	nan	0	0	0	0.000829	0.000061	0.000829	0.000061	nan	nan
34	C	3075	233824	220320	0.013957	8	2	233810	0	0	0	nan	0	0	0	0	0	0	nan	0	0	0	0.013957	0.000252	0.013957	0.000252	0.431411	0.007789
35	C	3053	233830	220558	0.013842	8	2	233807	0	0	0	nan	0	0	0	0	0	0	nan	0	0	0	0.013842	0.000251	0.013842	0.000251	0.427856	0.007758
36	U	673	233833	223947	0.003005	8	2	233790	0	0	0	nan	0	0	0	0	0	0	nan	0	0	0	0.003005	0.000116	0.003005	0.000116	0.921496	0.035572
37	G	420	233882	227579	0.001846	8	2	233822	0	0	0	nan	0	0	0	0	0	0	nan	0	0	0	0.001846	0.000090	0.001846	0.000090	nan	nan
38	G	184	233919	227560	0.000809	8	2	233898	0	0	0	nan	0	0	0	0	0	0	nan	0	0	0	0.000809	0.000060	0.000809	0.000060	nan	nan
39	G	281	233923	227859	0.001233	8	2	233908	0	0	0	nan	0	0	0	0	0	0	nan	0	0	0	0.001233	0.000074	0.001233	0.000074	nan	nan
40	G	171	233923	228614	0.000748	8	2	233909	0	0	0	nan	0	0	0	0	0	0	nan	0	0	0	0.000748	0.000057	0.000748	0.000057	nan	nan
41	G	214	233925	228055	0.000938	8	2	233916	0	0	0	nan	0	0	0	0	0	0	nan	0	0	0	0.000938	0.000064	0.000938	0.000064	nan	nan
42	C	3272	233925	232086	0.014098	8	2	233918	0	0	0	nan	0	0	0	0	0	0	nan	0	0	0	0.014098	0.000246	0.014098	0.000246	0.435769	0.007604
43	U	549	233927	232200	0.002364	8	2	233920	0	0	0	nan	0	0	0	0	0	0	nan	0	0	0	0.002364	0.000101	0.002364	0.000101	0.724931	0.030972
44	C	3270	233930	232232	0.014081	8	2	233924	0	0	0	nan	0	0	0	0	0	0	nan	0	0	0	0.014081	0.000246	0.014081	0.000246	0.435244	0.007604
45	U	762	233931	231984	0.003285	8	2	233925	0	0	0	nan	0	0	0	0	0	0	nan	0	0	0	0.003285	0.000119	0.003285	0.000119	1.007360	0.036492
46	C	4861	233933	231671	0.020982	8	2	233930	0	0	0	nan	0	0	0	0	0	0	nan	0	0	0	0.020982	0.000301	0.020982	0.000301	0.648553	0.009304
47	U	633	233933	231546	0.002734	8	2	233923	0	0	0	nan	0	0	0	0	0	0	nan	0	0	0	0.002734	0.000109	0.002734	0.000109	0.838393	0.033425
48	G	316	233937	229360	0.001378	8	2	233925	0	0	0	nan	0	0	0	0	0	0	nan	0	0	0	0.001378	0.000078	0.001378	0.000078	nan	nan
49	C	10698	233942	230287	0.046455	8	2	233931	0	0	0	nan	0	0	0	0	0	0	nan	0	0	0	0.046455	0.000449	0.046455	0.000449	1.435924	0.013879
50	C	8664	233945	230811	0.037537	8	2	233936	0	0	0	nan	0	0	0	0	0	0	nan	0	0	0	0.037537	0.000403	0.037537	0.000403	1.160268	0.012457
51	A	1925	233955	231843	0.008303	8	2	233955	0	0	0	nan	0	0	0	0	0	0	nan	0	0	0	0.008303	0.000189	0.008303	0.000189	0.689818	0.015702
52	A	0	233955	232381	0.000000	8	2	233955	0	0	0	nan	0	0	0	0	0	0	nan	0	0	0	0.000000	0.000000	0.000000	0.000000	0.000000	0.000000
53	U	0	233944	76	0.000000	4	2	233944	0	0	0	nan	0	0	0	0	0	0	nan	0	0	0	0.000000	0.000000	nan	nan	nan	nan
54	C	0	233843	1	0.000000	3	2	233843	0	0	0	nan	0	0	0	0	0	0	nan	0	0	0	0.000000	0.000000	nan	nan	nan	nan
55	C	0	233842	0	nan	3	2	233842	0	0	0	nan	0	0	0	0	0	0	nan	0	0	0	nan	nan	nan	nan	nan	nan
56	a	0	233842	0	nan	3	2	233842	0	0	0	nan	0	0	0	0	0	0	nan	0	0	0	nan	nan	nan	nan	nan	nan
57	c	0	233842	0	nan	3	2	233842	0	0	0	nan	0	0	0	0	0	0	nan	0	0	0	nan	nan	nan	nan	nan	nan
58	u	0	233842	0	nan	3	2	233842	0	0	0	nan	0	0	0	0	0	0	nan	0	0	0	nan	nan	nan	nan	nan	nan
59	a	0	233842	0	nan	3	2	233842	0	0	0	nan	0	0	0	0	0	0	nan	0	0	0	nan	nan	nan	nan	nan	nan
60	a	0	233842	0	nan	3	2	233842	0	0	0	nan	0	0	0	0	0	0	nan	0	0	0	nan	nan	nan	nan	nan	nan
61	c	0	233842	0	nan	0	2	233842	0	0	0	nan	0	0	0	0	0	0	nan	0	0	0	nan	nan	nan	nan	nan	nan
62	c	0	233842	0	nan	0	2	233842	0	0	0	nan	0	0	0	0	0	0	nan	0	0	0	nan	nan	nan	nan	nan	nan
63	u	0	233842	0	nan	0	2	233842	0	0	0	nan	0	0	0	0	0	0	nan	0	0	0	nan	nan	nan	nan	nan	nan
64	c	0	233842	0	nan	0	2	233842	0	0	0	nan	0	0	0	0	0	0	nan	0	0	0	nan	nan	nan	nan	nan	nan
65	a	0	233842	0	nan	0	2	233842	0	0	0	nan	0	0	0	0	0	0	nan	0	0	0	nan	nan	nan	nan	nan	nan
66	c	0	233842	0	nan	0	2	233842	0	0	0	nan	0	0	0	0	0	0	nan	0	0	0	nan	nan	nan	nan	nan	nan
67	u	0	233839	0	nan	0	2	233839	0	0	0	nan	0	0	0	0	0	0	nan	0	0	0	nan	nan	nan	nan	nan	nan
68	c	0	233839	0	nan	0	2	233839	0	0	0	nan	0	0	0	0	0	0	nan	0	0	0	nan	nan	nan	nan	nan	nan
69	a	0	233838	0	nan	0	2	233838	0	0	0	nan	0	0	0	0	0	0	nan	0	0	0	nan	nan	nan	nan	nan	nan
70	c	0	233819	0	nan	0	2	233819	0	0	0	nan	0	0	0	0	0	0	nan	0	0	0	nan	nan	nan	nan	nan	nan
71	a	0	233813	0	nan	0	2	233813	0	0	0	nan	0	0	0	0	0	0	nan	0	0	0	nan	nan	nan	nan	nan	nan
72	a	0	233720	0	nan	0	2	233720	0	0	0	nan	0	0	0	0	0	0	nan	0	0	0	nan	nan	nan	nan	nan	nan
73	u	0	233580	0	nan	0	2	233580	0	0	0	nan	0	0	0	0	0	0	nan	0	0	0	nan	nan	nan	nan	nan	nan
74	c	0	233251	0	nan	0	2	233251	0	0	0	nan	0	0	0	0	0	0	nan	0	0	0	nan	nan	nan	nan	nan	nan