Nucleotide	Sequence	Modified_mutations	Modified_read_depth	Modified_effective_depth	Modified_rate	Modified_off_target_mapped_depth	Modified_low_mapq_mapped_depth	Modified_primer_pair_1_mapped_depth	Untreated_mutations	Untreated_read_depth	Untreated_effective_depth	Untreated_rate	Untreated_off_target_mapped_depth	Untreated_low_mapq_mapped_depth	Untreated_primer_pair_1_mapped_depth	Denatured_mutations	Denatured_read_depth	Denatured_effective_depth	Denatured_rate	Denatured_off_target_mapped_depth	Denatured_low_mapq_mapped_depth	Denatured_primer_pair_1_mapped_depth	Reactivity_profile	Std_err	HQ_profile	HQ_stderr	Norm_profile	Norm_stderr
1	g	0	6157728	0	nan	4	81	6157728	0	0	0	nan	0	0	0	0	0	0	nan	0	0	0	nan	nan	nan	nan	nan	nan
2	g	0	6320845	0	nan	4	83	6320845	0	0	0	nan	0	0	0	0	0	0	nan	0	0	0	nan	nan	nan	nan	nan	nan
3	u	0	6371032	0	nan	4	88	6371032	0	0	0	nan	0	0	0	0	0	0	nan	0	0	0	nan	nan	nan	nan	nan	nan
4	g	0	6385618	0	nan	4	93	6385618	0	0	0	nan	0	0	0	0	0	0	nan	0	0	0	nan	nan	nan	nan	nan	nan
5	u	0	6395687	0	nan	4	94	6395687	0	0	0	nan	0	0	0	0	0	0	nan	0	0	0	nan	nan	nan	nan	nan	nan
6	a	0	6408263	0	nan	4	95	6408263	0	0	0	nan	0	0	0	0	0	0	nan	0	0	0	nan	nan	nan	nan	nan	nan
7	a	0	6412911	0	nan	4	95	6412911	0	0	0	nan	0	0	0	0	0	0	nan	0	0	0	nan	nan	nan	nan	nan	nan
8	g	0	6415299	0	nan	4	95	6415299	0	0	0	nan	0	0	0	0	0	0	nan	0	0	0	nan	nan	nan	nan	nan	nan
9	g	0	6419592	0	nan	4	96	6419592	0	0	0	nan	0	0	0	0	0	0	nan	0	0	0	nan	nan	nan	nan	nan	nan
10	g	0	6425654	0	nan	4	96	6425654	0	0	0	nan	0	0	0	0	0	0	nan	0	0	0	nan	nan	nan	nan	nan	nan
11	u	0	6436110	0	nan	4	96	6436110	0	0	0	nan	0	0	0	0	0	0	nan	0	0	0	nan	nan	nan	nan	nan	nan
12	g	0	6461108	0	nan	200	97	6461108	0	0	0	nan	0	0	0	0	0	0	nan	0	0	0	nan	nan	nan	nan	nan	nan
13	a	0	6488123	0	nan	210	97	6488123	0	0	0	nan	0	0	0	0	0	0	nan	0	0	0	nan	nan	nan	nan	nan	nan
14	a	0	6519451	0	nan	276	97	6519451	0	0	0	nan	0	0	0	0	0	0	nan	0	0	0	nan	nan	nan	nan	nan	nan
15	g	0	6548311	0	nan	774	97	6548311	0	0	0	nan	0	0	0	0	0	0	nan	0	0	0	nan	nan	nan	nan	nan	nan
16	u	0	6569244	0	nan	778	97	6569244	0	0	0	nan	0	0	0	0	0	0	nan	0	0	0	nan	nan	nan	nan	nan	nan
17	g	0	6578402	0	nan	784	97	6578402	0	0	0	nan	0	0	0	0	0	0	nan	0	0	0	nan	nan	nan	nan	nan	nan
18	u	0	6584507	0	nan	787	97	6584507	0	0	0	nan	0	0	0	0	0	0	nan	0	0	0	nan	nan	nan	nan	nan	nan
19	a	0	6588547	0	nan	787	101	6588547	0	0	0	nan	0	0	0	0	0	0	nan	0	0	0	nan	nan	nan	nan	nan	nan
20	A	0	6590512	431	0.000000	787	101	6590512	0	0	0	nan	0	0	0	0	0	0	nan	0	0	0	0.000000	0.000000	nan	nan	nan	nan
21	G	0	6591619	493	0.000000	787	101	6591619	0	0	0	nan	0	0	0	0	0	0	nan	0	0	0	0.000000	0.000000	nan	nan	nan	nan
22	G	0	6593119	911	0.000000	787	101	6593119	0	0	0	nan	0	0	0	0	0	0	nan	0	0	0	0.000000	0.000000	nan	nan	nan	nan
23	U	0	6597398	5448434	0.000000	787	101	6597398	0	0	0	nan	0	0	0	0	0	0	nan	0	0	0	0.000000	0.000000	0.000000	0.000000	0.000000	0.000000
24	U	15369	6600332	5537584	0.002775	787	101	6600332	0	0	0	nan	0	0	0	0	0	0	nan	0	0	0	0.002775	0.000022	0.002775	0.000022	0.532630	0.004223
25	G	5245	6613422	5612070	0.000935	787	101	6613422	0	0	0	nan	0	0	0	0	0	0	nan	0	0	0	0.000935	0.000013	0.000935	0.000013	0.411532	0.005722
26	A	66113	6643661	5857757	0.011286	787	101	6643601	0	0	0	nan	0	0	0	0	0	0	nan	0	0	0	0.011286	0.000044	0.011286	0.000044	1.091094	0.004254
27	A	70550	6654186	5700774	0.012376	787	101	6654082	0	0	0	nan	0	0	0	0	0	0	nan	0	0	0	0.012376	0.000047	0.012376	0.000047	1.196471	0.004544
28	C	59112	6656611	5526683	0.010696	787	101	6656463	0	0	0	nan	0	0	0	0	0	0	nan	0	0	0	0.010696	0.000044	0.010696	0.000044	1.258649	0.005178
29	U	18839	6660413	5457924	0.003452	787	101	6660250	0	0	0	nan	0	0	0	0	0	0	nan	0	0	0	0.003452	0.000025	0.003452	0.000025	0.662572	0.004798
30	U	10062	6664905	5495213	0.001831	790	101	6664727	0	0	0	nan	0	0	0	0	0	0	nan	0	0	0	0.001831	0.000018	0.001831	0.000018	0.351440	0.003455
31	U	8321	6669806	5417002	0.001536	790	101	6669594	0	0	0	nan	0	0	0	0	0	0	nan	0	0	0	0.001536	0.000017	0.001536	0.000017	0.294818	0.003263
32	U	34281	6675195	5523597	0.006206	790	101	6674964	0	0	0	nan	0	0	0	0	0	0	nan	0	0	0	0.006206	0.000034	0.006206	0.000034	1.191171	0.006526
33	G	4139	6735303	5667692	0.000730	790	101	6735049	0	0	0	nan	0	0	0	0	0	0	nan	0	0	0	0.000730	0.000011	0.000730	0.000011	0.321303	0.004842
34	A	22330	6781056	6280378	0.003556	790	101	6780847	0	0	0	nan	0	0	0	0	0	0	nan	0	0	0	0.003556	0.000024	0.003556	0.000024	0.343782	0.002320
35	A	24647	6798743	6308653	0.003907	790	101	6798544	0	0	0	nan	0	0	0	0	0	0	nan	0	0	0	0.003907	0.000025	0.003907	0.000025	0.377716	0.002417
36	U	3980	6801890	6269339	0.000635	791	101	6801693	0	0	0	nan	0	0	0	0	0	0	nan	0	0	0	0.000635	0.000010	0.000635	0.000010	0.121881	0.001919
37	A	177319	6805068	5874858	0.030183	791	101	6804847	0	0	0	nan	0	0	0	0	0	0	nan	0	0	0	0.030183	0.000072	0.030183	0.000072	2.917994	0.006961
38	G	9151	6806632	5712306	0.001602	803	101	6806412	0	0	0	nan	0	0	0	0	0	0	nan	0	0	0	0.001602	0.000017	0.001602	0.000017	0.705106	0.007482
39	U	8940	6808602	5634327	0.001587	803	101	6808376	0	0	0	nan	0	0	0	0	0	0	nan	0	0	0	0.001587	0.000017	0.001587	0.000017	0.304607	0.003263
40	G	7751	6811524	5772525	0.001343	804	101	6811291	0	0	0	nan	0	0	0	0	0	0	nan	0	0	0	0.001343	0.000015	0.001343	0.000015	0.591109	0.006602
41	A	43311	6823626	5761919	0.007517	804	101	6823398	0	0	0	nan	0	0	0	0	0	0	nan	0	0	0	0.007517	0.000036	0.007517	0.000036	0.726719	0.003480
42	U	26563	6826798	5681151	0.004676	807	101	6826575	0	0	0	nan	0	0	0	0	0	0	nan	0	0	0	0.004676	0.000029	0.004676	0.000029	0.897505	0.005566
43	U	11599	6834310	5644275	0.002055	812	101	6834094	0	0	0	nan	0	0	0	0	0	0	nan	0	0	0	0.002055	0.000019	0.002055	0.000019	0.394434	0.003647
44	C	10890	6849850	5720621	0.001904	812	101	6849628	0	0	0	nan	0	0	0	0	0	0	nan	0	0	0	0.001904	0.000018	0.001904	0.000018	0.224053	0.002118
45	A	15941	6861984	5777833	0.002759	811	101	6861744	0	0	0	nan	0	0	0	0	0	0	nan	0	0	0	0.002759	0.000022	0.002759	0.000022	0.266731	0.002127
46	G	5061	6869490	5618277	0.000901	803	101	6869252	0	0	0	nan	0	0	0	0	0	0	nan	0	0	0	0.000901	0.000013	0.000901	0.000013	0.396567	0.005722
47	G	12999	6886290	5722452	0.002272	800	101	6886057	0	0	0	nan	0	0	0	0	0	0	nan	0	0	0	0.002272	0.000020	0.002272	0.000020	1.000000	0.008803
48	A	11376	6910613	5544643	0.002052	799	101	6910393	0	0	0	nan	0	0	0	0	0	0	nan	0	0	0	0.002052	0.000019	0.002052	0.000019	0.198381	0.001837
49	G	47457	6915669	5712580	0.008307	795	101	6915460	0	0	0	nan	0	0	0	0	0	0	nan	0	0	0	0.008307	0.000038	0.008307	0.000038	3.656250	0.016725
50	G	3810	6935142	5448199	0.000699	795	101	6934989	0	0	0	nan	0	0	0	0	0	0	nan	0	0	0	0.000699	0.000011	0.000699	0.000011	0.307658	0.004842
51	U	29665	6942297	5693969	0.005210	795	101	6942172	0	0	0	nan	0	0	0	0	0	0	nan	0	0	0	0.005210	0.000030	0.005210	0.000030	1.000000	0.005758
52	U	21062	6954759	5726063	0.003678	793	101	6954665	0	0	0	nan	0	0	0	0	0	0	nan	0	0	0	0.003678	0.000025	0.003678	0.000025	0.705950	0.004798
53	A	14145	6967006	6186021	0.002287	792	101	6966919	0	0	0	nan	0	0	0	0	0	0	nan	0	0	0	0.002287	0.000019	0.002287	0.000019	0.221100	0.001837
54	A	18725	6974073	6248164	0.002997	791	101	6974007	0	0	0	nan	0	0	0	0	0	0	nan	0	0	0	0.002997	0.000022	0.002997	0.000022	0.289740	0.002127
55	U	24599	6975244	6063416	0.004057	787	101	6975190	0	0	0	nan	0	0	0	0	0	0	nan	0	0	0	0.004057	0.000026	0.004057	0.000026	0.778695	0.004990
56	G	5986	6977939	5738981	0.001043	780	101	6977899	0	0	0	nan	0	0	0	0	0	0	nan	0	0	0	0.001043	0.000013	0.001043	0.000013	0.459067	0.005722
57	G	0	6979966	5936181	0.000000	780	101	6979943	0	0	0	nan	0	0	0	0	0	0	nan	0	0	0	0.000000	0.000000	0.000000	0.000000	0.000000	0.000000
58	A	0	6983178	99	0.000000	773	101	6983178	0	0	0	nan	0	0	0	0	0	0	nan	0	0	0	0.000000	0.000000	nan	nan	nan	nan
59	A	0	6983064	94	0.000000	773	101	6983064	0	0	0	nan	0	0	0	0	0	0	nan	0	0	0	0.000000	0.000000	nan	nan	nan	nan
60	G	0	6982950	43	0.000000	772	100	6982950	0	0	0	nan	0	0	0	0	0	0	nan	0	0	0	0.000000	0.000000	nan	nan	nan	nan
61	u	0	6982853	0	nan	772	100	6982853	0	0	0	nan	0	0	0	0	0	0	nan	0	0	0	nan	nan	nan	nan	nan	nan
62	a	0	6982606	0	nan	761	100	6982606	0	0	0	nan	0	0	0	0	0	0	nan	0	0	0	nan	nan	nan	nan	nan	nan
63	a	0	6982460	0	nan	744	100	6982460	0	0	0	nan	0	0	0	0	0	0	nan	0	0	0	nan	nan	nan	nan	nan	nan
64	a	0	6982417	0	nan	741	100	6982417	0	0	0	nan	0	0	0	0	0	0	nan	0	0	0	nan	nan	nan	nan	nan	nan
65	g	0	6982388	0	nan	737	99	6982388	0	0	0	nan	0	0	0	0	0	0	nan	0	0	0	nan	nan	nan	nan	nan	nan
66	g	0	6982367	0	nan	736	99	6982367	0	0	0	nan	0	0	0	0	0	0	nan	0	0	0	nan	nan	nan	nan	nan	nan
67	u	0	6982343	0	nan	736	99	6982343	0	0	0	nan	0	0	0	0	0	0	nan	0	0	0	nan	nan	nan	nan	nan	nan
68	a	0	6982304	0	nan	736	99	6982304	0	0	0	nan	0	0	0	0	0	0	nan	0	0	0	nan	nan	nan	nan	nan	nan
69	a	0	6982279	0	nan	736	99	6982279	0	0	0	nan	0	0	0	0	0	0	nan	0	0	0	nan	nan	nan	nan	nan	nan
70	u	0	6982231	0	nan	733	99	6982231	0	0	0	nan	0	0	0	0	0	0	nan	0	0	0	nan	nan	nan	nan	nan	nan
71	g	0	6982096	0	nan	728	99	6982096	0	0	0	nan	0	0	0	0	0	0	nan	0	0	0	nan	nan	nan	nan	nan	nan
72	a	0	6981841	0	nan	710	99	6981841	0	0	0	nan	0	0	0	0	0	0	nan	0	0	0	nan	nan	nan	nan	nan	nan
73	a	0	6981796	0	nan	702	99	6981796	0	0	0	nan	0	0	0	0	0	0	nan	0	0	0	nan	nan	nan	nan	nan	nan
74	g	0	6981742	0	nan	699	99	6981742	0	0	0	nan	0	0	0	0	0	0	nan	0	0	0	nan	nan	nan	nan	nan	nan
75	g	0	6981686	0	nan	692	99	6981686	0	0	0	nan	0	0	0	0	0	0	nan	0	0	0	nan	nan	nan	nan	nan	nan
76	u	0	6981609	0	nan	691	99	6981609	0	0	0	nan	0	0	0	0	0	0	nan	0	0	0	nan	nan	nan	nan	nan	nan
77	g	0	6981553	0	nan	691	99	6981553	0	0	0	nan	0	0	0	0	0	0	nan	0	0	0	nan	nan	nan	nan	nan	nan
78	a	0	6981381	0	nan	655	99	6981381	0	0	0	nan	0	0	0	0	0	0	nan	0	0	0	nan	nan	nan	nan	nan	nan
79	a	0	6977686	0	nan	643	99	6977686	0	0	0	nan	0	0	0	0	0	0	nan	0	0	0	nan	nan	nan	nan	nan	nan
80	g	0	6975131	0	nan	636	91	6975131	0	0	0	nan	0	0	0	0	0	0	nan	0	0	0	nan	nan	nan	nan	nan	nan