Nucleotide	Sequence	Modified_mutations	Modified_read_depth	Modified_effective_depth	Modified_rate	Modified_off_target_mapped_depth	Modified_low_mapq_mapped_depth	Modified_primer_pair_1_mapped_depth	Untreated_mutations	Untreated_read_depth	Untreated_effective_depth	Untreated_rate	Untreated_off_target_mapped_depth	Untreated_low_mapq_mapped_depth	Untreated_primer_pair_1_mapped_depth	Denatured_mutations	Denatured_read_depth	Denatured_effective_depth	Denatured_rate	Denatured_off_target_mapped_depth	Denatured_low_mapq_mapped_depth	Denatured_primer_pair_1_mapped_depth	Reactivity_profile	Std_err	HQ_profile	HQ_stderr	Norm_profile	Norm_stderr
1	g	0	6363304	0	nan	40	377	6363304	0	0	0	nan	0	0	0	0	0	0	nan	0	0	0	nan	nan	nan	nan	nan	nan
2	g	0	6400358	0	nan	41	379	6400358	0	0	0	nan	0	0	0	0	0	0	nan	0	0	0	nan	nan	nan	nan	nan	nan
3	u	0	6409182	0	nan	41	380	6409182	0	0	0	nan	0	0	0	0	0	0	nan	0	0	0	nan	nan	nan	nan	nan	nan
4	g	0	6415078	0	nan	41	402	6415078	0	0	0	nan	0	0	0	0	0	0	nan	0	0	0	nan	nan	nan	nan	nan	nan
5	u	0	6425844	0	nan	41	412	6425844	0	0	0	nan	0	0	0	0	0	0	nan	0	0	0	nan	nan	nan	nan	nan	nan
6	a	0	6429461	0	nan	41	432	6429461	0	0	0	nan	0	0	0	0	0	0	nan	0	0	0	nan	nan	nan	nan	nan	nan
7	a	0	6430450	0	nan	41	435	6430450	0	0	0	nan	0	0	0	0	0	0	nan	0	0	0	nan	nan	nan	nan	nan	nan
8	g	0	6431013	0	nan	41	435	6431013	0	0	0	nan	0	0	0	0	0	0	nan	0	0	0	nan	nan	nan	nan	nan	nan
9	g	0	6431581	0	nan	41	435	6431581	0	0	0	nan	0	0	0	0	0	0	nan	0	0	0	nan	nan	nan	nan	nan	nan
10	g	0	6432787	0	nan	41	447	6432787	0	0	0	nan	0	0	0	0	0	0	nan	0	0	0	nan	nan	nan	nan	nan	nan
11	u	0	6435458	0	nan	41	447	6435458	0	0	0	nan	0	0	0	0	0	0	nan	0	0	0	nan	nan	nan	nan	nan	nan
12	g	0	6445537	0	nan	76	468	6445537	0	0	0	nan	0	0	0	0	0	0	nan	0	0	0	nan	nan	nan	nan	nan	nan
13	a	0	6460365	0	nan	81	481	6460365	0	0	0	nan	0	0	0	0	0	0	nan	0	0	0	nan	nan	nan	nan	nan	nan
14	a	0	6468539	0	nan	101	482	6468539	0	0	0	nan	0	0	0	0	0	0	nan	0	0	0	nan	nan	nan	nan	nan	nan
15	g	0	6472488	0	nan	241	485	6472488	0	0	0	nan	0	0	0	0	0	0	nan	0	0	0	nan	nan	nan	nan	nan	nan
16	u	0	6479271	0	nan	244	485	6479271	0	0	0	nan	0	0	0	0	0	0	nan	0	0	0	nan	nan	nan	nan	nan	nan
17	g	0	6481481	0	nan	245	486	6481481	0	0	0	nan	0	0	0	0	0	0	nan	0	0	0	nan	nan	nan	nan	nan	nan
18	u	0	6483299	0	nan	245	490	6483299	0	0	0	nan	0	0	0	0	0	0	nan	0	0	0	nan	nan	nan	nan	nan	nan
19	a	0	6484896	0	nan	245	507	6484896	0	0	0	nan	0	0	0	0	0	0	nan	0	0	0	nan	nan	nan	nan	nan	nan
20	A	0	6486485	619	0.000000	245	508	6486485	0	0	0	nan	0	0	0	0	0	0	nan	0	0	0	0.000000	0.000000	nan	nan	nan	nan
21	G	0	6487333	699	0.000000	245	508	6487333	0	0	0	nan	0	0	0	0	0	0	nan	0	0	0	0.000000	0.000000	nan	nan	nan	nan
22	G	0	6487918	631	0.000000	245	508	6487918	0	0	0	nan	0	0	0	0	0	0	nan	0	0	0	0.000000	0.000000	nan	nan	nan	nan
23	U	0	6489195	5862199	0.000000	245	508	6489195	0	0	0	nan	0	0	0	0	0	0	nan	0	0	0	0.000000	0.000000	0.000000	0.000000	0.000000	0.000000
24	U	12494	6490206	5911864	0.002113	245	508	6490206	0	0	0	nan	0	0	0	0	0	0	nan	0	0	0	0.002113	0.000019	0.002113	0.000019	0.549831	0.004944
25	G	5190	6493822	5877198	0.000883	245	508	6493822	0	0	0	nan	0	0	0	0	0	0	nan	0	0	0	0.000883	0.000012	0.000883	0.000012	nan	nan
26	A	17384	6499899	6010024	0.002893	245	508	6499843	0	0	0	nan	0	0	0	0	0	0	nan	0	0	0	0.002893	0.000022	0.002893	0.000022	0.780205	0.005933
27	C	9758	6502050	5770710	0.001691	245	508	6501959	0	0	0	nan	0	0	0	0	0	0	nan	0	0	0	0.001691	0.000017	0.001691	0.000017	0.650135	0.006536
28	C	16682	6503081	5757103	0.002898	245	508	6502971	0	0	0	nan	0	0	0	0	0	0	nan	0	0	0	0.002898	0.000022	0.002898	0.000022	1.114187	0.008458
29	U	23949	6505841	5731237	0.004179	245	508	6505718	0	0	0	nan	0	0	0	0	0	0	nan	0	0	0	0.004179	0.000027	0.004179	0.000027	1.087432	0.007026
30	U	10313	6510918	5838899	0.001766	245	508	6510794	0	0	0	nan	0	0	0	0	0	0	nan	0	0	0	0.001766	0.000017	0.001766	0.000017	0.459537	0.004424
31	U	11372	6516201	5867635	0.001938	245	508	6516063	0	0	0	nan	0	0	0	0	0	0	nan	0	0	0	0.001938	0.000018	0.001938	0.000018	0.504294	0.004684
32	U	13190	6521962	5935413	0.002222	245	508	6521815	0	0	0	nan	0	0	0	0	0	0	nan	0	0	0	0.002222	0.000019	0.002222	0.000019	0.578194	0.004944
33	G	1877	6553689	6029768	0.000311	245	508	6553529	0	0	0	nan	0	0	0	0	0	0	nan	0	0	0	0.000311	0.000007	0.000311	0.000007	nan	nan
34	A	12558	6564472	6394667	0.001964	245	508	6564319	0	0	0	nan	0	0	0	0	0	0	nan	0	0	0	0.001964	0.000018	0.001964	0.000018	0.529666	0.004854
35	A	14585	6566854	6373988	0.002288	245	508	6566704	0	0	0	nan	0	0	0	0	0	0	nan	0	0	0	0.002288	0.000019	0.002288	0.000019	0.617044	0.005124
36	U	4464	6567621	6340695	0.000704	245	508	6567468	0	0	0	nan	0	0	0	0	0	0	nan	0	0	0	0.000704	0.000011	0.000704	0.000011	0.183190	0.002862
37	A	183271	6568119	6117232	0.029960	245	508	6567944	0	0	0	nan	0	0	0	0	0	0	nan	0	0	0	0.029960	0.000070	0.029960	0.000070	8.079827	0.018878
38	G	6120	6568558	6029602	0.001015	250	508	6568393	0	0	0	nan	0	0	0	0	0	0	nan	0	0	0	0.001015	0.000013	0.001015	0.000013	nan	nan
39	U	10979	6568999	6038385	0.001818	250	508	6568823	0	0	0	nan	0	0	0	0	0	0	nan	0	0	0	0.001818	0.000017	0.001818	0.000017	0.473068	0.004424
40	G	6521	6569556	6165352	0.001058	258	508	6569370	0	0	0	nan	0	0	0	0	0	0	nan	0	0	0	0.001058	0.000013	0.001058	0.000013	nan	nan
41	A	37185	6571925	6135158	0.006061	259	508	6571734	0	0	0	nan	0	0	0	0	0	0	nan	0	0	0	0.006061	0.000031	0.006061	0.000031	1.634574	0.008360
42	U	20004	6572671	6082371	0.003289	261	508	6572481	0	0	0	nan	0	0	0	0	0	0	nan	0	0	0	0.003289	0.000023	0.003289	0.000023	0.855842	0.005985
43	U	10644	6574276	6014504	0.001770	264	508	6574080	0	0	0	nan	0	0	0	0	0	0	nan	0	0	0	0.001770	0.000017	0.001770	0.000017	0.460578	0.004424
44	C	13870	6576990	6020298	0.002304	263	508	6576780	0	0	0	nan	0	0	0	0	0	0	nan	0	0	0	0.002304	0.000020	0.002304	0.000020	0.885813	0.007689
45	A	17127	6579046	6042753	0.002834	263	508	6578808	0	0	0	nan	0	0	0	0	0	0	nan	0	0	0	0.002834	0.000022	0.002834	0.000022	0.764293	0.005933
46	G	3077	6580922	5927185	0.000519	262	508	6580699	0	0	0	nan	0	0	0	0	0	0	nan	0	0	0	0.000519	0.000009	0.000519	0.000009	nan	nan
47	G	8864	6585109	5999340	0.001477	262	508	6584887	0	0	0	nan	0	0	0	0	0	0	nan	0	0	0	0.001477	0.000016	0.001477	0.000016	nan	nan
48	A	7027	6591354	5897120	0.001192	266	508	6591136	0	0	0	nan	0	0	0	0	0	0	nan	0	0	0	0.001192	0.000014	0.001192	0.000014	0.321467	0.003776
49	G	15687	6592688	5977552	0.002624	265	508	6592485	0	0	0	nan	0	0	0	0	0	0	nan	0	0	0	0.002624	0.000021	0.002624	0.000021	nan	nan
50	G	2442	6602017	5816606	0.000420	273	508	6601849	0	0	0	nan	0	0	0	0	0	0	nan	0	0	0	0.000420	0.000008	0.000420	0.000008	nan	nan
51	U	22834	6605100	5941261	0.003843	273	508	6604953	0	0	0	nan	0	0	0	0	0	0	nan	0	0	0	0.003843	0.000025	0.003843	0.000025	1.000000	0.006505
52	U	18831	6610280	5942390	0.003169	276	508	6610158	0	0	0	nan	0	0	0	0	0	0	nan	0	0	0	0.003169	0.000023	0.003169	0.000023	0.824616	0.005985
53	A	13028	6614399	6182691	0.002107	275	508	6614290	0	0	0	nan	0	0	0	0	0	0	nan	0	0	0	0.002107	0.000018	0.002107	0.000018	0.568231	0.004854
54	A	23477	6616659	6331718	0.003708	274	508	6616564	0	0	0	nan	0	0	0	0	0	0	nan	0	0	0	0.003708	0.000024	0.003708	0.000024	1.000000	0.006472
55	U	11165	6617600	6276637	0.001779	273	508	6617536	0	0	0	nan	0	0	0	0	0	0	nan	0	0	0	0.001779	0.000017	0.001779	0.000017	0.462920	0.004424
56	G	4567	6618448	6088396	0.000750	273	508	6618395	0	0	0	nan	0	0	0	0	0	0	nan	0	0	0	0.000750	0.000011	0.000750	0.000011	nan	nan
57	G	0	6619477	6121475	0.000000	272	508	6619441	0	0	0	nan	0	0	0	0	0	0	nan	0	0	0	0.000000	0.000000	0.000000	0.000000	nan	nan
58	A	0	6621153	30	0.000000	272	508	6621153	0	0	0	nan	0	0	0	0	0	0	nan	0	0	0	0.000000	0.000000	nan	nan	nan	nan
59	A	0	6621125	26	0.000000	272	508	6621125	0	0	0	nan	0	0	0	0	0	0	nan	0	0	0	0.000000	0.000000	nan	nan	nan	nan
60	G	0	6621086	16	0.000000	272	508	6621086	0	0	0	nan	0	0	0	0	0	0	nan	0	0	0	0.000000	0.000000	nan	nan	nan	nan
61	u	0	6621048	0	nan	272	508	6621048	0	0	0	nan	0	0	0	0	0	0	nan	0	0	0	nan	nan	nan	nan	nan	nan
62	a	0	6620949	0	nan	267	508	6620949	0	0	0	nan	0	0	0	0	0	0	nan	0	0	0	nan	nan	nan	nan	nan	nan
63	a	0	6620903	0	nan	267	507	6620903	0	0	0	nan	0	0	0	0	0	0	nan	0	0	0	nan	nan	nan	nan	nan	nan
64	a	0	6620887	0	nan	264	499	6620887	0	0	0	nan	0	0	0	0	0	0	nan	0	0	0	nan	nan	nan	nan	nan	nan
65	g	0	6620861	0	nan	249	443	6620861	0	0	0	nan	0	0	0	0	0	0	nan	0	0	0	nan	nan	nan	nan	nan	nan
66	g	0	6620835	0	nan	231	435	6620835	0	0	0	nan	0	0	0	0	0	0	nan	0	0	0	nan	nan	nan	nan	nan	nan
67	u	0	6620808	0	nan	228	427	6620808	0	0	0	nan	0	0	0	0	0	0	nan	0	0	0	nan	nan	nan	nan	nan	nan
68	a	0	6620782	0	nan	228	401	6620782	0	0	0	nan	0	0	0	0	0	0	nan	0	0	0	nan	nan	nan	nan	nan	nan
69	a	0	6620763	0	nan	227	399	6620763	0	0	0	nan	0	0	0	0	0	0	nan	0	0	0	nan	nan	nan	nan	nan	nan
70	u	0	6620752	0	nan	226	381	6620752	0	0	0	nan	0	0	0	0	0	0	nan	0	0	0	nan	nan	nan	nan	nan	nan
71	g	0	6620705	0	nan	224	380	6620705	0	0	0	nan	0	0	0	0	0	0	nan	0	0	0	nan	nan	nan	nan	nan	nan
72	a	0	6620663	0	nan	224	380	6620663	0	0	0	nan	0	0	0	0	0	0	nan	0	0	0	nan	nan	nan	nan	nan	nan
73	a	0	6620627	0	nan	224	380	6620627	0	0	0	nan	0	0	0	0	0	0	nan	0	0	0	nan	nan	nan	nan	nan	nan
74	g	0	6620610	0	nan	222	380	6620610	0	0	0	nan	0	0	0	0	0	0	nan	0	0	0	nan	nan	nan	nan	nan	nan
75	g	0	6620574	0	nan	221	379	6620574	0	0	0	nan	0	0	0	0	0	0	nan	0	0	0	nan	nan	nan	nan	nan	nan
76	u	0	6620504	0	nan	220	377	6620504	0	0	0	nan	0	0	0	0	0	0	nan	0	0	0	nan	nan	nan	nan	nan	nan
77	g	0	6620385	0	nan	220	370	6620385	0	0	0	nan	0	0	0	0	0	0	nan	0	0	0	nan	nan	nan	nan	nan	nan
78	a	0	6620285	0	nan	219	370	6620285	0	0	0	nan	0	0	0	0	0	0	nan	0	0	0	nan	nan	nan	nan	nan	nan
79	a	0	6615171	0	nan	217	368	6615171	0	0	0	nan	0	0	0	0	0	0	nan	0	0	0	nan	nan	nan	nan	nan	nan
80	g	0	6612746	0	nan	216	365	6612746	0	0	0	nan	0	0	0	0	0	0	nan	0	0	0	nan	nan	nan	nan	nan	nan