Nucleotide	Sequence	Modified_mutations	Modified_read_depth	Modified_effective_depth	Modified_rate	Modified_off_target_mapped_depth	Modified_low_mapq_mapped_depth	Modified_primer_pair_1_mapped_depth	Untreated_mutations	Untreated_read_depth	Untreated_effective_depth	Untreated_rate	Untreated_off_target_mapped_depth	Untreated_low_mapq_mapped_depth	Untreated_primer_pair_1_mapped_depth	Denatured_mutations	Denatured_read_depth	Denatured_effective_depth	Denatured_rate	Denatured_off_target_mapped_depth	Denatured_low_mapq_mapped_depth	Denatured_primer_pair_1_mapped_depth	Reactivity_profile	Std_err	HQ_profile	HQ_stderr	Norm_profile	Norm_stderr
1	g	0	238653	0	nan	21	1	238653	0	0	0	nan	0	0	0	0	0	0	nan	0	0	0	nan	nan	nan	nan	nan	nan
2	g	0	239058	0	nan	21	1	239058	0	0	0	nan	0	0	0	0	0	0	nan	0	0	0	nan	nan	nan	nan	nan	nan
3	c	0	239239	0	nan	21	1	239239	0	0	0	nan	0	0	0	0	0	0	nan	0	0	0	nan	nan	nan	nan	nan	nan
4	a	0	256970	0	nan	54	1	256970	0	0	0	nan	0	0	0	0	0	0	nan	0	0	0	nan	nan	nan	nan	nan	nan
5	c	0	257282	0	nan	56	1	257282	0	0	0	nan	0	0	0	0	0	0	nan	0	0	0	nan	nan	nan	nan	nan	nan
6	c	0	257351	0	nan	56	1	257351	0	0	0	nan	0	0	0	0	0	0	nan	0	0	0	nan	nan	nan	nan	nan	nan
7	u	0	257371	0	nan	56	1	257371	0	0	0	nan	0	0	0	0	0	0	nan	0	0	0	nan	nan	nan	nan	nan	nan
8	c	0	257379	0	nan	56	1	257379	0	0	0	nan	0	0	0	0	0	0	nan	0	0	0	nan	nan	nan	nan	nan	nan
9	a	0	257382	0	nan	56	1	257382	0	0	0	nan	0	0	0	0	0	0	nan	0	0	0	nan	nan	nan	nan	nan	nan
10	u	0	257439	0	nan	56	1	257439	0	0	0	nan	0	0	0	0	0	0	nan	0	0	0	nan	nan	nan	nan	nan	nan
11	a	0	257503	0	nan	56	1	257503	0	0	0	nan	0	0	0	0	0	0	nan	0	0	0	nan	nan	nan	nan	nan	nan
12	a	0	257513	0	nan	56	1	257513	0	0	0	nan	0	0	0	0	0	0	nan	0	0	0	nan	nan	nan	nan	nan	nan
13	c	0	257524	0	nan	56	1	257524	0	0	0	nan	0	0	0	0	0	0	nan	0	0	0	nan	nan	nan	nan	nan	nan
14	a	0	257534	0	nan	56	1	257534	0	0	0	nan	0	0	0	0	0	0	nan	0	0	0	nan	nan	nan	nan	nan	nan
15	u	0	257537	0	nan	56	1	257537	0	0	0	nan	0	0	0	0	0	0	nan	0	0	0	nan	nan	nan	nan	nan	nan
16	a	0	257544	0	nan	56	1	257544	0	0	0	nan	0	0	0	0	0	0	nan	0	0	0	nan	nan	nan	nan	nan	nan
17	a	0	257549	0	nan	56	1	257549	0	0	0	nan	0	0	0	0	0	0	nan	0	0	0	nan	nan	nan	nan	nan	nan
18	c	0	257553	0	nan	56	1	257553	0	0	0	nan	0	0	0	0	0	0	nan	0	0	0	nan	nan	nan	nan	nan	nan
19	U	0	257556	2	0.000000	56	1	257556	0	0	0	nan	0	0	0	0	0	0	nan	0	0	0	0.000000	0.000000	nan	nan	nan	nan
20	A	0	257657	94	0.000000	56	1	257657	0	0	0	nan	0	0	0	0	0	0	nan	0	0	0	0.000000	0.000000	nan	nan	nan	nan
21	A	0	257667	88	0.000000	56	1	257667	0	0	0	nan	0	0	0	0	0	0	nan	0	0	0	0.000000	0.000000	nan	nan	nan	nan
22	G	0	257682	253490	0.000000	56	1	257682	0	0	0	nan	0	0	0	0	0	0	nan	0	0	0	0.000000	0.000000	0.000000	0.000000	nan	nan
23	G	195	257700	251146	0.000776	56	1	257700	0	0	0	nan	0	0	0	0	0	0	nan	0	0	0	0.000776	0.000056	0.000776	0.000056	nan	nan
24	C	3690	257735	253522	0.014555	56	1	257735	0	0	0	nan	0	0	0	0	0	0	nan	0	0	0	0.014555	0.000240	0.014555	0.000240	1.000000	0.016489
25	A	1782	257766	255454	0.006976	56	1	257766	0	0	0	nan	0	0	0	0	0	0	nan	0	0	0	0.006976	0.000165	0.006976	0.000165	0.942958	0.022303
26	G	142	257808	255825	0.000555	56	1	257807	0	0	0	nan	0	0	0	0	0	0	nan	0	0	0	0.000555	0.000047	0.000555	0.000047	nan	nan
27	A	1446	257882	255858	0.005652	56	1	257881	0	0	0	nan	0	0	0	0	0	0	nan	0	0	0	0.005652	0.000149	0.005652	0.000149	0.763990	0.020141
28	U	1089	257900	255237	0.004267	56	1	257899	0	0	0	nan	0	0	0	0	0	0	nan	0	0	0	0.004267	0.000129	0.004267	0.000129	1.269563	0.038381
29	C	2266	257911	255356	0.008874	56	1	257907	0	0	0	nan	0	0	0	0	0	0	nan	0	0	0	0.008874	0.000186	0.008874	0.000186	0.609687	0.012779
30	U	694	257928	255374	0.002718	56	1	257922	0	0	0	nan	0	0	0	0	0	0	nan	0	0	0	0.002718	0.000103	0.002718	0.000103	0.808688	0.030646
31	G	130	257932	254933	0.000510	56	1	257918	0	0	0	nan	0	0	0	0	0	0	nan	0	0	0	0.000510	0.000045	0.000510	0.000045	nan	nan
32	A	2018	257938	255049	0.007912	56	1	257923	0	0	0	nan	0	0	0	0	0	0	nan	0	0	0	0.007912	0.000176	0.007912	0.000176	1.069478	0.023790
33	G	166	257949	252002	0.000659	56	1	257919	0	0	0	nan	0	0	0	0	0	0	nan	0	0	0	0.000659	0.000051	0.000659	0.000051	nan	nan
34	C	3102	257954	249575	0.012429	56	1	257899	0	0	0	nan	0	0	0	0	0	0	nan	0	0	0	0.012429	0.000223	0.012429	0.000223	0.853933	0.015321
35	C	2420	257972	249873	0.009685	56	1	257877	0	0	0	nan	0	0	0	0	0	0	nan	0	0	0	0.009685	0.000197	0.009685	0.000197	0.665407	0.013535
36	U	853	258040	250600	0.003404	56	1	257942	0	0	0	nan	0	0	0	0	0	0	nan	0	0	0	0.003404	0.000117	0.003404	0.000117	1.012794	0.034811
37	G	175	258067	251731	0.000695	56	1	257702	0	0	0	nan	0	0	0	0	0	0	nan	0	0	0	0.000695	0.000053	0.000695	0.000053	nan	nan
38	G	154	258073	251342	0.000613	56	1	257709	0	0	0	nan	0	0	0	0	0	0	nan	0	0	0	0.000613	0.000049	0.000613	0.000049	nan	nan
39	G	140	258119	250704	0.000558	56	1	257776	0	0	0	nan	0	0	0	0	0	0	nan	0	0	0	0.000558	0.000047	0.000558	0.000047	nan	nan
40	A	1860	258190	251424	0.007398	56	1	257902	0	0	0	nan	0	0	0	0	0	0	nan	0	0	0	0.007398	0.000172	0.007398	0.000172	1.000000	0.023250
41	G	187	258287	250739	0.000746	56	1	258112	0	0	0	nan	0	0	0	0	0	0	nan	0	0	0	0.000746	0.000055	0.000746	0.000055	nan	nan
42	C	3071	258373	255662	0.012012	29	1	258340	0	0	0	nan	0	0	0	0	0	0	nan	0	0	0	0.012012	0.000217	0.012012	0.000217	0.825283	0.014909
43	U	587	258381	256722	0.002287	29	1	258367	0	0	0	nan	0	0	0	0	0	0	nan	0	0	0	0.002287	0.000094	0.002287	0.000094	0.680452	0.027968
44	C	2505	258383	256947	0.009749	25	1	258374	0	0	0	nan	0	0	0	0	0	0	nan	0	0	0	0.009749	0.000195	0.009749	0.000195	0.669804	0.013397
45	U	830	258382	256780	0.003232	25	1	258370	0	0	0	nan	0	0	0	0	0	0	nan	0	0	0	0.003232	0.000112	0.003232	0.000112	0.961619	0.033323
46	C	3404	258382	256919	0.013249	24	1	258366	0	0	0	nan	0	0	0	0	0	0	nan	0	0	0	0.013249	0.000227	0.013249	0.000227	0.910271	0.015596
47	U	653	258382	256798	0.002543	24	1	258363	0	0	0	nan	0	0	0	0	0	0	nan	0	0	0	0.002543	0.000100	0.002543	0.000100	0.756620	0.029753
48	G	208	258387	255078	0.000815	24	1	258371	0	0	0	nan	0	0	0	0	0	0	nan	0	0	0	0.000815	0.000057	0.000815	0.000057	nan	nan
49	C	4418	258388	255594	0.017285	24	1	258374	0	0	0	nan	0	0	0	0	0	0	nan	0	0	0	0.017285	0.000260	0.017285	0.000260	1.187564	0.017863
50	C	3976	258395	255862	0.015540	24	1	258384	0	0	0	nan	0	0	0	0	0	0	nan	0	0	0	0.015540	0.000246	0.015540	0.000246	1.067674	0.016901
51	A	1223	258398	256367	0.004771	24	1	258393	0	0	0	nan	0	0	0	0	0	0	nan	0	0	0	0.004771	0.000136	0.004771	0.000136	0.644904	0.018383
52	A	0	258400	256519	0.000000	24	1	258400	0	0	0	nan	0	0	0	0	0	0	nan	0	0	0	0.000000	0.000000	0.000000	0.000000	0.000000	0.000000
53	U	0	258392	166	0.000000	21	1	258392	0	0	0	nan	0	0	0	0	0	0	nan	0	0	0	0.000000	0.000000	nan	nan	nan	nan
54	C	0	258180	1	0.000000	21	1	258180	0	0	0	nan	0	0	0	0	0	0	nan	0	0	0	0.000000	0.000000	nan	nan	nan	nan
55	C	0	258179	1	0.000000	21	1	258179	0	0	0	nan	0	0	0	0	0	0	nan	0	0	0	0.000000	0.000000	nan	nan	nan	nan
56	a	0	258178	0	nan	21	1	258178	0	0	0	nan	0	0	0	0	0	0	nan	0	0	0	nan	nan	nan	nan	nan	nan
57	c	0	258178	0	nan	20	1	258178	0	0	0	nan	0	0	0	0	0	0	nan	0	0	0	nan	nan	nan	nan	nan	nan
58	u	0	258178	0	nan	20	1	258178	0	0	0	nan	0	0	0	0	0	0	nan	0	0	0	nan	nan	nan	nan	nan	nan
59	a	0	258178	0	nan	20	1	258178	0	0	0	nan	0	0	0	0	0	0	nan	0	0	0	nan	nan	nan	nan	nan	nan
60	a	0	258178	0	nan	20	1	258178	0	0	0	nan	0	0	0	0	0	0	nan	0	0	0	nan	nan	nan	nan	nan	nan
61	c	0	258178	0	nan	10	1	258178	0	0	0	nan	0	0	0	0	0	0	nan	0	0	0	nan	nan	nan	nan	nan	nan
62	c	0	258178	0	nan	9	1	258178	0	0	0	nan	0	0	0	0	0	0	nan	0	0	0	nan	nan	nan	nan	nan	nan
63	u	0	258178	0	nan	0	1	258178	0	0	0	nan	0	0	0	0	0	0	nan	0	0	0	nan	nan	nan	nan	nan	nan
64	c	0	258178	0	nan	0	1	258178	0	0	0	nan	0	0	0	0	0	0	nan	0	0	0	nan	nan	nan	nan	nan	nan
65	a	0	258178	0	nan	0	1	258178	0	0	0	nan	0	0	0	0	0	0	nan	0	0	0	nan	nan	nan	nan	nan	nan
66	c	0	258177	0	nan	0	1	258177	0	0	0	nan	0	0	0	0	0	0	nan	0	0	0	nan	nan	nan	nan	nan	nan
67	u	0	258177	0	nan	0	1	258177	0	0	0	nan	0	0	0	0	0	0	nan	0	0	0	nan	nan	nan	nan	nan	nan
68	c	0	258177	0	nan	0	1	258177	0	0	0	nan	0	0	0	0	0	0	nan	0	0	0	nan	nan	nan	nan	nan	nan
69	a	0	258175	0	nan	0	1	258175	0	0	0	nan	0	0	0	0	0	0	nan	0	0	0	nan	nan	nan	nan	nan	nan
70	c	0	258158	0	nan	0	1	258158	0	0	0	nan	0	0	0	0	0	0	nan	0	0	0	nan	nan	nan	nan	nan	nan
71	a	0	258156	0	nan	0	1	258156	0	0	0	nan	0	0	0	0	0	0	nan	0	0	0	nan	nan	nan	nan	nan	nan
72	a	0	258066	0	nan	0	1	258066	0	0	0	nan	0	0	0	0	0	0	nan	0	0	0	nan	nan	nan	nan	nan	nan
73	u	0	257923	0	nan	0	1	257923	0	0	0	nan	0	0	0	0	0	0	nan	0	0	0	nan	nan	nan	nan	nan	nan
74	c	0	257608	0	nan	0	1	257608	0	0	0	nan	0	0	0	0	0	0	nan	0	0	0	nan	nan	nan	nan	nan	nan