Nucleotide	Sequence	Modified_mutations	Modified_read_depth	Modified_effective_depth	Modified_rate	Modified_off_target_mapped_depth	Modified_low_mapq_mapped_depth	Modified_primer_pair_1_mapped_depth	Untreated_mutations	Untreated_read_depth	Untreated_effective_depth	Untreated_rate	Untreated_off_target_mapped_depth	Untreated_low_mapq_mapped_depth	Untreated_primer_pair_1_mapped_depth	Denatured_mutations	Denatured_read_depth	Denatured_effective_depth	Denatured_rate	Denatured_off_target_mapped_depth	Denatured_low_mapq_mapped_depth	Denatured_primer_pair_1_mapped_depth	Reactivity_profile	Std_err	HQ_profile	HQ_stderr	Norm_profile	Norm_stderr
1	g	0	206209	0	nan	2	0	206209	0	0	0	nan	0	0	0	0	0	0	nan	0	0	0	nan	nan	nan	nan	nan	nan
2	g	0	206388	0	nan	2	0	206388	0	0	0	nan	0	0	0	0	0	0	nan	0	0	0	nan	nan	nan	nan	nan	nan
3	u	0	206473	0	nan	2	0	206473	0	0	0	nan	0	0	0	0	0	0	nan	0	0	0	nan	nan	nan	nan	nan	nan
4	g	0	206488	0	nan	2	0	206488	0	0	0	nan	0	0	0	0	0	0	nan	0	0	0	nan	nan	nan	nan	nan	nan
5	u	0	206504	0	nan	2	0	206504	0	0	0	nan	0	0	0	0	0	0	nan	0	0	0	nan	nan	nan	nan	nan	nan
6	a	0	206504	0	nan	2	0	206504	0	0	0	nan	0	0	0	0	0	0	nan	0	0	0	nan	nan	nan	nan	nan	nan
7	a	0	206506	0	nan	2	0	206506	0	0	0	nan	0	0	0	0	0	0	nan	0	0	0	nan	nan	nan	nan	nan	nan
8	g	0	206506	0	nan	2	0	206506	0	0	0	nan	0	0	0	0	0	0	nan	0	0	0	nan	nan	nan	nan	nan	nan
9	g	0	206516	0	nan	2	0	206516	0	0	0	nan	0	0	0	0	0	0	nan	0	0	0	nan	nan	nan	nan	nan	nan
10	g	0	207738	0	nan	2	0	207738	0	0	0	nan	0	0	0	0	0	0	nan	0	0	0	nan	nan	nan	nan	nan	nan
11	u	0	207757	0	nan	2	0	207757	0	0	0	nan	0	0	0	0	0	0	nan	0	0	0	nan	nan	nan	nan	nan	nan
12	g	0	207776	0	nan	2	0	207776	0	0	0	nan	0	0	0	0	0	0	nan	0	0	0	nan	nan	nan	nan	nan	nan
13	a	0	207777	0	nan	2	0	207777	0	0	0	nan	0	0	0	0	0	0	nan	0	0	0	nan	nan	nan	nan	nan	nan
14	a	0	207777	0	nan	2	0	207777	0	0	0	nan	0	0	0	0	0	0	nan	0	0	0	nan	nan	nan	nan	nan	nan
15	g	0	207778	0	nan	31	0	207778	0	0	0	nan	0	0	0	0	0	0	nan	0	0	0	nan	nan	nan	nan	nan	nan
16	u	0	207779	0	nan	31	0	207779	0	0	0	nan	0	0	0	0	0	0	nan	0	0	0	nan	nan	nan	nan	nan	nan
17	g	0	207780	0	nan	31	0	207780	0	0	0	nan	0	0	0	0	0	0	nan	0	0	0	nan	nan	nan	nan	nan	nan
18	u	0	207784	0	nan	31	0	207784	0	0	0	nan	0	0	0	0	0	0	nan	0	0	0	nan	nan	nan	nan	nan	nan
19	a	0	207788	0	nan	31	0	207788	0	0	0	nan	0	0	0	0	0	0	nan	0	0	0	nan	nan	nan	nan	nan	nan
20	A	0	207790	2	0.000000	31	0	207790	0	0	0	nan	0	0	0	0	0	0	nan	0	0	0	0.000000	0.000000	nan	nan	nan	nan
21	G	0	207797	7	0.000000	31	0	207797	0	0	0	nan	0	0	0	0	0	0	nan	0	0	0	0.000000	0.000000	nan	nan	nan	nan
22	G	0	207802	12	0.000000	31	0	207802	0	0	0	nan	0	0	0	0	0	0	nan	0	0	0	0.000000	0.000000	nan	nan	nan	nan
23	U	0	207810	207533	0.000000	31	0	207810	0	0	0	nan	0	0	0	0	0	0	nan	0	0	0	0.000000	0.000000	0.000000	0.000000	0.000000	0.000000
24	U	424	207815	207514	0.002043	31	0	207815	0	0	0	nan	0	0	0	0	0	0	nan	0	0	0	0.002043	0.000099	0.002043	0.000099	0.864213	0.041878
25	G	247	207815	206041	0.001199	31	0	207815	0	0	0	nan	0	0	0	0	0	0	nan	0	0	0	0.001199	0.000076	0.001199	0.000076	nan	nan
26	A	7279	207815	206873	0.035186	31	0	207815	0	0	0	nan	0	0	0	0	0	0	nan	0	0	0	0.035186	0.000412	0.035186	0.000412	1.242860	0.014553
27	A	6286	207815	206736	0.030406	31	0	207814	0	0	0	nan	0	0	0	0	0	0	nan	0	0	0	0.030406	0.000384	0.030406	0.000384	1.074018	0.013564
28	C	4375	207816	206023	0.021235	31	0	207815	0	0	0	nan	0	0	0	0	0	0	nan	0	0	0	0.021235	0.000321	0.021235	0.000321	1.292020	0.019531
29	U	271	207816	206907	0.001310	31	0	207814	0	0	0	nan	0	0	0	0	0	0	nan	0	0	0	0.001310	0.000080	0.001310	0.000080	0.554146	0.033841
30	U	330	207815	207133	0.001593	31	0	207813	0	0	0	nan	0	0	0	0	0	0	nan	0	0	0	0.001593	0.000088	0.001593	0.000088	0.673858	0.037225
31	U	429	207817	207157	0.002071	31	0	207812	0	0	0	nan	0	0	0	0	0	0	nan	0	0	0	0.002071	0.000100	0.002071	0.000100	0.876058	0.042301
32	U	285	207820	207049	0.001376	31	0	207793	0	0	0	nan	0	0	0	0	0	0	nan	0	0	0	0.001376	0.000082	0.001376	0.000082	0.582064	0.034687
33	G	152	207835	205509	0.000740	31	0	207799	0	0	0	nan	0	0	0	0	0	0	nan	0	0	0	0.000740	0.000060	0.000740	0.000060	nan	nan
34	A	2691	207842	206704	0.013019	31	0	207802	0	0	0	nan	0	0	0	0	0	0	nan	0	0	0	0.013019	0.000251	0.013019	0.000251	0.459865	0.008866
35	A	1993	207844	206598	0.009647	31	0	207803	0	0	0	nan	0	0	0	0	0	0	nan	0	0	0	0.009647	0.000216	0.009647	0.000216	0.340757	0.007630
36	U	174	207845	205987	0.000845	31	0	207803	0	0	0	nan	0	0	0	0	0	0	nan	0	0	0	0.000845	0.000064	0.000845	0.000064	0.357445	0.027073
37	A	20385	207848	205696	0.099103	31	0	207805	0	0	0	nan	0	0	0	0	0	0	nan	0	0	0	0.099103	0.000694	0.099103	0.000694	3.500574	0.024514
38	G	280	207867	202886	0.001380	31	0	207844	0	0	0	nan	0	0	0	0	0	0	nan	0	0	0	0.001380	0.000082	0.001380	0.000082	nan	nan
39	U	510	207868	206703	0.002467	31	0	207849	0	0	0	nan	0	0	0	0	0	0	nan	0	0	0	0.002467	0.000109	0.002467	0.000109	1.043570	0.046108
40	G	410	207870	205750	0.001993	31	0	207850	0	0	0	nan	0	0	0	0	0	0	nan	0	0	0	0.001993	0.000098	0.001993	0.000098	nan	nan
41	A	4557	207870	206910	0.022024	31	0	207853	0	0	0	nan	0	0	0	0	0	0	nan	0	0	0	0.022024	0.000326	0.022024	0.000326	0.777945	0.011515
42	U	355	207877	206976	0.001715	31	0	207867	0	0	0	nan	0	0	0	0	0	0	nan	0	0	0	0.001715	0.000091	0.001715	0.000091	0.725465	0.038494
43	U	318	207880	207226	0.001535	31	0	207870	0	0	0	nan	0	0	0	0	0	0	nan	0	0	0	0.001535	0.000086	0.001535	0.000086	0.649323	0.036379
44	C	422	207892	207199	0.002037	31	0	207885	0	0	0	nan	0	0	0	0	0	0	nan	0	0	0	0.002037	0.000099	0.002037	0.000099	0.123939	0.006024
45	A	1486	207902	207177	0.007173	31	0	207896	0	0	0	nan	0	0	0	0	0	0	nan	0	0	0	0.007173	0.000186	0.007173	0.000186	0.253369	0.006570
46	G	243	207919	206209	0.001178	31	0	207916	0	0	0	nan	0	0	0	0	0	0	nan	0	0	0	0.001178	0.000076	0.001178	0.000076	nan	nan
47	G	216	207919	206153	0.001048	31	0	207915	0	0	0	nan	0	0	0	0	0	0	nan	0	0	0	0.001048	0.000071	0.001048	0.000071	nan	nan
48	A	1217	207917	207121	0.005876	31	0	207913	0	0	0	nan	0	0	0	0	0	0	nan	0	0	0	0.005876	0.000168	0.005876	0.000168	0.207556	0.005934
49	G	308	207918	205925	0.001496	31	0	207913	0	0	0	nan	0	0	0	0	0	0	nan	0	0	0	0.001496	0.000085	0.001496	0.000085	nan	nan
50	G	610	207920	205883	0.002963	31	0	207916	0	0	0	nan	0	0	0	0	0	0	nan	0	0	0	0.002963	0.000120	0.002963	0.000120	nan	nan
51	U	361	207925	206984	0.001744	31	0	207921	0	0	0	nan	0	0	0	0	0	0	nan	0	0	0	0.001744	0.000092	0.001744	0.000092	0.737733	0.038917
52	U	391	207926	206805	0.001891	31	0	207922	0	0	0	nan	0	0	0	0	0	0	nan	0	0	0	0.001891	0.000096	0.001891	0.000096	0.799915	0.040609
53	A	2705	207922	206240	0.013116	31	0	207917	0	0	0	nan	0	0	0	0	0	0	nan	0	0	0	0.013116	0.000252	0.013116	0.000252	0.463291	0.008901
54	A	2524	207788	205843	0.012262	31	0	207782	0	0	0	nan	0	0	0	0	0	0	nan	0	0	0	0.012262	0.000244	0.012262	0.000244	0.433126	0.008619
55	U	486	207793	205622	0.002364	31	0	207789	0	0	0	nan	0	0	0	0	0	0	nan	0	0	0	0.002364	0.000107	0.002364	0.000107	1.000000	0.045262
56	G	376	207805	204801	0.001836	31	0	207802	0	0	0	nan	0	0	0	0	0	0	nan	0	0	0	0.001836	0.000095	0.001836	0.000095	nan	nan
57	G	0	207827	204156	0.000000	31	0	207826	0	0	0	nan	0	0	0	0	0	0	nan	0	0	0	0.000000	0.000000	0.000000	0.000000	nan	nan
58	A	0	207837	0	nan	31	0	207837	0	0	0	nan	0	0	0	0	0	0	nan	0	0	0	nan	nan	nan	nan	nan	nan
59	A	0	207837	0	nan	31	0	207837	0	0	0	nan	0	0	0	0	0	0	nan	0	0	0	nan	nan	nan	nan	nan	nan
60	G	0	207837	0	nan	31	0	207837	0	0	0	nan	0	0	0	0	0	0	nan	0	0	0	nan	nan	nan	nan	nan	nan
61	u	0	207837	0	nan	31	0	207837	0	0	0	nan	0	0	0	0	0	0	nan	0	0	0	nan	nan	nan	nan	nan	nan
62	a	0	207837	0	nan	31	0	207837	0	0	0	nan	0	0	0	0	0	0	nan	0	0	0	nan	nan	nan	nan	nan	nan
63	a	0	207837	0	nan	31	0	207837	0	0	0	nan	0	0	0	0	0	0	nan	0	0	0	nan	nan	nan	nan	nan	nan
64	a	0	207837	0	nan	29	0	207837	0	0	0	nan	0	0	0	0	0	0	nan	0	0	0	nan	nan	nan	nan	nan	nan
65	g	0	207837	0	nan	29	0	207837	0	0	0	nan	0	0	0	0	0	0	nan	0	0	0	nan	nan	nan	nan	nan	nan
66	g	0	207837	0	nan	29	0	207837	0	0	0	nan	0	0	0	0	0	0	nan	0	0	0	nan	nan	nan	nan	nan	nan
67	u	0	207837	0	nan	29	0	207837	0	0	0	nan	0	0	0	0	0	0	nan	0	0	0	nan	nan	nan	nan	nan	nan
68	a	0	207837	0	nan	29	0	207837	0	0	0	nan	0	0	0	0	0	0	nan	0	0	0	nan	nan	nan	nan	nan	nan
69	a	0	207837	0	nan	29	0	207837	0	0	0	nan	0	0	0	0	0	0	nan	0	0	0	nan	nan	nan	nan	nan	nan
70	u	0	207837	0	nan	29	0	207837	0	0	0	nan	0	0	0	0	0	0	nan	0	0	0	nan	nan	nan	nan	nan	nan
71	g	0	207837	0	nan	29	0	207837	0	0	0	nan	0	0	0	0	0	0	nan	0	0	0	nan	nan	nan	nan	nan	nan
72	a	0	207837	0	nan	29	0	207837	0	0	0	nan	0	0	0	0	0	0	nan	0	0	0	nan	nan	nan	nan	nan	nan
73	a	0	207837	0	nan	29	0	207837	0	0	0	nan	0	0	0	0	0	0	nan	0	0	0	nan	nan	nan	nan	nan	nan
74	g	0	207836	0	nan	29	0	207836	0	0	0	nan	0	0	0	0	0	0	nan	0	0	0	nan	nan	nan	nan	nan	nan
75	g	0	207834	0	nan	29	0	207834	0	0	0	nan	0	0	0	0	0	0	nan	0	0	0	nan	nan	nan	nan	nan	nan
76	u	0	207828	0	nan	29	0	207828	0	0	0	nan	0	0	0	0	0	0	nan	0	0	0	nan	nan	nan	nan	nan	nan
77	g	0	207824	0	nan	29	0	207824	0	0	0	nan	0	0	0	0	0	0	nan	0	0	0	nan	nan	nan	nan	nan	nan
78	a	0	207823	0	nan	29	0	207823	0	0	0	nan	0	0	0	0	0	0	nan	0	0	0	nan	nan	nan	nan	nan	nan
79	a	0	207784	0	nan	29	0	207784	0	0	0	nan	0	0	0	0	0	0	nan	0	0	0	nan	nan	nan	nan	nan	nan
80	g	0	207673	0	nan	29	0	207673	0	0	0	nan	0	0	0	0	0	0	nan	0	0	0	nan	nan	nan	nan	nan	nan