Nucleotide	Sequence	Modified_mutations	Modified_read_depth	Modified_effective_depth	Modified_rate	Modified_off_target_mapped_depth	Modified_low_mapq_mapped_depth	Modified_primer_pair_1_mapped_depth	Untreated_mutations	Untreated_read_depth	Untreated_effective_depth	Untreated_rate	Untreated_off_target_mapped_depth	Untreated_low_mapq_mapped_depth	Untreated_primer_pair_1_mapped_depth	Denatured_mutations	Denatured_read_depth	Denatured_effective_depth	Denatured_rate	Denatured_off_target_mapped_depth	Denatured_low_mapq_mapped_depth	Denatured_primer_pair_1_mapped_depth	Reactivity_profile	Std_err	HQ_profile	HQ_stderr	Norm_profile	Norm_stderr
1	g	0	193166	0	nan	7	0	193166	0	0	0	nan	0	0	0	0	0	0	nan	0	0	0	nan	nan	nan	nan	nan	nan
2	g	0	193514	0	nan	7	0	193514	0	0	0	nan	0	0	0	0	0	0	nan	0	0	0	nan	nan	nan	nan	nan	nan
3	c	0	193625	0	nan	8	0	193625	0	0	0	nan	0	0	0	0	0	0	nan	0	0	0	nan	nan	nan	nan	nan	nan
4	a	0	193639	0	nan	8	0	193639	0	0	0	nan	0	0	0	0	0	0	nan	0	0	0	nan	nan	nan	nan	nan	nan
5	c	0	193662	0	nan	8	0	193662	0	0	0	nan	0	0	0	0	0	0	nan	0	0	0	nan	nan	nan	nan	nan	nan
6	c	0	195470	0	nan	9	0	195470	0	0	0	nan	0	0	0	0	0	0	nan	0	0	0	nan	nan	nan	nan	nan	nan
7	u	0	195558	0	nan	9	0	195558	0	0	0	nan	0	0	0	0	0	0	nan	0	0	0	nan	nan	nan	nan	nan	nan
8	c	0	195565	0	nan	9	0	195565	0	0	0	nan	0	0	0	0	0	0	nan	0	0	0	nan	nan	nan	nan	nan	nan
9	a	0	195571	0	nan	9	0	195571	0	0	0	nan	0	0	0	0	0	0	nan	0	0	0	nan	nan	nan	nan	nan	nan
10	u	0	195574	0	nan	9	0	195574	0	0	0	nan	0	0	0	0	0	0	nan	0	0	0	nan	nan	nan	nan	nan	nan
11	a	0	195577	0	nan	9	0	195577	0	0	0	nan	0	0	0	0	0	0	nan	0	0	0	nan	nan	nan	nan	nan	nan
12	a	0	195584	0	nan	9	0	195584	0	0	0	nan	0	0	0	0	0	0	nan	0	0	0	nan	nan	nan	nan	nan	nan
13	c	0	195589	0	nan	9	0	195589	0	0	0	nan	0	0	0	0	0	0	nan	0	0	0	nan	nan	nan	nan	nan	nan
14	a	0	195593	0	nan	9	0	195593	0	0	0	nan	0	0	0	0	0	0	nan	0	0	0	nan	nan	nan	nan	nan	nan
15	u	0	195593	0	nan	9	0	195593	0	0	0	nan	0	0	0	0	0	0	nan	0	0	0	nan	nan	nan	nan	nan	nan
16	a	0	195597	0	nan	9	0	195597	0	0	0	nan	0	0	0	0	0	0	nan	0	0	0	nan	nan	nan	nan	nan	nan
17	a	0	195600	0	nan	9	0	195600	0	0	0	nan	0	0	0	0	0	0	nan	0	0	0	nan	nan	nan	nan	nan	nan
18	c	0	195604	0	nan	9	0	195604	0	0	0	nan	0	0	0	0	0	0	nan	0	0	0	nan	nan	nan	nan	nan	nan
19	U	0	195607	2	0.000000	9	0	195607	0	0	0	nan	0	0	0	0	0	0	nan	0	0	0	0.000000	0.000000	nan	nan	nan	nan
20	A	0	195616	8	0.000000	9	0	195616	0	0	0	nan	0	0	0	0	0	0	nan	0	0	0	0.000000	0.000000	nan	nan	nan	nan
21	A	0	195622	10	0.000000	9	0	195622	0	0	0	nan	0	0	0	0	0	0	nan	0	0	0	0.000000	0.000000	nan	nan	nan	nan
22	G	0	195630	193346	0.000000	9	0	195630	0	0	0	nan	0	0	0	0	0	0	nan	0	0	0	0.000000	0.000000	0.000000	0.000000	nan	nan
23	G	210	195634	188764	0.001113	9	0	195634	0	0	0	nan	0	0	0	0	0	0	nan	0	0	0	0.001113	0.000077	0.001113	0.000077	nan	nan
24	C	6226	195639	192661	0.032316	9	0	195639	0	0	0	nan	0	0	0	0	0	0	nan	0	0	0	0.032316	0.000410	0.032316	0.000410	0.911356	0.011563
25	A	3906	195645	193262	0.020211	9	0	195645	0	0	0	nan	0	0	0	0	0	0	nan	0	0	0	0.020211	0.000323	0.020211	0.000323	0.916059	0.014640
26	G	210	195656	187378	0.001121	9	0	195655	0	0	0	nan	0	0	0	0	0	0	nan	0	0	0	0.001121	0.000077	0.001121	0.000077	nan	nan
27	A	3346	195670	188545	0.017746	9	0	195668	0	0	0	nan	0	0	0	0	0	0	nan	0	0	0	0.017746	0.000307	0.017746	0.000307	0.804333	0.013915
28	U	1152	195676	188297	0.006118	9	0	195675	0	0	0	nan	0	0	0	0	0	0	nan	0	0	0	0.006118	0.000180	0.006118	0.000180	1.141418	0.033582
29	C	5773	195677	193200	0.029881	9	0	195671	0	0	0	nan	0	0	0	0	0	0	nan	0	0	0	0.029881	0.000393	0.029881	0.000393	0.842686	0.011083
30	U	894	195679	193095	0.004630	9	0	195669	0	0	0	nan	0	0	0	0	0	0	nan	0	0	0	0.004630	0.000155	0.004630	0.000155	0.863806	0.028918
31	G	207	195680	191688	0.001080	9	0	195671	0	0	0	nan	0	0	0	0	0	0	nan	0	0	0	0.001080	0.000075	0.001080	0.000075	nan	nan
32	A	4347	195680	192402	0.022593	9	0	195671	0	0	0	nan	0	0	0	0	0	0	nan	0	0	0	0.022593	0.000343	0.022593	0.000343	1.024022	0.015546
33	G	208	195689	188694	0.001102	9	0	195682	0	0	0	nan	0	0	0	0	0	0	nan	0	0	0	0.001102	0.000076	0.001102	0.000076	nan	nan
34	C	5189	195689	187243	0.027713	9	0	195681	0	0	0	nan	0	0	0	0	0	0	nan	0	0	0	0.027713	0.000385	0.027713	0.000385	0.781545	0.010858
35	C	4833	195693	179719	0.026892	9	0	195684	0	0	0	nan	0	0	0	0	0	0	nan	0	0	0	0.026892	0.000387	0.026892	0.000387	0.758392	0.010914
36	U	807	195701	179573	0.004494	9	0	195689	0	0	0	nan	0	0	0	0	0	0	nan	0	0	0	0.004494	0.000158	0.004494	0.000158	0.838433	0.029478
37	U	1116	195715	183260	0.006090	9	0	195691	0	0	0	nan	0	0	0	0	0	0	nan	0	0	0	0.006090	0.000182	0.006090	0.000182	1.136194	0.033955
38	C	6499	195714	190982	0.034029	9	0	195673	0	0	0	nan	0	0	0	0	0	0	nan	0	0	0	0.034029	0.000422	0.034029	0.000422	0.959665	0.011901
39	G	157	195752	190226	0.000825	9	0	195723	0	0	0	nan	0	0	0	0	0	0	nan	0	0	0	0.000825	0.000066	0.000825	0.000066	nan	nan
40	G	159	195770	190607	0.000834	9	0	195755	0	0	0	nan	0	0	0	0	0	0	nan	0	0	0	0.000834	0.000066	0.000834	0.000066	nan	nan
41	G	169	195775	189815	0.000890	9	0	195762	0	0	0	nan	0	0	0	0	0	0	nan	0	0	0	0.000890	0.000068	0.000890	0.000068	nan	nan
42	A	4217	195774	191134	0.022063	9	0	195763	0	0	0	nan	0	0	0	0	0	0	nan	0	0	0	0.022063	0.000340	0.022063	0.000340	1.000000	0.015410
43	G	236	195775	189150	0.001248	9	0	195765	0	0	0	nan	0	0	0	0	0	0	nan	0	0	0	0.001248	0.000081	0.001248	0.000081	nan	nan
44	C	5872	195776	192961	0.030431	9	0	195770	0	0	0	nan	0	0	0	0	0	0	nan	0	0	0	0.030431	0.000397	0.030431	0.000397	0.858196	0.011196
45	U	623	195776	193153	0.003225	9	0	195771	0	0	0	nan	0	0	0	0	0	0	nan	0	0	0	0.003225	0.000129	0.003225	0.000129	0.601679	0.024067
46	C	5539	195776	193159	0.028676	9	0	195768	0	0	0	nan	0	0	0	0	0	0	nan	0	0	0	0.028676	0.000385	0.028676	0.000385	0.808703	0.010858
47	U	835	195773	192893	0.004329	9	0	195762	0	0	0	nan	0	0	0	0	0	0	nan	0	0	0	0.004329	0.000150	0.004329	0.000150	0.807649	0.027985
48	C	6884	195768	191565	0.035936	9	0	195758	0	0	0	nan	0	0	0	0	0	0	nan	0	0	0	0.035936	0.000433	0.035936	0.000433	1.013445	0.012211
49	U	707	195773	191672	0.003689	9	0	195765	0	0	0	nan	0	0	0	0	0	0	nan	0	0	0	0.003689	0.000139	0.003689	0.000139	0.688246	0.025933
50	G	260	195777	188911	0.001376	9	0	195769	0	0	0	nan	0	0	0	0	0	0	nan	0	0	0	0.001376	0.000085	0.001376	0.000085	nan	nan
51	C	7987	195782	192490	0.041493	8	0	195774	0	0	0	nan	0	0	0	0	0	0	nan	0	0	0	0.041493	0.000464	0.041493	0.000464	1.170160	0.013085
52	C	7612	195787	193143	0.039411	8	0	195781	0	0	0	nan	0	0	0	0	0	0	nan	0	0	0	0.039411	0.000452	0.039411	0.000452	1.111445	0.012747
53	A	3386	195786	193656	0.017485	8	0	195783	0	0	0	nan	0	0	0	0	0	0	nan	0	0	0	0.017485	0.000300	0.017485	0.000300	0.792503	0.013597
54	A	0	195694	193566	0.000000	7	0	195694	0	0	0	nan	0	0	0	0	0	0	nan	0	0	0	0.000000	0.000000	0.000000	0.000000	0.000000	0.000000
55	U	0	195692	0	nan	5	0	195692	0	0	0	nan	0	0	0	0	0	0	nan	0	0	0	nan	nan	nan	nan	nan	nan
56	C	0	195692	0	nan	4	0	195692	0	0	0	nan	0	0	0	0	0	0	nan	0	0	0	nan	nan	nan	nan	nan	nan
57	C	0	195692	0	nan	4	0	195692	0	0	0	nan	0	0	0	0	0	0	nan	0	0	0	nan	nan	nan	nan	nan	nan
58	a	0	195692	0	nan	4	0	195692	0	0	0	nan	0	0	0	0	0	0	nan	0	0	0	nan	nan	nan	nan	nan	nan
59	c	0	195692	0	nan	4	0	195692	0	0	0	nan	0	0	0	0	0	0	nan	0	0	0	nan	nan	nan	nan	nan	nan
60	u	0	195692	0	nan	4	0	195692	0	0	0	nan	0	0	0	0	0	0	nan	0	0	0	nan	nan	nan	nan	nan	nan
61	a	0	195692	0	nan	4	0	195692	0	0	0	nan	0	0	0	0	0	0	nan	0	0	0	nan	nan	nan	nan	nan	nan
62	a	0	195692	0	nan	4	0	195692	0	0	0	nan	0	0	0	0	0	0	nan	0	0	0	nan	nan	nan	nan	nan	nan
63	c	0	195692	0	nan	0	0	195692	0	0	0	nan	0	0	0	0	0	0	nan	0	0	0	nan	nan	nan	nan	nan	nan
64	c	0	195692	0	nan	0	0	195692	0	0	0	nan	0	0	0	0	0	0	nan	0	0	0	nan	nan	nan	nan	nan	nan
65	u	0	195692	0	nan	0	0	195692	0	0	0	nan	0	0	0	0	0	0	nan	0	0	0	nan	nan	nan	nan	nan	nan
66	c	0	195692	0	nan	0	0	195692	0	0	0	nan	0	0	0	0	0	0	nan	0	0	0	nan	nan	nan	nan	nan	nan
67	a	0	195692	0	nan	0	0	195692	0	0	0	nan	0	0	0	0	0	0	nan	0	0	0	nan	nan	nan	nan	nan	nan
68	c	0	195692	0	nan	0	0	195692	0	0	0	nan	0	0	0	0	0	0	nan	0	0	0	nan	nan	nan	nan	nan	nan
69	u	0	195692	0	nan	0	0	195692	0	0	0	nan	0	0	0	0	0	0	nan	0	0	0	nan	nan	nan	nan	nan	nan
70	c	0	195692	0	nan	0	0	195692	0	0	0	nan	0	0	0	0	0	0	nan	0	0	0	nan	nan	nan	nan	nan	nan
71	a	0	195691	0	nan	0	0	195691	0	0	0	nan	0	0	0	0	0	0	nan	0	0	0	nan	nan	nan	nan	nan	nan
72	c	0	195682	0	nan	0	0	195682	0	0	0	nan	0	0	0	0	0	0	nan	0	0	0	nan	nan	nan	nan	nan	nan
73	a	0	195676	0	nan	0	0	195676	0	0	0	nan	0	0	0	0	0	0	nan	0	0	0	nan	nan	nan	nan	nan	nan
74	a	0	195605	0	nan	0	0	195605	0	0	0	nan	0	0	0	0	0	0	nan	0	0	0	nan	nan	nan	nan	nan	nan
75	u	0	195505	0	nan	0	0	195505	0	0	0	nan	0	0	0	0	0	0	nan	0	0	0	nan	nan	nan	nan	nan	nan
76	c	0	195257	0	nan	0	0	195257	0	0	0	nan	0	0	0	0	0	0	nan	0	0	0	nan	nan	nan	nan	nan	nan