Nucleotide	Sequence	Modified_mutations	Modified_read_depth	Modified_effective_depth	Modified_rate	Modified_off_target_mapped_depth	Modified_low_mapq_mapped_depth	Modified_primer_pair_1_mapped_depth	Untreated_mutations	Untreated_read_depth	Untreated_effective_depth	Untreated_rate	Untreated_off_target_mapped_depth	Untreated_low_mapq_mapped_depth	Untreated_primer_pair_1_mapped_depth	Denatured_mutations	Denatured_read_depth	Denatured_effective_depth	Denatured_rate	Denatured_off_target_mapped_depth	Denatured_low_mapq_mapped_depth	Denatured_primer_pair_1_mapped_depth	Reactivity_profile	Std_err	HQ_profile	HQ_stderr	Norm_profile	Norm_stderr
1	g	0	536209	0	nan	6	12	536209	0	0	0	nan	0	0	0	0	0	0	nan	0	0	0	nan	nan	nan	nan	nan	nan
2	g	0	536665	0	nan	6	12	536665	0	0	0	nan	0	0	0	0	0	0	nan	0	0	0	nan	nan	nan	nan	nan	nan
3	u	0	536829	0	nan	6	12	536829	0	0	0	nan	0	0	0	0	0	0	nan	0	0	0	nan	nan	nan	nan	nan	nan
4	g	0	536916	0	nan	6	12	536916	0	0	0	nan	0	0	0	0	0	0	nan	0	0	0	nan	nan	nan	nan	nan	nan
5	u	0	536981	0	nan	6	12	536981	0	0	0	nan	0	0	0	0	0	0	nan	0	0	0	nan	nan	nan	nan	nan	nan
6	a	0	536984	0	nan	6	12	536984	0	0	0	nan	0	0	0	0	0	0	nan	0	0	0	nan	nan	nan	nan	nan	nan
7	a	0	536991	0	nan	6	12	536991	0	0	0	nan	0	0	0	0	0	0	nan	0	0	0	nan	nan	nan	nan	nan	nan
8	g	0	536997	0	nan	6	12	536997	0	0	0	nan	0	0	0	0	0	0	nan	0	0	0	nan	nan	nan	nan	nan	nan
9	g	0	537061	0	nan	6	12	537061	0	0	0	nan	0	0	0	0	0	0	nan	0	0	0	nan	nan	nan	nan	nan	nan
10	g	0	546402	0	nan	6	12	546402	0	0	0	nan	0	0	0	0	0	0	nan	0	0	0	nan	nan	nan	nan	nan	nan
11	u	0	546492	0	nan	6	12	546492	0	0	0	nan	0	0	0	0	0	0	nan	0	0	0	nan	nan	nan	nan	nan	nan
12	g	0	546567	0	nan	6	12	546567	0	0	0	nan	0	0	0	0	0	0	nan	0	0	0	nan	nan	nan	nan	nan	nan
13	a	0	546570	0	nan	7	12	546570	0	0	0	nan	0	0	0	0	0	0	nan	0	0	0	nan	nan	nan	nan	nan	nan
14	a	0	546570	0	nan	7	12	546570	0	0	0	nan	0	0	0	0	0	0	nan	0	0	0	nan	nan	nan	nan	nan	nan
15	g	0	546573	0	nan	121	12	546573	0	0	0	nan	0	0	0	0	0	0	nan	0	0	0	nan	nan	nan	nan	nan	nan
16	u	0	546575	0	nan	134	12	546575	0	0	0	nan	0	0	0	0	0	0	nan	0	0	0	nan	nan	nan	nan	nan	nan
17	g	0	546580	0	nan	134	12	546580	0	0	0	nan	0	0	0	0	0	0	nan	0	0	0	nan	nan	nan	nan	nan	nan
18	u	0	546581	0	nan	143	12	546581	0	0	0	nan	0	0	0	0	0	0	nan	0	0	0	nan	nan	nan	nan	nan	nan
19	a	0	546588	0	nan	143	12	546588	0	0	0	nan	0	0	0	0	0	0	nan	0	0	0	nan	nan	nan	nan	nan	nan
20	A	0	546603	9	0.000000	145	12	546603	0	0	0	nan	0	0	0	0	0	0	nan	0	0	0	0.000000	0.000000	nan	nan	nan	nan
21	G	0	546615	13	0.000000	166	12	546615	0	0	0	nan	0	0	0	0	0	0	nan	0	0	0	0.000000	0.000000	nan	nan	nan	nan
22	G	0	546620	16	0.000000	166	12	546620	0	0	0	nan	0	0	0	0	0	0	nan	0	0	0	0.000000	0.000000	nan	nan	nan	nan
23	U	0	546624	545255	0.000000	179	12	546624	0	0	0	nan	0	0	0	0	0	0	nan	0	0	0	0.000000	0.000000	0.000000	0.000000	nan	nan
24	U	483	546626	545207	0.000886	179	12	546626	0	0	0	nan	0	0	0	0	0	0	nan	0	0	0	0.000886	0.000040	0.000886	0.000040	nan	nan
25	G	298	546630	544600	0.000547	179	12	546630	0	0	0	nan	0	0	0	0	0	0	nan	0	0	0	0.000547	0.000032	0.000547	0.000032	nan	nan
26	A	6138	546630	544893	0.011265	179	12	546630	0	0	0	nan	0	0	0	0	0	0	nan	0	0	0	0.011265	0.000144	0.011265	0.000144	0.849580	0.010860
27	A	6750	546631	544372	0.012400	179	12	546630	0	0	0	nan	0	0	0	0	0	0	nan	0	0	0	0.012400	0.000151	0.012400	0.000151	0.935179	0.011388
28	C	8463	546632	543020	0.015585	178	12	546631	0	0	0	nan	0	0	0	0	0	0	nan	0	0	0	0.015585	0.000169	0.015585	0.000169	0.886330	0.009611
29	U	612	546633	543679	0.001126	178	12	546630	0	0	0	nan	0	0	0	0	0	0	nan	0	0	0	0.001126	0.000046	0.001126	0.000046	nan	nan
30	U	678	546635	544130	0.001246	178	12	546632	0	0	0	nan	0	0	0	0	0	0	nan	0	0	0	0.001246	0.000048	0.001246	0.000048	nan	nan
31	U	817	546644	544571	0.001500	178	12	546641	0	0	0	nan	0	0	0	0	0	0	nan	0	0	0	0.001500	0.000052	0.001500	0.000052	nan	nan
32	U	462	546659	545068	0.000848	178	12	546652	0	0	0	nan	0	0	0	0	0	0	nan	0	0	0	0.000848	0.000039	0.000848	0.000039	nan	nan
33	G	250	546764	544331	0.000459	178	12	546754	0	0	0	nan	0	0	0	0	0	0	nan	0	0	0	0.000459	0.000029	0.000459	0.000029	nan	nan
34	A	7319	546817	544681	0.013437	178	12	546805	0	0	0	nan	0	0	0	0	0	0	nan	0	0	0	0.013437	0.000157	0.013437	0.000157	1.013387	0.011841
35	A	6363	546826	544212	0.011692	178	12	546813	0	0	0	nan	0	0	0	0	0	0	nan	0	0	0	0.011692	0.000147	0.011692	0.000147	0.881783	0.011086
36	U	384	546828	544365	0.000705	178	12	546812	0	0	0	nan	0	0	0	0	0	0	nan	0	0	0	0.000705	0.000036	0.000705	0.000036	nan	nan
37	A	6597	546830	544722	0.012111	178	12	546812	0	0	0	nan	0	0	0	0	0	0	nan	0	0	0	0.012111	0.000149	0.012111	0.000149	0.913383	0.011237
38	G	372	546834	543291	0.000685	180	12	546814	0	0	0	nan	0	0	0	0	0	0	nan	0	0	0	0.000685	0.000036	0.000685	0.000036	nan	nan
39	U	626	546836	545060	0.001148	180	12	546815	0	0	0	nan	0	0	0	0	0	0	nan	0	0	0	0.001148	0.000046	0.001148	0.000046	nan	nan
40	G	492	546836	543860	0.000905	180	12	546814	0	0	0	nan	0	0	0	0	0	0	nan	0	0	0	0.000905	0.000041	0.000905	0.000041	nan	nan
41	A	8291	546836	544404	0.015229	180	12	546812	0	0	0	nan	0	0	0	0	0	0	nan	0	0	0	0.015229	0.000167	0.015229	0.000167	1.148535	0.012595
42	U	960	546841	544045	0.001765	181	12	546821	0	0	0	nan	0	0	0	0	0	0	nan	0	0	0	0.001765	0.000057	0.001765	0.000057	nan	nan
43	U	622	546844	544160	0.001143	181	12	546825	0	0	0	nan	0	0	0	0	0	0	nan	0	0	0	0.001143	0.000046	0.001143	0.000046	nan	nan
44	C	9925	546852	543850	0.018250	181	12	546834	0	0	0	nan	0	0	0	0	0	0	nan	0	0	0	0.018250	0.000183	0.018250	0.000183	1.037890	0.010407
45	A	7613	546858	544284	0.013987	181	12	546839	0	0	0	nan	0	0	0	0	0	0	nan	0	0	0	0.013987	0.000160	0.013987	0.000160	1.054866	0.012067
46	G	358	546868	543845	0.000658	181	12	546855	0	0	0	nan	0	0	0	0	0	0	nan	0	0	0	0.000658	0.000035	0.000658	0.000035	nan	nan
47	G	327	546874	543844	0.000601	181	12	546862	0	0	0	nan	0	0	0	0	0	0	nan	0	0	0	0.000601	0.000033	0.000601	0.000033	nan	nan
48	A	6930	546877	544503	0.012727	181	12	546864	0	0	0	nan	0	0	0	0	0	0	nan	0	0	0	0.012727	0.000153	0.012727	0.000153	0.959840	0.011539
49	G	375	546881	543964	0.000689	181	12	546870	0	0	0	nan	0	0	0	0	0	0	nan	0	0	0	0.000689	0.000036	0.000689	0.000036	nan	nan
50	G	463	546881	534175	0.000867	181	12	546871	0	0	0	nan	0	0	0	0	0	0	nan	0	0	0	0.000867	0.000040	0.000867	0.000040	nan	nan
51	U	596	546883	534860	0.001114	181	12	546873	0	0	0	nan	0	0	0	0	0	0	nan	0	0	0	0.001114	0.000046	0.001114	0.000046	nan	nan
52	U	565	546886	534398	0.001057	181	12	546877	0	0	0	nan	0	0	0	0	0	0	nan	0	0	0	0.001057	0.000044	0.001057	0.000044	nan	nan
53	A	6598	546884	543339	0.012143	181	12	546859	0	0	0	nan	0	0	0	0	0	0	nan	0	0	0	0.012143	0.000149	0.012143	0.000149	0.915796	0.011237
54	A	5955	546567	541967	0.010988	118	12	546045	0	0	0	nan	0	0	0	0	0	0	nan	0	0	0	0.010988	0.000142	0.010988	0.000142	0.828689	0.010709
55	U	619	546568	541614	0.001143	117	12	546130	0	0	0	nan	0	0	0	0	0	0	nan	0	0	0	0.001143	0.000046	0.001143	0.000046	nan	nan
56	G	569	546575	541855	0.001050	116	12	546194	0	0	0	nan	0	0	0	0	0	0	nan	0	0	0	0.001050	0.000044	0.001050	0.000044	nan	nan
57	G	0	546590	541478	0.000000	116	12	546553	0	0	0	nan	0	0	0	0	0	0	nan	0	0	0	0.000000	0.000000	0.000000	0.000000	nan	nan
58	A	0	546595	0	nan	116	12	546595	0	0	0	nan	0	0	0	0	0	0	nan	0	0	0	nan	nan	nan	nan	nan	nan
59	A	0	546595	0	nan	116	12	546595	0	0	0	nan	0	0	0	0	0	0	nan	0	0	0	nan	nan	nan	nan	nan	nan
60	G	0	546595	0	nan	115	12	546595	0	0	0	nan	0	0	0	0	0	0	nan	0	0	0	nan	nan	nan	nan	nan	nan
61	u	0	546595	0	nan	115	12	546595	0	0	0	nan	0	0	0	0	0	0	nan	0	0	0	nan	nan	nan	nan	nan	nan
62	a	0	546595	0	nan	115	12	546595	0	0	0	nan	0	0	0	0	0	0	nan	0	0	0	nan	nan	nan	nan	nan	nan
63	a	0	546595	0	nan	115	12	546595	0	0	0	nan	0	0	0	0	0	0	nan	0	0	0	nan	nan	nan	nan	nan	nan
64	a	0	546595	0	nan	115	12	546595	0	0	0	nan	0	0	0	0	0	0	nan	0	0	0	nan	nan	nan	nan	nan	nan
65	g	0	546595	0	nan	111	12	546595	0	0	0	nan	0	0	0	0	0	0	nan	0	0	0	nan	nan	nan	nan	nan	nan
66	g	0	546594	0	nan	111	12	546594	0	0	0	nan	0	0	0	0	0	0	nan	0	0	0	nan	nan	nan	nan	nan	nan
67	u	0	546594	0	nan	111	12	546594	0	0	0	nan	0	0	0	0	0	0	nan	0	0	0	nan	nan	nan	nan	nan	nan
68	a	0	546594	0	nan	111	12	546594	0	0	0	nan	0	0	0	0	0	0	nan	0	0	0	nan	nan	nan	nan	nan	nan
69	a	0	546594	0	nan	111	12	546594	0	0	0	nan	0	0	0	0	0	0	nan	0	0	0	nan	nan	nan	nan	nan	nan
70	u	0	546594	0	nan	111	12	546594	0	0	0	nan	0	0	0	0	0	0	nan	0	0	0	nan	nan	nan	nan	nan	nan
71	g	0	546594	0	nan	111	12	546594	0	0	0	nan	0	0	0	0	0	0	nan	0	0	0	nan	nan	nan	nan	nan	nan
72	a	0	546594	0	nan	111	12	546594	0	0	0	nan	0	0	0	0	0	0	nan	0	0	0	nan	nan	nan	nan	nan	nan
73	a	0	546593	0	nan	111	12	546593	0	0	0	nan	0	0	0	0	0	0	nan	0	0	0	nan	nan	nan	nan	nan	nan
74	g	0	546593	0	nan	111	12	546593	0	0	0	nan	0	0	0	0	0	0	nan	0	0	0	nan	nan	nan	nan	nan	nan
75	g	0	546592	0	nan	111	12	546592	0	0	0	nan	0	0	0	0	0	0	nan	0	0	0	nan	nan	nan	nan	nan	nan
76	u	0	546583	0	nan	111	12	546583	0	0	0	nan	0	0	0	0	0	0	nan	0	0	0	nan	nan	nan	nan	nan	nan
77	g	0	546571	0	nan	111	12	546571	0	0	0	nan	0	0	0	0	0	0	nan	0	0	0	nan	nan	nan	nan	nan	nan
78	a	0	546567	0	nan	111	12	546567	0	0	0	nan	0	0	0	0	0	0	nan	0	0	0	nan	nan	nan	nan	nan	nan
79	a	0	546424	0	nan	111	11	546424	0	0	0	nan	0	0	0	0	0	0	nan	0	0	0	nan	nan	nan	nan	nan	nan
80	g	0	546214	0	nan	110	11	546214	0	0	0	nan	0	0	0	0	0	0	nan	0	0	0	nan	nan	nan	nan	nan	nan