Nucleotide	Sequence	Modified_mutations	Modified_read_depth	Modified_effective_depth	Modified_rate	Modified_off_target_mapped_depth	Modified_low_mapq_mapped_depth	Modified_primer_pair_1_mapped_depth	Untreated_mutations	Untreated_read_depth	Untreated_effective_depth	Untreated_rate	Untreated_off_target_mapped_depth	Untreated_low_mapq_mapped_depth	Untreated_primer_pair_1_mapped_depth	Denatured_mutations	Denatured_read_depth	Denatured_effective_depth	Denatured_rate	Denatured_off_target_mapped_depth	Denatured_low_mapq_mapped_depth	Denatured_primer_pair_1_mapped_depth	Reactivity_profile	Std_err	HQ_profile	HQ_stderr	Norm_profile	Norm_stderr
1	g	0	494707	0	nan	0	8	494707	0	0	0	nan	0	0	0	0	0	0	nan	0	0	0	nan	nan	nan	nan	nan	nan
2	g	0	495033	0	nan	0	8	495033	0	0	0	nan	0	0	0	0	0	0	nan	0	0	0	nan	nan	nan	nan	nan	nan
3	u	0	495223	0	nan	0	8	495223	0	0	0	nan	0	0	0	0	0	0	nan	0	0	0	nan	nan	nan	nan	nan	nan
4	g	0	495301	0	nan	0	8	495301	0	0	0	nan	0	0	0	0	0	0	nan	0	0	0	nan	nan	nan	nan	nan	nan
5	u	0	495402	0	nan	0	8	495402	0	0	0	nan	0	0	0	0	0	0	nan	0	0	0	nan	nan	nan	nan	nan	nan
6	a	0	495404	0	nan	0	8	495404	0	0	0	nan	0	0	0	0	0	0	nan	0	0	0	nan	nan	nan	nan	nan	nan
7	a	0	495412	0	nan	0	8	495412	0	0	0	nan	0	0	0	0	0	0	nan	0	0	0	nan	nan	nan	nan	nan	nan
8	g	0	495432	0	nan	0	8	495432	0	0	0	nan	0	0	0	0	0	0	nan	0	0	0	nan	nan	nan	nan	nan	nan
9	g	0	495850	0	nan	0	8	495850	0	0	0	nan	0	0	0	0	0	0	nan	0	0	0	nan	nan	nan	nan	nan	nan
10	g	0	591231	0	nan	0	8	591231	0	0	0	nan	0	0	0	0	0	0	nan	0	0	0	nan	nan	nan	nan	nan	nan
11	u	0	591808	0	nan	0	8	591808	0	0	0	nan	0	0	0	0	0	0	nan	0	0	0	nan	nan	nan	nan	nan	nan
12	g	0	592294	0	nan	0	8	592294	0	0	0	nan	0	0	0	0	0	0	nan	0	0	0	nan	nan	nan	nan	nan	nan
13	a	0	592345	0	nan	0	8	592345	0	0	0	nan	0	0	0	0	0	0	nan	0	0	0	nan	nan	nan	nan	nan	nan
14	a	0	592349	0	nan	0	8	592349	0	0	0	nan	0	0	0	0	0	0	nan	0	0	0	nan	nan	nan	nan	nan	nan
15	g	0	592353	0	nan	3	8	592353	0	0	0	nan	0	0	0	0	0	0	nan	0	0	0	nan	nan	nan	nan	nan	nan
16	u	0	592373	0	nan	3	8	592373	0	0	0	nan	0	0	0	0	0	0	nan	0	0	0	nan	nan	nan	nan	nan	nan
17	g	0	592407	0	nan	3	8	592407	0	0	0	nan	0	0	0	0	0	0	nan	0	0	0	nan	nan	nan	nan	nan	nan
18	u	0	592507	0	nan	3	8	592507	0	0	0	nan	0	0	0	0	0	0	nan	0	0	0	nan	nan	nan	nan	nan	nan
19	a	0	592670	0	nan	3	8	592670	0	0	0	nan	0	0	0	0	0	0	nan	0	0	0	nan	nan	nan	nan	nan	nan
20	A	0	593009	334	0.000000	3	8	593009	0	0	0	nan	0	0	0	0	0	0	nan	0	0	0	0.000000	0.000000	nan	nan	nan	nan
21	G	0	593318	635	0.000000	4	8	593318	0	0	0	nan	0	0	0	0	0	0	nan	0	0	0	0.000000	0.000000	nan	nan	nan	nan
22	G	0	593554	857	0.000000	6	8	593554	0	0	0	nan	0	0	0	0	0	0	nan	0	0	0	0.000000	0.000000	nan	nan	nan	nan
23	U	0	593585	592414	0.000000	6	8	593585	0	0	0	nan	0	0	0	0	0	0	nan	0	0	0	0.000000	0.000000	0.000000	0.000000	nan	nan
24	U	583	593586	592336	0.000984	6	8	593586	0	0	0	nan	0	0	0	0	0	0	nan	0	0	0	0.000984	0.000041	0.000984	0.000041	nan	nan
25	G	488	593586	592276	0.000824	6	8	593586	0	0	0	nan	0	0	0	0	0	0	nan	0	0	0	0.000824	0.000037	0.000824	0.000037	nan	nan
26	A	285	593586	581497	0.000490	6	8	593585	0	0	0	nan	0	0	0	0	0	0	nan	0	0	0	0.000490	0.000029	0.000490	0.000029	nan	nan
27	C	4630	593587	581111	0.007967	6	8	593586	0	0	0	nan	0	0	0	0	0	0	nan	0	0	0	0.007967	0.000117	0.007967	0.000117	1.255783	0.018442
28	C	504	593595	580723	0.000868	6	8	593594	0	0	0	nan	0	0	0	0	0	0	nan	0	0	0	0.000868	0.000039	0.000868	0.000039	0.136817	0.006147
29	U	445	593601	590530	0.000754	6	8	593600	0	0	0	nan	0	0	0	0	0	0	nan	0	0	0	0.000754	0.000036	0.000754	0.000036	nan	nan
30	U	714	593619	591091	0.001208	6	8	593618	0	0	0	nan	0	0	0	0	0	0	nan	0	0	0	0.001208	0.000045	0.001208	0.000045	nan	nan
31	U	871	593658	591909	0.001472	6	8	593655	0	0	0	nan	0	0	0	0	0	0	nan	0	0	0	0.001472	0.000050	0.001472	0.000050	nan	nan
32	U	479	593758	592746	0.000808	6	8	593755	0	0	0	nan	0	0	0	0	0	0	nan	0	0	0	0.000808	0.000037	0.000808	0.000037	nan	nan
33	G	399	593862	592743	0.000673	6	8	593859	0	0	0	nan	0	0	0	0	0	0	nan	0	0	0	0.000673	0.000034	0.000673	0.000034	nan	nan
34	A	294	593917	593057	0.000496	6	8	593914	0	0	0	nan	0	0	0	0	0	0	nan	0	0	0	0.000496	0.000029	0.000496	0.000029	nan	nan
35	A	290	593919	592513	0.000489	6	8	593915	0	0	0	nan	0	0	0	0	0	0	nan	0	0	0	0.000489	0.000029	0.000489	0.000029	nan	nan
36	U	402	593919	592372	0.000679	6	8	593915	0	0	0	nan	0	0	0	0	0	0	nan	0	0	0	0.000679	0.000034	0.000679	0.000034	nan	nan
37	A	423	593918	592513	0.000714	6	8	593913	0	0	0	nan	0	0	0	0	0	0	nan	0	0	0	0.000714	0.000035	0.000714	0.000035	nan	nan
38	G	365	593922	591954	0.000617	6	9	593915	0	0	0	nan	0	0	0	0	0	0	nan	0	0	0	0.000617	0.000032	0.000617	0.000032	nan	nan
39	U	576	593924	592800	0.000972	7	9	593918	0	0	0	nan	0	0	0	0	0	0	nan	0	0	0	0.000972	0.000040	0.000972	0.000040	nan	nan
40	G	606	593932	592338	0.001023	7	9	593926	0	0	0	nan	0	0	0	0	0	0	nan	0	0	0	0.001023	0.000042	0.001023	0.000042	nan	nan
41	A	556	593938	592591	0.000938	7	9	593933	0	0	0	nan	0	0	0	0	0	0	nan	0	0	0	0.000938	0.000040	0.000938	0.000040	nan	nan
42	U	1037	593944	592045	0.001752	7	10	593937	0	0	0	nan	0	0	0	0	0	0	nan	0	0	0	0.001752	0.000054	0.001752	0.000054	nan	nan
43	U	760	593955	592019	0.001284	7	10	593949	0	0	0	nan	0	0	0	0	0	0	nan	0	0	0	0.001284	0.000047	0.001284	0.000047	nan	nan
44	C	874	593962	592333	0.001476	7	10	593958	0	0	0	nan	0	0	0	0	0	0	nan	0	0	0	0.001476	0.000050	0.001476	0.000050	0.232652	0.007881
45	A	454	593970	592818	0.000766	7	10	593965	0	0	0	nan	0	0	0	0	0	0	nan	0	0	0	0.000766	0.000036	0.000766	0.000036	nan	nan
46	G	457	593990	592655	0.000771	7	10	593986	0	0	0	nan	0	0	0	0	0	0	nan	0	0	0	0.000771	0.000036	0.000771	0.000036	nan	nan
47	G	444	593997	593004	0.000749	8	10	593993	0	0	0	nan	0	0	0	0	0	0	nan	0	0	0	0.000749	0.000036	0.000749	0.000036	nan	nan
48	A	314	594002	593215	0.000529	8	10	593998	0	0	0	nan	0	0	0	0	0	0	nan	0	0	0	0.000529	0.000030	0.000529	0.000030	nan	nan
49	G	437	594015	592943	0.000737	8	10	594013	0	0	0	nan	0	0	0	0	0	0	nan	0	0	0	0.000737	0.000035	0.000737	0.000035	nan	nan
50	G	459	594020	592614	0.000775	10	10	594019	0	0	0	nan	0	0	0	0	0	0	nan	0	0	0	0.000775	0.000036	0.000775	0.000036	nan	nan
51	U	641	594020	592539	0.001082	10	10	594019	0	0	0	nan	0	0	0	0	0	0	nan	0	0	0	0.001082	0.000043	0.001082	0.000043	nan	nan
52	U	784	594025	592470	0.001323	10	10	594024	0	0	0	nan	0	0	0	0	0	0	nan	0	0	0	0.001323	0.000047	0.001323	0.000047	nan	nan
53	A	210	594027	592678	0.000354	10	10	594027	0	0	0	nan	0	0	0	0	0	0	nan	0	0	0	0.000354	0.000024	0.000354	0.000024	nan	nan
54	A	253	593802	591843	0.000427	11	10	593798	0	0	0	nan	0	0	0	0	0	0	nan	0	0	0	0.000427	0.000027	0.000427	0.000027	nan	nan
55	U	1084	593803	591609	0.001832	11	10	593799	0	0	0	nan	0	0	0	0	0	0	nan	0	0	0	0.001832	0.000056	0.001832	0.000056	nan	nan
56	G	501	593806	591637	0.000847	10	10	593802	0	0	0	nan	0	0	0	0	0	0	nan	0	0	0	0.000847	0.000038	0.000847	0.000038	nan	nan
57	G	0	593809	592169	0.000000	10	10	593808	0	0	0	nan	0	0	0	0	0	0	nan	0	0	0	0.000000	0.000000	0.000000	0.000000	nan	nan
58	A	0	593809	0	nan	10	10	593809	0	0	0	nan	0	0	0	0	0	0	nan	0	0	0	nan	nan	nan	nan	nan	nan
59	A	0	593809	0	nan	10	10	593809	0	0	0	nan	0	0	0	0	0	0	nan	0	0	0	nan	nan	nan	nan	nan	nan
60	G	0	593809	0	nan	10	10	593809	0	0	0	nan	0	0	0	0	0	0	nan	0	0	0	nan	nan	nan	nan	nan	nan
61	u	0	593808	0	nan	10	10	593808	0	0	0	nan	0	0	0	0	0	0	nan	0	0	0	nan	nan	nan	nan	nan	nan
62	a	0	593808	0	nan	10	10	593808	0	0	0	nan	0	0	0	0	0	0	nan	0	0	0	nan	nan	nan	nan	nan	nan
63	a	0	593808	0	nan	10	10	593808	0	0	0	nan	0	0	0	0	0	0	nan	0	0	0	nan	nan	nan	nan	nan	nan
64	a	0	593808	0	nan	10	10	593808	0	0	0	nan	0	0	0	0	0	0	nan	0	0	0	nan	nan	nan	nan	nan	nan
65	g	0	593808	0	nan	10	10	593808	0	0	0	nan	0	0	0	0	0	0	nan	0	0	0	nan	nan	nan	nan	nan	nan
66	g	0	593808	0	nan	10	10	593808	0	0	0	nan	0	0	0	0	0	0	nan	0	0	0	nan	nan	nan	nan	nan	nan
67	u	0	593808	0	nan	10	10	593808	0	0	0	nan	0	0	0	0	0	0	nan	0	0	0	nan	nan	nan	nan	nan	nan
68	a	0	593808	0	nan	10	10	593808	0	0	0	nan	0	0	0	0	0	0	nan	0	0	0	nan	nan	nan	nan	nan	nan
69	a	0	593808	0	nan	10	10	593808	0	0	0	nan	0	0	0	0	0	0	nan	0	0	0	nan	nan	nan	nan	nan	nan
70	u	0	593808	0	nan	10	10	593808	0	0	0	nan	0	0	0	0	0	0	nan	0	0	0	nan	nan	nan	nan	nan	nan
71	g	0	593807	0	nan	10	10	593807	0	0	0	nan	0	0	0	0	0	0	nan	0	0	0	nan	nan	nan	nan	nan	nan
72	a	0	593807	0	nan	10	10	593807	0	0	0	nan	0	0	0	0	0	0	nan	0	0	0	nan	nan	nan	nan	nan	nan
73	a	0	593807	0	nan	10	10	593807	0	0	0	nan	0	0	0	0	0	0	nan	0	0	0	nan	nan	nan	nan	nan	nan
74	g	0	593806	0	nan	10	10	593806	0	0	0	nan	0	0	0	0	0	0	nan	0	0	0	nan	nan	nan	nan	nan	nan
75	g	0	593805	0	nan	10	10	593805	0	0	0	nan	0	0	0	0	0	0	nan	0	0	0	nan	nan	nan	nan	nan	nan
76	u	0	593799	0	nan	10	10	593799	0	0	0	nan	0	0	0	0	0	0	nan	0	0	0	nan	nan	nan	nan	nan	nan
77	g	0	593797	0	nan	10	10	593797	0	0	0	nan	0	0	0	0	0	0	nan	0	0	0	nan	nan	nan	nan	nan	nan
78	a	0	593793	0	nan	10	10	593793	0	0	0	nan	0	0	0	0	0	0	nan	0	0	0	nan	nan	nan	nan	nan	nan
79	a	0	593653	0	nan	10	10	593653	0	0	0	nan	0	0	0	0	0	0	nan	0	0	0	nan	nan	nan	nan	nan	nan
80	g	0	593376	0	nan	10	10	593376	0	0	0	nan	0	0	0	0	0	0	nan	0	0	0	nan	nan	nan	nan	nan	nan