Nucleotide	Sequence	Modified_mutations	Modified_read_depth	Modified_effective_depth	Modified_rate	Modified_off_target_mapped_depth	Modified_low_mapq_mapped_depth	Modified_primer_pair_1_mapped_depth	Untreated_mutations	Untreated_read_depth	Untreated_effective_depth	Untreated_rate	Untreated_off_target_mapped_depth	Untreated_low_mapq_mapped_depth	Untreated_primer_pair_1_mapped_depth	Denatured_mutations	Denatured_read_depth	Denatured_effective_depth	Denatured_rate	Denatured_off_target_mapped_depth	Denatured_low_mapq_mapped_depth	Denatured_primer_pair_1_mapped_depth	Reactivity_profile	Std_err	HQ_profile	HQ_stderr	Norm_profile	Norm_stderr
1	g	0	5021723	0	nan	31	622	5021723	0	0	0	nan	0	0	0	0	0	0	nan	0	0	0	nan	nan	nan	nan	nan	nan
2	g	0	5131656	0	nan	31	633	5131656	0	0	0	nan	0	0	0	0	0	0	nan	0	0	0	nan	nan	nan	nan	nan	nan
3	u	0	5176961	0	nan	31	638	5176961	0	0	0	nan	0	0	0	0	0	0	nan	0	0	0	nan	nan	nan	nan	nan	nan
4	g	0	5190281	0	nan	31	665	5190281	0	0	0	nan	0	0	0	0	0	0	nan	0	0	0	nan	nan	nan	nan	nan	nan
5	u	0	5199223	0	nan	31	668	5199223	0	0	0	nan	0	0	0	0	0	0	nan	0	0	0	nan	nan	nan	nan	nan	nan
6	a	0	5208058	0	nan	31	712	5208058	0	0	0	nan	0	0	0	0	0	0	nan	0	0	0	nan	nan	nan	nan	nan	nan
7	a	0	5211889	0	nan	31	713	5211889	0	0	0	nan	0	0	0	0	0	0	nan	0	0	0	nan	nan	nan	nan	nan	nan
8	g	0	5213859	0	nan	31	713	5213859	0	0	0	nan	0	0	0	0	0	0	nan	0	0	0	nan	nan	nan	nan	nan	nan
9	g	0	5216511	0	nan	31	714	5216511	0	0	0	nan	0	0	0	0	0	0	nan	0	0	0	nan	nan	nan	nan	nan	nan
10	g	0	5220683	0	nan	31	734	5220683	0	0	0	nan	0	0	0	0	0	0	nan	0	0	0	nan	nan	nan	nan	nan	nan
11	u	0	5228263	0	nan	31	737	5228263	0	0	0	nan	0	0	0	0	0	0	nan	0	0	0	nan	nan	nan	nan	nan	nan
12	g	0	5248773	0	nan	224	798	5248773	0	0	0	nan	0	0	0	0	0	0	nan	0	0	0	nan	nan	nan	nan	nan	nan
13	a	0	5275792	0	nan	239	808	5275792	0	0	0	nan	0	0	0	0	0	0	nan	0	0	0	nan	nan	nan	nan	nan	nan
14	a	0	5306424	0	nan	293	808	5306424	0	0	0	nan	0	0	0	0	0	0	nan	0	0	0	nan	nan	nan	nan	nan	nan
15	g	0	5330034	0	nan	377	809	5330034	0	0	0	nan	0	0	0	0	0	0	nan	0	0	0	nan	nan	nan	nan	nan	nan
16	u	0	5352012	0	nan	378	810	5352012	0	0	0	nan	0	0	0	0	0	0	nan	0	0	0	nan	nan	nan	nan	nan	nan
17	g	0	5362608	0	nan	379	825	5362608	0	0	0	nan	0	0	0	0	0	0	nan	0	0	0	nan	nan	nan	nan	nan	nan
18	u	0	5368715	0	nan	382	829	5368715	0	0	0	nan	0	0	0	0	0	0	nan	0	0	0	nan	nan	nan	nan	nan	nan
19	a	0	5373446	0	nan	382	854	5373446	0	0	0	nan	0	0	0	0	0	0	nan	0	0	0	nan	nan	nan	nan	nan	nan
20	A	0	5375278	394	0.000000	382	854	5375278	0	0	0	nan	0	0	0	0	0	0	nan	0	0	0	0.000000	0.000000	nan	nan	nan	nan
21	G	0	5376027	365	0.000000	382	854	5376027	0	0	0	nan	0	0	0	0	0	0	nan	0	0	0	0.000000	0.000000	nan	nan	nan	nan
22	G	0	5377164	642	0.000000	382	854	5377164	0	0	0	nan	0	0	0	0	0	0	nan	0	0	0	0.000000	0.000000	nan	nan	nan	nan
23	U	0	5379939	4394228	0.000000	382	854	5379939	0	0	0	nan	0	0	0	0	0	0	nan	0	0	0	0.000000	0.000000	0.000000	0.000000	0.000000	0.000000
24	U	21588	5381167	4374440	0.004935	382	854	5381167	0	0	0	nan	0	0	0	0	0	0	nan	0	0	0	0.004935	0.000034	0.004935	0.000034	0.944317	0.006506
25	G	3300	5389146	4395936	0.000751	382	854	5389146	0	0	0	nan	0	0	0	0	0	0	nan	0	0	0	0.000751	0.000013	0.000751	0.000013	0.118296	0.002048
26	A	3029	5422343	4706084	0.000644	382	854	5422316	0	0	0	nan	0	0	0	0	0	0	nan	0	0	0	0.000644	0.000012	0.000644	0.000012	nan	nan
27	C	24507	5430852	4609497	0.005317	382	854	5430805	0	0	0	nan	0	0	0	0	0	0	nan	0	0	0	0.005317	0.000034	0.005317	0.000034	0.770022	0.004924
28	C	37797	5432014	4450378	0.008493	382	854	5431900	0	0	0	nan	0	0	0	0	0	0	nan	0	0	0	0.008493	0.000044	0.008493	0.000044	1.229978	0.006372
29	U	12171	5436589	4332231	0.002809	382	854	5436468	0	0	0	nan	0	0	0	0	0	0	nan	0	0	0	0.002809	0.000025	0.002809	0.000025	0.537505	0.004784
30	U	6288	5442885	4397643	0.001430	384	854	5442745	0	0	0	nan	0	0	0	0	0	0	nan	0	0	0	0.001430	0.000018	0.001430	0.000018	0.273632	0.003444
31	U	5102	5450566	4396459	0.001160	384	854	5450402	0	0	0	nan	0	0	0	0	0	0	nan	0	0	0	0.001160	0.000016	0.001160	0.000016	0.221967	0.003062
32	U	24067	5457455	4605214	0.005226	385	854	5457288	0	0	0	nan	0	0	0	0	0	0	nan	0	0	0	0.005226	0.000034	0.005226	0.000034	1.000000	0.006506
33	G	1379	5518412	4754239	0.000290	393	855	5518237	0	0	0	nan	0	0	0	0	0	0	nan	0	0	0	0.000290	0.000008	0.000290	0.000008	0.045680	0.001260
34	A	1771	5553557	5200957	0.000341	393	855	5553418	0	0	0	nan	0	0	0	0	0	0	nan	0	0	0	0.000341	0.000008	0.000341	0.000008	nan	nan
35	A	6370	5564923	5137520	0.001240	393	855	5564790	0	0	0	nan	0	0	0	0	0	0	nan	0	0	0	0.001240	0.000016	0.001240	0.000016	nan	nan
36	U	2823	5566436	5129077	0.000550	393	855	5566299	0	0	0	nan	0	0	0	0	0	0	nan	0	0	0	0.000550	0.000010	0.000550	0.000010	0.105243	0.001914
37	A	7150	5569036	4875261	0.001467	393	856	5568893	0	0	0	nan	0	0	0	0	0	0	nan	0	0	0	0.001467	0.000017	0.001467	0.000017	nan	nan
38	G	4402	5569434	4765137	0.000924	395	856	5569289	0	0	0	nan	0	0	0	0	0	0	nan	0	0	0	0.000924	0.000014	0.000924	0.000014	0.145546	0.002205
39	U	4626	5570260	4484944	0.001031	395	856	5570112	0	0	0	nan	0	0	0	0	0	0	nan	0	0	0	0.001031	0.000015	0.001031	0.000015	0.197283	0.002870
40	G	17649	5572200	4529184	0.003897	396	856	5572050	0	0	0	nan	0	0	0	0	0	0	nan	0	0	0	0.003897	0.000029	0.003897	0.000029	0.613846	0.004568
41	A	14117	5585109	4530887	0.003116	396	856	5584965	0	0	0	nan	0	0	0	0	0	0	nan	0	0	0	0.003116	0.000026	0.003116	0.000026	nan	nan
42	U	19370	5586887	4635263	0.004179	396	856	5586743	0	0	0	nan	0	0	0	0	0	0	nan	0	0	0	0.004179	0.000030	0.004179	0.000030	0.799656	0.005741
43	U	8097	5592716	4595459	0.001762	396	856	5592576	0	0	0	nan	0	0	0	0	0	0	nan	0	0	0	0.001762	0.000020	0.001762	0.000020	0.337160	0.003827
44	C	6807	5608438	4654712	0.001462	396	856	5608309	0	0	0	nan	0	0	0	0	0	0	nan	0	0	0	0.001462	0.000018	0.001462	0.000018	0.211731	0.002607
45	A	4814	5622688	4726903	0.001018	396	856	5622549	0	0	0	nan	0	0	0	0	0	0	nan	0	0	0	0.001018	0.000015	0.001018	0.000015	nan	nan
46	G	2321	5629496	4570377	0.000508	393	856	5629367	0	0	0	nan	0	0	0	0	0	0	nan	0	0	0	0.000508	0.000011	0.000508	0.000011	0.080019	0.001733
47	G	11466	5642355	4641428	0.002470	392	856	5642230	0	0	0	nan	0	0	0	0	0	0	nan	0	0	0	0.002470	0.000023	0.002470	0.000023	0.389068	0.003623
48	A	1744	5662796	4439030	0.000393	395	856	5662684	0	0	0	nan	0	0	0	0	0	0	nan	0	0	0	0.000393	0.000009	0.000393	0.000009	nan	nan
49	G	39668	5666063	4507640	0.008800	390	856	5665963	0	0	0	nan	0	0	0	0	0	0	nan	0	0	0	0.008800	0.000044	0.008800	0.000044	1.386154	0.006931
50	G	797	5680283	4353303	0.000183	389	856	5680210	0	0	0	nan	0	0	0	0	0	0	nan	0	0	0	0.000183	0.000006	0.000183	0.000006	0.028826	0.000945
51	U	28844	5690021	4598127	0.006273	389	856	5689978	0	0	0	nan	0	0	0	0	0	0	nan	0	0	0	0.006273	0.000037	0.006273	0.000037	1.200344	0.007080
52	U	17895	5708375	4705804	0.003803	389	856	5708341	0	0	0	nan	0	0	0	0	0	0	nan	0	0	0	0.003803	0.000028	0.003803	0.000028	0.727708	0.005358
53	A	1921	5724487	5093382	0.000377	386	856	5724462	0	0	0	nan	0	0	0	0	0	0	nan	0	0	0	0.000377	0.000009	0.000377	0.000009	nan	nan
54	A	2239	5734028	5134339	0.000436	386	856	5734009	0	0	0	nan	0	0	0	0	0	0	nan	0	0	0	0.000436	0.000009	0.000436	0.000009	nan	nan
55	U	19683	5735579	5058691	0.003891	385	856	5735570	0	0	0	nan	0	0	0	0	0	0	nan	0	0	0	0.003891	0.000028	0.003891	0.000028	0.744546	0.005358
56	G	2553	5738720	4860906	0.000525	379	856	5738712	0	0	0	nan	0	0	0	0	0	0	nan	0	0	0	0.000525	0.000010	0.000525	0.000010	0.082697	0.001575
57	G	0	5740323	5074738	0.000000	379	856	5740318	0	0	0	nan	0	0	0	0	0	0	nan	0	0	0	0.000000	0.000000	0.000000	0.000000	0.000000	0.000000
58	A	0	5742434	92	0.000000	379	856	5742434	0	0	0	nan	0	0	0	0	0	0	nan	0	0	0	0.000000	0.000000	nan	nan	nan	nan
59	A	0	5742371	95	0.000000	379	856	5742371	0	0	0	nan	0	0	0	0	0	0	nan	0	0	0	0.000000	0.000000	nan	nan	nan	nan
60	G	0	5742274	37	0.000000	379	856	5742274	0	0	0	nan	0	0	0	0	0	0	nan	0	0	0	0.000000	0.000000	nan	nan	nan	nan
61	u	0	5742202	0	nan	379	856	5742202	0	0	0	nan	0	0	0	0	0	0	nan	0	0	0	nan	nan	nan	nan	nan	nan
62	a	0	5742033	0	nan	369	855	5742033	0	0	0	nan	0	0	0	0	0	0	nan	0	0	0	nan	nan	nan	nan	nan	nan
63	a	0	5741962	0	nan	364	852	5741962	0	0	0	nan	0	0	0	0	0	0	nan	0	0	0	nan	nan	nan	nan	nan	nan
64	a	0	5741938	0	nan	363	851	5741938	0	0	0	nan	0	0	0	0	0	0	nan	0	0	0	nan	nan	nan	nan	nan	nan
65	g	0	5741903	0	nan	355	733	5741903	0	0	0	nan	0	0	0	0	0	0	nan	0	0	0	nan	nan	nan	nan	nan	nan
66	g	0	5741887	0	nan	340	723	5741887	0	0	0	nan	0	0	0	0	0	0	nan	0	0	0	nan	nan	nan	nan	nan	nan
67	u	0	5741871	0	nan	335	720	5741871	0	0	0	nan	0	0	0	0	0	0	nan	0	0	0	nan	nan	nan	nan	nan	nan
68	a	0	5741841	0	nan	335	677	5741841	0	0	0	nan	0	0	0	0	0	0	nan	0	0	0	nan	nan	nan	nan	nan	nan
69	a	0	5741823	0	nan	334	673	5741823	0	0	0	nan	0	0	0	0	0	0	nan	0	0	0	nan	nan	nan	nan	nan	nan
70	u	0	5741798	0	nan	329	655	5741798	0	0	0	nan	0	0	0	0	0	0	nan	0	0	0	nan	nan	nan	nan	nan	nan
71	g	0	5741708	0	nan	327	655	5741708	0	0	0	nan	0	0	0	0	0	0	nan	0	0	0	nan	nan	nan	nan	nan	nan
72	a	0	5741597	0	nan	313	655	5741597	0	0	0	nan	0	0	0	0	0	0	nan	0	0	0	nan	nan	nan	nan	nan	nan
73	a	0	5741554	0	nan	311	654	5741554	0	0	0	nan	0	0	0	0	0	0	nan	0	0	0	nan	nan	nan	nan	nan	nan
74	g	0	5741527	0	nan	310	651	5741527	0	0	0	nan	0	0	0	0	0	0	nan	0	0	0	nan	nan	nan	nan	nan	nan
75	g	0	5741478	0	nan	305	649	5741478	0	0	0	nan	0	0	0	0	0	0	nan	0	0	0	nan	nan	nan	nan	nan	nan
76	u	0	5741382	0	nan	305	649	5741382	0	0	0	nan	0	0	0	0	0	0	nan	0	0	0	nan	nan	nan	nan	nan	nan
77	g	0	5741296	0	nan	305	642	5741296	0	0	0	nan	0	0	0	0	0	0	nan	0	0	0	nan	nan	nan	nan	nan	nan
78	a	0	5741166	0	nan	294	642	5741166	0	0	0	nan	0	0	0	0	0	0	nan	0	0	0	nan	nan	nan	nan	nan	nan
79	a	0	5737444	0	nan	289	639	5737444	0	0	0	nan	0	0	0	0	0	0	nan	0	0	0	nan	nan	nan	nan	nan	nan
80	g	0	5734873	0	nan	285	630	5734873	0	0	0	nan	0	0	0	0	0	0	nan	0	0	0	nan	nan	nan	nan	nan	nan