Nucleotide	Sequence	Modified_mutations	Modified_read_depth	Modified_effective_depth	Modified_rate	Modified_off_target_mapped_depth	Modified_low_mapq_mapped_depth	Modified_primer_pair_1_mapped_depth	Untreated_mutations	Untreated_read_depth	Untreated_effective_depth	Untreated_rate	Untreated_off_target_mapped_depth	Untreated_low_mapq_mapped_depth	Untreated_primer_pair_1_mapped_depth	Denatured_mutations	Denatured_read_depth	Denatured_effective_depth	Denatured_rate	Denatured_off_target_mapped_depth	Denatured_low_mapq_mapped_depth	Denatured_primer_pair_1_mapped_depth	Reactivity_profile	Std_err	HQ_profile	HQ_stderr	Norm_profile	Norm_stderr
1	g	0	279664	0	nan	0	6	279664	0	0	0	nan	0	0	0	0	0	0	nan	0	0	0	nan	nan	nan	nan	nan	nan
2	g	0	279867	0	nan	0	6	279867	0	0	0	nan	0	0	0	0	0	0	nan	0	0	0	nan	nan	nan	nan	nan	nan
3	u	0	279939	0	nan	0	6	279939	0	0	0	nan	0	0	0	0	0	0	nan	0	0	0	nan	nan	nan	nan	nan	nan
4	g	0	279981	0	nan	0	6	279981	0	0	0	nan	0	0	0	0	0	0	nan	0	0	0	nan	nan	nan	nan	nan	nan
5	u	0	280010	0	nan	0	6	280010	0	0	0	nan	0	0	0	0	0	0	nan	0	0	0	nan	nan	nan	nan	nan	nan
6	a	0	280013	0	nan	0	6	280013	0	0	0	nan	0	0	0	0	0	0	nan	0	0	0	nan	nan	nan	nan	nan	nan
7	a	0	280015	0	nan	0	6	280015	0	0	0	nan	0	0	0	0	0	0	nan	0	0	0	nan	nan	nan	nan	nan	nan
8	g	0	280019	0	nan	0	6	280019	0	0	0	nan	0	0	0	0	0	0	nan	0	0	0	nan	nan	nan	nan	nan	nan
9	g	0	280037	0	nan	0	6	280037	0	0	0	nan	0	0	0	0	0	0	nan	0	0	0	nan	nan	nan	nan	nan	nan
10	g	0	282911	0	nan	0	6	282911	0	0	0	nan	0	0	0	0	0	0	nan	0	0	0	nan	nan	nan	nan	nan	nan
11	u	0	282972	0	nan	0	6	282972	0	0	0	nan	0	0	0	0	0	0	nan	0	0	0	nan	nan	nan	nan	nan	nan
12	g	0	282990	0	nan	0	6	282990	0	0	0	nan	0	0	0	0	0	0	nan	0	0	0	nan	nan	nan	nan	nan	nan
13	a	0	282993	0	nan	0	6	282993	0	0	0	nan	0	0	0	0	0	0	nan	0	0	0	nan	nan	nan	nan	nan	nan
14	a	0	282993	0	nan	0	6	282993	0	0	0	nan	0	0	0	0	0	0	nan	0	0	0	nan	nan	nan	nan	nan	nan
15	g	0	282995	0	nan	53	6	282995	0	0	0	nan	0	0	0	0	0	0	nan	0	0	0	nan	nan	nan	nan	nan	nan
16	u	0	282996	0	nan	58	6	282996	0	0	0	nan	0	0	0	0	0	0	nan	0	0	0	nan	nan	nan	nan	nan	nan
17	g	0	282998	0	nan	58	6	282998	0	0	0	nan	0	0	0	0	0	0	nan	0	0	0	nan	nan	nan	nan	nan	nan
18	u	0	282999	0	nan	59	6	282999	0	0	0	nan	0	0	0	0	0	0	nan	0	0	0	nan	nan	nan	nan	nan	nan
19	a	0	283004	0	nan	59	6	283004	0	0	0	nan	0	0	0	0	0	0	nan	0	0	0	nan	nan	nan	nan	nan	nan
20	A	0	283011	5	0.000000	60	6	283011	0	0	0	nan	0	0	0	0	0	0	nan	0	0	0	0.000000	0.000000	nan	nan	nan	nan
21	G	0	283012	6	0.000000	66	6	283012	0	0	0	nan	0	0	0	0	0	0	nan	0	0	0	0.000000	0.000000	nan	nan	nan	nan
22	G	0	283021	14	0.000000	66	6	283021	0	0	0	nan	0	0	0	0	0	0	nan	0	0	0	0.000000	0.000000	nan	nan	nan	nan
23	U	0	283023	282487	0.000000	70	6	283023	0	0	0	nan	0	0	0	0	0	0	nan	0	0	0	0.000000	0.000000	0.000000	0.000000	nan	nan
24	U	259	283023	282460	0.000917	70	6	283023	0	0	0	nan	0	0	0	0	0	0	nan	0	0	0	0.000917	0.000057	0.000917	0.000057	nan	nan
25	G	97	283023	282286	0.000344	70	6	283023	0	0	0	nan	0	0	0	0	0	0	nan	0	0	0	0.000344	0.000035	0.000344	0.000035	nan	nan
26	A	1903	283024	282412	0.006738	70	6	283021	0	0	0	nan	0	0	0	0	0	0	nan	0	0	0	0.006738	0.000154	0.006738	0.000154	0.932983	0.021324
27	A	1996	283024	282285	0.007071	70	6	283021	0	0	0	nan	0	0	0	0	0	0	nan	0	0	0	0.007071	0.000158	0.007071	0.000158	0.979092	0.021878
28	C	2479	283023	281864	0.008795	70	6	283020	0	0	0	nan	0	0	0	0	0	0	nan	0	0	0	0.008795	0.000177	0.008795	0.000177	0.987121	0.019866
29	U	296	283024	281935	0.001050	70	6	283021	0	0	0	nan	0	0	0	0	0	0	nan	0	0	0	0.001050	0.000061	0.001050	0.000061	nan	nan
30	U	306	283027	282059	0.001085	70	6	283023	0	0	0	nan	0	0	0	0	0	0	nan	0	0	0	0.001085	0.000062	0.001085	0.000062	nan	nan
31	U	385	283032	282244	0.001364	70	6	283026	0	0	0	nan	0	0	0	0	0	0	nan	0	0	0	0.001364	0.000070	0.001364	0.000070	nan	nan
32	U	238	283035	282427	0.000843	71	6	283027	0	0	0	nan	0	0	0	0	0	0	nan	0	0	0	0.000843	0.000055	0.000843	0.000055	nan	nan
33	G	81	283055	282180	0.000287	71	6	283045	0	0	0	nan	0	0	0	0	0	0	nan	0	0	0	0.000287	0.000032	0.000287	0.000032	nan	nan
34	A	2050	283069	282303	0.007262	71	6	283058	0	0	0	nan	0	0	0	0	0	0	nan	0	0	0	0.007262	0.000160	0.007262	0.000160	1.005539	0.022155
35	A	1858	283071	282143	0.006585	71	6	283061	0	0	0	nan	0	0	0	0	0	0	nan	0	0	0	0.006585	0.000153	0.006585	0.000153	0.911797	0.021185
36	U	198	283073	282148	0.000702	71	6	283063	0	0	0	nan	0	0	0	0	0	0	nan	0	0	0	0.000702	0.000050	0.000702	0.000050	nan	nan
37	A	2005	283074	282328	0.007102	71	6	283064	0	0	0	nan	0	0	0	0	0	0	nan	0	0	0	0.007102	0.000159	0.007102	0.000159	0.983384	0.022016
38	G	169	283080	281788	0.000600	71	6	283069	0	0	0	nan	0	0	0	0	0	0	nan	0	0	0	0.000600	0.000046	0.000600	0.000046	nan	nan
39	U	290	283080	282451	0.001027	71	6	283070	0	0	0	nan	0	0	0	0	0	0	nan	0	0	0	0.001027	0.000060	0.001027	0.000060	nan	nan
40	G	218	283081	282013	0.000773	71	6	283072	0	0	0	nan	0	0	0	0	0	0	nan	0	0	0	0.000773	0.000052	0.000773	0.000052	nan	nan
41	A	2395	283081	282244	0.008486	71	6	283072	0	0	0	nan	0	0	0	0	0	0	nan	0	0	0	0.008486	0.000173	0.008486	0.000173	1.175021	0.023955
42	U	406	283083	282104	0.001439	72	6	283074	0	0	0	nan	0	0	0	0	0	0	nan	0	0	0	0.001439	0.000071	0.001439	0.000071	nan	nan
43	U	348	283087	282208	0.001233	73	6	283079	0	0	0	nan	0	0	0	0	0	0	nan	0	0	0	0.001233	0.000066	0.001233	0.000066	nan	nan
44	C	2525	283089	282182	0.008948	73	6	283083	0	0	0	nan	0	0	0	0	0	0	nan	0	0	0	0.008948	0.000178	0.008948	0.000178	1.004293	0.019978
45	A	2103	283094	282328	0.007449	73	6	283089	0	0	0	nan	0	0	0	0	0	0	nan	0	0	0	0.007449	0.000162	0.007449	0.000162	1.031432	0.022431
46	G	128	283100	282060	0.000454	73	6	283096	0	0	0	nan	0	0	0	0	0	0	nan	0	0	0	0.000454	0.000040	0.000454	0.000040	nan	nan
47	G	119	283103	282063	0.000422	73	6	283100	0	0	0	nan	0	0	0	0	0	0	nan	0	0	0	0.000422	0.000039	0.000422	0.000039	nan	nan
48	A	1815	283104	282302	0.006429	73	6	283099	0	0	0	nan	0	0	0	0	0	0	nan	0	0	0	0.006429	0.000151	0.006429	0.000151	0.890197	0.020908
49	G	129	283107	282102	0.000457	73	6	283104	0	0	0	nan	0	0	0	0	0	0	nan	0	0	0	0.000457	0.000040	0.000457	0.000040	nan	nan
50	G	197	283107	276556	0.000712	74	6	283104	0	0	0	nan	0	0	0	0	0	0	nan	0	0	0	0.000712	0.000051	0.000712	0.000051	nan	nan
51	U	304	283106	276737	0.001099	74	6	283103	0	0	0	nan	0	0	0	0	0	0	nan	0	0	0	0.001099	0.000063	0.001099	0.000063	nan	nan
52	U	253	283107	276612	0.000915	74	6	283105	0	0	0	nan	0	0	0	0	0	0	nan	0	0	0	0.000915	0.000058	0.000915	0.000058	nan	nan
53	A	1730	283109	281875	0.006137	73	6	283102	0	0	0	nan	0	0	0	0	0	0	nan	0	0	0	0.006137	0.000148	0.006137	0.000148	0.849765	0.020493
54	A	1571	282987	281147	0.005588	49	6	282735	0	0	0	nan	0	0	0	0	0	0	nan	0	0	0	0.005588	0.000141	0.005588	0.000141	0.773747	0.019524
55	U	332	282988	280885	0.001182	49	6	282771	0	0	0	nan	0	0	0	0	0	0	nan	0	0	0	0.001182	0.000065	0.001182	0.000065	nan	nan
56	G	229	282989	280911	0.000815	49	6	282795	0	0	0	nan	0	0	0	0	0	0	nan	0	0	0	0.000815	0.000054	0.000815	0.000054	nan	nan
57	G	0	282994	280814	0.000000	49	6	282971	0	0	0	nan	0	0	0	0	0	0	nan	0	0	0	0.000000	0.000000	0.000000	0.000000	nan	nan
58	A	0	282995	0	nan	49	6	282995	0	0	0	nan	0	0	0	0	0	0	nan	0	0	0	nan	nan	nan	nan	nan	nan
59	A	0	282995	0	nan	48	6	282995	0	0	0	nan	0	0	0	0	0	0	nan	0	0	0	nan	nan	nan	nan	nan	nan
60	G	0	282995	0	nan	48	6	282995	0	0	0	nan	0	0	0	0	0	0	nan	0	0	0	nan	nan	nan	nan	nan	nan
61	u	0	282995	0	nan	48	6	282995	0	0	0	nan	0	0	0	0	0	0	nan	0	0	0	nan	nan	nan	nan	nan	nan
62	a	0	282995	0	nan	48	6	282995	0	0	0	nan	0	0	0	0	0	0	nan	0	0	0	nan	nan	nan	nan	nan	nan
63	a	0	282995	0	nan	47	6	282995	0	0	0	nan	0	0	0	0	0	0	nan	0	0	0	nan	nan	nan	nan	nan	nan
64	a	0	282995	0	nan	47	6	282995	0	0	0	nan	0	0	0	0	0	0	nan	0	0	0	nan	nan	nan	nan	nan	nan
65	g	0	282995	0	nan	47	6	282995	0	0	0	nan	0	0	0	0	0	0	nan	0	0	0	nan	nan	nan	nan	nan	nan
66	g	0	282995	0	nan	47	6	282995	0	0	0	nan	0	0	0	0	0	0	nan	0	0	0	nan	nan	nan	nan	nan	nan
67	u	0	282995	0	nan	47	6	282995	0	0	0	nan	0	0	0	0	0	0	nan	0	0	0	nan	nan	nan	nan	nan	nan
68	a	0	282995	0	nan	47	6	282995	0	0	0	nan	0	0	0	0	0	0	nan	0	0	0	nan	nan	nan	nan	nan	nan
69	a	0	282995	0	nan	47	6	282995	0	0	0	nan	0	0	0	0	0	0	nan	0	0	0	nan	nan	nan	nan	nan	nan
70	u	0	282995	0	nan	47	6	282995	0	0	0	nan	0	0	0	0	0	0	nan	0	0	0	nan	nan	nan	nan	nan	nan
71	g	0	282995	0	nan	47	6	282995	0	0	0	nan	0	0	0	0	0	0	nan	0	0	0	nan	nan	nan	nan	nan	nan
72	a	0	282995	0	nan	47	6	282995	0	0	0	nan	0	0	0	0	0	0	nan	0	0	0	nan	nan	nan	nan	nan	nan
73	a	0	282992	0	nan	47	6	282992	0	0	0	nan	0	0	0	0	0	0	nan	0	0	0	nan	nan	nan	nan	nan	nan
74	g	0	282991	0	nan	47	6	282991	0	0	0	nan	0	0	0	0	0	0	nan	0	0	0	nan	nan	nan	nan	nan	nan
75	g	0	282990	0	nan	47	6	282990	0	0	0	nan	0	0	0	0	0	0	nan	0	0	0	nan	nan	nan	nan	nan	nan
76	u	0	282982	0	nan	47	6	282982	0	0	0	nan	0	0	0	0	0	0	nan	0	0	0	nan	nan	nan	nan	nan	nan
77	g	0	282976	0	nan	47	6	282976	0	0	0	nan	0	0	0	0	0	0	nan	0	0	0	nan	nan	nan	nan	nan	nan
78	a	0	282971	0	nan	47	6	282971	0	0	0	nan	0	0	0	0	0	0	nan	0	0	0	nan	nan	nan	nan	nan	nan
79	a	0	282905	0	nan	47	6	282905	0	0	0	nan	0	0	0	0	0	0	nan	0	0	0	nan	nan	nan	nan	nan	nan
80	g	0	282779	0	nan	47	6	282779	0	0	0	nan	0	0	0	0	0	0	nan	0	0	0	nan	nan	nan	nan	nan	nan