Nucleotide	Sequence	Modified_mutations	Modified_read_depth	Modified_effective_depth	Modified_rate	Modified_off_target_mapped_depth	Modified_low_mapq_mapped_depth	Modified_primer_pair_1_mapped_depth	Untreated_mutations	Untreated_read_depth	Untreated_effective_depth	Untreated_rate	Untreated_off_target_mapped_depth	Untreated_low_mapq_mapped_depth	Untreated_primer_pair_1_mapped_depth	Denatured_mutations	Denatured_read_depth	Denatured_effective_depth	Denatured_rate	Denatured_off_target_mapped_depth	Denatured_low_mapq_mapped_depth	Denatured_primer_pair_1_mapped_depth	Reactivity_profile	Std_err	HQ_profile	HQ_stderr	Norm_profile	Norm_stderr
1	g	0	41302	0	nan	2	2	41302	0	0	0	nan	0	0	0	0	0	0	nan	0	0	0	nan	nan	nan	nan	nan	nan
2	g	0	41336	0	nan	2	2	41336	0	0	0	nan	0	0	0	0	0	0	nan	0	0	0	nan	nan	nan	nan	nan	nan
3	u	0	41348	0	nan	2	2	41348	0	0	0	nan	0	0	0	0	0	0	nan	0	0	0	nan	nan	nan	nan	nan	nan
4	g	0	41366	0	nan	2	2	41366	0	0	0	nan	0	0	0	0	0	0	nan	0	0	0	nan	nan	nan	nan	nan	nan
5	u	0	41380	0	nan	2	2	41380	0	0	0	nan	0	0	0	0	0	0	nan	0	0	0	nan	nan	nan	nan	nan	nan
6	a	0	41392	0	nan	2	2	41392	0	0	0	nan	0	0	0	0	0	0	nan	0	0	0	nan	nan	nan	nan	nan	nan
7	a	0	41410	0	nan	2	2	41410	0	0	0	nan	0	0	0	0	0	0	nan	0	0	0	nan	nan	nan	nan	nan	nan
8	g	0	41458	0	nan	2	2	41458	0	0	0	nan	0	0	0	0	0	0	nan	0	0	0	nan	nan	nan	nan	nan	nan
9	g	0	42605	0	nan	2	2	42605	0	0	0	nan	0	0	0	0	0	0	nan	0	0	0	nan	nan	nan	nan	nan	nan
10	g	0	257259	0	nan	3	2	257259	0	0	0	nan	0	0	0	0	0	0	nan	0	0	0	nan	nan	nan	nan	nan	nan
11	u	0	265706	0	nan	3	2	265706	0	0	0	nan	0	0	0	0	0	0	nan	0	0	0	nan	nan	nan	nan	nan	nan
12	g	0	265945	0	nan	3	3	265945	0	0	0	nan	0	0	0	0	0	0	nan	0	0	0	nan	nan	nan	nan	nan	nan
13	a	0	265970	0	nan	3	3	265970	0	0	0	nan	0	0	0	0	0	0	nan	0	0	0	nan	nan	nan	nan	nan	nan
14	a	0	265979	0	nan	3	3	265979	0	0	0	nan	0	0	0	0	0	0	nan	0	0	0	nan	nan	nan	nan	nan	nan
15	g	0	265990	0	nan	6	3	265990	0	0	0	nan	0	0	0	0	0	0	nan	0	0	0	nan	nan	nan	nan	nan	nan
16	u	0	266003	0	nan	6	3	266003	0	0	0	nan	0	0	0	0	0	0	nan	0	0	0	nan	nan	nan	nan	nan	nan
17	g	0	266017	0	nan	6	3	266017	0	0	0	nan	0	0	0	0	0	0	nan	0	0	0	nan	nan	nan	nan	nan	nan
18	u	0	266021	0	nan	6	3	266021	0	0	0	nan	0	0	0	0	0	0	nan	0	0	0	nan	nan	nan	nan	nan	nan
19	a	0	266097	0	nan	6	3	266097	0	0	0	nan	0	0	0	0	0	0	nan	0	0	0	nan	nan	nan	nan	nan	nan
20	A	0	266139	23	0.000000	6	3	266139	0	0	0	nan	0	0	0	0	0	0	nan	0	0	0	0.000000	0.000000	nan	nan	nan	nan
21	G	0	266169	31	0.000000	6	3	266169	0	0	0	nan	0	0	0	0	0	0	nan	0	0	0	0.000000	0.000000	nan	nan	nan	nan
22	G	0	266188	35	0.000000	6	3	266188	0	0	0	nan	0	0	0	0	0	0	nan	0	0	0	0.000000	0.000000	nan	nan	nan	nan
23	U	0	266203	255658	0.000000	6	3	266203	0	0	0	nan	0	0	0	0	0	0	nan	0	0	0	0.000000	0.000000	0.000000	0.000000	nan	nan
24	U	156	266219	262879	0.000593	6	3	266219	0	0	0	nan	0	0	0	0	0	0	nan	0	0	0	0.000593	0.000048	0.000593	0.000048	nan	nan
25	G	326	266238	263579	0.001237	6	3	266238	0	0	0	nan	0	0	0	0	0	0	nan	0	0	0	0.001237	0.000069	0.001237	0.000069	0.503460	0.028083
26	A	127	266246	262537	0.000484	6	3	266246	0	0	0	nan	0	0	0	0	0	0	nan	0	0	0	0.000484	0.000043	0.000484	0.000043	nan	nan
27	A	199	266250	260943	0.000763	6	3	266250	0	0	0	nan	0	0	0	0	0	0	nan	0	0	0	0.000763	0.000054	0.000763	0.000054	nan	nan
28	C	285	266256	260225	0.001095	6	3	266255	0	0	0	nan	0	0	0	0	0	0	nan	0	0	0	0.001095	0.000065	0.001095	0.000065	nan	nan
29	U	258	266268	260069	0.000992	6	3	266267	0	0	0	nan	0	0	0	0	0	0	nan	0	0	0	0.000992	0.000062	0.000992	0.000062	nan	nan
30	U	230	266294	260560	0.000883	6	3	266289	0	0	0	nan	0	0	0	0	0	0	nan	0	0	0	0.000883	0.000058	0.000883	0.000058	nan	nan
31	U	251	266323	261756	0.000959	6	3	266318	0	0	0	nan	0	0	0	0	0	0	nan	0	0	0	0.000959	0.000061	0.000959	0.000061	nan	nan
32	U	152	266359	263339	0.000577	6	3	266354	0	0	0	nan	0	0	0	0	0	0	nan	0	0	0	0.000577	0.000047	0.000577	0.000047	nan	nan
33	G	648	266409	263746	0.002457	6	3	266405	0	0	0	nan	0	0	0	0	0	0	nan	0	0	0	0.002457	0.000097	0.002457	0.000097	1.000000	0.039479
34	A	144	266419	263877	0.000546	6	3	266415	0	0	0	nan	0	0	0	0	0	0	nan	0	0	0	0.000546	0.000045	0.000546	0.000045	nan	nan
35	A	129	266424	262613	0.000491	6	3	266420	0	0	0	nan	0	0	0	0	0	0	nan	0	0	0	0.000491	0.000043	0.000491	0.000043	nan	nan
36	U	181	266430	262808	0.000689	6	3	266426	0	0	0	nan	0	0	0	0	0	0	nan	0	0	0	0.000689	0.000051	0.000689	0.000051	nan	nan
37	A	164	266435	263185	0.000623	6	3	266431	0	0	0	nan	0	0	0	0	0	0	nan	0	0	0	0.000623	0.000049	0.000623	0.000049	nan	nan
38	G	321	266447	263176	0.001220	6	3	266443	0	0	0	nan	0	0	0	0	0	0	nan	0	0	0	0.001220	0.000068	0.001220	0.000068	0.496540	0.027676
39	U	242	266457	264220	0.000916	6	3	266454	0	0	0	nan	0	0	0	0	0	0	nan	0	0	0	0.000916	0.000059	0.000916	0.000059	nan	nan
40	G	576	266469	262952	0.002191	6	4	266466	0	0	0	nan	0	0	0	0	0	0	nan	0	0	0	0.002191	0.000091	0.002191	0.000091	0.891738	0.037037
41	A	249	266494	262969	0.000947	6	4	266491	0	0	0	nan	0	0	0	0	0	0	nan	0	0	0	0.000947	0.000060	0.000947	0.000060	nan	nan
42	U	347	266515	261017	0.001329	6	4	266512	0	0	0	nan	0	0	0	0	0	0	nan	0	0	0	0.001329	0.000071	0.001329	0.000071	nan	nan
43	U	281	266550	261054	0.001076	6	4	266546	0	0	0	nan	0	0	0	0	0	0	nan	0	0	0	0.001076	0.000064	0.001076	0.000064	nan	nan
44	C	354	266573	261850	0.001352	6	4	266569	0	0	0	nan	0	0	0	0	0	0	nan	0	0	0	0.001352	0.000072	0.001352	0.000072	nan	nan
45	A	192	266593	263890	0.000728	6	4	266590	0	0	0	nan	0	0	0	0	0	0	nan	0	0	0	0.000728	0.000053	0.000728	0.000053	nan	nan
46	G	616	266629	265083	0.002324	6	4	266628	0	0	0	nan	0	0	0	0	0	0	nan	0	0	0	0.002324	0.000094	0.002324	0.000094	0.945869	0.038258
47	G	519	266638	264341	0.001963	6	4	266637	0	0	0	nan	0	0	0	0	0	0	nan	0	0	0	0.001963	0.000086	0.001963	0.000086	0.798942	0.035002
48	A	130	266642	257476	0.000505	6	4	266641	0	0	0	nan	0	0	0	0	0	0	nan	0	0	0	0.000505	0.000044	0.000505	0.000044	nan	nan
49	G	813	266686	257378	0.003159	6	4	266686	0	0	0	nan	0	0	0	0	0	0	nan	0	0	0	0.003159	0.000111	0.003159	0.000111	1.285714	0.045177
50	G	370	266696	257650	0.001436	6	4	266696	0	0	0	nan	0	0	0	0	0	0	nan	0	0	0	0.001436	0.000075	0.001436	0.000075	0.584453	0.030525
51	U	174	266704	257014	0.000677	6	4	266704	0	0	0	nan	0	0	0	0	0	0	nan	0	0	0	0.000677	0.000051	0.000677	0.000051	nan	nan
52	U	183	266708	263564	0.000694	6	4	266707	0	0	0	nan	0	0	0	0	0	0	nan	0	0	0	0.000694	0.000051	0.000694	0.000051	nan	nan
53	A	142	266712	263941	0.000538	5	4	266711	0	0	0	nan	0	0	0	0	0	0	nan	0	0	0	0.000538	0.000045	0.000538	0.000045	nan	nan
54	A	136	266696	263995	0.000515	5	4	266693	0	0	0	nan	0	0	0	0	0	0	nan	0	0	0	0.000515	0.000044	0.000515	0.000044	nan	nan
55	U	249	266698	264359	0.000942	5	4	266697	0	0	0	nan	0	0	0	0	0	0	nan	0	0	0	0.000942	0.000060	0.000942	0.000060	nan	nan
56	G	680	266703	264586	0.002570	5	4	266702	0	0	0	nan	0	0	0	0	0	0	nan	0	0	0	0.002570	0.000099	0.002570	0.000099	1.045991	0.040293
57	G	0	266707	264171	0.000000	5	4	266706	0	0	0	nan	0	0	0	0	0	0	nan	0	0	0	0.000000	0.000000	0.000000	0.000000	0.000000	0.000000
58	A	0	266708	0	nan	5	4	266708	0	0	0	nan	0	0	0	0	0	0	nan	0	0	0	nan	nan	nan	nan	nan	nan
59	A	0	266708	0	nan	5	4	266708	0	0	0	nan	0	0	0	0	0	0	nan	0	0	0	nan	nan	nan	nan	nan	nan
60	G	0	266708	0	nan	5	4	266708	0	0	0	nan	0	0	0	0	0	0	nan	0	0	0	nan	nan	nan	nan	nan	nan
61	u	0	266708	0	nan	5	4	266708	0	0	0	nan	0	0	0	0	0	0	nan	0	0	0	nan	nan	nan	nan	nan	nan
62	a	0	266708	0	nan	5	4	266708	0	0	0	nan	0	0	0	0	0	0	nan	0	0	0	nan	nan	nan	nan	nan	nan
63	a	0	266708	0	nan	5	4	266708	0	0	0	nan	0	0	0	0	0	0	nan	0	0	0	nan	nan	nan	nan	nan	nan
64	a	0	266708	0	nan	5	4	266708	0	0	0	nan	0	0	0	0	0	0	nan	0	0	0	nan	nan	nan	nan	nan	nan
65	g	0	266708	0	nan	5	4	266708	0	0	0	nan	0	0	0	0	0	0	nan	0	0	0	nan	nan	nan	nan	nan	nan
66	g	0	266708	0	nan	4	4	266708	0	0	0	nan	0	0	0	0	0	0	nan	0	0	0	nan	nan	nan	nan	nan	nan
67	u	0	266708	0	nan	4	4	266708	0	0	0	nan	0	0	0	0	0	0	nan	0	0	0	nan	nan	nan	nan	nan	nan
68	a	0	266708	0	nan	3	4	266708	0	0	0	nan	0	0	0	0	0	0	nan	0	0	0	nan	nan	nan	nan	nan	nan
69	a	0	266708	0	nan	3	4	266708	0	0	0	nan	0	0	0	0	0	0	nan	0	0	0	nan	nan	nan	nan	nan	nan
70	u	0	266708	0	nan	3	4	266708	0	0	0	nan	0	0	0	0	0	0	nan	0	0	0	nan	nan	nan	nan	nan	nan
71	g	0	266707	0	nan	3	4	266707	0	0	0	nan	0	0	0	0	0	0	nan	0	0	0	nan	nan	nan	nan	nan	nan
72	a	0	266706	0	nan	3	4	266706	0	0	0	nan	0	0	0	0	0	0	nan	0	0	0	nan	nan	nan	nan	nan	nan
73	a	0	266703	0	nan	3	4	266703	0	0	0	nan	0	0	0	0	0	0	nan	0	0	0	nan	nan	nan	nan	nan	nan
74	g	0	266703	0	nan	3	4	266703	0	0	0	nan	0	0	0	0	0	0	nan	0	0	0	nan	nan	nan	nan	nan	nan
75	g	0	266702	0	nan	3	4	266702	0	0	0	nan	0	0	0	0	0	0	nan	0	0	0	nan	nan	nan	nan	nan	nan
76	u	0	266696	0	nan	3	4	266696	0	0	0	nan	0	0	0	0	0	0	nan	0	0	0	nan	nan	nan	nan	nan	nan
77	g	0	266690	0	nan	3	4	266690	0	0	0	nan	0	0	0	0	0	0	nan	0	0	0	nan	nan	nan	nan	nan	nan
78	a	0	266683	0	nan	3	4	266683	0	0	0	nan	0	0	0	0	0	0	nan	0	0	0	nan	nan	nan	nan	nan	nan
79	a	0	266643	0	nan	3	4	266643	0	0	0	nan	0	0	0	0	0	0	nan	0	0	0	nan	nan	nan	nan	nan	nan
80	g	0	266445	0	nan	3	4	266445	0	0	0	nan	0	0	0	0	0	0	nan	0	0	0	nan	nan	nan	nan	nan	nan