Nucleotide	Sequence	Modified_mutations	Modified_read_depth	Modified_effective_depth	Modified_rate	Modified_off_target_mapped_depth	Modified_low_mapq_mapped_depth	Modified_primer_pair_1_mapped_depth	Untreated_mutations	Untreated_read_depth	Untreated_effective_depth	Untreated_rate	Untreated_off_target_mapped_depth	Untreated_low_mapq_mapped_depth	Untreated_primer_pair_1_mapped_depth	Denatured_mutations	Denatured_read_depth	Denatured_effective_depth	Denatured_rate	Denatured_off_target_mapped_depth	Denatured_low_mapq_mapped_depth	Denatured_primer_pair_1_mapped_depth	Reactivity_profile	Std_err	HQ_profile	HQ_stderr	Norm_profile	Norm_stderr
1	g	0	4548640	0	nan	4	301	4548640	0	0	0	nan	0	0	0	0	0	0	nan	0	0	0	nan	nan	nan	nan	nan	nan
2	g	0	4624579	0	nan	4	304	4624579	0	0	0	nan	0	0	0	0	0	0	nan	0	0	0	nan	nan	nan	nan	nan	nan
3	u	0	4660931	0	nan	4	305	4660931	0	0	0	nan	0	0	0	0	0	0	nan	0	0	0	nan	nan	nan	nan	nan	nan
4	g	0	4674219	0	nan	4	306	4674219	0	0	0	nan	0	0	0	0	0	0	nan	0	0	0	nan	nan	nan	nan	nan	nan
5	u	0	4681907	0	nan	4	306	4681907	0	0	0	nan	0	0	0	0	0	0	nan	0	0	0	nan	nan	nan	nan	nan	nan
6	a	0	4687941	0	nan	4	312	4687941	0	0	0	nan	0	0	0	0	0	0	nan	0	0	0	nan	nan	nan	nan	nan	nan
7	a	0	4690723	0	nan	4	312	4690723	0	0	0	nan	0	0	0	0	0	0	nan	0	0	0	nan	nan	nan	nan	nan	nan
8	g	0	4693571	0	nan	4	312	4693571	0	0	0	nan	0	0	0	0	0	0	nan	0	0	0	nan	nan	nan	nan	nan	nan
9	g	0	4696550	0	nan	4	312	4696550	0	0	0	nan	0	0	0	0	0	0	nan	0	0	0	nan	nan	nan	nan	nan	nan
10	g	0	4700552	0	nan	4	312	4700552	0	0	0	nan	0	0	0	0	0	0	nan	0	0	0	nan	nan	nan	nan	nan	nan
11	u	0	4706795	0	nan	4	312	4706795	0	0	0	nan	0	0	0	0	0	0	nan	0	0	0	nan	nan	nan	nan	nan	nan
12	g	0	4724533	0	nan	159	316	4724533	0	0	0	nan	0	0	0	0	0	0	nan	0	0	0	nan	nan	nan	nan	nan	nan
13	a	0	4749849	0	nan	185	317	4749849	0	0	0	nan	0	0	0	0	0	0	nan	0	0	0	nan	nan	nan	nan	nan	nan
14	a	0	4778642	0	nan	267	318	4778642	0	0	0	nan	0	0	0	0	0	0	nan	0	0	0	nan	nan	nan	nan	nan	nan
15	g	0	4791916	0	nan	464	319	4791916	0	0	0	nan	0	0	0	0	0	0	nan	0	0	0	nan	nan	nan	nan	nan	nan
16	u	0	4858202	0	nan	468	319	4858202	0	0	0	nan	0	0	0	0	0	0	nan	0	0	0	nan	nan	nan	nan	nan	nan
17	g	0	4891213	0	nan	474	322	4891213	0	0	0	nan	0	0	0	0	0	0	nan	0	0	0	nan	nan	nan	nan	nan	nan
18	u	0	4933425	0	nan	477	324	4933425	0	0	0	nan	0	0	0	0	0	0	nan	0	0	0	nan	nan	nan	nan	nan	nan
19	a	0	4965553	0	nan	477	332	4965553	0	0	0	nan	0	0	0	0	0	0	nan	0	0	0	nan	nan	nan	nan	nan	nan
20	A	0	4976502	2429	0.000000	477	332	4976502	0	0	0	nan	0	0	0	0	0	0	nan	0	0	0	0.000000	0.000000	nan	nan	nan	nan
21	G	0	4978404	1164	0.000000	477	332	4978404	0	0	0	nan	0	0	0	0	0	0	nan	0	0	0	0.000000	0.000000	nan	nan	nan	nan
22	G	0	4981619	1907	0.000000	477	332	4981619	0	0	0	nan	0	0	0	0	0	0	nan	0	0	0	0.000000	0.000000	nan	nan	nan	nan
23	U	0	4988582	4039669	0.000000	477	332	4988582	0	0	0	nan	0	0	0	0	0	0	nan	0	0	0	0.000000	0.000000	0.000000	0.000000	0.000000	0.000000
24	U	12594	4993372	4172084	0.003019	477	332	4993372	0	0	0	nan	0	0	0	0	0	0	nan	0	0	0	0.003019	0.000027	0.003019	0.000027	0.584738	0.005230
25	G	3663	5014874	4302451	0.000851	477	332	5014874	0	0	0	nan	0	0	0	0	0	0	nan	0	0	0	0.000851	0.000014	0.000851	0.000014	0.242883	0.003996
26	A	8125	5052728	4583842	0.001773	477	332	5052682	0	0	0	nan	0	0	0	0	0	0	nan	0	0	0	0.001773	0.000020	0.001773	0.000020	0.758665	0.008558
27	A	11794	5060580	4438124	0.002657	477	332	5060506	0	0	0	nan	0	0	0	0	0	0	nan	0	0	0	0.002657	0.000024	0.002657	0.000024	1.136928	0.010270
28	C	16775	5061522	4255016	0.003942	477	332	5061417	0	0	0	nan	0	0	0	0	0	0	nan	0	0	0	0.003942	0.000030	0.003942	0.000030	1.157879	0.008812
29	U	15652	5063294	4159874	0.003763	477	332	5063185	0	0	0	nan	0	0	0	0	0	0	nan	0	0	0	0.003763	0.000030	0.003763	0.000030	0.728840	0.005811
30	U	8313	5066345	4190648	0.001984	478	332	5066228	0	0	0	nan	0	0	0	0	0	0	nan	0	0	0	0.001984	0.000022	0.001984	0.000022	0.384273	0.004261
31	U	7169	5069180	4119625	0.001740	478	332	5069039	0	0	0	nan	0	0	0	0	0	0	nan	0	0	0	0.001740	0.000021	0.001740	0.000021	0.337013	0.004067
32	U	31104	5072464	4217738	0.007375	480	332	5072320	0	0	0	nan	0	0	0	0	0	0	nan	0	0	0	0.007375	0.000042	0.007375	0.000042	1.428433	0.008135
33	G	3138	5114291	4347590	0.000722	481	332	5114135	0	0	0	nan	0	0	0	0	0	0	nan	0	0	0	0.000722	0.000013	0.000722	0.000013	0.206065	0.003710
34	A	2034	5140269	4853653	0.000419	481	332	5140156	0	0	0	nan	0	0	0	0	0	0	nan	0	0	0	0.000419	0.000009	0.000419	0.000009	0.179290	0.003851
35	A	6569	5149211	4862881	0.001351	481	332	5149101	0	0	0	nan	0	0	0	0	0	0	nan	0	0	0	0.001351	0.000017	0.001351	0.000017	0.578092	0.007274
36	U	3302	5150693	4862805	0.000679	481	332	5150581	0	0	0	nan	0	0	0	0	0	0	nan	0	0	0	0.000679	0.000012	0.000679	0.000012	0.131513	0.002324
37	A	5694	5152582	4685385	0.001215	481	332	5152463	0	0	0	nan	0	0	0	0	0	0	nan	0	0	0	0.001215	0.000016	0.001215	0.000016	0.519897	0.006846
38	G	3274	5152888	4548820	0.000720	484	332	5152771	0	0	0	nan	0	0	0	0	0	0	nan	0	0	0	0.000720	0.000013	0.000720	0.000013	0.205494	0.003710
39	U	6529	5153535	4407555	0.001481	484	332	5153417	0	0	0	nan	0	0	0	0	0	0	nan	0	0	0	0.001481	0.000018	0.001481	0.000018	0.286849	0.003486
40	G	5589	5154620	4428065	0.001262	484	332	5154503	0	0	0	nan	0	0	0	0	0	0	nan	0	0	0	0.001262	0.000017	0.001262	0.000017	0.360186	0.004852
41	A	11035	5158522	4371112	0.002525	484	332	5158405	0	0	0	nan	0	0	0	0	0	0	nan	0	0	0	0.002525	0.000024	0.002525	0.000024	1.080445	0.010270
42	U	20003	5159594	4259999	0.004696	487	332	5159474	0	0	0	nan	0	0	0	0	0	0	nan	0	0	0	0.004696	0.000033	0.004696	0.000033	0.909549	0.006392
43	U	8895	5162484	4235810	0.002100	488	332	5162366	0	0	0	nan	0	0	0	0	0	0	nan	0	0	0	0.002100	0.000022	0.002100	0.000022	0.406740	0.004261
44	C	7711	5172853	4303423	0.001792	488	332	5172741	0	0	0	nan	0	0	0	0	0	0	nan	0	0	0	0.001792	0.000020	0.001792	0.000020	0.526362	0.005875
45	A	5714	5181798	4392148	0.001301	482	332	5181684	0	0	0	nan	0	0	0	0	0	0	nan	0	0	0	0.001301	0.000017	0.001301	0.000017	0.556697	0.007274
46	G	3242	5187951	4294088	0.000755	478	332	5187843	0	0	0	nan	0	0	0	0	0	0	nan	0	0	0	0.000755	0.000013	0.000755	0.000013	0.215483	0.003710
47	G	8506	5201009	4378530	0.001943	475	332	5200899	0	0	0	nan	0	0	0	0	0	0	nan	0	0	0	0.001943	0.000021	0.001943	0.000021	0.554549	0.005994
48	A	2515	5217308	4220442	0.000596	474	332	5217199	0	0	0	nan	0	0	0	0	0	0	nan	0	0	0	0.000596	0.000012	0.000596	0.000012	0.255028	0.005135
49	G	35639	5220651	4353610	0.008186	473	332	5220553	0	0	0	nan	0	0	0	0	0	0	nan	0	0	0	0.008186	0.000043	0.008186	0.000043	2.336354	0.012273
50	G	2595	5233334	4146872	0.000626	473	332	5233269	0	0	0	nan	0	0	0	0	0	0	nan	0	0	0	0.000626	0.000012	0.000626	0.000012	0.178666	0.003425
51	U	22382	5237035	4334954	0.005163	473	332	5236987	0	0	0	nan	0	0	0	0	0	0	nan	0	0	0	0.005163	0.000035	0.005163	0.000035	1.000000	0.006779
52	U	17277	5243598	4345216	0.003976	473	332	5243563	0	0	0	nan	0	0	0	0	0	0	nan	0	0	0	0.003976	0.000030	0.003976	0.000030	0.770095	0.005811
53	A	1959	5250593	4686736	0.000418	471	332	5250559	0	0	0	nan	0	0	0	0	0	0	nan	0	0	0	0.000418	0.000009	0.000418	0.000009	0.178862	0.003851
54	A	2600	5253713	4727083	0.000550	471	332	5253688	0	0	0	nan	0	0	0	0	0	0	nan	0	0	0	0.000550	0.000011	0.000550	0.000011	0.235344	0.004707
55	U	18503	5254294	4588426	0.004033	470	332	5254273	0	0	0	nan	0	0	0	0	0	0	nan	0	0	0	0.004033	0.000030	0.004033	0.000030	0.781135	0.005811
56	G	4876	5256028	4337087	0.001124	465	332	5256012	0	0	0	nan	0	0	0	0	0	0	nan	0	0	0	0.001124	0.000016	0.001124	0.000016	0.320799	0.004567
57	G	0	5257533	4488241	0.000000	465	332	5257522	0	0	0	nan	0	0	0	0	0	0	nan	0	0	0	0.000000	0.000000	0.000000	0.000000	0.000000	0.000000
58	A	0	5259439	47	0.000000	463	332	5259439	0	0	0	nan	0	0	0	0	0	0	nan	0	0	0	0.000000	0.000000	nan	nan	nan	nan
59	A	0	5259397	59	0.000000	462	332	5259397	0	0	0	nan	0	0	0	0	0	0	nan	0	0	0	0.000000	0.000000	nan	nan	nan	nan
60	G	0	5259332	30	0.000000	461	332	5259332	0	0	0	nan	0	0	0	0	0	0	nan	0	0	0	0.000000	0.000000	nan	nan	nan	nan
61	u	0	5259277	0	nan	460	332	5259277	0	0	0	nan	0	0	0	0	0	0	nan	0	0	0	nan	nan	nan	nan	nan	nan
62	a	0	5259146	0	nan	454	332	5259146	0	0	0	nan	0	0	0	0	0	0	nan	0	0	0	nan	nan	nan	nan	nan	nan
63	a	0	5259071	0	nan	450	332	5259071	0	0	0	nan	0	0	0	0	0	0	nan	0	0	0	nan	nan	nan	nan	nan	nan
64	a	0	5259054	0	nan	446	332	5259054	0	0	0	nan	0	0	0	0	0	0	nan	0	0	0	nan	nan	nan	nan	nan	nan
65	g	0	5259032	0	nan	445	332	5259032	0	0	0	nan	0	0	0	0	0	0	nan	0	0	0	nan	nan	nan	nan	nan	nan
66	g	0	5259022	0	nan	445	332	5259022	0	0	0	nan	0	0	0	0	0	0	nan	0	0	0	nan	nan	nan	nan	nan	nan
67	u	0	5259010	0	nan	445	332	5259010	0	0	0	nan	0	0	0	0	0	0	nan	0	0	0	nan	nan	nan	nan	nan	nan
68	a	0	5258995	0	nan	445	329	5258995	0	0	0	nan	0	0	0	0	0	0	nan	0	0	0	nan	nan	nan	nan	nan	nan
69	a	0	5258985	0	nan	445	329	5258985	0	0	0	nan	0	0	0	0	0	0	nan	0	0	0	nan	nan	nan	nan	nan	nan
70	u	0	5258972	0	nan	445	329	5258972	0	0	0	nan	0	0	0	0	0	0	nan	0	0	0	nan	nan	nan	nan	nan	nan
71	g	0	5258911	0	nan	440	325	5258911	0	0	0	nan	0	0	0	0	0	0	nan	0	0	0	nan	nan	nan	nan	nan	nan
72	a	0	5258813	0	nan	428	325	5258813	0	0	0	nan	0	0	0	0	0	0	nan	0	0	0	nan	nan	nan	nan	nan	nan
73	a	0	5258786	0	nan	428	325	5258786	0	0	0	nan	0	0	0	0	0	0	nan	0	0	0	nan	nan	nan	nan	nan	nan
74	g	0	5258754	0	nan	428	322	5258754	0	0	0	nan	0	0	0	0	0	0	nan	0	0	0	nan	nan	nan	nan	nan	nan
75	g	0	5258709	0	nan	426	321	5258709	0	0	0	nan	0	0	0	0	0	0	nan	0	0	0	nan	nan	nan	nan	nan	nan
76	u	0	5258640	0	nan	425	313	5258640	0	0	0	nan	0	0	0	0	0	0	nan	0	0	0	nan	nan	nan	nan	nan	nan
77	g	0	5258566	0	nan	425	313	5258566	0	0	0	nan	0	0	0	0	0	0	nan	0	0	0	nan	nan	nan	nan	nan	nan
78	a	0	5258462	0	nan	402	312	5258462	0	0	0	nan	0	0	0	0	0	0	nan	0	0	0	nan	nan	nan	nan	nan	nan
79	a	0	5255962	0	nan	395	311	5255962	0	0	0	nan	0	0	0	0	0	0	nan	0	0	0	nan	nan	nan	nan	nan	nan
80	g	0	5253750	0	nan	395	302	5253750	0	0	0	nan	0	0	0	0	0	0	nan	0	0	0	nan	nan	nan	nan	nan	nan