Nucleotide	Sequence	Modified_mutations	Modified_read_depth	Modified_effective_depth	Modified_rate	Modified_off_target_mapped_depth	Modified_low_mapq_mapped_depth	Modified_primer_pair_1_mapped_depth	Untreated_mutations	Untreated_read_depth	Untreated_effective_depth	Untreated_rate	Untreated_off_target_mapped_depth	Untreated_low_mapq_mapped_depth	Untreated_primer_pair_1_mapped_depth	Denatured_mutations	Denatured_read_depth	Denatured_effective_depth	Denatured_rate	Denatured_off_target_mapped_depth	Denatured_low_mapq_mapped_depth	Denatured_primer_pair_1_mapped_depth	Reactivity_profile	Std_err	HQ_profile	HQ_stderr	Norm_profile	Norm_stderr
1	g	0	1032790	0	nan	0	17	1032790	0	0	0	nan	0	0	0	0	0	0	nan	0	0	0	nan	nan	nan	nan	nan	nan
2	g	0	1033372	0	nan	0	17	1033372	0	0	0	nan	0	0	0	0	0	0	nan	0	0	0	nan	nan	nan	nan	nan	nan
3	u	0	1033707	0	nan	0	17	1033707	0	0	0	nan	0	0	0	0	0	0	nan	0	0	0	nan	nan	nan	nan	nan	nan
4	g	0	1033822	0	nan	0	17	1033822	0	0	0	nan	0	0	0	0	0	0	nan	0	0	0	nan	nan	nan	nan	nan	nan
5	u	0	1033993	0	nan	0	17	1033993	0	0	0	nan	0	0	0	0	0	0	nan	0	0	0	nan	nan	nan	nan	nan	nan
6	a	0	1034002	0	nan	0	17	1034002	0	0	0	nan	0	0	0	0	0	0	nan	0	0	0	nan	nan	nan	nan	nan	nan
7	a	0	1034031	0	nan	0	17	1034031	0	0	0	nan	0	0	0	0	0	0	nan	0	0	0	nan	nan	nan	nan	nan	nan
8	g	0	1034127	0	nan	0	17	1034127	0	0	0	nan	0	0	0	0	0	0	nan	0	0	0	nan	nan	nan	nan	nan	nan
9	g	0	1035496	0	nan	0	17	1035496	0	0	0	nan	0	0	0	0	0	0	nan	0	0	0	nan	nan	nan	nan	nan	nan
10	g	0	1232288	0	nan	2	17	1232288	0	0	0	nan	0	0	0	0	0	0	nan	0	0	0	nan	nan	nan	nan	nan	nan
11	u	0	1234370	0	nan	2	17	1234370	0	0	0	nan	0	0	0	0	0	0	nan	0	0	0	nan	nan	nan	nan	nan	nan
12	g	0	1235361	0	nan	2	17	1235361	0	0	0	nan	0	0	0	0	0	0	nan	0	0	0	nan	nan	nan	nan	nan	nan
13	a	0	1235457	0	nan	2	17	1235457	0	0	0	nan	0	0	0	0	0	0	nan	0	0	0	nan	nan	nan	nan	nan	nan
14	a	0	1235470	0	nan	2	17	1235470	0	0	0	nan	0	0	0	0	0	0	nan	0	0	0	nan	nan	nan	nan	nan	nan
15	g	0	1235480	0	nan	7	17	1235480	0	0	0	nan	0	0	0	0	0	0	nan	0	0	0	nan	nan	nan	nan	nan	nan
16	u	0	1235523	0	nan	7	17	1235523	0	0	0	nan	0	0	0	0	0	0	nan	0	0	0	nan	nan	nan	nan	nan	nan
17	g	0	1235606	0	nan	7	17	1235606	0	0	0	nan	0	0	0	0	0	0	nan	0	0	0	nan	nan	nan	nan	nan	nan
18	u	0	1235809	0	nan	7	17	1235809	0	0	0	nan	0	0	0	0	0	0	nan	0	0	0	nan	nan	nan	nan	nan	nan
19	a	0	1236143	0	nan	7	17	1236143	0	0	0	nan	0	0	0	0	0	0	nan	0	0	0	nan	nan	nan	nan	nan	nan
20	A	0	1236837	671	0.000000	7	17	1236837	0	0	0	nan	0	0	0	0	0	0	nan	0	0	0	0.000000	0.000000	nan	nan	nan	nan
21	G	0	1237534	1341	0.000000	8	17	1237534	0	0	0	nan	0	0	0	0	0	0	nan	0	0	0	0.000000	0.000000	nan	nan	nan	nan
22	G	0	1238040	1823	0.000000	10	17	1238040	0	0	0	nan	0	0	0	0	0	0	nan	0	0	0	0.000000	0.000000	nan	nan	nan	nan
23	U	0	1238115	1235157	0.000000	10	17	1238115	0	0	0	nan	0	0	0	0	0	0	nan	0	0	0	0.000000	0.000000	0.000000	0.000000	nan	nan
24	U	1504	1238120	1235175	0.001218	10	17	1238120	0	0	0	nan	0	0	0	0	0	0	nan	0	0	0	0.001218	0.000031	0.001218	0.000031	nan	nan
25	G	1448	1238123	1233702	0.001174	10	17	1238123	0	0	0	nan	0	0	0	0	0	0	nan	0	0	0	0.001174	0.000031	0.001174	0.000031	nan	nan
26	A	1490	1238123	1213010	0.001228	10	17	1238122	0	0	0	nan	0	0	0	0	0	0	nan	0	0	0	0.001228	0.000032	0.001228	0.000032	0.433463	0.011295
27	C	9089	1238124	1212273	0.007497	10	17	1238123	0	0	0	nan	0	0	0	0	0	0	nan	0	0	0	0.007497	0.000079	0.007497	0.000079	1.247732	0.013148
28	C	1067	1238138	1211565	0.000881	10	17	1238137	0	0	0	nan	0	0	0	0	0	0	nan	0	0	0	0.000881	0.000027	0.000881	0.000027	0.146626	0.004494
29	U	1004	1238158	1231466	0.000815	10	17	1238157	0	0	0	nan	0	0	0	0	0	0	nan	0	0	0	0.000815	0.000026	0.000815	0.000026	nan	nan
30	U	1574	1238204	1232802	0.001277	10	17	1238203	0	0	0	nan	0	0	0	0	0	0	nan	0	0	0	0.001277	0.000032	0.001277	0.000032	nan	nan
31	U	1984	1238281	1234393	0.001607	10	17	1238278	0	0	0	nan	0	0	0	0	0	0	nan	0	0	0	0.001607	0.000036	0.001607	0.000036	nan	nan
32	U	1303	1238505	1235718	0.001054	10	17	1238502	0	0	0	nan	0	0	0	0	0	0	nan	0	0	0	0.001054	0.000029	0.001054	0.000029	nan	nan
33	G	981	1238731	1232629	0.000796	10	17	1238726	0	0	0	nan	0	0	0	0	0	0	nan	0	0	0	0.000796	0.000025	0.000796	0.000025	nan	nan
34	A	3499	1238861	1235271	0.002833	10	17	1238855	0	0	0	nan	0	0	0	0	0	0	nan	0	0	0	0.002833	0.000048	0.002833	0.000048	1.000000	0.016943
35	A	3233	1238868	1234168	0.002620	10	17	1238861	0	0	0	nan	0	0	0	0	0	0	nan	0	0	0	0.002620	0.000046	0.002620	0.000046	0.924815	0.016237
36	U	910	1238869	1230924	0.000739	10	17	1238861	0	0	0	nan	0	0	0	0	0	0	nan	0	0	0	0.000739	0.000025	0.000739	0.000025	nan	nan
37	A	57008	1238875	1230124	0.046343	10	17	1238862	0	0	0	nan	0	0	0	0	0	0	nan	0	0	0	0.046343	0.000194	0.046343	0.000194	16.358277	0.068479
38	G	1427	1238886	1223749	0.001166	10	18	1238873	0	0	0	nan	0	0	0	0	0	0	nan	0	0	0	0.001166	0.000031	0.001166	0.000031	nan	nan
39	U	1972	1238891	1234133	0.001598	11	18	1238881	0	0	0	nan	0	0	0	0	0	0	nan	0	0	0	0.001598	0.000036	0.001598	0.000036	nan	nan
40	G	2339	1238914	1231410	0.001899	11	18	1238901	0	0	0	nan	0	0	0	0	0	0	nan	0	0	0	0.001899	0.000039	0.001899	0.000039	nan	nan
41	A	11499	1238928	1234446	0.009315	11	18	1238916	0	0	0	nan	0	0	0	0	0	0	nan	0	0	0	0.009315	0.000087	0.009315	0.000087	3.288034	0.030709
42	U	2212	1238947	1233884	0.001793	11	19	1238935	0	0	0	nan	0	0	0	0	0	0	nan	0	0	0	0.001793	0.000038	0.001793	0.000038	nan	nan
43	U	1667	1238977	1234457	0.001350	11	19	1238963	0	0	0	nan	0	0	0	0	0	0	nan	0	0	0	0.001350	0.000033	0.001350	0.000033	nan	nan
44	C	1905	1238992	1234747	0.001543	11	19	1238981	0	0	0	nan	0	0	0	0	0	0	nan	0	0	0	0.001543	0.000035	0.001543	0.000035	0.256803	0.005825
45	A	3251	1239005	1235497	0.002631	11	19	1238998	0	0	0	nan	0	0	0	0	0	0	nan	0	0	0	0.002631	0.000046	0.002631	0.000046	0.928697	0.016237
46	G	1247	1239057	1233979	0.001011	11	19	1239053	0	0	0	nan	0	0	0	0	0	0	nan	0	0	0	0.001011	0.000029	0.001011	0.000029	nan	nan
47	G	1138	1239070	1234949	0.000921	12	19	1239065	0	0	0	nan	0	0	0	0	0	0	nan	0	0	0	0.000921	0.000027	0.000921	0.000027	nan	nan
48	A	1603	1239077	1236526	0.001296	12	19	1239070	0	0	0	nan	0	0	0	0	0	0	nan	0	0	0	0.001296	0.000032	0.001296	0.000032	0.457466	0.011295
49	G	1496	1239101	1233265	0.001213	12	19	1239098	0	0	0	nan	0	0	0	0	0	0	nan	0	0	0	0.001213	0.000031	0.001213	0.000031	nan	nan
50	G	1463	1239117	1231472	0.001188	14	19	1239115	0	0	0	nan	0	0	0	0	0	0	nan	0	0	0	0.001188	0.000031	0.001188	0.000031	nan	nan
51	U	1443	1239118	1235330	0.001168	14	19	1239116	0	0	0	nan	0	0	0	0	0	0	nan	0	0	0	0.001168	0.000031	0.001168	0.000031	nan	nan
52	U	1804	1239124	1235166	0.001461	15	19	1239121	0	0	0	nan	0	0	0	0	0	0	nan	0	0	0	0.001461	0.000034	0.001461	0.000034	nan	nan
53	A	2705	1239126	1235079	0.002190	15	19	1239125	0	0	0	nan	0	0	0	0	0	0	nan	0	0	0	0.002190	0.000042	0.002190	0.000042	0.773032	0.014825
54	A	3411	1238276	1233034	0.002766	16	19	1238268	0	0	0	nan	0	0	0	0	0	0	nan	0	0	0	0.002766	0.000047	0.002766	0.000047	0.976350	0.016590
55	U	2532	1238275	1232601	0.002054	16	19	1238268	0	0	0	nan	0	0	0	0	0	0	nan	0	0	0	0.002054	0.000041	0.002054	0.000041	nan	nan
56	G	1522	1238278	1231731	0.001236	14	19	1238273	0	0	0	nan	0	0	0	0	0	0	nan	0	0	0	0.001236	0.000032	0.001236	0.000032	nan	nan
57	G	0	1238281	1234318	0.000000	13	19	1238280	0	0	0	nan	0	0	0	0	0	0	nan	0	0	0	0.000000	0.000000	0.000000	0.000000	nan	nan
58	A	0	1238281	0	nan	13	19	1238281	0	0	0	nan	0	0	0	0	0	0	nan	0	0	0	nan	nan	nan	nan	nan	nan
59	A	0	1238281	0	nan	13	19	1238281	0	0	0	nan	0	0	0	0	0	0	nan	0	0	0	nan	nan	nan	nan	nan	nan
60	G	0	1238281	0	nan	13	19	1238281	0	0	0	nan	0	0	0	0	0	0	nan	0	0	0	nan	nan	nan	nan	nan	nan
61	u	0	1238280	0	nan	13	19	1238280	0	0	0	nan	0	0	0	0	0	0	nan	0	0	0	nan	nan	nan	nan	nan	nan
62	a	0	1238280	0	nan	13	19	1238280	0	0	0	nan	0	0	0	0	0	0	nan	0	0	0	nan	nan	nan	nan	nan	nan
63	a	0	1238280	0	nan	13	19	1238280	0	0	0	nan	0	0	0	0	0	0	nan	0	0	0	nan	nan	nan	nan	nan	nan
64	a	0	1238280	0	nan	13	19	1238280	0	0	0	nan	0	0	0	0	0	0	nan	0	0	0	nan	nan	nan	nan	nan	nan
65	g	0	1238280	0	nan	13	19	1238280	0	0	0	nan	0	0	0	0	0	0	nan	0	0	0	nan	nan	nan	nan	nan	nan
66	g	0	1238280	0	nan	13	19	1238280	0	0	0	nan	0	0	0	0	0	0	nan	0	0	0	nan	nan	nan	nan	nan	nan
67	u	0	1238280	0	nan	13	19	1238280	0	0	0	nan	0	0	0	0	0	0	nan	0	0	0	nan	nan	nan	nan	nan	nan
68	a	0	1238280	0	nan	13	19	1238280	0	0	0	nan	0	0	0	0	0	0	nan	0	0	0	nan	nan	nan	nan	nan	nan
69	a	0	1238280	0	nan	13	19	1238280	0	0	0	nan	0	0	0	0	0	0	nan	0	0	0	nan	nan	nan	nan	nan	nan
70	u	0	1238280	0	nan	13	19	1238280	0	0	0	nan	0	0	0	0	0	0	nan	0	0	0	nan	nan	nan	nan	nan	nan
71	g	0	1238279	0	nan	13	19	1238279	0	0	0	nan	0	0	0	0	0	0	nan	0	0	0	nan	nan	nan	nan	nan	nan
72	a	0	1238270	0	nan	13	19	1238270	0	0	0	nan	0	0	0	0	0	0	nan	0	0	0	nan	nan	nan	nan	nan	nan
73	a	0	1238268	0	nan	13	19	1238268	0	0	0	nan	0	0	0	0	0	0	nan	0	0	0	nan	nan	nan	nan	nan	nan
74	g	0	1238261	0	nan	13	19	1238261	0	0	0	nan	0	0	0	0	0	0	nan	0	0	0	nan	nan	nan	nan	nan	nan
75	g	0	1238258	0	nan	13	19	1238258	0	0	0	nan	0	0	0	0	0	0	nan	0	0	0	nan	nan	nan	nan	nan	nan
76	u	0	1238239	0	nan	13	19	1238239	0	0	0	nan	0	0	0	0	0	0	nan	0	0	0	nan	nan	nan	nan	nan	nan
77	g	0	1238223	0	nan	13	19	1238223	0	0	0	nan	0	0	0	0	0	0	nan	0	0	0	nan	nan	nan	nan	nan	nan
78	a	0	1238173	0	nan	13	19	1238173	0	0	0	nan	0	0	0	0	0	0	nan	0	0	0	nan	nan	nan	nan	nan	nan
79	a	0	1237913	0	nan	13	19	1237913	0	0	0	nan	0	0	0	0	0	0	nan	0	0	0	nan	nan	nan	nan	nan	nan
80	g	0	1237152	0	nan	13	19	1237152	0	0	0	nan	0	0	0	0	0	0	nan	0	0	0	nan	nan	nan	nan	nan	nan