Nucleotide	Sequence	Modified_mutations	Modified_read_depth	Modified_effective_depth	Modified_rate	Modified_off_target_mapped_depth	Modified_low_mapq_mapped_depth	Modified_primer_pair_1_mapped_depth	Untreated_mutations	Untreated_read_depth	Untreated_effective_depth	Untreated_rate	Untreated_off_target_mapped_depth	Untreated_low_mapq_mapped_depth	Untreated_primer_pair_1_mapped_depth	Denatured_mutations	Denatured_read_depth	Denatured_effective_depth	Denatured_rate	Denatured_off_target_mapped_depth	Denatured_low_mapq_mapped_depth	Denatured_primer_pair_1_mapped_depth	Reactivity_profile	Std_err	HQ_profile	HQ_stderr	Norm_profile	Norm_stderr
1	g	0	200380	0	nan	18	0	200380	0	0	0	nan	0	0	0	0	0	0	nan	0	0	0	nan	nan	nan	nan	nan	nan
2	g	0	215584	0	nan	52	0	215584	0	0	0	nan	0	0	0	0	0	0	nan	0	0	0	nan	nan	nan	nan	nan	nan
3	c	0	216050	0	nan	52	0	216050	0	0	0	nan	0	0	0	0	0	0	nan	0	0	0	nan	nan	nan	nan	nan	nan
4	a	0	216173	0	nan	53	0	216173	0	0	0	nan	0	0	0	0	0	0	nan	0	0	0	nan	nan	nan	nan	nan	nan
5	c	0	216193	0	nan	53	0	216193	0	0	0	nan	0	0	0	0	0	0	nan	0	0	0	nan	nan	nan	nan	nan	nan
6	c	0	216208	0	nan	53	0	216208	0	0	0	nan	0	0	0	0	0	0	nan	0	0	0	nan	nan	nan	nan	nan	nan
7	u	0	216212	0	nan	53	0	216212	0	0	0	nan	0	0	0	0	0	0	nan	0	0	0	nan	nan	nan	nan	nan	nan
8	c	0	216235	0	nan	53	0	216235	0	0	0	nan	0	0	0	0	0	0	nan	0	0	0	nan	nan	nan	nan	nan	nan
9	a	0	216252	0	nan	53	0	216252	0	0	0	nan	0	0	0	0	0	0	nan	0	0	0	nan	nan	nan	nan	nan	nan
10	u	0	216277	0	nan	53	0	216277	0	0	0	nan	0	0	0	0	0	0	nan	0	0	0	nan	nan	nan	nan	nan	nan
11	a	0	216311	0	nan	53	0	216311	0	0	0	nan	0	0	0	0	0	0	nan	0	0	0	nan	nan	nan	nan	nan	nan
12	a	0	216335	0	nan	53	0	216335	0	0	0	nan	0	0	0	0	0	0	nan	0	0	0	nan	nan	nan	nan	nan	nan
13	c	0	216338	0	nan	53	0	216338	0	0	0	nan	0	0	0	0	0	0	nan	0	0	0	nan	nan	nan	nan	nan	nan
14	a	0	216342	0	nan	53	0	216342	0	0	0	nan	0	0	0	0	0	0	nan	0	0	0	nan	nan	nan	nan	nan	nan
15	u	0	216363	0	nan	53	0	216363	0	0	0	nan	0	0	0	0	0	0	nan	0	0	0	nan	nan	nan	nan	nan	nan
16	a	0	216366	0	nan	53	0	216366	0	0	0	nan	0	0	0	0	0	0	nan	0	0	0	nan	nan	nan	nan	nan	nan
17	a	0	216370	0	nan	53	0	216370	0	0	0	nan	0	0	0	0	0	0	nan	0	0	0	nan	nan	nan	nan	nan	nan
18	c	0	216382	0	nan	53	0	216382	0	0	0	nan	0	0	0	0	0	0	nan	0	0	0	nan	nan	nan	nan	nan	nan
19	U	0	216384	2	0.000000	53	0	216384	0	0	0	nan	0	0	0	0	0	0	nan	0	0	0	0.000000	0.000000	nan	nan	nan	nan
20	A	0	216410	13	0.000000	53	0	216410	0	0	0	nan	0	0	0	0	0	0	nan	0	0	0	0.000000	0.000000	nan	nan	nan	nan
21	A	0	216427	20	0.000000	53	0	216427	0	0	0	nan	0	0	0	0	0	0	nan	0	0	0	0.000000	0.000000	nan	nan	nan	nan
22	G	0	216445	212234	0.000000	53	0	216445	0	0	0	nan	0	0	0	0	0	0	nan	0	0	0	0.000000	0.000000	0.000000	0.000000	nan	nan
23	G	282	216454	207173	0.001361	53	0	216454	0	0	0	nan	0	0	0	0	0	0	nan	0	0	0	0.001361	0.000081	0.001361	0.000081	nan	nan
24	C	5386	216475	211306	0.025489	53	0	216475	0	0	0	nan	0	0	0	0	0	0	nan	0	0	0	0.025489	0.000347	0.025489	0.000347	0.963777	0.013121
25	A	3043	216547	213454	0.014256	53	0	216547	0	0	0	nan	0	0	0	0	0	0	nan	0	0	0	0.014256	0.000258	0.014256	0.000258	0.899602	0.016281
26	G	174	216564	212800	0.000818	53	0	216564	0	0	0	nan	0	0	0	0	0	0	nan	0	0	0	0.000818	0.000062	0.000818	0.000062	nan	nan
27	A	3307	216574	214030	0.015451	53	0	216572	0	0	0	nan	0	0	0	0	0	0	nan	0	0	0	0.015451	0.000269	0.015451	0.000269	0.975011	0.016975
28	U	1391	216593	213127	0.006527	53	0	216590	0	0	0	nan	0	0	0	0	0	0	nan	0	0	0	0.006527	0.000175	0.006527	0.000175	1.100860	0.029516
29	C	5393	216600	213428	0.025268	53	0	216595	0	0	0	nan	0	0	0	0	0	0	nan	0	0	0	0.025268	0.000344	0.025268	0.000344	0.955420	0.013007
30	U	940	216603	213364	0.004406	53	0	216598	0	0	0	nan	0	0	0	0	0	0	nan	0	0	0	0.004406	0.000144	0.004406	0.000144	0.743127	0.024287
31	G	201	216612	212490	0.000946	53	0	216602	0	0	0	nan	0	0	0	0	0	0	nan	0	0	0	0.000946	0.000067	0.000946	0.000067	nan	nan
32	A	3637	216616	213503	0.017035	53	0	216606	0	0	0	nan	0	0	0	0	0	0	nan	0	0	0	0.017035	0.000282	0.017035	0.000282	1.074967	0.017795
33	G	215	216619	209285	0.001027	53	0	216600	0	0	0	nan	0	0	0	0	0	0	nan	0	0	0	0.001027	0.000070	0.001027	0.000070	nan	nan
34	C	4293	216625	209113	0.020530	47	0	216589	0	0	0	nan	0	0	0	0	0	0	nan	0	0	0	0.020530	0.000313	0.020530	0.000313	0.776270	0.011835
35	U	1362	216644	208742	0.006525	46	0	216584	0	0	0	nan	0	0	0	0	0	0	nan	0	0	0	0.006525	0.000177	0.006525	0.000177	1.100523	0.029853
36	U	1112	216652	208503	0.005333	45	0	216579	0	0	0	nan	0	0	0	0	0	0	nan	0	0	0	0.005333	0.000160	0.005333	0.000160	0.899477	0.026986
37	C	5539	216682	209439	0.026447	45	0	216453	0	0	0	nan	0	0	0	0	0	0	nan	0	0	0	0.026447	0.000355	0.026447	0.000355	1.000000	0.013423
38	G	182	216727	209059	0.000871	45	0	216506	0	0	0	nan	0	0	0	0	0	0	nan	0	0	0	0.000871	0.000065	0.000871	0.000065	nan	nan
39	G	223	217075	209783	0.001063	45	0	216961	0	0	0	nan	0	0	0	0	0	0	nan	0	0	0	0.001063	0.000071	0.001063	0.000071	nan	nan
40	C	3072	217249	214579	0.014316	35	0	217232	0	0	0	nan	0	0	0	0	0	0	nan	0	0	0	0.014316	0.000258	0.014316	0.000258	0.541309	0.009755
41	U	775	217264	214701	0.003610	34	0	217256	0	0	0	nan	0	0	0	0	0	0	nan	0	0	0	0.003610	0.000130	0.003610	0.000130	0.608872	0.021926
42	C	3982	217267	215023	0.018519	29	0	217259	0	0	0	nan	0	0	0	0	0	0	nan	0	0	0	0.018519	0.000293	0.018519	0.000293	0.700231	0.011079
43	U	1130	217267	215030	0.005255	29	0	217260	0	0	0	nan	0	0	0	0	0	0	nan	0	0	0	0.005255	0.000156	0.005255	0.000156	0.886321	0.026311
44	C	4935	217269	214581	0.022998	27	0	217262	0	0	0	nan	0	0	0	0	0	0	nan	0	0	0	0.022998	0.000327	0.022998	0.000327	0.869588	0.012364
45	U	863	217272	214390	0.004025	27	0	217260	0	0	0	nan	0	0	0	0	0	0	nan	0	0	0	0.004025	0.000137	0.004025	0.000137	0.678867	0.023107
46	G	264	217276	211375	0.001249	27	0	217256	0	0	0	nan	0	0	0	0	0	0	nan	0	0	0	0.001249	0.000077	0.001249	0.000077	nan	nan
47	C	6418	217274	213957	0.029997	27	0	217260	0	0	0	nan	0	0	0	0	0	0	nan	0	0	0	0.029997	0.000374	0.029997	0.000374	1.134231	0.014141
48	C	6654	217277	214458	0.031027	27	0	217266	0	0	0	nan	0	0	0	0	0	0	nan	0	0	0	0.031027	0.000380	0.031027	0.000380	1.173177	0.014368
49	A	3067	217281	215181	0.014253	27	0	217281	0	0	0	nan	0	0	0	0	0	0	nan	0	0	0	0.014253	0.000257	0.014253	0.000257	0.899413	0.016218
50	A	0	217283	215794	0.000000	27	0	217283	0	0	0	nan	0	0	0	0	0	0	nan	0	0	0	0.000000	0.000000	0.000000	0.000000	0.000000	0.000000
51	U	0	217283	140	0.000000	20	0	217283	0	0	0	nan	0	0	0	0	0	0	nan	0	0	0	0.000000	0.000000	nan	nan	nan	nan
52	C	0	217282	140	0.000000	20	0	217282	0	0	0	nan	0	0	0	0	0	0	nan	0	0	0	0.000000	0.000000	nan	nan	nan	nan
53	C	0	217275	139	0.000000	20	0	217275	0	0	0	nan	0	0	0	0	0	0	nan	0	0	0	0.000000	0.000000	nan	nan	nan	nan
54	a	0	217118	0	nan	20	0	217118	0	0	0	nan	0	0	0	0	0	0	nan	0	0	0	nan	nan	nan	nan	nan	nan
55	c	0	217113	0	nan	20	0	217113	0	0	0	nan	0	0	0	0	0	0	nan	0	0	0	nan	nan	nan	nan	nan	nan
56	u	0	217104	0	nan	20	0	217104	0	0	0	nan	0	0	0	0	0	0	nan	0	0	0	nan	nan	nan	nan	nan	nan
57	a	0	217102	0	nan	20	0	217102	0	0	0	nan	0	0	0	0	0	0	nan	0	0	0	nan	nan	nan	nan	nan	nan
58	a	0	217102	0	nan	20	0	217102	0	0	0	nan	0	0	0	0	0	0	nan	0	0	0	nan	nan	nan	nan	nan	nan
59	c	0	217102	0	nan	5	0	217102	0	0	0	nan	0	0	0	0	0	0	nan	0	0	0	nan	nan	nan	nan	nan	nan
60	c	0	217100	0	nan	5	0	217100	0	0	0	nan	0	0	0	0	0	0	nan	0	0	0	nan	nan	nan	nan	nan	nan
61	u	0	217100	0	nan	0	0	217100	0	0	0	nan	0	0	0	0	0	0	nan	0	0	0	nan	nan	nan	nan	nan	nan
62	c	0	217099	0	nan	0	0	217099	0	0	0	nan	0	0	0	0	0	0	nan	0	0	0	nan	nan	nan	nan	nan	nan
63	a	0	217099	0	nan	0	0	217099	0	0	0	nan	0	0	0	0	0	0	nan	0	0	0	nan	nan	nan	nan	nan	nan
64	c	0	217099	0	nan	0	0	217099	0	0	0	nan	0	0	0	0	0	0	nan	0	0	0	nan	nan	nan	nan	nan	nan
65	u	0	217097	0	nan	0	0	217097	0	0	0	nan	0	0	0	0	0	0	nan	0	0	0	nan	nan	nan	nan	nan	nan
66	c	0	217096	0	nan	0	0	217096	0	0	0	nan	0	0	0	0	0	0	nan	0	0	0	nan	nan	nan	nan	nan	nan
67	a	0	217096	0	nan	0	0	217096	0	0	0	nan	0	0	0	0	0	0	nan	0	0	0	nan	nan	nan	nan	nan	nan
68	c	0	217091	0	nan	0	0	217091	0	0	0	nan	0	0	0	0	0	0	nan	0	0	0	nan	nan	nan	nan	nan	nan
69	a	0	217087	0	nan	0	0	217087	0	0	0	nan	0	0	0	0	0	0	nan	0	0	0	nan	nan	nan	nan	nan	nan
70	a	0	217038	0	nan	0	0	217038	0	0	0	nan	0	0	0	0	0	0	nan	0	0	0	nan	nan	nan	nan	nan	nan
71	u	0	216939	0	nan	0	0	216939	0	0	0	nan	0	0	0	0	0	0	nan	0	0	0	nan	nan	nan	nan	nan	nan
72	c	0	216667	0	nan	0	0	216667	0	0	0	nan	0	0	0	0	0	0	nan	0	0	0	nan	nan	nan	nan	nan	nan