Nucleotide	Sequence	Modified_mutations	Modified_read_depth	Modified_effective_depth	Modified_rate	Modified_off_target_mapped_depth	Modified_low_mapq_mapped_depth	Modified_primer_pair_1_mapped_depth	Untreated_mutations	Untreated_read_depth	Untreated_effective_depth	Untreated_rate	Untreated_off_target_mapped_depth	Untreated_low_mapq_mapped_depth	Untreated_primer_pair_1_mapped_depth	Denatured_mutations	Denatured_read_depth	Denatured_effective_depth	Denatured_rate	Denatured_off_target_mapped_depth	Denatured_low_mapq_mapped_depth	Denatured_primer_pair_1_mapped_depth	Reactivity_profile	Std_err	HQ_profile	HQ_stderr	Norm_profile	Norm_stderr
1	g	0	307244	0	nan	28	0	307244	0	0	0	nan	0	0	0	0	0	0	nan	0	0	0	nan	nan	nan	nan	nan	nan
2	g	0	307807	0	nan	28	0	307807	0	0	0	nan	0	0	0	0	0	0	nan	0	0	0	nan	nan	nan	nan	nan	nan
3	c	0	308137	0	nan	28	0	308137	0	0	0	nan	0	0	0	0	0	0	nan	0	0	0	nan	nan	nan	nan	nan	nan
4	a	0	331188	0	nan	66	0	331188	0	0	0	nan	0	0	0	0	0	0	nan	0	0	0	nan	nan	nan	nan	nan	nan
5	c	0	331741	0	nan	66	0	331741	0	0	0	nan	0	0	0	0	0	0	nan	0	0	0	nan	nan	nan	nan	nan	nan
6	c	0	331841	0	nan	66	0	331841	0	0	0	nan	0	0	0	0	0	0	nan	0	0	0	nan	nan	nan	nan	nan	nan
7	u	0	331850	0	nan	66	0	331850	0	0	0	nan	0	0	0	0	0	0	nan	0	0	0	nan	nan	nan	nan	nan	nan
8	c	0	331862	0	nan	66	0	331862	0	0	0	nan	0	0	0	0	0	0	nan	0	0	0	nan	nan	nan	nan	nan	nan
9	a	0	331866	0	nan	66	0	331866	0	0	0	nan	0	0	0	0	0	0	nan	0	0	0	nan	nan	nan	nan	nan	nan
10	u	0	331882	0	nan	66	0	331882	0	0	0	nan	0	0	0	0	0	0	nan	0	0	0	nan	nan	nan	nan	nan	nan
11	a	0	331914	0	nan	66	0	331914	0	0	0	nan	0	0	0	0	0	0	nan	0	0	0	nan	nan	nan	nan	nan	nan
12	a	0	331936	0	nan	66	0	331936	0	0	0	nan	0	0	0	0	0	0	nan	0	0	0	nan	nan	nan	nan	nan	nan
13	c	0	331954	0	nan	66	0	331954	0	0	0	nan	0	0	0	0	0	0	nan	0	0	0	nan	nan	nan	nan	nan	nan
14	a	0	331962	0	nan	66	0	331962	0	0	0	nan	0	0	0	0	0	0	nan	0	0	0	nan	nan	nan	nan	nan	nan
15	u	0	331964	0	nan	66	0	331964	0	0	0	nan	0	0	0	0	0	0	nan	0	0	0	nan	nan	nan	nan	nan	nan
16	a	0	331976	0	nan	66	0	331976	0	0	0	nan	0	0	0	0	0	0	nan	0	0	0	nan	nan	nan	nan	nan	nan
17	a	0	331998	0	nan	66	0	331998	0	0	0	nan	0	0	0	0	0	0	nan	0	0	0	nan	nan	nan	nan	nan	nan
18	c	0	332010	0	nan	66	0	332010	0	0	0	nan	0	0	0	0	0	0	nan	0	0	0	nan	nan	nan	nan	nan	nan
19	U	0	332017	4	0.000000	66	0	332017	0	0	0	nan	0	0	0	0	0	0	nan	0	0	0	0.000000	0.000000	nan	nan	nan	nan
20	A	0	332041	15	0.000000	66	0	332041	0	0	0	nan	0	0	0	0	0	0	nan	0	0	0	0.000000	0.000000	nan	nan	nan	nan
21	A	0	332053	20	0.000000	66	0	332053	0	0	0	nan	0	0	0	0	0	0	nan	0	0	0	0.000000	0.000000	nan	nan	nan	nan
22	G	0	332069	326389	0.000000	66	0	332069	0	0	0	nan	0	0	0	0	0	0	nan	0	0	0	0.000000	0.000000	0.000000	0.000000	nan	nan
23	G	382	332098	318269	0.001200	66	0	332098	0	0	0	nan	0	0	0	0	0	0	nan	0	0	0	0.001200	0.000061	0.001200	0.000061	nan	nan
24	C	10287	332150	324886	0.031663	66	0	332150	0	0	0	nan	0	0	0	0	0	0	nan	0	0	0	0.031663	0.000312	0.031663	0.000312	0.921669	0.009082
25	A	6459	332193	327159	0.019743	66	0	332193	0	0	0	nan	0	0	0	0	0	0	nan	0	0	0	0.019743	0.000246	0.019743	0.000246	1.000000	0.012460
26	G	321	332257	326153	0.000984	66	0	332257	0	0	0	nan	0	0	0	0	0	0	nan	0	0	0	0.000984	0.000055	0.000984	0.000055	nan	nan
27	A	5652	332328	327623	0.017252	66	0	332328	0	0	0	nan	0	0	0	0	0	0	nan	0	0	0	0.017252	0.000229	0.017252	0.000229	0.873829	0.011599
28	U	1902	332346	326636	0.005823	66	0	332345	0	0	0	nan	0	0	0	0	0	0	nan	0	0	0	0.005823	0.000134	0.005823	0.000134	1.151644	0.026502
29	C	8951	332354	326924	0.027379	66	0	332348	0	0	0	nan	0	0	0	0	0	0	nan	0	0	0	0.027379	0.000289	0.027379	0.000289	0.796967	0.008412
30	U	1414	332373	326974	0.004325	66	0	332361	0	0	0	nan	0	0	0	0	0	0	nan	0	0	0	0.004325	0.000115	0.004325	0.000115	0.855377	0.022744
31	G	359	332379	324689	0.001106	66	0	332359	0	0	0	nan	0	0	0	0	0	0	nan	0	0	0	0.001106	0.000058	0.001106	0.000058	nan	nan
32	A	6276	332382	325678	0.019271	66	0	332356	0	0	0	nan	0	0	0	0	0	0	nan	0	0	0	0.019271	0.000243	0.019271	0.000243	0.976093	0.012308
33	G	386	332405	317017	0.001218	66	0	332344	0	0	0	nan	0	0	0	0	0	0	nan	0	0	0	0.001218	0.000062	0.001218	0.000062	nan	nan
34	C	9128	332407	318339	0.028674	66	0	332278	0	0	0	nan	0	0	0	0	0	0	nan	0	0	0	0.028674	0.000300	0.028674	0.000300	0.834663	0.008733
35	C	8453	332425	318806	0.026515	66	0	332229	0	0	0	nan	0	0	0	0	0	0	nan	0	0	0	0.026515	0.000288	0.026515	0.000288	0.771817	0.008383
36	U	1694	332517	319644	0.005300	66	0	332332	0	0	0	nan	0	0	0	0	0	0	nan	0	0	0	0.005300	0.000129	0.005300	0.000129	1.048208	0.025513
37	G	338	332549	319857	0.001057	66	0	332042	0	0	0	nan	0	0	0	0	0	0	nan	0	0	0	0.001057	0.000057	0.001057	0.000057	nan	nan
38	G	284	332550	318839	0.000891	66	0	332042	0	0	0	nan	0	0	0	0	0	0	nan	0	0	0	0.000891	0.000053	0.000891	0.000053	nan	nan
39	G	298	332602	318549	0.000935	66	0	332149	0	0	0	nan	0	0	0	0	0	0	nan	0	0	0	0.000935	0.000054	0.000935	0.000054	nan	nan
40	A	7416	332662	321239	0.023086	65	0	332283	0	0	0	nan	0	0	0	0	0	0	nan	0	0	0	0.023086	0.000268	0.023086	0.000268	1.169326	0.013574
41	G	426	332782	317052	0.001344	65	0	332585	0	0	0	nan	0	0	0	0	0	0	nan	0	0	0	0.001344	0.000065	0.001344	0.000065	nan	nan
42	C	8963	332865	326669	0.027438	50	0	332814	0	0	0	nan	0	0	0	0	0	0	nan	0	0	0	0.027438	0.000290	0.027438	0.000290	0.798684	0.008442
43	U	1106	332878	327913	0.003373	49	0	332862	0	0	0	nan	0	0	0	0	0	0	nan	0	0	0	0.003373	0.000101	0.003373	0.000101	0.667095	0.019975
44	C	8529	332884	328282	0.025981	46	0	332866	0	0	0	nan	0	0	0	0	0	0	nan	0	0	0	0.025981	0.000281	0.025981	0.000281	0.756273	0.008180
45	U	1414	332887	327929	0.004312	46	0	332874	0	0	0	nan	0	0	0	0	0	0	nan	0	0	0	0.004312	0.000115	0.004312	0.000115	0.852806	0.022744
46	C	11262	332883	327819	0.034354	46	0	332866	0	0	0	nan	0	0	0	0	0	0	nan	0	0	0	0.034354	0.000324	0.034354	0.000324	1.000000	0.009431
47	U	1294	332887	327697	0.003949	46	0	332873	0	0	0	nan	0	0	0	0	0	0	nan	0	0	0	0.003949	0.000110	0.003949	0.000110	0.781014	0.021755
48	G	503	332888	322426	0.001560	46	0	332875	0	0	0	nan	0	0	0	0	0	0	nan	0	0	0	0.001560	0.000070	0.001560	0.000070	nan	nan
49	C	13063	332888	326488	0.040011	46	0	332877	0	0	0	nan	0	0	0	0	0	0	nan	0	0	0	0.040011	0.000350	0.040011	0.000350	1.164668	0.010188
50	C	12494	332894	327721	0.038124	46	0	332885	0	0	0	nan	0	0	0	0	0	0	nan	0	0	0	0.038124	0.000341	0.038124	0.000341	1.109740	0.009926
51	A	5793	332896	328878	0.017614	46	0	332896	0	0	0	nan	0	0	0	0	0	0	nan	0	0	0	0.017614	0.000231	0.017614	0.000231	0.892164	0.011700
52	A	0	332903	329011	0.000000	46	0	332903	0	0	0	nan	0	0	0	0	0	0	nan	0	0	0	0.000000	0.000000	0.000000	0.000000	0.000000	0.000000
53	U	0	332891	161	0.000000	34	0	332891	0	0	0	nan	0	0	0	0	0	0	nan	0	0	0	0.000000	0.000000	nan	nan	nan	nan
54	C	0	332670	3	0.000000	31	0	332670	0	0	0	nan	0	0	0	0	0	0	nan	0	0	0	0.000000	0.000000	nan	nan	nan	nan
55	C	0	332668	1	0.000000	31	0	332668	0	0	0	nan	0	0	0	0	0	0	nan	0	0	0	0.000000	0.000000	nan	nan	nan	nan
56	a	0	332667	0	nan	31	0	332667	0	0	0	nan	0	0	0	0	0	0	nan	0	0	0	nan	nan	nan	nan	nan	nan
57	c	0	332667	0	nan	31	0	332667	0	0	0	nan	0	0	0	0	0	0	nan	0	0	0	nan	nan	nan	nan	nan	nan
58	u	0	332667	0	nan	30	0	332667	0	0	0	nan	0	0	0	0	0	0	nan	0	0	0	nan	nan	nan	nan	nan	nan
59	a	0	332667	0	nan	30	0	332667	0	0	0	nan	0	0	0	0	0	0	nan	0	0	0	nan	nan	nan	nan	nan	nan
60	a	0	332667	0	nan	30	0	332667	0	0	0	nan	0	0	0	0	0	0	nan	0	0	0	nan	nan	nan	nan	nan	nan
61	c	0	332667	0	nan	14	0	332667	0	0	0	nan	0	0	0	0	0	0	nan	0	0	0	nan	nan	nan	nan	nan	nan
62	c	0	332667	0	nan	14	0	332667	0	0	0	nan	0	0	0	0	0	0	nan	0	0	0	nan	nan	nan	nan	nan	nan
63	u	0	332667	0	nan	0	0	332667	0	0	0	nan	0	0	0	0	0	0	nan	0	0	0	nan	nan	nan	nan	nan	nan
64	c	0	332667	0	nan	0	0	332667	0	0	0	nan	0	0	0	0	0	0	nan	0	0	0	nan	nan	nan	nan	nan	nan
65	a	0	332667	0	nan	0	0	332667	0	0	0	nan	0	0	0	0	0	0	nan	0	0	0	nan	nan	nan	nan	nan	nan
66	c	0	332667	0	nan	0	0	332667	0	0	0	nan	0	0	0	0	0	0	nan	0	0	0	nan	nan	nan	nan	nan	nan
67	u	0	332665	0	nan	0	0	332665	0	0	0	nan	0	0	0	0	0	0	nan	0	0	0	nan	nan	nan	nan	nan	nan
68	c	0	332665	0	nan	0	0	332665	0	0	0	nan	0	0	0	0	0	0	nan	0	0	0	nan	nan	nan	nan	nan	nan
69	a	0	332662	0	nan	0	0	332662	0	0	0	nan	0	0	0	0	0	0	nan	0	0	0	nan	nan	nan	nan	nan	nan
70	c	0	332653	0	nan	0	0	332653	0	0	0	nan	0	0	0	0	0	0	nan	0	0	0	nan	nan	nan	nan	nan	nan
71	a	0	332640	0	nan	0	0	332640	0	0	0	nan	0	0	0	0	0	0	nan	0	0	0	nan	nan	nan	nan	nan	nan
72	a	0	332560	0	nan	0	0	332560	0	0	0	nan	0	0	0	0	0	0	nan	0	0	0	nan	nan	nan	nan	nan	nan
73	u	0	332403	0	nan	0	0	332403	0	0	0	nan	0	0	0	0	0	0	nan	0	0	0	nan	nan	nan	nan	nan	nan
74	c	0	332050	0	nan	0	0	332050	0	0	0	nan	0	0	0	0	0	0	nan	0	0	0	nan	nan	nan	nan	nan	nan