Nucleotide	Sequence	Modified_mutations	Modified_read_depth	Modified_effective_depth	Modified_rate	Modified_off_target_mapped_depth	Modified_low_mapq_mapped_depth	Modified_primer_pair_1_mapped_depth	Untreated_mutations	Untreated_read_depth	Untreated_effective_depth	Untreated_rate	Untreated_off_target_mapped_depth	Untreated_low_mapq_mapped_depth	Untreated_primer_pair_1_mapped_depth	Denatured_mutations	Denatured_read_depth	Denatured_effective_depth	Denatured_rate	Denatured_off_target_mapped_depth	Denatured_low_mapq_mapped_depth	Denatured_primer_pair_1_mapped_depth	Reactivity_profile	Std_err	HQ_profile	HQ_stderr	Norm_profile	Norm_stderr
1	g	0	44544	0	nan	1	0	44544	0	0	0	nan	0	0	0	0	0	0	nan	0	0	0	nan	nan	nan	nan	nan	nan
2	g	0	44572	0	nan	1	0	44572	0	0	0	nan	0	0	0	0	0	0	nan	0	0	0	nan	nan	nan	nan	nan	nan
3	u	0	44593	0	nan	1	0	44593	0	0	0	nan	0	0	0	0	0	0	nan	0	0	0	nan	nan	nan	nan	nan	nan
4	g	0	44608	0	nan	1	0	44608	0	0	0	nan	0	0	0	0	0	0	nan	0	0	0	nan	nan	nan	nan	nan	nan
5	u	0	44622	0	nan	1	0	44622	0	0	0	nan	0	0	0	0	0	0	nan	0	0	0	nan	nan	nan	nan	nan	nan
6	a	0	44635	0	nan	1	0	44635	0	0	0	nan	0	0	0	0	0	0	nan	0	0	0	nan	nan	nan	nan	nan	nan
7	a	0	44681	0	nan	1	0	44681	0	0	0	nan	0	0	0	0	0	0	nan	0	0	0	nan	nan	nan	nan	nan	nan
8	g	0	44856	0	nan	1	0	44856	0	0	0	nan	0	0	0	0	0	0	nan	0	0	0	nan	nan	nan	nan	nan	nan
9	g	0	46823	0	nan	1	0	46823	0	0	0	nan	0	0	0	0	0	0	nan	0	0	0	nan	nan	nan	nan	nan	nan
10	g	0	184623	0	nan	1	0	184623	0	0	0	nan	0	0	0	0	0	0	nan	0	0	0	nan	nan	nan	nan	nan	nan
11	u	0	195002	0	nan	1	0	195002	0	0	0	nan	0	0	0	0	0	0	nan	0	0	0	nan	nan	nan	nan	nan	nan
12	g	0	195520	0	nan	1	0	195520	0	0	0	nan	0	0	0	0	0	0	nan	0	0	0	nan	nan	nan	nan	nan	nan
13	a	0	195564	0	nan	1	0	195564	0	0	0	nan	0	0	0	0	0	0	nan	0	0	0	nan	nan	nan	nan	nan	nan
14	a	0	195586	0	nan	1	0	195586	0	0	0	nan	0	0	0	0	0	0	nan	0	0	0	nan	nan	nan	nan	nan	nan
15	g	0	195613	0	nan	2	0	195613	0	0	0	nan	0	0	0	0	0	0	nan	0	0	0	nan	nan	nan	nan	nan	nan
16	u	0	195620	0	nan	2	0	195620	0	0	0	nan	0	0	0	0	0	0	nan	0	0	0	nan	nan	nan	nan	nan	nan
17	g	0	195637	0	nan	2	0	195637	0	0	0	nan	0	0	0	0	0	0	nan	0	0	0	nan	nan	nan	nan	nan	nan
18	u	0	195645	0	nan	2	0	195645	0	0	0	nan	0	0	0	0	0	0	nan	0	0	0	nan	nan	nan	nan	nan	nan
19	a	0	195718	0	nan	2	0	195718	0	0	0	nan	0	0	0	0	0	0	nan	0	0	0	nan	nan	nan	nan	nan	nan
20	A	0	195765	12	0.000000	2	0	195765	0	0	0	nan	0	0	0	0	0	0	nan	0	0	0	0.000000	0.000000	nan	nan	nan	nan
21	G	0	195818	30	0.000000	2	0	195818	0	0	0	nan	0	0	0	0	0	0	nan	0	0	0	0.000000	0.000000	nan	nan	nan	nan
22	G	0	195836	37	0.000000	2	0	195836	0	0	0	nan	0	0	0	0	0	0	nan	0	0	0	0.000000	0.000000	nan	nan	nan	nan
23	U	0	195850	193412	0.000000	2	0	195850	0	0	0	nan	0	0	0	0	0	0	nan	0	0	0	0.000000	0.000000	0.000000	0.000000	0.000000	0.000000
24	U	416	195858	193282	0.002152	2	0	195858	0	0	0	nan	0	0	0	0	0	0	nan	0	0	0	0.002152	0.000106	0.002152	0.000106	0.889256	0.043802
25	G	552	195862	191294	0.002886	2	0	195862	0	0	0	nan	0	0	0	0	0	0	nan	0	0	0	0.002886	0.000123	0.002886	0.000123	0.893222	0.038069
26	A	7124	195856	186890	0.038119	2	0	195815	0	0	0	nan	0	0	0	0	0	0	nan	0	0	0	0.038119	0.000452	0.038119	0.000452	0.945248	0.011208
27	C	16703	195864	185503	0.090042	2	0	195811	0	0	0	nan	0	0	0	0	0	0	nan	0	0	0	0.090042	0.000697	0.090042	0.000697	1.238108	0.009584
28	C	6727	195884	187147	0.035945	2	0	195834	0	0	0	nan	0	0	0	0	0	0	nan	0	0	0	0.035945	0.000438	0.035945	0.000438	0.494256	0.006023
29	U	223	195962	190582	0.001170	2	0	195923	0	0	0	nan	0	0	0	0	0	0	nan	0	0	0	0.001170	0.000078	0.001170	0.000078	0.483471	0.032231
30	U	286	195988	191703	0.001492	2	0	195952	0	0	0	nan	0	0	0	0	0	0	nan	0	0	0	0.001492	0.000088	0.001492	0.000088	0.616529	0.036364
31	U	379	196014	192300	0.001971	2	0	195981	0	0	0	nan	0	0	0	0	0	0	nan	0	0	0	0.001971	0.000101	0.001971	0.000101	0.814463	0.041736
32	U	329	196063	193126	0.001704	2	0	196031	0	0	0	nan	0	0	0	0	0	0	nan	0	0	0	0.001704	0.000094	0.001704	0.000094	0.704132	0.038843
33	G	755	196087	191037	0.003952	2	0	196055	0	0	0	nan	0	0	0	0	0	0	nan	0	0	0	0.003952	0.000144	0.003952	0.000144	1.223151	0.044568
34	A	7970	196102	190679	0.041798	2	0	196069	0	0	0	nan	0	0	0	0	0	0	nan	0	0	0	0.041798	0.000468	0.041798	0.000468	1.036477	0.011605
35	A	6046	196116	190080	0.031808	2	0	196083	0	0	0	nan	0	0	0	0	0	0	nan	0	0	0	0.031808	0.000409	0.031808	0.000409	0.788752	0.010142
36	U	300	196127	190419	0.001575	2	0	196094	0	0	0	nan	0	0	0	0	0	0	nan	0	0	0	0.001575	0.000091	0.001575	0.000091	0.650826	0.037603
37	A	6361	196140	191287	0.033254	2	0	196107	0	0	0	nan	0	0	0	0	0	0	nan	0	0	0	0.033254	0.000417	0.033254	0.000417	0.824609	0.010340
38	G	308	196161	190130	0.001620	2	0	196132	0	0	0	nan	0	0	0	0	0	0	nan	0	0	0	0.001620	0.000092	0.001620	0.000092	0.501393	0.028474
39	U	422	196175	192848	0.002188	2	0	196147	0	0	0	nan	0	0	0	0	0	0	nan	0	0	0	0.002188	0.000107	0.002188	0.000107	0.904132	0.044215
40	G	558	196192	190819	0.002924	2	0	196166	0	0	0	nan	0	0	0	0	0	0	nan	0	0	0	0.002924	0.000124	0.002924	0.000124	0.904983	0.038378
41	A	7711	196209	191210	0.040327	2	0	196185	0	0	0	nan	0	0	0	0	0	0	nan	0	0	0	0.040327	0.000459	0.040327	0.000459	1.000000	0.011382
42	U	461	196237	190464	0.002420	1	0	196217	0	0	0	nan	0	0	0	0	0	0	nan	0	0	0	0.002420	0.000113	0.002420	0.000113	1.000000	0.046694
43	U	449	196248	190503	0.002357	1	0	196229	0	0	0	nan	0	0	0	0	0	0	nan	0	0	0	0.002357	0.000111	0.002357	0.000111	0.973967	0.045868
44	C	10478	196258	189102	0.055409	1	0	196239	0	0	0	nan	0	0	0	0	0	0	nan	0	0	0	0.055409	0.000541	0.055409	0.000541	0.761892	0.007439
45	A	7927	196285	189888	0.041746	1	0	196266	0	0	0	nan	0	0	0	0	0	0	nan	0	0	0	0.041746	0.000469	0.041746	0.000469	1.035187	0.011630
46	G	614	196320	190552	0.003222	1	0	196305	0	0	0	nan	0	0	0	0	0	0	nan	0	0	0	0.003222	0.000130	0.003222	0.000130	0.997214	0.040235
47	G	512	196333	190523	0.002687	1	0	196319	0	0	0	nan	0	0	0	0	0	0	nan	0	0	0	0.002687	0.000119	0.002687	0.000119	0.831631	0.036831
48	A	7423	196340	191290	0.038805	1	0	196326	0	0	0	nan	0	0	0	0	0	0	nan	0	0	0	0.038805	0.000450	0.038805	0.000450	0.962259	0.011159
49	G	1377	196385	190863	0.007215	1	0	196379	0	0	0	nan	0	0	0	0	0	0	nan	0	0	0	0.007215	0.000194	0.007215	0.000194	2.233055	0.060043
50	G	405	196398	191793	0.002112	1	0	196395	0	0	0	nan	0	0	0	0	0	0	nan	0	0	0	0.002112	0.000105	0.002112	0.000105	0.653668	0.032498
51	U	289	196406	192549	0.001501	1	0	196404	0	0	0	nan	0	0	0	0	0	0	nan	0	0	0	0.001501	0.000088	0.001501	0.000088	0.620248	0.036364
52	U	449	196411	191762	0.002341	1	0	196410	0	0	0	nan	0	0	0	0	0	0	nan	0	0	0	0.002341	0.000110	0.002341	0.000110	0.967355	0.045455
53	A	6456	196413	192167	0.033596	1	0	196412	0	0	0	nan	0	0	0	0	0	0	nan	0	0	0	0.033596	0.000418	0.033596	0.000418	0.833089	0.010365
54	A	5521	196411	192691	0.028652	1	0	196410	0	0	0	nan	0	0	0	0	0	0	nan	0	0	0	0.028652	0.000386	0.028652	0.000386	0.710492	0.009572
55	U	606	196411	193525	0.003131	1	0	196410	0	0	0	nan	0	0	0	0	0	0	nan	0	0	0	0.003131	0.000127	0.003131	0.000127	1.293802	0.052479
56	G	626	196415	193728	0.003231	1	0	196415	0	0	0	nan	0	0	0	0	0	0	nan	0	0	0	0.003231	0.000129	0.003231	0.000129	1.000000	0.039926
57	G	0	196417	192734	0.000000	1	0	196417	0	0	0	nan	0	0	0	0	0	0	nan	0	0	0	0.000000	0.000000	0.000000	0.000000	0.000000	0.000000
58	A	0	196417	0	nan	1	0	196417	0	0	0	nan	0	0	0	0	0	0	nan	0	0	0	nan	nan	nan	nan	nan	nan
59	A	0	196417	0	nan	1	0	196417	0	0	0	nan	0	0	0	0	0	0	nan	0	0	0	nan	nan	nan	nan	nan	nan
60	G	0	196417	0	nan	1	0	196417	0	0	0	nan	0	0	0	0	0	0	nan	0	0	0	nan	nan	nan	nan	nan	nan
61	u	0	196417	0	nan	1	0	196417	0	0	0	nan	0	0	0	0	0	0	nan	0	0	0	nan	nan	nan	nan	nan	nan
62	a	0	196417	0	nan	1	0	196417	0	0	0	nan	0	0	0	0	0	0	nan	0	0	0	nan	nan	nan	nan	nan	nan
63	a	0	196417	0	nan	1	0	196417	0	0	0	nan	0	0	0	0	0	0	nan	0	0	0	nan	nan	nan	nan	nan	nan
64	a	0	196417	0	nan	1	0	196417	0	0	0	nan	0	0	0	0	0	0	nan	0	0	0	nan	nan	nan	nan	nan	nan
65	g	0	196417	0	nan	1	0	196417	0	0	0	nan	0	0	0	0	0	0	nan	0	0	0	nan	nan	nan	nan	nan	nan
66	g	0	196417	0	nan	1	0	196417	0	0	0	nan	0	0	0	0	0	0	nan	0	0	0	nan	nan	nan	nan	nan	nan
67	u	0	196417	0	nan	1	0	196417	0	0	0	nan	0	0	0	0	0	0	nan	0	0	0	nan	nan	nan	nan	nan	nan
68	a	0	196417	0	nan	1	0	196417	0	0	0	nan	0	0	0	0	0	0	nan	0	0	0	nan	nan	nan	nan	nan	nan
69	a	0	196417	0	nan	1	0	196417	0	0	0	nan	0	0	0	0	0	0	nan	0	0	0	nan	nan	nan	nan	nan	nan
70	u	0	196417	0	nan	1	0	196417	0	0	0	nan	0	0	0	0	0	0	nan	0	0	0	nan	nan	nan	nan	nan	nan
71	g	0	196417	0	nan	1	0	196417	0	0	0	nan	0	0	0	0	0	0	nan	0	0	0	nan	nan	nan	nan	nan	nan
72	a	0	196417	0	nan	1	0	196417	0	0	0	nan	0	0	0	0	0	0	nan	0	0	0	nan	nan	nan	nan	nan	nan
73	a	0	196417	0	nan	1	0	196417	0	0	0	nan	0	0	0	0	0	0	nan	0	0	0	nan	nan	nan	nan	nan	nan
74	g	0	196417	0	nan	1	0	196417	0	0	0	nan	0	0	0	0	0	0	nan	0	0	0	nan	nan	nan	nan	nan	nan
75	g	0	196416	0	nan	1	0	196416	0	0	0	nan	0	0	0	0	0	0	nan	0	0	0	nan	nan	nan	nan	nan	nan
76	u	0	196409	0	nan	1	0	196409	0	0	0	nan	0	0	0	0	0	0	nan	0	0	0	nan	nan	nan	nan	nan	nan
77	g	0	196402	0	nan	1	0	196402	0	0	0	nan	0	0	0	0	0	0	nan	0	0	0	nan	nan	nan	nan	nan	nan
78	a	0	196397	0	nan	1	0	196397	0	0	0	nan	0	0	0	0	0	0	nan	0	0	0	nan	nan	nan	nan	nan	nan
79	a	0	196352	0	nan	1	0	196352	0	0	0	nan	0	0	0	0	0	0	nan	0	0	0	nan	nan	nan	nan	nan	nan
80	g	0	196266	0	nan	1	0	196266	0	0	0	nan	0	0	0	0	0	0	nan	0	0	0	nan	nan	nan	nan	nan	nan