Nucleotide	Sequence	Modified_mutations	Modified_read_depth	Modified_effective_depth	Modified_rate	Modified_off_target_mapped_depth	Modified_low_mapq_mapped_depth	Modified_primer_pair_1_mapped_depth	Untreated_mutations	Untreated_read_depth	Untreated_effective_depth	Untreated_rate	Untreated_off_target_mapped_depth	Untreated_low_mapq_mapped_depth	Untreated_primer_pair_1_mapped_depth	Denatured_mutations	Denatured_read_depth	Denatured_effective_depth	Denatured_rate	Denatured_off_target_mapped_depth	Denatured_low_mapq_mapped_depth	Denatured_primer_pair_1_mapped_depth	Reactivity_profile	Std_err	HQ_profile	HQ_stderr	Norm_profile	Norm_stderr
1	g	0	236450	0	nan	26	0	236450	0	0	0	nan	0	0	0	0	0	0	nan	0	0	0	nan	nan	nan	nan	nan	nan
2	g	0	240738	0	nan	48	0	240738	0	0	0	nan	0	0	0	0	0	0	nan	0	0	0	nan	nan	nan	nan	nan	nan
3	c	0	240972	0	nan	49	0	240972	0	0	0	nan	0	0	0	0	0	0	nan	0	0	0	nan	nan	nan	nan	nan	nan
4	a	0	241041	0	nan	50	0	241041	0	0	0	nan	0	0	0	0	0	0	nan	0	0	0	nan	nan	nan	nan	nan	nan
5	c	0	241061	0	nan	50	0	241061	0	0	0	nan	0	0	0	0	0	0	nan	0	0	0	nan	nan	nan	nan	nan	nan
6	c	0	241063	0	nan	50	0	241063	0	0	0	nan	0	0	0	0	0	0	nan	0	0	0	nan	nan	nan	nan	nan	nan
7	u	0	241064	0	nan	50	0	241064	0	0	0	nan	0	0	0	0	0	0	nan	0	0	0	nan	nan	nan	nan	nan	nan
8	c	0	241095	0	nan	51	0	241095	0	0	0	nan	0	0	0	0	0	0	nan	0	0	0	nan	nan	nan	nan	nan	nan
9	a	0	241108	0	nan	51	0	241108	0	0	0	nan	0	0	0	0	0	0	nan	0	0	0	nan	nan	nan	nan	nan	nan
10	u	0	241173	0	nan	51	0	241173	0	0	0	nan	0	0	0	0	0	0	nan	0	0	0	nan	nan	nan	nan	nan	nan
11	a	0	241344	0	nan	51	0	241344	0	0	0	nan	0	0	0	0	0	0	nan	0	0	0	nan	nan	nan	nan	nan	nan
12	a	0	241356	0	nan	51	0	241356	0	0	0	nan	0	0	0	0	0	0	nan	0	0	0	nan	nan	nan	nan	nan	nan
13	c	0	241360	0	nan	51	0	241360	0	0	0	nan	0	0	0	0	0	0	nan	0	0	0	nan	nan	nan	nan	nan	nan
14	a	0	241363	0	nan	51	0	241363	0	0	0	nan	0	0	0	0	0	0	nan	0	0	0	nan	nan	nan	nan	nan	nan
15	u	0	241363	0	nan	52	0	241363	0	0	0	nan	0	0	0	0	0	0	nan	0	0	0	nan	nan	nan	nan	nan	nan
16	a	0	241363	0	nan	52	0	241363	0	0	0	nan	0	0	0	0	0	0	nan	0	0	0	nan	nan	nan	nan	nan	nan
17	a	0	241365	0	nan	52	0	241365	0	0	0	nan	0	0	0	0	0	0	nan	0	0	0	nan	nan	nan	nan	nan	nan
18	c	0	241371	0	nan	52	0	241371	0	0	0	nan	0	0	0	0	0	0	nan	0	0	0	nan	nan	nan	nan	nan	nan
19	U	0	241374	1	0.000000	52	0	241374	0	0	0	nan	0	0	0	0	0	0	nan	0	0	0	0.000000	0.000000	nan	nan	nan	nan
20	A	0	241446	61	0.000000	52	0	241446	0	0	0	nan	0	0	0	0	0	0	nan	0	0	0	0.000000	0.000000	nan	nan	nan	nan
21	A	0	241463	51	0.000000	52	0	241463	0	0	0	nan	0	0	0	0	0	0	nan	0	0	0	0.000000	0.000000	nan	nan	nan	nan
22	G	0	241467	235609	0.000000	52	0	241467	0	0	0	nan	0	0	0	0	0	0	nan	0	0	0	0.000000	0.000000	0.000000	0.000000	0.000000	0.000000
23	G	7072	241470	232539	0.030412	52	0	241470	0	0	0	nan	0	0	0	0	0	0	nan	0	0	0	0.030412	0.000362	0.030412	0.000362	2.346967	0.027936
24	C	6355	241489	233032	0.027271	52	0	241489	0	0	0	nan	0	0	0	0	0	0	nan	0	0	0	0.027271	0.000342	0.027271	0.000342	1.000000	0.012541
25	A	1318	241543	235837	0.005589	52	0	241543	0	0	0	nan	0	0	0	0	0	0	nan	0	0	0	0.005589	0.000154	0.005589	0.000154	0.830831	0.022893
26	G	2966	241558	237289	0.012500	52	0	241555	0	0	0	nan	0	0	0	0	0	0	nan	0	0	0	0.012500	0.000230	0.012500	0.000230	0.964655	0.017750
27	A	2413	241566	237951	0.010141	52	0	241561	0	0	0	nan	0	0	0	0	0	0	nan	0	0	0	0.010141	0.000206	0.010141	0.000206	1.507507	0.030623
28	U	2644	241578	237009	0.011156	52	0	241571	0	0	0	nan	0	0	0	0	0	0	nan	0	0	0	0.011156	0.000217	0.011156	0.000217	1.179032	0.022934
29	C	3859	241580	237447	0.016252	52	0	241571	0	0	0	nan	0	0	0	0	0	0	nan	0	0	0	0.016252	0.000262	0.016252	0.000262	0.595944	0.009607
30	U	1807	241585	237387	0.007612	52	0	241574	0	0	0	nan	0	0	0	0	0	0	nan	0	0	0	0.007612	0.000179	0.007612	0.000179	0.804481	0.018918
31	G	2074	241597	238303	0.008703	52	0	241581	0	0	0	nan	0	0	0	0	0	0	nan	0	0	0	0.008703	0.000191	0.008703	0.000191	0.671631	0.014740
32	A	541	241602	239049	0.002263	52	0	241584	0	0	0	nan	0	0	0	0	0	0	nan	0	0	0	0.002263	0.000097	0.002263	0.000097	0.336406	0.014420
33	G	947	241609	238680	0.003968	52	0	241577	0	0	0	nan	0	0	0	0	0	0	nan	0	0	0	0.003968	0.000129	0.003968	0.000129	0.306220	0.009955
34	C	961	241618	237560	0.004045	49	0	241552	0	0	0	nan	0	0	0	0	0	0	nan	0	0	0	0.004045	0.000130	0.004045	0.000130	0.148326	0.004767
35	U	953	241624	235146	0.004053	48	0	241515	0	0	0	nan	0	0	0	0	0	0	nan	0	0	0	0.004053	0.000131	0.004053	0.000131	0.428345	0.013845
36	U	1901	241627	232388	0.008180	48	0	241430	0	0	0	nan	0	0	0	0	0	0	nan	0	0	0	0.008180	0.000188	0.008180	0.000188	0.864511	0.019869
37	C	1988	241642	230790	0.008614	48	0	241198	0	0	0	nan	0	0	0	0	0	0	nan	0	0	0	0.008614	0.000193	0.008614	0.000193	0.315867	0.007077
38	G	631	241689	231032	0.002731	48	0	241232	0	0	0	nan	0	0	0	0	0	0	nan	0	0	0	0.002731	0.000109	0.002731	0.000109	0.210758	0.008412
39	G	1572	241887	236117	0.006658	48	0	241674	0	0	0	nan	0	0	0	0	0	0	nan	0	0	0	0.006658	0.000168	0.006658	0.000168	0.513814	0.012965
40	C	2069	242005	239613	0.008635	36	0	241987	0	0	0	nan	0	0	0	0	0	0	nan	0	0	0	0.008635	0.000190	0.008635	0.000190	0.316637	0.006967
41	U	1633	242013	239773	0.006811	36	0	242006	0	0	0	nan	0	0	0	0	0	0	nan	0	0	0	0.006811	0.000169	0.006811	0.000169	0.719827	0.017861
42	C	1355	242013	239377	0.005661	36	0	242008	0	0	0	nan	0	0	0	0	0	0	nan	0	0	0	0.005661	0.000154	0.005661	0.000154	0.207583	0.005647
43	U	1082	242017	239469	0.004518	36	0	242012	0	0	0	nan	0	0	0	0	0	0	nan	0	0	0	0.004518	0.000137	0.004518	0.000137	0.477489	0.014479
44	C	3186	242015	238977	0.013332	36	0	242008	0	0	0	nan	0	0	0	0	0	0	nan	0	0	0	0.013332	0.000236	0.013332	0.000236	0.488871	0.008654
45	U	2557	242011	237996	0.010744	36	0	242001	0	0	0	nan	0	0	0	0	0	0	nan	0	0	0	0.010744	0.000212	0.010744	0.000212	1.135489	0.022405
46	G	3179	242002	236949	0.013416	36	0	241988	0	0	0	nan	0	0	0	0	0	0	nan	0	0	0	0.013416	0.000238	0.013416	0.000238	1.035345	0.018367
47	C	10769	242002	237094	0.045421	36	0	241990	0	0	0	nan	0	0	0	0	0	0	nan	0	0	0	0.045421	0.000438	0.045421	0.000438	1.665542	0.016061
48	C	15957	242004	239865	0.066525	36	0	241996	0	0	0	nan	0	0	0	0	0	0	nan	0	0	0	0.066525	0.000527	0.066525	0.000527	2.439404	0.019325
49	A	646	242007	240606	0.002685	36	0	242005	0	0	0	nan	0	0	0	0	0	0	nan	0	0	0	0.002685	0.000106	0.002685	0.000106	0.399138	0.015757
50	A	0	242008	240505	0.000000	36	0	242008	0	0	0	nan	0	0	0	0	0	0	nan	0	0	0	0.000000	0.000000	0.000000	0.000000	0.000000	0.000000
51	U	0	242005	203	0.000000	29	0	242005	0	0	0	nan	0	0	0	0	0	0	nan	0	0	0	0.000000	0.000000	nan	nan	nan	nan
52	C	0	242000	197	0.000000	26	0	242000	0	0	0	nan	0	0	0	0	0	0	nan	0	0	0	0.000000	0.000000	nan	nan	nan	nan
53	C	0	241996	210	0.000000	26	0	241996	0	0	0	nan	0	0	0	0	0	0	nan	0	0	0	0.000000	0.000000	nan	nan	nan	nan
54	a	0	241746	0	nan	26	0	241746	0	0	0	nan	0	0	0	0	0	0	nan	0	0	0	nan	nan	nan	nan	nan	nan
55	c	0	241742	0	nan	26	0	241742	0	0	0	nan	0	0	0	0	0	0	nan	0	0	0	nan	nan	nan	nan	nan	nan
56	u	0	241738	0	nan	26	0	241738	0	0	0	nan	0	0	0	0	0	0	nan	0	0	0	nan	nan	nan	nan	nan	nan
57	a	0	241738	0	nan	26	0	241738	0	0	0	nan	0	0	0	0	0	0	nan	0	0	0	nan	nan	nan	nan	nan	nan
58	a	0	241738	0	nan	26	0	241738	0	0	0	nan	0	0	0	0	0	0	nan	0	0	0	nan	nan	nan	nan	nan	nan
59	c	0	241738	0	nan	14	0	241738	0	0	0	nan	0	0	0	0	0	0	nan	0	0	0	nan	nan	nan	nan	nan	nan
60	c	0	241738	0	nan	13	0	241738	0	0	0	nan	0	0	0	0	0	0	nan	0	0	0	nan	nan	nan	nan	nan	nan
61	u	0	241738	0	nan	1	0	241738	0	0	0	nan	0	0	0	0	0	0	nan	0	0	0	nan	nan	nan	nan	nan	nan
62	c	0	241738	0	nan	1	0	241738	0	0	0	nan	0	0	0	0	0	0	nan	0	0	0	nan	nan	nan	nan	nan	nan
63	a	0	241737	0	nan	1	0	241737	0	0	0	nan	0	0	0	0	0	0	nan	0	0	0	nan	nan	nan	nan	nan	nan
64	c	0	241736	0	nan	1	0	241736	0	0	0	nan	0	0	0	0	0	0	nan	0	0	0	nan	nan	nan	nan	nan	nan
65	u	0	241736	0	nan	1	0	241736	0	0	0	nan	0	0	0	0	0	0	nan	0	0	0	nan	nan	nan	nan	nan	nan
66	c	0	241736	0	nan	1	0	241736	0	0	0	nan	0	0	0	0	0	0	nan	0	0	0	nan	nan	nan	nan	nan	nan
67	a	0	241735	0	nan	1	0	241735	0	0	0	nan	0	0	0	0	0	0	nan	0	0	0	nan	nan	nan	nan	nan	nan
68	c	0	241724	0	nan	1	0	241724	0	0	0	nan	0	0	0	0	0	0	nan	0	0	0	nan	nan	nan	nan	nan	nan
69	a	0	241721	0	nan	1	0	241721	0	0	0	nan	0	0	0	0	0	0	nan	0	0	0	nan	nan	nan	nan	nan	nan
70	a	0	241658	0	nan	1	0	241658	0	0	0	nan	0	0	0	0	0	0	nan	0	0	0	nan	nan	nan	nan	nan	nan
71	u	0	241534	0	nan	1	0	241534	0	0	0	nan	0	0	0	0	0	0	nan	0	0	0	nan	nan	nan	nan	nan	nan
72	c	0	241167	0	nan	1	0	241167	0	0	0	nan	0	0	0	0	0	0	nan	0	0	0	nan	nan	nan	nan	nan	nan