Nucleotide	Sequence	Modified_mutations	Modified_read_depth	Modified_effective_depth	Modified_rate	Modified_off_target_mapped_depth	Modified_low_mapq_mapped_depth	Modified_primer_pair_1_mapped_depth	Untreated_mutations	Untreated_read_depth	Untreated_effective_depth	Untreated_rate	Untreated_off_target_mapped_depth	Untreated_low_mapq_mapped_depth	Untreated_primer_pair_1_mapped_depth	Denatured_mutations	Denatured_read_depth	Denatured_effective_depth	Denatured_rate	Denatured_off_target_mapped_depth	Denatured_low_mapq_mapped_depth	Denatured_primer_pair_1_mapped_depth	Reactivity_profile	Std_err	HQ_profile	HQ_stderr	Norm_profile	Norm_stderr
1	g	0	116968	0	nan	1	1	116968	0	0	0	nan	0	0	0	0	0	0	nan	0	0	0	nan	nan	nan	nan	nan	nan
2	g	0	117058	0	nan	1	1	117058	0	0	0	nan	0	0	0	0	0	0	nan	0	0	0	nan	nan	nan	nan	nan	nan
3	u	0	117124	0	nan	1	1	117124	0	0	0	nan	0	0	0	0	0	0	nan	0	0	0	nan	nan	nan	nan	nan	nan
4	g	0	117145	0	nan	1	1	117145	0	0	0	nan	0	0	0	0	0	0	nan	0	0	0	nan	nan	nan	nan	nan	nan
5	u	0	117159	0	nan	1	1	117159	0	0	0	nan	0	0	0	0	0	0	nan	0	0	0	nan	nan	nan	nan	nan	nan
6	a	0	117163	0	nan	1	1	117163	0	0	0	nan	0	0	0	0	0	0	nan	0	0	0	nan	nan	nan	nan	nan	nan
7	a	0	117168	0	nan	1	1	117168	0	0	0	nan	0	0	0	0	0	0	nan	0	0	0	nan	nan	nan	nan	nan	nan
8	g	0	117168	0	nan	1	1	117168	0	0	0	nan	0	0	0	0	0	0	nan	0	0	0	nan	nan	nan	nan	nan	nan
9	g	0	117168	0	nan	1	1	117168	0	0	0	nan	0	0	0	0	0	0	nan	0	0	0	nan	nan	nan	nan	nan	nan
10	g	0	117168	0	nan	1	1	117168	0	0	0	nan	0	0	0	0	0	0	nan	0	0	0	nan	nan	nan	nan	nan	nan
11	u	0	117170	0	nan	1	1	117170	0	0	0	nan	0	0	0	0	0	0	nan	0	0	0	nan	nan	nan	nan	nan	nan
12	g	0	117171	0	nan	1	2	117171	0	0	0	nan	0	0	0	0	0	0	nan	0	0	0	nan	nan	nan	nan	nan	nan
13	a	0	117171	0	nan	1	2	117171	0	0	0	nan	0	0	0	0	0	0	nan	0	0	0	nan	nan	nan	nan	nan	nan
14	a	0	117171	0	nan	1	2	117171	0	0	0	nan	0	0	0	0	0	0	nan	0	0	0	nan	nan	nan	nan	nan	nan
15	g	0	117172	0	nan	9	2	117172	0	0	0	nan	0	0	0	0	0	0	nan	0	0	0	nan	nan	nan	nan	nan	nan
16	u	0	117172	0	nan	9	2	117172	0	0	0	nan	0	0	0	0	0	0	nan	0	0	0	nan	nan	nan	nan	nan	nan
17	g	0	117172	0	nan	9	2	117172	0	0	0	nan	0	0	0	0	0	0	nan	0	0	0	nan	nan	nan	nan	nan	nan
18	u	0	117172	0	nan	9	2	117172	0	0	0	nan	0	0	0	0	0	0	nan	0	0	0	nan	nan	nan	nan	nan	nan
19	a	0	117173	0	nan	9	2	117173	0	0	0	nan	0	0	0	0	0	0	nan	0	0	0	nan	nan	nan	nan	nan	nan
20	A	0	117173	0	nan	9	2	117173	0	0	0	nan	0	0	0	0	0	0	nan	0	0	0	nan	nan	nan	nan	nan	nan
21	G	0	117173	0	nan	9	2	117173	0	0	0	nan	0	0	0	0	0	0	nan	0	0	0	nan	nan	nan	nan	nan	nan
22	G	0	117173	0	nan	9	2	117173	0	0	0	nan	0	0	0	0	0	0	nan	0	0	0	nan	nan	nan	nan	nan	nan
23	U	0	117173	116985	0.000000	9	2	117173	0	0	0	nan	0	0	0	0	0	0	nan	0	0	0	0.000000	0.000000	0.000000	0.000000	nan	nan
24	U	122	117173	116977	0.001043	9	2	117173	0	0	0	nan	0	0	0	0	0	0	nan	0	0	0	0.001043	0.000094	0.001043	0.000094	nan	nan
25	G	61	117173	116866	0.000522	9	2	117173	0	0	0	nan	0	0	0	0	0	0	nan	0	0	0	0.000522	0.000067	0.000522	0.000067	nan	nan
26	A	895	117173	116954	0.007653	9	2	117173	0	0	0	nan	0	0	0	0	0	0	nan	0	0	0	0.007653	0.000256	0.007653	0.000256	0.929157	0.031081
27	A	914	117173	116902	0.007819	9	2	117173	0	0	0	nan	0	0	0	0	0	0	nan	0	0	0	0.007819	0.000259	0.007819	0.000259	0.949311	0.031445
28	C	867	117173	116844	0.007420	9	2	117173	0	0	0	nan	0	0	0	0	0	0	nan	0	0	0	0.007420	0.000252	0.007420	0.000252	0.764062	0.025949
29	U	118	117173	116853	0.001010	9	2	117173	0	0	0	nan	0	0	0	0	0	0	nan	0	0	0	0.001010	0.000093	0.001010	0.000093	nan	nan
30	U	146	117173	116910	0.001249	9	2	117173	0	0	0	nan	0	0	0	0	0	0	nan	0	0	0	0.001249	0.000103	0.001249	0.000103	nan	nan
31	U	167	117173	116881	0.001429	9	2	117173	0	0	0	nan	0	0	0	0	0	0	nan	0	0	0	0.001429	0.000111	0.001429	0.000111	nan	nan
32	U	181	117175	116938	0.001548	9	2	117175	0	0	0	nan	0	0	0	0	0	0	nan	0	0	0	0.001548	0.000115	0.001548	0.000115	nan	nan
33	G	38	117177	116801	0.000325	9	2	117177	0	0	0	nan	0	0	0	0	0	0	nan	0	0	0	0.000325	0.000053	0.000325	0.000053	nan	nan
34	A	945	117177	116941	0.008081	9	2	117177	0	0	0	nan	0	0	0	0	0	0	nan	0	0	0	0.008081	0.000263	0.008081	0.000263	0.981121	0.031931
35	A	833	117177	116889	0.007126	9	2	117177	0	0	0	nan	0	0	0	0	0	0	nan	0	0	0	0.007126	0.000247	0.007126	0.000247	0.865173	0.029988
36	U	197	117177	116882	0.001685	9	2	117177	0	0	0	nan	0	0	0	0	0	0	nan	0	0	0	0.001685	0.000120	0.001685	0.000120	nan	nan
37	A	950	117178	116896	0.008127	9	2	117178	0	0	0	nan	0	0	0	0	0	0	nan	0	0	0	0.008127	0.000264	0.008127	0.000264	0.986706	0.032052
38	G	55	117178	116671	0.000471	9	2	117178	0	0	0	nan	0	0	0	0	0	0	nan	0	0	0	0.000471	0.000064	0.000471	0.000064	nan	nan
39	U	231	117178	116925	0.001976	9	2	117178	0	0	0	nan	0	0	0	0	0	0	nan	0	0	0	0.001976	0.000130	0.001976	0.000130	nan	nan
40	G	117	117179	116745	0.001002	9	2	117179	0	0	0	nan	0	0	0	0	0	0	nan	0	0	0	0.001002	0.000093	0.001002	0.000093	nan	nan
41	A	1011	117179	116820	0.008654	9	2	117179	0	0	0	nan	0	0	0	0	0	0	nan	0	0	0	0.008654	0.000272	0.008654	0.000272	1.050689	0.033024
42	U	175	117179	116748	0.001499	9	2	117179	0	0	0	nan	0	0	0	0	0	0	nan	0	0	0	0.001499	0.000113	0.001499	0.000113	nan	nan
43	U	201	117179	116796	0.001721	9	2	117179	0	0	0	nan	0	0	0	0	0	0	nan	0	0	0	0.001721	0.000121	0.001721	0.000121	nan	nan
44	C	1223	117180	116752	0.010475	9	2	117180	0	0	0	nan	0	0	0	0	0	0	nan	0	0	0	0.010475	0.000300	0.010475	0.000300	1.078646	0.030892
45	A	1042	117180	116802	0.008921	9	2	117180	0	0	0	nan	0	0	0	0	0	0	nan	0	0	0	0.008921	0.000276	0.008921	0.000276	1.083106	0.033509
46	G	88	117182	116684	0.000754	9	2	117182	0	0	0	nan	0	0	0	0	0	0	nan	0	0	0	0.000754	0.000080	0.000754	0.000080	nan	nan
47	G	80	117182	116717	0.000685	9	2	117182	0	0	0	nan	0	0	0	0	0	0	nan	0	0	0	0.000685	0.000077	0.000685	0.000077	nan	nan
48	A	852	117182	116832	0.007293	9	2	117182	0	0	0	nan	0	0	0	0	0	0	nan	0	0	0	0.007293	0.000250	0.007293	0.000250	0.885449	0.030353
49	G	78	117183	116761	0.000668	9	2	117183	0	0	0	nan	0	0	0	0	0	0	nan	0	0	0	0.000668	0.000076	0.000668	0.000076	nan	nan
50	G	70	117183	116712	0.000600	9	2	117183	0	0	0	nan	0	0	0	0	0	0	nan	0	0	0	0.000600	0.000072	0.000600	0.000072	nan	nan
51	U	112	117183	116650	0.000960	9	2	117182	0	0	0	nan	0	0	0	0	0	0	nan	0	0	0	0.000960	0.000091	0.000960	0.000091	nan	nan
52	U	112	117183	116715	0.000960	9	2	117182	0	0	0	nan	0	0	0	0	0	0	nan	0	0	0	0.000960	0.000091	0.000960	0.000091	nan	nan
53	A	929	117183	116703	0.007960	9	2	117182	0	0	0	nan	0	0	0	0	0	0	nan	0	0	0	0.007960	0.000261	0.007960	0.000261	0.966430	0.031688
54	A	858	117183	103707	0.008273	9	2	117183	0	0	0	nan	0	0	0	0	0	0	nan	0	0	0	0.008273	0.000282	0.008273	0.000282	1.004431	0.034238
55	U	244	117184	103731	0.002352	9	2	117184	0	0	0	nan	0	0	0	0	0	0	nan	0	0	0	0.002352	0.000151	0.002352	0.000151	nan	nan
56	G	122	117185	103705	0.001176	9	2	117185	0	0	0	nan	0	0	0	0	0	0	nan	0	0	0	0.001176	0.000107	0.001176	0.000107	nan	nan
57	G	0	117185	116865	0.000000	9	2	117185	0	0	0	nan	0	0	0	0	0	0	nan	0	0	0	0.000000	0.000000	0.000000	0.000000	nan	nan
58	A	0	117184	0	nan	9	2	117184	0	0	0	nan	0	0	0	0	0	0	nan	0	0	0	nan	nan	nan	nan	nan	nan
59	A	0	117184	0	nan	9	2	117184	0	0	0	nan	0	0	0	0	0	0	nan	0	0	0	nan	nan	nan	nan	nan	nan
60	G	0	117184	0	nan	9	2	117184	0	0	0	nan	0	0	0	0	0	0	nan	0	0	0	nan	nan	nan	nan	nan	nan
61	u	0	117184	0	nan	9	2	117184	0	0	0	nan	0	0	0	0	0	0	nan	0	0	0	nan	nan	nan	nan	nan	nan
62	a	0	117184	0	nan	9	2	117184	0	0	0	nan	0	0	0	0	0	0	nan	0	0	0	nan	nan	nan	nan	nan	nan
63	a	0	117183	0	nan	9	2	117183	0	0	0	nan	0	0	0	0	0	0	nan	0	0	0	nan	nan	nan	nan	nan	nan
64	a	0	117183	0	nan	9	2	117183	0	0	0	nan	0	0	0	0	0	0	nan	0	0	0	nan	nan	nan	nan	nan	nan
65	g	0	117182	0	nan	8	2	117182	0	0	0	nan	0	0	0	0	0	0	nan	0	0	0	nan	nan	nan	nan	nan	nan
66	g	0	117182	0	nan	8	2	117182	0	0	0	nan	0	0	0	0	0	0	nan	0	0	0	nan	nan	nan	nan	nan	nan
67	u	0	117182	0	nan	8	2	117182	0	0	0	nan	0	0	0	0	0	0	nan	0	0	0	nan	nan	nan	nan	nan	nan
68	a	0	117182	0	nan	8	2	117182	0	0	0	nan	0	0	0	0	0	0	nan	0	0	0	nan	nan	nan	nan	nan	nan
69	a	0	117182	0	nan	8	2	117182	0	0	0	nan	0	0	0	0	0	0	nan	0	0	0	nan	nan	nan	nan	nan	nan
70	u	0	117182	0	nan	8	2	117182	0	0	0	nan	0	0	0	0	0	0	nan	0	0	0	nan	nan	nan	nan	nan	nan
71	g	0	117181	0	nan	8	2	117181	0	0	0	nan	0	0	0	0	0	0	nan	0	0	0	nan	nan	nan	nan	nan	nan
72	a	0	117181	0	nan	8	2	117181	0	0	0	nan	0	0	0	0	0	0	nan	0	0	0	nan	nan	nan	nan	nan	nan
73	a	0	117181	0	nan	8	2	117181	0	0	0	nan	0	0	0	0	0	0	nan	0	0	0	nan	nan	nan	nan	nan	nan
74	g	0	117181	0	nan	8	2	117181	0	0	0	nan	0	0	0	0	0	0	nan	0	0	0	nan	nan	nan	nan	nan	nan
75	g	0	117180	0	nan	8	2	117180	0	0	0	nan	0	0	0	0	0	0	nan	0	0	0	nan	nan	nan	nan	nan	nan
76	u	0	117163	0	nan	8	2	117163	0	0	0	nan	0	0	0	0	0	0	nan	0	0	0	nan	nan	nan	nan	nan	nan
77	g	0	117158	0	nan	8	2	117158	0	0	0	nan	0	0	0	0	0	0	nan	0	0	0	nan	nan	nan	nan	nan	nan
78	a	0	117156	0	nan	8	2	117156	0	0	0	nan	0	0	0	0	0	0	nan	0	0	0	nan	nan	nan	nan	nan	nan
79	a	0	117054	0	nan	8	2	117054	0	0	0	nan	0	0	0	0	0	0	nan	0	0	0	nan	nan	nan	nan	nan	nan
80	g	0	116984	0	nan	8	2	116984	0	0	0	nan	0	0	0	0	0	0	nan	0	0	0	nan	nan	nan	nan	nan	nan