Nucleotide	Sequence	Modified_mutations	Modified_read_depth	Modified_effective_depth	Modified_rate	Modified_off_target_mapped_depth	Modified_low_mapq_mapped_depth	Modified_primer_pair_1_mapped_depth	Untreated_mutations	Untreated_read_depth	Untreated_effective_depth	Untreated_rate	Untreated_off_target_mapped_depth	Untreated_low_mapq_mapped_depth	Untreated_primer_pair_1_mapped_depth	Denatured_mutations	Denatured_read_depth	Denatured_effective_depth	Denatured_rate	Denatured_off_target_mapped_depth	Denatured_low_mapq_mapped_depth	Denatured_primer_pair_1_mapped_depth	Reactivity_profile	Std_err	HQ_profile	HQ_stderr	Norm_profile	Norm_stderr
1	g	0	903889	0	nan	14	8	903889	0	0	0	nan	0	0	0	0	0	0	nan	0	0	0	nan	nan	nan	nan	nan	nan
2	g	0	904357	0	nan	14	8	904357	0	0	0	nan	0	0	0	0	0	0	nan	0	0	0	nan	nan	nan	nan	nan	nan
3	u	0	904595	0	nan	14	8	904595	0	0	0	nan	0	0	0	0	0	0	nan	0	0	0	nan	nan	nan	nan	nan	nan
4	g	0	904714	0	nan	14	8	904714	0	0	0	nan	0	0	0	0	0	0	nan	0	0	0	nan	nan	nan	nan	nan	nan
5	u	0	904826	0	nan	14	8	904826	0	0	0	nan	0	0	0	0	0	0	nan	0	0	0	nan	nan	nan	nan	nan	nan
6	a	0	904832	0	nan	14	8	904832	0	0	0	nan	0	0	0	0	0	0	nan	0	0	0	nan	nan	nan	nan	nan	nan
7	a	0	904844	0	nan	14	8	904844	0	0	0	nan	0	0	0	0	0	0	nan	0	0	0	nan	nan	nan	nan	nan	nan
8	g	0	904849	0	nan	14	8	904849	0	0	0	nan	0	0	0	0	0	0	nan	0	0	0	nan	nan	nan	nan	nan	nan
9	g	0	904924	0	nan	14	8	904924	0	0	0	nan	0	0	0	0	0	0	nan	0	0	0	nan	nan	nan	nan	nan	nan
10	g	0	918158	0	nan	14	8	918158	0	0	0	nan	0	0	0	0	0	0	nan	0	0	0	nan	nan	nan	nan	nan	nan
11	u	0	918286	0	nan	14	8	918286	0	0	0	nan	0	0	0	0	0	0	nan	0	0	0	nan	nan	nan	nan	nan	nan
12	g	0	918528	0	nan	14	8	918528	0	0	0	nan	0	0	0	0	0	0	nan	0	0	0	nan	nan	nan	nan	nan	nan
13	a	0	918532	0	nan	19	8	918532	0	0	0	nan	0	0	0	0	0	0	nan	0	0	0	nan	nan	nan	nan	nan	nan
14	a	0	918533	0	nan	19	8	918533	0	0	0	nan	0	0	0	0	0	0	nan	0	0	0	nan	nan	nan	nan	nan	nan
15	g	0	918535	0	nan	191	8	918535	0	0	0	nan	0	0	0	0	0	0	nan	0	0	0	nan	nan	nan	nan	nan	nan
16	u	0	918538	0	nan	205	8	918538	0	0	0	nan	0	0	0	0	0	0	nan	0	0	0	nan	nan	nan	nan	nan	nan
17	g	0	918544	0	nan	206	8	918544	0	0	0	nan	0	0	0	0	0	0	nan	0	0	0	nan	nan	nan	nan	nan	nan
18	u	0	918544	0	nan	210	8	918544	0	0	0	nan	0	0	0	0	0	0	nan	0	0	0	nan	nan	nan	nan	nan	nan
19	a	0	918561	0	nan	210	8	918561	0	0	0	nan	0	0	0	0	0	0	nan	0	0	0	nan	nan	nan	nan	nan	nan
20	A	0	918580	11	0.000000	224	8	918580	0	0	0	nan	0	0	0	0	0	0	nan	0	0	0	0.000000	0.000000	nan	nan	nan	nan
21	G	0	918592	18	0.000000	256	8	918592	0	0	0	nan	0	0	0	0	0	0	nan	0	0	0	0.000000	0.000000	nan	nan	nan	nan
22	G	0	918599	24	0.000000	256	8	918599	0	0	0	nan	0	0	0	0	0	0	nan	0	0	0	0.000000	0.000000	nan	nan	nan	nan
23	U	0	918600	916237	0.000000	291	8	918600	0	0	0	nan	0	0	0	0	0	0	nan	0	0	0	0.000000	0.000000	0.000000	0.000000	nan	nan
24	U	732	918603	916188	0.000799	291	8	918603	0	0	0	nan	0	0	0	0	0	0	nan	0	0	0	0.000799	0.000030	0.000799	0.000030	nan	nan
25	G	405	918604	916152	0.000442	291	8	918604	0	0	0	nan	0	0	0	0	0	0	nan	0	0	0	0.000442	0.000022	0.000442	0.000022	nan	nan
26	A	393	918605	916649	0.000429	291	8	918605	0	0	0	nan	0	0	0	0	0	0	nan	0	0	0	0.000429	0.000022	0.000429	0.000022	nan	nan
27	A	613	918605	915822	0.000669	291	8	918603	0	0	0	nan	0	0	0	0	0	0	nan	0	0	0	0.000669	0.000027	0.000669	0.000027	nan	nan
28	C	978	918610	915359	0.001068	291	8	918607	0	0	0	nan	0	0	0	0	0	0	nan	0	0	0	0.001068	0.000034	0.001068	0.000034	nan	nan
29	U	1157	918615	914243	0.001266	291	8	918611	0	0	0	nan	0	0	0	0	0	0	nan	0	0	0	0.001266	0.000037	0.001266	0.000037	nan	nan
30	U	1076	918617	914775	0.001176	291	8	918610	0	0	0	nan	0	0	0	0	0	0	nan	0	0	0	0.001176	0.000036	0.001176	0.000036	nan	nan
31	U	1422	918627	915286	0.001554	291	8	918619	0	0	0	nan	0	0	0	0	0	0	nan	0	0	0	0.001554	0.000041	0.001554	0.000041	nan	nan
32	U	703	918661	916342	0.000767	291	8	918652	0	0	0	nan	0	0	0	0	0	0	nan	0	0	0	0.000767	0.000029	0.000767	0.000029	nan	nan
33	G	345	918956	916633	0.000376	291	8	918941	0	0	0	nan	0	0	0	0	0	0	nan	0	0	0	0.000376	0.000020	0.000376	0.000020	nan	nan
34	A	506	919154	917028	0.000552	291	8	919137	0	0	0	nan	0	0	0	0	0	0	nan	0	0	0	0.000552	0.000025	0.000552	0.000025	nan	nan
35	A	608	919157	916130	0.000664	291	8	919138	0	0	0	nan	0	0	0	0	0	0	nan	0	0	0	0.000664	0.000027	0.000664	0.000027	nan	nan
36	U	621	919160	916315	0.000678	291	8	919139	0	0	0	nan	0	0	0	0	0	0	nan	0	0	0	0.000678	0.000027	0.000678	0.000027	nan	nan
37	A	594	919162	916727	0.000648	291	8	919136	0	0	0	nan	0	0	0	0	0	0	nan	0	0	0	0.000648	0.000027	0.000648	0.000027	nan	nan
38	G	579	919170	915906	0.000632	295	8	919144	0	0	0	nan	0	0	0	0	0	0	nan	0	0	0	0.000632	0.000026	0.000632	0.000026	nan	nan
39	U	880	919172	917047	0.000960	295	8	919144	0	0	0	nan	0	0	0	0	0	0	nan	0	0	0	0.000960	0.000032	0.000960	0.000032	nan	nan
40	G	782	919177	916147	0.000854	295	8	919150	0	0	0	nan	0	0	0	0	0	0	nan	0	0	0	0.000854	0.000031	0.000854	0.000031	nan	nan
41	A	985	919181	916752	0.001074	295	8	919155	0	0	0	nan	0	0	0	0	0	0	nan	0	0	0	0.001074	0.000034	0.001074	0.000034	nan	nan
42	U	1660	919184	915947	0.001812	298	8	919160	0	0	0	nan	0	0	0	0	0	0	nan	0	0	0	0.001812	0.000044	0.001812	0.000044	nan	nan
43	U	1183	919194	916141	0.001291	300	8	919170	0	0	0	nan	0	0	0	0	0	0	nan	0	0	0	0.001291	0.000038	0.001291	0.000038	nan	nan
44	C	1301	919211	916388	0.001420	300	8	919188	0	0	0	nan	0	0	0	0	0	0	nan	0	0	0	0.001420	0.000039	0.001420	0.000039	nan	nan
45	A	805	919217	917143	0.000878	301	8	919190	0	0	0	nan	0	0	0	0	0	0	nan	0	0	0	0.000878	0.000031	0.000878	0.000031	nan	nan
46	G	457	919240	916767	0.000498	301	8	919217	0	0	0	nan	0	0	0	0	0	0	nan	0	0	0	0.000498	0.000023	0.000498	0.000023	nan	nan
47	G	469	919251	916834	0.000512	300	8	919227	0	0	0	nan	0	0	0	0	0	0	nan	0	0	0	0.000512	0.000024	0.000512	0.000024	nan	nan
48	A	537	919252	917173	0.000585	301	8	919233	0	0	0	nan	0	0	0	0	0	0	nan	0	0	0	0.000585	0.000025	0.000585	0.000025	nan	nan
49	G	485	919260	916650	0.000529	303	8	919244	0	0	0	nan	0	0	0	0	0	0	nan	0	0	0	0.000529	0.000024	0.000529	0.000024	nan	nan
50	G	662	919262	897977	0.000737	303	8	919246	0	0	0	nan	0	0	0	0	0	0	nan	0	0	0	0.000737	0.000029	0.000737	0.000029	nan	nan
51	U	951	919272	897841	0.001059	303	8	919258	0	0	0	nan	0	0	0	0	0	0	nan	0	0	0	0.001059	0.000034	0.001059	0.000034	nan	nan
52	U	847	919276	897499	0.000944	303	8	919263	0	0	0	nan	0	0	0	0	0	0	nan	0	0	0	0.000944	0.000032	0.000944	0.000032	nan	nan
53	A	473	919275	915999	0.000516	302	8	919256	0	0	0	nan	0	0	0	0	0	0	nan	0	0	0	0.000516	0.000024	0.000516	0.000024	nan	nan
54	A	478	918733	913262	0.000523	167	8	917888	0	0	0	nan	0	0	0	0	0	0	nan	0	0	0	0.000523	0.000024	0.000523	0.000024	nan	nan
55	U	948	918737	912370	0.001039	166	8	918011	0	0	0	nan	0	0	0	0	0	0	nan	0	0	0	0.001039	0.000034	0.001039	0.000034	nan	nan
56	G	839	918744	912418	0.000920	163	8	918109	0	0	0	nan	0	0	0	0	0	0	nan	0	0	0	0.000920	0.000032	0.000920	0.000032	nan	nan
57	G	0	918752	912596	0.000000	163	8	918692	0	0	0	nan	0	0	0	0	0	0	nan	0	0	0	0.000000	0.000000	0.000000	0.000000	nan	nan
58	A	0	918761	0	nan	163	8	918761	0	0	0	nan	0	0	0	0	0	0	nan	0	0	0	nan	nan	nan	nan	nan	nan
59	A	0	918761	0	nan	163	8	918761	0	0	0	nan	0	0	0	0	0	0	nan	0	0	0	nan	nan	nan	nan	nan	nan
60	G	0	918761	0	nan	162	8	918761	0	0	0	nan	0	0	0	0	0	0	nan	0	0	0	nan	nan	nan	nan	nan	nan
61	u	0	918761	0	nan	162	8	918761	0	0	0	nan	0	0	0	0	0	0	nan	0	0	0	nan	nan	nan	nan	nan	nan
62	a	0	918761	0	nan	162	8	918761	0	0	0	nan	0	0	0	0	0	0	nan	0	0	0	nan	nan	nan	nan	nan	nan
63	a	0	918761	0	nan	162	8	918761	0	0	0	nan	0	0	0	0	0	0	nan	0	0	0	nan	nan	nan	nan	nan	nan
64	a	0	918761	0	nan	160	8	918761	0	0	0	nan	0	0	0	0	0	0	nan	0	0	0	nan	nan	nan	nan	nan	nan
65	g	0	918761	0	nan	150	8	918761	0	0	0	nan	0	0	0	0	0	0	nan	0	0	0	nan	nan	nan	nan	nan	nan
66	g	0	918761	0	nan	150	8	918761	0	0	0	nan	0	0	0	0	0	0	nan	0	0	0	nan	nan	nan	nan	nan	nan
67	u	0	918761	0	nan	148	8	918761	0	0	0	nan	0	0	0	0	0	0	nan	0	0	0	nan	nan	nan	nan	nan	nan
68	a	0	918761	0	nan	148	8	918761	0	0	0	nan	0	0	0	0	0	0	nan	0	0	0	nan	nan	nan	nan	nan	nan
69	a	0	918761	0	nan	148	8	918761	0	0	0	nan	0	0	0	0	0	0	nan	0	0	0	nan	nan	nan	nan	nan	nan
70	u	0	918761	0	nan	148	8	918761	0	0	0	nan	0	0	0	0	0	0	nan	0	0	0	nan	nan	nan	nan	nan	nan
71	g	0	918760	0	nan	148	8	918760	0	0	0	nan	0	0	0	0	0	0	nan	0	0	0	nan	nan	nan	nan	nan	nan
72	a	0	918759	0	nan	148	8	918759	0	0	0	nan	0	0	0	0	0	0	nan	0	0	0	nan	nan	nan	nan	nan	nan
73	a	0	918756	0	nan	147	8	918756	0	0	0	nan	0	0	0	0	0	0	nan	0	0	0	nan	nan	nan	nan	nan	nan
74	g	0	918756	0	nan	147	8	918756	0	0	0	nan	0	0	0	0	0	0	nan	0	0	0	nan	nan	nan	nan	nan	nan
75	g	0	918747	0	nan	147	8	918747	0	0	0	nan	0	0	0	0	0	0	nan	0	0	0	nan	nan	nan	nan	nan	nan
76	u	0	918729	0	nan	147	8	918729	0	0	0	nan	0	0	0	0	0	0	nan	0	0	0	nan	nan	nan	nan	nan	nan
77	g	0	918707	0	nan	147	8	918707	0	0	0	nan	0	0	0	0	0	0	nan	0	0	0	nan	nan	nan	nan	nan	nan
78	a	0	918697	0	nan	147	8	918697	0	0	0	nan	0	0	0	0	0	0	nan	0	0	0	nan	nan	nan	nan	nan	nan
79	a	0	918424	0	nan	147	8	918424	0	0	0	nan	0	0	0	0	0	0	nan	0	0	0	nan	nan	nan	nan	nan	nan
80	g	0	918031	0	nan	147	8	918031	0	0	0	nan	0	0	0	0	0	0	nan	0	0	0	nan	nan	nan	nan	nan	nan