Nucleotide	Sequence	Modified_mutations	Modified_read_depth	Modified_effective_depth	Modified_rate	Modified_off_target_mapped_depth	Modified_low_mapq_mapped_depth	Modified_primer_pair_1_mapped_depth	Untreated_mutations	Untreated_read_depth	Untreated_effective_depth	Untreated_rate	Untreated_off_target_mapped_depth	Untreated_low_mapq_mapped_depth	Untreated_primer_pair_1_mapped_depth	Denatured_mutations	Denatured_read_depth	Denatured_effective_depth	Denatured_rate	Denatured_off_target_mapped_depth	Denatured_low_mapq_mapped_depth	Denatured_primer_pair_1_mapped_depth	Reactivity_profile	Std_err	HQ_profile	HQ_stderr	Norm_profile	Norm_stderr
1	g	0	241758	0	nan	26	0	241758	0	0	0	nan	0	0	0	0	0	0	nan	0	0	0	nan	nan	nan	nan	nan	nan
2	g	0	242268	0	nan	26	0	242268	0	0	0	nan	0	0	0	0	0	0	nan	0	0	0	nan	nan	nan	nan	nan	nan
3	c	0	242395	0	nan	26	0	242395	0	0	0	nan	0	0	0	0	0	0	nan	0	0	0	nan	nan	nan	nan	nan	nan
4	a	0	242410	0	nan	27	0	242410	0	0	0	nan	0	0	0	0	0	0	nan	0	0	0	nan	nan	nan	nan	nan	nan
5	c	0	242473	0	nan	27	0	242473	0	0	0	nan	0	0	0	0	0	0	nan	0	0	0	nan	nan	nan	nan	nan	nan
6	c	0	246919	0	nan	56	0	246919	0	0	0	nan	0	0	0	0	0	0	nan	0	0	0	nan	nan	nan	nan	nan	nan
7	u	0	247257	0	nan	56	0	247257	0	0	0	nan	0	0	0	0	0	0	nan	0	0	0	nan	nan	nan	nan	nan	nan
8	c	0	247267	0	nan	56	0	247267	0	0	0	nan	0	0	0	0	0	0	nan	0	0	0	nan	nan	nan	nan	nan	nan
9	a	0	247278	0	nan	56	0	247278	0	0	0	nan	0	0	0	0	0	0	nan	0	0	0	nan	nan	nan	nan	nan	nan
10	u	0	247287	0	nan	56	0	247287	0	0	0	nan	0	0	0	0	0	0	nan	0	0	0	nan	nan	nan	nan	nan	nan
11	a	0	247287	0	nan	56	0	247287	0	0	0	nan	0	0	0	0	0	0	nan	0	0	0	nan	nan	nan	nan	nan	nan
12	a	0	247298	0	nan	56	0	247298	0	0	0	nan	0	0	0	0	0	0	nan	0	0	0	nan	nan	nan	nan	nan	nan
13	c	0	247302	0	nan	56	0	247302	0	0	0	nan	0	0	0	0	0	0	nan	0	0	0	nan	nan	nan	nan	nan	nan
14	a	0	247309	0	nan	56	0	247309	0	0	0	nan	0	0	0	0	0	0	nan	0	0	0	nan	nan	nan	nan	nan	nan
15	u	0	247310	0	nan	56	0	247310	0	0	0	nan	0	0	0	0	0	0	nan	0	0	0	nan	nan	nan	nan	nan	nan
16	a	0	247315	0	nan	56	0	247315	0	0	0	nan	0	0	0	0	0	0	nan	0	0	0	nan	nan	nan	nan	nan	nan
17	a	0	247317	0	nan	56	0	247317	0	0	0	nan	0	0	0	0	0	0	nan	0	0	0	nan	nan	nan	nan	nan	nan
18	c	0	247321	0	nan	56	0	247321	0	0	0	nan	0	0	0	0	0	0	nan	0	0	0	nan	nan	nan	nan	nan	nan
19	U	0	247325	4	0.000000	56	0	247325	0	0	0	nan	0	0	0	0	0	0	nan	0	0	0	0.000000	0.000000	nan	nan	nan	nan
20	A	0	247371	43	0.000000	56	0	247371	0	0	0	nan	0	0	0	0	0	0	nan	0	0	0	0.000000	0.000000	nan	nan	nan	nan
21	A	0	247377	23	0.000000	56	0	247377	0	0	0	nan	0	0	0	0	0	0	nan	0	0	0	0.000000	0.000000	nan	nan	nan	nan
22	G	0	247380	242286	0.000000	56	0	247380	0	0	0	nan	0	0	0	0	0	0	nan	0	0	0	0.000000	0.000000	0.000000	0.000000	nan	nan
23	G	87	247384	241075	0.000361	56	0	247384	0	0	0	nan	0	0	0	0	0	0	nan	0	0	0	0.000361	0.000039	0.000361	0.000039	nan	nan
24	C	231	247399	242251	0.000954	56	0	247399	0	0	0	nan	0	0	0	0	0	0	nan	0	0	0	0.000954	0.000063	0.000954	0.000063	nan	nan
25	A	164	247424	244806	0.000670	56	0	247424	0	0	0	nan	0	0	0	0	0	0	nan	0	0	0	0.000670	0.000052	0.000670	0.000052	nan	nan
26	G	77	247451	246376	0.000313	56	0	247449	0	0	0	nan	0	0	0	0	0	0	nan	0	0	0	0.000313	0.000036	0.000313	0.000036	nan	nan
27	A	135	247478	246023	0.000549	56	0	247475	0	0	0	nan	0	0	0	0	0	0	nan	0	0	0	0.000549	0.000047	0.000549	0.000047	nan	nan
28	U	319	247484	245722	0.001298	56	0	247481	0	0	0	nan	0	0	0	0	0	0	nan	0	0	0	0.001298	0.000073	0.001298	0.000073	nan	nan
29	C	270	247489	245799	0.001098	56	0	247482	0	0	0	nan	0	0	0	0	0	0	nan	0	0	0	0.001098	0.000067	0.001098	0.000067	nan	nan
30	U	365	247498	245474	0.001487	56	0	247484	0	0	0	nan	0	0	0	0	0	0	nan	0	0	0	0.001487	0.000078	0.001487	0.000078	nan	nan
31	G	104	247502	244455	0.000425	56	0	247474	0	0	0	nan	0	0	0	0	0	0	nan	0	0	0	0.000425	0.000042	0.000425	0.000042	nan	nan
32	A	108	247502	244499	0.000442	56	0	247473	0	0	0	nan	0	0	0	0	0	0	nan	0	0	0	0.000442	0.000043	0.000442	0.000043	nan	nan
33	G	134	247510	242905	0.000552	56	0	247465	0	0	0	nan	0	0	0	0	0	0	nan	0	0	0	0.000552	0.000048	0.000552	0.000048	nan	nan
34	C	224	247515	236177	0.000948	56	0	247412	0	0	0	nan	0	0	0	0	0	0	nan	0	0	0	0.000948	0.000063	0.000948	0.000063	nan	nan
35	C	367	247524	235958	0.001555	57	0	247351	0	0	0	nan	0	0	0	0	0	0	nan	0	0	0	0.001555	0.000081	0.001555	0.000081	nan	nan
36	U	282	247591	235986	0.001195	57	0	247360	0	0	0	nan	0	0	0	0	0	0	nan	0	0	0	0.001195	0.000071	0.001195	0.000071	nan	nan
37	U	349	247708	242032	0.001442	57	0	247383	0	0	0	nan	0	0	0	0	0	0	nan	0	0	0	0.001442	0.000077	0.001442	0.000077	nan	nan
38	C	360	247726	242224	0.001486	57	0	247355	0	0	0	nan	0	0	0	0	0	0	nan	0	0	0	0.001486	0.000078	0.001486	0.000078	nan	nan
39	G	126	247845	243411	0.000518	57	0	247580	0	0	0	nan	0	0	0	0	0	0	nan	0	0	0	0.000518	0.000046	0.000518	0.000046	nan	nan
40	G	133	247870	239045	0.000556	57	0	247678	0	0	0	nan	0	0	0	0	0	0	nan	0	0	0	0.000556	0.000048	0.000556	0.000048	nan	nan
41	G	92	247874	237849	0.000387	57	0	247727	0	0	0	nan	0	0	0	0	0	0	nan	0	0	0	0.000387	0.000040	0.000387	0.000040	nan	nan
42	A	128	247883	238859	0.000536	57	0	247783	0	0	0	nan	0	0	0	0	0	0	nan	0	0	0	0.000536	0.000047	0.000536	0.000047	nan	nan
43	G	166	247889	245665	0.000676	57	0	247826	0	0	0	nan	0	0	0	0	0	0	nan	0	0	0	0.000676	0.000052	0.000676	0.000052	nan	nan
44	C	212	247895	246997	0.000858	28	0	247885	0	0	0	nan	0	0	0	0	0	0	nan	0	0	0	0.000858	0.000059	0.000858	0.000059	nan	nan
45	U	190	247895	247289	0.000768	28	0	247886	0	0	0	nan	0	0	0	0	0	0	nan	0	0	0	0.000768	0.000056	0.000768	0.000056	nan	nan
46	C	188	247895	247160	0.000761	28	0	247885	0	0	0	nan	0	0	0	0	0	0	nan	0	0	0	0.000761	0.000055	0.000761	0.000055	nan	nan
47	U	266	247894	247133	0.001076	28	0	247883	0	0	0	nan	0	0	0	0	0	0	nan	0	0	0	0.001076	0.000066	0.001076	0.000066	nan	nan
48	C	262	247892	247074	0.001060	28	0	247872	0	0	0	nan	0	0	0	0	0	0	nan	0	0	0	0.001060	0.000066	0.001060	0.000066	nan	nan
49	U	220	247894	247016	0.000891	28	0	247876	0	0	0	nan	0	0	0	0	0	0	nan	0	0	0	0.000891	0.000060	0.000891	0.000060	nan	nan
50	G	108	247897	246175	0.000439	28	0	247884	0	0	0	nan	0	0	0	0	0	0	nan	0	0	0	0.000439	0.000042	0.000439	0.000042	nan	nan
51	C	252	247897	245925	0.001025	28	0	247886	0	0	0	nan	0	0	0	0	0	0	nan	0	0	0	0.001025	0.000065	0.001025	0.000065	nan	nan
52	C	292	247897	246127	0.001186	28	0	247889	0	0	0	nan	0	0	0	0	0	0	nan	0	0	0	0.001186	0.000069	0.001186	0.000069	nan	nan
53	A	134	247894	246595	0.000543	28	0	247894	0	0	0	nan	0	0	0	0	0	0	nan	0	0	0	0.000543	0.000047	0.000543	0.000047	nan	nan
54	A	0	247638	246256	0.000000	28	0	247638	0	0	0	nan	0	0	0	0	0	0	nan	0	0	0	0.000000	0.000000	0.000000	0.000000	nan	nan
55	U	0	247634	1	0.000000	22	0	247634	0	0	0	nan	0	0	0	0	0	0	nan	0	0	0	0.000000	0.000000	nan	nan	nan	nan
56	C	0	247633	0	nan	19	0	247633	0	0	0	nan	0	0	0	0	0	0	nan	0	0	0	nan	nan	nan	nan	nan	nan
57	C	0	247633	0	nan	19	0	247633	0	0	0	nan	0	0	0	0	0	0	nan	0	0	0	nan	nan	nan	nan	nan	nan
58	a	0	247633	0	nan	19	0	247633	0	0	0	nan	0	0	0	0	0	0	nan	0	0	0	nan	nan	nan	nan	nan	nan
59	c	0	247633	0	nan	19	0	247633	0	0	0	nan	0	0	0	0	0	0	nan	0	0	0	nan	nan	nan	nan	nan	nan
60	u	0	247633	0	nan	18	0	247633	0	0	0	nan	0	0	0	0	0	0	nan	0	0	0	nan	nan	nan	nan	nan	nan
61	a	0	247633	0	nan	18	0	247633	0	0	0	nan	0	0	0	0	0	0	nan	0	0	0	nan	nan	nan	nan	nan	nan
62	a	0	247633	0	nan	18	0	247633	0	0	0	nan	0	0	0	0	0	0	nan	0	0	0	nan	nan	nan	nan	nan	nan
63	c	0	247633	0	nan	11	0	247633	0	0	0	nan	0	0	0	0	0	0	nan	0	0	0	nan	nan	nan	nan	nan	nan
64	c	0	247633	0	nan	10	0	247633	0	0	0	nan	0	0	0	0	0	0	nan	0	0	0	nan	nan	nan	nan	nan	nan
65	u	0	247633	0	nan	1	0	247633	0	0	0	nan	0	0	0	0	0	0	nan	0	0	0	nan	nan	nan	nan	nan	nan
66	c	0	247633	0	nan	1	0	247633	0	0	0	nan	0	0	0	0	0	0	nan	0	0	0	nan	nan	nan	nan	nan	nan
67	a	0	247633	0	nan	1	0	247633	0	0	0	nan	0	0	0	0	0	0	nan	0	0	0	nan	nan	nan	nan	nan	nan
68	c	0	247630	0	nan	1	0	247630	0	0	0	nan	0	0	0	0	0	0	nan	0	0	0	nan	nan	nan	nan	nan	nan
69	u	0	247628	0	nan	1	0	247628	0	0	0	nan	0	0	0	0	0	0	nan	0	0	0	nan	nan	nan	nan	nan	nan
70	c	0	247628	0	nan	1	0	247628	0	0	0	nan	0	0	0	0	0	0	nan	0	0	0	nan	nan	nan	nan	nan	nan
71	a	0	247628	0	nan	1	0	247628	0	0	0	nan	0	0	0	0	0	0	nan	0	0	0	nan	nan	nan	nan	nan	nan
72	c	0	247619	0	nan	1	0	247619	0	0	0	nan	0	0	0	0	0	0	nan	0	0	0	nan	nan	nan	nan	nan	nan
73	a	0	247615	0	nan	1	0	247615	0	0	0	nan	0	0	0	0	0	0	nan	0	0	0	nan	nan	nan	nan	nan	nan
74	a	0	247547	0	nan	1	0	247547	0	0	0	nan	0	0	0	0	0	0	nan	0	0	0	nan	nan	nan	nan	nan	nan
75	u	0	247422	0	nan	1	0	247422	0	0	0	nan	0	0	0	0	0	0	nan	0	0	0	nan	nan	nan	nan	nan	nan
76	c	0	247062	0	nan	1	0	247062	0	0	0	nan	0	0	0	0	0	0	nan	0	0	0	nan	nan	nan	nan	nan	nan