Nucleotide	Sequence	Modified_mutations	Modified_read_depth	Modified_effective_depth	Modified_rate	Modified_off_target_mapped_depth	Modified_low_mapq_mapped_depth	Modified_primer_pair_1_mapped_depth	Untreated_mutations	Untreated_read_depth	Untreated_effective_depth	Untreated_rate	Untreated_off_target_mapped_depth	Untreated_low_mapq_mapped_depth	Untreated_primer_pair_1_mapped_depth	Denatured_mutations	Denatured_read_depth	Denatured_effective_depth	Denatured_rate	Denatured_off_target_mapped_depth	Denatured_low_mapq_mapped_depth	Denatured_primer_pair_1_mapped_depth	Reactivity_profile	Std_err	HQ_profile	HQ_stderr	Norm_profile	Norm_stderr
1	g	0	260570	0	nan	14	0	260570	0	0	0	nan	0	0	0	0	0	0	nan	0	0	0	nan	nan	nan	nan	nan	nan
2	g	0	260981	0	nan	14	0	260981	0	0	0	nan	0	0	0	0	0	0	nan	0	0	0	nan	nan	nan	nan	nan	nan
3	c	0	261261	0	nan	14	0	261261	0	0	0	nan	0	0	0	0	0	0	nan	0	0	0	nan	nan	nan	nan	nan	nan
4	a	0	280694	0	nan	57	0	280694	0	0	0	nan	0	0	0	0	0	0	nan	0	0	0	nan	nan	nan	nan	nan	nan
5	c	0	281118	0	nan	57	0	281118	0	0	0	nan	0	0	0	0	0	0	nan	0	0	0	nan	nan	nan	nan	nan	nan
6	c	0	281204	0	nan	57	0	281204	0	0	0	nan	0	0	0	0	0	0	nan	0	0	0	nan	nan	nan	nan	nan	nan
7	u	0	281211	0	nan	57	0	281211	0	0	0	nan	0	0	0	0	0	0	nan	0	0	0	nan	nan	nan	nan	nan	nan
8	c	0	281217	0	nan	57	0	281217	0	0	0	nan	0	0	0	0	0	0	nan	0	0	0	nan	nan	nan	nan	nan	nan
9	a	0	281217	0	nan	57	0	281217	0	0	0	nan	0	0	0	0	0	0	nan	0	0	0	nan	nan	nan	nan	nan	nan
10	u	0	281238	0	nan	57	0	281238	0	0	0	nan	0	0	0	0	0	0	nan	0	0	0	nan	nan	nan	nan	nan	nan
11	a	0	281260	0	nan	57	0	281260	0	0	0	nan	0	0	0	0	0	0	nan	0	0	0	nan	nan	nan	nan	nan	nan
12	a	0	281272	0	nan	57	0	281272	0	0	0	nan	0	0	0	0	0	0	nan	0	0	0	nan	nan	nan	nan	nan	nan
13	c	0	281281	0	nan	58	0	281281	0	0	0	nan	0	0	0	0	0	0	nan	0	0	0	nan	nan	nan	nan	nan	nan
14	a	0	281286	0	nan	58	0	281286	0	0	0	nan	0	0	0	0	0	0	nan	0	0	0	nan	nan	nan	nan	nan	nan
15	u	0	281294	0	nan	58	0	281294	0	0	0	nan	0	0	0	0	0	0	nan	0	0	0	nan	nan	nan	nan	nan	nan
16	a	0	281298	0	nan	58	0	281298	0	0	0	nan	0	0	0	0	0	0	nan	0	0	0	nan	nan	nan	nan	nan	nan
17	a	0	281322	0	nan	58	0	281322	0	0	0	nan	0	0	0	0	0	0	nan	0	0	0	nan	nan	nan	nan	nan	nan
18	c	0	281329	0	nan	58	0	281329	0	0	0	nan	0	0	0	0	0	0	nan	0	0	0	nan	nan	nan	nan	nan	nan
19	U	0	281339	6	0.000000	58	0	281339	0	0	0	nan	0	0	0	0	0	0	nan	0	0	0	0.000000	0.000000	nan	nan	nan	nan
20	A	0	281359	18	0.000000	58	0	281359	0	0	0	nan	0	0	0	0	0	0	nan	0	0	0	0.000000	0.000000	nan	nan	nan	nan
21	A	0	281369	27	0.000000	58	0	281369	0	0	0	nan	0	0	0	0	0	0	nan	0	0	0	0.000000	0.000000	nan	nan	nan	nan
22	G	0	281386	276769	0.000000	58	0	281386	0	0	0	nan	0	0	0	0	0	0	nan	0	0	0	0.000000	0.000000	0.000000	0.000000	nan	nan
23	G	345	281402	270553	0.001275	58	0	281402	0	0	0	nan	0	0	0	0	0	0	nan	0	0	0	0.001275	0.000069	0.001275	0.000069	nan	nan
24	C	7621	281437	275628	0.027650	58	0	281437	0	0	0	nan	0	0	0	0	0	0	nan	0	0	0	0.027650	0.000317	0.027650	0.000317	0.964793	0.011061
25	A	4688	281495	277558	0.016890	58	0	281495	0	0	0	nan	0	0	0	0	0	0	nan	0	0	0	0.016890	0.000247	0.016890	0.000247	0.951925	0.013921
26	G	324	281559	276854	0.001170	58	0	281558	0	0	0	nan	0	0	0	0	0	0	nan	0	0	0	0.001170	0.000065	0.001170	0.000065	nan	nan
27	A	4176	281616	278236	0.015009	58	0	281615	0	0	0	nan	0	0	0	0	0	0	nan	0	0	0	0.015009	0.000232	0.015009	0.000232	0.845911	0.013076
28	U	1728	281628	277417	0.006229	58	0	281625	0	0	0	nan	0	0	0	0	0	0	nan	0	0	0	0.006229	0.000150	0.006229	0.000150	1.182366	0.028472
29	C	6655	281647	277657	0.023968	58	0	281639	0	0	0	nan	0	0	0	0	0	0	nan	0	0	0	0.023968	0.000294	0.023968	0.000294	0.836317	0.010259
30	U	1179	281653	277609	0.004247	58	0	281644	0	0	0	nan	0	0	0	0	0	0	nan	0	0	0	0.004247	0.000124	0.004247	0.000124	0.806150	0.023537
31	G	384	281654	275980	0.001391	58	0	281633	0	0	0	nan	0	0	0	0	0	0	nan	0	0	0	0.001391	0.000071	0.001391	0.000071	nan	nan
32	A	4909	281659	276676	0.017743	58	0	281634	0	0	0	nan	0	0	0	0	0	0	nan	0	0	0	0.017743	0.000253	0.017743	0.000253	1.000000	0.014259
33	G	399	281680	270309	0.001476	58	0	281634	0	0	0	nan	0	0	0	0	0	0	nan	0	0	0	0.001476	0.000074	0.001476	0.000074	nan	nan
34	C	7295	281688	271105	0.026908	58	0	281599	0	0	0	nan	0	0	0	0	0	0	nan	0	0	0	0.026908	0.000315	0.026908	0.000315	0.938902	0.010991
35	C	6650	281703	271652	0.024480	58	0	281565	0	0	0	nan	0	0	0	0	0	0	nan	0	0	0	0.024480	0.000300	0.024480	0.000300	0.854182	0.010468
36	U	1498	281764	272329	0.005501	58	0	281631	0	0	0	nan	0	0	0	0	0	0	nan	0	0	0	0.005501	0.000142	0.005501	0.000142	1.044180	0.026954
37	G	359	281797	271912	0.001320	58	0	281332	0	0	0	nan	0	0	0	0	0	0	nan	0	0	0	0.001320	0.000070	0.001320	0.000070	nan	nan
38	G	324	281808	271152	0.001195	58	0	281342	0	0	0	nan	0	0	0	0	0	0	nan	0	0	0	0.001195	0.000066	0.001195	0.000066	nan	nan
39	G	341	281861	270951	0.001259	58	0	281447	0	0	0	nan	0	0	0	0	0	0	nan	0	0	0	0.001259	0.000068	0.001259	0.000068	nan	nan
40	A	5340	281927	273091	0.019554	58	0	281600	0	0	0	nan	0	0	0	0	0	0	nan	0	0	0	0.019554	0.000268	0.019554	0.000268	1.102068	0.015105
41	G	415	282041	270256	0.001536	58	0	281884	0	0	0	nan	0	0	0	0	0	0	nan	0	0	0	0.001536	0.000075	0.001536	0.000075	nan	nan
42	C	7325	282114	277163	0.026428	37	0	282082	0	0	0	nan	0	0	0	0	0	0	nan	0	0	0	0.026428	0.000309	0.026428	0.000309	0.922154	0.010782
43	U	998	282123	278165	0.003588	37	0	282108	0	0	0	nan	0	0	0	0	0	0	nan	0	0	0	0.003588	0.000114	0.003588	0.000114	0.681061	0.021639
44	C	6722	282124	278595	0.024128	33	0	282112	0	0	0	nan	0	0	0	0	0	0	nan	0	0	0	0.024128	0.000294	0.024128	0.000294	0.841900	0.010259
45	U	1272	282129	278366	0.004570	33	0	282117	0	0	0	nan	0	0	0	0	0	0	nan	0	0	0	0.004570	0.000128	0.004570	0.000128	0.867461	0.024296
46	C	7980	282130	278449	0.028659	33	0	282117	0	0	0	nan	0	0	0	0	0	0	nan	0	0	0	0.028659	0.000321	0.028659	0.000321	1.000000	0.011201
47	U	1199	282134	278381	0.004307	33	0	282123	0	0	0	nan	0	0	0	0	0	0	nan	0	0	0	0.004307	0.000124	0.004307	0.000124	0.817539	0.023537
48	G	436	282135	274229	0.001590	33	0	282123	0	0	0	nan	0	0	0	0	0	0	nan	0	0	0	0.001590	0.000076	0.001590	0.000076	nan	nan
49	C	9451	282138	277203	0.034094	33	0	282129	0	0	0	nan	0	0	0	0	0	0	nan	0	0	0	0.034094	0.000351	0.034094	0.000351	1.189644	0.012247
50	C	9281	282143	278019	0.033383	33	0	282139	0	0	0	nan	0	0	0	0	0	0	nan	0	0	0	0.033383	0.000347	0.033383	0.000347	1.164835	0.012108
51	A	4059	282154	279021	0.014547	33	0	282152	0	0	0	nan	0	0	0	0	0	0	nan	0	0	0	0.014547	0.000228	0.014547	0.000228	0.819873	0.012850
52	A	0	282155	279218	0.000000	33	0	282155	0	0	0	nan	0	0	0	0	0	0	nan	0	0	0	0.000000	0.000000	0.000000	0.000000	0.000000	0.000000
53	U	0	282149	144	0.000000	16	0	282149	0	0	0	nan	0	0	0	0	0	0	nan	0	0	0	0.000000	0.000000	nan	nan	nan	nan
54	C	0	281961	2	0.000000	15	0	281961	0	0	0	nan	0	0	0	0	0	0	nan	0	0	0	0.000000	0.000000	nan	nan	nan	nan
55	C	0	281958	0	nan	15	0	281958	0	0	0	nan	0	0	0	0	0	0	nan	0	0	0	nan	nan	nan	nan	nan	nan
56	a	0	281958	0	nan	15	0	281958	0	0	0	nan	0	0	0	0	0	0	nan	0	0	0	nan	nan	nan	nan	nan	nan
57	c	0	281958	0	nan	15	0	281958	0	0	0	nan	0	0	0	0	0	0	nan	0	0	0	nan	nan	nan	nan	nan	nan
58	u	0	281958	0	nan	15	0	281958	0	0	0	nan	0	0	0	0	0	0	nan	0	0	0	nan	nan	nan	nan	nan	nan
59	a	0	281958	0	nan	15	0	281958	0	0	0	nan	0	0	0	0	0	0	nan	0	0	0	nan	nan	nan	nan	nan	nan
60	a	0	281958	0	nan	15	0	281958	0	0	0	nan	0	0	0	0	0	0	nan	0	0	0	nan	nan	nan	nan	nan	nan
61	c	0	281958	0	nan	8	0	281958	0	0	0	nan	0	0	0	0	0	0	nan	0	0	0	nan	nan	nan	nan	nan	nan
62	c	0	281958	0	nan	6	0	281958	0	0	0	nan	0	0	0	0	0	0	nan	0	0	0	nan	nan	nan	nan	nan	nan
63	u	0	281958	0	nan	1	0	281958	0	0	0	nan	0	0	0	0	0	0	nan	0	0	0	nan	nan	nan	nan	nan	nan
64	c	0	281958	0	nan	1	0	281958	0	0	0	nan	0	0	0	0	0	0	nan	0	0	0	nan	nan	nan	nan	nan	nan
65	a	0	281958	0	nan	1	0	281958	0	0	0	nan	0	0	0	0	0	0	nan	0	0	0	nan	nan	nan	nan	nan	nan
66	c	0	281957	0	nan	1	0	281957	0	0	0	nan	0	0	0	0	0	0	nan	0	0	0	nan	nan	nan	nan	nan	nan
67	u	0	281955	0	nan	1	0	281955	0	0	0	nan	0	0	0	0	0	0	nan	0	0	0	nan	nan	nan	nan	nan	nan
68	c	0	281954	0	nan	1	0	281954	0	0	0	nan	0	0	0	0	0	0	nan	0	0	0	nan	nan	nan	nan	nan	nan
69	a	0	281949	0	nan	1	0	281949	0	0	0	nan	0	0	0	0	0	0	nan	0	0	0	nan	nan	nan	nan	nan	nan
70	c	0	281936	0	nan	1	0	281936	0	0	0	nan	0	0	0	0	0	0	nan	0	0	0	nan	nan	nan	nan	nan	nan
71	a	0	281926	0	nan	1	0	281926	0	0	0	nan	0	0	0	0	0	0	nan	0	0	0	nan	nan	nan	nan	nan	nan
72	a	0	281846	0	nan	1	0	281846	0	0	0	nan	0	0	0	0	0	0	nan	0	0	0	nan	nan	nan	nan	nan	nan
73	u	0	281678	0	nan	1	0	281678	0	0	0	nan	0	0	0	0	0	0	nan	0	0	0	nan	nan	nan	nan	nan	nan
74	c	0	281334	0	nan	1	0	281334	0	0	0	nan	0	0	0	0	0	0	nan	0	0	0	nan	nan	nan	nan	nan	nan