Nucleotide	Sequence	Modified_mutations	Modified_read_depth	Modified_effective_depth	Modified_rate	Modified_off_target_mapped_depth	Modified_low_mapq_mapped_depth	Modified_primer_pair_1_mapped_depth	Untreated_mutations	Untreated_read_depth	Untreated_effective_depth	Untreated_rate	Untreated_off_target_mapped_depth	Untreated_low_mapq_mapped_depth	Untreated_primer_pair_1_mapped_depth	Denatured_mutations	Denatured_read_depth	Denatured_effective_depth	Denatured_rate	Denatured_off_target_mapped_depth	Denatured_low_mapq_mapped_depth	Denatured_primer_pair_1_mapped_depth	Reactivity_profile	Std_err	HQ_profile	HQ_stderr	Norm_profile	Norm_stderr
1	g	0	162356	0	nan	9	0	162356	0	0	0	nan	0	0	0	0	0	0	nan	0	0	0	nan	nan	nan	nan	nan	nan
2	g	0	174348	0	nan	42	0	174348	0	0	0	nan	0	0	0	0	0	0	nan	0	0	0	nan	nan	nan	nan	nan	nan
3	c	0	174678	0	nan	43	0	174678	0	0	0	nan	0	0	0	0	0	0	nan	0	0	0	nan	nan	nan	nan	nan	nan
4	a	0	174752	0	nan	43	0	174752	0	0	0	nan	0	0	0	0	0	0	nan	0	0	0	nan	nan	nan	nan	nan	nan
5	c	0	174765	0	nan	43	0	174765	0	0	0	nan	0	0	0	0	0	0	nan	0	0	0	nan	nan	nan	nan	nan	nan
6	c	0	174772	0	nan	43	0	174772	0	0	0	nan	0	0	0	0	0	0	nan	0	0	0	nan	nan	nan	nan	nan	nan
7	u	0	174773	0	nan	43	0	174773	0	0	0	nan	0	0	0	0	0	0	nan	0	0	0	nan	nan	nan	nan	nan	nan
8	c	0	174812	0	nan	43	0	174812	0	0	0	nan	0	0	0	0	0	0	nan	0	0	0	nan	nan	nan	nan	nan	nan
9	a	0	174833	0	nan	43	0	174833	0	0	0	nan	0	0	0	0	0	0	nan	0	0	0	nan	nan	nan	nan	nan	nan
10	u	0	174888	0	nan	43	0	174888	0	0	0	nan	0	0	0	0	0	0	nan	0	0	0	nan	nan	nan	nan	nan	nan
11	a	0	175127	0	nan	43	0	175127	0	0	0	nan	0	0	0	0	0	0	nan	0	0	0	nan	nan	nan	nan	nan	nan
12	a	0	175158	0	nan	43	0	175158	0	0	0	nan	0	0	0	0	0	0	nan	0	0	0	nan	nan	nan	nan	nan	nan
13	c	0	175162	0	nan	43	0	175162	0	0	0	nan	0	0	0	0	0	0	nan	0	0	0	nan	nan	nan	nan	nan	nan
14	a	0	175167	0	nan	43	0	175167	0	0	0	nan	0	0	0	0	0	0	nan	0	0	0	nan	nan	nan	nan	nan	nan
15	u	0	175177	0	nan	43	0	175177	0	0	0	nan	0	0	0	0	0	0	nan	0	0	0	nan	nan	nan	nan	nan	nan
16	a	0	175181	0	nan	43	0	175181	0	0	0	nan	0	0	0	0	0	0	nan	0	0	0	nan	nan	nan	nan	nan	nan
17	a	0	175182	0	nan	43	0	175182	0	0	0	nan	0	0	0	0	0	0	nan	0	0	0	nan	nan	nan	nan	nan	nan
18	c	0	175184	0	nan	43	0	175184	0	0	0	nan	0	0	0	0	0	0	nan	0	0	0	nan	nan	nan	nan	nan	nan
19	U	0	175187	2	0.000000	43	0	175187	0	0	0	nan	0	0	0	0	0	0	nan	0	0	0	0.000000	0.000000	nan	nan	nan	nan
20	A	0	175245	50	0.000000	43	0	175245	0	0	0	nan	0	0	0	0	0	0	nan	0	0	0	0.000000	0.000000	nan	nan	nan	nan
21	A	0	175253	45	0.000000	43	0	175253	0	0	0	nan	0	0	0	0	0	0	nan	0	0	0	0.000000	0.000000	nan	nan	nan	nan
22	G	0	175265	171690	0.000000	43	0	175265	0	0	0	nan	0	0	0	0	0	0	nan	0	0	0	0.000000	0.000000	0.000000	0.000000	nan	nan
23	G	221	175270	168815	0.001309	43	0	175270	0	0	0	nan	0	0	0	0	0	0	nan	0	0	0	0.001309	0.000088	0.001309	0.000088	nan	nan
24	C	3218	175316	171322	0.018783	43	0	175316	0	0	0	nan	0	0	0	0	0	0	nan	0	0	0	0.018783	0.000331	0.018783	0.000331	0.921910	0.016246
25	A	1718	175402	173138	0.009923	43	0	175402	0	0	0	nan	0	0	0	0	0	0	nan	0	0	0	0.009923	0.000239	0.009923	0.000239	0.862945	0.020784
26	G	124	175425	172905	0.000717	43	0	175423	0	0	0	nan	0	0	0	0	0	0	nan	0	0	0	0.000717	0.000064	0.000717	0.000064	nan	nan
27	A	1968	175433	173509	0.011342	43	0	175430	0	0	0	nan	0	0	0	0	0	0	nan	0	0	0	0.011342	0.000256	0.011342	0.000256	0.986347	0.022263
28	U	1126	175442	172878	0.006513	43	0	175437	0	0	0	nan	0	0	0	0	0	0	nan	0	0	0	0.006513	0.000194	0.006513	0.000194	1.086134	0.032352
29	C	3231	175443	173002	0.018676	43	0	175438	0	0	0	nan	0	0	0	0	0	0	nan	0	0	0	0.018676	0.000329	0.018676	0.000329	0.916658	0.016148
30	U	806	175448	173082	0.004657	43	0	175442	0	0	0	nan	0	0	0	0	0	0	nan	0	0	0	0.004657	0.000164	0.004657	0.000164	0.776620	0.027349
31	G	197	175459	172453	0.001142	43	0	175448	0	0	0	nan	0	0	0	0	0	0	nan	0	0	0	0.001142	0.000081	0.001142	0.000081	nan	nan
32	A	2073	175464	173184	0.011970	43	0	175451	0	0	0	nan	0	0	0	0	0	0	nan	0	0	0	0.011970	0.000263	0.011970	0.000263	1.040960	0.022872
33	G	183	175467	170403	0.001074	42	0	175447	0	0	0	nan	0	0	0	0	0	0	nan	0	0	0	0.001074	0.000079	0.001074	0.000079	nan	nan
34	C	2789	175470	169886	0.016417	34	0	175433	0	0	0	nan	0	0	0	0	0	0	nan	0	0	0	0.016417	0.000311	0.016417	0.000311	0.805782	0.015265
35	U	1141	175486	169616	0.006727	34	0	175439	0	0	0	nan	0	0	0	0	0	0	nan	0	0	0	0.006727	0.000199	0.006727	0.000199	1.121821	0.033186
36	U	929	175493	169516	0.005480	34	0	175433	0	0	0	nan	0	0	0	0	0	0	nan	0	0	0	0.005480	0.000180	0.005480	0.000180	0.913866	0.030018
37	C	3468	175521	170215	0.020374	34	0	175346	0	0	0	nan	0	0	0	0	0	0	nan	0	0	0	0.020374	0.000346	0.020374	0.000346	1.000000	0.016982
38	G	153	175564	169938	0.000900	34	0	175393	0	0	0	nan	0	0	0	0	0	0	nan	0	0	0	0.000900	0.000073	0.000900	0.000073	nan	nan
39	G	210	175852	170962	0.001228	34	0	175766	0	0	0	nan	0	0	0	0	0	0	nan	0	0	0	0.001228	0.000085	0.001228	0.000085	nan	nan
40	C	2075	176011	174272	0.011907	25	0	176003	0	0	0	nan	0	0	0	0	0	0	nan	0	0	0	0.011907	0.000261	0.011907	0.000261	0.584421	0.012810
41	U	620	176032	174346	0.003556	25	0	176026	0	0	0	nan	0	0	0	0	0	0	nan	0	0	0	0.003556	0.000143	0.003556	0.000143	0.593013	0.023847
42	C	2394	176035	174586	0.013712	21	0	176030	0	0	0	nan	0	0	0	0	0	0	nan	0	0	0	0.013712	0.000280	0.013712	0.000280	0.673015	0.013743
43	U	950	176041	174655	0.005439	21	0	176035	0	0	0	nan	0	0	0	0	0	0	nan	0	0	0	0.005439	0.000176	0.005439	0.000176	0.907029	0.029350
44	C	2877	176041	174751	0.016463	19	0	176034	0	0	0	nan	0	0	0	0	0	0	nan	0	0	0	0.016463	0.000307	0.016463	0.000307	0.808040	0.015068
45	U	724	176048	174690	0.004144	19	0	176041	0	0	0	nan	0	0	0	0	0	0	nan	0	0	0	0.004144	0.000154	0.004144	0.000154	0.691070	0.025682
46	G	193	176050	172660	0.001118	19	0	176036	0	0	0	nan	0	0	0	0	0	0	nan	0	0	0	0.001118	0.000080	0.001118	0.000080	nan	nan
47	C	3897	176053	173957	0.022402	19	0	176041	0	0	0	nan	0	0	0	0	0	0	nan	0	0	0	0.022402	0.000359	0.022402	0.000359	1.099539	0.017620
48	C	3903	176056	174229	0.022402	19	0	176048	0	0	0	nan	0	0	0	0	0	0	nan	0	0	0	0.022402	0.000359	0.022402	0.000359	1.099539	0.017620
49	A	1601	176066	174817	0.009158	19	0	176066	0	0	0	nan	0	0	0	0	0	0	nan	0	0	0	0.009158	0.000229	0.009158	0.000229	0.796417	0.019915
50	A	0	176068	175276	0.000000	19	0	176068	0	0	0	nan	0	0	0	0	0	0	nan	0	0	0	0.000000	0.000000	0.000000	0.000000	0.000000	0.000000
51	U	0	176068	125	0.000000	12	0	176068	0	0	0	nan	0	0	0	0	0	0	nan	0	0	0	0.000000	0.000000	nan	nan	nan	nan
52	C	0	176068	126	0.000000	12	0	176068	0	0	0	nan	0	0	0	0	0	0	nan	0	0	0	0.000000	0.000000	nan	nan	nan	nan
53	C	0	176066	128	0.000000	12	0	176066	0	0	0	nan	0	0	0	0	0	0	nan	0	0	0	0.000000	0.000000	nan	nan	nan	nan
54	a	0	175918	0	nan	12	0	175918	0	0	0	nan	0	0	0	0	0	0	nan	0	0	0	nan	nan	nan	nan	nan	nan
55	c	0	175918	0	nan	12	0	175918	0	0	0	nan	0	0	0	0	0	0	nan	0	0	0	nan	nan	nan	nan	nan	nan
56	u	0	175914	0	nan	12	0	175914	0	0	0	nan	0	0	0	0	0	0	nan	0	0	0	nan	nan	nan	nan	nan	nan
57	a	0	175908	0	nan	12	0	175908	0	0	0	nan	0	0	0	0	0	0	nan	0	0	0	nan	nan	nan	nan	nan	nan
58	a	0	175908	0	nan	12	0	175908	0	0	0	nan	0	0	0	0	0	0	nan	0	0	0	nan	nan	nan	nan	nan	nan
59	c	0	175908	0	nan	5	0	175908	0	0	0	nan	0	0	0	0	0	0	nan	0	0	0	nan	nan	nan	nan	nan	nan
60	c	0	175908	0	nan	4	0	175908	0	0	0	nan	0	0	0	0	0	0	nan	0	0	0	nan	nan	nan	nan	nan	nan
61	u	0	175908	0	nan	0	0	175908	0	0	0	nan	0	0	0	0	0	0	nan	0	0	0	nan	nan	nan	nan	nan	nan
62	c	0	175908	0	nan	0	0	175908	0	0	0	nan	0	0	0	0	0	0	nan	0	0	0	nan	nan	nan	nan	nan	nan
63	a	0	175908	0	nan	0	0	175908	0	0	0	nan	0	0	0	0	0	0	nan	0	0	0	nan	nan	nan	nan	nan	nan
64	c	0	175907	0	nan	0	0	175907	0	0	0	nan	0	0	0	0	0	0	nan	0	0	0	nan	nan	nan	nan	nan	nan
65	u	0	175907	0	nan	0	0	175907	0	0	0	nan	0	0	0	0	0	0	nan	0	0	0	nan	nan	nan	nan	nan	nan
66	c	0	175907	0	nan	0	0	175907	0	0	0	nan	0	0	0	0	0	0	nan	0	0	0	nan	nan	nan	nan	nan	nan
67	a	0	175906	0	nan	0	0	175906	0	0	0	nan	0	0	0	0	0	0	nan	0	0	0	nan	nan	nan	nan	nan	nan
68	c	0	175901	0	nan	0	0	175901	0	0	0	nan	0	0	0	0	0	0	nan	0	0	0	nan	nan	nan	nan	nan	nan
69	a	0	175892	0	nan	0	0	175892	0	0	0	nan	0	0	0	0	0	0	nan	0	0	0	nan	nan	nan	nan	nan	nan
70	a	0	175834	0	nan	0	0	175834	0	0	0	nan	0	0	0	0	0	0	nan	0	0	0	nan	nan	nan	nan	nan	nan
71	u	0	175756	0	nan	0	0	175756	0	0	0	nan	0	0	0	0	0	0	nan	0	0	0	nan	nan	nan	nan	nan	nan
72	c	0	175520	0	nan	0	0	175520	0	0	0	nan	0	0	0	0	0	0	nan	0	0	0	nan	nan	nan	nan	nan	nan