Nucleotide	Sequence	Modified_mutations	Modified_read_depth	Modified_effective_depth	Modified_rate	Modified_off_target_mapped_depth	Modified_low_mapq_mapped_depth	Modified_primer_pair_1_mapped_depth	Untreated_mutations	Untreated_read_depth	Untreated_effective_depth	Untreated_rate	Untreated_off_target_mapped_depth	Untreated_low_mapq_mapped_depth	Untreated_primer_pair_1_mapped_depth	Denatured_mutations	Denatured_read_depth	Denatured_effective_depth	Denatured_rate	Denatured_off_target_mapped_depth	Denatured_low_mapq_mapped_depth	Denatured_primer_pair_1_mapped_depth	Reactivity_profile	Std_err	HQ_profile	HQ_stderr	Norm_profile	Norm_stderr
1	g	0	46593	0	nan	0	1	46593	0	0	0	nan	0	0	0	0	0	0	nan	0	0	0	nan	nan	nan	nan	nan	nan
2	g	0	46623	0	nan	0	1	46623	0	0	0	nan	0	0	0	0	0	0	nan	0	0	0	nan	nan	nan	nan	nan	nan
3	u	0	46643	0	nan	0	1	46643	0	0	0	nan	0	0	0	0	0	0	nan	0	0	0	nan	nan	nan	nan	nan	nan
4	g	0	46652	0	nan	0	1	46652	0	0	0	nan	0	0	0	0	0	0	nan	0	0	0	nan	nan	nan	nan	nan	nan
5	u	0	46665	0	nan	0	1	46665	0	0	0	nan	0	0	0	0	0	0	nan	0	0	0	nan	nan	nan	nan	nan	nan
6	a	0	46691	0	nan	0	1	46691	0	0	0	nan	0	0	0	0	0	0	nan	0	0	0	nan	nan	nan	nan	nan	nan
7	a	0	46729	0	nan	0	1	46729	0	0	0	nan	0	0	0	0	0	0	nan	0	0	0	nan	nan	nan	nan	nan	nan
8	g	0	46841	0	nan	0	1	46841	0	0	0	nan	0	0	0	0	0	0	nan	0	0	0	nan	nan	nan	nan	nan	nan
9	g	0	48496	0	nan	0	1	48496	0	0	0	nan	0	0	0	0	0	0	nan	0	0	0	nan	nan	nan	nan	nan	nan
10	g	0	197014	0	nan	0	1	197014	0	0	0	nan	0	0	0	0	0	0	nan	0	0	0	nan	nan	nan	nan	nan	nan
11	u	0	205539	0	nan	0	1	205539	0	0	0	nan	0	0	0	0	0	0	nan	0	0	0	nan	nan	nan	nan	nan	nan
12	g	0	205879	0	nan	0	1	205879	0	0	0	nan	0	0	0	0	0	0	nan	0	0	0	nan	nan	nan	nan	nan	nan
13	a	0	205936	0	nan	0	1	205936	0	0	0	nan	0	0	0	0	0	0	nan	0	0	0	nan	nan	nan	nan	nan	nan
14	a	0	205951	0	nan	0	1	205951	0	0	0	nan	0	0	0	0	0	0	nan	0	0	0	nan	nan	nan	nan	nan	nan
15	g	0	205994	0	nan	7	1	205994	0	0	0	nan	0	0	0	0	0	0	nan	0	0	0	nan	nan	nan	nan	nan	nan
16	u	0	206005	0	nan	7	1	206005	0	0	0	nan	0	0	0	0	0	0	nan	0	0	0	nan	nan	nan	nan	nan	nan
17	g	0	206023	0	nan	7	1	206023	0	0	0	nan	0	0	0	0	0	0	nan	0	0	0	nan	nan	nan	nan	nan	nan
18	u	0	206031	0	nan	7	1	206031	0	0	0	nan	0	0	0	0	0	0	nan	0	0	0	nan	nan	nan	nan	nan	nan
19	a	0	206122	0	nan	7	1	206122	0	0	0	nan	0	0	0	0	0	0	nan	0	0	0	nan	nan	nan	nan	nan	nan
20	A	0	206154	14	0.000000	7	1	206154	0	0	0	nan	0	0	0	0	0	0	nan	0	0	0	0.000000	0.000000	nan	nan	nan	nan
21	G	0	206231	44	0.000000	7	1	206231	0	0	0	nan	0	0	0	0	0	0	nan	0	0	0	0.000000	0.000000	nan	nan	nan	nan
22	G	0	206246	46	0.000000	7	1	206246	0	0	0	nan	0	0	0	0	0	0	nan	0	0	0	0.000000	0.000000	nan	nan	nan	nan
23	U	0	206259	203468	0.000000	7	1	206259	0	0	0	nan	0	0	0	0	0	0	nan	0	0	0	0.000000	0.000000	0.000000	0.000000	nan	nan
24	U	233	206260	203611	0.001144	7	1	206260	0	0	0	nan	0	0	0	0	0	0	nan	0	0	0	0.001144	0.000075	0.001144	0.000075	nan	nan
25	G	259	206262	202755	0.001277	7	1	206262	0	0	0	nan	0	0	0	0	0	0	nan	0	0	0	0.001277	0.000079	0.001277	0.000079	nan	nan
26	A	939	206262	198835	0.004723	7	1	206232	0	0	0	nan	0	0	0	0	0	0	nan	0	0	0	0.004723	0.000154	0.004723	0.000154	0.554799	0.018090
27	C	6789	206274	198173	0.034258	7	1	206236	0	0	0	nan	0	0	0	0	0	0	nan	0	0	0	0.034258	0.000416	0.034258	0.000416	1.904545	0.023127
28	C	341	206289	198620	0.001717	7	1	206251	0	0	0	nan	0	0	0	0	0	0	nan	0	0	0	0.001717	0.000093	0.001717	0.000093	0.095455	0.005170
29	U	145	206332	201603	0.000719	7	1	206299	0	0	0	nan	0	0	0	0	0	0	nan	0	0	0	0.000719	0.000060	0.000719	0.000060	nan	nan
30	U	218	206347	202361	0.001077	7	1	206317	0	0	0	nan	0	0	0	0	0	0	nan	0	0	0	0.001077	0.000073	0.001077	0.000073	nan	nan
31	U	214	206372	203029	0.001054	7	1	206346	0	0	0	nan	0	0	0	0	0	0	nan	0	0	0	0.001054	0.000072	0.001054	0.000072	nan	nan
32	U	215	206422	203891	0.001054	7	1	206397	0	0	0	nan	0	0	0	0	0	0	nan	0	0	0	0.001054	0.000072	0.001054	0.000072	nan	nan
33	G	148	206450	202150	0.000732	7	1	206426	0	0	0	nan	0	0	0	0	0	0	nan	0	0	0	0.000732	0.000060	0.000732	0.000060	nan	nan
34	A	1309	206472	202843	0.006453	7	1	206448	0	0	0	nan	0	0	0	0	0	0	nan	0	0	0	0.006453	0.000178	0.006453	0.000178	0.758017	0.020909
35	A	1129	206490	201928	0.005591	7	1	206467	0	0	0	nan	0	0	0	0	0	0	nan	0	0	0	0.005591	0.000166	0.005591	0.000166	0.656760	0.019500
36	U	147	206502	199602	0.000736	7	1	206480	0	0	0	nan	0	0	0	0	0	0	nan	0	0	0	0.000736	0.000061	0.000736	0.000061	nan	nan
37	A	20289	206513	199330	0.101786	7	2	206491	0	0	0	nan	0	0	0	0	0	0	nan	0	0	0	0.101786	0.000715	0.101786	0.000715	11.956537	0.083989
38	G	327	206548	197652	0.001654	7	2	206528	0	0	0	nan	0	0	0	0	0	0	nan	0	0	0	0.001654	0.000091	0.001654	0.000091	nan	nan
39	U	349	206555	203172	0.001718	7	3	206535	0	0	0	nan	0	0	0	0	0	0	nan	0	0	0	0.001718	0.000092	0.001718	0.000092	nan	nan
40	G	468	206577	201632	0.002321	7	3	206561	0	0	0	nan	0	0	0	0	0	0	nan	0	0	0	0.002321	0.000107	0.002321	0.000107	nan	nan
41	A	3929	206591	202986	0.019356	7	3	206576	0	0	0	nan	0	0	0	0	0	0	nan	0	0	0	0.019356	0.000309	0.019356	0.000309	2.273699	0.036297
42	U	349	206618	202445	0.001724	7	3	206607	0	0	0	nan	0	0	0	0	0	0	nan	0	0	0	0.001724	0.000092	0.001724	0.000092	nan	nan
43	U	269	206640	202703	0.001327	7	3	206630	0	0	0	nan	0	0	0	0	0	0	nan	0	0	0	0.001327	0.000081	0.001327	0.000081	nan	nan
44	C	257	206655	202859	0.001267	7	3	206646	0	0	0	nan	0	0	0	0	0	0	nan	0	0	0	0.001267	0.000079	0.001267	0.000079	0.070438	0.004392
45	A	1094	206678	203584	0.005374	7	3	206671	0	0	0	nan	0	0	0	0	0	0	nan	0	0	0	0.005374	0.000162	0.005374	0.000162	0.631270	0.019030
46	G	167	206709	204229	0.000818	7	3	206703	0	0	0	nan	0	0	0	0	0	0	nan	0	0	0	0.000818	0.000063	0.000818	0.000063	nan	nan
47	G	163	206716	203824	0.000800	7	3	206710	0	0	0	nan	0	0	0	0	0	0	nan	0	0	0	0.000800	0.000063	0.000800	0.000063	nan	nan
48	A	547	206717	204253	0.002678	7	3	206710	0	0	0	nan	0	0	0	0	0	0	nan	0	0	0	0.002678	0.000115	0.002678	0.000115	0.314578	0.013509
49	G	268	206759	202851	0.001321	7	3	206756	0	0	0	nan	0	0	0	0	0	0	nan	0	0	0	0.001321	0.000081	0.001321	0.000081	nan	nan
50	G	213	206766	202470	0.001052	7	3	206763	0	0	0	nan	0	0	0	0	0	0	nan	0	0	0	0.001052	0.000072	0.001052	0.000072	nan	nan
51	U	164	206776	203719	0.000805	7	3	206774	0	0	0	nan	0	0	0	0	0	0	nan	0	0	0	0.000805	0.000063	0.000805	0.000063	nan	nan
52	U	166	206781	203351	0.000816	7	3	206780	0	0	0	nan	0	0	0	0	0	0	nan	0	0	0	0.000816	0.000063	0.000816	0.000063	nan	nan
53	A	1500	206781	203957	0.007354	7	3	206781	0	0	0	nan	0	0	0	0	0	0	nan	0	0	0	0.007354	0.000190	0.007354	0.000190	0.863855	0.022319
54	A	1736	206773	203921	0.008513	7	3	206772	0	0	0	nan	0	0	0	0	0	0	nan	0	0	0	0.008513	0.000204	0.008513	0.000204	1.000000	0.023963
55	U	325	206776	204310	0.001591	7	3	206775	0	0	0	nan	0	0	0	0	0	0	nan	0	0	0	0.001591	0.000088	0.001591	0.000088	nan	nan
56	G	271	206778	203562	0.001331	7	3	206777	0	0	0	nan	0	0	0	0	0	0	nan	0	0	0	0.001331	0.000081	0.001331	0.000081	nan	nan
57	G	0	206779	202017	0.000000	7	3	206779	0	0	0	nan	0	0	0	0	0	0	nan	0	0	0	0.000000	0.000000	0.000000	0.000000	nan	nan
58	A	0	206780	0	nan	7	3	206780	0	0	0	nan	0	0	0	0	0	0	nan	0	0	0	nan	nan	nan	nan	nan	nan
59	A	0	206780	0	nan	7	3	206780	0	0	0	nan	0	0	0	0	0	0	nan	0	0	0	nan	nan	nan	nan	nan	nan
60	G	0	206780	0	nan	7	3	206780	0	0	0	nan	0	0	0	0	0	0	nan	0	0	0	nan	nan	nan	nan	nan	nan
61	u	0	206780	0	nan	7	3	206780	0	0	0	nan	0	0	0	0	0	0	nan	0	0	0	nan	nan	nan	nan	nan	nan
62	a	0	206780	0	nan	7	3	206780	0	0	0	nan	0	0	0	0	0	0	nan	0	0	0	nan	nan	nan	nan	nan	nan
63	a	0	206780	0	nan	7	3	206780	0	0	0	nan	0	0	0	0	0	0	nan	0	0	0	nan	nan	nan	nan	nan	nan
64	a	0	206780	0	nan	7	3	206780	0	0	0	nan	0	0	0	0	0	0	nan	0	0	0	nan	nan	nan	nan	nan	nan
65	g	0	206780	0	nan	7	3	206780	0	0	0	nan	0	0	0	0	0	0	nan	0	0	0	nan	nan	nan	nan	nan	nan
66	g	0	206780	0	nan	7	3	206780	0	0	0	nan	0	0	0	0	0	0	nan	0	0	0	nan	nan	nan	nan	nan	nan
67	u	0	206780	0	nan	7	3	206780	0	0	0	nan	0	0	0	0	0	0	nan	0	0	0	nan	nan	nan	nan	nan	nan
68	a	0	206780	0	nan	7	3	206780	0	0	0	nan	0	0	0	0	0	0	nan	0	0	0	nan	nan	nan	nan	nan	nan
69	a	0	206780	0	nan	7	3	206780	0	0	0	nan	0	0	0	0	0	0	nan	0	0	0	nan	nan	nan	nan	nan	nan
70	u	0	206780	0	nan	7	3	206780	0	0	0	nan	0	0	0	0	0	0	nan	0	0	0	nan	nan	nan	nan	nan	nan
71	g	0	206780	0	nan	7	3	206780	0	0	0	nan	0	0	0	0	0	0	nan	0	0	0	nan	nan	nan	nan	nan	nan
72	a	0	206780	0	nan	7	3	206780	0	0	0	nan	0	0	0	0	0	0	nan	0	0	0	nan	nan	nan	nan	nan	nan
73	a	0	206780	0	nan	7	3	206780	0	0	0	nan	0	0	0	0	0	0	nan	0	0	0	nan	nan	nan	nan	nan	nan
74	g	0	206780	0	nan	7	3	206780	0	0	0	nan	0	0	0	0	0	0	nan	0	0	0	nan	nan	nan	nan	nan	nan
75	g	0	206779	0	nan	7	3	206779	0	0	0	nan	0	0	0	0	0	0	nan	0	0	0	nan	nan	nan	nan	nan	nan
76	u	0	206778	0	nan	7	3	206778	0	0	0	nan	0	0	0	0	0	0	nan	0	0	0	nan	nan	nan	nan	nan	nan
77	g	0	206777	0	nan	7	3	206777	0	0	0	nan	0	0	0	0	0	0	nan	0	0	0	nan	nan	nan	nan	nan	nan
78	a	0	206774	0	nan	7	3	206774	0	0	0	nan	0	0	0	0	0	0	nan	0	0	0	nan	nan	nan	nan	nan	nan
79	a	0	206723	0	nan	7	3	206723	0	0	0	nan	0	0	0	0	0	0	nan	0	0	0	nan	nan	nan	nan	nan	nan
80	g	0	206656	0	nan	7	3	206656	0	0	0	nan	0	0	0	0	0	0	nan	0	0	0	nan	nan	nan	nan	nan	nan