Nucleotide	Sequence	Modified_mutations	Modified_read_depth	Modified_effective_depth	Modified_rate	Modified_off_target_mapped_depth	Modified_low_mapq_mapped_depth	Modified_primer_pair_1_mapped_depth	Untreated_mutations	Untreated_read_depth	Untreated_effective_depth	Untreated_rate	Untreated_off_target_mapped_depth	Untreated_low_mapq_mapped_depth	Untreated_primer_pair_1_mapped_depth	Denatured_mutations	Denatured_read_depth	Denatured_effective_depth	Denatured_rate	Denatured_off_target_mapped_depth	Denatured_low_mapq_mapped_depth	Denatured_primer_pair_1_mapped_depth	Reactivity_profile	Std_err	HQ_profile	HQ_stderr	Norm_profile	Norm_stderr
1	g	0	63422	0	nan	3	5	63422	0	0	0	nan	0	0	0	0	0	0	nan	0	0	0	nan	nan	nan	nan	nan	nan
2	g	0	63465	0	nan	3	5	63465	0	0	0	nan	0	0	0	0	0	0	nan	0	0	0	nan	nan	nan	nan	nan	nan
3	u	0	63495	0	nan	3	5	63495	0	0	0	nan	0	0	0	0	0	0	nan	0	0	0	nan	nan	nan	nan	nan	nan
4	g	0	63519	0	nan	3	5	63519	0	0	0	nan	0	0	0	0	0	0	nan	0	0	0	nan	nan	nan	nan	nan	nan
5	u	0	63547	0	nan	3	5	63547	0	0	0	nan	0	0	0	0	0	0	nan	0	0	0	nan	nan	nan	nan	nan	nan
6	a	0	63584	0	nan	3	5	63584	0	0	0	nan	0	0	0	0	0	0	nan	0	0	0	nan	nan	nan	nan	nan	nan
7	a	0	63659	0	nan	3	5	63659	0	0	0	nan	0	0	0	0	0	0	nan	0	0	0	nan	nan	nan	nan	nan	nan
8	g	0	63847	0	nan	3	5	63847	0	0	0	nan	0	0	0	0	0	0	nan	0	0	0	nan	nan	nan	nan	nan	nan
9	g	0	66157	0	nan	3	5	66157	0	0	0	nan	0	0	0	0	0	0	nan	0	0	0	nan	nan	nan	nan	nan	nan
10	g	0	260562	0	nan	3	5	260562	0	0	0	nan	0	0	0	0	0	0	nan	0	0	0	nan	nan	nan	nan	nan	nan
11	u	0	273931	0	nan	3	5	273931	0	0	0	nan	0	0	0	0	0	0	nan	0	0	0	nan	nan	nan	nan	nan	nan
12	g	0	274584	0	nan	3	5	274584	0	0	0	nan	0	0	0	0	0	0	nan	0	0	0	nan	nan	nan	nan	nan	nan
13	a	0	274653	0	nan	3	5	274653	0	0	0	nan	0	0	0	0	0	0	nan	0	0	0	nan	nan	nan	nan	nan	nan
14	a	0	274678	0	nan	3	5	274678	0	0	0	nan	0	0	0	0	0	0	nan	0	0	0	nan	nan	nan	nan	nan	nan
15	g	0	274711	0	nan	7	5	274711	0	0	0	nan	0	0	0	0	0	0	nan	0	0	0	nan	nan	nan	nan	nan	nan
16	u	0	274726	0	nan	7	5	274726	0	0	0	nan	0	0	0	0	0	0	nan	0	0	0	nan	nan	nan	nan	nan	nan
17	g	0	274755	0	nan	7	5	274755	0	0	0	nan	0	0	0	0	0	0	nan	0	0	0	nan	nan	nan	nan	nan	nan
18	u	0	274766	0	nan	7	5	274766	0	0	0	nan	0	0	0	0	0	0	nan	0	0	0	nan	nan	nan	nan	nan	nan
19	a	0	274864	0	nan	7	5	274864	0	0	0	nan	0	0	0	0	0	0	nan	0	0	0	nan	nan	nan	nan	nan	nan
20	A	0	274922	22	0.000000	7	5	274922	0	0	0	nan	0	0	0	0	0	0	nan	0	0	0	0.000000	0.000000	nan	nan	nan	nan
21	G	0	275000	58	0.000000	7	5	275000	0	0	0	nan	0	0	0	0	0	0	nan	0	0	0	0.000000	0.000000	nan	nan	nan	nan
22	G	0	275021	60	0.000000	7	5	275021	0	0	0	nan	0	0	0	0	0	0	nan	0	0	0	0.000000	0.000000	nan	nan	nan	nan
23	U	0	275030	271715	0.000000	7	5	275030	0	0	0	nan	0	0	0	0	0	0	nan	0	0	0	0.000000	0.000000	0.000000	0.000000	nan	nan
24	U	384	275037	271613	0.001414	7	5	275037	0	0	0	nan	0	0	0	0	0	0	nan	0	0	0	0.001414	0.000072	0.001414	0.000072	nan	nan
25	G	526	275043	269466	0.001952	7	5	275043	0	0	0	nan	0	0	0	0	0	0	nan	0	0	0	0.001952	0.000085	0.001952	0.000085	0.842832	0.036701
26	A	6482	275035	264128	0.024541	7	2	274982	0	0	0	nan	0	0	0	0	0	0	nan	0	0	0	0.024541	0.000305	0.024541	0.000305	0.803938	0.009991
27	C	12916	275056	262805	0.049147	7	2	274992	0	0	0	nan	0	0	0	0	0	0	nan	0	0	0	0.049147	0.000432	0.049147	0.000432	1.289237	0.011332
28	C	4242	275076	264467	0.016040	7	2	275017	0	0	0	nan	0	0	0	0	0	0	nan	0	0	0	0.016040	0.000246	0.016040	0.000246	0.420765	0.006453
29	U	182	275162	268586	0.000678	7	2	275112	0	0	0	nan	0	0	0	0	0	0	nan	0	0	0	0.000678	0.000050	0.000678	0.000050	nan	nan
30	U	266	275198	269653	0.000986	7	2	275150	0	0	0	nan	0	0	0	0	0	0	nan	0	0	0	0.000986	0.000060	0.000986	0.000060	nan	nan
31	U	371	275213	270555	0.001371	6	2	275167	0	0	0	nan	0	0	0	0	0	0	nan	0	0	0	0.001371	0.000071	0.001371	0.000071	nan	nan
32	U	255	275273	271625	0.000939	5	2	275232	0	0	0	nan	0	0	0	0	0	0	nan	0	0	0	0.000939	0.000059	0.000939	0.000059	nan	nan
33	G	667	275314	269169	0.002478	5	2	275273	0	0	0	nan	0	0	0	0	0	0	nan	0	0	0	0.002478	0.000096	0.002478	0.000096	1.069948	0.041451
34	A	6195	275342	268661	0.023059	5	2	275301	0	0	0	nan	0	0	0	0	0	0	nan	0	0	0	0.023059	0.000293	0.023059	0.000293	0.755389	0.009598
35	A	5337	275368	267469	0.019954	5	2	275326	0	0	0	nan	0	0	0	0	0	0	nan	0	0	0	0.019954	0.000273	0.019954	0.000273	0.653672	0.008943
36	U	251	275382	266330	0.000942	5	2	275341	0	0	0	nan	0	0	0	0	0	0	nan	0	0	0	0.000942	0.000059	0.000942	0.000059	nan	nan
37	A	13956	275405	267122	0.052246	5	2	275365	0	0	0	nan	0	0	0	0	0	0	nan	0	0	0	0.052246	0.000442	0.052246	0.000442	1.711525	0.014479
38	G	455	275444	265654	0.001713	5	3	275405	0	0	0	nan	0	0	0	0	0	0	nan	0	0	0	0.001713	0.000080	0.001713	0.000080	0.739637	0.034542
39	U	424	275456	270600	0.001567	5	3	275419	0	0	0	nan	0	0	0	0	0	0	nan	0	0	0	0.001567	0.000076	0.001567	0.000076	nan	nan
40	G	621	275490	268105	0.002316	5	4	275458	0	0	0	nan	0	0	0	0	0	0	nan	0	0	0	0.002316	0.000093	0.002316	0.000093	1.000000	0.040155
41	A	8224	275519	269409	0.030526	5	4	275489	0	0	0	nan	0	0	0	0	0	0	nan	0	0	0	0.030526	0.000337	0.030526	0.000337	1.000000	0.011040
42	U	390	275578	268630	0.001452	4	4	275549	0	0	0	nan	0	0	0	0	0	0	nan	0	0	0	0.001452	0.000074	0.001452	0.000074	nan	nan
43	U	377	275618	269044	0.001401	4	6	275591	0	0	0	nan	0	0	0	0	0	0	nan	0	0	0	0.001401	0.000072	0.001401	0.000072	nan	nan
44	C	7260	275637	267942	0.027095	4	6	275610	0	0	0	nan	0	0	0	0	0	0	nan	0	0	0	0.027095	0.000318	0.027095	0.000318	0.710763	0.008342
45	A	6765	275667	268872	0.025161	4	6	275645	0	0	0	nan	0	0	0	0	0	0	nan	0	0	0	0.025161	0.000306	0.025161	0.000306	0.824248	0.010024
46	G	582	275709	270108	0.002155	4	6	275692	0	0	0	nan	0	0	0	0	0	0	nan	0	0	0	0.002155	0.000089	0.002155	0.000089	0.930484	0.038428
47	G	317	275722	269950	0.001174	4	6	275706	0	0	0	nan	0	0	0	0	0	0	nan	0	0	0	0.001174	0.000066	0.001174	0.000066	0.506908	0.028497
48	A	5699	275727	270721	0.021051	4	6	275711	0	0	0	nan	0	0	0	0	0	0	nan	0	0	0	0.021051	0.000279	0.021051	0.000279	0.689609	0.009140
49	G	1307	275808	269917	0.004842	4	6	275801	0	0	0	nan	0	0	0	0	0	0	nan	0	0	0	0.004842	0.000134	0.004842	0.000134	2.090674	0.057858
50	G	334	275826	270064	0.001237	4	6	275821	0	0	0	nan	0	0	0	0	0	0	nan	0	0	0	0.001237	0.000068	0.001237	0.000068	0.534111	0.029361
51	U	253	275832	271062	0.000933	4	6	275828	0	0	0	nan	0	0	0	0	0	0	nan	0	0	0	0.000933	0.000059	0.000933	0.000059	nan	nan
52	U	349	275836	269860	0.001293	4	6	275832	0	0	0	nan	0	0	0	0	0	0	nan	0	0	0	0.001293	0.000069	0.001293	0.000069	nan	nan
53	A	8454	275837	270140	0.031295	4	6	275833	0	0	0	nan	0	0	0	0	0	0	nan	0	0	0	0.031295	0.000340	0.031295	0.000340	1.025192	0.011138
54	A	7401	275830	270688	0.027341	4	6	275826	0	0	0	nan	0	0	0	0	0	0	nan	0	0	0	0.027341	0.000318	0.027341	0.000318	0.895663	0.010417
55	U	495	275834	271850	0.001821	4	6	275830	0	0	0	nan	0	0	0	0	0	0	nan	0	0	0	0.001821	0.000082	0.001821	0.000082	nan	nan
56	G	570	275838	272156	0.002094	4	6	275836	0	0	0	nan	0	0	0	0	0	0	nan	0	0	0	0.002094	0.000088	0.002094	0.000088	0.904145	0.037997
57	G	0	275839	270159	0.000000	4	6	275838	0	0	0	nan	0	0	0	0	0	0	nan	0	0	0	0.000000	0.000000	0.000000	0.000000	0.000000	0.000000
58	A	0	275839	0	nan	4	6	275839	0	0	0	nan	0	0	0	0	0	0	nan	0	0	0	nan	nan	nan	nan	nan	nan
59	A	0	275839	0	nan	4	6	275839	0	0	0	nan	0	0	0	0	0	0	nan	0	0	0	nan	nan	nan	nan	nan	nan
60	G	0	275839	0	nan	4	6	275839	0	0	0	nan	0	0	0	0	0	0	nan	0	0	0	nan	nan	nan	nan	nan	nan
61	u	0	275839	0	nan	4	6	275839	0	0	0	nan	0	0	0	0	0	0	nan	0	0	0	nan	nan	nan	nan	nan	nan
62	a	0	275839	0	nan	4	6	275839	0	0	0	nan	0	0	0	0	0	0	nan	0	0	0	nan	nan	nan	nan	nan	nan
63	a	0	275839	0	nan	4	6	275839	0	0	0	nan	0	0	0	0	0	0	nan	0	0	0	nan	nan	nan	nan	nan	nan
64	a	0	275839	0	nan	4	6	275839	0	0	0	nan	0	0	0	0	0	0	nan	0	0	0	nan	nan	nan	nan	nan	nan
65	g	0	275839	0	nan	4	6	275839	0	0	0	nan	0	0	0	0	0	0	nan	0	0	0	nan	nan	nan	nan	nan	nan
66	g	0	275839	0	nan	4	6	275839	0	0	0	nan	0	0	0	0	0	0	nan	0	0	0	nan	nan	nan	nan	nan	nan
67	u	0	275839	0	nan	4	6	275839	0	0	0	nan	0	0	0	0	0	0	nan	0	0	0	nan	nan	nan	nan	nan	nan
68	a	0	275839	0	nan	4	6	275839	0	0	0	nan	0	0	0	0	0	0	nan	0	0	0	nan	nan	nan	nan	nan	nan
69	a	0	275839	0	nan	4	6	275839	0	0	0	nan	0	0	0	0	0	0	nan	0	0	0	nan	nan	nan	nan	nan	nan
70	u	0	275839	0	nan	4	6	275839	0	0	0	nan	0	0	0	0	0	0	nan	0	0	0	nan	nan	nan	nan	nan	nan
71	g	0	275839	0	nan	4	6	275839	0	0	0	nan	0	0	0	0	0	0	nan	0	0	0	nan	nan	nan	nan	nan	nan
72	a	0	275839	0	nan	4	6	275839	0	0	0	nan	0	0	0	0	0	0	nan	0	0	0	nan	nan	nan	nan	nan	nan
73	a	0	275839	0	nan	4	6	275839	0	0	0	nan	0	0	0	0	0	0	nan	0	0	0	nan	nan	nan	nan	nan	nan
74	g	0	275839	0	nan	4	6	275839	0	0	0	nan	0	0	0	0	0	0	nan	0	0	0	nan	nan	nan	nan	nan	nan
75	g	0	275837	0	nan	4	6	275837	0	0	0	nan	0	0	0	0	0	0	nan	0	0	0	nan	nan	nan	nan	nan	nan
76	u	0	275831	0	nan	4	6	275831	0	0	0	nan	0	0	0	0	0	0	nan	0	0	0	nan	nan	nan	nan	nan	nan
77	g	0	275825	0	nan	4	6	275825	0	0	0	nan	0	0	0	0	0	0	nan	0	0	0	nan	nan	nan	nan	nan	nan
78	a	0	275823	0	nan	4	6	275823	0	0	0	nan	0	0	0	0	0	0	nan	0	0	0	nan	nan	nan	nan	nan	nan
79	a	0	275769	0	nan	4	6	275769	0	0	0	nan	0	0	0	0	0	0	nan	0	0	0	nan	nan	nan	nan	nan	nan
80	g	0	275646	0	nan	4	6	275646	0	0	0	nan	0	0	0	0	0	0	nan	0	0	0	nan	nan	nan	nan	nan	nan