Nucleotide	Sequence	Modified_mutations	Modified_read_depth	Modified_effective_depth	Modified_rate	Modified_off_target_mapped_depth	Modified_low_mapq_mapped_depth	Modified_primer_pair_1_mapped_depth	Untreated_mutations	Untreated_read_depth	Untreated_effective_depth	Untreated_rate	Untreated_off_target_mapped_depth	Untreated_low_mapq_mapped_depth	Untreated_primer_pair_1_mapped_depth	Denatured_mutations	Denatured_read_depth	Denatured_effective_depth	Denatured_rate	Denatured_off_target_mapped_depth	Denatured_low_mapq_mapped_depth	Denatured_primer_pair_1_mapped_depth	Reactivity_profile	Std_err	HQ_profile	HQ_stderr	Norm_profile	Norm_stderr
1	g	0	266840	0	nan	27	1	266840	0	0	0	nan	0	0	0	0	0	0	nan	0	0	0	nan	nan	nan	nan	nan	nan
2	g	0	267405	0	nan	28	1	267405	0	0	0	nan	0	0	0	0	0	0	nan	0	0	0	nan	nan	nan	nan	nan	nan
3	c	0	267549	0	nan	28	1	267549	0	0	0	nan	0	0	0	0	0	0	nan	0	0	0	nan	nan	nan	nan	nan	nan
4	a	0	272280	0	nan	74	1	272280	0	0	0	nan	0	0	0	0	0	0	nan	0	0	0	nan	nan	nan	nan	nan	nan
5	c	0	272374	0	nan	74	1	272374	0	0	0	nan	0	0	0	0	0	0	nan	0	0	0	nan	nan	nan	nan	nan	nan
6	c	0	272396	0	nan	74	1	272396	0	0	0	nan	0	0	0	0	0	0	nan	0	0	0	nan	nan	nan	nan	nan	nan
7	u	0	272398	0	nan	74	1	272398	0	0	0	nan	0	0	0	0	0	0	nan	0	0	0	nan	nan	nan	nan	nan	nan
8	c	0	272401	0	nan	74	1	272401	0	0	0	nan	0	0	0	0	0	0	nan	0	0	0	nan	nan	nan	nan	nan	nan
9	a	0	272402	0	nan	74	1	272402	0	0	0	nan	0	0	0	0	0	0	nan	0	0	0	nan	nan	nan	nan	nan	nan
10	u	0	272440	0	nan	74	1	272440	0	0	0	nan	0	0	0	0	0	0	nan	0	0	0	nan	nan	nan	nan	nan	nan
11	a	0	272463	0	nan	74	1	272463	0	0	0	nan	0	0	0	0	0	0	nan	0	0	0	nan	nan	nan	nan	nan	nan
12	a	0	272470	0	nan	74	1	272470	0	0	0	nan	0	0	0	0	0	0	nan	0	0	0	nan	nan	nan	nan	nan	nan
13	c	0	272474	0	nan	74	1	272474	0	0	0	nan	0	0	0	0	0	0	nan	0	0	0	nan	nan	nan	nan	nan	nan
14	a	0	272475	0	nan	74	1	272475	0	0	0	nan	0	0	0	0	0	0	nan	0	0	0	nan	nan	nan	nan	nan	nan
15	u	0	272476	0	nan	74	1	272476	0	0	0	nan	0	0	0	0	0	0	nan	0	0	0	nan	nan	nan	nan	nan	nan
16	a	0	272478	0	nan	74	1	272478	0	0	0	nan	0	0	0	0	0	0	nan	0	0	0	nan	nan	nan	nan	nan	nan
17	a	0	272479	0	nan	74	1	272479	0	0	0	nan	0	0	0	0	0	0	nan	0	0	0	nan	nan	nan	nan	nan	nan
18	c	0	272483	0	nan	74	1	272483	0	0	0	nan	0	0	0	0	0	0	nan	0	0	0	nan	nan	nan	nan	nan	nan
19	U	0	272486	1	0.000000	74	1	272486	0	0	0	nan	0	0	0	0	0	0	nan	0	0	0	0.000000	0.000000	nan	nan	nan	nan
20	A	0	272498	9	0.000000	74	1	272498	0	0	0	nan	0	0	0	0	0	0	nan	0	0	0	0.000000	0.000000	nan	nan	nan	nan
21	A	0	272507	16	0.000000	74	1	272507	0	0	0	nan	0	0	0	0	0	0	nan	0	0	0	0.000000	0.000000	nan	nan	nan	nan
22	G	0	272511	270672	0.000000	74	1	272511	0	0	0	nan	0	0	0	0	0	0	nan	0	0	0	0.000000	0.000000	0.000000	0.000000	nan	nan
23	G	107	272511	270373	0.000396	74	1	272511	0	0	0	nan	0	0	0	0	0	0	nan	0	0	0	0.000396	0.000038	0.000396	0.000038	nan	nan
24	C	305	272522	270932	0.001126	74	1	272522	0	0	0	nan	0	0	0	0	0	0	nan	0	0	0	0.001126	0.000064	0.001126	0.000064	nan	nan
25	A	115	272541	271542	0.000424	74	1	272541	0	0	0	nan	0	0	0	0	0	0	nan	0	0	0	0.000424	0.000039	0.000424	0.000039	0.186047	0.017113
26	G	97	272552	271830	0.000357	74	1	272552	0	0	0	nan	0	0	0	0	0	0	nan	0	0	0	0.000357	0.000036	0.000357	0.000036	nan	nan
27	A	123	272565	271848	0.000452	74	1	272565	0	0	0	nan	0	0	0	0	0	0	nan	0	0	0	0.000452	0.000041	0.000452	0.000041	0.198333	0.017990
28	U	321	272570	271506	0.001182	74	1	272569	0	0	0	nan	0	0	0	0	0	0	nan	0	0	0	0.001182	0.000066	0.001182	0.000066	nan	nan
29	C	334	272570	271556	0.001230	74	1	272567	0	0	0	nan	0	0	0	0	0	0	nan	0	0	0	0.001230	0.000067	0.001230	0.000067	nan	nan
30	U	347	272571	271488	0.001278	74	1	272567	0	0	0	nan	0	0	0	0	0	0	nan	0	0	0	0.001278	0.000069	0.001278	0.000069	nan	nan
31	G	108	272573	271526	0.000398	74	1	272566	0	0	0	nan	0	0	0	0	0	0	nan	0	0	0	0.000398	0.000038	0.000398	0.000038	nan	nan
32	A	96	272573	271669	0.000353	74	1	272564	0	0	0	nan	0	0	0	0	0	0	nan	0	0	0	0.000353	0.000036	0.000353	0.000036	0.154892	0.015796
33	G	80	272573	271421	0.000295	74	1	272563	0	0	0	nan	0	0	0	0	0	0	nan	0	0	0	0.000295	0.000033	0.000295	0.000033	nan	nan
34	C	383	272574	267369	0.001432	74	1	272555	0	0	0	nan	0	0	0	0	0	0	nan	0	0	0	0.001432	0.000073	0.001432	0.000073	nan	nan
35	U	593	272572	265672	0.002232	74	1	272535	0	0	0	nan	0	0	0	0	0	0	nan	0	0	0	0.002232	0.000092	0.002232	0.000092	nan	nan
36	U	301	272573	264879	0.001136	74	1	272532	0	0	0	nan	0	0	0	0	0	0	nan	0	0	0	0.001136	0.000065	0.001136	0.000065	nan	nan
37	G	156	272577	268080	0.000582	74	1	272520	0	0	0	nan	0	0	0	0	0	0	nan	0	0	0	0.000582	0.000047	0.000582	0.000047	nan	nan
38	G	177	272577	262552	0.000674	74	1	272523	0	0	0	nan	0	0	0	0	0	0	nan	0	0	0	0.000674	0.000051	0.000674	0.000051	nan	nan
39	G	166	272579	261946	0.000634	74	1	272532	0	0	0	nan	0	0	0	0	0	0	nan	0	0	0	0.000634	0.000049	0.000634	0.000049	nan	nan
40	A	601	272582	263685	0.002279	74	1	272548	0	0	0	nan	0	0	0	0	0	0	nan	0	0	0	0.002279	0.000093	0.002279	0.000093	1.000000	0.040807
41	G	182	272595	270296	0.000673	74	1	272577	0	0	0	nan	0	0	0	0	0	0	nan	0	0	0	0.000673	0.000050	0.000673	0.000050	nan	nan
42	C	258	272601	271507	0.000950	35	1	272590	0	0	0	nan	0	0	0	0	0	0	nan	0	0	0	0.000950	0.000059	0.000950	0.000059	nan	nan
43	U	178	272601	271675	0.000655	35	1	272590	0	0	0	nan	0	0	0	0	0	0	nan	0	0	0	0.000655	0.000049	0.000655	0.000049	nan	nan
44	C	160	272602	271747	0.000589	35	1	272590	0	0	0	nan	0	0	0	0	0	0	nan	0	0	0	0.000589	0.000047	0.000589	0.000047	nan	nan
45	U	261	272603	271901	0.000960	35	1	272594	0	0	0	nan	0	0	0	0	0	0	nan	0	0	0	0.000960	0.000059	0.000960	0.000059	nan	nan
46	C	277	272603	271851	0.001019	35	1	272594	0	0	0	nan	0	0	0	0	0	0	nan	0	0	0	0.001019	0.000061	0.001019	0.000061	nan	nan
47	U	245	272605	271766	0.000902	35	1	272598	0	0	0	nan	0	0	0	0	0	0	nan	0	0	0	0.000902	0.000058	0.000902	0.000058	nan	nan
48	G	126	272608	271215	0.000465	35	1	272603	0	0	0	nan	0	0	0	0	0	0	nan	0	0	0	0.000465	0.000041	0.000465	0.000041	nan	nan
49	C	394	272610	271033	0.001454	35	1	272605	0	0	0	nan	0	0	0	0	0	0	nan	0	0	0	0.001454	0.000073	0.001454	0.000073	nan	nan
50	C	394	272612	271214	0.001453	35	1	272607	0	0	0	nan	0	0	0	0	0	0	nan	0	0	0	0.001453	0.000073	0.001453	0.000073	nan	nan
51	A	120	272614	271586	0.000442	35	1	272613	0	0	0	nan	0	0	0	0	0	0	nan	0	0	0	0.000442	0.000040	0.000442	0.000040	0.193945	0.017552
52	A	0	272613	270921	0.000000	35	1	272613	0	0	0	nan	0	0	0	0	0	0	nan	0	0	0	0.000000	0.000000	0.000000	0.000000	0.000000	0.000000
53	U	0	272604	276	0.000000	30	1	272604	0	0	0	nan	0	0	0	0	0	0	nan	0	0	0	0.000000	0.000000	nan	nan	nan	nan
54	C	0	272271	0	nan	27	1	272271	0	0	0	nan	0	0	0	0	0	0	nan	0	0	0	nan	nan	nan	nan	nan	nan
55	C	0	272271	0	nan	27	1	272271	0	0	0	nan	0	0	0	0	0	0	nan	0	0	0	nan	nan	nan	nan	nan	nan
56	a	0	272271	0	nan	27	1	272271	0	0	0	nan	0	0	0	0	0	0	nan	0	0	0	nan	nan	nan	nan	nan	nan
57	c	0	272271	0	nan	27	1	272271	0	0	0	nan	0	0	0	0	0	0	nan	0	0	0	nan	nan	nan	nan	nan	nan
58	u	0	272271	0	nan	27	1	272271	0	0	0	nan	0	0	0	0	0	0	nan	0	0	0	nan	nan	nan	nan	nan	nan
59	a	0	272271	0	nan	27	1	272271	0	0	0	nan	0	0	0	0	0	0	nan	0	0	0	nan	nan	nan	nan	nan	nan
60	a	0	272271	0	nan	27	1	272271	0	0	0	nan	0	0	0	0	0	0	nan	0	0	0	nan	nan	nan	nan	nan	nan
61	c	0	272271	0	nan	18	1	272271	0	0	0	nan	0	0	0	0	0	0	nan	0	0	0	nan	nan	nan	nan	nan	nan
62	c	0	272271	0	nan	18	1	272271	0	0	0	nan	0	0	0	0	0	0	nan	0	0	0	nan	nan	nan	nan	nan	nan
63	u	0	272271	0	nan	0	1	272271	0	0	0	nan	0	0	0	0	0	0	nan	0	0	0	nan	nan	nan	nan	nan	nan
64	c	0	272271	0	nan	0	1	272271	0	0	0	nan	0	0	0	0	0	0	nan	0	0	0	nan	nan	nan	nan	nan	nan
65	a	0	272271	0	nan	0	1	272271	0	0	0	nan	0	0	0	0	0	0	nan	0	0	0	nan	nan	nan	nan	nan	nan
66	c	0	272266	0	nan	0	1	272266	0	0	0	nan	0	0	0	0	0	0	nan	0	0	0	nan	nan	nan	nan	nan	nan
67	u	0	272266	0	nan	0	1	272266	0	0	0	nan	0	0	0	0	0	0	nan	0	0	0	nan	nan	nan	nan	nan	nan
68	c	0	272266	0	nan	0	1	272266	0	0	0	nan	0	0	0	0	0	0	nan	0	0	0	nan	nan	nan	nan	nan	nan
69	a	0	272266	0	nan	0	1	272266	0	0	0	nan	0	0	0	0	0	0	nan	0	0	0	nan	nan	nan	nan	nan	nan
70	c	0	272260	0	nan	0	1	272260	0	0	0	nan	0	0	0	0	0	0	nan	0	0	0	nan	nan	nan	nan	nan	nan
71	a	0	272257	0	nan	0	1	272257	0	0	0	nan	0	0	0	0	0	0	nan	0	0	0	nan	nan	nan	nan	nan	nan
72	a	0	272189	0	nan	0	1	272189	0	0	0	nan	0	0	0	0	0	0	nan	0	0	0	nan	nan	nan	nan	nan	nan
73	u	0	272048	0	nan	0	1	272048	0	0	0	nan	0	0	0	0	0	0	nan	0	0	0	nan	nan	nan	nan	nan	nan
74	c	0	271655	0	nan	0	1	271655	0	0	0	nan	0	0	0	0	0	0	nan	0	0	0	nan	nan	nan	nan	nan	nan