Nucleotide	Sequence	Modified_mutations	Modified_read_depth	Modified_effective_depth	Modified_rate	Modified_off_target_mapped_depth	Modified_low_mapq_mapped_depth	Modified_primer_pair_1_mapped_depth	Untreated_mutations	Untreated_read_depth	Untreated_effective_depth	Untreated_rate	Untreated_off_target_mapped_depth	Untreated_low_mapq_mapped_depth	Untreated_primer_pair_1_mapped_depth	Denatured_mutations	Denatured_read_depth	Denatured_effective_depth	Denatured_rate	Denatured_off_target_mapped_depth	Denatured_low_mapq_mapped_depth	Denatured_primer_pair_1_mapped_depth	Reactivity_profile	Std_err	HQ_profile	HQ_stderr	Norm_profile	Norm_stderr
1	g	0	6565801	0	nan	29	1468	6565801	0	0	0	nan	0	0	0	0	0	0	nan	0	0	0	nan	nan	nan	nan	nan	nan
2	g	0	6626188	0	nan	29	1520	6626188	0	0	0	nan	0	0	0	0	0	0	nan	0	0	0	nan	nan	nan	nan	nan	nan
3	u	0	6635469	0	nan	29	1540	6635469	0	0	0	nan	0	0	0	0	0	0	nan	0	0	0	nan	nan	nan	nan	nan	nan
4	g	0	6641176	0	nan	29	1569	6641176	0	0	0	nan	0	0	0	0	0	0	nan	0	0	0	nan	nan	nan	nan	nan	nan
5	u	0	6651085	0	nan	29	1580	6651085	0	0	0	nan	0	0	0	0	0	0	nan	0	0	0	nan	nan	nan	nan	nan	nan
6	a	0	6655382	0	nan	29	1599	6655382	0	0	0	nan	0	0	0	0	0	0	nan	0	0	0	nan	nan	nan	nan	nan	nan
7	a	0	6656471	0	nan	29	1600	6656471	0	0	0	nan	0	0	0	0	0	0	nan	0	0	0	nan	nan	nan	nan	nan	nan
8	g	0	6657138	0	nan	29	1602	6657138	0	0	0	nan	0	0	0	0	0	0	nan	0	0	0	nan	nan	nan	nan	nan	nan
9	g	0	6657950	0	nan	29	1609	6657950	0	0	0	nan	0	0	0	0	0	0	nan	0	0	0	nan	nan	nan	nan	nan	nan
10	g	0	6659510	0	nan	29	1629	6659510	0	0	0	nan	0	0	0	0	0	0	nan	0	0	0	nan	nan	nan	nan	nan	nan
11	u	0	6662660	0	nan	29	1632	6662660	0	0	0	nan	0	0	0	0	0	0	nan	0	0	0	nan	nan	nan	nan	nan	nan
12	g	0	6675268	0	nan	73	1655	6675268	0	0	0	nan	0	0	0	0	0	0	nan	0	0	0	nan	nan	nan	nan	nan	nan
13	a	0	6687391	0	nan	85	1659	6687391	0	0	0	nan	0	0	0	0	0	0	nan	0	0	0	nan	nan	nan	nan	nan	nan
14	a	0	6694902	0	nan	102	1662	6694902	0	0	0	nan	0	0	0	0	0	0	nan	0	0	0	nan	nan	nan	nan	nan	nan
15	g	0	6699320	0	nan	648	1668	6699320	0	0	0	nan	0	0	0	0	0	0	nan	0	0	0	nan	nan	nan	nan	nan	nan
16	u	0	6705139	0	nan	651	1668	6705139	0	0	0	nan	0	0	0	0	0	0	nan	0	0	0	nan	nan	nan	nan	nan	nan
17	g	0	6707621	0	nan	652	1675	6707621	0	0	0	nan	0	0	0	0	0	0	nan	0	0	0	nan	nan	nan	nan	nan	nan
18	u	0	6709823	0	nan	652	1685	6709823	0	0	0	nan	0	0	0	0	0	0	nan	0	0	0	nan	nan	nan	nan	nan	nan
19	a	0	6711435	0	nan	652	1719	6711435	0	0	0	nan	0	0	0	0	0	0	nan	0	0	0	nan	nan	nan	nan	nan	nan
20	A	0	6713420	915	0.000000	652	1719	6713420	0	0	0	nan	0	0	0	0	0	0	nan	0	0	0	0.000000	0.000000	nan	nan	nan	nan
21	G	0	6714898	1113	0.000000	652	1720	6714898	0	0	0	nan	0	0	0	0	0	0	nan	0	0	0	0.000000	0.000000	nan	nan	nan	nan
22	G	0	6715869	1026	0.000000	652	1720	6715869	0	0	0	nan	0	0	0	0	0	0	nan	0	0	0	0.000000	0.000000	nan	nan	nan	nan
23	U	0	6718139	6089443	0.000000	652	1720	6718139	0	0	0	nan	0	0	0	0	0	0	nan	0	0	0	0.000000	0.000000	0.000000	0.000000	0.000000	0.000000
24	U	20664	6719517	6135217	0.003368	652	1720	6719517	0	0	0	nan	0	0	0	0	0	0	nan	0	0	0	0.003368	0.000023	0.003368	0.000023	0.873897	0.005968
25	G	10948	6724405	6065675	0.001805	652	1720	6724405	0	0	0	nan	0	0	0	0	0	0	nan	0	0	0	0.001805	0.000017	0.001805	0.000017	0.779277	0.007339
26	A	39711	6731175	6221249	0.006383	652	1720	6731128	0	0	0	nan	0	0	0	0	0	0	nan	0	0	0	0.006383	0.000032	0.006383	0.000032	1.000000	0.005013
27	C	16866	6734077	6001201	0.002810	652	1720	6733999	0	0	0	nan	0	0	0	0	0	0	nan	0	0	0	0.002810	0.000022	0.002810	0.000022	0.904701	0.007083
28	C	20412	6735398	5999636	0.003402	652	1720	6735286	0	0	0	nan	0	0	0	0	0	0	nan	0	0	0	0.003402	0.000024	0.003402	0.000024	1.095299	0.007727
29	U	22995	6738807	5966086	0.003854	652	1720	6738678	0	0	0	nan	0	0	0	0	0	0	nan	0	0	0	0.003854	0.000025	0.003854	0.000025	1.000000	0.006487
30	U	13082	6745051	6059056	0.002159	652	1720	6744909	0	0	0	nan	0	0	0	0	0	0	nan	0	0	0	0.002159	0.000019	0.002159	0.000019	0.560197	0.004930
31	U	14467	6751127	6079160	0.002380	652	1720	6750954	0	0	0	nan	0	0	0	0	0	0	nan	0	0	0	0.002380	0.000020	0.002380	0.000020	0.617540	0.005189
32	U	14766	6757013	6141097	0.002404	652	1720	6756820	0	0	0	nan	0	0	0	0	0	0	nan	0	0	0	0.002404	0.000020	0.002404	0.000020	0.623768	0.005189
33	G	3830	6789501	6195306	0.000618	654	1720	6789273	0	0	0	nan	0	0	0	0	0	0	nan	0	0	0	0.000618	0.000010	0.000618	0.000010	0.266811	0.004317
34	A	27266	6803458	6553473	0.004161	654	1720	6803240	0	0	0	nan	0	0	0	0	0	0	nan	0	0	0	0.004161	0.000025	0.004161	0.000025	0.651888	0.003917
35	A	25486	6807111	6512941	0.003913	654	1720	6806890	0	0	0	nan	0	0	0	0	0	0	nan	0	0	0	0.003913	0.000025	0.003913	0.000025	0.613035	0.003917
36	U	6050	6808346	6444358	0.000939	655	1720	6808114	0	0	0	nan	0	0	0	0	0	0	nan	0	0	0	0.000939	0.000012	0.000939	0.000012	0.243643	0.003114
37	A	696561	6809014	6153747	0.113193	656	1720	6808735	0	0	0	nan	0	0	0	0	0	0	nan	0	0	0	0.113193	0.000136	0.113193	0.000136	17.733511	0.021307
38	G	13751	6810746	6028269	0.002281	663	1720	6810484	0	0	0	nan	0	0	0	0	0	0	nan	0	0	0	0.002281	0.000019	0.002281	0.000019	0.984781	0.008203
39	U	21468	6811792	6152653	0.003489	663	1720	6811530	0	0	0	nan	0	0	0	0	0	0	nan	0	0	0	0.003489	0.000024	0.003489	0.000024	0.905293	0.006227
40	G	15235	6812772	6291285	0.002422	662	1720	6812497	0	0	0	nan	0	0	0	0	0	0	nan	0	0	0	0.002422	0.000020	0.002422	0.000020	1.045656	0.008635
41	A	119780	6816958	6308341	0.018988	664	1720	6816667	0	0	0	nan	0	0	0	0	0	0	nan	0	0	0	0.018988	0.000055	0.018988	0.000055	2.974777	0.008617
42	U	21619	6818118	6291085	0.003436	664	1720	6817838	0	0	0	nan	0	0	0	0	0	0	nan	0	0	0	0.003436	0.000023	0.003436	0.000023	0.891541	0.005968
43	U	13300	6820922	6244272	0.002130	667	1720	6820631	0	0	0	nan	0	0	0	0	0	0	nan	0	0	0	0.002130	0.000018	0.002130	0.000018	0.552673	0.004670
44	C	14479	6825035	6250136	0.002317	667	1720	6824713	0	0	0	nan	0	0	0	0	0	0	nan	0	0	0	0.002317	0.000019	0.002317	0.000019	0.745976	0.006117
45	A	28815	6828166	6261469	0.004602	667	1720	6827813	0	0	0	nan	0	0	0	0	0	0	nan	0	0	0	0.004602	0.000027	0.004602	0.000027	0.720978	0.004230
46	G	7603	6830676	6105152	0.001245	664	1720	6830327	0	0	0	nan	0	0	0	0	0	0	nan	0	0	0	0.001245	0.000014	0.001245	0.000014	0.537507	0.006044
47	G	12021	6835628	6177244	0.001946	667	1720	6835280	0	0	0	nan	0	0	0	0	0	0	nan	0	0	0	0.001946	0.000018	0.001946	0.000018	0.840151	0.007771
48	A	13648	6843941	6100355	0.002237	671	1720	6843593	0	0	0	nan	0	0	0	0	0	0	nan	0	0	0	0.002237	0.000019	0.002237	0.000019	0.350462	0.002977
49	G	22860	6845678	6130526	0.003729	670	1720	6845341	0	0	0	nan	0	0	0	0	0	0	nan	0	0	0	0.003729	0.000025	0.003729	0.000025	1.609930	0.010793
50	G	7207	6856894	5952735	0.001211	677	1720	6856598	0	0	0	nan	0	0	0	0	0	0	nan	0	0	0	0.001211	0.000014	0.001211	0.000014	0.522828	0.006044
51	U	24045	6861535	6141288	0.003915	674	1720	6861297	0	0	0	nan	0	0	0	0	0	0	nan	0	0	0	0.003915	0.000025	0.003915	0.000025	1.015828	0.006487
52	U	21112	6869327	6141998	0.003437	681	1720	6869131	0	0	0	nan	0	0	0	0	0	0	nan	0	0	0	0.003437	0.000024	0.003437	0.000024	0.891801	0.006227
53	A	16388	6874796	6391700	0.002564	680	1720	6874612	0	0	0	nan	0	0	0	0	0	0	nan	0	0	0	0.002564	0.000020	0.002564	0.000020	0.401692	0.003133
54	A	29146	6878096	6534398	0.004460	681	1720	6877958	0	0	0	nan	0	0	0	0	0	0	nan	0	0	0	0.004460	0.000026	0.004460	0.000026	0.698731	0.004073
55	U	19091	6879194	6456618	0.002957	681	1720	6879080	0	0	0	nan	0	0	0	0	0	0	nan	0	0	0	0.002957	0.000021	0.002957	0.000021	0.767255	0.005449
56	G	12397	6880068	6234815	0.001988	680	1720	6879971	0	0	0	nan	0	0	0	0	0	0	nan	0	0	0	0.001988	0.000018	0.001988	0.000018	0.858284	0.007771
57	G	0	6881166	6275566	0.000000	679	1720	6881093	0	0	0	nan	0	0	0	0	0	0	nan	0	0	0	0.000000	0.000000	0.000000	0.000000	0.000000	0.000000
58	A	0	6883412	75	0.000000	679	1720	6883412	0	0	0	nan	0	0	0	0	0	0	nan	0	0	0	0.000000	0.000000	nan	nan	nan	nan
59	A	0	6883314	42	0.000000	678	1720	6883314	0	0	0	nan	0	0	0	0	0	0	nan	0	0	0	0.000000	0.000000	nan	nan	nan	nan
60	G	0	6883251	18	0.000000	678	1720	6883251	0	0	0	nan	0	0	0	0	0	0	nan	0	0	0	0.000000	0.000000	nan	nan	nan	nan
61	u	0	6883212	0	nan	678	1720	6883212	0	0	0	nan	0	0	0	0	0	0	nan	0	0	0	nan	nan	nan	nan	nan	nan
62	a	0	6883117	0	nan	676	1717	6883117	0	0	0	nan	0	0	0	0	0	0	nan	0	0	0	nan	nan	nan	nan	nan	nan
63	a	0	6883061	0	nan	673	1717	6883061	0	0	0	nan	0	0	0	0	0	0	nan	0	0	0	nan	nan	nan	nan	nan	nan
64	a	0	6883036	0	nan	673	1717	6883036	0	0	0	nan	0	0	0	0	0	0	nan	0	0	0	nan	nan	nan	nan	nan	nan
65	g	0	6883018	0	nan	661	1627	6883018	0	0	0	nan	0	0	0	0	0	0	nan	0	0	0	nan	nan	nan	nan	nan	nan
66	g	0	6882991	0	nan	653	1617	6882991	0	0	0	nan	0	0	0	0	0	0	nan	0	0	0	nan	nan	nan	nan	nan	nan
67	u	0	6882954	0	nan	651	1616	6882954	0	0	0	nan	0	0	0	0	0	0	nan	0	0	0	nan	nan	nan	nan	nan	nan
68	a	0	6882919	0	nan	646	1572	6882919	0	0	0	nan	0	0	0	0	0	0	nan	0	0	0	nan	nan	nan	nan	nan	nan
69	a	0	6882887	0	nan	646	1570	6882887	0	0	0	nan	0	0	0	0	0	0	nan	0	0	0	nan	nan	nan	nan	nan	nan
70	u	0	6882868	0	nan	645	1552	6882868	0	0	0	nan	0	0	0	0	0	0	nan	0	0	0	nan	nan	nan	nan	nan	nan
71	g	0	6882811	0	nan	642	1550	6882811	0	0	0	nan	0	0	0	0	0	0	nan	0	0	0	nan	nan	nan	nan	nan	nan
72	a	0	6882756	0	nan	642	1550	6882756	0	0	0	nan	0	0	0	0	0	0	nan	0	0	0	nan	nan	nan	nan	nan	nan
73	a	0	6882724	0	nan	641	1550	6882724	0	0	0	nan	0	0	0	0	0	0	nan	0	0	0	nan	nan	nan	nan	nan	nan
74	g	0	6882699	0	nan	639	1549	6882699	0	0	0	nan	0	0	0	0	0	0	nan	0	0	0	nan	nan	nan	nan	nan	nan
75	g	0	6882651	0	nan	639	1547	6882651	0	0	0	nan	0	0	0	0	0	0	nan	0	0	0	nan	nan	nan	nan	nan	nan
76	u	0	6882549	0	nan	639	1541	6882549	0	0	0	nan	0	0	0	0	0	0	nan	0	0	0	nan	nan	nan	nan	nan	nan
77	g	0	6882406	0	nan	639	1528	6882406	0	0	0	nan	0	0	0	0	0	0	nan	0	0	0	nan	nan	nan	nan	nan	nan
78	a	0	6882308	0	nan	639	1528	6882308	0	0	0	nan	0	0	0	0	0	0	nan	0	0	0	nan	nan	nan	nan	nan	nan
79	a	0	6877834	0	nan	634	1517	6877834	0	0	0	nan	0	0	0	0	0	0	nan	0	0	0	nan	nan	nan	nan	nan	nan
80	g	0	6875256	0	nan	633	1501	6875256	0	0	0	nan	0	0	0	0	0	0	nan	0	0	0	nan	nan	nan	nan	nan	nan