Nucleotide	Sequence	Modified_mutations	Modified_read_depth	Modified_effective_depth	Modified_rate	Modified_off_target_mapped_depth	Modified_low_mapq_mapped_depth	Modified_primer_pair_1_mapped_depth	Untreated_mutations	Untreated_read_depth	Untreated_effective_depth	Untreated_rate	Untreated_off_target_mapped_depth	Untreated_low_mapq_mapped_depth	Untreated_primer_pair_1_mapped_depth	Denatured_mutations	Denatured_read_depth	Denatured_effective_depth	Denatured_rate	Denatured_off_target_mapped_depth	Denatured_low_mapq_mapped_depth	Denatured_primer_pair_1_mapped_depth	Reactivity_profile	Std_err	HQ_profile	HQ_stderr	Norm_profile	Norm_stderr
1	g	0	250120	0	nan	14	2	250120	0	0	0	nan	0	0	0	0	0	0	nan	0	0	0	nan	nan	nan	nan	nan	nan
2	g	0	250541	0	nan	14	2	250541	0	0	0	nan	0	0	0	0	0	0	nan	0	0	0	nan	nan	nan	nan	nan	nan
3	c	0	250776	0	nan	14	2	250776	0	0	0	nan	0	0	0	0	0	0	nan	0	0	0	nan	nan	nan	nan	nan	nan
4	a	0	269592	0	nan	41	2	269592	0	0	0	nan	0	0	0	0	0	0	nan	0	0	0	nan	nan	nan	nan	nan	nan
5	c	0	270020	0	nan	42	2	270020	0	0	0	nan	0	0	0	0	0	0	nan	0	0	0	nan	nan	nan	nan	nan	nan
6	c	0	270097	0	nan	42	2	270097	0	0	0	nan	0	0	0	0	0	0	nan	0	0	0	nan	nan	nan	nan	nan	nan
7	u	0	270109	0	nan	42	2	270109	0	0	0	nan	0	0	0	0	0	0	nan	0	0	0	nan	nan	nan	nan	nan	nan
8	c	0	270125	0	nan	42	2	270125	0	0	0	nan	0	0	0	0	0	0	nan	0	0	0	nan	nan	nan	nan	nan	nan
9	a	0	270126	0	nan	42	2	270126	0	0	0	nan	0	0	0	0	0	0	nan	0	0	0	nan	nan	nan	nan	nan	nan
10	u	0	270168	0	nan	42	2	270168	0	0	0	nan	0	0	0	0	0	0	nan	0	0	0	nan	nan	nan	nan	nan	nan
11	a	0	270223	0	nan	42	2	270223	0	0	0	nan	0	0	0	0	0	0	nan	0	0	0	nan	nan	nan	nan	nan	nan
12	a	0	270239	0	nan	42	2	270239	0	0	0	nan	0	0	0	0	0	0	nan	0	0	0	nan	nan	nan	nan	nan	nan
13	c	0	270252	0	nan	42	2	270252	0	0	0	nan	0	0	0	0	0	0	nan	0	0	0	nan	nan	nan	nan	nan	nan
14	a	0	270259	0	nan	42	2	270259	0	0	0	nan	0	0	0	0	0	0	nan	0	0	0	nan	nan	nan	nan	nan	nan
15	u	0	270261	0	nan	42	2	270261	0	0	0	nan	0	0	0	0	0	0	nan	0	0	0	nan	nan	nan	nan	nan	nan
16	a	0	270272	0	nan	42	2	270272	0	0	0	nan	0	0	0	0	0	0	nan	0	0	0	nan	nan	nan	nan	nan	nan
17	a	0	270286	0	nan	42	2	270286	0	0	0	nan	0	0	0	0	0	0	nan	0	0	0	nan	nan	nan	nan	nan	nan
18	c	0	270292	0	nan	42	2	270292	0	0	0	nan	0	0	0	0	0	0	nan	0	0	0	nan	nan	nan	nan	nan	nan
19	U	0	270294	2	0.000000	42	2	270294	0	0	0	nan	0	0	0	0	0	0	nan	0	0	0	0.000000	0.000000	nan	nan	nan	nan
20	A	0	270370	66	0.000000	42	2	270370	0	0	0	nan	0	0	0	0	0	0	nan	0	0	0	0.000000	0.000000	nan	nan	nan	nan
21	A	0	270381	63	0.000000	42	2	270381	0	0	0	nan	0	0	0	0	0	0	nan	0	0	0	0.000000	0.000000	nan	nan	nan	nan
22	G	0	270401	265797	0.000000	42	2	270401	0	0	0	nan	0	0	0	0	0	0	nan	0	0	0	0.000000	0.000000	0.000000	0.000000	nan	nan
23	G	272	270420	261236	0.001041	42	2	270420	0	0	0	nan	0	0	0	0	0	0	nan	0	0	0	0.001041	0.000063	0.001041	0.000063	nan	nan
24	C	8734	270455	264955	0.032964	42	2	270455	0	0	0	nan	0	0	0	0	0	0	nan	0	0	0	0.032964	0.000353	0.032964	0.000353	1.000000	0.010709
25	A	4139	270507	266907	0.015507	42	2	270507	0	0	0	nan	0	0	0	0	0	0	nan	0	0	0	0.015507	0.000241	0.015507	0.000241	1.000000	0.015541
26	G	229	270556	266921	0.000858	42	2	270555	0	0	0	nan	0	0	0	0	0	0	nan	0	0	0	0.000858	0.000057	0.000858	0.000057	nan	nan
27	A	3157	270630	267440	0.011805	42	2	270629	0	0	0	nan	0	0	0	0	0	0	nan	0	0	0	0.011805	0.000210	0.011805	0.000210	0.761269	0.013542
28	U	1327	270642	266739	0.004975	42	2	270637	0	0	0	nan	0	0	0	0	0	0	nan	0	0	0	0.004975	0.000137	0.004975	0.000137	1.194908	0.032905
29	C	5363	270652	266981	0.020088	42	2	270644	0	0	0	nan	0	0	0	0	0	0	nan	0	0	0	0.020088	0.000274	0.020088	0.000274	0.609392	0.008312
30	U	934	270667	267114	0.003497	42	2	270658	0	0	0	nan	0	0	0	0	0	0	nan	0	0	0	0.003497	0.000114	0.003497	0.000114	0.839918	0.027381
31	G	221	270674	265726	0.000832	42	2	270654	0	0	0	nan	0	0	0	0	0	0	nan	0	0	0	0.000832	0.000056	0.000832	0.000056	nan	nan
32	A	4508	270684	266112	0.016940	42	2	270660	0	0	0	nan	0	0	0	0	0	0	nan	0	0	0	0.016940	0.000252	0.016940	0.000252	1.092410	0.016251
33	G	266	270704	261165	0.001019	42	2	270665	0	0	0	nan	0	0	0	0	0	0	nan	0	0	0	0.001019	0.000062	0.001019	0.000062	nan	nan
34	C	6895	270709	260276	0.026491	42	2	270628	0	0	0	nan	0	0	0	0	0	0	nan	0	0	0	0.026491	0.000319	0.026491	0.000319	0.803634	0.009677
35	C	6027	270726	260855	0.023105	42	2	270589	0	0	0	nan	0	0	0	0	0	0	nan	0	0	0	0.023105	0.000298	0.023105	0.000298	0.700916	0.009040
36	U	1113	270803	261649	0.004254	42	2	270677	0	0	0	nan	0	0	0	0	0	0	nan	0	0	0	0.004254	0.000128	0.004254	0.000128	1.021737	0.030743
37	G	234	270833	262256	0.000892	42	2	270360	0	0	0	nan	0	0	0	0	0	0	nan	0	0	0	0.000892	0.000058	0.000892	0.000058	nan	nan
38	G	226	270838	261223	0.000865	42	2	270360	0	0	0	nan	0	0	0	0	0	0	nan	0	0	0	0.000865	0.000058	0.000865	0.000058	nan	nan
39	G	216	270882	260755	0.000828	42	2	270451	0	0	0	nan	0	0	0	0	0	0	nan	0	0	0	0.000828	0.000056	0.000828	0.000056	nan	nan
40	A	4022	270958	262320	0.015332	42	2	270604	0	0	0	nan	0	0	0	0	0	0	nan	0	0	0	0.015332	0.000242	0.015332	0.000242	0.988715	0.015606
41	G	258	271072	260473	0.000991	42	2	270899	0	0	0	nan	0	0	0	0	0	0	nan	0	0	0	0.000991	0.000062	0.000991	0.000062	nan	nan
42	C	7920	271151	266908	0.029673	26	2	271114	0	0	0	nan	0	0	0	0	0	0	nan	0	0	0	0.029673	0.000333	0.029673	0.000333	0.900164	0.010102
43	U	812	271166	267808	0.003032	24	2	271148	0	0	0	nan	0	0	0	0	0	0	nan	0	0	0	0.003032	0.000106	0.003032	0.000106	0.728233	0.025459
44	C	6429	271168	268041	0.023985	22	2	271152	0	0	0	nan	0	0	0	0	0	0	nan	0	0	0	0.023985	0.000299	0.023985	0.000299	0.727612	0.009071
45	U	1042	271171	267720	0.003892	21	2	271155	0	0	0	nan	0	0	0	0	0	0	nan	0	0	0	0.003892	0.000121	0.003892	0.000121	0.934790	0.029062
46	C	7327	271166	266345	0.027509	18	2	271148	0	0	0	nan	0	0	0	0	0	0	nan	0	0	0	0.027509	0.000321	0.027509	0.000321	0.834516	0.009738
47	U	923	271169	266267	0.003466	18	2	271151	0	0	0	nan	0	0	0	0	0	0	nan	0	0	0	0.003466	0.000114	0.003466	0.000114	0.832473	0.027381
48	G	352	271177	263288	0.001337	18	2	271161	0	0	0	nan	0	0	0	0	0	0	nan	0	0	0	0.001337	0.000071	0.001337	0.000071	nan	nan
49	C	10988	271180	266710	0.041198	18	2	271167	0	0	0	nan	0	0	0	0	0	0	nan	0	0	0	0.041198	0.000393	0.041198	0.000393	1.249788	0.011922
50	C	9767	271186	267645	0.036492	18	2	271176	0	0	0	nan	0	0	0	0	0	0	nan	0	0	0	0.036492	0.000369	0.036492	0.000369	1.107026	0.011194
51	A	2753	271192	268576	0.010250	18	2	271191	0	0	0	nan	0	0	0	0	0	0	nan	0	0	0	0.010250	0.000195	0.010250	0.000195	0.660992	0.012575
52	A	0	271192	268510	0.000000	18	2	271192	0	0	0	nan	0	0	0	0	0	0	nan	0	0	0	0.000000	0.000000	0.000000	0.000000	0.000000	0.000000
53	U	0	271188	135	0.000000	13	2	271188	0	0	0	nan	0	0	0	0	0	0	nan	0	0	0	0.000000	0.000000	nan	nan	nan	nan
54	C	0	271009	2	0.000000	11	2	271009	0	0	0	nan	0	0	0	0	0	0	nan	0	0	0	0.000000	0.000000	nan	nan	nan	nan
55	C	0	271006	0	nan	11	2	271006	0	0	0	nan	0	0	0	0	0	0	nan	0	0	0	nan	nan	nan	nan	nan	nan
56	a	0	271006	0	nan	11	2	271006	0	0	0	nan	0	0	0	0	0	0	nan	0	0	0	nan	nan	nan	nan	nan	nan
57	c	0	271006	0	nan	11	2	271006	0	0	0	nan	0	0	0	0	0	0	nan	0	0	0	nan	nan	nan	nan	nan	nan
58	u	0	271006	0	nan	11	2	271006	0	0	0	nan	0	0	0	0	0	0	nan	0	0	0	nan	nan	nan	nan	nan	nan
59	a	0	271006	0	nan	11	2	271006	0	0	0	nan	0	0	0	0	0	0	nan	0	0	0	nan	nan	nan	nan	nan	nan
60	a	0	271006	0	nan	11	2	271006	0	0	0	nan	0	0	0	0	0	0	nan	0	0	0	nan	nan	nan	nan	nan	nan
61	c	0	271006	0	nan	1	2	271006	0	0	0	nan	0	0	0	0	0	0	nan	0	0	0	nan	nan	nan	nan	nan	nan
62	c	0	271006	0	nan	0	2	271006	0	0	0	nan	0	0	0	0	0	0	nan	0	0	0	nan	nan	nan	nan	nan	nan
63	u	0	271006	0	nan	0	2	271006	0	0	0	nan	0	0	0	0	0	0	nan	0	0	0	nan	nan	nan	nan	nan	nan
64	c	0	271006	0	nan	0	2	271006	0	0	0	nan	0	0	0	0	0	0	nan	0	0	0	nan	nan	nan	nan	nan	nan
65	a	0	271006	0	nan	0	2	271006	0	0	0	nan	0	0	0	0	0	0	nan	0	0	0	nan	nan	nan	nan	nan	nan
66	c	0	271005	0	nan	0	2	271005	0	0	0	nan	0	0	0	0	0	0	nan	0	0	0	nan	nan	nan	nan	nan	nan
67	u	0	271005	0	nan	0	2	271005	0	0	0	nan	0	0	0	0	0	0	nan	0	0	0	nan	nan	nan	nan	nan	nan
68	c	0	271004	0	nan	0	2	271004	0	0	0	nan	0	0	0	0	0	0	nan	0	0	0	nan	nan	nan	nan	nan	nan
69	a	0	271001	0	nan	0	2	271001	0	0	0	nan	0	0	0	0	0	0	nan	0	0	0	nan	nan	nan	nan	nan	nan
70	c	0	270989	0	nan	0	2	270989	0	0	0	nan	0	0	0	0	0	0	nan	0	0	0	nan	nan	nan	nan	nan	nan
71	a	0	270982	0	nan	0	2	270982	0	0	0	nan	0	0	0	0	0	0	nan	0	0	0	nan	nan	nan	nan	nan	nan
72	a	0	270893	0	nan	0	2	270893	0	0	0	nan	0	0	0	0	0	0	nan	0	0	0	nan	nan	nan	nan	nan	nan
73	u	0	270723	0	nan	0	2	270723	0	0	0	nan	0	0	0	0	0	0	nan	0	0	0	nan	nan	nan	nan	nan	nan
74	c	0	270357	0	nan	0	2	270357	0	0	0	nan	0	0	0	0	0	0	nan	0	0	0	nan	nan	nan	nan	nan	nan