Nucleotide	Sequence	Modified_mutations	Modified_read_depth	Modified_effective_depth	Modified_rate	Modified_off_target_mapped_depth	Modified_low_mapq_mapped_depth	Modified_primer_pair_1_mapped_depth	Untreated_mutations	Untreated_read_depth	Untreated_effective_depth	Untreated_rate	Untreated_off_target_mapped_depth	Untreated_low_mapq_mapped_depth	Untreated_primer_pair_1_mapped_depth	Denatured_mutations	Denatured_read_depth	Denatured_effective_depth	Denatured_rate	Denatured_off_target_mapped_depth	Denatured_low_mapq_mapped_depth	Denatured_primer_pair_1_mapped_depth	Reactivity_profile	Std_err	HQ_profile	HQ_stderr	Norm_profile	Norm_stderr
1	g	0	169092	0	nan	15	0	169092	0	0	0	nan	0	0	0	0	0	0	nan	0	0	0	nan	nan	nan	nan	nan	nan
2	g	0	169472	0	nan	15	0	169472	0	0	0	nan	0	0	0	0	0	0	nan	0	0	0	nan	nan	nan	nan	nan	nan
3	c	0	169566	0	nan	17	0	169566	0	0	0	nan	0	0	0	0	0	0	nan	0	0	0	nan	nan	nan	nan	nan	nan
4	a	0	169583	0	nan	17	0	169583	0	0	0	nan	0	0	0	0	0	0	nan	0	0	0	nan	nan	nan	nan	nan	nan
5	c	0	169610	0	nan	17	0	169610	0	0	0	nan	0	0	0	0	0	0	nan	0	0	0	nan	nan	nan	nan	nan	nan
6	c	0	170899	0	nan	17	0	170899	0	0	0	nan	0	0	0	0	0	0	nan	0	0	0	nan	nan	nan	nan	nan	nan
7	u	0	170952	0	nan	17	0	170952	0	0	0	nan	0	0	0	0	0	0	nan	0	0	0	nan	nan	nan	nan	nan	nan
8	c	0	170955	0	nan	17	0	170955	0	0	0	nan	0	0	0	0	0	0	nan	0	0	0	nan	nan	nan	nan	nan	nan
9	a	0	170956	0	nan	17	0	170956	0	0	0	nan	0	0	0	0	0	0	nan	0	0	0	nan	nan	nan	nan	nan	nan
10	u	0	170956	0	nan	17	0	170956	0	0	0	nan	0	0	0	0	0	0	nan	0	0	0	nan	nan	nan	nan	nan	nan
11	a	0	170960	0	nan	17	0	170960	0	0	0	nan	0	0	0	0	0	0	nan	0	0	0	nan	nan	nan	nan	nan	nan
12	a	0	170966	0	nan	17	0	170966	0	0	0	nan	0	0	0	0	0	0	nan	0	0	0	nan	nan	nan	nan	nan	nan
13	c	0	170973	0	nan	17	0	170973	0	0	0	nan	0	0	0	0	0	0	nan	0	0	0	nan	nan	nan	nan	nan	nan
14	a	0	170975	0	nan	17	0	170975	0	0	0	nan	0	0	0	0	0	0	nan	0	0	0	nan	nan	nan	nan	nan	nan
15	u	0	170976	0	nan	17	0	170976	0	0	0	nan	0	0	0	0	0	0	nan	0	0	0	nan	nan	nan	nan	nan	nan
16	a	0	170977	0	nan	17	0	170977	0	0	0	nan	0	0	0	0	0	0	nan	0	0	0	nan	nan	nan	nan	nan	nan
17	a	0	170978	0	nan	17	0	170978	0	0	0	nan	0	0	0	0	0	0	nan	0	0	0	nan	nan	nan	nan	nan	nan
18	c	0	170980	0	nan	17	0	170980	0	0	0	nan	0	0	0	0	0	0	nan	0	0	0	nan	nan	nan	nan	nan	nan
19	U	0	170980	0	nan	17	0	170980	0	0	0	nan	0	0	0	0	0	0	nan	0	0	0	nan	nan	nan	nan	nan	nan
20	A	0	170985	2	0.000000	17	0	170985	0	0	0	nan	0	0	0	0	0	0	nan	0	0	0	0.000000	0.000000	nan	nan	nan	nan
21	A	0	170987	4	0.000000	17	0	170987	0	0	0	nan	0	0	0	0	0	0	nan	0	0	0	0.000000	0.000000	nan	nan	nan	nan
22	G	0	170990	169513	0.000000	17	0	170990	0	0	0	nan	0	0	0	0	0	0	nan	0	0	0	0.000000	0.000000	0.000000	0.000000	nan	nan
23	G	124	170992	168471	0.000736	17	0	170992	0	0	0	nan	0	0	0	0	0	0	nan	0	0	0	0.000736	0.000066	0.000736	0.000066	nan	nan
24	C	2601	170999	169706	0.015327	17	0	170999	0	0	0	nan	0	0	0	0	0	0	nan	0	0	0	0.015327	0.000301	0.015327	0.000301	1.117230	0.021941
25	A	1171	171003	170173	0.006881	17	0	171003	0	0	0	nan	0	0	0	0	0	0	nan	0	0	0	0.006881	0.000201	0.006881	0.000201	0.964266	0.028167
26	G	81	171010	165773	0.000489	17	0	171009	0	0	0	nan	0	0	0	0	0	0	nan	0	0	0	0.000489	0.000054	0.000489	0.000054	nan	nan
27	A	986	171016	165966	0.005941	17	0	171014	0	0	0	nan	0	0	0	0	0	0	nan	0	0	0	0.005941	0.000189	0.005941	0.000189	0.832539	0.026485
28	U	591	171020	165823	0.003564	17	0	171018	0	0	0	nan	0	0	0	0	0	0	nan	0	0	0	0.003564	0.000147	0.003564	0.000147	1.124468	0.046380
29	C	1598	171022	170025	0.009399	17	0	171019	0	0	0	nan	0	0	0	0	0	0	nan	0	0	0	0.009399	0.000235	0.009399	0.000235	0.685121	0.017130
30	U	427	171024	170010	0.002512	17	0	171020	0	0	0	nan	0	0	0	0	0	0	nan	0	0	0	0.002512	0.000122	0.002512	0.000122	0.792554	0.038492
31	G	125	171024	169635	0.000737	17	0	171017	0	0	0	nan	0	0	0	0	0	0	nan	0	0	0	0.000737	0.000066	0.000737	0.000066	nan	nan
32	A	1288	171024	169811	0.007585	17	0	171018	0	0	0	nan	0	0	0	0	0	0	nan	0	0	0	0.007585	0.000211	0.007585	0.000211	1.062920	0.029568
33	G	154	171028	168588	0.000913	17	0	171021	0	0	0	nan	0	0	0	0	0	0	nan	0	0	0	0.000913	0.000074	0.000913	0.000074	nan	nan
34	C	1807	171029	165352	0.010928	17	0	171021	0	0	0	nan	0	0	0	0	0	0	nan	0	0	0	0.010928	0.000257	0.010928	0.000257	0.796574	0.018733
35	C	1720	171031	157890	0.010894	17	0	171023	0	0	0	nan	0	0	0	0	0	0	nan	0	0	0	0.010894	0.000263	0.010894	0.000263	0.794096	0.019171
36	U	437	171041	157462	0.002775	17	0	171029	0	0	0	nan	0	0	0	0	0	0	nan	0	0	0	0.002775	0.000133	0.002775	0.000133	0.875532	0.041962
37	U	615	171058	160739	0.003826	17	0	171044	0	0	0	nan	0	0	0	0	0	0	nan	0	0	0	0.003826	0.000154	0.003826	0.000154	1.207130	0.048588
38	C	1790	171058	168318	0.010635	17	0	171035	0	0	0	nan	0	0	0	0	0	0	nan	0	0	0	0.010635	0.000251	0.010635	0.000251	0.775216	0.018296
39	G	112	171094	168280	0.000666	17	0	171077	0	0	0	nan	0	0	0	0	0	0	nan	0	0	0	0.000666	0.000063	0.000666	0.000063	nan	nan
40	G	119	171107	169382	0.000703	17	0	171098	0	0	0	nan	0	0	0	0	0	0	nan	0	0	0	0.000703	0.000064	0.000703	0.000064	nan	nan
41	G	124	171108	168519	0.000736	17	0	171103	0	0	0	nan	0	0	0	0	0	0	nan	0	0	0	0.000736	0.000066	0.000736	0.000066	nan	nan
42	A	1205	171115	168852	0.007136	17	0	171112	0	0	0	nan	0	0	0	0	0	0	nan	0	0	0	0.007136	0.000206	0.007136	0.000206	1.000000	0.028868
43	G	169	171123	168598	0.001002	17	0	171121	0	0	0	nan	0	0	0	0	0	0	nan	0	0	0	0.001002	0.000077	0.001002	0.000077	nan	nan
44	C	1815	171123	170408	0.010651	17	0	171121	0	0	0	nan	0	0	0	0	0	0	nan	0	0	0	0.010651	0.000250	0.010651	0.000250	0.776383	0.018223
45	U	359	171122	170547	0.002105	17	0	171120	0	0	0	nan	0	0	0	0	0	0	nan	0	0	0	0.002105	0.000111	0.002105	0.000111	0.664143	0.035021
46	C	1579	171122	170537	0.009259	17	0	171121	0	0	0	nan	0	0	0	0	0	0	nan	0	0	0	0.009259	0.000233	0.009259	0.000233	0.674916	0.016984
47	U	439	171119	170418	0.002576	17	0	171114	0	0	0	nan	0	0	0	0	0	0	nan	0	0	0	0.002576	0.000123	0.002576	0.000123	0.812746	0.038807
48	C	2050	171120	170385	0.012032	17	0	171112	0	0	0	nan	0	0	0	0	0	0	nan	0	0	0	0.012032	0.000266	0.012032	0.000266	0.877048	0.019390
49	U	365	171121	170377	0.002142	17	0	171114	0	0	0	nan	0	0	0	0	0	0	nan	0	0	0	0.002142	0.000112	0.002142	0.000112	0.675816	0.035337
50	G	122	171123	169614	0.000719	17	0	171116	0	0	0	nan	0	0	0	0	0	0	nan	0	0	0	0.000719	0.000065	0.000719	0.000065	nan	nan
51	C	2654	171122	169970	0.015615	17	0	171119	0	0	0	nan	0	0	0	0	0	0	nan	0	0	0	0.015615	0.000303	0.015615	0.000303	1.138223	0.022087
52	C	2428	171124	170018	0.014281	17	0	171121	0	0	0	nan	0	0	0	0	0	0	nan	0	0	0	0.014281	0.000290	0.014281	0.000290	1.040984	0.021139
53	A	742	171127	170030	0.004364	17	0	171127	0	0	0	nan	0	0	0	0	0	0	nan	0	0	0	0.004364	0.000160	0.004364	0.000160	0.611547	0.022422
54	A	0	171051	169737	0.000000	17	0	171051	0	0	0	nan	0	0	0	0	0	0	nan	0	0	0	0.000000	0.000000	0.000000	0.000000	0.000000	0.000000
55	U	0	171050	0	nan	8	0	171050	0	0	0	nan	0	0	0	0	0	0	nan	0	0	0	nan	nan	nan	nan	nan	nan
56	C	0	171050	0	nan	7	0	171050	0	0	0	nan	0	0	0	0	0	0	nan	0	0	0	nan	nan	nan	nan	nan	nan
57	C	0	171050	0	nan	7	0	171050	0	0	0	nan	0	0	0	0	0	0	nan	0	0	0	nan	nan	nan	nan	nan	nan
58	a	0	171050	0	nan	7	0	171050	0	0	0	nan	0	0	0	0	0	0	nan	0	0	0	nan	nan	nan	nan	nan	nan
59	c	0	171050	0	nan	7	0	171050	0	0	0	nan	0	0	0	0	0	0	nan	0	0	0	nan	nan	nan	nan	nan	nan
60	u	0	171050	0	nan	7	0	171050	0	0	0	nan	0	0	0	0	0	0	nan	0	0	0	nan	nan	nan	nan	nan	nan
61	a	0	171050	0	nan	7	0	171050	0	0	0	nan	0	0	0	0	0	0	nan	0	0	0	nan	nan	nan	nan	nan	nan
62	a	0	171050	0	nan	7	0	171050	0	0	0	nan	0	0	0	0	0	0	nan	0	0	0	nan	nan	nan	nan	nan	nan
63	c	0	171050	0	nan	0	0	171050	0	0	0	nan	0	0	0	0	0	0	nan	0	0	0	nan	nan	nan	nan	nan	nan
64	c	0	171050	0	nan	0	0	171050	0	0	0	nan	0	0	0	0	0	0	nan	0	0	0	nan	nan	nan	nan	nan	nan
65	u	0	171050	0	nan	0	0	171050	0	0	0	nan	0	0	0	0	0	0	nan	0	0	0	nan	nan	nan	nan	nan	nan
66	c	0	171050	0	nan	0	0	171050	0	0	0	nan	0	0	0	0	0	0	nan	0	0	0	nan	nan	nan	nan	nan	nan
67	a	0	171050	0	nan	0	0	171050	0	0	0	nan	0	0	0	0	0	0	nan	0	0	0	nan	nan	nan	nan	nan	nan
68	c	0	171050	0	nan	0	0	171050	0	0	0	nan	0	0	0	0	0	0	nan	0	0	0	nan	nan	nan	nan	nan	nan
69	u	0	171049	0	nan	0	0	171049	0	0	0	nan	0	0	0	0	0	0	nan	0	0	0	nan	nan	nan	nan	nan	nan
70	c	0	171048	0	nan	0	0	171048	0	0	0	nan	0	0	0	0	0	0	nan	0	0	0	nan	nan	nan	nan	nan	nan
71	a	0	171047	0	nan	0	0	171047	0	0	0	nan	0	0	0	0	0	0	nan	0	0	0	nan	nan	nan	nan	nan	nan
72	c	0	171034	0	nan	0	0	171034	0	0	0	nan	0	0	0	0	0	0	nan	0	0	0	nan	nan	nan	nan	nan	nan
73	a	0	171034	0	nan	0	0	171034	0	0	0	nan	0	0	0	0	0	0	nan	0	0	0	nan	nan	nan	nan	nan	nan
74	a	0	170974	0	nan	0	0	170974	0	0	0	nan	0	0	0	0	0	0	nan	0	0	0	nan	nan	nan	nan	nan	nan
75	u	0	170863	0	nan	0	0	170863	0	0	0	nan	0	0	0	0	0	0	nan	0	0	0	nan	nan	nan	nan	nan	nan
76	c	0	170628	0	nan	0	0	170628	0	0	0	nan	0	0	0	0	0	0	nan	0	0	0	nan	nan	nan	nan	nan	nan