Nucleotide	Sequence	Modified_mutations	Modified_read_depth	Modified_effective_depth	Modified_rate	Modified_off_target_mapped_depth	Modified_low_mapq_mapped_depth	Modified_primer_pair_1_mapped_depth	Untreated_mutations	Untreated_read_depth	Untreated_effective_depth	Untreated_rate	Untreated_off_target_mapped_depth	Untreated_low_mapq_mapped_depth	Untreated_primer_pair_1_mapped_depth	Denatured_mutations	Denatured_read_depth	Denatured_effective_depth	Denatured_rate	Denatured_off_target_mapped_depth	Denatured_low_mapq_mapped_depth	Denatured_primer_pair_1_mapped_depth	Reactivity_profile	Std_err	HQ_profile	HQ_stderr	Norm_profile	Norm_stderr
1	g	0	178161	0	nan	0	3	178161	0	0	0	nan	0	0	0	0	0	0	nan	0	0	0	nan	nan	nan	nan	nan	nan
2	g	0	178269	0	nan	0	3	178269	0	0	0	nan	0	0	0	0	0	0	nan	0	0	0	nan	nan	nan	nan	nan	nan
3	u	0	178368	0	nan	0	3	178368	0	0	0	nan	0	0	0	0	0	0	nan	0	0	0	nan	nan	nan	nan	nan	nan
4	g	0	178396	0	nan	0	3	178396	0	0	0	nan	0	0	0	0	0	0	nan	0	0	0	nan	nan	nan	nan	nan	nan
5	u	0	178410	0	nan	0	3	178410	0	0	0	nan	0	0	0	0	0	0	nan	0	0	0	nan	nan	nan	nan	nan	nan
6	a	0	178413	0	nan	0	3	178413	0	0	0	nan	0	0	0	0	0	0	nan	0	0	0	nan	nan	nan	nan	nan	nan
7	a	0	178416	0	nan	0	3	178416	0	0	0	nan	0	0	0	0	0	0	nan	0	0	0	nan	nan	nan	nan	nan	nan
8	g	0	178416	0	nan	0	3	178416	0	0	0	nan	0	0	0	0	0	0	nan	0	0	0	nan	nan	nan	nan	nan	nan
9	g	0	178416	0	nan	0	3	178416	0	0	0	nan	0	0	0	0	0	0	nan	0	0	0	nan	nan	nan	nan	nan	nan
10	g	0	178416	0	nan	0	3	178416	0	0	0	nan	0	0	0	0	0	0	nan	0	0	0	nan	nan	nan	nan	nan	nan
11	u	0	178418	0	nan	0	3	178418	0	0	0	nan	0	0	0	0	0	0	nan	0	0	0	nan	nan	nan	nan	nan	nan
12	g	0	178418	0	nan	0	3	178418	0	0	0	nan	0	0	0	0	0	0	nan	0	0	0	nan	nan	nan	nan	nan	nan
13	a	0	178418	0	nan	1	3	178418	0	0	0	nan	0	0	0	0	0	0	nan	0	0	0	nan	nan	nan	nan	nan	nan
14	a	0	178418	0	nan	1	3	178418	0	0	0	nan	0	0	0	0	0	0	nan	0	0	0	nan	nan	nan	nan	nan	nan
15	g	0	178419	0	nan	21	3	178419	0	0	0	nan	0	0	0	0	0	0	nan	0	0	0	nan	nan	nan	nan	nan	nan
16	u	0	178419	0	nan	21	3	178419	0	0	0	nan	0	0	0	0	0	0	nan	0	0	0	nan	nan	nan	nan	nan	nan
17	g	0	178419	0	nan	21	3	178419	0	0	0	nan	0	0	0	0	0	0	nan	0	0	0	nan	nan	nan	nan	nan	nan
18	u	0	178419	0	nan	21	3	178419	0	0	0	nan	0	0	0	0	0	0	nan	0	0	0	nan	nan	nan	nan	nan	nan
19	a	0	178419	0	nan	21	3	178419	0	0	0	nan	0	0	0	0	0	0	nan	0	0	0	nan	nan	nan	nan	nan	nan
20	A	0	178420	1	0.000000	21	3	178420	0	0	0	nan	0	0	0	0	0	0	nan	0	0	0	0.000000	0.000000	nan	nan	nan	nan
21	G	0	178420	1	0.000000	21	3	178420	0	0	0	nan	0	0	0	0	0	0	nan	0	0	0	0.000000	0.000000	nan	nan	nan	nan
22	G	0	178421	1	0.000000	21	3	178421	0	0	0	nan	0	0	0	0	0	0	nan	0	0	0	0.000000	0.000000	nan	nan	nan	nan
23	U	0	178421	178136	0.000000	22	3	178421	0	0	0	nan	0	0	0	0	0	0	nan	0	0	0	0.000000	0.000000	0.000000	0.000000	nan	nan
24	U	195	178422	178140	0.001095	22	3	178422	0	0	0	nan	0	0	0	0	0	0	nan	0	0	0	0.001095	0.000078	0.001095	0.000078	nan	nan
25	G	120	178422	177942	0.000674	22	3	178422	0	0	0	nan	0	0	0	0	0	0	nan	0	0	0	0.000674	0.000062	0.000674	0.000062	nan	nan
26	A	1423	178422	178032	0.007993	22	3	178422	0	0	0	nan	0	0	0	0	0	0	nan	0	0	0	0.007993	0.000212	0.007993	0.000212	0.898115	0.023821
27	A	1522	178422	177946	0.008553	22	3	178422	0	0	0	nan	0	0	0	0	0	0	nan	0	0	0	0.008553	0.000219	0.008553	0.000219	0.961038	0.024607
28	C	1744	178422	177761	0.009811	22	3	178422	0	0	0	nan	0	0	0	0	0	0	nan	0	0	0	0.009811	0.000235	0.009811	0.000235	0.850911	0.020382
29	U	175	178422	177902	0.000984	22	3	178422	0	0	0	nan	0	0	0	0	0	0	nan	0	0	0	0.000984	0.000074	0.000984	0.000074	nan	nan
30	U	249	178422	178013	0.001399	22	3	178422	0	0	0	nan	0	0	0	0	0	0	nan	0	0	0	0.001399	0.000089	0.001399	0.000089	nan	nan
31	U	272	178422	177972	0.001528	22	3	178422	0	0	0	nan	0	0	0	0	0	0	nan	0	0	0	0.001528	0.000093	0.001528	0.000093	nan	nan
32	U	237	178424	178053	0.001331	22	3	178424	0	0	0	nan	0	0	0	0	0	0	nan	0	0	0	0.001331	0.000086	0.001331	0.000086	nan	nan
33	G	85	178428	177778	0.000478	22	3	178426	0	0	0	nan	0	0	0	0	0	0	nan	0	0	0	0.000478	0.000052	0.000478	0.000052	nan	nan
34	A	1536	178428	178013	0.008629	22	3	178426	0	0	0	nan	0	0	0	0	0	0	nan	0	0	0	0.008629	0.000220	0.008629	0.000220	0.969578	0.024720
35	A	1493	178428	177939	0.008391	22	3	178426	0	0	0	nan	0	0	0	0	0	0	nan	0	0	0	0.008391	0.000217	0.008391	0.000217	0.942835	0.024383
36	U	266	178428	177950	0.001495	22	3	178426	0	0	0	nan	0	0	0	0	0	0	nan	0	0	0	0.001495	0.000092	0.001495	0.000092	nan	nan
37	A	1544	178428	177992	0.008675	22	3	178427	0	0	0	nan	0	0	0	0	0	0	nan	0	0	0	0.008675	0.000221	0.008675	0.000221	0.974746	0.024832
38	G	90	178428	177507	0.000507	23	3	178426	0	0	0	nan	0	0	0	0	0	0	nan	0	0	0	0.000507	0.000053	0.000507	0.000053	nan	nan
39	U	321	178428	178028	0.001803	23	3	178426	0	0	0	nan	0	0	0	0	0	0	nan	0	0	0	0.001803	0.000101	0.001803	0.000101	nan	nan
40	G	189	178428	177734	0.001063	23	3	178426	0	0	0	nan	0	0	0	0	0	0	nan	0	0	0	0.001063	0.000077	0.001063	0.000077	nan	nan
41	A	1996	178428	177922	0.011218	23	3	178426	0	0	0	nan	0	0	0	0	0	0	nan	0	0	0	0.011218	0.000251	0.011218	0.000251	1.260485	0.028203
42	U	299	178428	177842	0.001681	23	3	178426	0	0	0	nan	0	0	0	0	0	0	nan	0	0	0	0.001681	0.000097	0.001681	0.000097	nan	nan
43	U	325	178428	177917	0.001827	23	3	178427	0	0	0	nan	0	0	0	0	0	0	nan	0	0	0	0.001827	0.000101	0.001827	0.000101	nan	nan
44	C	2152	178428	177812	0.012103	23	3	178427	0	0	0	nan	0	0	0	0	0	0	nan	0	0	0	0.012103	0.000261	0.012103	0.000261	1.049696	0.022637
45	A	1610	178432	177859	0.009052	23	3	178430	0	0	0	nan	0	0	0	0	0	0	nan	0	0	0	0.009052	0.000226	0.009052	0.000226	1.017107	0.025394
46	G	145	178434	177641	0.000816	23	3	178433	0	0	0	nan	0	0	0	0	0	0	nan	0	0	0	0.000816	0.000068	0.000816	0.000068	nan	nan
47	G	104	178437	177707	0.000585	23	3	178436	0	0	0	nan	0	0	0	0	0	0	nan	0	0	0	0.000585	0.000057	0.000585	0.000057	nan	nan
48	A	1564	178438	177902	0.008791	23	3	178437	0	0	0	nan	0	0	0	0	0	0	nan	0	0	0	0.008791	0.000222	0.008791	0.000222	0.987781	0.024945
49	G	121	178444	177778	0.000681	23	3	178443	0	0	0	nan	0	0	0	0	0	0	nan	0	0	0	0.000681	0.000062	0.000681	0.000062	nan	nan
50	G	110	178443	177679	0.000619	23	3	178442	0	0	0	nan	0	0	0	0	0	0	nan	0	0	0	0.000619	0.000059	0.000619	0.000059	nan	nan
51	U	195	178443	177774	0.001097	23	3	178442	0	0	0	nan	0	0	0	0	0	0	nan	0	0	0	0.001097	0.000079	0.001097	0.000079	nan	nan
52	U	172	178443	177799	0.000967	23	3	178442	0	0	0	nan	0	0	0	0	0	0	nan	0	0	0	0.000967	0.000074	0.000967	0.000074	nan	nan
53	A	1589	178443	177828	0.008936	23	3	178442	0	0	0	nan	0	0	0	0	0	0	nan	0	0	0	0.008936	0.000224	0.008936	0.000224	1.004073	0.025169
54	A	1347	178444	158050	0.008523	23	3	178443	0	0	0	nan	0	0	0	0	0	0	nan	0	0	0	0.008523	0.000232	0.008523	0.000232	0.957667	0.026068
55	U	351	178444	158110	0.002220	23	3	178443	0	0	0	nan	0	0	0	0	0	0	nan	0	0	0	0.002220	0.000118	0.002220	0.000118	nan	nan
56	G	159	178444	158061	0.001006	23	3	178444	0	0	0	nan	0	0	0	0	0	0	nan	0	0	0	0.001006	0.000080	0.001006	0.000080	nan	nan
57	G	0	178445	178038	0.000000	23	3	178445	0	0	0	nan	0	0	0	0	0	0	nan	0	0	0	0.000000	0.000000	0.000000	0.000000	nan	nan
58	A	0	178446	1	0.000000	23	3	178446	0	0	0	nan	0	0	0	0	0	0	nan	0	0	0	0.000000	0.000000	nan	nan	nan	nan
59	A	0	178445	0	nan	23	3	178445	0	0	0	nan	0	0	0	0	0	0	nan	0	0	0	nan	nan	nan	nan	nan	nan
60	G	0	178445	0	nan	23	3	178445	0	0	0	nan	0	0	0	0	0	0	nan	0	0	0	nan	nan	nan	nan	nan	nan
61	u	0	178445	0	nan	22	3	178445	0	0	0	nan	0	0	0	0	0	0	nan	0	0	0	nan	nan	nan	nan	nan	nan
62	a	0	178445	0	nan	22	3	178445	0	0	0	nan	0	0	0	0	0	0	nan	0	0	0	nan	nan	nan	nan	nan	nan
63	a	0	178445	0	nan	22	3	178445	0	0	0	nan	0	0	0	0	0	0	nan	0	0	0	nan	nan	nan	nan	nan	nan
64	a	0	178445	0	nan	22	3	178445	0	0	0	nan	0	0	0	0	0	0	nan	0	0	0	nan	nan	nan	nan	nan	nan
65	g	0	178445	0	nan	22	3	178445	0	0	0	nan	0	0	0	0	0	0	nan	0	0	0	nan	nan	nan	nan	nan	nan
66	g	0	178445	0	nan	22	3	178445	0	0	0	nan	0	0	0	0	0	0	nan	0	0	0	nan	nan	nan	nan	nan	nan
67	u	0	178444	0	nan	22	3	178444	0	0	0	nan	0	0	0	0	0	0	nan	0	0	0	nan	nan	nan	nan	nan	nan
68	a	0	178444	0	nan	22	3	178444	0	0	0	nan	0	0	0	0	0	0	nan	0	0	0	nan	nan	nan	nan	nan	nan
69	a	0	178444	0	nan	22	3	178444	0	0	0	nan	0	0	0	0	0	0	nan	0	0	0	nan	nan	nan	nan	nan	nan
70	u	0	178444	0	nan	22	3	178444	0	0	0	nan	0	0	0	0	0	0	nan	0	0	0	nan	nan	nan	nan	nan	nan
71	g	0	178442	0	nan	22	3	178442	0	0	0	nan	0	0	0	0	0	0	nan	0	0	0	nan	nan	nan	nan	nan	nan
72	a	0	178442	0	nan	22	3	178442	0	0	0	nan	0	0	0	0	0	0	nan	0	0	0	nan	nan	nan	nan	nan	nan
73	a	0	178442	0	nan	22	3	178442	0	0	0	nan	0	0	0	0	0	0	nan	0	0	0	nan	nan	nan	nan	nan	nan
74	g	0	178441	0	nan	22	3	178441	0	0	0	nan	0	0	0	0	0	0	nan	0	0	0	nan	nan	nan	nan	nan	nan
75	g	0	178437	0	nan	22	3	178437	0	0	0	nan	0	0	0	0	0	0	nan	0	0	0	nan	nan	nan	nan	nan	nan
76	u	0	178426	0	nan	22	3	178426	0	0	0	nan	0	0	0	0	0	0	nan	0	0	0	nan	nan	nan	nan	nan	nan
77	g	0	178422	0	nan	22	3	178422	0	0	0	nan	0	0	0	0	0	0	nan	0	0	0	nan	nan	nan	nan	nan	nan
78	a	0	178417	0	nan	22	3	178417	0	0	0	nan	0	0	0	0	0	0	nan	0	0	0	nan	nan	nan	nan	nan	nan
79	a	0	178278	0	nan	22	3	178278	0	0	0	nan	0	0	0	0	0	0	nan	0	0	0	nan	nan	nan	nan	nan	nan
80	g	0	178152	0	nan	22	3	178152	0	0	0	nan	0	0	0	0	0	0	nan	0	0	0	nan	nan	nan	nan	nan	nan