Nucleotide	Sequence	Modified_mutations	Modified_read_depth	Modified_effective_depth	Modified_rate	Modified_off_target_mapped_depth	Modified_low_mapq_mapped_depth	Modified_primer_pair_1_mapped_depth	Untreated_mutations	Untreated_read_depth	Untreated_effective_depth	Untreated_rate	Untreated_off_target_mapped_depth	Untreated_low_mapq_mapped_depth	Untreated_primer_pair_1_mapped_depth	Denatured_mutations	Denatured_read_depth	Denatured_effective_depth	Denatured_rate	Denatured_off_target_mapped_depth	Denatured_low_mapq_mapped_depth	Denatured_primer_pair_1_mapped_depth	Reactivity_profile	Std_err	HQ_profile	HQ_stderr	Norm_profile	Norm_stderr
1	g	0	182506	0	nan	5	0	182506	0	0	0	nan	0	0	0	0	0	0	nan	0	0	0	nan	nan	nan	nan	nan	nan
2	g	0	182890	0	nan	5	0	182890	0	0	0	nan	0	0	0	0	0	0	nan	0	0	0	nan	nan	nan	nan	nan	nan
3	c	0	182971	0	nan	5	0	182971	0	0	0	nan	0	0	0	0	0	0	nan	0	0	0	nan	nan	nan	nan	nan	nan
4	a	0	184189	0	nan	7	0	184189	0	0	0	nan	0	0	0	0	0	0	nan	0	0	0	nan	nan	nan	nan	nan	nan
5	c	0	184214	0	nan	7	0	184214	0	0	0	nan	0	0	0	0	0	0	nan	0	0	0	nan	nan	nan	nan	nan	nan
6	c	0	184223	0	nan	7	0	184223	0	0	0	nan	0	0	0	0	0	0	nan	0	0	0	nan	nan	nan	nan	nan	nan
7	u	0	184223	0	nan	7	0	184223	0	0	0	nan	0	0	0	0	0	0	nan	0	0	0	nan	nan	nan	nan	nan	nan
8	c	0	184223	0	nan	7	0	184223	0	0	0	nan	0	0	0	0	0	0	nan	0	0	0	nan	nan	nan	nan	nan	nan
9	a	0	184224	0	nan	7	0	184224	0	0	0	nan	0	0	0	0	0	0	nan	0	0	0	nan	nan	nan	nan	nan	nan
10	u	0	184236	0	nan	7	0	184236	0	0	0	nan	0	0	0	0	0	0	nan	0	0	0	nan	nan	nan	nan	nan	nan
11	a	0	184241	0	nan	7	0	184241	0	0	0	nan	0	0	0	0	0	0	nan	0	0	0	nan	nan	nan	nan	nan	nan
12	a	0	184249	0	nan	7	0	184249	0	0	0	nan	0	0	0	0	0	0	nan	0	0	0	nan	nan	nan	nan	nan	nan
13	c	0	184251	0	nan	7	0	184251	0	0	0	nan	0	0	0	0	0	0	nan	0	0	0	nan	nan	nan	nan	nan	nan
14	a	0	184252	0	nan	7	0	184252	0	0	0	nan	0	0	0	0	0	0	nan	0	0	0	nan	nan	nan	nan	nan	nan
15	u	0	184253	0	nan	7	0	184253	0	0	0	nan	0	0	0	0	0	0	nan	0	0	0	nan	nan	nan	nan	nan	nan
16	a	0	184256	0	nan	7	0	184256	0	0	0	nan	0	0	0	0	0	0	nan	0	0	0	nan	nan	nan	nan	nan	nan
17	a	0	184257	0	nan	7	0	184257	0	0	0	nan	0	0	0	0	0	0	nan	0	0	0	nan	nan	nan	nan	nan	nan
18	c	0	184263	0	nan	7	0	184263	0	0	0	nan	0	0	0	0	0	0	nan	0	0	0	nan	nan	nan	nan	nan	nan
19	U	0	184264	0	nan	7	0	184264	0	0	0	nan	0	0	0	0	0	0	nan	0	0	0	nan	nan	nan	nan	nan	nan
20	A	0	184270	5	0.000000	7	0	184270	0	0	0	nan	0	0	0	0	0	0	nan	0	0	0	0.000000	0.000000	nan	nan	nan	nan
21	A	0	184275	7	0.000000	7	0	184275	0	0	0	nan	0	0	0	0	0	0	nan	0	0	0	0.000000	0.000000	nan	nan	nan	nan
22	G	0	184279	182619	0.000000	7	0	184279	0	0	0	nan	0	0	0	0	0	0	nan	0	0	0	0.000000	0.000000	0.000000	0.000000	nan	nan
23	G	195	184282	180853	0.001078	7	0	184282	0	0	0	nan	0	0	0	0	0	0	nan	0	0	0	0.001078	0.000077	0.001078	0.000077	nan	nan
24	C	4259	184288	178050	0.023920	7	0	184288	0	0	0	nan	0	0	0	0	0	0	nan	0	0	0	0.023920	0.000367	0.023920	0.000367	1.000000	0.015343
25	A	1909	184308	178600	0.010689	7	0	184308	0	0	0	nan	0	0	0	0	0	0	nan	0	0	0	0.010689	0.000245	0.010689	0.000245	1.141804	0.026171
26	G	126	184315	178335	0.000707	7	0	184315	0	0	0	nan	0	0	0	0	0	0	nan	0	0	0	0.000707	0.000063	0.000707	0.000063	nan	nan
27	A	1635	184318	183310	0.008919	7	0	184317	0	0	0	nan	0	0	0	0	0	0	nan	0	0	0	0.008919	0.000221	0.008919	0.000221	0.952732	0.023607
28	U	748	184320	183278	0.004081	7	0	184318	0	0	0	nan	0	0	0	0	0	0	nan	0	0	0	0.004081	0.000149	0.004081	0.000149	1.318791	0.048150
29	C	2640	184320	183369	0.014397	7	0	184314	0	0	0	nan	0	0	0	0	0	0	nan	0	0	0	0.014397	0.000280	0.014397	0.000280	0.601881	0.011706
30	U	512	184322	183329	0.002793	7	0	184314	0	0	0	nan	0	0	0	0	0	0	nan	0	0	0	0.002793	0.000123	0.002793	0.000123	0.902569	0.039748
31	G	128	184328	182846	0.000700	7	0	184321	0	0	0	nan	0	0	0	0	0	0	nan	0	0	0	0.000700	0.000062	0.000700	0.000062	nan	nan
32	A	1295	184329	182938	0.007079	7	0	184322	0	0	0	nan	0	0	0	0	0	0	nan	0	0	0	0.007079	0.000197	0.007079	0.000197	0.756182	0.021044
33	G	131	184329	177330	0.000739	7	0	184322	0	0	0	nan	0	0	0	0	0	0	nan	0	0	0	0.000739	0.000065	0.000739	0.000065	nan	nan
34	C	1850	184332	173945	0.010636	7	0	184323	0	0	0	nan	0	0	0	0	0	0	nan	0	0	0	0.010636	0.000247	0.010636	0.000247	0.444649	0.010326
35	C	1881	184337	174047	0.010807	7	0	184320	0	0	0	nan	0	0	0	0	0	0	nan	0	0	0	0.010807	0.000249	0.010807	0.000249	0.451798	0.010410
36	U	492	184338	177136	0.002778	7	0	184309	0	0	0	nan	0	0	0	0	0	0	nan	0	0	0	0.002778	0.000125	0.002778	0.000125	0.897722	0.040394
37	G	273	184366	180438	0.001513	7	0	184317	0	0	0	nan	0	0	0	0	0	0	nan	0	0	0	0.001513	0.000092	0.001513	0.000092	nan	nan
38	G	140	184394	180477	0.000776	7	0	184377	0	0	0	nan	0	0	0	0	0	0	nan	0	0	0	0.000776	0.000066	0.000776	0.000066	nan	nan
39	G	198	184397	180850	0.001095	7	0	184384	0	0	0	nan	0	0	0	0	0	0	nan	0	0	0	0.001095	0.000078	0.001095	0.000078	nan	nan
40	G	133	184398	181200	0.000734	7	0	184385	0	0	0	nan	0	0	0	0	0	0	nan	0	0	0	0.000734	0.000064	0.000734	0.000064	nan	nan
41	G	164	184399	181020	0.000906	7	0	184390	0	0	0	nan	0	0	0	0	0	0	nan	0	0	0	0.000906	0.000071	0.000906	0.000071	nan	nan
42	C	1936	184399	183404	0.010556	7	0	184390	0	0	0	nan	0	0	0	0	0	0	nan	0	0	0	0.010556	0.000240	0.010556	0.000240	0.441304	0.010033
43	U	388	184400	183527	0.002114	7	0	184392	0	0	0	nan	0	0	0	0	0	0	nan	0	0	0	0.002114	0.000107	0.002114	0.000107	0.683148	0.034577
44	C	2002	184401	183478	0.010911	7	0	184393	0	0	0	nan	0	0	0	0	0	0	nan	0	0	0	0.010911	0.000244	0.010911	0.000244	0.456145	0.010201
45	U	586	184401	183439	0.003195	7	0	184393	0	0	0	nan	0	0	0	0	0	0	nan	0	0	0	0.003195	0.000132	0.003195	0.000132	1.032477	0.042656
46	C	3230	184402	183342	0.017617	7	0	184394	0	0	0	nan	0	0	0	0	0	0	nan	0	0	0	0.017617	0.000310	0.017617	0.000310	0.736497	0.012960
47	U	445	184402	183310	0.002428	7	0	184392	0	0	0	nan	0	0	0	0	0	0	nan	0	0	0	0.002428	0.000115	0.002428	0.000115	0.784618	0.037163
48	G	229	184402	181899	0.001259	7	0	184396	0	0	0	nan	0	0	0	0	0	0	nan	0	0	0	0.001259	0.000083	0.001259	0.000083	nan	nan
49	C	7041	184404	182486	0.038584	7	0	184398	0	0	0	nan	0	0	0	0	0	0	nan	0	0	0	0.038584	0.000460	0.038584	0.000460	1.613043	0.019231
50	C	5402	184406	182823	0.029548	7	0	184401	0	0	0	nan	0	0	0	0	0	0	nan	0	0	0	0.029548	0.000402	0.029548	0.000402	1.235284	0.016806
51	A	1188	184409	183310	0.006481	7	0	184409	0	0	0	nan	0	0	0	0	0	0	nan	0	0	0	0.006481	0.000188	0.006481	0.000188	0.692304	0.020082
52	A	0	184411	183586	0.000000	7	0	184411	0	0	0	nan	0	0	0	0	0	0	nan	0	0	0	0.000000	0.000000	0.000000	0.000000	0.000000	0.000000
53	U	0	184399	56	0.000000	5	0	184399	0	0	0	nan	0	0	0	0	0	0	nan	0	0	0	0.000000	0.000000	nan	nan	nan	nan
54	C	0	184329	0	nan	3	0	184329	0	0	0	nan	0	0	0	0	0	0	nan	0	0	0	nan	nan	nan	nan	nan	nan
55	C	0	184329	0	nan	3	0	184329	0	0	0	nan	0	0	0	0	0	0	nan	0	0	0	nan	nan	nan	nan	nan	nan
56	a	0	184329	0	nan	3	0	184329	0	0	0	nan	0	0	0	0	0	0	nan	0	0	0	nan	nan	nan	nan	nan	nan
57	c	0	184329	0	nan	3	0	184329	0	0	0	nan	0	0	0	0	0	0	nan	0	0	0	nan	nan	nan	nan	nan	nan
58	u	0	184329	0	nan	3	0	184329	0	0	0	nan	0	0	0	0	0	0	nan	0	0	0	nan	nan	nan	nan	nan	nan
59	a	0	184329	0	nan	3	0	184329	0	0	0	nan	0	0	0	0	0	0	nan	0	0	0	nan	nan	nan	nan	nan	nan
60	a	0	184329	0	nan	3	0	184329	0	0	0	nan	0	0	0	0	0	0	nan	0	0	0	nan	nan	nan	nan	nan	nan
61	c	0	184329	0	nan	0	0	184329	0	0	0	nan	0	0	0	0	0	0	nan	0	0	0	nan	nan	nan	nan	nan	nan
62	c	0	184329	0	nan	0	0	184329	0	0	0	nan	0	0	0	0	0	0	nan	0	0	0	nan	nan	nan	nan	nan	nan
63	u	0	184329	0	nan	0	0	184329	0	0	0	nan	0	0	0	0	0	0	nan	0	0	0	nan	nan	nan	nan	nan	nan
64	c	0	184329	0	nan	0	0	184329	0	0	0	nan	0	0	0	0	0	0	nan	0	0	0	nan	nan	nan	nan	nan	nan
65	a	0	184329	0	nan	0	0	184329	0	0	0	nan	0	0	0	0	0	0	nan	0	0	0	nan	nan	nan	nan	nan	nan
66	c	0	184329	0	nan	0	0	184329	0	0	0	nan	0	0	0	0	0	0	nan	0	0	0	nan	nan	nan	nan	nan	nan
67	u	0	184327	0	nan	0	0	184327	0	0	0	nan	0	0	0	0	0	0	nan	0	0	0	nan	nan	nan	nan	nan	nan
68	c	0	184326	0	nan	0	0	184326	0	0	0	nan	0	0	0	0	0	0	nan	0	0	0	nan	nan	nan	nan	nan	nan
69	a	0	184325	0	nan	0	0	184325	0	0	0	nan	0	0	0	0	0	0	nan	0	0	0	nan	nan	nan	nan	nan	nan
70	c	0	184319	0	nan	0	0	184319	0	0	0	nan	0	0	0	0	0	0	nan	0	0	0	nan	nan	nan	nan	nan	nan
71	a	0	184317	0	nan	0	0	184317	0	0	0	nan	0	0	0	0	0	0	nan	0	0	0	nan	nan	nan	nan	nan	nan
72	a	0	184266	0	nan	0	0	184266	0	0	0	nan	0	0	0	0	0	0	nan	0	0	0	nan	nan	nan	nan	nan	nan
73	u	0	184160	0	nan	0	0	184160	0	0	0	nan	0	0	0	0	0	0	nan	0	0	0	nan	nan	nan	nan	nan	nan
74	c	0	183933	0	nan	0	0	183933	0	0	0	nan	0	0	0	0	0	0	nan	0	0	0	nan	nan	nan	nan	nan	nan