Nucleotide	Sequence	Modified_mutations	Modified_read_depth	Modified_effective_depth	Modified_rate	Modified_off_target_mapped_depth	Modified_low_mapq_mapped_depth	Modified_primer_pair_1_mapped_depth	Untreated_mutations	Untreated_read_depth	Untreated_effective_depth	Untreated_rate	Untreated_off_target_mapped_depth	Untreated_low_mapq_mapped_depth	Untreated_primer_pair_1_mapped_depth	Denatured_mutations	Denatured_read_depth	Denatured_effective_depth	Denatured_rate	Denatured_off_target_mapped_depth	Denatured_low_mapq_mapped_depth	Denatured_primer_pair_1_mapped_depth	Reactivity_profile	Std_err	HQ_profile	HQ_stderr	Norm_profile	Norm_stderr
1	g	0	5877199	0	nan	15	175	5877199	0	0	0	nan	0	0	0	0	0	0	nan	0	0	0	nan	nan	nan	nan	nan	nan
2	g	0	5927954	0	nan	15	175	5927954	0	0	0	nan	0	0	0	0	0	0	nan	0	0	0	nan	nan	nan	nan	nan	nan
3	u	0	5936436	0	nan	15	176	5936436	0	0	0	nan	0	0	0	0	0	0	nan	0	0	0	nan	nan	nan	nan	nan	nan
4	g	0	5940988	0	nan	15	186	5940988	0	0	0	nan	0	0	0	0	0	0	nan	0	0	0	nan	nan	nan	nan	nan	nan
5	u	0	5949840	0	nan	15	187	5949840	0	0	0	nan	0	0	0	0	0	0	nan	0	0	0	nan	nan	nan	nan	nan	nan
6	a	0	5953367	0	nan	15	208	5953367	0	0	0	nan	0	0	0	0	0	0	nan	0	0	0	nan	nan	nan	nan	nan	nan
7	a	0	5954131	0	nan	15	208	5954131	0	0	0	nan	0	0	0	0	0	0	nan	0	0	0	nan	nan	nan	nan	nan	nan
8	g	0	5954564	0	nan	15	208	5954564	0	0	0	nan	0	0	0	0	0	0	nan	0	0	0	nan	nan	nan	nan	nan	nan
9	g	0	5955127	0	nan	15	208	5955127	0	0	0	nan	0	0	0	0	0	0	nan	0	0	0	nan	nan	nan	nan	nan	nan
10	g	0	5956363	0	nan	15	212	5956363	0	0	0	nan	0	0	0	0	0	0	nan	0	0	0	nan	nan	nan	nan	nan	nan
11	u	0	5959115	0	nan	15	214	5959115	0	0	0	nan	0	0	0	0	0	0	nan	0	0	0	nan	nan	nan	nan	nan	nan
12	g	0	5969344	0	nan	38	227	5969344	0	0	0	nan	0	0	0	0	0	0	nan	0	0	0	nan	nan	nan	nan	nan	nan
13	a	0	5979913	0	nan	39	227	5979913	0	0	0	nan	0	0	0	0	0	0	nan	0	0	0	nan	nan	nan	nan	nan	nan
14	a	0	5985580	0	nan	49	230	5985580	0	0	0	nan	0	0	0	0	0	0	nan	0	0	0	nan	nan	nan	nan	nan	nan
15	g	0	5988396	0	nan	238	231	5988396	0	0	0	nan	0	0	0	0	0	0	nan	0	0	0	nan	nan	nan	nan	nan	nan
16	u	0	5991951	0	nan	239	231	5991951	0	0	0	nan	0	0	0	0	0	0	nan	0	0	0	nan	nan	nan	nan	nan	nan
17	g	0	5993285	0	nan	239	234	5993285	0	0	0	nan	0	0	0	0	0	0	nan	0	0	0	nan	nan	nan	nan	nan	nan
18	u	0	5994409	0	nan	239	241	5994409	0	0	0	nan	0	0	0	0	0	0	nan	0	0	0	nan	nan	nan	nan	nan	nan
19	a	0	5995413	0	nan	239	256	5995413	0	0	0	nan	0	0	0	0	0	0	nan	0	0	0	nan	nan	nan	nan	nan	nan
20	A	0	5996739	538	0.000000	239	256	5996739	0	0	0	nan	0	0	0	0	0	0	nan	0	0	0	0.000000	0.000000	nan	nan	nan	nan
21	G	0	5997627	711	0.000000	239	257	5997627	0	0	0	nan	0	0	0	0	0	0	nan	0	0	0	0.000000	0.000000	nan	nan	nan	nan
22	G	0	5998199	631	0.000000	239	257	5998199	0	0	0	nan	0	0	0	0	0	0	nan	0	0	0	0.000000	0.000000	nan	nan	nan	nan
23	U	0	5999392	5445463	0.000000	239	257	5999392	0	0	0	nan	0	0	0	0	0	0	nan	0	0	0	0.000000	0.000000	0.000000	0.000000	0.000000	0.000000
24	U	11494	6000316	5487389	0.002095	239	257	6000316	0	0	0	nan	0	0	0	0	0	0	nan	0	0	0	0.002095	0.000020	0.002095	0.000020	0.590141	0.005634
25	G	5538	6003476	5442240	0.001018	239	257	6003476	0	0	0	nan	0	0	0	0	0	0	nan	0	0	0	0.001018	0.000014	0.001018	0.000014	nan	nan
26	A	63283	6008698	5550220	0.011402	239	257	6008610	0	0	0	nan	0	0	0	0	0	0	nan	0	0	0	0.011402	0.000045	0.011402	0.000045	0.934360	0.003688
27	C	53431	6010955	5342950	0.010000	239	257	6010794	0	0	0	nan	0	0	0	0	0	0	nan	0	0	0	0.010000	0.000043	0.010000	0.000043	1.023594	0.004401
28	C	41003	6011967	5342310	0.007675	239	257	6011775	0	0	0	nan	0	0	0	0	0	0	nan	0	0	0	0.007675	0.000038	0.007675	0.000038	0.785608	0.003890
29	U	20777	6014900	5321248	0.003905	239	257	6014698	0	0	0	nan	0	0	0	0	0	0	nan	0	0	0	0.003905	0.000027	0.003905	0.000027	1.100000	0.007606
30	U	9004	6020455	5414428	0.001663	239	257	6020235	0	0	0	nan	0	0	0	0	0	0	nan	0	0	0	0.001663	0.000018	0.001663	0.000018	0.468451	0.005070
31	U	10018	6025750	5430923	0.001845	239	257	6025497	0	0	0	nan	0	0	0	0	0	0	nan	0	0	0	0.001845	0.000018	0.001845	0.000018	0.519718	0.005070
32	U	11874	6031024	5488244	0.002164	239	257	6030737	0	0	0	nan	0	0	0	0	0	0	nan	0	0	0	0.002164	0.000020	0.002164	0.000020	0.609577	0.005634
33	G	2095	6059723	5560758	0.000377	240	257	6059433	0	0	0	nan	0	0	0	0	0	0	nan	0	0	0	0.000377	0.000008	0.000377	0.000008	nan	nan
34	A	53562	6070511	5873681	0.009119	240	257	6070236	0	0	0	nan	0	0	0	0	0	0	nan	0	0	0	0.009119	0.000039	0.009119	0.000039	0.747275	0.003196
35	A	50896	6073600	5851833	0.008697	240	257	6073324	0	0	0	nan	0	0	0	0	0	0	nan	0	0	0	0.008697	0.000039	0.008697	0.000039	0.712694	0.003196
36	U	4633	6074632	5822060	0.000796	240	257	6074348	0	0	0	nan	0	0	0	0	0	0	nan	0	0	0	0.000796	0.000012	0.000796	0.000012	0.224225	0.003380
37	A	192501	6075307	5569992	0.034560	240	257	6074992	0	0	0	nan	0	0	0	0	0	0	nan	0	0	0	0.034560	0.000079	0.034560	0.000079	2.832090	0.006474
38	G	8831	6075748	5498893	0.001606	259	257	6075436	0	0	0	nan	0	0	0	0	0	0	nan	0	0	0	0.001606	0.000017	0.001606	0.000017	nan	nan
39	U	9949	6076400	5521877	0.001802	259	257	6076083	0	0	0	nan	0	0	0	0	0	0	nan	0	0	0	0.001802	0.000018	0.001802	0.000018	0.507606	0.005070
40	G	7417	6077042	5679106	0.001306	262	257	6076708	0	0	0	nan	0	0	0	0	0	0	nan	0	0	0	0.001306	0.000015	0.001306	0.000015	nan	nan
41	A	78632	6080067	5661856	0.013888	263	257	6079724	0	0	0	nan	0	0	0	0	0	0	nan	0	0	0	0.013888	0.000050	0.013888	0.000050	1.138081	0.004097
42	U	16933	6080871	5628384	0.003009	263	257	6080526	0	0	0	nan	0	0	0	0	0	0	nan	0	0	0	0.003009	0.000023	0.003009	0.000023	0.847606	0.006479
43	U	8990	6082799	5569368	0.001614	267	257	6082431	0	0	0	nan	0	0	0	0	0	0	nan	0	0	0	0.001614	0.000017	0.001614	0.000017	0.454648	0.004789
44	C	52999	6085664	5556227	0.009539	266	257	6085262	0	0	0	nan	0	0	0	0	0	0	nan	0	0	0	0.009539	0.000041	0.009539	0.000041	0.976406	0.004197
45	A	52922	6087809	5562811	0.009514	266	257	6087380	0	0	0	nan	0	0	0	0	0	0	nan	0	0	0	0.009514	0.000041	0.009514	0.000041	0.779644	0.003360
46	G	3784	6089597	5454456	0.000694	266	257	6089176	0	0	0	nan	0	0	0	0	0	0	nan	0	0	0	0.000694	0.000011	0.000694	0.000011	nan	nan
47	G	9439	6093632	5524385	0.001709	268	257	6093207	0	0	0	nan	0	0	0	0	0	0	nan	0	0	0	0.001709	0.000018	0.001709	0.000018	nan	nan
48	A	43210	6100504	5445456	0.007935	281	257	6100080	0	0	0	nan	0	0	0	0	0	0	nan	0	0	0	0.007935	0.000038	0.007935	0.000038	0.650250	0.003114
49	G	14684	6102112	5520279	0.002660	283	257	6101727	0	0	0	nan	0	0	0	0	0	0	nan	0	0	0	0.002660	0.000022	0.002660	0.000022	nan	nan
50	G	2701	6112292	5371632	0.000503	295	257	6111971	0	0	0	nan	0	0	0	0	0	0	nan	0	0	0	0.000503	0.000010	0.000503	0.000010	nan	nan
51	U	19455	6115746	5479660	0.003550	295	257	6115478	0	0	0	nan	0	0	0	0	0	0	nan	0	0	0	0.003550	0.000025	0.003550	0.000025	1.000000	0.007042
52	U	16649	6121916	5473984	0.003041	303	257	6121700	0	0	0	nan	0	0	0	0	0	0	nan	0	0	0	0.003041	0.000024	0.003041	0.000024	0.856620	0.006761
53	A	52839	6126063	5678183	0.009306	303	257	6125859	0	0	0	nan	0	0	0	0	0	0	nan	0	0	0	0.009306	0.000040	0.009306	0.000040	0.762599	0.003278
54	A	71053	6129271	5822530	0.012203	303	257	6129140	0	0	0	nan	0	0	0	0	0	0	nan	0	0	0	0.012203	0.000046	0.012203	0.000046	1.000000	0.003770
55	U	10873	6130240	5769097	0.001885	303	257	6130137	0	0	0	nan	0	0	0	0	0	0	nan	0	0	0	0.001885	0.000018	0.001885	0.000018	0.530986	0.005070
56	G	5914	6131130	5602312	0.001056	303	257	6131044	0	0	0	nan	0	0	0	0	0	0	nan	0	0	0	0.001056	0.000014	0.001056	0.000014	nan	nan
57	G	0	6132058	5631452	0.000000	303	257	6131996	0	0	0	nan	0	0	0	0	0	0	nan	0	0	0	0.000000	0.000000	0.000000	0.000000	nan	nan
58	A	0	6134010	52	0.000000	303	257	6134010	0	0	0	nan	0	0	0	0	0	0	nan	0	0	0	0.000000	0.000000	nan	nan	nan	nan
59	A	0	6133941	44	0.000000	302	257	6133941	0	0	0	nan	0	0	0	0	0	0	nan	0	0	0	0.000000	0.000000	nan	nan	nan	nan
60	G	0	6133884	25	0.000000	302	257	6133884	0	0	0	nan	0	0	0	0	0	0	nan	0	0	0	0.000000	0.000000	nan	nan	nan	nan
61	u	0	6133836	0	nan	301	257	6133836	0	0	0	nan	0	0	0	0	0	0	nan	0	0	0	nan	nan	nan	nan	nan	nan
62	a	0	6133728	0	nan	301	256	6133728	0	0	0	nan	0	0	0	0	0	0	nan	0	0	0	nan	nan	nan	nan	nan	nan
63	a	0	6133658	0	nan	301	256	6133658	0	0	0	nan	0	0	0	0	0	0	nan	0	0	0	nan	nan	nan	nan	nan	nan
64	a	0	6133629	0	nan	300	255	6133629	0	0	0	nan	0	0	0	0	0	0	nan	0	0	0	nan	nan	nan	nan	nan	nan
65	g	0	6133611	0	nan	295	198	6133611	0	0	0	nan	0	0	0	0	0	0	nan	0	0	0	nan	nan	nan	nan	nan	nan
66	g	0	6133595	0	nan	290	196	6133595	0	0	0	nan	0	0	0	0	0	0	nan	0	0	0	nan	nan	nan	nan	nan	nan
67	u	0	6133568	0	nan	286	196	6133568	0	0	0	nan	0	0	0	0	0	0	nan	0	0	0	nan	nan	nan	nan	nan	nan
68	a	0	6133550	0	nan	286	183	6133550	0	0	0	nan	0	0	0	0	0	0	nan	0	0	0	nan	nan	nan	nan	nan	nan
69	a	0	6133526	0	nan	286	183	6133526	0	0	0	nan	0	0	0	0	0	0	nan	0	0	0	nan	nan	nan	nan	nan	nan
70	u	0	6133504	0	nan	284	175	6133504	0	0	0	nan	0	0	0	0	0	0	nan	0	0	0	nan	nan	nan	nan	nan	nan
71	g	0	6133421	0	nan	282	173	6133421	0	0	0	nan	0	0	0	0	0	0	nan	0	0	0	nan	nan	nan	nan	nan	nan
72	a	0	6133338	0	nan	282	173	6133338	0	0	0	nan	0	0	0	0	0	0	nan	0	0	0	nan	nan	nan	nan	nan	nan
73	a	0	6133309	0	nan	281	173	6133309	0	0	0	nan	0	0	0	0	0	0	nan	0	0	0	nan	nan	nan	nan	nan	nan
74	g	0	6133292	0	nan	280	173	6133292	0	0	0	nan	0	0	0	0	0	0	nan	0	0	0	nan	nan	nan	nan	nan	nan
75	g	0	6133262	0	nan	280	173	6133262	0	0	0	nan	0	0	0	0	0	0	nan	0	0	0	nan	nan	nan	nan	nan	nan
76	u	0	6133206	0	nan	280	173	6133206	0	0	0	nan	0	0	0	0	0	0	nan	0	0	0	nan	nan	nan	nan	nan	nan
77	g	0	6133149	0	nan	279	172	6133149	0	0	0	nan	0	0	0	0	0	0	nan	0	0	0	nan	nan	nan	nan	nan	nan
78	a	0	6133092	0	nan	279	172	6133092	0	0	0	nan	0	0	0	0	0	0	nan	0	0	0	nan	nan	nan	nan	nan	nan
79	a	0	6129471	0	nan	274	171	6129471	0	0	0	nan	0	0	0	0	0	0	nan	0	0	0	nan	nan	nan	nan	nan	nan
80	g	0	6127372	0	nan	274	169	6127372	0	0	0	nan	0	0	0	0	0	0	nan	0	0	0	nan	nan	nan	nan	nan	nan