Nucleotide	Sequence	Modified_mutations	Modified_read_depth	Modified_effective_depth	Modified_rate	Modified_off_target_mapped_depth	Modified_low_mapq_mapped_depth	Modified_primer_pair_1_mapped_depth	Untreated_mutations	Untreated_read_depth	Untreated_effective_depth	Untreated_rate	Untreated_off_target_mapped_depth	Untreated_low_mapq_mapped_depth	Untreated_primer_pair_1_mapped_depth	Denatured_mutations	Denatured_read_depth	Denatured_effective_depth	Denatured_rate	Denatured_off_target_mapped_depth	Denatured_low_mapq_mapped_depth	Denatured_primer_pair_1_mapped_depth	Reactivity_profile	Std_err	HQ_profile	HQ_stderr	Norm_profile	Norm_stderr
1	g	0	51581	0	nan	2	2	51581	0	0	0	nan	0	0	0	0	0	0	nan	0	0	0	nan	nan	nan	nan	nan	nan
2	g	0	51624	0	nan	2	2	51624	0	0	0	nan	0	0	0	0	0	0	nan	0	0	0	nan	nan	nan	nan	nan	nan
3	u	0	51643	0	nan	2	2	51643	0	0	0	nan	0	0	0	0	0	0	nan	0	0	0	nan	nan	nan	nan	nan	nan
4	g	0	51659	0	nan	2	2	51659	0	0	0	nan	0	0	0	0	0	0	nan	0	0	0	nan	nan	nan	nan	nan	nan
5	u	0	51669	0	nan	2	2	51669	0	0	0	nan	0	0	0	0	0	0	nan	0	0	0	nan	nan	nan	nan	nan	nan
6	a	0	51681	0	nan	2	2	51681	0	0	0	nan	0	0	0	0	0	0	nan	0	0	0	nan	nan	nan	nan	nan	nan
7	a	0	51698	0	nan	2	2	51698	0	0	0	nan	0	0	0	0	0	0	nan	0	0	0	nan	nan	nan	nan	nan	nan
8	g	0	51795	0	nan	2	2	51795	0	0	0	nan	0	0	0	0	0	0	nan	0	0	0	nan	nan	nan	nan	nan	nan
9	g	0	53351	0	nan	2	2	53351	0	0	0	nan	0	0	0	0	0	0	nan	0	0	0	nan	nan	nan	nan	nan	nan
10	g	0	216018	0	nan	2	2	216018	0	0	0	nan	0	0	0	0	0	0	nan	0	0	0	nan	nan	nan	nan	nan	nan
11	u	0	224832	0	nan	2	2	224832	0	0	0	nan	0	0	0	0	0	0	nan	0	0	0	nan	nan	nan	nan	nan	nan
12	g	0	225105	0	nan	2	2	225105	0	0	0	nan	0	0	0	0	0	0	nan	0	0	0	nan	nan	nan	nan	nan	nan
13	a	0	225131	0	nan	2	2	225131	0	0	0	nan	0	0	0	0	0	0	nan	0	0	0	nan	nan	nan	nan	nan	nan
14	a	0	225145	0	nan	2	2	225145	0	0	0	nan	0	0	0	0	0	0	nan	0	0	0	nan	nan	nan	nan	nan	nan
15	g	0	225152	0	nan	2	2	225152	0	0	0	nan	0	0	0	0	0	0	nan	0	0	0	nan	nan	nan	nan	nan	nan
16	u	0	225159	0	nan	2	2	225159	0	0	0	nan	0	0	0	0	0	0	nan	0	0	0	nan	nan	nan	nan	nan	nan
17	g	0	225175	0	nan	2	2	225175	0	0	0	nan	0	0	0	0	0	0	nan	0	0	0	nan	nan	nan	nan	nan	nan
18	u	0	225179	0	nan	2	2	225179	0	0	0	nan	0	0	0	0	0	0	nan	0	0	0	nan	nan	nan	nan	nan	nan
19	a	0	225241	0	nan	2	2	225241	0	0	0	nan	0	0	0	0	0	0	nan	0	0	0	nan	nan	nan	nan	nan	nan
20	A	0	225270	12	0.000000	2	2	225270	0	0	0	nan	0	0	0	0	0	0	nan	0	0	0	0.000000	0.000000	nan	nan	nan	nan
21	G	0	225319	37	0.000000	2	2	225319	0	0	0	nan	0	0	0	0	0	0	nan	0	0	0	0.000000	0.000000	nan	nan	nan	nan
22	G	0	225328	41	0.000000	2	2	225328	0	0	0	nan	0	0	0	0	0	0	nan	0	0	0	0.000000	0.000000	nan	nan	nan	nan
23	U	0	225336	222542	0.000000	2	2	225336	0	0	0	nan	0	0	0	0	0	0	nan	0	0	0	0.000000	0.000000	0.000000	0.000000	0.000000	0.000000
24	U	1005	225343	222230	0.004522	2	2	225343	0	0	0	nan	0	0	0	0	0	0	nan	0	0	0	0.004522	0.000143	0.004522	0.000143	0.968931	0.030641
25	G	2129	225345	221381	0.009617	2	2	225345	0	0	0	nan	0	0	0	0	0	0	nan	0	0	0	0.009617	0.000208	0.009617	0.000208	0.722594	0.015629
26	A	2364	225346	217292	0.010879	2	1	225313	0	0	0	nan	0	0	0	0	0	0	nan	0	0	0	0.010879	0.000224	0.010879	0.000224	0.943375	0.019424
27	C	10834	225352	216290	0.050090	2	0	225314	0	0	0	nan	0	0	0	0	0	0	nan	0	0	0	0.050090	0.000481	0.050090	0.000481	1.446162	0.013887
28	C	2954	225363	216933	0.013617	2	0	225330	0	0	0	nan	0	0	0	0	0	0	nan	0	0	0	0.013617	0.000251	0.013617	0.000251	0.393140	0.007247
29	U	317	225408	220055	0.001441	2	0	225380	0	0	0	nan	0	0	0	0	0	0	nan	0	0	0	0.001441	0.000081	0.001441	0.000081	0.308764	0.017356
30	U	448	225434	220835	0.002029	1	0	225408	0	0	0	nan	0	0	0	0	0	0	nan	0	0	0	0.002029	0.000096	0.002029	0.000096	0.434755	0.020570
31	U	706	225447	221519	0.003187	1	0	225422	0	0	0	nan	0	0	0	0	0	0	nan	0	0	0	0.003187	0.000120	0.003187	0.000120	0.682880	0.025712
32	U	563	225486	222368	0.002532	1	0	225462	0	0	0	nan	0	0	0	0	0	0	nan	0	0	0	0.002532	0.000107	0.002532	0.000107	0.542533	0.022927
33	G	5018	225520	221443	0.022660	1	0	225495	0	0	0	nan	0	0	0	0	0	0	nan	0	0	0	0.022660	0.000320	0.022660	0.000320	1.702607	0.024044
34	A	2537	225538	221751	0.011441	1	0	225514	0	0	0	nan	0	0	0	0	0	0	nan	0	0	0	0.011441	0.000227	0.011441	0.000227	0.992109	0.019684
35	A	1883	225555	220994	0.008521	1	0	225531	0	0	0	nan	0	0	0	0	0	0	nan	0	0	0	0.008521	0.000196	0.008521	0.000196	0.738900	0.016996
36	U	405	225568	220688	0.001835	1	0	225544	0	0	0	nan	0	0	0	0	0	0	nan	0	0	0	0.001835	0.000091	0.001835	0.000091	0.393186	0.019499
37	A	2195	225581	221318	0.009918	1	0	225558	0	0	0	nan	0	0	0	0	0	0	nan	0	0	0	0.009918	0.000212	0.009918	0.000212	0.860042	0.018384
38	G	946	225604	220568	0.004289	1	0	225583	0	0	0	nan	0	0	0	0	0	0	nan	0	0	0	0.004289	0.000139	0.004289	0.000139	0.322263	0.010444
39	U	1038	225616	222393	0.004667	1	2	225596	0	0	0	nan	0	0	0	0	0	0	nan	0	0	0	0.004667	0.000145	0.004667	0.000145	1.000000	0.031069
40	G	2940	225629	220907	0.013309	1	3	225609	0	0	0	nan	0	0	0	0	0	0	nan	0	0	0	0.013309	0.000245	0.013309	0.000245	1.000000	0.018409
41	A	2648	225647	221749	0.011941	1	3	225629	0	0	0	nan	0	0	0	0	0	0	nan	0	0	0	0.011941	0.000232	0.011941	0.000232	1.035467	0.020118
42	U	743	225694	221101	0.003360	1	3	225680	0	0	0	nan	0	0	0	0	0	0	nan	0	0	0	0.003360	0.000123	0.003360	0.000123	0.719949	0.026355
43	U	831	225713	220925	0.003761	1	3	225703	0	0	0	nan	0	0	0	0	0	0	nan	0	0	0	0.003761	0.000130	0.003761	0.000130	0.805871	0.027855
44	C	4232	225725	220615	0.019183	1	3	225715	0	0	0	nan	0	0	0	0	0	0	nan	0	0	0	0.019183	0.000295	0.019183	0.000295	0.553838	0.008517
45	A	2802	225745	221202	0.012667	1	3	225737	0	0	0	nan	0	0	0	0	0	0	nan	0	0	0	0.012667	0.000239	0.012667	0.000239	1.098422	0.020725
46	G	2619	225767	221836	0.011806	1	3	225761	0	0	0	nan	0	0	0	0	0	0	nan	0	0	0	0.011806	0.000231	0.011806	0.000231	0.887069	0.017357
47	G	2789	225780	221469	0.012593	1	3	225774	0	0	0	nan	0	0	0	0	0	0	nan	0	0	0	0.012593	0.000238	0.012593	0.000238	0.946202	0.017883
48	A	2555	225784	221567	0.011532	1	3	225778	0	0	0	nan	0	0	0	0	0	0	nan	0	0	0	0.011532	0.000228	0.011532	0.000228	1.000000	0.019771
49	G	7458	225822	220972	0.033751	1	3	225821	0	0	0	nan	0	0	0	0	0	0	nan	0	0	0	0.033751	0.000391	0.033751	0.000391	2.535953	0.029379
50	G	1678	225830	221401	0.007579	1	3	225830	0	0	0	nan	0	0	0	0	0	0	nan	0	0	0	0.007579	0.000185	0.007579	0.000185	0.569464	0.013900
51	U	300	225836	221722	0.001353	1	3	225836	0	0	0	nan	0	0	0	0	0	0	nan	0	0	0	0.001353	0.000078	0.001353	0.000078	0.289908	0.016713
52	U	879	225843	221361	0.003971	1	3	225843	0	0	0	nan	0	0	0	0	0	0	nan	0	0	0	0.003971	0.000134	0.003971	0.000134	0.850868	0.028712
53	A	1774	225849	222370	0.007978	0	3	225849	0	0	0	nan	0	0	0	0	0	0	nan	0	0	0	0.007978	0.000189	0.007978	0.000189	0.691814	0.016389
54	A	1619	225843	222043	0.007291	0	3	225842	0	0	0	nan	0	0	0	0	0	0	nan	0	0	0	0.007291	0.000181	0.007291	0.000181	0.632241	0.015695
55	U	3789	225844	222543	0.017026	0	3	225843	0	0	0	nan	0	0	0	0	0	0	nan	0	0	0	0.017026	0.000277	0.017026	0.000277	3.648168	0.059353
56	G	2792	225850	222520	0.012547	0	3	225850	0	0	0	nan	0	0	0	0	0	0	nan	0	0	0	0.012547	0.000237	0.012547	0.000237	0.942746	0.017807
57	G	0	225851	222779	0.000000	0	3	225851	0	0	0	nan	0	0	0	0	0	0	nan	0	0	0	0.000000	0.000000	0.000000	0.000000	0.000000	0.000000
58	A	0	225853	0	nan	0	3	225853	0	0	0	nan	0	0	0	0	0	0	nan	0	0	0	nan	nan	nan	nan	nan	nan
59	A	0	225853	0	nan	0	3	225853	0	0	0	nan	0	0	0	0	0	0	nan	0	0	0	nan	nan	nan	nan	nan	nan
60	G	0	225853	0	nan	0	3	225853	0	0	0	nan	0	0	0	0	0	0	nan	0	0	0	nan	nan	nan	nan	nan	nan
61	u	0	225853	0	nan	0	3	225853	0	0	0	nan	0	0	0	0	0	0	nan	0	0	0	nan	nan	nan	nan	nan	nan
62	a	0	225853	0	nan	0	3	225853	0	0	0	nan	0	0	0	0	0	0	nan	0	0	0	nan	nan	nan	nan	nan	nan
63	a	0	225853	0	nan	0	3	225853	0	0	0	nan	0	0	0	0	0	0	nan	0	0	0	nan	nan	nan	nan	nan	nan
64	a	0	225853	0	nan	0	3	225853	0	0	0	nan	0	0	0	0	0	0	nan	0	0	0	nan	nan	nan	nan	nan	nan
65	g	0	225853	0	nan	0	3	225853	0	0	0	nan	0	0	0	0	0	0	nan	0	0	0	nan	nan	nan	nan	nan	nan
66	g	0	225853	0	nan	0	3	225853	0	0	0	nan	0	0	0	0	0	0	nan	0	0	0	nan	nan	nan	nan	nan	nan
67	u	0	225853	0	nan	0	3	225853	0	0	0	nan	0	0	0	0	0	0	nan	0	0	0	nan	nan	nan	nan	nan	nan
68	a	0	225853	0	nan	0	3	225853	0	0	0	nan	0	0	0	0	0	0	nan	0	0	0	nan	nan	nan	nan	nan	nan
69	a	0	225853	0	nan	0	3	225853	0	0	0	nan	0	0	0	0	0	0	nan	0	0	0	nan	nan	nan	nan	nan	nan
70	u	0	225853	0	nan	0	3	225853	0	0	0	nan	0	0	0	0	0	0	nan	0	0	0	nan	nan	nan	nan	nan	nan
71	g	0	225853	0	nan	0	3	225853	0	0	0	nan	0	0	0	0	0	0	nan	0	0	0	nan	nan	nan	nan	nan	nan
72	a	0	225852	0	nan	0	3	225852	0	0	0	nan	0	0	0	0	0	0	nan	0	0	0	nan	nan	nan	nan	nan	nan
73	a	0	225852	0	nan	0	3	225852	0	0	0	nan	0	0	0	0	0	0	nan	0	0	0	nan	nan	nan	nan	nan	nan
74	g	0	225852	0	nan	0	3	225852	0	0	0	nan	0	0	0	0	0	0	nan	0	0	0	nan	nan	nan	nan	nan	nan
75	g	0	225852	0	nan	0	3	225852	0	0	0	nan	0	0	0	0	0	0	nan	0	0	0	nan	nan	nan	nan	nan	nan
76	u	0	225844	0	nan	0	3	225844	0	0	0	nan	0	0	0	0	0	0	nan	0	0	0	nan	nan	nan	nan	nan	nan
77	g	0	225838	0	nan	0	3	225838	0	0	0	nan	0	0	0	0	0	0	nan	0	0	0	nan	nan	nan	nan	nan	nan
78	a	0	225838	0	nan	0	3	225838	0	0	0	nan	0	0	0	0	0	0	nan	0	0	0	nan	nan	nan	nan	nan	nan
79	a	0	225801	0	nan	0	3	225801	0	0	0	nan	0	0	0	0	0	0	nan	0	0	0	nan	nan	nan	nan	nan	nan
80	g	0	225708	0	nan	0	3	225708	0	0	0	nan	0	0	0	0	0	0	nan	0	0	0	nan	nan	nan	nan	nan	nan