Nucleotide	Sequence	Modified_mutations	Modified_read_depth	Modified_effective_depth	Modified_rate	Modified_off_target_mapped_depth	Modified_low_mapq_mapped_depth	Modified_primer_pair_1_mapped_depth	Untreated_mutations	Untreated_read_depth	Untreated_effective_depth	Untreated_rate	Untreated_off_target_mapped_depth	Untreated_low_mapq_mapped_depth	Untreated_primer_pair_1_mapped_depth	Denatured_mutations	Denatured_read_depth	Denatured_effective_depth	Denatured_rate	Denatured_off_target_mapped_depth	Denatured_low_mapq_mapped_depth	Denatured_primer_pair_1_mapped_depth	Reactivity_profile	Std_err	HQ_profile	HQ_stderr	Norm_profile	Norm_stderr
1	g	0	251977	0	nan	22	1	251977	0	0	0	nan	0	0	0	0	0	0	nan	0	0	0	nan	nan	nan	nan	nan	nan
2	g	0	252431	0	nan	22	1	252431	0	0	0	nan	0	0	0	0	0	0	nan	0	0	0	nan	nan	nan	nan	nan	nan
3	c	0	252561	0	nan	25	1	252561	0	0	0	nan	0	0	0	0	0	0	nan	0	0	0	nan	nan	nan	nan	nan	nan
4	a	0	252588	0	nan	25	1	252588	0	0	0	nan	0	0	0	0	0	0	nan	0	0	0	nan	nan	nan	nan	nan	nan
5	c	0	252624	0	nan	25	1	252624	0	0	0	nan	0	0	0	0	0	0	nan	0	0	0	nan	nan	nan	nan	nan	nan
6	c	0	254396	0	nan	25	1	254396	0	0	0	nan	0	0	0	0	0	0	nan	0	0	0	nan	nan	nan	nan	nan	nan
7	u	0	254510	0	nan	25	1	254510	0	0	0	nan	0	0	0	0	0	0	nan	0	0	0	nan	nan	nan	nan	nan	nan
8	c	0	254516	0	nan	25	1	254516	0	0	0	nan	0	0	0	0	0	0	nan	0	0	0	nan	nan	nan	nan	nan	nan
9	a	0	254521	0	nan	25	1	254521	0	0	0	nan	0	0	0	0	0	0	nan	0	0	0	nan	nan	nan	nan	nan	nan
10	u	0	254521	0	nan	25	1	254521	0	0	0	nan	0	0	0	0	0	0	nan	0	0	0	nan	nan	nan	nan	nan	nan
11	a	0	254525	0	nan	25	1	254525	0	0	0	nan	0	0	0	0	0	0	nan	0	0	0	nan	nan	nan	nan	nan	nan
12	a	0	254536	0	nan	25	1	254536	0	0	0	nan	0	0	0	0	0	0	nan	0	0	0	nan	nan	nan	nan	nan	nan
13	c	0	254547	0	nan	26	1	254547	0	0	0	nan	0	0	0	0	0	0	nan	0	0	0	nan	nan	nan	nan	nan	nan
14	a	0	254549	0	nan	26	1	254549	0	0	0	nan	0	0	0	0	0	0	nan	0	0	0	nan	nan	nan	nan	nan	nan
15	u	0	254552	0	nan	26	1	254552	0	0	0	nan	0	0	0	0	0	0	nan	0	0	0	nan	nan	nan	nan	nan	nan
16	a	0	254557	0	nan	26	1	254557	0	0	0	nan	0	0	0	0	0	0	nan	0	0	0	nan	nan	nan	nan	nan	nan
17	a	0	254560	0	nan	26	1	254560	0	0	0	nan	0	0	0	0	0	0	nan	0	0	0	nan	nan	nan	nan	nan	nan
18	c	0	254565	0	nan	26	1	254565	0	0	0	nan	0	0	0	0	0	0	nan	0	0	0	nan	nan	nan	nan	nan	nan
19	U	0	254570	4	0.000000	26	1	254570	0	0	0	nan	0	0	0	0	0	0	nan	0	0	0	0.000000	0.000000	nan	nan	nan	nan
20	A	0	254581	9	0.000000	26	1	254581	0	0	0	nan	0	0	0	0	0	0	nan	0	0	0	0.000000	0.000000	nan	nan	nan	nan
21	A	0	254591	15	0.000000	26	1	254591	0	0	0	nan	0	0	0	0	0	0	nan	0	0	0	0.000000	0.000000	nan	nan	nan	nan
22	G	0	254597	252206	0.000000	26	1	254597	0	0	0	nan	0	0	0	0	0	0	nan	0	0	0	0.000000	0.000000	0.000000	0.000000	nan	nan
23	G	119	254604	250543	0.000475	26	1	254604	0	0	0	nan	0	0	0	0	0	0	nan	0	0	0	0.000475	0.000044	0.000475	0.000044	nan	nan
24	C	1968	254614	252639	0.007790	26	1	254614	0	0	0	nan	0	0	0	0	0	0	nan	0	0	0	0.007790	0.000176	0.007790	0.000176	0.896768	0.020261
25	A	1197	254624	253409	0.004724	26	1	254624	0	0	0	nan	0	0	0	0	0	0	nan	0	0	0	0.004724	0.000137	0.004724	0.000137	0.725207	0.021032
26	G	110	254630	246755	0.000446	26	1	254628	0	0	0	nan	0	0	0	0	0	0	nan	0	0	0	0.000446	0.000043	0.000446	0.000043	nan	nan
27	A	1163	254645	247217	0.004704	26	1	254642	0	0	0	nan	0	0	0	0	0	0	nan	0	0	0	0.004704	0.000138	0.004704	0.000138	0.722137	0.021185
28	U	1184	254646	247082	0.004792	26	1	254643	0	0	0	nan	0	0	0	0	0	0	nan	0	0	0	0.004792	0.000139	0.004792	0.000139	1.092318	0.031685
29	C	2200	254650	253455	0.008680	26	1	254646	0	0	0	nan	0	0	0	0	0	0	nan	0	0	0	0.008680	0.000185	0.008680	0.000185	0.999223	0.021297
30	U	837	254654	253343	0.003304	26	1	254648	0	0	0	nan	0	0	0	0	0	0	nan	0	0	0	0.003304	0.000114	0.003304	0.000114	0.753134	0.025986
31	G	140	254654	252687	0.000554	26	1	254649	0	0	0	nan	0	0	0	0	0	0	nan	0	0	0	0.000554	0.000047	0.000554	0.000047	nan	nan
32	A	1648	254655	252999	0.006514	26	1	254649	0	0	0	nan	0	0	0	0	0	0	nan	0	0	0	0.006514	0.000160	0.006514	0.000160	1.000000	0.024562
33	G	193	254664	251131	0.000769	26	1	254658	0	0	0	nan	0	0	0	0	0	0	nan	0	0	0	0.000769	0.000055	0.000769	0.000055	nan	nan
34	C	1833	254665	246540	0.007435	26	1	254659	0	0	0	nan	0	0	0	0	0	0	nan	0	0	0	0.007435	0.000174	0.007435	0.000174	0.855901	0.020031
35	C	1937	254667	235229	0.008235	26	1	254656	0	0	0	nan	0	0	0	0	0	0	nan	0	0	0	0.008235	0.000187	0.008235	0.000187	0.947996	0.021527
36	U	934	254676	234528	0.003982	26	1	254660	0	0	0	nan	0	0	0	0	0	0	nan	0	0	0	0.003982	0.000130	0.003982	0.000130	0.907682	0.029633
37	U	1185	254686	239105	0.004956	26	1	254661	0	0	0	nan	0	0	0	0	0	0	nan	0	0	0	0.004956	0.000144	0.004956	0.000144	1.129701	0.032824
38	C	2533	254691	250653	0.010106	26	1	254656	0	0	0	nan	0	0	0	0	0	0	nan	0	0	0	0.010106	0.000201	0.010106	0.000201	1.163381	0.023139
39	G	119	254741	250503	0.000475	26	1	254711	0	0	0	nan	0	0	0	0	0	0	nan	0	0	0	0.000475	0.000044	0.000475	0.000044	nan	nan
40	G	137	254773	252165	0.000543	26	1	254765	0	0	0	nan	0	0	0	0	0	0	nan	0	0	0	0.000543	0.000046	0.000543	0.000046	nan	nan
41	G	126	254772	250370	0.000503	26	1	254765	0	0	0	nan	0	0	0	0	0	0	nan	0	0	0	0.000503	0.000045	0.000503	0.000045	nan	nan
42	A	1721	254773	250871	0.006860	26	1	254767	0	0	0	nan	0	0	0	0	0	0	nan	0	0	0	0.006860	0.000165	0.006860	0.000165	1.053116	0.025330
43	G	205	254773	250282	0.000819	26	1	254767	0	0	0	nan	0	0	0	0	0	0	nan	0	0	0	0.000819	0.000057	0.000819	0.000057	nan	nan
44	C	1769	254774	253512	0.006978	26	1	254768	0	0	0	nan	0	0	0	0	0	0	nan	0	0	0	0.006978	0.000166	0.006978	0.000166	0.803292	0.019110
45	U	596	254775	253808	0.002348	26	1	254769	0	0	0	nan	0	0	0	0	0	0	nan	0	0	0	0.002348	0.000096	0.002348	0.000096	0.535218	0.021883
46	C	1869	254775	253904	0.007361	26	1	254768	0	0	0	nan	0	0	0	0	0	0	nan	0	0	0	0.007361	0.000170	0.007361	0.000170	0.847383	0.019570
47	U	805	254775	253797	0.003172	26	1	254766	0	0	0	nan	0	0	0	0	0	0	nan	0	0	0	0.003172	0.000112	0.003172	0.000112	0.723045	0.025530
48	C	2205	254771	253775	0.008689	26	1	254760	0	0	0	nan	0	0	0	0	0	0	nan	0	0	0	0.008689	0.000185	0.008689	0.000185	1.000259	0.021297
49	U	652	254777	253782	0.002569	26	1	254768	0	0	0	nan	0	0	0	0	0	0	nan	0	0	0	0.002569	0.000101	0.002569	0.000101	0.585594	0.023023
50	G	177	254778	252473	0.000701	26	1	254772	0	0	0	nan	0	0	0	0	0	0	nan	0	0	0	0.000701	0.000053	0.000701	0.000053	nan	nan
51	C	2206	254781	253120	0.008715	26	1	254775	0	0	0	nan	0	0	0	0	0	0	nan	0	0	0	0.008715	0.000186	0.008715	0.000186	1.003252	0.021412
52	C	2082	254788	253177	0.008223	26	1	254784	0	0	0	nan	0	0	0	0	0	0	nan	0	0	0	0.008223	0.000180	0.008223	0.000180	0.946614	0.020721
53	A	1282	254796	253142	0.005064	26	1	254793	0	0	0	nan	0	0	0	0	0	0	nan	0	0	0	0.005064	0.000141	0.005064	0.000141	0.777403	0.021646
54	A	0	254674	252612	0.000000	26	1	254674	0	0	0	nan	0	0	0	0	0	0	nan	0	0	0	0.000000	0.000000	0.000000	0.000000	0.000000	0.000000
55	U	0	254671	0	nan	23	1	254671	0	0	0	nan	0	0	0	0	0	0	nan	0	0	0	nan	nan	nan	nan	nan	nan
56	C	0	254671	0	nan	22	1	254671	0	0	0	nan	0	0	0	0	0	0	nan	0	0	0	nan	nan	nan	nan	nan	nan
57	C	0	254671	0	nan	22	1	254671	0	0	0	nan	0	0	0	0	0	0	nan	0	0	0	nan	nan	nan	nan	nan	nan
58	a	0	254671	0	nan	22	1	254671	0	0	0	nan	0	0	0	0	0	0	nan	0	0	0	nan	nan	nan	nan	nan	nan
59	c	0	254671	0	nan	22	1	254671	0	0	0	nan	0	0	0	0	0	0	nan	0	0	0	nan	nan	nan	nan	nan	nan
60	u	0	254671	0	nan	22	1	254671	0	0	0	nan	0	0	0	0	0	0	nan	0	0	0	nan	nan	nan	nan	nan	nan
61	a	0	254671	0	nan	22	1	254671	0	0	0	nan	0	0	0	0	0	0	nan	0	0	0	nan	nan	nan	nan	nan	nan
62	a	0	254671	0	nan	22	1	254671	0	0	0	nan	0	0	0	0	0	0	nan	0	0	0	nan	nan	nan	nan	nan	nan
63	c	0	254671	0	nan	1	1	254671	0	0	0	nan	0	0	0	0	0	0	nan	0	0	0	nan	nan	nan	nan	nan	nan
64	c	0	254671	0	nan	1	1	254671	0	0	0	nan	0	0	0	0	0	0	nan	0	0	0	nan	nan	nan	nan	nan	nan
65	u	0	254671	0	nan	1	1	254671	0	0	0	nan	0	0	0	0	0	0	nan	0	0	0	nan	nan	nan	nan	nan	nan
66	c	0	254671	0	nan	1	1	254671	0	0	0	nan	0	0	0	0	0	0	nan	0	0	0	nan	nan	nan	nan	nan	nan
67	a	0	254671	0	nan	1	1	254671	0	0	0	nan	0	0	0	0	0	0	nan	0	0	0	nan	nan	nan	nan	nan	nan
68	c	0	254671	0	nan	1	1	254671	0	0	0	nan	0	0	0	0	0	0	nan	0	0	0	nan	nan	nan	nan	nan	nan
69	u	0	254671	0	nan	1	1	254671	0	0	0	nan	0	0	0	0	0	0	nan	0	0	0	nan	nan	nan	nan	nan	nan
70	c	0	254670	0	nan	1	1	254670	0	0	0	nan	0	0	0	0	0	0	nan	0	0	0	nan	nan	nan	nan	nan	nan
71	a	0	254663	0	nan	1	1	254663	0	0	0	nan	0	0	0	0	0	0	nan	0	0	0	nan	nan	nan	nan	nan	nan
72	c	0	254640	0	nan	1	1	254640	0	0	0	nan	0	0	0	0	0	0	nan	0	0	0	nan	nan	nan	nan	nan	nan
73	a	0	254631	0	nan	1	1	254631	0	0	0	nan	0	0	0	0	0	0	nan	0	0	0	nan	nan	nan	nan	nan	nan
74	a	0	254556	0	nan	1	1	254556	0	0	0	nan	0	0	0	0	0	0	nan	0	0	0	nan	nan	nan	nan	nan	nan
75	u	0	254400	0	nan	1	1	254400	0	0	0	nan	0	0	0	0	0	0	nan	0	0	0	nan	nan	nan	nan	nan	nan
76	c	0	254031	0	nan	1	1	254031	0	0	0	nan	0	0	0	0	0	0	nan	0	0	0	nan	nan	nan	nan	nan	nan