Nucleotide	Sequence	Modified_mutations	Modified_read_depth	Modified_effective_depth	Modified_rate	Modified_off_target_mapped_depth	Modified_low_mapq_mapped_depth	Modified_primer_pair_1_mapped_depth	Untreated_mutations	Untreated_read_depth	Untreated_effective_depth	Untreated_rate	Untreated_off_target_mapped_depth	Untreated_low_mapq_mapped_depth	Untreated_primer_pair_1_mapped_depth	Denatured_mutations	Denatured_read_depth	Denatured_effective_depth	Denatured_rate	Denatured_off_target_mapped_depth	Denatured_low_mapq_mapped_depth	Denatured_primer_pair_1_mapped_depth	Reactivity_profile	Std_err	HQ_profile	HQ_stderr	Norm_profile	Norm_stderr
1	g	0	224714	0	nan	20	0	224714	0	0	0	nan	0	0	0	0	0	0	nan	0	0	0	nan	nan	nan	nan	nan	nan
2	g	0	225148	0	nan	20	0	225148	0	0	0	nan	0	0	0	0	0	0	nan	0	0	0	nan	nan	nan	nan	nan	nan
3	c	0	225287	0	nan	20	0	225287	0	0	0	nan	0	0	0	0	0	0	nan	0	0	0	nan	nan	nan	nan	nan	nan
4	a	0	229688	0	nan	53	0	229688	0	0	0	nan	0	0	0	0	0	0	nan	0	0	0	nan	nan	nan	nan	nan	nan
5	c	0	229768	0	nan	53	0	229768	0	0	0	nan	0	0	0	0	0	0	nan	0	0	0	nan	nan	nan	nan	nan	nan
6	c	0	229792	0	nan	53	0	229792	0	0	0	nan	0	0	0	0	0	0	nan	0	0	0	nan	nan	nan	nan	nan	nan
7	u	0	229800	0	nan	53	0	229800	0	0	0	nan	0	0	0	0	0	0	nan	0	0	0	nan	nan	nan	nan	nan	nan
8	c	0	229803	0	nan	53	0	229803	0	0	0	nan	0	0	0	0	0	0	nan	0	0	0	nan	nan	nan	nan	nan	nan
9	a	0	229803	0	nan	53	0	229803	0	0	0	nan	0	0	0	0	0	0	nan	0	0	0	nan	nan	nan	nan	nan	nan
10	u	0	229873	0	nan	53	0	229873	0	0	0	nan	0	0	0	0	0	0	nan	0	0	0	nan	nan	nan	nan	nan	nan
11	a	0	229968	0	nan	53	0	229968	0	0	0	nan	0	0	0	0	0	0	nan	0	0	0	nan	nan	nan	nan	nan	nan
12	a	0	229981	0	nan	53	0	229981	0	0	0	nan	0	0	0	0	0	0	nan	0	0	0	nan	nan	nan	nan	nan	nan
13	c	0	229984	0	nan	53	0	229984	0	0	0	nan	0	0	0	0	0	0	nan	0	0	0	nan	nan	nan	nan	nan	nan
14	a	0	229986	0	nan	53	0	229986	0	0	0	nan	0	0	0	0	0	0	nan	0	0	0	nan	nan	nan	nan	nan	nan
15	u	0	229990	0	nan	53	0	229990	0	0	0	nan	0	0	0	0	0	0	nan	0	0	0	nan	nan	nan	nan	nan	nan
16	a	0	229999	0	nan	53	0	229999	0	0	0	nan	0	0	0	0	0	0	nan	0	0	0	nan	nan	nan	nan	nan	nan
17	a	0	230001	0	nan	53	0	230001	0	0	0	nan	0	0	0	0	0	0	nan	0	0	0	nan	nan	nan	nan	nan	nan
18	c	0	230010	0	nan	53	0	230010	0	0	0	nan	0	0	0	0	0	0	nan	0	0	0	nan	nan	nan	nan	nan	nan
19	U	0	230013	3	0.000000	53	0	230013	0	0	0	nan	0	0	0	0	0	0	nan	0	0	0	0.000000	0.000000	nan	nan	nan	nan
20	A	0	230041	29	0.000000	53	0	230041	0	0	0	nan	0	0	0	0	0	0	nan	0	0	0	0.000000	0.000000	nan	nan	nan	nan
21	A	0	230052	37	0.000000	53	0	230052	0	0	0	nan	0	0	0	0	0	0	nan	0	0	0	0.000000	0.000000	nan	nan	nan	nan
22	G	0	230065	227993	0.000000	53	0	230065	0	0	0	nan	0	0	0	0	0	0	nan	0	0	0	0.000000	0.000000	0.000000	0.000000	nan	nan
23	G	172	230068	226719	0.000759	53	0	230068	0	0	0	nan	0	0	0	0	0	0	nan	0	0	0	0.000759	0.000058	0.000759	0.000058	nan	nan
24	C	5197	230074	227384	0.022856	53	0	230074	0	0	0	nan	0	0	0	0	0	0	nan	0	0	0	0.022856	0.000317	0.022856	0.000317	0.872849	0.012106
25	A	3915	230092	227897	0.017179	53	0	230092	0	0	0	nan	0	0	0	0	0	0	nan	0	0	0	0.017179	0.000275	0.017179	0.000275	1.000000	0.016008
26	G	188	230096	227942	0.000825	53	0	230096	0	0	0	nan	0	0	0	0	0	0	nan	0	0	0	0.000825	0.000060	0.000825	0.000060	nan	nan
27	A	3311	230103	228454	0.014493	53	0	230103	0	0	0	nan	0	0	0	0	0	0	nan	0	0	0	0.014493	0.000252	0.014493	0.000252	0.843646	0.014669
28	U	430	230112	227945	0.001886	53	0	230112	0	0	0	nan	0	0	0	0	0	0	nan	0	0	0	0.001886	0.000091	0.001886	0.000091	nan	nan
29	C	4685	230113	228325	0.020519	53	0	230112	0	0	0	nan	0	0	0	0	0	0	nan	0	0	0	0.020519	0.000300	0.020519	0.000300	0.783602	0.011457
30	U	431	230113	228237	0.001888	53	0	230110	0	0	0	nan	0	0	0	0	0	0	nan	0	0	0	0.001888	0.000091	0.001888	0.000091	nan	nan
31	G	200	230117	227983	0.000877	53	0	230113	0	0	0	nan	0	0	0	0	0	0	nan	0	0	0	0.000877	0.000062	0.000877	0.000062	nan	nan
32	A	3842	230120	228373	0.016823	53	0	230115	0	0	0	nan	0	0	0	0	0	0	nan	0	0	0	0.016823	0.000271	0.016823	0.000271	0.979277	0.015775
33	G	180	230123	227169	0.000792	53	0	230118	0	0	0	nan	0	0	0	0	0	0	nan	0	0	0	0.000792	0.000059	0.000792	0.000059	nan	nan
34	C	5405	230126	227571	0.023751	53	0	230119	0	0	0	nan	0	0	0	0	0	0	nan	0	0	0	0.023751	0.000323	0.023751	0.000323	0.907029	0.012335
35	U	556	230130	227221	0.002447	53	0	230121	0	0	0	nan	0	0	0	0	0	0	nan	0	0	0	0.002447	0.000104	0.002447	0.000104	nan	nan
36	U	400	230132	227173	0.001761	53	0	230115	0	0	0	nan	0	0	0	0	0	0	nan	0	0	0	0.001761	0.000088	0.001761	0.000088	nan	nan
37	G	203	230133	226784	0.000895	53	0	230063	0	0	0	nan	0	0	0	0	0	0	nan	0	0	0	0.000895	0.000063	0.000895	0.000063	nan	nan
38	G	219	230134	221272	0.000990	53	0	230065	0	0	0	nan	0	0	0	0	0	0	nan	0	0	0	0.000990	0.000067	0.000990	0.000067	nan	nan
39	G	275	230134	220672	0.001246	53	0	230070	0	0	0	nan	0	0	0	0	0	0	nan	0	0	0	0.001246	0.000075	0.001246	0.000075	nan	nan
40	A	4369	230135	221978	0.019682	53	0	230099	0	0	0	nan	0	0	0	0	0	0	nan	0	0	0	0.019682	0.000298	0.019682	0.000298	1.145701	0.017347
41	G	239	230141	226766	0.001054	52	0	230122	0	0	0	nan	0	0	0	0	0	0	nan	0	0	0	0.001054	0.000068	0.001054	0.000068	nan	nan
42	C	5822	230148	227935	0.025542	26	0	230142	0	0	0	nan	0	0	0	0	0	0	nan	0	0	0	0.025542	0.000335	0.025542	0.000335	0.975425	0.012793
43	U	371	230149	227936	0.001628	25	0	230142	0	0	0	nan	0	0	0	0	0	0	nan	0	0	0	0.001628	0.000085	0.001628	0.000085	nan	nan
44	C	5306	230150	228281	0.023243	25	0	230142	0	0	0	nan	0	0	0	0	0	0	nan	0	0	0	0.023243	0.000319	0.023243	0.000319	0.887629	0.012182
45	U	385	230150	228220	0.001687	25	0	230143	0	0	0	nan	0	0	0	0	0	0	nan	0	0	0	0.001687	0.000086	0.001687	0.000086	nan	nan
46	C	5607	230150	228021	0.024590	24	0	230145	0	0	0	nan	0	0	0	0	0	0	nan	0	0	0	0.024590	0.000328	0.024590	0.000328	0.939069	0.012526
47	U	393	230148	228018	0.001724	24	0	230143	0	0	0	nan	0	0	0	0	0	0	nan	0	0	0	0.001724	0.000087	0.001724	0.000087	nan	nan
48	G	183	230151	227216	0.000805	24	0	230145	0	0	0	nan	0	0	0	0	0	0	nan	0	0	0	0.000805	0.000060	0.000805	0.000060	nan	nan
49	C	6406	230154	227845	0.028116	24	0	230149	0	0	0	nan	0	0	0	0	0	0	nan	0	0	0	0.028116	0.000351	0.028116	0.000351	1.073724	0.013404
50	C	6539	230160	228199	0.028655	24	0	230155	0	0	0	nan	0	0	0	0	0	0	nan	0	0	0	0.028655	0.000354	0.028655	0.000354	1.094308	0.013519
51	A	3023	230163	228699	0.013218	24	0	230162	0	0	0	nan	0	0	0	0	0	0	nan	0	0	0	0.013218	0.000240	0.013218	0.000240	0.769428	0.013971
52	A	0	230164	227532	0.000000	24	0	230164	0	0	0	nan	0	0	0	0	0	0	nan	0	0	0	0.000000	0.000000	0.000000	0.000000	0.000000	0.000000
53	U	0	230156	194	0.000000	19	0	230156	0	0	0	nan	0	0	0	0	0	0	nan	0	0	0	0.000000	0.000000	nan	nan	nan	nan
54	C	0	229917	0	nan	16	0	229917	0	0	0	nan	0	0	0	0	0	0	nan	0	0	0	nan	nan	nan	nan	nan	nan
55	C	0	229917	0	nan	16	0	229917	0	0	0	nan	0	0	0	0	0	0	nan	0	0	0	nan	nan	nan	nan	nan	nan
56	a	0	229917	0	nan	16	0	229917	0	0	0	nan	0	0	0	0	0	0	nan	0	0	0	nan	nan	nan	nan	nan	nan
57	c	0	229917	0	nan	16	0	229917	0	0	0	nan	0	0	0	0	0	0	nan	0	0	0	nan	nan	nan	nan	nan	nan
58	u	0	229917	0	nan	16	0	229917	0	0	0	nan	0	0	0	0	0	0	nan	0	0	0	nan	nan	nan	nan	nan	nan
59	a	0	229917	0	nan	16	0	229917	0	0	0	nan	0	0	0	0	0	0	nan	0	0	0	nan	nan	nan	nan	nan	nan
60	a	0	229917	0	nan	16	0	229917	0	0	0	nan	0	0	0	0	0	0	nan	0	0	0	nan	nan	nan	nan	nan	nan
61	c	0	229917	0	nan	4	0	229917	0	0	0	nan	0	0	0	0	0	0	nan	0	0	0	nan	nan	nan	nan	nan	nan
62	c	0	229917	0	nan	3	0	229917	0	0	0	nan	0	0	0	0	0	0	nan	0	0	0	nan	nan	nan	nan	nan	nan
63	u	0	229917	0	nan	0	0	229917	0	0	0	nan	0	0	0	0	0	0	nan	0	0	0	nan	nan	nan	nan	nan	nan
64	c	0	229917	0	nan	0	0	229917	0	0	0	nan	0	0	0	0	0	0	nan	0	0	0	nan	nan	nan	nan	nan	nan
65	a	0	229917	0	nan	0	0	229917	0	0	0	nan	0	0	0	0	0	0	nan	0	0	0	nan	nan	nan	nan	nan	nan
66	c	0	229915	0	nan	0	0	229915	0	0	0	nan	0	0	0	0	0	0	nan	0	0	0	nan	nan	nan	nan	nan	nan
67	u	0	229914	0	nan	0	0	229914	0	0	0	nan	0	0	0	0	0	0	nan	0	0	0	nan	nan	nan	nan	nan	nan
68	c	0	229914	0	nan	0	0	229914	0	0	0	nan	0	0	0	0	0	0	nan	0	0	0	nan	nan	nan	nan	nan	nan
69	a	0	229914	0	nan	0	0	229914	0	0	0	nan	0	0	0	0	0	0	nan	0	0	0	nan	nan	nan	nan	nan	nan
70	c	0	229906	0	nan	0	0	229906	0	0	0	nan	0	0	0	0	0	0	nan	0	0	0	nan	nan	nan	nan	nan	nan
71	a	0	229904	0	nan	0	0	229904	0	0	0	nan	0	0	0	0	0	0	nan	0	0	0	nan	nan	nan	nan	nan	nan
72	a	0	229830	0	nan	0	0	229830	0	0	0	nan	0	0	0	0	0	0	nan	0	0	0	nan	nan	nan	nan	nan	nan
73	u	0	229720	0	nan	0	0	229720	0	0	0	nan	0	0	0	0	0	0	nan	0	0	0	nan	nan	nan	nan	nan	nan
74	c	0	229401	0	nan	0	0	229401	0	0	0	nan	0	0	0	0	0	0	nan	0	0	0	nan	nan	nan	nan	nan	nan