Nucleotide	Sequence	Modified_mutations	Modified_read_depth	Modified_effective_depth	Modified_rate	Modified_off_target_mapped_depth	Modified_low_mapq_mapped_depth	Modified_primer_pair_1_mapped_depth	Untreated_mutations	Untreated_read_depth	Untreated_effective_depth	Untreated_rate	Untreated_off_target_mapped_depth	Untreated_low_mapq_mapped_depth	Untreated_primer_pair_1_mapped_depth	Denatured_mutations	Denatured_read_depth	Denatured_effective_depth	Denatured_rate	Denatured_off_target_mapped_depth	Denatured_low_mapq_mapped_depth	Denatured_primer_pair_1_mapped_depth	Reactivity_profile	Std_err	HQ_profile	HQ_stderr	Norm_profile	Norm_stderr
1	g	0	561051	0	nan	4	3	561051	0	0	0	nan	0	0	0	0	0	0	nan	0	0	0	nan	nan	nan	nan	nan	nan
2	g	0	561337	0	nan	4	3	561337	0	0	0	nan	0	0	0	0	0	0	nan	0	0	0	nan	nan	nan	nan	nan	nan
3	u	0	561475	0	nan	4	3	561475	0	0	0	nan	0	0	0	0	0	0	nan	0	0	0	nan	nan	nan	nan	nan	nan
4	g	0	561531	0	nan	4	3	561531	0	0	0	nan	0	0	0	0	0	0	nan	0	0	0	nan	nan	nan	nan	nan	nan
5	u	0	561590	0	nan	4	3	561590	0	0	0	nan	0	0	0	0	0	0	nan	0	0	0	nan	nan	nan	nan	nan	nan
6	a	0	561594	0	nan	4	3	561594	0	0	0	nan	0	0	0	0	0	0	nan	0	0	0	nan	nan	nan	nan	nan	nan
7	a	0	561596	0	nan	4	3	561596	0	0	0	nan	0	0	0	0	0	0	nan	0	0	0	nan	nan	nan	nan	nan	nan
8	g	0	561598	0	nan	4	3	561598	0	0	0	nan	0	0	0	0	0	0	nan	0	0	0	nan	nan	nan	nan	nan	nan
9	g	0	561633	0	nan	4	3	561633	0	0	0	nan	0	0	0	0	0	0	nan	0	0	0	nan	nan	nan	nan	nan	nan
10	g	0	566746	0	nan	4	3	566746	0	0	0	nan	0	0	0	0	0	0	nan	0	0	0	nan	nan	nan	nan	nan	nan
11	u	0	566814	0	nan	4	3	566814	0	0	0	nan	0	0	0	0	0	0	nan	0	0	0	nan	nan	nan	nan	nan	nan
12	g	0	566857	0	nan	4	3	566857	0	0	0	nan	0	0	0	0	0	0	nan	0	0	0	nan	nan	nan	nan	nan	nan
13	a	0	566859	0	nan	4	3	566859	0	0	0	nan	0	0	0	0	0	0	nan	0	0	0	nan	nan	nan	nan	nan	nan
14	a	0	566859	0	nan	4	3	566859	0	0	0	nan	0	0	0	0	0	0	nan	0	0	0	nan	nan	nan	nan	nan	nan
15	g	0	566860	0	nan	103	3	566860	0	0	0	nan	0	0	0	0	0	0	nan	0	0	0	nan	nan	nan	nan	nan	nan
16	u	0	566861	0	nan	109	3	566861	0	0	0	nan	0	0	0	0	0	0	nan	0	0	0	nan	nan	nan	nan	nan	nan
17	g	0	566863	0	nan	109	3	566863	0	0	0	nan	0	0	0	0	0	0	nan	0	0	0	nan	nan	nan	nan	nan	nan
18	u	0	566864	0	nan	110	3	566864	0	0	0	nan	0	0	0	0	0	0	nan	0	0	0	nan	nan	nan	nan	nan	nan
19	a	0	566869	0	nan	110	3	566869	0	0	0	nan	0	0	0	0	0	0	nan	0	0	0	nan	nan	nan	nan	nan	nan
20	A	0	566878	7	0.000000	114	3	566878	0	0	0	nan	0	0	0	0	0	0	nan	0	0	0	0.000000	0.000000	nan	nan	nan	nan
21	G	0	566888	14	0.000000	127	3	566888	0	0	0	nan	0	0	0	0	0	0	nan	0	0	0	0.000000	0.000000	nan	nan	nan	nan
22	G	0	566892	14	0.000000	127	3	566892	0	0	0	nan	0	0	0	0	0	0	nan	0	0	0	0.000000	0.000000	nan	nan	nan	nan
23	U	0	566895	565730	0.000000	136	3	566895	0	0	0	nan	0	0	0	0	0	0	nan	0	0	0	0.000000	0.000000	0.000000	0.000000	nan	nan
24	U	420	566896	565731	0.000742	136	3	566896	0	0	0	nan	0	0	0	0	0	0	nan	0	0	0	0.000742	0.000036	0.000742	0.000036	nan	nan
25	G	181	566896	565437	0.000320	136	3	566896	0	0	0	nan	0	0	0	0	0	0	nan	0	0	0	0.000320	0.000024	0.000320	0.000024	nan	nan
26	A	3233	566896	565688	0.005715	136	3	566894	0	0	0	nan	0	0	0	0	0	0	nan	0	0	0	0.005715	0.000101	0.005715	0.000101	0.884470	0.015631
27	A	3456	566896	565387	0.006113	136	3	566893	0	0	0	nan	0	0	0	0	0	0	nan	0	0	0	0.006113	0.000104	0.006113	0.000104	0.946065	0.016095
28	C	4051	566898	564717	0.007174	135	3	566893	0	0	0	nan	0	0	0	0	0	0	nan	0	0	0	0.007174	0.000113	0.007174	0.000113	0.836984	0.013184
29	U	583	566901	564608	0.001033	135	3	566896	0	0	0	nan	0	0	0	0	0	0	nan	0	0	0	0.001033	0.000043	0.001033	0.000043	nan	nan
30	U	635	566904	564889	0.001124	135	3	566900	0	0	0	nan	0	0	0	0	0	0	nan	0	0	0	0.001124	0.000045	0.001124	0.000045	nan	nan
31	U	802	566917	565239	0.001419	135	3	566912	0	0	0	nan	0	0	0	0	0	0	nan	0	0	0	0.001419	0.000050	0.001419	0.000050	nan	nan
32	U	403	566925	565610	0.000713	135	3	566916	0	0	0	nan	0	0	0	0	0	0	nan	0	0	0	0.000713	0.000035	0.000713	0.000035	nan	nan
33	G	184	566987	565241	0.000326	136	3	566971	0	0	0	nan	0	0	0	0	0	0	nan	0	0	0	0.000326	0.000024	0.000326	0.000024	nan	nan
34	A	3785	567050	565482	0.006693	136	3	567032	0	0	0	nan	0	0	0	0	0	0	nan	0	0	0	0.006693	0.000109	0.006693	0.000109	1.035828	0.016869
35	A	3428	567058	565132	0.006066	136	3	567040	0	0	0	nan	0	0	0	0	0	0	nan	0	0	0	0.006066	0.000104	0.006066	0.000104	0.938791	0.016095
36	U	400	567059	565176	0.000708	136	3	567040	0	0	0	nan	0	0	0	0	0	0	nan	0	0	0	0.000708	0.000035	0.000708	0.000035	nan	nan
37	A	3592	567068	565450	0.006352	136	3	567049	0	0	0	nan	0	0	0	0	0	0	nan	0	0	0	0.006352	0.000106	0.006352	0.000106	0.983053	0.016405
38	G	331	567074	564494	0.000586	137	3	567054	0	0	0	nan	0	0	0	0	0	0	nan	0	0	0	0.000586	0.000032	0.000586	0.000032	nan	nan
39	U	560	567075	565696	0.000990	137	3	567052	0	0	0	nan	0	0	0	0	0	0	nan	0	0	0	0.000990	0.000042	0.000990	0.000042	nan	nan
40	G	396	567077	564955	0.000701	137	3	567054	0	0	0	nan	0	0	0	0	0	0	nan	0	0	0	0.000701	0.000035	0.000701	0.000035	nan	nan
41	A	4414	567077	565272	0.007809	137	3	567054	0	0	0	nan	0	0	0	0	0	0	nan	0	0	0	0.007809	0.000118	0.007809	0.000118	1.208543	0.018262
42	U	893	567080	564912	0.001581	138	3	567059	0	0	0	nan	0	0	0	0	0	0	nan	0	0	0	0.001581	0.000053	0.001581	0.000053	nan	nan
43	U	717	567084	565054	0.001269	140	3	567066	0	0	0	nan	0	0	0	0	0	0	nan	0	0	0	0.001269	0.000047	0.001269	0.000047	nan	nan
44	C	5106	567095	565007	0.009037	140	3	567078	0	0	0	nan	0	0	0	0	0	0	nan	0	0	0	0.009037	0.000126	0.009037	0.000126	1.054339	0.014700
45	A	3674	567102	565413	0.006498	140	3	567084	0	0	0	nan	0	0	0	0	0	0	nan	0	0	0	0.006498	0.000107	0.006498	0.000107	1.005649	0.016560
46	G	239	567120	564942	0.000423	140	3	567105	0	0	0	nan	0	0	0	0	0	0	nan	0	0	0	0.000423	0.000027	0.000423	0.000027	nan	nan
47	G	221	567125	564943	0.000391	140	3	567110	0	0	0	nan	0	0	0	0	0	0	nan	0	0	0	0.000391	0.000026	0.000391	0.000026	nan	nan
48	A	3307	567128	565417	0.005849	140	3	567113	0	0	0	nan	0	0	0	0	0	0	nan	0	0	0	0.005849	0.000102	0.005849	0.000102	0.905208	0.015786
49	G	252	567136	565104	0.000446	140	3	567121	0	0	0	nan	0	0	0	0	0	0	nan	0	0	0	0.000446	0.000028	0.000446	0.000028	nan	nan
50	G	315	567138	553892	0.000569	140	3	567123	0	0	0	nan	0	0	0	0	0	0	nan	0	0	0	0.000569	0.000032	0.000569	0.000032	nan	nan
51	U	579	567141	554088	0.001045	140	3	567127	0	0	0	nan	0	0	0	0	0	0	nan	0	0	0	0.001045	0.000043	0.001045	0.000043	nan	nan
52	U	550	567144	553811	0.000993	140	3	567130	0	0	0	nan	0	0	0	0	0	0	nan	0	0	0	0.000993	0.000042	0.000993	0.000042	nan	nan
53	A	2924	567145	564466	0.005180	137	3	567127	0	0	0	nan	0	0	0	0	0	0	nan	0	0	0	0.005180	0.000096	0.005180	0.000096	0.801671	0.014857
54	A	2669	566892	562850	0.004742	91	3	566395	0	0	0	nan	0	0	0	0	0	0	nan	0	0	0	0.004742	0.000092	0.004742	0.000092	0.733885	0.014238
55	U	542	566893	562243	0.000964	91	3	566446	0	0	0	nan	0	0	0	0	0	0	nan	0	0	0	0.000964	0.000041	0.000964	0.000041	nan	nan
56	G	413	566898	562296	0.000734	91	3	566509	0	0	0	nan	0	0	0	0	0	0	nan	0	0	0	0.000734	0.000036	0.000734	0.000036	nan	nan
57	G	0	566917	562315	0.000000	91	3	566881	0	0	0	nan	0	0	0	0	0	0	nan	0	0	0	0.000000	0.000000	0.000000	0.000000	nan	nan
58	A	0	566921	0	nan	91	3	566921	0	0	0	nan	0	0	0	0	0	0	nan	0	0	0	nan	nan	nan	nan	nan	nan
59	A	0	566921	0	nan	91	3	566921	0	0	0	nan	0	0	0	0	0	0	nan	0	0	0	nan	nan	nan	nan	nan	nan
60	G	0	566921	0	nan	91	3	566921	0	0	0	nan	0	0	0	0	0	0	nan	0	0	0	nan	nan	nan	nan	nan	nan
61	u	0	566921	0	nan	91	3	566921	0	0	0	nan	0	0	0	0	0	0	nan	0	0	0	nan	nan	nan	nan	nan	nan
62	a	0	566921	0	nan	91	3	566921	0	0	0	nan	0	0	0	0	0	0	nan	0	0	0	nan	nan	nan	nan	nan	nan
63	a	0	566921	0	nan	91	3	566921	0	0	0	nan	0	0	0	0	0	0	nan	0	0	0	nan	nan	nan	nan	nan	nan
64	a	0	566921	0	nan	91	3	566921	0	0	0	nan	0	0	0	0	0	0	nan	0	0	0	nan	nan	nan	nan	nan	nan
65	g	0	566921	0	nan	91	3	566921	0	0	0	nan	0	0	0	0	0	0	nan	0	0	0	nan	nan	nan	nan	nan	nan
66	g	0	566921	0	nan	91	3	566921	0	0	0	nan	0	0	0	0	0	0	nan	0	0	0	nan	nan	nan	nan	nan	nan
67	u	0	566921	0	nan	89	3	566921	0	0	0	nan	0	0	0	0	0	0	nan	0	0	0	nan	nan	nan	nan	nan	nan
68	a	0	566921	0	nan	88	3	566921	0	0	0	nan	0	0	0	0	0	0	nan	0	0	0	nan	nan	nan	nan	nan	nan
69	a	0	566921	0	nan	88	3	566921	0	0	0	nan	0	0	0	0	0	0	nan	0	0	0	nan	nan	nan	nan	nan	nan
70	u	0	566921	0	nan	88	3	566921	0	0	0	nan	0	0	0	0	0	0	nan	0	0	0	nan	nan	nan	nan	nan	nan
71	g	0	566921	0	nan	88	3	566921	0	0	0	nan	0	0	0	0	0	0	nan	0	0	0	nan	nan	nan	nan	nan	nan
72	a	0	566920	0	nan	88	3	566920	0	0	0	nan	0	0	0	0	0	0	nan	0	0	0	nan	nan	nan	nan	nan	nan
73	a	0	566920	0	nan	88	3	566920	0	0	0	nan	0	0	0	0	0	0	nan	0	0	0	nan	nan	nan	nan	nan	nan
74	g	0	566920	0	nan	88	3	566920	0	0	0	nan	0	0	0	0	0	0	nan	0	0	0	nan	nan	nan	nan	nan	nan
75	g	0	566920	0	nan	88	3	566920	0	0	0	nan	0	0	0	0	0	0	nan	0	0	0	nan	nan	nan	nan	nan	nan
76	u	0	566905	0	nan	88	3	566905	0	0	0	nan	0	0	0	0	0	0	nan	0	0	0	nan	nan	nan	nan	nan	nan
77	g	0	566890	0	nan	88	3	566890	0	0	0	nan	0	0	0	0	0	0	nan	0	0	0	nan	nan	nan	nan	nan	nan
78	a	0	566876	0	nan	88	3	566876	0	0	0	nan	0	0	0	0	0	0	nan	0	0	0	nan	nan	nan	nan	nan	nan
79	a	0	566767	0	nan	88	3	566767	0	0	0	nan	0	0	0	0	0	0	nan	0	0	0	nan	nan	nan	nan	nan	nan
80	g	0	566582	0	nan	88	3	566582	0	0	0	nan	0	0	0	0	0	0	nan	0	0	0	nan	nan	nan	nan	nan	nan