Nucleotide	Sequence	Modified_mutations	Modified_read_depth	Modified_effective_depth	Modified_rate	Modified_off_target_mapped_depth	Modified_low_mapq_mapped_depth	Modified_primer_pair_1_mapped_depth	Untreated_mutations	Untreated_read_depth	Untreated_effective_depth	Untreated_rate	Untreated_off_target_mapped_depth	Untreated_low_mapq_mapped_depth	Untreated_primer_pair_1_mapped_depth	Denatured_mutations	Denatured_read_depth	Denatured_effective_depth	Denatured_rate	Denatured_off_target_mapped_depth	Denatured_low_mapq_mapped_depth	Denatured_primer_pair_1_mapped_depth	Reactivity_profile	Std_err	HQ_profile	HQ_stderr	Norm_profile	Norm_stderr
1	g	0	88785	0	nan	11	1	88785	0	0	0	nan	0	0	0	0	0	0	nan	0	0	0	nan	nan	nan	nan	nan	nan
2	g	0	88842	0	nan	11	1	88842	0	0	0	nan	0	0	0	0	0	0	nan	0	0	0	nan	nan	nan	nan	nan	nan
3	a	0	88863	0	nan	11	1	88863	0	0	0	nan	0	0	0	0	0	0	nan	0	0	0	nan	nan	nan	nan	nan	nan
4	u	0	88867	0	nan	11	1	88867	0	0	0	nan	0	0	0	0	0	0	nan	0	0	0	nan	nan	nan	nan	nan	nan
5	a	0	88868	0	nan	11	1	88868	0	0	0	nan	0	0	0	0	0	0	nan	0	0	0	nan	nan	nan	nan	nan	nan
6	a	0	88868	0	nan	11	1	88868	0	0	0	nan	0	0	0	0	0	0	nan	0	0	0	nan	nan	nan	nan	nan	nan
7	u	0	88868	0	nan	11	1	88868	0	0	0	nan	0	0	0	0	0	0	nan	0	0	0	nan	nan	nan	nan	nan	nan
8	c	0	88868	0	nan	11	1	88868	0	0	0	nan	0	0	0	0	0	0	nan	0	0	0	nan	nan	nan	nan	nan	nan
9	c	0	88868	0	nan	11	1	88868	0	0	0	nan	0	0	0	0	0	0	nan	0	0	0	nan	nan	nan	nan	nan	nan
10	a	0	88868	0	nan	11	1	88868	0	0	0	nan	0	0	0	0	0	0	nan	0	0	0	nan	nan	nan	nan	nan	nan
11	a	0	88868	0	nan	11	1	88868	0	0	0	nan	0	0	0	0	0	0	nan	0	0	0	nan	nan	nan	nan	nan	nan
12	a	0	88868	0	nan	11	1	88868	0	0	0	nan	0	0	0	0	0	0	nan	0	0	0	nan	nan	nan	nan	nan	nan
13	a	0	88868	0	nan	11	1	88868	0	0	0	nan	0	0	0	0	0	0	nan	0	0	0	nan	nan	nan	nan	nan	nan
14	c	0	88868	0	nan	11	1	88868	0	0	0	nan	0	0	0	0	0	0	nan	0	0	0	nan	nan	nan	nan	nan	nan
15	a	0	88868	0	nan	11	1	88868	0	0	0	nan	0	0	0	0	0	0	nan	0	0	0	nan	nan	nan	nan	nan	nan
16	a	0	88868	0	nan	11	1	88868	0	0	0	nan	0	0	0	0	0	0	nan	0	0	0	nan	nan	nan	nan	nan	nan
17	c	0	88868	0	nan	11	1	88868	0	0	0	nan	0	0	0	0	0	0	nan	0	0	0	nan	nan	nan	nan	nan	nan
18	a	0	88868	0	nan	11	1	88868	0	0	0	nan	0	0	0	0	0	0	nan	0	0	0	nan	nan	nan	nan	nan	nan
19	a	0	88868	0	nan	11	1	88868	0	0	0	nan	0	0	0	0	0	0	nan	0	0	0	nan	nan	nan	nan	nan	nan
20	c	0	88868	0	nan	11	1	88868	0	0	0	nan	0	0	0	0	0	0	nan	0	0	0	nan	nan	nan	nan	nan	nan
21	c	0	88868	0	nan	11	1	88868	0	0	0	nan	0	0	0	0	0	0	nan	0	0	0	nan	nan	nan	nan	nan	nan
22	A	0	88868	0	nan	11	1	88868	0	0	0	nan	0	0	0	0	0	0	nan	0	0	0	nan	nan	nan	nan	nan	nan
23	A	0	88868	0	nan	11	1	88868	0	0	0	nan	0	0	0	0	0	0	nan	0	0	0	nan	nan	nan	nan	nan	nan
24	A	0	88868	0	nan	11	1	88868	0	0	0	nan	0	0	0	0	0	0	nan	0	0	0	nan	nan	nan	nan	nan	nan
25	G	0	88868	76212	0.000000	11	1	88868	0	0	0	nan	0	0	0	0	0	0	nan	0	0	0	0.000000	0.000000	0.000000	0.000000	nan	nan
26	G	86	88868	68757	0.001251	11	1	88861	0	0	0	nan	0	0	0	0	0	0	nan	0	0	0	0.001251	0.000135	0.001251	0.000135	nan	nan
27	A	1454	88868	68124	0.021343	11	1	88856	0	0	0	nan	0	0	0	0	0	0	nan	0	0	0	0.021343	0.000560	0.021343	0.000560	0.722793	0.018965
28	A	1000	88868	66799	0.014970	11	1	88855	0	0	0	nan	0	0	0	0	0	0	nan	0	0	0	0.014970	0.000473	0.014970	0.000473	0.506968	0.016018
29	U	217	88867	79511	0.002729	11	1	88851	0	0	0	nan	0	0	0	0	0	0	nan	0	0	0	0.002729	0.000185	0.002729	0.000185	0.978136	0.066308
30	U	170	88864	80717	0.002106	11	1	88823	0	0	0	nan	0	0	0	0	0	0	nan	0	0	0	0.002106	0.000162	0.002106	0.000162	0.754839	0.058065
31	G	43	88864	82539	0.000521	11	1	88811	0	0	0	nan	0	0	0	0	0	0	nan	0	0	0	0.000521	0.000079	0.000521	0.000079	nan	nan
32	C	1166	88864	83645	0.013940	11	1	88809	0	0	0	nan	0	0	0	0	0	0	nan	0	0	0	0.013940	0.000408	0.013940	0.000408	0.626362	0.018333
33	G	67	88864	82532	0.000812	11	1	88797	0	0	0	nan	0	0	0	0	0	0	nan	0	0	0	0.000812	0.000099	0.000812	0.000099	nan	nan
34	G	60	88864	82863	0.000724	11	1	88770	0	0	0	nan	0	0	0	0	0	0	nan	0	0	0	0.000724	0.000093	0.000724	0.000093	nan	nan
35	G	58	88864	74016	0.000784	11	1	88755	0	0	0	nan	0	0	0	0	0	0	nan	0	0	0	0.000784	0.000103	0.000784	0.000103	nan	nan
36	A	908	88863	70144	0.012945	12	1	88732	0	0	0	nan	0	0	0	0	0	0	nan	0	0	0	0.012945	0.000430	0.012945	0.000430	0.438390	0.014562
37	A	2083	88860	67108	0.031040	12	1	88710	0	0	0	nan	0	0	0	0	0	0	nan	0	0	0	0.031040	0.000680	0.031040	0.000680	1.051188	0.023029
38	A	2204	88859	74179	0.029712	12	1	88705	0	0	0	nan	0	0	0	0	0	0	nan	0	0	0	0.029712	0.000633	0.029712	0.000633	1.006214	0.021437
39	G	68	88859	78417	0.000867	12	1	88701	0	0	0	nan	0	0	0	0	0	0	nan	0	0	0	0.000867	0.000105	0.000867	0.000105	nan	nan
40	G	68	88859	80840	0.000841	12	1	88693	0	0	0	nan	0	0	0	0	0	0	nan	0	0	0	0.000841	0.000102	0.000841	0.000102	nan	nan
41	G	61	88859	80704	0.000756	12	1	88687	0	0	0	nan	0	0	0	0	0	0	nan	0	0	0	0.000756	0.000097	0.000756	0.000097	nan	nan
42	G	66	88858	81865	0.000806	12	1	88679	0	0	0	nan	0	0	0	0	0	0	nan	0	0	0	0.000806	0.000099	0.000806	0.000099	nan	nan
43	U	111	88858	82876	0.001339	12	1	88670	0	0	0	nan	0	0	0	0	0	0	nan	0	0	0	0.001339	0.000127	0.001339	0.000127	0.479928	0.045520
44	C	518	88857	76387	0.006781	12	1	88650	0	0	0	nan	0	0	0	0	0	0	nan	0	0	0	0.006781	0.000298	0.006781	0.000298	0.304689	0.013390
45	A	1314	88857	70848	0.018547	12	1	88632	0	0	0	nan	0	0	0	0	0	0	nan	0	0	0	0.018547	0.000512	0.018547	0.000512	0.628105	0.017339
46	A	1639	88857	71582	0.022897	12	1	88627	0	0	0	nan	0	0	0	0	0	0	nan	0	0	0	0.022897	0.000566	0.022897	0.000566	0.775420	0.019168
47	C	3861	88857	75842	0.050908	12	1	88625	0	0	0	nan	0	0	0	0	0	0	nan	0	0	0	0.050908	0.000819	0.050908	0.000819	2.287435	0.036800
48	A	2555	88857	81376	0.031397	12	1	88619	0	0	0	nan	0	0	0	0	0	0	nan	0	0	0	0.031397	0.000621	0.031397	0.000621	1.063278	0.021031
49	G	54	88857	80774	0.000669	12	1	88615	0	0	0	nan	0	0	0	0	0	0	nan	0	0	0	0.000669	0.000091	0.000669	0.000091	nan	nan
50	C	149	88857	78627	0.001895	12	1	88611	0	0	0	nan	0	0	0	0	0	0	nan	0	0	0	0.001895	0.000155	0.001895	0.000155	0.085147	0.006965
51	C	159	88855	78252	0.002032	12	1	88601	0	0	0	nan	0	0	0	0	0	0	nan	0	0	0	0.002032	0.000161	0.002032	0.000161	0.091303	0.007234
52	G	71	88854	75708	0.000938	12	1	88595	0	0	0	nan	0	0	0	0	0	0	nan	0	0	0	0.000938	0.000111	0.000938	0.000111	nan	nan
53	U	289	88854	79854	0.003619	12	1	88592	0	0	0	nan	0	0	0	0	0	0	nan	0	0	0	0.003619	0.000213	0.003619	0.000213	1.297133	0.076344
54	U	185	88854	78769	0.002349	12	1	88578	0	0	0	nan	0	0	0	0	0	0	nan	0	0	0	0.002349	0.000173	0.002349	0.000173	0.841935	0.062007
55	C	416	88854	81470	0.005106	12	1	88569	0	0	0	nan	0	0	0	0	0	0	nan	0	0	0	0.005106	0.000250	0.005106	0.000250	0.229426	0.011233
56	A	477	88854	81798	0.005831	12	1	88560	0	0	0	nan	0	0	0	0	0	0	nan	0	0	0	0.005831	0.000267	0.005831	0.000267	0.197470	0.009042
57	G	81	88852	82631	0.000980	12	1	88556	0	0	0	nan	0	0	0	0	0	0	nan	0	0	0	0.000980	0.000109	0.000980	0.000109	nan	nan
58	U	78	88852	82487	0.000946	12	1	88552	0	0	0	nan	0	0	0	0	0	0	nan	0	0	0	0.000946	0.000107	0.000946	0.000107	0.339068	0.038351
59	A	672	88853	81863	0.008209	12	1	88551	0	0	0	nan	0	0	0	0	0	0	nan	0	0	0	0.008209	0.000317	0.008209	0.000317	0.278003	0.010735
60	C	222	88854	82204	0.002701	12	1	88550	0	0	0	nan	0	0	0	0	0	0	nan	0	0	0	0.002701	0.000181	0.002701	0.000181	0.121363	0.008133
61	C	162	88854	82743	0.001958	12	1	88547	0	0	0	nan	0	0	0	0	0	0	nan	0	0	0	0.001958	0.000154	0.001958	0.000154	0.087978	0.006920
62	A	2386	88855	81309	0.029345	12	1	88542	0	0	0	nan	0	0	0	0	0	0	nan	0	0	0	0.029345	0.000601	0.029345	0.000601	0.993786	0.020353
63	A	2112	88854	81558	0.025896	12	1	88536	0	0	0	nan	0	0	0	0	0	0	nan	0	0	0	0.025896	0.000563	0.025896	0.000563	0.876983	0.019066
64	G	76	88854	82593	0.000920	12	1	88529	0	0	0	nan	0	0	0	0	0	0	nan	0	0	0	0.000920	0.000106	0.000920	0.000106	nan	nan
65	U	112	88856	77250	0.001450	12	1	88524	0	0	0	nan	0	0	0	0	0	0	nan	0	0	0	0.001450	0.000137	0.001450	0.000137	0.519713	0.049104
66	C	107	88868	77839	0.001375	12	1	88529	0	0	0	nan	0	0	0	0	0	0	nan	0	0	0	0.001375	0.000133	0.001375	0.000133	0.061782	0.005976
67	U	74	89867	78403	0.000944	12	1	89799	0	0	0	nan	0	0	0	0	0	0	nan	0	0	0	0.000944	0.000110	0.000944	0.000110	0.338351	0.039427
68	C	170	89897	86753	0.001960	12	1	89838	0	0	0	nan	0	0	0	0	0	0	nan	0	0	0	0.001960	0.000150	0.001960	0.000150	0.088068	0.006740
69	A	396	89904	85791	0.004616	12	1	89844	0	0	0	nan	0	0	0	0	0	0	nan	0	0	0	0.004616	0.000232	0.004616	0.000232	0.156324	0.007857
70	G	69	89906	85399	0.000808	12	1	89846	0	0	0	nan	0	0	0	0	0	0	nan	0	0	0	0.000808	0.000097	0.000808	0.000097	nan	nan
71	G	68	89906	85471	0.000796	12	1	89845	0	0	0	nan	0	0	0	0	0	0	nan	0	0	0	0.000796	0.000096	0.000796	0.000096	nan	nan
72	G	55	89906	86179	0.000638	12	1	89845	0	0	0	nan	0	0	0	0	0	0	nan	0	0	0	0.000638	0.000086	0.000638	0.000086	nan	nan
73	G	55	89906	88316	0.000623	12	1	89847	0	0	0	nan	0	0	0	0	0	0	nan	0	0	0	0.000623	0.000084	0.000623	0.000084	nan	nan
74	A	1394	89905	88283	0.015790	12	1	89848	0	0	0	nan	0	0	0	0	0	0	nan	0	0	0	0.015790	0.000423	0.015790	0.000423	0.534738	0.014325
75	A	1647	89907	88816	0.018544	12	1	89851	0	0	0	nan	0	0	0	0	0	0	nan	0	0	0	0.018544	0.000457	0.018544	0.000457	0.628003	0.015477
76	A	2341	89907	88697	0.026393	12	1	89850	0	0	0	nan	0	0	0	0	0	0	nan	0	0	0	0.026393	0.000545	0.026393	0.000545	0.893814	0.018457
77	C	154	89908	88779	0.001735	12	1	89848	0	0	0	nan	0	0	0	0	0	0	nan	0	0	0	0.001735	0.000140	0.001735	0.000140	0.077958	0.006291
78	U	105	89908	88597	0.001185	12	1	89845	0	0	0	nan	0	0	0	0	0	0	nan	0	0	0	0.001185	0.000116	0.001185	0.000116	0.424731	0.041577
79	U	186	89907	88610	0.002099	12	1	89842	0	0	0	nan	0	0	0	0	0	0	nan	0	0	0	0.002099	0.000154	0.002099	0.000154	0.752330	0.055197
80	U	129	89907	87077	0.001481	12	1	89837	0	0	0	nan	0	0	0	0	0	0	nan	0	0	0	0.001481	0.000130	0.001481	0.000130	0.530824	0.046595
81	G	80	89908	86822	0.000921	12	1	89833	0	0	0	nan	0	0	0	0	0	0	nan	0	0	0	0.000921	0.000103	0.000921	0.000103	nan	nan
82	A	333	89909	87065	0.003825	12	1	89831	0	0	0	nan	0	0	0	0	0	0	nan	0	0	0	0.003825	0.000210	0.003825	0.000210	0.129536	0.007112
83	G	103	89911	88416	0.001165	12	1	89833	0	0	0	nan	0	0	0	0	0	0	nan	0	0	0	0.001165	0.000115	0.001165	0.000115	nan	nan
84	A	304	89907	88907	0.003419	12	1	89826	0	0	0	nan	0	0	0	0	0	0	nan	0	0	0	0.003419	0.000196	0.003419	0.000196	0.115786	0.006638
85	U	114	89907	88869	0.001283	12	1	89824	0	0	0	nan	0	0	0	0	0	0	nan	0	0	0	0.001283	0.000120	0.001283	0.000120	0.459857	0.043011
86	G	66	89905	88720	0.000744	12	1	89819	0	0	0	nan	0	0	0	0	0	0	nan	0	0	0	0.000744	0.000092	0.000744	0.000092	nan	nan
87	G	67	89905	88531	0.000757	12	1	89817	0	0	0	nan	0	0	0	0	0	0	nan	0	0	0	0.000757	0.000092	0.000757	0.000092	nan	nan
88	C	238	89905	80905	0.002942	12	1	89814	0	0	0	nan	0	0	0	0	0	0	nan	0	0	0	0.002942	0.000191	0.002942	0.000191	0.132192	0.008582
89	C	144	89905	80790	0.001782	12	1	89814	0	0	0	nan	0	0	0	0	0	0	nan	0	0	0	0.001782	0.000149	0.001782	0.000149	0.080070	0.006695
90	U	80	89904	80678	0.000992	12	1	89814	0	0	0	nan	0	0	0	0	0	0	nan	0	0	0	0.000992	0.000111	0.000992	0.000111	0.355556	0.039785
91	U	99	89903	88701	0.001116	12	1	89813	0	0	0	nan	0	0	0	0	0	0	nan	0	0	0	0.001116	0.000112	0.001116	0.000112	0.400000	0.040143
92	G	61	89904	88264	0.000691	12	1	89815	0	0	0	nan	0	0	0	0	0	0	nan	0	0	0	0.000691	0.000088	0.000691	0.000088	nan	nan
93	C	2865	89902	88484	0.032379	12	1	89813	0	0	0	nan	0	0	0	0	0	0	nan	0	0	0	0.032379	0.000605	0.032379	0.000605	1.454876	0.027184
94	A	1003	89905	88427	0.011343	12	1	89817	0	0	0	nan	0	0	0	0	0	0	nan	0	0	0	0.011343	0.000358	0.011343	0.000358	0.384137	0.012124
95	A	1588	89906	88544	0.017935	12	1	89820	0	0	0	nan	0	0	0	0	0	0	nan	0	0	0	0.017935	0.000450	0.017935	0.000450	0.607379	0.015240
96	A	405	89906	88745	0.004564	12	1	89820	0	0	0	nan	0	0	0	0	0	0	nan	0	0	0	0.004564	0.000227	0.004564	0.000227	0.154563	0.007687
97	G	42	89905	88610	0.000474	12	1	89819	0	0	0	nan	0	0	0	0	0	0	nan	0	0	0	0.000474	0.000073	0.000474	0.000073	nan	nan
98	G	59	89905	88758	0.000665	12	1	89819	0	0	0	nan	0	0	0	0	0	0	nan	0	0	0	0.000665	0.000087	0.000665	0.000087	nan	nan
99	G	98	89905	88029	0.001113	12	1	89819	0	0	0	nan	0	0	0	0	0	0	nan	0	0	0	0.001113	0.000112	0.001113	0.000112	nan	nan
100	U	97	89906	88943	0.001091	12	1	89820	0	0	0	nan	0	0	0	0	0	0	nan	0	0	0	0.001091	0.000111	0.001091	0.000111	0.391039	0.039785
101	A	1736	89906	88784	0.019553	12	1	89820	0	0	0	nan	0	0	0	0	0	0	nan	0	0	0	0.019553	0.000469	0.019553	0.000469	0.662174	0.015883
102	U	188	89906	88888	0.002115	12	1	89820	0	0	0	nan	0	0	0	0	0	0	nan	0	0	0	0.002115	0.000154	0.002115	0.000154	0.758065	0.055197
103	G	62	89907	88130	0.000704	12	1	89820	0	0	0	nan	0	0	0	0	0	0	nan	0	0	0	0.000704	0.000089	0.000704	0.000089	nan	nan
104	G	69	89905	87674	0.000787	12	1	89817	0	0	0	nan	0	0	0	0	0	0	nan	0	0	0	0.000787	0.000095	0.000787	0.000095	nan	nan
105	U	77	89906	88198	0.000873	12	1	89818	0	0	0	nan	0	0	0	0	0	0	nan	0	0	0	0.000873	0.000099	0.000873	0.000099	0.312903	0.035484
106	A	2292	89907	88505	0.025897	12	1	89818	0	0	0	nan	0	0	0	0	0	0	nan	0	0	0	0.025897	0.000541	0.025897	0.000541	0.877017	0.018321
107	A	1376	89907	88515	0.015545	12	1	89818	0	0	0	nan	0	0	0	0	0	0	nan	0	0	0	0.015545	0.000419	0.015545	0.000419	0.526441	0.014190
108	U	226	89907	88271	0.002560	12	1	89817	0	0	0	nan	0	0	0	0	0	0	nan	0	0	0	0.002560	0.000170	0.002560	0.000170	0.917563	0.060932
109	A	1681	89909	88300	0.019037	12	1	89822	0	0	0	nan	0	0	0	0	0	0	nan	0	0	0	0.019037	0.000464	0.019037	0.000464	0.644699	0.015714
110	A	1702	89909	88648	0.019200	12	1	89821	0	0	0	nan	0	0	0	0	0	0	nan	0	0	0	0.019200	0.000465	0.019200	0.000465	0.650219	0.015747
111	G	122	89909	88493	0.001379	11	1	89821	0	0	0	nan	0	0	0	0	0	0	nan	0	0	0	0.001379	0.000125	0.001379	0.000125	nan	nan
112	C	141	89909	89132	0.001582	11	1	89821	0	0	0	nan	0	0	0	0	0	0	nan	0	0	0	0.001582	0.000133	0.001582	0.000133	0.071084	0.005976
113	U	123	89909	89022	0.001382	11	1	89821	0	0	0	nan	0	0	0	0	0	0	nan	0	0	0	0.001382	0.000125	0.001382	0.000125	0.495341	0.044803
114	G	73	89909	88684	0.000823	11	1	89818	0	0	0	nan	0	0	0	0	0	0	nan	0	0	0	0.000823	0.000096	0.000823	0.000096	nan	nan
115	A	404	89909	88764	0.004551	11	1	89818	0	0	0	nan	0	0	0	0	0	0	nan	0	0	0	0.004551	0.000226	0.004551	0.000226	0.154122	0.007654
116	C	142	89909	88819	0.001599	11	1	89818	0	0	0	nan	0	0	0	0	0	0	nan	0	0	0	0.001599	0.000134	0.001599	0.000134	0.071847	0.006021
117	G	48	89909	88120	0.000545	11	1	89819	0	0	0	nan	0	0	0	0	0	0	nan	0	0	0	0.000545	0.000079	0.000545	0.000079	nan	nan
118	G	66	89908	88314	0.000747	11	1	89823	0	0	0	nan	0	0	0	0	0	0	nan	0	0	0	0.000747	0.000092	0.000747	0.000092	nan	nan
119	A	878	89907	88463	0.009925	11	1	89823	0	0	0	nan	0	0	0	0	0	0	nan	0	0	0	0.009925	0.000335	0.009925	0.000335	0.336116	0.011345
120	C	1698	89909	88959	0.019087	11	1	89826	0	0	0	nan	0	0	0	0	0	0	nan	0	0	0	0.019087	0.000463	0.019087	0.000463	0.857631	0.020804
121	A	1922	89909	88930	0.021613	11	1	89825	0	0	0	nan	0	0	0	0	0	0	nan	0	0	0	0.021613	0.000493	0.021613	0.000493	0.731937	0.016696
122	U	177	89909	88957	0.001990	11	1	89825	0	0	0	nan	0	0	0	0	0	0	nan	0	0	0	0.001990	0.000150	0.001990	0.000150	0.713262	0.053763
123	G	71	89904	88704	0.000800	11	1	89819	0	0	0	nan	0	0	0	0	0	0	nan	0	0	0	0.000800	0.000095	0.000800	0.000095	nan	nan
124	G	53	89905	88579	0.000598	11	1	89821	0	0	0	nan	0	0	0	0	0	0	nan	0	0	0	0.000598	0.000082	0.000598	0.000082	nan	nan
125	U	120	89906	87230	0.001376	11	1	89822	0	0	0	nan	0	0	0	0	0	0	nan	0	0	0	0.001376	0.000126	0.001376	0.000126	0.493190	0.045161
126	C	87	89906	87188	0.000998	11	1	89822	0	0	0	nan	0	0	0	0	0	0	nan	0	0	0	0.000998	0.000107	0.000998	0.000107	0.044843	0.004808
127	C	75	89906	87195	0.000860	11	1	89822	0	0	0	nan	0	0	0	0	0	0	nan	0	0	0	0.000860	0.000099	0.000860	0.000099	0.038642	0.004448
128	U	113	89902	88337	0.001279	11	1	89817	0	0	0	nan	0	0	0	0	0	0	nan	0	0	0	0.001279	0.000120	0.001279	0.000120	0.458423	0.043011
129	A	1955	89613	87806	0.022265	11	0	89408	0	0	0	nan	0	0	0	0	0	0	nan	0	0	0	0.022265	0.000504	0.022265	0.000504	0.754017	0.017068
130	A	3094	89604	87697	0.035281	11	0	89404	0	0	0	nan	0	0	0	0	0	0	nan	0	0	0	0.035281	0.000634	0.035281	0.000634	1.194812	0.021471
131	C	511	89604	87683	0.005828	11	0	89406	0	0	0	nan	0	0	0	0	0	0	nan	0	0	0	0.005828	0.000258	0.005828	0.000258	0.261868	0.011593
132	C	103	89606	87561	0.001176	9	0	89412	0	0	0	nan	0	0	0	0	0	0	nan	0	0	0	0.001176	0.000116	0.001176	0.000116	0.052841	0.005212
133	A	1074	89607	87528	0.012270	9	0	89415	0	0	0	nan	0	0	0	0	0	0	nan	0	0	0	0.012270	0.000374	0.012270	0.000374	0.415531	0.012666
134	C	167	89607	87423	0.001910	6	0	89415	0	0	0	nan	0	0	0	0	0	0	nan	0	0	0	0.001910	0.000148	0.001910	0.000148	0.085821	0.006650
135	G	80	89608	86414	0.000926	6	0	89418	0	0	0	nan	0	0	0	0	0	0	nan	0	0	0	0.000926	0.000104	0.000926	0.000104	nan	nan
136	C	113	89608	87091	0.001297	6	0	89419	0	0	0	nan	0	0	0	0	0	0	nan	0	0	0	0.001297	0.000122	0.001297	0.000122	0.058278	0.005482
137	A	395	89608	87061	0.004537	6	0	89421	0	0	0	nan	0	0	0	0	0	0	nan	0	0	0	0.004537	0.000228	0.004537	0.000228	0.153648	0.007721
138	G	75	89608	86631	0.000866	4	0	89422	0	0	0	nan	0	0	0	0	0	0	nan	0	0	0	0.000866	0.000100	0.000866	0.000100	nan	nan
139	C	717	89608	87153	0.008227	4	0	89424	0	0	0	nan	0	0	0	0	0	0	nan	0	0	0	0.008227	0.000307	0.008227	0.000307	0.369661	0.013794
140	C	670	89608	87070	0.007695	4	0	89426	0	0	0	nan	0	0	0	0	0	0	nan	0	0	0	0.007695	0.000297	0.007695	0.000297	0.345757	0.013345
141	A	1384	89609	86853	0.015935	4	0	89433	0	0	0	nan	0	0	0	0	0	0	nan	0	0	0	0.015935	0.000428	0.015935	0.000428	0.539648	0.014494
142	A	783	89609	86613	0.009040	4	0	89433	0	0	0	nan	0	0	0	0	0	0	nan	0	0	0	0.009040	0.000323	0.009040	0.000323	0.306145	0.010939
143	G	103	89610	85858	0.001200	3	0	89437	0	0	0	nan	0	0	0	0	0	0	nan	0	0	0	0.001200	0.000118	0.001200	0.000118	nan	nan
144	U	141	89610	86406	0.001632	3	0	89438	0	0	0	nan	0	0	0	0	0	0	nan	0	0	0	0.001632	0.000137	0.001632	0.000137	0.584946	0.049104
145	C	258	89611	86801	0.002972	3	0	89440	0	0	0	nan	0	0	0	0	0	0	nan	0	0	0	0.002972	0.000185	0.002972	0.000185	0.133540	0.008313
146	C	261	89611	85547	0.003051	3	0	89443	0	0	0	nan	0	0	0	0	0	0	nan	0	0	0	0.003051	0.000189	0.003051	0.000189	0.137090	0.008492
147	U	176	89612	85432	0.002060	3	0	89447	0	0	0	nan	0	0	0	0	0	0	nan	0	0	0	0.002060	0.000155	0.002060	0.000155	0.738351	0.055556
148	A	876	89614	84991	0.010307	3	0	89452	0	0	0	nan	0	0	0	0	0	0	nan	0	0	0	0.010307	0.000348	0.010307	0.000348	0.349053	0.011785
149	A	1085	89617	85253	0.012727	3	0	89458	0	0	0	nan	0	0	0	0	0	0	nan	0	0	0	0.012727	0.000386	0.012727	0.000386	0.431007	0.013072
150	G	108	89617	84109	0.001284	3	0	89459	0	0	0	nan	0	0	0	0	0	0	nan	0	0	0	0.001284	0.000124	0.001284	0.000124	nan	nan
151	U	134	89618	85164	0.001573	3	0	89463	0	0	0	nan	0	0	0	0	0	0	nan	0	0	0	0.001573	0.000136	0.001573	0.000136	0.563799	0.048746
152	C	359	89619	86611	0.004145	3	0	89465	0	0	0	nan	0	0	0	0	0	0	nan	0	0	0	0.004145	0.000219	0.004145	0.000219	0.186246	0.009840
153	A	499	89620	87069	0.005731	3	0	89467	0	0	0	nan	0	0	0	0	0	0	nan	0	0	0	0.005731	0.000257	0.005731	0.000257	0.194084	0.008703
154	A	520	89620	86862	0.005987	3	0	89469	0	0	0	nan	0	0	0	0	0	0	nan	0	0	0	0.005987	0.000263	0.005987	0.000263	0.202753	0.008907
155	C	432	89622	86707	0.004982	3	0	89473	0	0	0	nan	0	0	0	0	0	0	nan	0	0	0	0.004982	0.000240	0.004982	0.000240	0.223855	0.010784
156	A	344	89623	86926	0.003957	3	0	89475	0	0	0	nan	0	0	0	0	0	0	nan	0	0	0	0.003957	0.000213	0.003957	0.000213	0.134006	0.007213
157	G	73	89628	86247	0.000846	3	0	89482	0	0	0	nan	0	0	0	0	0	0	nan	0	0	0	0.000846	0.000099	0.000846	0.000099	nan	nan
158	A	1340	89628	85096	0.015747	3	0	89483	0	0	0	nan	0	0	0	0	0	0	nan	0	0	0	0.015747	0.000430	0.015747	0.000430	0.533281	0.014562
159	U	311	89628	85040	0.003657	2	0	89483	0	0	0	nan	0	0	0	0	0	0	nan	0	0	0	0.003657	0.000207	0.003657	0.000207	1.310753	0.074194
160	C	2155	89629	84761	0.025424	2	0	89488	0	0	0	nan	0	0	0	0	0	0	nan	0	0	0	0.025424	0.000548	0.025424	0.000548	1.142369	0.024623
161	U	242	89629	84873	0.002851	2	0	89495	0	0	0	nan	0	0	0	0	0	0	nan	0	0	0	0.002851	0.000183	0.002851	0.000183	1.021864	0.065591
162	U	176	89631	84952	0.002072	2	0	89500	0	0	0	nan	0	0	0	0	0	0	nan	0	0	0	0.002072	0.000156	0.002072	0.000156	0.742652	0.055914
163	C	167	89634	85372	0.001956	2	1	89508	0	0	0	nan	0	0	0	0	0	0	nan	0	0	0	0.001956	0.000151	0.001956	0.000151	0.087888	0.006785
164	U	121	89634	85204	0.001420	2	1	89510	0	0	0	nan	0	0	0	0	0	0	nan	0	0	0	0.001420	0.000129	0.001420	0.000129	0.508961	0.046237
165	G	48	89637	81805	0.000587	2	1	89520	0	0	0	nan	0	0	0	0	0	0	nan	0	0	0	0.000587	0.000085	0.000587	0.000085	nan	nan
166	U	98	89637	82417	0.001189	2	1	89526	0	0	0	nan	0	0	0	0	0	0	nan	0	0	0	0.001189	0.000120	0.001189	0.000120	0.426165	0.043011
167	U	58	89637	84228	0.000689	2	1	89535	0	0	0	nan	0	0	0	0	0	0	nan	0	0	0	0.000689	0.000090	0.000689	0.000090	0.246953	0.032258
168	G	55	89640	87107	0.000631	2	1	89546	0	0	0	nan	0	0	0	0	0	0	nan	0	0	0	0.000631	0.000085	0.000631	0.000085	nan	nan
169	A	222	89641	87078	0.002549	2	1	89549	0	0	0	nan	0	0	0	0	0	0	nan	0	0	0	0.002549	0.000171	0.002549	0.000171	0.086323	0.005791
170	U	83	89642	86470	0.000960	2	1	89556	0	0	0	nan	0	0	0	0	0	0	nan	0	0	0	0.000960	0.000105	0.000960	0.000105	0.344086	0.037634
171	A	1452	89646	85088	0.017065	2	1	89565	0	0	0	nan	0	0	0	0	0	0	nan	0	0	0	0.017065	0.000448	0.017065	0.000448	0.577916	0.015172
172	U	124	89646	85837	0.001445	2	1	89565	0	0	0	nan	0	0	0	0	0	0	nan	0	0	0	0.001445	0.000130	0.001445	0.000130	0.517921	0.046595
173	G	50	89648	86328	0.000579	2	1	89575	0	0	0	nan	0	0	0	0	0	0	nan	0	0	0	0.000579	0.000082	0.000579	0.000082	nan	nan
174	G	73	89648	87332	0.000836	2	1	89583	0	0	0	nan	0	0	0	0	0	0	nan	0	0	0	0.000836	0.000098	0.000836	0.000098	nan	nan
175	A	279	89649	82691	0.003374	2	1	89585	0	0	0	nan	0	0	0	0	0	0	nan	0	0	0	0.003374	0.000202	0.003374	0.000202	0.114262	0.006841
176	U	87	89649	82699	0.001052	2	1	89585	0	0	0	nan	0	0	0	0	0	0	nan	0	0	0	0.001052	0.000113	0.001052	0.000113	0.377061	0.040502
177	G	65	89649	82255	0.000790	2	1	89588	0	0	0	nan	0	0	0	0	0	0	nan	0	0	0	0.000790	0.000098	0.000790	0.000098	nan	nan
178	C	1325	89649	86601	0.015300	1	1	89589	0	0	0	nan	0	0	0	0	0	0	nan	0	0	0	0.015300	0.000420	0.015300	0.000420	0.687471	0.018872
179	A	664	89649	86519	0.007675	1	1	89590	0	0	0	nan	0	0	0	0	0	0	nan	0	0	0	0.007675	0.000298	0.007675	0.000298	0.259918	0.010092
180	G	127	89650	83554	0.001520	1	1	89599	0	0	0	nan	0	0	0	0	0	0	nan	0	0	0	0.001520	0.000135	0.001520	0.000135	nan	nan
181	U	139	89651	82068	0.001694	1	1	89602	0	0	0	nan	0	0	0	0	0	0	nan	0	0	0	0.001694	0.000144	0.001694	0.000144	0.607168	0.051613
182	U	146	89651	81243	0.001797	1	1	89606	0	0	0	nan	0	0	0	0	0	0	nan	0	0	0	0.001797	0.000149	0.001797	0.000149	0.644086	0.053405
183	C	392	89652	83970	0.004668	1	1	89613	0	0	0	nan	0	0	0	0	0	0	nan	0	0	0	0.004668	0.000236	0.004668	0.000236	0.209746	0.010604
184	A	673	89652	86222	0.007805	1	1	89622	0	0	0	nan	0	0	0	0	0	0	nan	0	0	0	0.007805	0.000301	0.007805	0.000301	0.264321	0.010194
185	A	1593	89652	86463	0.018424	1	1	89626	0	0	0	nan	0	0	0	0	0	0	nan	0	0	0	0.018424	0.000462	0.018424	0.000462	0.623940	0.015646
186	C	433	89653	85583	0.005059	1	1	89630	0	0	0	nan	0	0	0	0	0	0	nan	0	0	0	0.005059	0.000243	0.005059	0.000243	0.227315	0.010919
187	C	172	89654	85460	0.002013	1	1	89636	0	0	0	nan	0	0	0	0	0	0	nan	0	0	0	0.002013	0.000153	0.002013	0.000153	0.090450	0.006875
188	A	300	89656	85819	0.003496	1	1	89643	0	0	0	nan	0	0	0	0	0	0	nan	0	0	0	0.003496	0.000202	0.003496	0.000202	0.118394	0.006841
189	A	354	89661	85720	0.004130	1	1	89653	0	0	0	nan	0	0	0	0	0	0	nan	0	0	0	0.004130	0.000219	0.004130	0.000219	0.139865	0.007417
190	A	0	89664	82337	0.000000	1	1	89664	0	0	0	nan	0	0	0	0	0	0	nan	0	0	0	0.000000	0.000000	0.000000	0.000000	0.000000	0.000000
191	U	0	89664	0	nan	1	1	89664	0	0	0	nan	0	0	0	0	0	0	nan	0	0	0	nan	nan	nan	nan	nan	nan
192	C	0	89664	0	nan	1	1	89664	0	0	0	nan	0	0	0	0	0	0	nan	0	0	0	nan	nan	nan	nan	nan	nan
193	A	0	89664	0	nan	1	1	89664	0	0	0	nan	0	0	0	0	0	0	nan	0	0	0	nan	nan	nan	nan	nan	nan
194	c	0	89664	0	nan	1	1	89664	0	0	0	nan	0	0	0	0	0	0	nan	0	0	0	nan	nan	nan	nan	nan	nan
195	c	0	89664	0	nan	1	1	89664	0	0	0	nan	0	0	0	0	0	0	nan	0	0	0	nan	nan	nan	nan	nan	nan
196	a	0	89664	0	nan	1	1	89664	0	0	0	nan	0	0	0	0	0	0	nan	0	0	0	nan	nan	nan	nan	nan	nan
197	a	0	89664	0	nan	1	1	89664	0	0	0	nan	0	0	0	0	0	0	nan	0	0	0	nan	nan	nan	nan	nan	nan
198	a	0	89664	0	nan	1	1	89664	0	0	0	nan	0	0	0	0	0	0	nan	0	0	0	nan	nan	nan	nan	nan	nan
199	c	0	89664	0	nan	1	1	89664	0	0	0	nan	0	0	0	0	0	0	nan	0	0	0	nan	nan	nan	nan	nan	nan
200	c	0	89664	0	nan	1	1	89664	0	0	0	nan	0	0	0	0	0	0	nan	0	0	0	nan	nan	nan	nan	nan	nan
201	a	0	89664	0	nan	1	1	89664	0	0	0	nan	0	0	0	0	0	0	nan	0	0	0	nan	nan	nan	nan	nan	nan
202	a	0	89664	0	nan	1	1	89664	0	0	0	nan	0	0	0	0	0	0	nan	0	0	0	nan	nan	nan	nan	nan	nan
203	a	0	89664	0	nan	1	1	89664	0	0	0	nan	0	0	0	0	0	0	nan	0	0	0	nan	nan	nan	nan	nan	nan
204	g	0	89663	0	nan	1	1	89663	0	0	0	nan	0	0	0	0	0	0	nan	0	0	0	nan	nan	nan	nan	nan	nan
205	a	0	89662	0	nan	1	1	89662	0	0	0	nan	0	0	0	0	0	0	nan	0	0	0	nan	nan	nan	nan	nan	nan
206	a	0	89662	0	nan	1	1	89662	0	0	0	nan	0	0	0	0	0	0	nan	0	0	0	nan	nan	nan	nan	nan	nan
207	a	0	89661	0	nan	1	1	89661	0	0	0	nan	0	0	0	0	0	0	nan	0	0	0	nan	nan	nan	nan	nan	nan
208	c	0	89656	0	nan	1	1	89656	0	0	0	nan	0	0	0	0	0	0	nan	0	0	0	nan	nan	nan	nan	nan	nan
209	a	0	89653	0	nan	1	1	89653	0	0	0	nan	0	0	0	0	0	0	nan	0	0	0	nan	nan	nan	nan	nan	nan
210	a	0	89632	0	nan	1	1	89632	0	0	0	nan	0	0	0	0	0	0	nan	0	0	0	nan	nan	nan	nan	nan	nan
211	c	0	89608	0	nan	1	1	89608	0	0	0	nan	0	0	0	0	0	0	nan	0	0	0	nan	nan	nan	nan	nan	nan
212	c	0	89557	0	nan	1	1	89557	0	0	0	nan	0	0	0	0	0	0	nan	0	0	0	nan	nan	nan	nan	nan	nan