Nucleotide	Sequence	Modified_mutations	Modified_read_depth	Modified_effective_depth	Modified_rate	Modified_off_target_mapped_depth	Modified_low_mapq_mapped_depth	Modified_primer_pair_1_mapped_depth	Untreated_mutations	Untreated_read_depth	Untreated_effective_depth	Untreated_rate	Untreated_off_target_mapped_depth	Untreated_low_mapq_mapped_depth	Untreated_primer_pair_1_mapped_depth	Denatured_mutations	Denatured_read_depth	Denatured_effective_depth	Denatured_rate	Denatured_off_target_mapped_depth	Denatured_low_mapq_mapped_depth	Denatured_primer_pair_1_mapped_depth	Reactivity_profile	Std_err	HQ_profile	HQ_stderr	Norm_profile	Norm_stderr
1	g	0	6312998	0	nan	85	2841	6312998	0	0	0	nan	0	0	0	0	0	0	nan	0	0	0	nan	nan	nan	nan	nan	nan
2	g	0	6367445	0	nan	88	2859	6367445	0	0	0	nan	0	0	0	0	0	0	nan	0	0	0	nan	nan	nan	nan	nan	nan
3	u	0	6375802	0	nan	88	2870	6375802	0	0	0	nan	0	0	0	0	0	0	nan	0	0	0	nan	nan	nan	nan	nan	nan
4	g	0	6381421	0	nan	88	2920	6381421	0	0	0	nan	0	0	0	0	0	0	nan	0	0	0	nan	nan	nan	nan	nan	nan
5	u	0	6391615	0	nan	88	2936	6391615	0	0	0	nan	0	0	0	0	0	0	nan	0	0	0	nan	nan	nan	nan	nan	nan
6	a	0	6395349	0	nan	88	3123	6395349	0	0	0	nan	0	0	0	0	0	0	nan	0	0	0	nan	nan	nan	nan	nan	nan
7	a	0	6396258	0	nan	88	3128	6396258	0	0	0	nan	0	0	0	0	0	0	nan	0	0	0	nan	nan	nan	nan	nan	nan
8	g	0	6396845	0	nan	88	3129	6396845	0	0	0	nan	0	0	0	0	0	0	nan	0	0	0	nan	nan	nan	nan	nan	nan
9	g	0	6397439	0	nan	88	3134	6397439	0	0	0	nan	0	0	0	0	0	0	nan	0	0	0	nan	nan	nan	nan	nan	nan
10	g	0	6399028	0	nan	88	3155	6399028	0	0	0	nan	0	0	0	0	0	0	nan	0	0	0	nan	nan	nan	nan	nan	nan
11	u	0	6402396	0	nan	88	3163	6402396	0	0	0	nan	0	0	0	0	0	0	nan	0	0	0	nan	nan	nan	nan	nan	nan
12	g	0	6416832	0	nan	126	3366	6416832	0	0	0	nan	0	0	0	0	0	0	nan	0	0	0	nan	nan	nan	nan	nan	nan
13	a	0	6428600	0	nan	130	3386	6428600	0	0	0	nan	0	0	0	0	0	0	nan	0	0	0	nan	nan	nan	nan	nan	nan
14	a	0	6434849	0	nan	150	3388	6434849	0	0	0	nan	0	0	0	0	0	0	nan	0	0	0	nan	nan	nan	nan	nan	nan
15	g	0	6438040	0	nan	316	3392	6438040	0	0	0	nan	0	0	0	0	0	0	nan	0	0	0	nan	nan	nan	nan	nan	nan
16	u	0	6441753	0	nan	317	3392	6441753	0	0	0	nan	0	0	0	0	0	0	nan	0	0	0	nan	nan	nan	nan	nan	nan
17	g	0	6443226	0	nan	317	3463	6443226	0	0	0	nan	0	0	0	0	0	0	nan	0	0	0	nan	nan	nan	nan	nan	nan
18	u	0	6444575	0	nan	317	3476	6444575	0	0	0	nan	0	0	0	0	0	0	nan	0	0	0	nan	nan	nan	nan	nan	nan
19	a	0	6445855	0	nan	324	3789	6445855	0	0	0	nan	0	0	0	0	0	0	nan	0	0	0	nan	nan	nan	nan	nan	nan
20	A	0	6447152	514	0.000000	324	3789	6447152	0	0	0	nan	0	0	0	0	0	0	nan	0	0	0	0.000000	0.000000	nan	nan	nan	nan
21	G	0	6447988	640	0.000000	324	3789	6447988	0	0	0	nan	0	0	0	0	0	0	nan	0	0	0	0.000000	0.000000	nan	nan	nan	nan
22	G	0	6448568	588	0.000000	324	3789	6448568	0	0	0	nan	0	0	0	0	0	0	nan	0	0	0	0.000000	0.000000	nan	nan	nan	nan
23	U	0	6449915	5827586	0.000000	324	3789	6449915	0	0	0	nan	0	0	0	0	0	0	nan	0	0	0	0.000000	0.000000	0.000000	0.000000	0.000000	0.000000
24	U	12857	6450890	5874661	0.002189	324	3790	6450890	0	0	0	nan	0	0	0	0	0	0	nan	0	0	0	0.002189	0.000019	0.002189	0.000019	0.638192	0.005539
25	G	5514	6454826	5830427	0.000946	324	3790	6454826	0	0	0	nan	0	0	0	0	0	0	nan	0	0	0	0.000946	0.000013	0.000946	0.000013	0.464181	0.006379
26	A	25870	6461394	5974453	0.004330	324	3790	6461339	0	0	0	nan	0	0	0	0	0	0	nan	0	0	0	0.004330	0.000027	0.004330	0.000027	0.617689	0.003852
27	C	9791	6463999	5758885	0.001700	324	3790	6463901	0	0	0	nan	0	0	0	0	0	0	nan	0	0	0	0.001700	0.000017	0.001700	0.000017	0.697293	0.006973
28	C	16069	6465178	5749659	0.002795	324	3790	6465063	0	0	0	nan	0	0	0	0	0	0	nan	0	0	0	0.002795	0.000022	0.002795	0.000022	1.146432	0.009024
29	U	21288	6468212	5715423	0.003725	324	3790	6468090	0	0	0	nan	0	0	0	0	0	0	nan	0	0	0	0.003725	0.000026	0.003725	0.000026	1.086006	0.007580
30	U	9704	6473576	5804635	0.001672	324	3790	6473441	0	0	0	nan	0	0	0	0	0	0	nan	0	0	0	0.001672	0.000017	0.001672	0.000017	0.487464	0.004956
31	U	10958	6479169	5817751	0.001884	324	3790	6479020	0	0	0	nan	0	0	0	0	0	0	nan	0	0	0	0.001884	0.000018	0.001884	0.000018	0.549271	0.005248
32	U	12501	6484463	5882696	0.002125	325	3790	6484305	0	0	0	nan	0	0	0	0	0	0	nan	0	0	0	0.002125	0.000019	0.002125	0.000019	0.619534	0.005539
33	G	2241	6518632	5965789	0.000376	326	3790	6518464	0	0	0	nan	0	0	0	0	0	0	nan	0	0	0	0.000376	0.000008	0.000376	0.000008	0.184495	0.003925
34	A	19391	6531614	6315762	0.003070	326	3790	6531456	0	0	0	nan	0	0	0	0	0	0	nan	0	0	0	0.003070	0.000022	0.003070	0.000022	0.437946	0.003138
35	A	22702	6534811	6273438	0.003619	326	3790	6534650	0	0	0	nan	0	0	0	0	0	0	nan	0	0	0	0.003619	0.000024	0.003619	0.000024	0.516262	0.003424
36	U	4607	6535867	6229563	0.000740	326	3790	6535694	0	0	0	nan	0	0	0	0	0	0	nan	0	0	0	0.000740	0.000011	0.000740	0.000011	0.215743	0.003207
37	A	214229	6536525	5921494	0.036178	326	3790	6536321	0	0	0	nan	0	0	0	0	0	0	nan	0	0	0	0.036178	0.000078	0.036178	0.000078	5.160913	0.011127
38	G	11921	6537073	5849571	0.002038	329	3790	6536874	0	0	0	nan	0	0	0	0	0	0	nan	0	0	0	0.002038	0.000019	0.002038	0.000019	1.000000	0.009323
39	U	10876	6537890	5883815	0.001848	329	3790	6537680	0	0	0	nan	0	0	0	0	0	0	nan	0	0	0	0.001848	0.000018	0.001848	0.000018	0.538776	0.005248
40	G	8047	6538728	6079500	0.001324	330	3790	6538503	0	0	0	nan	0	0	0	0	0	0	nan	0	0	0	0.001324	0.000015	0.001324	0.000015	0.649657	0.007360
41	A	50958	6543100	6074015	0.008390	330	3790	6542871	0	0	0	nan	0	0	0	0	0	0	nan	0	0	0	0.008390	0.000037	0.008390	0.000037	1.196862	0.005278
42	U	18641	6544139	6043844	0.003084	330	3790	6543908	0	0	0	nan	0	0	0	0	0	0	nan	0	0	0	0.003084	0.000023	0.003084	0.000023	0.899125	0.006706
43	U	10154	6546507	5991216	0.001695	332	3790	6546265	0	0	0	nan	0	0	0	0	0	0	nan	0	0	0	0.001695	0.000017	0.001695	0.000017	0.494169	0.004956
44	C	12480	6550478	5997357	0.002081	332	3790	6550213	0	0	0	nan	0	0	0	0	0	0	nan	0	0	0	0.002081	0.000019	0.002081	0.000019	0.853568	0.007793
45	A	21294	6553096	6009146	0.003544	331	3790	6552809	0	0	0	nan	0	0	0	0	0	0	nan	0	0	0	0.003544	0.000024	0.003544	0.000024	0.505563	0.003424
46	G	3537	6555048	5868764	0.000603	330	3790	6554763	0	0	0	nan	0	0	0	0	0	0	nan	0	0	0	0.000603	0.000010	0.000603	0.000010	0.295878	0.004907
47	G	10209	6559270	5925788	0.001723	330	3790	6558990	0	0	0	nan	0	0	0	0	0	0	nan	0	0	0	0.001723	0.000017	0.001723	0.000017	0.845437	0.008342
48	A	10092	6566667	5828778	0.001731	332	3790	6566377	0	0	0	nan	0	0	0	0	0	0	nan	0	0	0	0.001731	0.000017	0.001731	0.000017	0.246933	0.002425
49	G	16728	6568015	5906975	0.002832	331	3790	6567740	0	0	0	nan	0	0	0	0	0	0	nan	0	0	0	0.002832	0.000022	0.002832	0.000022	1.389598	0.010795
50	G	3164	6578972	5749371	0.000550	335	3790	6578739	0	0	0	nan	0	0	0	0	0	0	nan	0	0	0	0.000550	0.000010	0.000550	0.000010	0.269872	0.004907
51	U	20198	6582768	5888349	0.003430	335	3790	6582575	0	0	0	nan	0	0	0	0	0	0	nan	0	0	0	0.003430	0.000024	0.003430	0.000024	1.000000	0.006997
52	U	15914	6589426	5884908	0.002704	341	3790	6589264	0	0	0	nan	0	0	0	0	0	0	nan	0	0	0	0.002704	0.000021	0.002704	0.000021	0.788338	0.006122
53	A	27899	6594000	6130065	0.004551	341	3790	6593852	0	0	0	nan	0	0	0	0	0	0	nan	0	0	0	0.004551	0.000027	0.004551	0.000027	0.649215	0.003852
54	A	43949	6597071	6269337	0.007010	340	3790	6596953	0	0	0	nan	0	0	0	0	0	0	nan	0	0	0	0.007010	0.000033	0.007010	0.000033	1.000000	0.004708
55	U	10942	6598031	6190269	0.001768	339	3790	6597935	0	0	0	nan	0	0	0	0	0	0	nan	0	0	0	0.001768	0.000017	0.001768	0.000017	0.515452	0.004956
56	G	6248	6598937	5974806	0.001046	336	3790	6598864	0	0	0	nan	0	0	0	0	0	0	nan	0	0	0	0.001046	0.000013	0.001046	0.000013	0.513248	0.006379
57	G	0	6600035	6000486	0.000000	335	3790	6599987	0	0	0	nan	0	0	0	0	0	0	nan	0	0	0	0.000000	0.000000	0.000000	0.000000	0.000000	0.000000
58	A	0	6602148	37	0.000000	334	3790	6602148	0	0	0	nan	0	0	0	0	0	0	nan	0	0	0	0.000000	0.000000	nan	nan	nan	nan
59	A	0	6602112	29	0.000000	334	3790	6602112	0	0	0	nan	0	0	0	0	0	0	nan	0	0	0	0.000000	0.000000	nan	nan	nan	nan
60	G	0	6602074	12	0.000000	334	3790	6602074	0	0	0	nan	0	0	0	0	0	0	nan	0	0	0	0.000000	0.000000	nan	nan	nan	nan
61	u	0	6602049	0	nan	333	3789	6602049	0	0	0	nan	0	0	0	0	0	0	nan	0	0	0	nan	nan	nan	nan	nan	nan
62	a	0	6601946	0	nan	330	3788	6601946	0	0	0	nan	0	0	0	0	0	0	nan	0	0	0	nan	nan	nan	nan	nan	nan
63	a	0	6601899	0	nan	327	3785	6601899	0	0	0	nan	0	0	0	0	0	0	nan	0	0	0	nan	nan	nan	nan	nan	nan
64	a	0	6601876	0	nan	320	3783	6601876	0	0	0	nan	0	0	0	0	0	0	nan	0	0	0	nan	nan	nan	nan	nan	nan
65	g	0	6601856	0	nan	294	2922	6601856	0	0	0	nan	0	0	0	0	0	0	nan	0	0	0	nan	nan	nan	nan	nan	nan
66	g	0	6601843	0	nan	257	2835	6601843	0	0	0	nan	0	0	0	0	0	0	nan	0	0	0	nan	nan	nan	nan	nan	nan
67	u	0	6601811	0	nan	247	2825	6601811	0	0	0	nan	0	0	0	0	0	0	nan	0	0	0	nan	nan	nan	nan	nan	nan
68	a	0	6601783	0	nan	243	2600	6601783	0	0	0	nan	0	0	0	0	0	0	nan	0	0	0	nan	nan	nan	nan	nan	nan
69	a	0	6601762	0	nan	239	2594	6601762	0	0	0	nan	0	0	0	0	0	0	nan	0	0	0	nan	nan	nan	nan	nan	nan
70	u	0	6601748	0	nan	238	2533	6601748	0	0	0	nan	0	0	0	0	0	0	nan	0	0	0	nan	nan	nan	nan	nan	nan
71	g	0	6601692	0	nan	238	2521	6601692	0	0	0	nan	0	0	0	0	0	0	nan	0	0	0	nan	nan	nan	nan	nan	nan
72	a	0	6601638	0	nan	237	2518	6601638	0	0	0	nan	0	0	0	0	0	0	nan	0	0	0	nan	nan	nan	nan	nan	nan
73	a	0	6601601	0	nan	237	2514	6601601	0	0	0	nan	0	0	0	0	0	0	nan	0	0	0	nan	nan	nan	nan	nan	nan
74	g	0	6601577	0	nan	235	2506	6601577	0	0	0	nan	0	0	0	0	0	0	nan	0	0	0	nan	nan	nan	nan	nan	nan
75	g	0	6601531	0	nan	235	2503	6601531	0	0	0	nan	0	0	0	0	0	0	nan	0	0	0	nan	nan	nan	nan	nan	nan
76	u	0	6601400	0	nan	235	2496	6601400	0	0	0	nan	0	0	0	0	0	0	nan	0	0	0	nan	nan	nan	nan	nan	nan
77	g	0	6601257	0	nan	234	2458	6601257	0	0	0	nan	0	0	0	0	0	0	nan	0	0	0	nan	nan	nan	nan	nan	nan
78	a	0	6601152	0	nan	233	2454	6601152	0	0	0	nan	0	0	0	0	0	0	nan	0	0	0	nan	nan	nan	nan	nan	nan
79	a	0	6596375	0	nan	229	2439	6596375	0	0	0	nan	0	0	0	0	0	0	nan	0	0	0	nan	nan	nan	nan	nan	nan
80	g	0	6593643	0	nan	228	2397	6593643	0	0	0	nan	0	0	0	0	0	0	nan	0	0	0	nan	nan	nan	nan	nan	nan