Nucleotide	Sequence	Modified_mutations	Modified_read_depth	Modified_effective_depth	Modified_rate	Modified_off_target_mapped_depth	Modified_low_mapq_mapped_depth	Modified_primer_pair_1_mapped_depth	Untreated_mutations	Untreated_read_depth	Untreated_effective_depth	Untreated_rate	Untreated_off_target_mapped_depth	Untreated_low_mapq_mapped_depth	Untreated_primer_pair_1_mapped_depth	Denatured_mutations	Denatured_read_depth	Denatured_effective_depth	Denatured_rate	Denatured_off_target_mapped_depth	Denatured_low_mapq_mapped_depth	Denatured_primer_pair_1_mapped_depth	Reactivity_profile	Std_err	HQ_profile	HQ_stderr	Norm_profile	Norm_stderr
1	g	0	181263	0	nan	2	1	181263	0	0	0	nan	0	0	0	0	0	0	nan	0	0	0	nan	nan	nan	nan	nan	nan
2	g	0	181392	0	nan	2	1	181392	0	0	0	nan	0	0	0	0	0	0	nan	0	0	0	nan	nan	nan	nan	nan	nan
3	u	0	181458	0	nan	2	1	181458	0	0	0	nan	0	0	0	0	0	0	nan	0	0	0	nan	nan	nan	nan	nan	nan
4	g	0	181476	0	nan	2	1	181476	0	0	0	nan	0	0	0	0	0	0	nan	0	0	0	nan	nan	nan	nan	nan	nan
5	u	0	181491	0	nan	2	1	181491	0	0	0	nan	0	0	0	0	0	0	nan	0	0	0	nan	nan	nan	nan	nan	nan
6	a	0	181492	0	nan	2	1	181492	0	0	0	nan	0	0	0	0	0	0	nan	0	0	0	nan	nan	nan	nan	nan	nan
7	a	0	181493	0	nan	2	1	181493	0	0	0	nan	0	0	0	0	0	0	nan	0	0	0	nan	nan	nan	nan	nan	nan
8	g	0	181494	0	nan	2	1	181494	0	0	0	nan	0	0	0	0	0	0	nan	0	0	0	nan	nan	nan	nan	nan	nan
9	g	0	181506	0	nan	2	1	181506	0	0	0	nan	0	0	0	0	0	0	nan	0	0	0	nan	nan	nan	nan	nan	nan
10	g	0	182664	0	nan	4	1	182664	0	0	0	nan	0	0	0	0	0	0	nan	0	0	0	nan	nan	nan	nan	nan	nan
11	u	0	182682	0	nan	4	1	182682	0	0	0	nan	0	0	0	0	0	0	nan	0	0	0	nan	nan	nan	nan	nan	nan
12	g	0	182694	0	nan	4	1	182694	0	0	0	nan	0	0	0	0	0	0	nan	0	0	0	nan	nan	nan	nan	nan	nan
13	a	0	182696	0	nan	4	1	182696	0	0	0	nan	0	0	0	0	0	0	nan	0	0	0	nan	nan	nan	nan	nan	nan
14	a	0	182696	0	nan	4	1	182696	0	0	0	nan	0	0	0	0	0	0	nan	0	0	0	nan	nan	nan	nan	nan	nan
15	g	0	182696	0	nan	22	1	182696	0	0	0	nan	0	0	0	0	0	0	nan	0	0	0	nan	nan	nan	nan	nan	nan
16	u	0	182697	0	nan	22	1	182697	0	0	0	nan	0	0	0	0	0	0	nan	0	0	0	nan	nan	nan	nan	nan	nan
17	g	0	182699	0	nan	22	1	182699	0	0	0	nan	0	0	0	0	0	0	nan	0	0	0	nan	nan	nan	nan	nan	nan
18	u	0	182700	0	nan	22	1	182700	0	0	0	nan	0	0	0	0	0	0	nan	0	0	0	nan	nan	nan	nan	nan	nan
19	a	0	182703	0	nan	22	1	182703	0	0	0	nan	0	0	0	0	0	0	nan	0	0	0	nan	nan	nan	nan	nan	nan
20	A	0	182709	6	0.000000	22	1	182709	0	0	0	nan	0	0	0	0	0	0	nan	0	0	0	0.000000	0.000000	nan	nan	nan	nan
21	G	0	182714	10	0.000000	22	1	182714	0	0	0	nan	0	0	0	0	0	0	nan	0	0	0	0.000000	0.000000	nan	nan	nan	nan
22	G	0	182722	18	0.000000	22	1	182722	0	0	0	nan	0	0	0	0	0	0	nan	0	0	0	0.000000	0.000000	nan	nan	nan	nan
23	U	0	182730	182464	0.000000	22	1	182730	0	0	0	nan	0	0	0	0	0	0	nan	0	0	0	0.000000	0.000000	0.000000	0.000000	nan	nan
24	U	259	182737	182490	0.001419	22	1	182737	0	0	0	nan	0	0	0	0	0	0	nan	0	0	0	0.001419	0.000088	0.001419	0.000088	nan	nan
25	G	200	182738	181360	0.001103	22	1	182738	0	0	0	nan	0	0	0	0	0	0	nan	0	0	0	0.001103	0.000078	0.001103	0.000078	nan	nan
26	A	5810	182739	181986	0.031926	22	1	182739	0	0	0	nan	0	0	0	0	0	0	nan	0	0	0	0.031926	0.000419	0.031926	0.000419	1.240579	0.016281
27	A	4989	182739	181868	0.027432	22	1	182739	0	0	0	nan	0	0	0	0	0	0	nan	0	0	0	0.027432	0.000388	0.027432	0.000388	1.065952	0.015077
28	C	3445	182740	181384	0.018993	22	1	182740	0	0	0	nan	0	0	0	0	0	0	nan	0	0	0	0.018993	0.000324	0.018993	0.000324	1.291294	0.022028
29	U	166	182739	181960	0.000912	22	1	182739	0	0	0	nan	0	0	0	0	0	0	nan	0	0	0	0.000912	0.000071	0.000912	0.000071	nan	nan
30	U	255	182740	182118	0.001400	22	1	182740	0	0	0	nan	0	0	0	0	0	0	nan	0	0	0	0.001400	0.000088	0.001400	0.000088	nan	nan
31	U	280	182740	182192	0.001537	22	1	182731	0	0	0	nan	0	0	0	0	0	0	nan	0	0	0	0.001537	0.000092	0.001537	0.000092	nan	nan
32	U	214	182746	182115	0.001175	22	1	182709	0	0	0	nan	0	0	0	0	0	0	nan	0	0	0	0.001175	0.000080	0.001175	0.000080	nan	nan
33	G	169	182757	180937	0.000934	22	1	182712	0	0	0	nan	0	0	0	0	0	0	nan	0	0	0	0.000934	0.000072	0.000934	0.000072	nan	nan
34	A	2226	182766	181879	0.012239	22	1	182721	0	0	0	nan	0	0	0	0	0	0	nan	0	0	0	0.012239	0.000259	0.012239	0.000259	0.475583	0.010064
35	A	1646	182766	181820	0.009053	22	1	182721	0	0	0	nan	0	0	0	0	0	0	nan	0	0	0	0.009053	0.000223	0.009053	0.000223	0.351781	0.008665
36	U	135	182768	181340	0.000744	22	1	182726	0	0	0	nan	0	0	0	0	0	0	nan	0	0	0	0.000744	0.000064	0.000744	0.000064	nan	nan
37	A	15773	182771	181110	0.087091	22	1	182723	0	0	0	nan	0	0	0	0	0	0	nan	0	0	0	0.087091	0.000693	0.087091	0.000693	3.384179	0.026929
38	G	207	182800	178888	0.001157	22	1	182777	0	0	0	nan	0	0	0	0	0	0	nan	0	0	0	0.001157	0.000080	0.001157	0.000080	nan	nan
39	U	328	182804	181876	0.001803	22	1	182782	0	0	0	nan	0	0	0	0	0	0	nan	0	0	0	0.001803	0.000100	0.001803	0.000100	nan	nan
40	G	323	182811	181116	0.001783	22	1	182790	0	0	0	nan	0	0	0	0	0	0	nan	0	0	0	0.001783	0.000099	0.001783	0.000099	nan	nan
41	A	3756	182815	181951	0.020643	22	1	182797	0	0	0	nan	0	0	0	0	0	0	nan	0	0	0	0.020643	0.000337	0.020643	0.000337	0.802145	0.013095
42	U	327	182818	181998	0.001797	22	1	182804	0	0	0	nan	0	0	0	0	0	0	nan	0	0	0	0.001797	0.000099	0.001797	0.000099	nan	nan
43	U	304	182819	182240	0.001668	22	1	182806	0	0	0	nan	0	0	0	0	0	0	nan	0	0	0	0.001668	0.000096	0.001668	0.000096	nan	nan
44	C	338	182828	182198	0.001855	22	1	182815	0	0	0	nan	0	0	0	0	0	0	nan	0	0	0	0.001855	0.000101	0.001855	0.000101	0.126118	0.006867
45	A	1161	182843	182190	0.006372	22	1	182833	0	0	0	nan	0	0	0	0	0	0	nan	0	0	0	0.006372	0.000187	0.006372	0.000187	0.247603	0.007266
46	G	176	182857	181384	0.000970	22	1	182848	0	0	0	nan	0	0	0	0	0	0	nan	0	0	0	0.000970	0.000073	0.000970	0.000073	nan	nan
47	G	139	182859	181467	0.000766	22	1	182853	0	0	0	nan	0	0	0	0	0	0	nan	0	0	0	0.000766	0.000065	0.000766	0.000065	nan	nan
48	A	1013	182860	182229	0.005559	22	1	182854	0	0	0	nan	0	0	0	0	0	0	nan	0	0	0	0.005559	0.000175	0.005559	0.000175	0.216011	0.006800
49	G	210	182863	181331	0.001158	22	1	182861	0	0	0	nan	0	0	0	0	0	0	nan	0	0	0	0.001158	0.000080	0.001158	0.000080	nan	nan
50	G	375	182864	181199	0.002070	22	1	182862	0	0	0	nan	0	0	0	0	0	0	nan	0	0	0	0.002070	0.000107	0.002070	0.000107	nan	nan
51	U	227	182871	182118	0.001246	22	1	182869	0	0	0	nan	0	0	0	0	0	0	nan	0	0	0	0.001246	0.000083	0.001246	0.000083	nan	nan
52	U	187	182875	181935	0.001028	22	1	182873	0	0	0	nan	0	0	0	0	0	0	nan	0	0	0	0.001028	0.000075	0.001028	0.000075	nan	nan
53	A	2230	182873	181565	0.012282	22	1	182867	0	0	0	nan	0	0	0	0	0	0	nan	0	0	0	0.012282	0.000260	0.012282	0.000260	0.477254	0.010103
54	A	1880	182740	181229	0.010374	22	1	182728	0	0	0	nan	0	0	0	0	0	0	nan	0	0	0	0.010374	0.000239	0.010374	0.000239	0.403113	0.009287
55	U	292	182743	181073	0.001613	22	1	182732	0	0	0	nan	0	0	0	0	0	0	nan	0	0	0	0.001613	0.000094	0.001613	0.000094	nan	nan
56	G	232	182752	180493	0.001285	22	1	182744	0	0	0	nan	0	0	0	0	0	0	nan	0	0	0	0.001285	0.000084	0.001285	0.000084	nan	nan
57	G	0	182777	179809	0.000000	22	1	182772	0	0	0	nan	0	0	0	0	0	0	nan	0	0	0	0.000000	0.000000	0.000000	0.000000	nan	nan
58	A	0	182788	0	nan	22	1	182788	0	0	0	nan	0	0	0	0	0	0	nan	0	0	0	nan	nan	nan	nan	nan	nan
59	A	0	182788	0	nan	22	1	182788	0	0	0	nan	0	0	0	0	0	0	nan	0	0	0	nan	nan	nan	nan	nan	nan
60	G	0	182788	0	nan	22	1	182788	0	0	0	nan	0	0	0	0	0	0	nan	0	0	0	nan	nan	nan	nan	nan	nan
61	u	0	182788	0	nan	22	1	182788	0	0	0	nan	0	0	0	0	0	0	nan	0	0	0	nan	nan	nan	nan	nan	nan
62	a	0	182788	0	nan	22	1	182788	0	0	0	nan	0	0	0	0	0	0	nan	0	0	0	nan	nan	nan	nan	nan	nan
63	a	0	182788	0	nan	22	1	182788	0	0	0	nan	0	0	0	0	0	0	nan	0	0	0	nan	nan	nan	nan	nan	nan
64	a	0	182788	0	nan	18	1	182788	0	0	0	nan	0	0	0	0	0	0	nan	0	0	0	nan	nan	nan	nan	nan	nan
65	g	0	182788	0	nan	18	1	182788	0	0	0	nan	0	0	0	0	0	0	nan	0	0	0	nan	nan	nan	nan	nan	nan
66	g	0	182788	0	nan	18	1	182788	0	0	0	nan	0	0	0	0	0	0	nan	0	0	0	nan	nan	nan	nan	nan	nan
67	u	0	182788	0	nan	18	1	182788	0	0	0	nan	0	0	0	0	0	0	nan	0	0	0	nan	nan	nan	nan	nan	nan
68	a	0	182788	0	nan	18	1	182788	0	0	0	nan	0	0	0	0	0	0	nan	0	0	0	nan	nan	nan	nan	nan	nan
69	a	0	182788	0	nan	18	1	182788	0	0	0	nan	0	0	0	0	0	0	nan	0	0	0	nan	nan	nan	nan	nan	nan
70	u	0	182788	0	nan	18	1	182788	0	0	0	nan	0	0	0	0	0	0	nan	0	0	0	nan	nan	nan	nan	nan	nan
71	g	0	182788	0	nan	18	1	182788	0	0	0	nan	0	0	0	0	0	0	nan	0	0	0	nan	nan	nan	nan	nan	nan
72	a	0	182788	0	nan	18	1	182788	0	0	0	nan	0	0	0	0	0	0	nan	0	0	0	nan	nan	nan	nan	nan	nan
73	a	0	182788	0	nan	18	1	182788	0	0	0	nan	0	0	0	0	0	0	nan	0	0	0	nan	nan	nan	nan	nan	nan
74	g	0	182788	0	nan	18	1	182788	0	0	0	nan	0	0	0	0	0	0	nan	0	0	0	nan	nan	nan	nan	nan	nan
75	g	0	182788	0	nan	18	1	182788	0	0	0	nan	0	0	0	0	0	0	nan	0	0	0	nan	nan	nan	nan	nan	nan
76	u	0	182783	0	nan	18	1	182783	0	0	0	nan	0	0	0	0	0	0	nan	0	0	0	nan	nan	nan	nan	nan	nan
77	g	0	182779	0	nan	18	1	182779	0	0	0	nan	0	0	0	0	0	0	nan	0	0	0	nan	nan	nan	nan	nan	nan
78	a	0	182777	0	nan	18	1	182777	0	0	0	nan	0	0	0	0	0	0	nan	0	0	0	nan	nan	nan	nan	nan	nan
79	a	0	182753	0	nan	18	1	182753	0	0	0	nan	0	0	0	0	0	0	nan	0	0	0	nan	nan	nan	nan	nan	nan
80	g	0	182658	0	nan	18	1	182658	0	0	0	nan	0	0	0	0	0	0	nan	0	0	0	nan	nan	nan	nan	nan	nan