Nucleotide	Sequence	Modified_mutations	Modified_read_depth	Modified_effective_depth	Modified_rate	Modified_off_target_mapped_depth	Modified_low_mapq_mapped_depth	Modified_primer_pair_1_mapped_depth	Untreated_mutations	Untreated_read_depth	Untreated_effective_depth	Untreated_rate	Untreated_off_target_mapped_depth	Untreated_low_mapq_mapped_depth	Untreated_primer_pair_1_mapped_depth	Denatured_mutations	Denatured_read_depth	Denatured_effective_depth	Denatured_rate	Denatured_off_target_mapped_depth	Denatured_low_mapq_mapped_depth	Denatured_primer_pair_1_mapped_depth	Reactivity_profile	Std_err	HQ_profile	HQ_stderr	Norm_profile	Norm_stderr
1	g	0	8209240	0	nan	37	378	8209240	0	0	0	nan	0	0	0	0	0	0	nan	0	0	0	nan	nan	nan	nan	nan	nan
2	g	0	8286183	0	nan	37	381	8286183	0	0	0	nan	0	0	0	0	0	0	nan	0	0	0	nan	nan	nan	nan	nan	nan
3	u	0	8296527	0	nan	37	383	8296527	0	0	0	nan	0	0	0	0	0	0	nan	0	0	0	nan	nan	nan	nan	nan	nan
4	g	0	8302315	0	nan	37	397	8302315	0	0	0	nan	0	0	0	0	0	0	nan	0	0	0	nan	nan	nan	nan	nan	nan
5	u	0	8315183	0	nan	37	401	8315183	0	0	0	nan	0	0	0	0	0	0	nan	0	0	0	nan	nan	nan	nan	nan	nan
6	a	0	8319913	0	nan	37	417	8319913	0	0	0	nan	0	0	0	0	0	0	nan	0	0	0	nan	nan	nan	nan	nan	nan
7	a	0	8321016	0	nan	37	418	8321016	0	0	0	nan	0	0	0	0	0	0	nan	0	0	0	nan	nan	nan	nan	nan	nan
8	g	0	8321574	0	nan	37	421	8321574	0	0	0	nan	0	0	0	0	0	0	nan	0	0	0	nan	nan	nan	nan	nan	nan
9	g	0	8322238	0	nan	37	421	8322238	0	0	0	nan	0	0	0	0	0	0	nan	0	0	0	nan	nan	nan	nan	nan	nan
10	g	0	8323800	0	nan	37	433	8323800	0	0	0	nan	0	0	0	0	0	0	nan	0	0	0	nan	nan	nan	nan	nan	nan
11	u	0	8327384	0	nan	37	434	8327384	0	0	0	nan	0	0	0	0	0	0	nan	0	0	0	nan	nan	nan	nan	nan	nan
12	g	0	8338985	0	nan	66	463	8338985	0	0	0	nan	0	0	0	0	0	0	nan	0	0	0	nan	nan	nan	nan	nan	nan
13	a	0	8354333	0	nan	69	473	8354333	0	0	0	nan	0	0	0	0	0	0	nan	0	0	0	nan	nan	nan	nan	nan	nan
14	a	0	8361955	0	nan	88	473	8361955	0	0	0	nan	0	0	0	0	0	0	nan	0	0	0	nan	nan	nan	nan	nan	nan
15	g	0	8365903	0	nan	426	474	8365903	0	0	0	nan	0	0	0	0	0	0	nan	0	0	0	nan	nan	nan	nan	nan	nan
16	u	0	8370585	0	nan	427	474	8370585	0	0	0	nan	0	0	0	0	0	0	nan	0	0	0	nan	nan	nan	nan	nan	nan
17	g	0	8372486	0	nan	427	483	8372486	0	0	0	nan	0	0	0	0	0	0	nan	0	0	0	nan	nan	nan	nan	nan	nan
18	u	0	8374026	0	nan	427	485	8374026	0	0	0	nan	0	0	0	0	0	0	nan	0	0	0	nan	nan	nan	nan	nan	nan
19	a	0	8375484	0	nan	428	509	8375484	0	0	0	nan	0	0	0	0	0	0	nan	0	0	0	nan	nan	nan	nan	nan	nan
20	A	0	8377102	646	0.000000	428	509	8377102	0	0	0	nan	0	0	0	0	0	0	nan	0	0	0	0.000000	0.000000	nan	nan	nan	nan
21	G	0	8378056	730	0.000000	428	509	8378056	0	0	0	nan	0	0	0	0	0	0	nan	0	0	0	0.000000	0.000000	nan	nan	nan	nan
22	G	0	8378727	693	0.000000	428	509	8378727	0	0	0	nan	0	0	0	0	0	0	nan	0	0	0	0.000000	0.000000	nan	nan	nan	nan
23	U	0	8380400	7568624	0.000000	428	509	8380400	0	0	0	nan	0	0	0	0	0	0	nan	0	0	0	0.000000	0.000000	0.000000	0.000000	0.000000	0.000000
24	U	15807	8381715	7639395	0.002069	428	509	8381715	0	0	0	nan	0	0	0	0	0	0	nan	0	0	0	0.002069	0.000016	0.002069	0.000016	0.622256	0.004812
25	G	7092	8386156	7592813	0.000934	428	509	8386156	0	0	0	nan	0	0	0	0	0	0	nan	0	0	0	0.000934	0.000011	0.000934	0.000011	nan	nan
26	A	22449	8394085	7776087	0.002887	428	509	8394011	0	0	0	nan	0	0	0	0	0	0	nan	0	0	0	0.002887	0.000019	0.002887	0.000019	0.744840	0.004902
27	C	12899	8396942	7471045	0.001727	428	509	8396807	0	0	0	nan	0	0	0	0	0	0	nan	0	0	0	0.001727	0.000015	0.001727	0.000015	0.723199	0.006281
28	C	21131	8398255	7445959	0.002838	428	509	8398080	0	0	0	nan	0	0	0	0	0	0	nan	0	0	0	0.002838	0.000020	0.002838	0.000020	1.188442	0.008375
29	U	28593	8401685	7404360	0.003862	428	509	8401490	0	0	0	nan	0	0	0	0	0	0	nan	0	0	0	0.003862	0.000023	0.003862	0.000023	1.161504	0.006917
30	U	13613	8407622	7534621	0.001807	427	509	8407413	0	0	0	nan	0	0	0	0	0	0	nan	0	0	0	0.001807	0.000015	0.001807	0.000015	0.543459	0.004511
31	U	15594	8413823	7564478	0.002061	427	509	8413577	0	0	0	nan	0	0	0	0	0	0	nan	0	0	0	0.002061	0.000017	0.002061	0.000017	0.619850	0.005113
32	U	15446	8420846	7644071	0.002021	428	509	8420574	0	0	0	nan	0	0	0	0	0	0	nan	0	0	0	0.002021	0.000016	0.002021	0.000016	0.607820	0.004812
33	G	2666	8459924	7759628	0.000344	429	509	8459637	0	0	0	nan	0	0	0	0	0	0	nan	0	0	0	0.000344	0.000007	0.000344	0.000007	nan	nan
34	A	17288	8476774	8211043	0.002105	429	509	8476510	0	0	0	nan	0	0	0	0	0	0	nan	0	0	0	0.002105	0.000016	0.002105	0.000016	0.543086	0.004128
35	A	19789	8480602	8194039	0.002415	429	509	8480334	0	0	0	nan	0	0	0	0	0	0	nan	0	0	0	0.002415	0.000017	0.002415	0.000017	0.623065	0.004386
36	U	6108	8481663	8155386	0.000749	429	509	8481389	0	0	0	nan	0	0	0	0	0	0	nan	0	0	0	0.000749	0.000010	0.000749	0.000010	0.225263	0.003008
37	A	245612	8482299	7801905	0.031481	429	509	8481989	0	0	0	nan	0	0	0	0	0	0	nan	0	0	0	0.031481	0.000064	0.031481	0.000064	8.122033	0.016512
38	G	11033	8482963	7703360	0.001432	446	509	8482661	0	0	0	nan	0	0	0	0	0	0	nan	0	0	0	0.001432	0.000014	0.001432	0.000014	nan	nan
39	U	13415	8483835	7710316	0.001740	447	509	8483517	0	0	0	nan	0	0	0	0	0	0	nan	0	0	0	0.001740	0.000015	0.001740	0.000015	0.523308	0.004511
40	G	9287	8484585	7930007	0.001171	463	509	8484249	0	0	0	nan	0	0	0	0	0	0	nan	0	0	0	0.001171	0.000012	0.001171	0.000012	nan	nan
41	A	50527	8488547	7908432	0.006389	464	509	8488201	0	0	0	nan	0	0	0	0	0	0	nan	0	0	0	0.006389	0.000028	0.006389	0.000028	1.648349	0.007224
42	U	24828	8489476	7860226	0.003159	465	509	8489139	0	0	0	nan	0	0	0	0	0	0	nan	0	0	0	0.003159	0.000020	0.003159	0.000020	0.950075	0.006015
43	U	13432	8491819	7784412	0.001725	471	509	8491474	0	0	0	nan	0	0	0	0	0	0	nan	0	0	0	0.001725	0.000015	0.001725	0.000015	0.518797	0.004511
44	C	15097	8495872	7788237	0.001938	471	509	8495501	0	0	0	nan	0	0	0	0	0	0	nan	0	0	0	0.001938	0.000016	0.001938	0.000016	0.811558	0.006700
45	A	22108	8498298	7792596	0.002837	470	509	8497899	0	0	0	nan	0	0	0	0	0	0	nan	0	0	0	0.002837	0.000019	0.002837	0.000019	0.731940	0.004902
46	G	4433	8500098	7610021	0.000583	472	509	8499715	0	0	0	nan	0	0	0	0	0	0	nan	0	0	0	0.000583	0.000009	0.000583	0.000009	nan	nan
47	G	12736	8504835	7688267	0.001657	479	509	8504442	0	0	0	nan	0	0	0	0	0	0	nan	0	0	0	0.001657	0.000015	0.001657	0.000015	nan	nan
48	A	10168	8513448	7557943	0.001345	506	509	8513072	0	0	0	nan	0	0	0	0	0	0	nan	0	0	0	0.001345	0.000013	0.001345	0.000013	0.347007	0.003354
49	G	21764	8515234	7662034	0.002840	507	509	8514888	0	0	0	nan	0	0	0	0	0	0	nan	0	0	0	0.002840	0.000019	0.002840	0.000019	nan	nan
50	G	3233	8528253	7481554	0.000432	558	509	8527943	0	0	0	nan	0	0	0	0	0	0	nan	0	0	0	0.000432	0.000008	0.000432	0.000008	nan	nan
51	U	25577	8533651	7691842	0.003325	557	509	8533398	0	0	0	nan	0	0	0	0	0	0	nan	0	0	0	0.003325	0.000021	0.003325	0.000021	1.000000	0.006316
52	U	19593	8541770	7693317	0.002547	593	509	8541557	0	0	0	nan	0	0	0	0	0	0	nan	0	0	0	0.002547	0.000018	0.002547	0.000018	0.766015	0.005414
53	A	16295	8546545	7993304	0.002039	594	509	8546342	0	0	0	nan	0	0	0	0	0	0	nan	0	0	0	0.002039	0.000016	0.002039	0.000016	0.526058	0.004128
54	A	31637	8549997	8162565	0.003876	594	509	8549834	0	0	0	nan	0	0	0	0	0	0	nan	0	0	0	0.003876	0.000022	0.003876	0.000022	1.000000	0.005676
55	U	13072	8551030	8059710	0.001622	594	509	8550900	0	0	0	nan	0	0	0	0	0	0	nan	0	0	0	0.001622	0.000014	0.001622	0.000014	0.487820	0.004211
56	G	6909	8551975	7773902	0.000889	592	509	8551870	0	0	0	nan	0	0	0	0	0	0	nan	0	0	0	0.000889	0.000011	0.000889	0.000011	nan	nan
57	G	0	8553339	7801608	0.000000	592	509	8553282	0	0	0	nan	0	0	0	0	0	0	nan	0	0	0	0.000000	0.000000	0.000000	0.000000	nan	nan
58	A	0	8555662	26	0.000000	592	509	8555662	0	0	0	nan	0	0	0	0	0	0	nan	0	0	0	0.000000	0.000000	nan	nan	nan	nan
59	A	0	8555623	35	0.000000	592	509	8555623	0	0	0	nan	0	0	0	0	0	0	nan	0	0	0	0.000000	0.000000	nan	nan	nan	nan
60	G	0	8555581	14	0.000000	592	509	8555581	0	0	0	nan	0	0	0	0	0	0	nan	0	0	0	0.000000	0.000000	nan	nan	nan	nan
61	u	0	8555543	0	nan	592	509	8555543	0	0	0	nan	0	0	0	0	0	0	nan	0	0	0	nan	nan	nan	nan	nan	nan
62	a	0	8555460	0	nan	587	509	8555460	0	0	0	nan	0	0	0	0	0	0	nan	0	0	0	nan	nan	nan	nan	nan	nan
63	a	0	8555400	0	nan	584	508	8555400	0	0	0	nan	0	0	0	0	0	0	nan	0	0	0	nan	nan	nan	nan	nan	nan
64	a	0	8555379	0	nan	582	507	8555379	0	0	0	nan	0	0	0	0	0	0	nan	0	0	0	nan	nan	nan	nan	nan	nan
65	g	0	8555360	0	nan	571	418	8555360	0	0	0	nan	0	0	0	0	0	0	nan	0	0	0	nan	nan	nan	nan	nan	nan
66	g	0	8555338	0	nan	555	407	8555338	0	0	0	nan	0	0	0	0	0	0	nan	0	0	0	nan	nan	nan	nan	nan	nan
67	u	0	8555318	0	nan	552	407	8555318	0	0	0	nan	0	0	0	0	0	0	nan	0	0	0	nan	nan	nan	nan	nan	nan
68	a	0	8555296	0	nan	550	381	8555296	0	0	0	nan	0	0	0	0	0	0	nan	0	0	0	nan	nan	nan	nan	nan	nan
69	a	0	8555278	0	nan	550	381	8555278	0	0	0	nan	0	0	0	0	0	0	nan	0	0	0	nan	nan	nan	nan	nan	nan
70	u	0	8555262	0	nan	549	373	8555262	0	0	0	nan	0	0	0	0	0	0	nan	0	0	0	nan	nan	nan	nan	nan	nan
71	g	0	8555191	0	nan	547	371	8555191	0	0	0	nan	0	0	0	0	0	0	nan	0	0	0	nan	nan	nan	nan	nan	nan
72	a	0	8555136	0	nan	547	370	8555136	0	0	0	nan	0	0	0	0	0	0	nan	0	0	0	nan	nan	nan	nan	nan	nan
73	a	0	8555116	0	nan	547	369	8555116	0	0	0	nan	0	0	0	0	0	0	nan	0	0	0	nan	nan	nan	nan	nan	nan
74	g	0	8555096	0	nan	546	369	8555096	0	0	0	nan	0	0	0	0	0	0	nan	0	0	0	nan	nan	nan	nan	nan	nan
75	g	0	8555060	0	nan	545	369	8555060	0	0	0	nan	0	0	0	0	0	0	nan	0	0	0	nan	nan	nan	nan	nan	nan
76	u	0	8554974	0	nan	545	368	8554974	0	0	0	nan	0	0	0	0	0	0	nan	0	0	0	nan	nan	nan	nan	nan	nan
77	g	0	8554891	0	nan	545	361	8554891	0	0	0	nan	0	0	0	0	0	0	nan	0	0	0	nan	nan	nan	nan	nan	nan
78	a	0	8554810	0	nan	544	361	8554810	0	0	0	nan	0	0	0	0	0	0	nan	0	0	0	nan	nan	nan	nan	nan	nan
79	a	0	8549688	0	nan	539	361	8549688	0	0	0	nan	0	0	0	0	0	0	nan	0	0	0	nan	nan	nan	nan	nan	nan
80	g	0	8546821	0	nan	539	360	8546821	0	0	0	nan	0	0	0	0	0	0	nan	0	0	0	nan	nan	nan	nan	nan	nan