Nucleotide	Sequence	Modified_mutations	Modified_read_depth	Modified_effective_depth	Modified_rate	Modified_off_target_mapped_depth	Modified_low_mapq_mapped_depth	Modified_primer_pair_1_mapped_depth	Untreated_mutations	Untreated_read_depth	Untreated_effective_depth	Untreated_rate	Untreated_off_target_mapped_depth	Untreated_low_mapq_mapped_depth	Untreated_primer_pair_1_mapped_depth	Denatured_mutations	Denatured_read_depth	Denatured_effective_depth	Denatured_rate	Denatured_off_target_mapped_depth	Denatured_low_mapq_mapped_depth	Denatured_primer_pair_1_mapped_depth	Reactivity_profile	Std_err	HQ_profile	HQ_stderr	Norm_profile	Norm_stderr
1	g	0	38389	0	nan	0	0	38389	0	0	0	nan	0	0	0	0	0	0	nan	0	0	0	nan	nan	nan	nan	nan	nan
2	g	0	38412	0	nan	0	0	38412	0	0	0	nan	0	0	0	0	0	0	nan	0	0	0	nan	nan	nan	nan	nan	nan
3	u	0	38438	0	nan	0	0	38438	0	0	0	nan	0	0	0	0	0	0	nan	0	0	0	nan	nan	nan	nan	nan	nan
4	g	0	38445	0	nan	0	0	38445	0	0	0	nan	0	0	0	0	0	0	nan	0	0	0	nan	nan	nan	nan	nan	nan
5	u	0	38457	0	nan	0	0	38457	0	0	0	nan	0	0	0	0	0	0	nan	0	0	0	nan	nan	nan	nan	nan	nan
6	a	0	38482	0	nan	0	0	38482	0	0	0	nan	0	0	0	0	0	0	nan	0	0	0	nan	nan	nan	nan	nan	nan
7	a	0	38505	0	nan	0	0	38505	0	0	0	nan	0	0	0	0	0	0	nan	0	0	0	nan	nan	nan	nan	nan	nan
8	g	0	38623	0	nan	0	0	38623	0	0	0	nan	0	0	0	0	0	0	nan	0	0	0	nan	nan	nan	nan	nan	nan
9	g	0	40040	0	nan	0	0	40040	0	0	0	nan	0	0	0	0	0	0	nan	0	0	0	nan	nan	nan	nan	nan	nan
10	g	0	161495	0	nan	0	0	161495	0	0	0	nan	0	0	0	0	0	0	nan	0	0	0	nan	nan	nan	nan	nan	nan
11	u	0	168613	0	nan	0	0	168613	0	0	0	nan	0	0	0	0	0	0	nan	0	0	0	nan	nan	nan	nan	nan	nan
12	g	0	168893	0	nan	0	0	168893	0	0	0	nan	0	0	0	0	0	0	nan	0	0	0	nan	nan	nan	nan	nan	nan
13	a	0	168934	0	nan	0	0	168934	0	0	0	nan	0	0	0	0	0	0	nan	0	0	0	nan	nan	nan	nan	nan	nan
14	a	0	168944	0	nan	0	0	168944	0	0	0	nan	0	0	0	0	0	0	nan	0	0	0	nan	nan	nan	nan	nan	nan
15	g	0	168968	0	nan	2	0	168968	0	0	0	nan	0	0	0	0	0	0	nan	0	0	0	nan	nan	nan	nan	nan	nan
16	u	0	168977	0	nan	2	0	168977	0	0	0	nan	0	0	0	0	0	0	nan	0	0	0	nan	nan	nan	nan	nan	nan
17	g	0	168995	0	nan	2	0	168995	0	0	0	nan	0	0	0	0	0	0	nan	0	0	0	nan	nan	nan	nan	nan	nan
18	u	0	169000	0	nan	2	0	169000	0	0	0	nan	0	0	0	0	0	0	nan	0	0	0	nan	nan	nan	nan	nan	nan
19	a	0	169063	0	nan	2	0	169063	0	0	0	nan	0	0	0	0	0	0	nan	0	0	0	nan	nan	nan	nan	nan	nan
20	A	0	169085	10	0.000000	2	0	169085	0	0	0	nan	0	0	0	0	0	0	nan	0	0	0	0.000000	0.000000	nan	nan	nan	nan
21	G	0	169134	32	0.000000	2	0	169134	0	0	0	nan	0	0	0	0	0	0	nan	0	0	0	0.000000	0.000000	nan	nan	nan	nan
22	G	0	169140	33	0.000000	2	0	169140	0	0	0	nan	0	0	0	0	0	0	nan	0	0	0	0.000000	0.000000	nan	nan	nan	nan
23	U	0	169151	167129	0.000000	2	0	169151	0	0	0	nan	0	0	0	0	0	0	nan	0	0	0	0.000000	0.000000	0.000000	0.000000	nan	nan
24	U	204	169153	167187	0.001220	2	0	169153	0	0	0	nan	0	0	0	0	0	0	nan	0	0	0	0.001220	0.000085	0.001220	0.000085	nan	nan
25	G	233	169158	166311	0.001401	2	0	169158	0	0	0	nan	0	0	0	0	0	0	nan	0	0	0	0.001401	0.000092	0.001401	0.000092	nan	nan
26	A	822	169157	163162	0.005038	2	0	169138	0	0	0	nan	0	0	0	0	0	0	nan	0	0	0	0.005038	0.000176	0.005038	0.000176	0.392857	0.013724
27	C	6213	169169	162541	0.038224	2	0	169142	0	0	0	nan	0	0	0	0	0	0	nan	0	0	0	0.038224	0.000485	0.038224	0.000485	1.895374	0.024049
28	C	344	169182	162995	0.002110	2	0	169159	0	0	0	nan	0	0	0	0	0	0	nan	0	0	0	0.002110	0.000114	0.002110	0.000114	0.104626	0.005653
29	U	149	169214	165410	0.000901	2	0	169192	0	0	0	nan	0	0	0	0	0	0	nan	0	0	0	0.000901	0.000074	0.000901	0.000074	nan	nan
30	U	149	169236	166035	0.000897	2	0	169214	0	0	0	nan	0	0	0	0	0	0	nan	0	0	0	0.000897	0.000074	0.000897	0.000074	nan	nan
31	U	196	169261	166633	0.001176	2	0	169239	0	0	0	nan	0	0	0	0	0	0	nan	0	0	0	0.001176	0.000084	0.001176	0.000084	nan	nan
32	U	154	169291	167270	0.000921	2	0	169273	0	0	0	nan	0	0	0	0	0	0	nan	0	0	0	0.000921	0.000074	0.000921	0.000074	nan	nan
33	G	147	169315	165786	0.000887	2	0	169298	0	0	0	nan	0	0	0	0	0	0	nan	0	0	0	0.000887	0.000073	0.000887	0.000073	nan	nan
34	A	1128	169332	166246	0.006785	2	0	169315	0	0	0	nan	0	0	0	0	0	0	nan	0	0	0	0.006785	0.000202	0.006785	0.000202	0.529086	0.015752
35	A	1024	169338	165533	0.006186	3	0	169322	0	0	0	nan	0	0	0	0	0	0	nan	0	0	0	0.006186	0.000193	0.006186	0.000193	0.482377	0.015050
36	U	122	169344	163792	0.000745	3	0	169329	0	0	0	nan	0	0	0	0	0	0	nan	0	0	0	0.000745	0.000067	0.000745	0.000067	nan	nan
37	A	15183	169356	163611	0.092799	3	0	169341	0	0	0	nan	0	0	0	0	0	0	nan	0	0	0	0.092799	0.000753	0.092799	0.000753	7.236354	0.058718
38	G	271	169377	162365	0.001669	3	0	169361	0	0	0	nan	0	0	0	0	0	0	nan	0	0	0	0.001669	0.000101	0.001669	0.000101	nan	nan
39	U	281	169388	166662	0.001686	3	1	169373	0	0	0	nan	0	0	0	0	0	0	nan	0	0	0	0.001686	0.000101	0.001686	0.000101	nan	nan
40	G	359	169414	165468	0.002170	3	1	169399	0	0	0	nan	0	0	0	0	0	0	nan	0	0	0	0.002170	0.000115	0.002170	0.000115	nan	nan
41	A	3179	169436	166587	0.019083	3	1	169423	0	0	0	nan	0	0	0	0	0	0	nan	0	0	0	0.019083	0.000338	0.019083	0.000338	1.488069	0.026357
42	U	308	169468	166119	0.001854	3	1	169458	0	0	0	nan	0	0	0	0	0	0	nan	0	0	0	0.001854	0.000106	0.001854	0.000106	nan	nan
43	U	197	169482	166347	0.001184	3	1	169472	0	0	0	nan	0	0	0	0	0	0	nan	0	0	0	0.001184	0.000084	0.001184	0.000084	nan	nan
44	C	296	169495	166456	0.001778	3	1	169485	0	0	0	nan	0	0	0	0	0	0	nan	0	0	0	0.001778	0.000103	0.001778	0.000103	0.088164	0.005107
45	A	946	169515	167018	0.005664	3	1	169507	0	0	0	nan	0	0	0	0	0	0	nan	0	0	0	0.005664	0.000184	0.005664	0.000184	0.441672	0.014348
46	G	170	169534	167550	0.001015	3	1	169527	0	0	0	nan	0	0	0	0	0	0	nan	0	0	0	0.001015	0.000078	0.001015	0.000078	nan	nan
47	G	134	169542	167305	0.000801	3	1	169535	0	0	0	nan	0	0	0	0	0	0	nan	0	0	0	0.000801	0.000069	0.000801	0.000069	nan	nan
48	A	477	169545	167594	0.002846	3	1	169538	0	0	0	nan	0	0	0	0	0	0	nan	0	0	0	0.002846	0.000130	0.002846	0.000130	0.221928	0.010137
49	G	256	169583	166473	0.001538	3	1	169577	0	0	0	nan	0	0	0	0	0	0	nan	0	0	0	0.001538	0.000096	0.001538	0.000096	nan	nan
50	G	227	169596	166194	0.001366	3	1	169592	0	0	0	nan	0	0	0	0	0	0	nan	0	0	0	0.001366	0.000091	0.001366	0.000091	nan	nan
51	U	125	169602	167155	0.000748	3	1	169601	0	0	0	nan	0	0	0	0	0	0	nan	0	0	0	0.000748	0.000067	0.000748	0.000067	nan	nan
52	U	156	169605	166760	0.000935	3	1	169604	0	0	0	nan	0	0	0	0	0	0	nan	0	0	0	0.000935	0.000075	0.000935	0.000075	nan	nan
53	A	1890	169605	167184	0.011305	3	1	169604	0	0	0	nan	0	0	0	0	0	0	nan	0	0	0	0.011305	0.000260	0.011305	0.000260	0.881550	0.020274
54	A	2144	169601	167184	0.012824	3	1	169600	0	0	0	nan	0	0	0	0	0	0	nan	0	0	0	0.012824	0.000277	0.012824	0.000277	1.000000	0.021600
55	U	271	169601	167561	0.001617	3	1	169600	0	0	0	nan	0	0	0	0	0	0	nan	0	0	0	0.001617	0.000098	0.001617	0.000098	nan	nan
56	G	253	169603	167118	0.001514	3	1	169602	0	0	0	nan	0	0	0	0	0	0	nan	0	0	0	0.001514	0.000095	0.001514	0.000095	nan	nan
57	G	0	169606	166044	0.000000	3	1	169605	0	0	0	nan	0	0	0	0	0	0	nan	0	0	0	0.000000	0.000000	0.000000	0.000000	nan	nan
58	A	0	169607	0	nan	3	1	169607	0	0	0	nan	0	0	0	0	0	0	nan	0	0	0	nan	nan	nan	nan	nan	nan
59	A	0	169607	0	nan	3	1	169607	0	0	0	nan	0	0	0	0	0	0	nan	0	0	0	nan	nan	nan	nan	nan	nan
60	G	0	169607	0	nan	3	1	169607	0	0	0	nan	0	0	0	0	0	0	nan	0	0	0	nan	nan	nan	nan	nan	nan
61	u	0	169607	0	nan	3	1	169607	0	0	0	nan	0	0	0	0	0	0	nan	0	0	0	nan	nan	nan	nan	nan	nan
62	a	0	169607	0	nan	3	1	169607	0	0	0	nan	0	0	0	0	0	0	nan	0	0	0	nan	nan	nan	nan	nan	nan
63	a	0	169607	0	nan	3	1	169607	0	0	0	nan	0	0	0	0	0	0	nan	0	0	0	nan	nan	nan	nan	nan	nan
64	a	0	169607	0	nan	3	1	169607	0	0	0	nan	0	0	0	0	0	0	nan	0	0	0	nan	nan	nan	nan	nan	nan
65	g	0	169607	0	nan	3	1	169607	0	0	0	nan	0	0	0	0	0	0	nan	0	0	0	nan	nan	nan	nan	nan	nan
66	g	0	169607	0	nan	3	1	169607	0	0	0	nan	0	0	0	0	0	0	nan	0	0	0	nan	nan	nan	nan	nan	nan
67	u	0	169607	0	nan	3	1	169607	0	0	0	nan	0	0	0	0	0	0	nan	0	0	0	nan	nan	nan	nan	nan	nan
68	a	0	169607	0	nan	3	1	169607	0	0	0	nan	0	0	0	0	0	0	nan	0	0	0	nan	nan	nan	nan	nan	nan
69	a	0	169607	0	nan	3	1	169607	0	0	0	nan	0	0	0	0	0	0	nan	0	0	0	nan	nan	nan	nan	nan	nan
70	u	0	169607	0	nan	3	1	169607	0	0	0	nan	0	0	0	0	0	0	nan	0	0	0	nan	nan	nan	nan	nan	nan
71	g	0	169607	0	nan	3	1	169607	0	0	0	nan	0	0	0	0	0	0	nan	0	0	0	nan	nan	nan	nan	nan	nan
72	a	0	169607	0	nan	3	1	169607	0	0	0	nan	0	0	0	0	0	0	nan	0	0	0	nan	nan	nan	nan	nan	nan
73	a	0	169607	0	nan	3	1	169607	0	0	0	nan	0	0	0	0	0	0	nan	0	0	0	nan	nan	nan	nan	nan	nan
74	g	0	169607	0	nan	3	1	169607	0	0	0	nan	0	0	0	0	0	0	nan	0	0	0	nan	nan	nan	nan	nan	nan
75	g	0	169607	0	nan	3	1	169607	0	0	0	nan	0	0	0	0	0	0	nan	0	0	0	nan	nan	nan	nan	nan	nan
76	u	0	169606	0	nan	3	1	169606	0	0	0	nan	0	0	0	0	0	0	nan	0	0	0	nan	nan	nan	nan	nan	nan
77	g	0	169604	0	nan	3	1	169604	0	0	0	nan	0	0	0	0	0	0	nan	0	0	0	nan	nan	nan	nan	nan	nan
78	a	0	169602	0	nan	3	1	169602	0	0	0	nan	0	0	0	0	0	0	nan	0	0	0	nan	nan	nan	nan	nan	nan
79	a	0	169573	0	nan	3	1	169573	0	0	0	nan	0	0	0	0	0	0	nan	0	0	0	nan	nan	nan	nan	nan	nan
80	g	0	169515	0	nan	3	1	169515	0	0	0	nan	0	0	0	0	0	0	nan	0	0	0	nan	nan	nan	nan	nan	nan