Nucleotide	Sequence	Modified_mutations	Modified_read_depth	Modified_effective_depth	Modified_rate	Modified_off_target_mapped_depth	Modified_low_mapq_mapped_depth	Modified_primer_pair_1_mapped_depth	Untreated_mutations	Untreated_read_depth	Untreated_effective_depth	Untreated_rate	Untreated_off_target_mapped_depth	Untreated_low_mapq_mapped_depth	Untreated_primer_pair_1_mapped_depth	Denatured_mutations	Denatured_read_depth	Denatured_effective_depth	Denatured_rate	Denatured_off_target_mapped_depth	Denatured_low_mapq_mapped_depth	Denatured_primer_pair_1_mapped_depth	Reactivity_profile	Std_err	HQ_profile	HQ_stderr	Norm_profile	Norm_stderr
1	g	0	463695	0	nan	0	6	463695	0	0	0	nan	0	0	0	0	0	0	nan	0	0	0	nan	nan	nan	nan	nan	nan
2	g	0	463968	0	nan	0	6	463968	0	0	0	nan	0	0	0	0	0	0	nan	0	0	0	nan	nan	nan	nan	nan	nan
3	u	0	464135	0	nan	0	6	464135	0	0	0	nan	0	0	0	0	0	0	nan	0	0	0	nan	nan	nan	nan	nan	nan
4	g	0	464195	0	nan	0	6	464195	0	0	0	nan	0	0	0	0	0	0	nan	0	0	0	nan	nan	nan	nan	nan	nan
5	u	0	464283	0	nan	0	6	464283	0	0	0	nan	0	0	0	0	0	0	nan	0	0	0	nan	nan	nan	nan	nan	nan
6	a	0	464285	0	nan	0	6	464285	0	0	0	nan	0	0	0	0	0	0	nan	0	0	0	nan	nan	nan	nan	nan	nan
7	a	0	464293	0	nan	0	6	464293	0	0	0	nan	0	0	0	0	0	0	nan	0	0	0	nan	nan	nan	nan	nan	nan
8	g	0	464314	0	nan	0	6	464314	0	0	0	nan	0	0	0	0	0	0	nan	0	0	0	nan	nan	nan	nan	nan	nan
9	g	0	464680	0	nan	0	6	464680	0	0	0	nan	0	0	0	0	0	0	nan	0	0	0	nan	nan	nan	nan	nan	nan
10	g	0	554144	0	nan	0	6	554144	0	0	0	nan	0	0	0	0	0	0	nan	0	0	0	nan	nan	nan	nan	nan	nan
11	u	0	554650	0	nan	0	6	554650	0	0	0	nan	0	0	0	0	0	0	nan	0	0	0	nan	nan	nan	nan	nan	nan
12	g	0	555003	0	nan	0	6	555003	0	0	0	nan	0	0	0	0	0	0	nan	0	0	0	nan	nan	nan	nan	nan	nan
13	a	0	555048	0	nan	0	6	555048	0	0	0	nan	0	0	0	0	0	0	nan	0	0	0	nan	nan	nan	nan	nan	nan
14	a	0	555054	0	nan	0	6	555054	0	0	0	nan	0	0	0	0	0	0	nan	0	0	0	nan	nan	nan	nan	nan	nan
15	g	0	555056	0	nan	3	6	555056	0	0	0	nan	0	0	0	0	0	0	nan	0	0	0	nan	nan	nan	nan	nan	nan
16	u	0	555078	0	nan	3	6	555078	0	0	0	nan	0	0	0	0	0	0	nan	0	0	0	nan	nan	nan	nan	nan	nan
17	g	0	555117	0	nan	3	6	555117	0	0	0	nan	0	0	0	0	0	0	nan	0	0	0	nan	nan	nan	nan	nan	nan
18	u	0	555215	0	nan	4	6	555215	0	0	0	nan	0	0	0	0	0	0	nan	0	0	0	nan	nan	nan	nan	nan	nan
19	a	0	555370	0	nan	4	6	555370	0	0	0	nan	0	0	0	0	0	0	nan	0	0	0	nan	nan	nan	nan	nan	nan
20	A	0	555640	266	0.000000	4	6	555640	0	0	0	nan	0	0	0	0	0	0	nan	0	0	0	0.000000	0.000000	nan	nan	nan	nan
21	G	0	555918	532	0.000000	4	6	555918	0	0	0	nan	0	0	0	0	0	0	nan	0	0	0	0.000000	0.000000	nan	nan	nan	nan
22	G	0	556179	778	0.000000	4	6	556179	0	0	0	nan	0	0	0	0	0	0	nan	0	0	0	0.000000	0.000000	nan	nan	nan	nan
23	U	0	556213	555049	0.000000	4	6	556213	0	0	0	nan	0	0	0	0	0	0	nan	0	0	0	0.000000	0.000000	0.000000	0.000000	nan	nan
24	U	443	556214	554995	0.000798	4	6	556214	0	0	0	nan	0	0	0	0	0	0	nan	0	0	0	0.000798	0.000038	0.000798	0.000038	nan	nan
25	G	281	556214	555079	0.000506	4	6	556214	0	0	0	nan	0	0	0	0	0	0	nan	0	0	0	0.000506	0.000030	0.000506	0.000030	nan	nan
26	A	202	556214	551491	0.000366	4	6	556213	0	0	0	nan	0	0	0	0	0	0	nan	0	0	0	0.000366	0.000026	0.000366	0.000026	0.123399	0.008766
27	A	1634	556216	550984	0.002966	4	6	556213	0	0	0	nan	0	0	0	0	0	0	nan	0	0	0	0.002966	0.000073	0.002966	0.000073	1.000000	0.024612
28	C	577	556217	550319	0.001048	4	6	556214	0	0	0	nan	0	0	0	0	0	0	nan	0	0	0	0.001048	0.000044	0.001048	0.000044	nan	nan
29	U	521	556219	553397	0.000941	4	6	556216	0	0	0	nan	0	0	0	0	0	0	nan	0	0	0	0.000941	0.000041	0.000941	0.000041	nan	nan
30	U	574	556232	553596	0.001037	4	6	556229	0	0	0	nan	0	0	0	0	0	0	nan	0	0	0	0.001037	0.000043	0.001037	0.000043	nan	nan
31	U	736	556251	554254	0.001328	4	6	556247	0	0	0	nan	0	0	0	0	0	0	nan	0	0	0	0.001328	0.000049	0.001328	0.000049	nan	nan
32	U	425	556275	555051	0.000766	4	6	556272	0	0	0	nan	0	0	0	0	0	0	nan	0	0	0	0.000766	0.000037	0.000766	0.000037	nan	nan
33	G	287	556375	555182	0.000517	4	6	556370	0	0	0	nan	0	0	0	0	0	0	nan	0	0	0	0.000517	0.000031	0.000517	0.000031	nan	nan
34	A	313	556434	555546	0.000563	4	6	556427	0	0	0	nan	0	0	0	0	0	0	nan	0	0	0	0.000563	0.000032	0.000563	0.000032	0.189818	0.010789
35	A	350	556441	555059	0.000631	4	6	556436	0	0	0	nan	0	0	0	0	0	0	nan	0	0	0	0.000631	0.000034	0.000631	0.000034	0.212744	0.011463
36	U	329	556443	554949	0.000593	4	6	556437	0	0	0	nan	0	0	0	0	0	0	nan	0	0	0	0.000593	0.000033	0.000593	0.000033	nan	nan
37	A	370	556446	555115	0.000667	4	6	556440	0	0	0	nan	0	0	0	0	0	0	nan	0	0	0	0.000667	0.000035	0.000667	0.000035	0.224882	0.011800
38	G	364	556455	554635	0.000656	4	6	556449	0	0	0	nan	0	0	0	0	0	0	nan	0	0	0	0.000656	0.000034	0.000656	0.000034	nan	nan
39	U	479	556457	555326	0.000863	4	6	556449	0	0	0	nan	0	0	0	0	0	0	nan	0	0	0	0.000863	0.000039	0.000863	0.000039	nan	nan
40	G	435	556461	554959	0.000784	4	6	556453	0	0	0	nan	0	0	0	0	0	0	nan	0	0	0	0.000784	0.000038	0.000784	0.000038	nan	nan
41	A	514	556466	555184	0.000926	4	6	556458	0	0	0	nan	0	0	0	0	0	0	nan	0	0	0	0.000926	0.000041	0.000926	0.000041	0.312205	0.013823
42	U	836	556483	554617	0.001507	5	6	556475	0	0	0	nan	0	0	0	0	0	0	nan	0	0	0	0.001507	0.000052	0.001507	0.000052	nan	nan
43	U	638	556493	554600	0.001150	5	6	556486	0	0	0	nan	0	0	0	0	0	0	nan	0	0	0	0.001150	0.000046	0.001150	0.000046	nan	nan
44	C	868	556497	554816	0.001564	5	6	556490	0	0	0	nan	0	0	0	0	0	0	nan	0	0	0	0.001564	0.000053	0.001564	0.000053	nan	nan
45	A	485	556504	555394	0.000873	5	6	556497	0	0	0	nan	0	0	0	0	0	0	nan	0	0	0	0.000873	0.000040	0.000873	0.000040	0.294336	0.013486
46	G	384	556519	555496	0.000691	5	6	556513	0	0	0	nan	0	0	0	0	0	0	nan	0	0	0	0.000691	0.000035	0.000691	0.000035	nan	nan
47	G	316	556524	555586	0.000569	4	6	556518	0	0	0	nan	0	0	0	0	0	0	nan	0	0	0	0.000569	0.000032	0.000569	0.000032	nan	nan
48	A	336	556524	555789	0.000605	4	6	556519	0	0	0	nan	0	0	0	0	0	0	nan	0	0	0	0.000605	0.000033	0.000605	0.000033	0.203978	0.011126
49	G	279	556536	555549	0.000502	4	6	556532	0	0	0	nan	0	0	0	0	0	0	nan	0	0	0	0.000502	0.000030	0.000502	0.000030	nan	nan
50	G	259	556540	555380	0.000466	4	6	556537	0	0	0	nan	0	0	0	0	0	0	nan	0	0	0	0.000466	0.000029	0.000466	0.000029	nan	nan
51	U	542	556542	555194	0.000976	4	6	556540	0	0	0	nan	0	0	0	0	0	0	nan	0	0	0	0.000976	0.000042	0.000976	0.000042	nan	nan
52	U	439	556543	555119	0.000791	4	6	556541	0	0	0	nan	0	0	0	0	0	0	nan	0	0	0	0.000791	0.000038	0.000791	0.000038	nan	nan
53	A	253	556541	555168	0.000456	4	6	556539	0	0	0	nan	0	0	0	0	0	0	nan	0	0	0	0.000456	0.000029	0.000456	0.000029	0.153742	0.009777
54	A	293	556328	554578	0.000528	4	6	556322	0	0	0	nan	0	0	0	0	0	0	nan	0	0	0	0.000528	0.000031	0.000528	0.000031	0.178018	0.010452
55	U	585	556327	554222	0.001056	4	6	556323	0	0	0	nan	0	0	0	0	0	0	nan	0	0	0	0.001056	0.000044	0.001056	0.000044	nan	nan
56	G	450	556327	554334	0.000812	4	6	556325	0	0	0	nan	0	0	0	0	0	0	nan	0	0	0	0.000812	0.000038	0.000812	0.000038	nan	nan
57	G	0	556329	554471	0.000000	4	6	556329	0	0	0	nan	0	0	0	0	0	0	nan	0	0	0	0.000000	0.000000	0.000000	0.000000	nan	nan
58	A	0	556330	0	nan	4	6	556330	0	0	0	nan	0	0	0	0	0	0	nan	0	0	0	nan	nan	nan	nan	nan	nan
59	A	0	556330	0	nan	4	6	556330	0	0	0	nan	0	0	0	0	0	0	nan	0	0	0	nan	nan	nan	nan	nan	nan
60	G	0	556330	0	nan	4	6	556330	0	0	0	nan	0	0	0	0	0	0	nan	0	0	0	nan	nan	nan	nan	nan	nan
61	u	0	556330	0	nan	4	6	556330	0	0	0	nan	0	0	0	0	0	0	nan	0	0	0	nan	nan	nan	nan	nan	nan
62	a	0	556330	0	nan	4	6	556330	0	0	0	nan	0	0	0	0	0	0	nan	0	0	0	nan	nan	nan	nan	nan	nan
63	a	0	556330	0	nan	4	6	556330	0	0	0	nan	0	0	0	0	0	0	nan	0	0	0	nan	nan	nan	nan	nan	nan
64	a	0	556330	0	nan	4	6	556330	0	0	0	nan	0	0	0	0	0	0	nan	0	0	0	nan	nan	nan	nan	nan	nan
65	g	0	556330	0	nan	4	6	556330	0	0	0	nan	0	0	0	0	0	0	nan	0	0	0	nan	nan	nan	nan	nan	nan
66	g	0	556330	0	nan	4	6	556330	0	0	0	nan	0	0	0	0	0	0	nan	0	0	0	nan	nan	nan	nan	nan	nan
67	u	0	556330	0	nan	4	6	556330	0	0	0	nan	0	0	0	0	0	0	nan	0	0	0	nan	nan	nan	nan	nan	nan
68	a	0	556330	0	nan	4	6	556330	0	0	0	nan	0	0	0	0	0	0	nan	0	0	0	nan	nan	nan	nan	nan	nan
69	a	0	556330	0	nan	4	6	556330	0	0	0	nan	0	0	0	0	0	0	nan	0	0	0	nan	nan	nan	nan	nan	nan
70	u	0	556330	0	nan	4	6	556330	0	0	0	nan	0	0	0	0	0	0	nan	0	0	0	nan	nan	nan	nan	nan	nan
71	g	0	556330	0	nan	4	6	556330	0	0	0	nan	0	0	0	0	0	0	nan	0	0	0	nan	nan	nan	nan	nan	nan
72	a	0	556330	0	nan	4	6	556330	0	0	0	nan	0	0	0	0	0	0	nan	0	0	0	nan	nan	nan	nan	nan	nan
73	a	0	556330	0	nan	4	6	556330	0	0	0	nan	0	0	0	0	0	0	nan	0	0	0	nan	nan	nan	nan	nan	nan
74	g	0	556330	0	nan	4	6	556330	0	0	0	nan	0	0	0	0	0	0	nan	0	0	0	nan	nan	nan	nan	nan	nan
75	g	0	556329	0	nan	4	6	556329	0	0	0	nan	0	0	0	0	0	0	nan	0	0	0	nan	nan	nan	nan	nan	nan
76	u	0	556325	0	nan	4	6	556325	0	0	0	nan	0	0	0	0	0	0	nan	0	0	0	nan	nan	nan	nan	nan	nan
77	g	0	556323	0	nan	4	6	556323	0	0	0	nan	0	0	0	0	0	0	nan	0	0	0	nan	nan	nan	nan	nan	nan
78	a	0	556319	0	nan	4	6	556319	0	0	0	nan	0	0	0	0	0	0	nan	0	0	0	nan	nan	nan	nan	nan	nan
79	a	0	556232	0	nan	4	6	556232	0	0	0	nan	0	0	0	0	0	0	nan	0	0	0	nan	nan	nan	nan	nan	nan
80	g	0	556014	0	nan	4	6	556014	0	0	0	nan	0	0	0	0	0	0	nan	0	0	0	nan	nan	nan	nan	nan	nan