Nucleotide	Sequence	Modified_mutations	Modified_read_depth	Modified_effective_depth	Modified_rate	Modified_off_target_mapped_depth	Modified_low_mapq_mapped_depth	Modified_primer_pair_1_mapped_depth	Untreated_mutations	Untreated_read_depth	Untreated_effective_depth	Untreated_rate	Untreated_off_target_mapped_depth	Untreated_low_mapq_mapped_depth	Untreated_primer_pair_1_mapped_depth	Denatured_mutations	Denatured_read_depth	Denatured_effective_depth	Denatured_rate	Denatured_off_target_mapped_depth	Denatured_low_mapq_mapped_depth	Denatured_primer_pair_1_mapped_depth	Reactivity_profile	Std_err	HQ_profile	HQ_stderr	Norm_profile	Norm_stderr
1	g	0	35935	0	nan	4	0	35935	0	0	0	nan	0	0	0	0	0	0	nan	0	0	0	nan	nan	nan	nan	nan	nan
2	g	0	35969	0	nan	4	0	35969	0	0	0	nan	0	0	0	0	0	0	nan	0	0	0	nan	nan	nan	nan	nan	nan
3	u	0	35988	0	nan	4	0	35988	0	0	0	nan	0	0	0	0	0	0	nan	0	0	0	nan	nan	nan	nan	nan	nan
4	g	0	35997	0	nan	4	0	35997	0	0	0	nan	0	0	0	0	0	0	nan	0	0	0	nan	nan	nan	nan	nan	nan
5	u	0	36004	0	nan	4	0	36004	0	0	0	nan	0	0	0	0	0	0	nan	0	0	0	nan	nan	nan	nan	nan	nan
6	a	0	36018	0	nan	4	0	36018	0	0	0	nan	0	0	0	0	0	0	nan	0	0	0	nan	nan	nan	nan	nan	nan
7	a	0	36036	0	nan	4	0	36036	0	0	0	nan	0	0	0	0	0	0	nan	0	0	0	nan	nan	nan	nan	nan	nan
8	g	0	36083	0	nan	4	0	36083	0	0	0	nan	0	0	0	0	0	0	nan	0	0	0	nan	nan	nan	nan	nan	nan
9	g	0	37082	0	nan	4	0	37082	0	0	0	nan	0	0	0	0	0	0	nan	0	0	0	nan	nan	nan	nan	nan	nan
10	g	0	222343	0	nan	5	0	222343	0	0	0	nan	0	0	0	0	0	0	nan	0	0	0	nan	nan	nan	nan	nan	nan
11	u	0	229818	0	nan	5	0	229818	0	0	0	nan	0	0	0	0	0	0	nan	0	0	0	nan	nan	nan	nan	nan	nan
12	g	0	230038	0	nan	5	0	230038	0	0	0	nan	0	0	0	0	0	0	nan	0	0	0	nan	nan	nan	nan	nan	nan
13	a	0	230061	0	nan	5	0	230061	0	0	0	nan	0	0	0	0	0	0	nan	0	0	0	nan	nan	nan	nan	nan	nan
14	a	0	230066	0	nan	5	0	230066	0	0	0	nan	0	0	0	0	0	0	nan	0	0	0	nan	nan	nan	nan	nan	nan
15	g	0	230080	0	nan	7	0	230080	0	0	0	nan	0	0	0	0	0	0	nan	0	0	0	nan	nan	nan	nan	nan	nan
16	u	0	230091	0	nan	7	0	230091	0	0	0	nan	0	0	0	0	0	0	nan	0	0	0	nan	nan	nan	nan	nan	nan
17	g	0	230107	0	nan	7	0	230107	0	0	0	nan	0	0	0	0	0	0	nan	0	0	0	nan	nan	nan	nan	nan	nan
18	u	0	230116	0	nan	7	0	230116	0	0	0	nan	0	0	0	0	0	0	nan	0	0	0	nan	nan	nan	nan	nan	nan
19	a	0	230182	0	nan	7	0	230182	0	0	0	nan	0	0	0	0	0	0	nan	0	0	0	nan	nan	nan	nan	nan	nan
20	A	0	230205	14	0.000000	7	0	230205	0	0	0	nan	0	0	0	0	0	0	nan	0	0	0	0.000000	0.000000	nan	nan	nan	nan
21	G	0	230228	21	0.000000	7	0	230228	0	0	0	nan	0	0	0	0	0	0	nan	0	0	0	0.000000	0.000000	nan	nan	nan	nan
22	G	0	230238	26	0.000000	7	0	230238	0	0	0	nan	0	0	0	0	0	0	nan	0	0	0	0.000000	0.000000	nan	nan	nan	nan
23	U	0	230252	221126	0.000000	7	0	230252	0	0	0	nan	0	0	0	0	0	0	nan	0	0	0	0.000000	0.000000	0.000000	0.000000	nan	nan
24	U	199	230259	227336	0.000875	7	0	230259	0	0	0	nan	0	0	0	0	0	0	nan	0	0	0	0.000875	0.000062	0.000875	0.000062	nan	nan
25	G	340	230274	227919	0.001492	7	0	230274	0	0	0	nan	0	0	0	0	0	0	nan	0	0	0	0.001492	0.000081	0.001492	0.000081	0.438695	0.023817
26	A	117	230283	226976	0.000515	7	0	230283	0	0	0	nan	0	0	0	0	0	0	nan	0	0	0	0.000515	0.000048	0.000515	0.000048	nan	nan
27	A	167	230288	225602	0.000740	7	0	230288	0	0	0	nan	0	0	0	0	0	0	nan	0	0	0	0.000740	0.000057	0.000740	0.000057	nan	nan
28	C	260	230292	224802	0.001157	7	0	230291	0	0	0	nan	0	0	0	0	0	0	nan	0	0	0	0.001157	0.000072	0.001157	0.000072	nan	nan
29	U	244	230303	224590	0.001086	7	0	230301	0	0	0	nan	0	0	0	0	0	0	nan	0	0	0	0.001086	0.000070	0.001086	0.000070	nan	nan
30	U	224	230330	224852	0.000996	3	0	230323	0	0	0	nan	0	0	0	0	0	0	nan	0	0	0	0.000996	0.000067	0.000996	0.000067	nan	nan
31	U	335	230351	225940	0.001483	3	0	230344	0	0	0	nan	0	0	0	0	0	0	nan	0	0	0	0.001483	0.000081	0.001483	0.000081	nan	nan
32	U	179	230390	227349	0.000787	3	0	230384	0	0	0	nan	0	0	0	0	0	0	nan	0	0	0	0.000787	0.000059	0.000787	0.000059	nan	nan
33	G	850	230450	227609	0.003734	3	0	230444	0	0	0	nan	0	0	0	0	0	0	nan	0	0	0	0.003734	0.000128	0.003734	0.000128	1.097912	0.037636
34	A	158	230472	227724	0.000694	3	0	230466	0	0	0	nan	0	0	0	0	0	0	nan	0	0	0	0.000694	0.000055	0.000694	0.000055	nan	nan
35	A	126	230475	226312	0.000557	3	0	230469	0	0	0	nan	0	0	0	0	0	0	nan	0	0	0	0.000557	0.000050	0.000557	0.000050	nan	nan
36	U	174	230476	226289	0.000769	3	0	230470	0	0	0	nan	0	0	0	0	0	0	nan	0	0	0	0.000769	0.000058	0.000769	0.000058	nan	nan
37	A	181	230485	226722	0.000798	3	0	230478	0	0	0	nan	0	0	0	0	0	0	nan	0	0	0	0.000798	0.000059	0.000798	0.000059	nan	nan
38	G	332	230501	226735	0.001464	3	0	230495	0	0	0	nan	0	0	0	0	0	0	nan	0	0	0	0.001464	0.000080	0.001464	0.000080	0.430462	0.023522
39	U	307	230510	228043	0.001346	3	0	230504	0	0	0	nan	0	0	0	0	0	0	nan	0	0	0	0.001346	0.000077	0.001346	0.000077	nan	nan
40	G	566	230540	227160	0.002492	3	0	230535	0	0	0	nan	0	0	0	0	0	0	nan	0	0	0	0.002492	0.000105	0.002492	0.000105	0.732726	0.030873
41	A	294	230564	227739	0.001291	3	0	230559	0	0	0	nan	0	0	0	0	0	0	nan	0	0	0	0.001291	0.000075	0.001291	0.000075	nan	nan
42	U	408	230598	226342	0.001803	3	1	230593	0	0	0	nan	0	0	0	0	0	0	nan	0	0	0	0.001803	0.000089	0.001803	0.000089	nan	nan
43	U	416	230620	226067	0.001840	3	1	230615	0	0	0	nan	0	0	0	0	0	0	nan	0	0	0	0.001840	0.000090	0.001840	0.000090	nan	nan
44	C	364	230635	226625	0.001606	3	2	230631	0	0	0	nan	0	0	0	0	0	0	nan	0	0	0	0.001606	0.000084	0.001606	0.000084	nan	nan
45	A	202	230664	228026	0.000886	3	2	230662	0	0	0	nan	0	0	0	0	0	0	nan	0	0	0	0.000886	0.000062	0.000886	0.000062	nan	nan
46	G	652	230692	229152	0.002845	3	2	230690	0	0	0	nan	0	0	0	0	0	0	nan	0	0	0	0.002845	0.000111	0.002845	0.000111	0.836519	0.032637
47	G	574	230704	228636	0.002511	3	2	230701	0	0	0	nan	0	0	0	0	0	0	nan	0	0	0	0.002511	0.000105	0.002511	0.000105	0.738312	0.030873
48	A	155	230708	222861	0.000696	3	2	230707	0	0	0	nan	0	0	0	0	0	0	nan	0	0	0	0.000696	0.000056	0.000696	0.000056	nan	nan
49	G	760	230750	222785	0.003411	3	2	230749	0	0	0	nan	0	0	0	0	0	0	nan	0	0	0	0.003411	0.000124	0.003411	0.000124	1.002940	0.036460
50	G	308	230769	223027	0.001381	3	2	230769	0	0	0	nan	0	0	0	0	0	0	nan	0	0	0	0.001381	0.000079	0.001381	0.000079	0.406057	0.023228
51	U	262	230775	222531	0.001177	3	2	230775	0	0	0	nan	0	0	0	0	0	0	nan	0	0	0	0.001177	0.000073	0.001177	0.000073	nan	nan
52	U	247	230780	228044	0.001083	3	2	230780	0	0	0	nan	0	0	0	0	0	0	nan	0	0	0	0.001083	0.000069	0.001083	0.000069	nan	nan
53	A	139	230783	228386	0.000609	3	2	230783	0	0	0	nan	0	0	0	0	0	0	nan	0	0	0	0.000609	0.000052	0.000609	0.000052	nan	nan
54	A	110	230767	228418	0.000482	3	2	230766	0	0	0	nan	0	0	0	0	0	0	nan	0	0	0	0.000482	0.000046	0.000482	0.000046	nan	nan
55	U	441	230769	228694	0.001928	3	2	230768	0	0	0	nan	0	0	0	0	0	0	nan	0	0	0	0.001928	0.000092	0.001928	0.000092	nan	nan
56	G	778	230774	228766	0.003401	3	2	230774	0	0	0	nan	0	0	0	0	0	0	nan	0	0	0	0.003401	0.000122	0.003401	0.000122	1.000000	0.035872
57	G	0	230778	228487	0.000000	3	2	230778	0	0	0	nan	0	0	0	0	0	0	nan	0	0	0	0.000000	0.000000	0.000000	0.000000	0.000000	0.000000
58	A	0	230780	0	nan	3	2	230780	0	0	0	nan	0	0	0	0	0	0	nan	0	0	0	nan	nan	nan	nan	nan	nan
59	A	0	230780	0	nan	3	2	230780	0	0	0	nan	0	0	0	0	0	0	nan	0	0	0	nan	nan	nan	nan	nan	nan
60	G	0	230780	0	nan	3	2	230780	0	0	0	nan	0	0	0	0	0	0	nan	0	0	0	nan	nan	nan	nan	nan	nan
61	u	0	230780	0	nan	3	2	230780	0	0	0	nan	0	0	0	0	0	0	nan	0	0	0	nan	nan	nan	nan	nan	nan
62	a	0	230780	0	nan	3	2	230780	0	0	0	nan	0	0	0	0	0	0	nan	0	0	0	nan	nan	nan	nan	nan	nan
63	a	0	230780	0	nan	3	2	230780	0	0	0	nan	0	0	0	0	0	0	nan	0	0	0	nan	nan	nan	nan	nan	nan
64	a	0	230780	0	nan	3	2	230780	0	0	0	nan	0	0	0	0	0	0	nan	0	0	0	nan	nan	nan	nan	nan	nan
65	g	0	230780	0	nan	3	2	230780	0	0	0	nan	0	0	0	0	0	0	nan	0	0	0	nan	nan	nan	nan	nan	nan
66	g	0	230780	0	nan	3	2	230780	0	0	0	nan	0	0	0	0	0	0	nan	0	0	0	nan	nan	nan	nan	nan	nan
67	u	0	230780	0	nan	3	2	230780	0	0	0	nan	0	0	0	0	0	0	nan	0	0	0	nan	nan	nan	nan	nan	nan
68	a	0	230780	0	nan	2	2	230780	0	0	0	nan	0	0	0	0	0	0	nan	0	0	0	nan	nan	nan	nan	nan	nan
69	a	0	230780	0	nan	2	2	230780	0	0	0	nan	0	0	0	0	0	0	nan	0	0	0	nan	nan	nan	nan	nan	nan
70	u	0	230780	0	nan	2	2	230780	0	0	0	nan	0	0	0	0	0	0	nan	0	0	0	nan	nan	nan	nan	nan	nan
71	g	0	230780	0	nan	2	2	230780	0	0	0	nan	0	0	0	0	0	0	nan	0	0	0	nan	nan	nan	nan	nan	nan
72	a	0	230779	0	nan	2	2	230779	0	0	0	nan	0	0	0	0	0	0	nan	0	0	0	nan	nan	nan	nan	nan	nan
73	a	0	230779	0	nan	2	2	230779	0	0	0	nan	0	0	0	0	0	0	nan	0	0	0	nan	nan	nan	nan	nan	nan
74	g	0	230779	0	nan	2	2	230779	0	0	0	nan	0	0	0	0	0	0	nan	0	0	0	nan	nan	nan	nan	nan	nan
75	g	0	230778	0	nan	2	2	230778	0	0	0	nan	0	0	0	0	0	0	nan	0	0	0	nan	nan	nan	nan	nan	nan
76	u	0	230776	0	nan	2	2	230776	0	0	0	nan	0	0	0	0	0	0	nan	0	0	0	nan	nan	nan	nan	nan	nan
77	g	0	230769	0	nan	2	2	230769	0	0	0	nan	0	0	0	0	0	0	nan	0	0	0	nan	nan	nan	nan	nan	nan
78	a	0	230761	0	nan	2	2	230761	0	0	0	nan	0	0	0	0	0	0	nan	0	0	0	nan	nan	nan	nan	nan	nan
79	a	0	230726	0	nan	2	2	230726	0	0	0	nan	0	0	0	0	0	0	nan	0	0	0	nan	nan	nan	nan	nan	nan
80	g	0	230585	0	nan	2	2	230585	0	0	0	nan	0	0	0	0	0	0	nan	0	0	0	nan	nan	nan	nan	nan	nan