Nucleotide	Sequence	Modified_mutations	Modified_read_depth	Modified_effective_depth	Modified_rate	Modified_off_target_mapped_depth	Modified_low_mapq_mapped_depth	Modified_primer_pair_1_mapped_depth	Untreated_mutations	Untreated_read_depth	Untreated_effective_depth	Untreated_rate	Untreated_off_target_mapped_depth	Untreated_low_mapq_mapped_depth	Untreated_primer_pair_1_mapped_depth	Denatured_mutations	Denatured_read_depth	Denatured_effective_depth	Denatured_rate	Denatured_off_target_mapped_depth	Denatured_low_mapq_mapped_depth	Denatured_primer_pair_1_mapped_depth	Reactivity_profile	Std_err	HQ_profile	HQ_stderr	Norm_profile	Norm_stderr
1	g	0	38920	0	nan	3	1	38920	0	0	0	nan	0	0	0	0	0	0	nan	0	0	0	nan	nan	nan	nan	nan	nan
2	g	0	38945	0	nan	3	1	38945	0	0	0	nan	0	0	0	0	0	0	nan	0	0	0	nan	nan	nan	nan	nan	nan
3	u	0	38975	0	nan	3	1	38975	0	0	0	nan	0	0	0	0	0	0	nan	0	0	0	nan	nan	nan	nan	nan	nan
4	g	0	39000	0	nan	3	1	39000	0	0	0	nan	0	0	0	0	0	0	nan	0	0	0	nan	nan	nan	nan	nan	nan
5	u	0	39022	0	nan	3	1	39022	0	0	0	nan	0	0	0	0	0	0	nan	0	0	0	nan	nan	nan	nan	nan	nan
6	a	0	39069	0	nan	3	1	39069	0	0	0	nan	0	0	0	0	0	0	nan	0	0	0	nan	nan	nan	nan	nan	nan
7	a	0	39191	0	nan	3	1	39191	0	0	0	nan	0	0	0	0	0	0	nan	0	0	0	nan	nan	nan	nan	nan	nan
8	g	0	39456	0	nan	3	1	39456	0	0	0	nan	0	0	0	0	0	0	nan	0	0	0	nan	nan	nan	nan	nan	nan
9	g	0	41796	0	nan	3	1	41796	0	0	0	nan	0	0	0	0	0	0	nan	0	0	0	nan	nan	nan	nan	nan	nan
10	g	0	237997	0	nan	4	1	237997	0	0	0	nan	0	0	0	0	0	0	nan	0	0	0	nan	nan	nan	nan	nan	nan
11	u	0	246623	0	nan	4	1	246623	0	0	0	nan	0	0	0	0	0	0	nan	0	0	0	nan	nan	nan	nan	nan	nan
12	g	0	246915	0	nan	4	1	246915	0	0	0	nan	0	0	0	0	0	0	nan	0	0	0	nan	nan	nan	nan	nan	nan
13	a	0	246937	0	nan	4	1	246937	0	0	0	nan	0	0	0	0	0	0	nan	0	0	0	nan	nan	nan	nan	nan	nan
14	a	0	246945	0	nan	4	1	246945	0	0	0	nan	0	0	0	0	0	0	nan	0	0	0	nan	nan	nan	nan	nan	nan
15	g	0	247018	0	nan	11	1	247018	0	0	0	nan	0	0	0	0	0	0	nan	0	0	0	nan	nan	nan	nan	nan	nan
16	u	0	247028	0	nan	11	1	247028	0	0	0	nan	0	0	0	0	0	0	nan	0	0	0	nan	nan	nan	nan	nan	nan
17	g	0	247049	0	nan	11	1	247049	0	0	0	nan	0	0	0	0	0	0	nan	0	0	0	nan	nan	nan	nan	nan	nan
18	u	0	247051	0	nan	11	1	247051	0	0	0	nan	0	0	0	0	0	0	nan	0	0	0	nan	nan	nan	nan	nan	nan
19	a	0	247137	0	nan	11	1	247137	0	0	0	nan	0	0	0	0	0	0	nan	0	0	0	nan	nan	nan	nan	nan	nan
20	A	0	247166	13	0.000000	11	1	247166	0	0	0	nan	0	0	0	0	0	0	nan	0	0	0	0.000000	0.000000	nan	nan	nan	nan
21	G	0	247222	37	0.000000	11	1	247222	0	0	0	nan	0	0	0	0	0	0	nan	0	0	0	0.000000	0.000000	nan	nan	nan	nan
22	G	0	247242	41	0.000000	11	1	247242	0	0	0	nan	0	0	0	0	0	0	nan	0	0	0	0.000000	0.000000	nan	nan	nan	nan
23	U	0	247269	237270	0.000000	11	1	247269	0	0	0	nan	0	0	0	0	0	0	nan	0	0	0	0.000000	0.000000	0.000000	0.000000	nan	nan
24	U	233	247284	243755	0.000956	11	1	247284	0	0	0	nan	0	0	0	0	0	0	nan	0	0	0	0.000956	0.000063	0.000956	0.000063	nan	nan
25	G	232	247299	242619	0.000956	11	1	247299	0	0	0	nan	0	0	0	0	0	0	nan	0	0	0	0.000956	0.000063	0.000956	0.000063	nan	nan
26	A	9884	247308	240816	0.041044	11	1	247308	0	0	0	nan	0	0	0	0	0	0	nan	0	0	0	0.041044	0.000413	0.041044	0.000413	1.022840	0.010292
27	A	10586	247312	239122	0.044270	11	1	247312	0	0	0	nan	0	0	0	0	0	0	nan	0	0	0	0.044270	0.000430	0.044270	0.000430	1.103233	0.010716
28	C	6402	247323	238476	0.026845	11	1	247323	0	0	0	nan	0	0	0	0	0	0	nan	0	0	0	0.026845	0.000336	0.026845	0.000336	1.195609	0.014965
29	U	135	247340	240041	0.000562	11	1	247340	0	0	0	nan	0	0	0	0	0	0	nan	0	0	0	0.000562	0.000048	0.000562	0.000048	nan	nan
30	U	139	247365	240682	0.000578	11	1	247360	0	0	0	nan	0	0	0	0	0	0	nan	0	0	0	0.000578	0.000049	0.000578	0.000049	nan	nan
31	U	131	247385	241927	0.000541	11	1	247378	0	0	0	nan	0	0	0	0	0	0	nan	0	0	0	0.000541	0.000047	0.000541	0.000047	nan	nan
32	U	177	247421	243322	0.000727	11	1	247415	0	0	0	nan	0	0	0	0	0	0	nan	0	0	0	0.000727	0.000055	0.000727	0.000055	nan	nan
33	G	321	247482	242680	0.001323	11	1	247476	0	0	0	nan	0	0	0	0	0	0	nan	0	0	0	0.001323	0.000074	0.001323	0.000074	nan	nan
34	A	4185	247494	242371	0.017267	11	1	247487	0	0	0	nan	0	0	0	0	0	0	nan	0	0	0	0.017267	0.000267	0.017267	0.000267	0.430303	0.006654
35	A	3908	247501	240607	0.016242	11	1	247494	0	0	0	nan	0	0	0	0	0	0	nan	0	0	0	0.016242	0.000260	0.016242	0.000260	0.404760	0.006479
36	U	160	247506	238509	0.000671	11	1	247499	0	0	0	nan	0	0	0	0	0	0	nan	0	0	0	0.000671	0.000053	0.000671	0.000053	nan	nan
37	A	18093	247515	239250	0.075624	11	1	247508	0	0	0	nan	0	0	0	0	0	0	nan	0	0	0	0.075624	0.000562	0.075624	0.000562	1.884593	0.014005
38	G	320	247542	238974	0.001339	11	1	247535	0	0	0	nan	0	0	0	0	0	0	nan	0	0	0	0.001339	0.000075	0.001339	0.000075	nan	nan
39	U	289	247556	243435	0.001187	11	1	247550	0	0	0	nan	0	0	0	0	0	0	nan	0	0	0	0.001187	0.000070	0.001187	0.000070	nan	nan
40	G	468	247589	241809	0.001935	11	1	247583	0	0	0	nan	0	0	0	0	0	0	nan	0	0	0	0.001935	0.000089	0.001935	0.000089	nan	nan
41	A	5372	247626	242957	0.022111	11	1	247620	0	0	0	nan	0	0	0	0	0	0	nan	0	0	0	0.022111	0.000302	0.022111	0.000302	0.551019	0.007526
42	U	202	247677	241542	0.000836	11	1	247672	0	0	0	nan	0	0	0	0	0	0	nan	0	0	0	0.000836	0.000059	0.000836	0.000059	nan	nan
43	U	147	247715	241810	0.000608	11	1	247711	0	0	0	nan	0	0	0	0	0	0	nan	0	0	0	0.000608	0.000050	0.000608	0.000050	nan	nan
44	C	2242	247735	241677	0.009277	11	1	247731	0	0	0	nan	0	0	0	0	0	0	nan	0	0	0	0.009277	0.000196	0.009277	0.000196	0.413174	0.008729
45	A	3810	247758	243205	0.015666	11	1	247755	0	0	0	nan	0	0	0	0	0	0	nan	0	0	0	0.015666	0.000254	0.015666	0.000254	0.390406	0.006330
46	G	259	247801	244313	0.001060	11	1	247799	0	0	0	nan	0	0	0	0	0	0	nan	0	0	0	0.001060	0.000066	0.001060	0.000066	nan	nan
47	G	260	247810	243897	0.001066	11	1	247808	0	0	0	nan	0	0	0	0	0	0	nan	0	0	0	0.001066	0.000066	0.001066	0.000066	nan	nan
48	A	2868	247818	238400	0.012030	11	1	247815	0	0	0	nan	0	0	0	0	0	0	nan	0	0	0	0.012030	0.000225	0.012030	0.000225	0.299794	0.005607
49	G	307	247884	237940	0.001290	11	1	247882	0	0	0	nan	0	0	0	0	0	0	nan	0	0	0	0.001290	0.000074	0.001290	0.000074	nan	nan
50	G	410	247896	238677	0.001718	11	1	247894	0	0	0	nan	0	0	0	0	0	0	nan	0	0	0	0.001718	0.000085	0.001718	0.000085	nan	nan
51	U	141	247905	238506	0.000591	11	1	247904	0	0	0	nan	0	0	0	0	0	0	nan	0	0	0	0.000591	0.000050	0.000591	0.000050	nan	nan
52	U	220	247914	242524	0.000907	11	1	247914	0	0	0	nan	0	0	0	0	0	0	nan	0	0	0	0.000907	0.000061	0.000907	0.000061	nan	nan
53	A	9036	247915	241749	0.037378	11	1	247914	0	0	0	nan	0	0	0	0	0	0	nan	0	0	0	0.037378	0.000393	0.037378	0.000393	0.931481	0.009794
54	A	7604	247907	242564	0.031348	11	1	247904	0	0	0	nan	0	0	0	0	0	0	nan	0	0	0	0.031348	0.000359	0.031348	0.000359	0.781210	0.008946
55	U	283	247918	244049	0.001160	11	1	247918	0	0	0	nan	0	0	0	0	0	0	nan	0	0	0	0.001160	0.000069	0.001160	0.000069	nan	nan
56	G	399	247926	244778	0.001630	11	1	247926	0	0	0	nan	0	0	0	0	0	0	nan	0	0	0	0.001630	0.000082	0.001630	0.000082	nan	nan
57	G	0	247932	243085	0.000000	11	1	247932	0	0	0	nan	0	0	0	0	0	0	nan	0	0	0	0.000000	0.000000	0.000000	0.000000	nan	nan
58	A	0	247936	0	nan	11	1	247936	0	0	0	nan	0	0	0	0	0	0	nan	0	0	0	nan	nan	nan	nan	nan	nan
59	A	0	247936	0	nan	11	1	247936	0	0	0	nan	0	0	0	0	0	0	nan	0	0	0	nan	nan	nan	nan	nan	nan
60	G	0	247936	0	nan	11	1	247936	0	0	0	nan	0	0	0	0	0	0	nan	0	0	0	nan	nan	nan	nan	nan	nan
61	u	0	247936	0	nan	11	1	247936	0	0	0	nan	0	0	0	0	0	0	nan	0	0	0	nan	nan	nan	nan	nan	nan
62	a	0	247936	0	nan	11	1	247936	0	0	0	nan	0	0	0	0	0	0	nan	0	0	0	nan	nan	nan	nan	nan	nan
63	a	0	247936	0	nan	11	1	247936	0	0	0	nan	0	0	0	0	0	0	nan	0	0	0	nan	nan	nan	nan	nan	nan
64	a	0	247936	0	nan	11	1	247936	0	0	0	nan	0	0	0	0	0	0	nan	0	0	0	nan	nan	nan	nan	nan	nan
65	g	0	247936	0	nan	11	1	247936	0	0	0	nan	0	0	0	0	0	0	nan	0	0	0	nan	nan	nan	nan	nan	nan
66	g	0	247936	0	nan	11	1	247936	0	0	0	nan	0	0	0	0	0	0	nan	0	0	0	nan	nan	nan	nan	nan	nan
67	u	0	247936	0	nan	10	1	247936	0	0	0	nan	0	0	0	0	0	0	nan	0	0	0	nan	nan	nan	nan	nan	nan
68	a	0	247936	0	nan	7	1	247936	0	0	0	nan	0	0	0	0	0	0	nan	0	0	0	nan	nan	nan	nan	nan	nan
69	a	0	247936	0	nan	7	1	247936	0	0	0	nan	0	0	0	0	0	0	nan	0	0	0	nan	nan	nan	nan	nan	nan
70	u	0	247936	0	nan	7	1	247936	0	0	0	nan	0	0	0	0	0	0	nan	0	0	0	nan	nan	nan	nan	nan	nan
71	g	0	247936	0	nan	7	1	247936	0	0	0	nan	0	0	0	0	0	0	nan	0	0	0	nan	nan	nan	nan	nan	nan
72	a	0	247935	0	nan	7	1	247935	0	0	0	nan	0	0	0	0	0	0	nan	0	0	0	nan	nan	nan	nan	nan	nan
73	a	0	247935	0	nan	7	1	247935	0	0	0	nan	0	0	0	0	0	0	nan	0	0	0	nan	nan	nan	nan	nan	nan
74	g	0	247935	0	nan	7	1	247935	0	0	0	nan	0	0	0	0	0	0	nan	0	0	0	nan	nan	nan	nan	nan	nan
75	g	0	247934	0	nan	7	1	247934	0	0	0	nan	0	0	0	0	0	0	nan	0	0	0	nan	nan	nan	nan	nan	nan
76	u	0	247930	0	nan	7	1	247930	0	0	0	nan	0	0	0	0	0	0	nan	0	0	0	nan	nan	nan	nan	nan	nan
77	g	0	247921	0	nan	7	1	247921	0	0	0	nan	0	0	0	0	0	0	nan	0	0	0	nan	nan	nan	nan	nan	nan
78	a	0	247910	0	nan	7	1	247910	0	0	0	nan	0	0	0	0	0	0	nan	0	0	0	nan	nan	nan	nan	nan	nan
79	a	0	247872	0	nan	7	1	247872	0	0	0	nan	0	0	0	0	0	0	nan	0	0	0	nan	nan	nan	nan	nan	nan
80	g	0	247718	0	nan	7	1	247718	0	0	0	nan	0	0	0	0	0	0	nan	0	0	0	nan	nan	nan	nan	nan	nan