Nucleotide	Sequence	Modified_mutations	Modified_read_depth	Modified_effective_depth	Modified_rate	Modified_off_target_mapped_depth	Modified_low_mapq_mapped_depth	Modified_primer_pair_1_mapped_depth	Untreated_mutations	Untreated_read_depth	Untreated_effective_depth	Untreated_rate	Untreated_off_target_mapped_depth	Untreated_low_mapq_mapped_depth	Untreated_primer_pair_1_mapped_depth	Denatured_mutations	Denatured_read_depth	Denatured_effective_depth	Denatured_rate	Denatured_off_target_mapped_depth	Denatured_low_mapq_mapped_depth	Denatured_primer_pair_1_mapped_depth	Reactivity_profile	Std_err	HQ_profile	HQ_stderr	Norm_profile	Norm_stderr
1	g	0	248082	0	nan	28	0	248082	0	0	0	nan	0	0	0	0	0	0	nan	0	0	0	nan	nan	nan	nan	nan	nan
2	g	0	248560	0	nan	28	0	248560	0	0	0	nan	0	0	0	0	0	0	nan	0	0	0	nan	nan	nan	nan	nan	nan
3	c	0	248692	0	nan	28	0	248692	0	0	0	nan	0	0	0	0	0	0	nan	0	0	0	nan	nan	nan	nan	nan	nan
4	a	0	253254	0	nan	56	0	253254	0	0	0	nan	0	0	0	0	0	0	nan	0	0	0	nan	nan	nan	nan	nan	nan
5	c	0	253341	0	nan	56	0	253341	0	0	0	nan	0	0	0	0	0	0	nan	0	0	0	nan	nan	nan	nan	nan	nan
6	c	0	253366	0	nan	57	0	253366	0	0	0	nan	0	0	0	0	0	0	nan	0	0	0	nan	nan	nan	nan	nan	nan
7	u	0	253367	0	nan	57	0	253367	0	0	0	nan	0	0	0	0	0	0	nan	0	0	0	nan	nan	nan	nan	nan	nan
8	c	0	253367	0	nan	57	0	253367	0	0	0	nan	0	0	0	0	0	0	nan	0	0	0	nan	nan	nan	nan	nan	nan
9	a	0	253367	0	nan	57	0	253367	0	0	0	nan	0	0	0	0	0	0	nan	0	0	0	nan	nan	nan	nan	nan	nan
10	u	0	253414	0	nan	57	0	253414	0	0	0	nan	0	0	0	0	0	0	nan	0	0	0	nan	nan	nan	nan	nan	nan
11	a	0	253436	0	nan	57	0	253436	0	0	0	nan	0	0	0	0	0	0	nan	0	0	0	nan	nan	nan	nan	nan	nan
12	a	0	253446	0	nan	57	0	253446	0	0	0	nan	0	0	0	0	0	0	nan	0	0	0	nan	nan	nan	nan	nan	nan
13	c	0	253454	0	nan	57	0	253454	0	0	0	nan	0	0	0	0	0	0	nan	0	0	0	nan	nan	nan	nan	nan	nan
14	a	0	253456	0	nan	57	0	253456	0	0	0	nan	0	0	0	0	0	0	nan	0	0	0	nan	nan	nan	nan	nan	nan
15	u	0	253458	0	nan	57	0	253458	0	0	0	nan	0	0	0	0	0	0	nan	0	0	0	nan	nan	nan	nan	nan	nan
16	a	0	253461	0	nan	57	0	253461	0	0	0	nan	0	0	0	0	0	0	nan	0	0	0	nan	nan	nan	nan	nan	nan
17	a	0	253462	0	nan	57	0	253462	0	0	0	nan	0	0	0	0	0	0	nan	0	0	0	nan	nan	nan	nan	nan	nan
18	c	0	253471	0	nan	57	0	253471	0	0	0	nan	0	0	0	0	0	0	nan	0	0	0	nan	nan	nan	nan	nan	nan
19	U	0	253473	2	0.000000	57	0	253473	0	0	0	nan	0	0	0	0	0	0	nan	0	0	0	0.000000	0.000000	nan	nan	nan	nan
20	A	0	253483	6	0.000000	57	0	253483	0	0	0	nan	0	0	0	0	0	0	nan	0	0	0	0.000000	0.000000	nan	nan	nan	nan
21	A	0	253489	10	0.000000	57	0	253489	0	0	0	nan	0	0	0	0	0	0	nan	0	0	0	0.000000	0.000000	nan	nan	nan	nan
22	G	0	253491	251483	0.000000	57	0	253491	0	0	0	nan	0	0	0	0	0	0	nan	0	0	0	0.000000	0.000000	0.000000	0.000000	nan	nan
23	G	152	253493	251166	0.000605	57	0	253493	0	0	0	nan	0	0	0	0	0	0	nan	0	0	0	0.000605	0.000049	0.000605	0.000049	nan	nan
24	C	314	253499	251786	0.001247	57	0	253499	0	0	0	nan	0	0	0	0	0	0	nan	0	0	0	0.001247	0.000070	0.001247	0.000070	0.521539	0.029276
25	A	149	253519	252478	0.000590	57	0	253519	0	0	0	nan	0	0	0	0	0	0	nan	0	0	0	0.000590	0.000048	0.000590	0.000048	nan	nan
26	G	121	253533	252679	0.000479	57	0	253532	0	0	0	nan	0	0	0	0	0	0	nan	0	0	0	0.000479	0.000044	0.000479	0.000044	nan	nan
27	A	156	253544	252666	0.000617	57	0	253543	0	0	0	nan	0	0	0	0	0	0	nan	0	0	0	0.000617	0.000049	0.000617	0.000049	nan	nan
28	U	524	253553	252500	0.002075	57	0	253551	0	0	0	nan	0	0	0	0	0	0	nan	0	0	0	0.002075	0.000091	0.002075	0.000091	nan	nan
29	C	806	253557	252544	0.003192	57	0	253554	0	0	0	nan	0	0	0	0	0	0	nan	0	0	0	0.003192	0.000112	0.003192	0.000112	1.335006	0.046842
30	U	463	253560	252476	0.001834	57	0	253558	0	0	0	nan	0	0	0	0	0	0	nan	0	0	0	0.001834	0.000085	0.001834	0.000085	nan	nan
31	G	150	253563	252296	0.000595	57	0	253561	0	0	0	nan	0	0	0	0	0	0	nan	0	0	0	0.000595	0.000049	0.000595	0.000049	nan	nan
32	A	127	253564	252386	0.000503	57	0	253559	0	0	0	nan	0	0	0	0	0	0	nan	0	0	0	0.000503	0.000045	0.000503	0.000045	nan	nan
33	G	168	253571	251637	0.000668	57	0	253559	0	0	0	nan	0	0	0	0	0	0	nan	0	0	0	0.000668	0.000052	0.000668	0.000052	nan	nan
34	C	529	253575	246942	0.002142	57	0	253555	0	0	0	nan	0	0	0	0	0	0	nan	0	0	0	0.002142	0.000093	0.002142	0.000093	0.895859	0.038896
35	C	652	253583	246971	0.002640	57	0	253552	0	0	0	nan	0	0	0	0	0	0	nan	0	0	0	0.002640	0.000103	0.002640	0.000103	1.104141	0.043078
36	U	410	253598	247048	0.001660	57	0	253549	0	0	0	nan	0	0	0	0	0	0	nan	0	0	0	0.001660	0.000082	0.001660	0.000082	nan	nan
37	G	216	253615	251091	0.000860	57	0	253511	0	0	0	nan	0	0	0	0	0	0	nan	0	0	0	0.000860	0.000059	0.000860	0.000059	nan	nan
38	G	210	253618	244764	0.000858	57	0	253535	0	0	0	nan	0	0	0	0	0	0	nan	0	0	0	0.000858	0.000059	0.000858	0.000059	nan	nan
39	G	175	253621	244049	0.000717	57	0	253548	0	0	0	nan	0	0	0	0	0	0	nan	0	0	0	0.000717	0.000054	0.000717	0.000054	nan	nan
40	A	267	253624	245224	0.001089	57	0	253570	0	0	0	nan	0	0	0	0	0	0	nan	0	0	0	0.001089	0.000067	0.001089	0.000067	nan	nan
41	G	177	253630	251427	0.000704	57	0	253599	0	0	0	nan	0	0	0	0	0	0	nan	0	0	0	0.000704	0.000053	0.000704	0.000053	nan	nan
42	C	243	253633	252537	0.000962	36	0	253625	0	0	0	nan	0	0	0	0	0	0	nan	0	0	0	0.000962	0.000062	0.000962	0.000062	0.402342	0.025931
43	U	257	253633	252671	0.001017	36	0	253627	0	0	0	nan	0	0	0	0	0	0	nan	0	0	0	0.001017	0.000063	0.001017	0.000063	nan	nan
44	C	190	253634	252742	0.000752	36	0	253627	0	0	0	nan	0	0	0	0	0	0	nan	0	0	0	0.000752	0.000055	0.000752	0.000055	0.314513	0.023003
45	U	313	253633	252899	0.001238	36	0	253626	0	0	0	nan	0	0	0	0	0	0	nan	0	0	0	0.001238	0.000070	0.001238	0.000070	nan	nan
46	C	366	253631	251481	0.001455	35	0	253625	0	0	0	nan	0	0	0	0	0	0	nan	0	0	0	0.001455	0.000076	0.001455	0.000076	0.608532	0.031786
47	U	282	253631	251424	0.001122	35	0	253627	0	0	0	nan	0	0	0	0	0	0	nan	0	0	0	0.001122	0.000067	0.001122	0.000067	nan	nan
48	G	177	253631	250959	0.000705	35	0	253627	0	0	0	nan	0	0	0	0	0	0	nan	0	0	0	0.000705	0.000053	0.000705	0.000053	nan	nan
49	C	438	253631	252327	0.001736	35	0	253628	0	0	0	nan	0	0	0	0	0	0	nan	0	0	0	0.001736	0.000083	0.001736	0.000083	0.726056	0.034714
50	C	480	253632	252503	0.001901	35	0	253629	0	0	0	nan	0	0	0	0	0	0	nan	0	0	0	0.001901	0.000087	0.001901	0.000087	0.795065	0.036386
51	A	147	253633	252551	0.000582	35	0	253633	0	0	0	nan	0	0	0	0	0	0	nan	0	0	0	0.000582	0.000048	0.000582	0.000048	nan	nan
52	A	0	253634	251559	0.000000	35	0	253634	0	0	0	nan	0	0	0	0	0	0	nan	0	0	0	0.000000	0.000000	0.000000	0.000000	nan	nan
53	U	0	253629	267	0.000000	26	0	253629	0	0	0	nan	0	0	0	0	0	0	nan	0	0	0	0.000000	0.000000	nan	nan	nan	nan
54	C	0	253309	2	0.000000	26	0	253309	0	0	0	nan	0	0	0	0	0	0	nan	0	0	0	0.000000	0.000000	nan	nan	nan	nan
55	C	0	253307	1	0.000000	26	0	253307	0	0	0	nan	0	0	0	0	0	0	nan	0	0	0	0.000000	0.000000	nan	nan	nan	nan
56	a	0	253306	0	nan	26	0	253306	0	0	0	nan	0	0	0	0	0	0	nan	0	0	0	nan	nan	nan	nan	nan	nan
57	c	0	253306	0	nan	26	0	253306	0	0	0	nan	0	0	0	0	0	0	nan	0	0	0	nan	nan	nan	nan	nan	nan
58	u	0	253306	0	nan	26	0	253306	0	0	0	nan	0	0	0	0	0	0	nan	0	0	0	nan	nan	nan	nan	nan	nan
59	a	0	253306	0	nan	26	0	253306	0	0	0	nan	0	0	0	0	0	0	nan	0	0	0	nan	nan	nan	nan	nan	nan
60	a	0	253306	0	nan	26	0	253306	0	0	0	nan	0	0	0	0	0	0	nan	0	0	0	nan	nan	nan	nan	nan	nan
61	c	0	253306	0	nan	13	0	253306	0	0	0	nan	0	0	0	0	0	0	nan	0	0	0	nan	nan	nan	nan	nan	nan
62	c	0	253306	0	nan	12	0	253306	0	0	0	nan	0	0	0	0	0	0	nan	0	0	0	nan	nan	nan	nan	nan	nan
63	u	0	253306	0	nan	0	0	253306	0	0	0	nan	0	0	0	0	0	0	nan	0	0	0	nan	nan	nan	nan	nan	nan
64	c	0	253306	0	nan	0	0	253306	0	0	0	nan	0	0	0	0	0	0	nan	0	0	0	nan	nan	nan	nan	nan	nan
65	a	0	253306	0	nan	0	0	253306	0	0	0	nan	0	0	0	0	0	0	nan	0	0	0	nan	nan	nan	nan	nan	nan
66	c	0	253302	0	nan	0	0	253302	0	0	0	nan	0	0	0	0	0	0	nan	0	0	0	nan	nan	nan	nan	nan	nan
67	u	0	253300	0	nan	0	0	253300	0	0	0	nan	0	0	0	0	0	0	nan	0	0	0	nan	nan	nan	nan	nan	nan
68	c	0	253300	0	nan	0	0	253300	0	0	0	nan	0	0	0	0	0	0	nan	0	0	0	nan	nan	nan	nan	nan	nan
69	a	0	253300	0	nan	0	0	253300	0	0	0	nan	0	0	0	0	0	0	nan	0	0	0	nan	nan	nan	nan	nan	nan
70	c	0	253292	0	nan	0	0	253292	0	0	0	nan	0	0	0	0	0	0	nan	0	0	0	nan	nan	nan	nan	nan	nan
71	a	0	253290	0	nan	0	0	253290	0	0	0	nan	0	0	0	0	0	0	nan	0	0	0	nan	nan	nan	nan	nan	nan
72	a	0	253198	0	nan	0	0	253198	0	0	0	nan	0	0	0	0	0	0	nan	0	0	0	nan	nan	nan	nan	nan	nan
73	u	0	253075	0	nan	0	0	253075	0	0	0	nan	0	0	0	0	0	0	nan	0	0	0	nan	nan	nan	nan	nan	nan
74	c	0	252710	0	nan	0	0	252710	0	0	0	nan	0	0	0	0	0	0	nan	0	0	0	nan	nan	nan	nan	nan	nan