Nucleotide	Sequence	Modified_mutations	Modified_read_depth	Modified_effective_depth	Modified_rate	Modified_off_target_mapped_depth	Modified_low_mapq_mapped_depth	Modified_primer_pair_1_mapped_depth	Untreated_mutations	Untreated_read_depth	Untreated_effective_depth	Untreated_rate	Untreated_off_target_mapped_depth	Untreated_low_mapq_mapped_depth	Untreated_primer_pair_1_mapped_depth	Denatured_mutations	Denatured_read_depth	Denatured_effective_depth	Denatured_rate	Denatured_off_target_mapped_depth	Denatured_low_mapq_mapped_depth	Denatured_primer_pair_1_mapped_depth	Reactivity_profile	Std_err	HQ_profile	HQ_stderr	Norm_profile	Norm_stderr
1	g	0	318554	0	nan	35	0	318554	0	0	0	nan	0	0	0	0	0	0	nan	0	0	0	nan	nan	nan	nan	nan	nan
2	g	0	319078	0	nan	35	0	319078	0	0	0	nan	0	0	0	0	0	0	nan	0	0	0	nan	nan	nan	nan	nan	nan
3	c	0	319338	0	nan	35	0	319338	0	0	0	nan	0	0	0	0	0	0	nan	0	0	0	nan	nan	nan	nan	nan	nan
4	a	0	343397	0	nan	84	0	343397	0	0	0	nan	0	0	0	0	0	0	nan	0	0	0	nan	nan	nan	nan	nan	nan
5	c	0	343941	0	nan	85	0	343941	0	0	0	nan	0	0	0	0	0	0	nan	0	0	0	nan	nan	nan	nan	nan	nan
6	c	0	344040	0	nan	85	0	344040	0	0	0	nan	0	0	0	0	0	0	nan	0	0	0	nan	nan	nan	nan	nan	nan
7	u	0	344060	0	nan	85	0	344060	0	0	0	nan	0	0	0	0	0	0	nan	0	0	0	nan	nan	nan	nan	nan	nan
8	c	0	344066	0	nan	85	0	344066	0	0	0	nan	0	0	0	0	0	0	nan	0	0	0	nan	nan	nan	nan	nan	nan
9	a	0	344072	0	nan	85	0	344072	0	0	0	nan	0	0	0	0	0	0	nan	0	0	0	nan	nan	nan	nan	nan	nan
10	u	0	344126	0	nan	85	0	344126	0	0	0	nan	0	0	0	0	0	0	nan	0	0	0	nan	nan	nan	nan	nan	nan
11	a	0	344180	0	nan	85	0	344180	0	0	0	nan	0	0	0	0	0	0	nan	0	0	0	nan	nan	nan	nan	nan	nan
12	a	0	344200	0	nan	85	0	344200	0	0	0	nan	0	0	0	0	0	0	nan	0	0	0	nan	nan	nan	nan	nan	nan
13	c	0	344217	0	nan	85	0	344217	0	0	0	nan	0	0	0	0	0	0	nan	0	0	0	nan	nan	nan	nan	nan	nan
14	a	0	344228	0	nan	85	0	344228	0	0	0	nan	0	0	0	0	0	0	nan	0	0	0	nan	nan	nan	nan	nan	nan
15	u	0	344234	0	nan	85	0	344234	0	0	0	nan	0	0	0	0	0	0	nan	0	0	0	nan	nan	nan	nan	nan	nan
16	a	0	344245	0	nan	85	0	344245	0	0	0	nan	0	0	0	0	0	0	nan	0	0	0	nan	nan	nan	nan	nan	nan
17	a	0	344257	0	nan	85	0	344257	0	0	0	nan	0	0	0	0	0	0	nan	0	0	0	nan	nan	nan	nan	nan	nan
18	c	0	344262	0	nan	85	0	344262	0	0	0	nan	0	0	0	0	0	0	nan	0	0	0	nan	nan	nan	nan	nan	nan
19	U	0	344266	4	0.000000	85	0	344266	0	0	0	nan	0	0	0	0	0	0	nan	0	0	0	0.000000	0.000000	nan	nan	nan	nan
20	A	0	344308	35	0.000000	85	0	344308	0	0	0	nan	0	0	0	0	0	0	nan	0	0	0	0.000000	0.000000	nan	nan	nan	nan
21	A	0	344318	35	0.000000	85	0	344318	0	0	0	nan	0	0	0	0	0	0	nan	0	0	0	0.000000	0.000000	nan	nan	nan	nan
22	G	0	344341	338925	0.000000	85	0	344341	0	0	0	nan	0	0	0	0	0	0	nan	0	0	0	0.000000	0.000000	0.000000	0.000000	nan	nan
23	G	357	344350	333355	0.001071	85	0	344350	0	0	0	nan	0	0	0	0	0	0	nan	0	0	0	0.001071	0.000057	0.001071	0.000057	nan	nan
24	C	6440	344386	338364	0.019033	85	0	344386	0	0	0	nan	0	0	0	0	0	0	nan	0	0	0	0.019033	0.000237	0.019033	0.000237	0.904052	0.011257
25	A	4069	344429	340694	0.011943	85	0	344429	0	0	0	nan	0	0	0	0	0	0	nan	0	0	0	0.011943	0.000187	0.011943	0.000187	0.942174	0.014752
26	G	271	344479	340356	0.000796	85	0	344479	0	0	0	nan	0	0	0	0	0	0	nan	0	0	0	0.000796	0.000048	0.000796	0.000048	nan	nan
27	A	3642	344570	341217	0.010674	85	0	344569	0	0	0	nan	0	0	0	0	0	0	nan	0	0	0	0.010674	0.000177	0.010674	0.000177	0.842064	0.013963
28	U	1967	344582	340287	0.005780	85	0	344580	0	0	0	nan	0	0	0	0	0	0	nan	0	0	0	0.005780	0.000130	0.005780	0.000130	1.151452	0.025898
29	C	5920	344597	340536	0.017384	85	0	344586	0	0	0	nan	0	0	0	0	0	0	nan	0	0	0	0.017384	0.000226	0.017384	0.000226	0.825726	0.010735
30	U	1370	344615	340550	0.004023	85	0	344599	0	0	0	nan	0	0	0	0	0	0	nan	0	0	0	0.004023	0.000109	0.004023	0.000109	0.801434	0.021714
31	G	301	344621	339089	0.000888	85	0	344592	0	0	0	nan	0	0	0	0	0	0	nan	0	0	0	0.000888	0.000051	0.000888	0.000051	nan	nan
32	A	4306	344629	339707	0.012676	85	0	344595	0	0	0	nan	0	0	0	0	0	0	nan	0	0	0	0.012676	0.000193	0.012676	0.000193	1.000000	0.015226
33	G	382	344662	333389	0.001146	85	0	344602	0	0	0	nan	0	0	0	0	0	0	nan	0	0	0	0.001146	0.000059	0.001146	0.000059	nan	nan
34	C	6448	344669	332985	0.019364	85	0	344561	0	0	0	nan	0	0	0	0	0	0	nan	0	0	0	0.019364	0.000241	0.019364	0.000241	0.919774	0.011447
35	C	5919	344685	333435	0.017752	85	0	344509	0	0	0	nan	0	0	0	0	0	0	nan	0	0	0	0.017752	0.000231	0.017752	0.000231	0.843205	0.010972
36	U	1772	344766	334145	0.005303	85	0	344598	0	0	0	nan	0	0	0	0	0	0	nan	0	0	0	0.005303	0.000126	0.005303	0.000126	1.056427	0.025101
37	G	359	344798	334083	0.001075	85	0	344228	0	0	0	nan	0	0	0	0	0	0	nan	0	0	0	0.001075	0.000057	0.001075	0.000057	nan	nan
38	G	309	344808	333162	0.000927	85	0	344241	0	0	0	nan	0	0	0	0	0	0	nan	0	0	0	0.000927	0.000053	0.000927	0.000053	nan	nan
39	G	320	344859	333630	0.000959	85	0	344338	0	0	0	nan	0	0	0	0	0	0	nan	0	0	0	0.000959	0.000054	0.000959	0.000054	nan	nan
40	A	4831	344931	335948	0.014380	85	0	344488	0	0	0	nan	0	0	0	0	0	0	nan	0	0	0	0.014380	0.000207	0.014380	0.000207	1.134427	0.016330
41	G	435	345039	333099	0.001306	84	0	344814	0	0	0	nan	0	0	0	0	0	0	nan	0	0	0	0.001306	0.000063	0.001306	0.000063	nan	nan
42	C	6219	345127	340525	0.018263	62	0	345074	0	0	0	nan	0	0	0	0	0	0	nan	0	0	0	0.018263	0.000232	0.018263	0.000232	0.867477	0.011020
43	U	1220	345136	341757	0.003570	58	0	345110	0	0	0	nan	0	0	0	0	0	0	nan	0	0	0	0.003570	0.000102	0.003570	0.000102	0.711191	0.020320
44	C	5661	345140	342288	0.016539	52	0	345113	0	0	0	nan	0	0	0	0	0	0	nan	0	0	0	0.016539	0.000220	0.016539	0.000220	0.785589	0.010450
45	U	1426	345140	341947	0.004170	52	0	345115	0	0	0	nan	0	0	0	0	0	0	nan	0	0	0	0.004170	0.000110	0.004170	0.000110	0.830719	0.021913
46	C	7200	345138	341998	0.021053	47	0	345109	0	0	0	nan	0	0	0	0	0	0	nan	0	0	0	0.021053	0.000248	0.021053	0.000248	1.000000	0.011780
47	U	1279	345142	341852	0.003741	47	0	345114	0	0	0	nan	0	0	0	0	0	0	nan	0	0	0	0.003741	0.000105	0.003741	0.000105	0.745256	0.020917
48	G	487	345145	337735	0.001442	47	0	345119	0	0	0	nan	0	0	0	0	0	0	nan	0	0	0	0.001442	0.000065	0.001442	0.000065	nan	nan
49	C	8460	345149	340419	0.024852	47	0	345127	0	0	0	nan	0	0	0	0	0	0	nan	0	0	0	0.024852	0.000270	0.024852	0.000270	1.180449	0.012825
50	C	7815	345157	340860	0.022927	47	0	345143	0	0	0	nan	0	0	0	0	0	0	nan	0	0	0	0.022927	0.000259	0.022927	0.000259	1.089013	0.012302
51	A	3502	345162	341737	0.010248	47	0	345160	0	0	0	nan	0	0	0	0	0	0	nan	0	0	0	0.010248	0.000173	0.010248	0.000173	0.808457	0.013648
52	A	0	345170	341795	0.000000	47	0	345170	0	0	0	nan	0	0	0	0	0	0	nan	0	0	0	0.000000	0.000000	0.000000	0.000000	0.000000	0.000000
53	U	0	345152	208	0.000000	38	0	345152	0	0	0	nan	0	0	0	0	0	0	nan	0	0	0	0.000000	0.000000	nan	nan	nan	nan
54	C	0	344874	1	0.000000	36	0	344874	0	0	0	nan	0	0	0	0	0	0	nan	0	0	0	0.000000	0.000000	nan	nan	nan	nan
55	C	0	344873	0	nan	36	0	344873	0	0	0	nan	0	0	0	0	0	0	nan	0	0	0	nan	nan	nan	nan	nan	nan
56	a	0	344873	0	nan	36	0	344873	0	0	0	nan	0	0	0	0	0	0	nan	0	0	0	nan	nan	nan	nan	nan	nan
57	c	0	344872	0	nan	36	0	344872	0	0	0	nan	0	0	0	0	0	0	nan	0	0	0	nan	nan	nan	nan	nan	nan
58	u	0	344872	0	nan	36	0	344872	0	0	0	nan	0	0	0	0	0	0	nan	0	0	0	nan	nan	nan	nan	nan	nan
59	a	0	344872	0	nan	36	0	344872	0	0	0	nan	0	0	0	0	0	0	nan	0	0	0	nan	nan	nan	nan	nan	nan
60	a	0	344872	0	nan	36	0	344872	0	0	0	nan	0	0	0	0	0	0	nan	0	0	0	nan	nan	nan	nan	nan	nan
61	c	0	344872	0	nan	11	0	344872	0	0	0	nan	0	0	0	0	0	0	nan	0	0	0	nan	nan	nan	nan	nan	nan
62	c	0	344872	0	nan	9	0	344872	0	0	0	nan	0	0	0	0	0	0	nan	0	0	0	nan	nan	nan	nan	nan	nan
63	u	0	344872	0	nan	0	0	344872	0	0	0	nan	0	0	0	0	0	0	nan	0	0	0	nan	nan	nan	nan	nan	nan
64	c	0	344872	0	nan	0	0	344872	0	0	0	nan	0	0	0	0	0	0	nan	0	0	0	nan	nan	nan	nan	nan	nan
65	a	0	344872	0	nan	0	0	344872	0	0	0	nan	0	0	0	0	0	0	nan	0	0	0	nan	nan	nan	nan	nan	nan
66	c	0	344871	0	nan	0	0	344871	0	0	0	nan	0	0	0	0	0	0	nan	0	0	0	nan	nan	nan	nan	nan	nan
67	u	0	344866	0	nan	0	0	344866	0	0	0	nan	0	0	0	0	0	0	nan	0	0	0	nan	nan	nan	nan	nan	nan
68	c	0	344865	0	nan	0	0	344865	0	0	0	nan	0	0	0	0	0	0	nan	0	0	0	nan	nan	nan	nan	nan	nan
69	a	0	344863	0	nan	0	0	344863	0	0	0	nan	0	0	0	0	0	0	nan	0	0	0	nan	nan	nan	nan	nan	nan
70	c	0	344852	0	nan	0	0	344852	0	0	0	nan	0	0	0	0	0	0	nan	0	0	0	nan	nan	nan	nan	nan	nan
71	a	0	344841	0	nan	0	0	344841	0	0	0	nan	0	0	0	0	0	0	nan	0	0	0	nan	nan	nan	nan	nan	nan
72	a	0	344747	0	nan	0	0	344747	0	0	0	nan	0	0	0	0	0	0	nan	0	0	0	nan	nan	nan	nan	nan	nan
73	u	0	344599	0	nan	0	0	344599	0	0	0	nan	0	0	0	0	0	0	nan	0	0	0	nan	nan	nan	nan	nan	nan
74	c	0	344202	0	nan	0	0	344202	0	0	0	nan	0	0	0	0	0	0	nan	0	0	0	nan	nan	nan	nan	nan	nan