Nucleotide	Sequence	Modified_mutations	Modified_read_depth	Modified_effective_depth	Modified_rate	Modified_off_target_mapped_depth	Modified_low_mapq_mapped_depth	Modified_primer_pair_1_mapped_depth	Untreated_mutations	Untreated_read_depth	Untreated_effective_depth	Untreated_rate	Untreated_off_target_mapped_depth	Untreated_low_mapq_mapped_depth	Untreated_primer_pair_1_mapped_depth	Denatured_mutations	Denatured_read_depth	Denatured_effective_depth	Denatured_rate	Denatured_off_target_mapped_depth	Denatured_low_mapq_mapped_depth	Denatured_primer_pair_1_mapped_depth	Reactivity_profile	Std_err	HQ_profile	HQ_stderr	Norm_profile	Norm_stderr
1	g	0	215984	0	nan	17	1	215984	0	0	0	nan	0	0	0	0	0	0	nan	0	0	0	nan	nan	nan	nan	nan	nan
2	g	0	216326	0	nan	17	1	216326	0	0	0	nan	0	0	0	0	0	0	nan	0	0	0	nan	nan	nan	nan	nan	nan
3	c	0	216549	0	nan	17	1	216549	0	0	0	nan	0	0	0	0	0	0	nan	0	0	0	nan	nan	nan	nan	nan	nan
4	a	0	232952	0	nan	44	1	232952	0	0	0	nan	0	0	0	0	0	0	nan	0	0	0	nan	nan	nan	nan	nan	nan
5	c	0	233367	0	nan	44	1	233367	0	0	0	nan	0	0	0	0	0	0	nan	0	0	0	nan	nan	nan	nan	nan	nan
6	c	0	233432	0	nan	44	1	233432	0	0	0	nan	0	0	0	0	0	0	nan	0	0	0	nan	nan	nan	nan	nan	nan
7	u	0	233443	0	nan	44	1	233443	0	0	0	nan	0	0	0	0	0	0	nan	0	0	0	nan	nan	nan	nan	nan	nan
8	c	0	233451	0	nan	44	1	233451	0	0	0	nan	0	0	0	0	0	0	nan	0	0	0	nan	nan	nan	nan	nan	nan
9	a	0	233452	0	nan	44	1	233452	0	0	0	nan	0	0	0	0	0	0	nan	0	0	0	nan	nan	nan	nan	nan	nan
10	u	0	233467	0	nan	44	1	233467	0	0	0	nan	0	0	0	0	0	0	nan	0	0	0	nan	nan	nan	nan	nan	nan
11	a	0	233491	0	nan	44	1	233491	0	0	0	nan	0	0	0	0	0	0	nan	0	0	0	nan	nan	nan	nan	nan	nan
12	a	0	233513	0	nan	45	1	233513	0	0	0	nan	0	0	0	0	0	0	nan	0	0	0	nan	nan	nan	nan	nan	nan
13	c	0	233527	0	nan	45	1	233527	0	0	0	nan	0	0	0	0	0	0	nan	0	0	0	nan	nan	nan	nan	nan	nan
14	a	0	233536	0	nan	45	1	233536	0	0	0	nan	0	0	0	0	0	0	nan	0	0	0	nan	nan	nan	nan	nan	nan
15	u	0	233544	0	nan	45	1	233544	0	0	0	nan	0	0	0	0	0	0	nan	0	0	0	nan	nan	nan	nan	nan	nan
16	a	0	233555	0	nan	45	1	233555	0	0	0	nan	0	0	0	0	0	0	nan	0	0	0	nan	nan	nan	nan	nan	nan
17	a	0	233570	0	nan	45	1	233570	0	0	0	nan	0	0	0	0	0	0	nan	0	0	0	nan	nan	nan	nan	nan	nan
18	c	0	233576	0	nan	45	1	233576	0	0	0	nan	0	0	0	0	0	0	nan	0	0	0	nan	nan	nan	nan	nan	nan
19	U	0	233581	3	0.000000	45	1	233581	0	0	0	nan	0	0	0	0	0	0	nan	0	0	0	0.000000	0.000000	nan	nan	nan	nan
20	A	0	233617	27	0.000000	45	1	233617	0	0	0	nan	0	0	0	0	0	0	nan	0	0	0	0.000000	0.000000	nan	nan	nan	nan
21	A	0	233624	32	0.000000	45	1	233624	0	0	0	nan	0	0	0	0	0	0	nan	0	0	0	0.000000	0.000000	nan	nan	nan	nan
22	G	0	233634	229410	0.000000	45	1	233634	0	0	0	nan	0	0	0	0	0	0	nan	0	0	0	0.000000	0.000000	0.000000	0.000000	nan	nan
23	G	364	233648	218630	0.001665	45	1	233648	0	0	0	nan	0	0	0	0	0	0	nan	0	0	0	0.001665	0.000087	0.001665	0.000087	nan	nan
24	C	1022	233682	228867	0.004465	45	1	233682	0	0	0	nan	0	0	0	0	0	0	nan	0	0	0	0.004465	0.000140	0.004465	0.000140	1.000000	0.031355
25	A	1745	233706	230568	0.007568	45	1	233706	0	0	0	nan	0	0	0	0	0	0	nan	0	0	0	0.007568	0.000181	0.007568	0.000181	0.254139	0.006078
26	G	240	233746	228484	0.001050	45	1	233745	0	0	0	nan	0	0	0	0	0	0	nan	0	0	0	0.001050	0.000068	0.001050	0.000068	nan	nan
27	A	4910	233801	229987	0.021349	45	1	233799	0	0	0	nan	0	0	0	0	0	0	nan	0	0	0	0.021349	0.000305	0.021349	0.000305	0.716915	0.010242
28	U	1348	233813	228998	0.005887	45	1	233808	0	0	0	nan	0	0	0	0	0	0	nan	0	0	0	0.005887	0.000160	0.005887	0.000160	1.025520	0.027872
29	C	9652	233823	229405	0.042074	45	1	233818	0	0	0	nan	0	0	0	0	0	0	nan	0	0	0	0.042074	0.000428	0.042074	0.000428	9.423068	0.095857
30	U	1217	233834	229569	0.005301	45	1	233826	0	0	0	nan	0	0	0	0	0	0	nan	0	0	0	0.005301	0.000152	0.005301	0.000152	0.923439	0.026479
31	G	267	233838	226497	0.001179	45	1	233824	0	0	0	nan	0	0	0	0	0	0	nan	0	0	0	0.001179	0.000072	0.001179	0.000072	nan	nan
32	A	1323	233839	229032	0.005776	45	1	233824	0	0	0	nan	0	0	0	0	0	0	nan	0	0	0	0.005776	0.000159	0.005776	0.000159	0.193962	0.005339
33	G	349	233856	217785	0.001602	45	1	233828	0	0	0	nan	0	0	0	0	0	0	nan	0	0	0	0.001602	0.000086	0.001602	0.000086	nan	nan
34	C	985	233856	224751	0.004383	45	1	233800	0	0	0	nan	0	0	0	0	0	0	nan	0	0	0	0.004383	0.000140	0.004383	0.000140	0.981635	0.031355
35	C	1173	233868	225109	0.005211	45	1	233759	0	0	0	nan	0	0	0	0	0	0	nan	0	0	0	0.005211	0.000152	0.005211	0.000152	1.167077	0.034043
36	U	1350	233958	225469	0.005988	45	1	233852	0	0	0	nan	0	0	0	0	0	0	nan	0	0	0	0.005988	0.000163	0.005988	0.000163	1.043115	0.028395
37	G	272	233998	223468	0.001217	45	1	233577	0	0	0	nan	0	0	0	0	0	0	nan	0	0	0	0.001217	0.000074	0.001217	0.000074	nan	nan
38	G	213	234010	221298	0.000963	45	1	233591	0	0	0	nan	0	0	0	0	0	0	nan	0	0	0	0.000963	0.000066	0.000963	0.000066	nan	nan
39	G	244	234047	222424	0.001097	45	1	233664	0	0	0	nan	0	0	0	0	0	0	nan	0	0	0	0.001097	0.000070	0.001097	0.000070	nan	nan
40	A	6731	234093	226033	0.029779	45	1	233770	0	0	0	nan	0	0	0	0	0	0	nan	0	0	0	0.029779	0.000363	0.029779	0.000363	1.000000	0.012190
41	G	405	234186	219262	0.001847	45	1	234020	0	0	0	nan	0	0	0	0	0	0	nan	0	0	0	0.001847	0.000092	0.001847	0.000092	nan	nan
42	C	663	234283	231451	0.002865	31	1	234262	0	0	0	nan	0	0	0	0	0	0	nan	0	0	0	0.002865	0.000111	0.002865	0.000111	0.641657	0.024860
43	U	823	234292	232853	0.003534	29	1	234287	0	0	0	nan	0	0	0	0	0	0	nan	0	0	0	0.003534	0.000123	0.003534	0.000123	0.615626	0.021427
44	C	493	234297	233027	0.002116	27	1	234292	0	0	0	nan	0	0	0	0	0	0	nan	0	0	0	0.002116	0.000095	0.002116	0.000095	0.473908	0.021277
45	U	1084	234300	232957	0.004653	27	1	234297	0	0	0	nan	0	0	0	0	0	0	nan	0	0	0	0.004653	0.000141	0.004653	0.000141	0.810557	0.024562
46	C	890	234301	232979	0.003820	26	1	234294	0	0	0	nan	0	0	0	0	0	0	nan	0	0	0	0.003820	0.000128	0.003820	0.000128	0.855543	0.028667
47	U	931	234298	232578	0.004003	26	1	234288	0	0	0	nan	0	0	0	0	0	0	nan	0	0	0	0.004003	0.000131	0.004003	0.000131	0.697326	0.022820
48	G	458	234301	227502	0.002013	26	1	234290	0	0	0	nan	0	0	0	0	0	0	nan	0	0	0	0.002013	0.000094	0.002013	0.000094	nan	nan
49	C	1030	234303	231694	0.004446	25	1	234294	0	0	0	nan	0	0	0	0	0	0	nan	0	0	0	0.004446	0.000139	0.004446	0.000139	0.995745	0.031131
50	C	761	234308	231239	0.003291	25	1	234300	0	0	0	nan	0	0	0	0	0	0	nan	0	0	0	0.003291	0.000119	0.003291	0.000119	0.737066	0.026652
51	A	6962	234315	231459	0.030079	25	1	234312	0	0	0	nan	0	0	0	0	0	0	nan	0	0	0	0.030079	0.000360	0.030079	0.000360	1.010074	0.012089
52	A	0	234315	231055	0.000000	25	1	234315	0	0	0	nan	0	0	0	0	0	0	nan	0	0	0	0.000000	0.000000	0.000000	0.000000	0.000000	0.000000
53	U	0	234313	115	0.000000	16	1	234313	0	0	0	nan	0	0	0	0	0	0	nan	0	0	0	0.000000	0.000000	nan	nan	nan	nan
54	C	0	234140	0	nan	15	1	234140	0	0	0	nan	0	0	0	0	0	0	nan	0	0	0	nan	nan	nan	nan	nan	nan
55	C	0	234138	0	nan	15	1	234138	0	0	0	nan	0	0	0	0	0	0	nan	0	0	0	nan	nan	nan	nan	nan	nan
56	a	0	234138	0	nan	15	1	234138	0	0	0	nan	0	0	0	0	0	0	nan	0	0	0	nan	nan	nan	nan	nan	nan
57	c	0	234138	0	nan	15	1	234138	0	0	0	nan	0	0	0	0	0	0	nan	0	0	0	nan	nan	nan	nan	nan	nan
58	u	0	234137	0	nan	15	1	234137	0	0	0	nan	0	0	0	0	0	0	nan	0	0	0	nan	nan	nan	nan	nan	nan
59	a	0	234137	0	nan	15	1	234137	0	0	0	nan	0	0	0	0	0	0	nan	0	0	0	nan	nan	nan	nan	nan	nan
60	a	0	234137	0	nan	15	1	234137	0	0	0	nan	0	0	0	0	0	0	nan	0	0	0	nan	nan	nan	nan	nan	nan
61	c	0	234137	0	nan	7	1	234137	0	0	0	nan	0	0	0	0	0	0	nan	0	0	0	nan	nan	nan	nan	nan	nan
62	c	0	234137	0	nan	6	1	234137	0	0	0	nan	0	0	0	0	0	0	nan	0	0	0	nan	nan	nan	nan	nan	nan
63	u	0	234137	0	nan	1	1	234137	0	0	0	nan	0	0	0	0	0	0	nan	0	0	0	nan	nan	nan	nan	nan	nan
64	c	0	234137	0	nan	1	1	234137	0	0	0	nan	0	0	0	0	0	0	nan	0	0	0	nan	nan	nan	nan	nan	nan
65	a	0	234137	0	nan	1	1	234137	0	0	0	nan	0	0	0	0	0	0	nan	0	0	0	nan	nan	nan	nan	nan	nan
66	c	0	234137	0	nan	1	1	234137	0	0	0	nan	0	0	0	0	0	0	nan	0	0	0	nan	nan	nan	nan	nan	nan
67	u	0	234135	0	nan	1	1	234135	0	0	0	nan	0	0	0	0	0	0	nan	0	0	0	nan	nan	nan	nan	nan	nan
68	c	0	234135	0	nan	1	1	234135	0	0	0	nan	0	0	0	0	0	0	nan	0	0	0	nan	nan	nan	nan	nan	nan
69	a	0	234134	0	nan	1	1	234134	0	0	0	nan	0	0	0	0	0	0	nan	0	0	0	nan	nan	nan	nan	nan	nan
70	c	0	234121	0	nan	1	1	234121	0	0	0	nan	0	0	0	0	0	0	nan	0	0	0	nan	nan	nan	nan	nan	nan
71	a	0	234118	0	nan	1	1	234118	0	0	0	nan	0	0	0	0	0	0	nan	0	0	0	nan	nan	nan	nan	nan	nan
72	a	0	234051	0	nan	1	1	234051	0	0	0	nan	0	0	0	0	0	0	nan	0	0	0	nan	nan	nan	nan	nan	nan
73	u	0	233916	0	nan	1	1	233916	0	0	0	nan	0	0	0	0	0	0	nan	0	0	0	nan	nan	nan	nan	nan	nan
74	c	0	233643	0	nan	1	1	233643	0	0	0	nan	0	0	0	0	0	0	nan	0	0	0	nan	nan	nan	nan	nan	nan