Nucleotide	Sequence	Modified_mutations	Modified_read_depth	Modified_effective_depth	Modified_rate	Modified_off_target_mapped_depth	Modified_low_mapq_mapped_depth	Modified_primer_pair_1_mapped_depth	Untreated_mutations	Untreated_read_depth	Untreated_effective_depth	Untreated_rate	Untreated_off_target_mapped_depth	Untreated_low_mapq_mapped_depth	Untreated_primer_pair_1_mapped_depth	Denatured_mutations	Denatured_read_depth	Denatured_effective_depth	Denatured_rate	Denatured_off_target_mapped_depth	Denatured_low_mapq_mapped_depth	Denatured_primer_pair_1_mapped_depth	Reactivity_profile	Std_err	HQ_profile	HQ_stderr	Norm_profile	Norm_stderr
1	g	0	5621511	0	nan	137	2381	5621511	0	0	0	nan	0	0	0	0	0	0	nan	0	0	0	nan	nan	nan	nan	nan	nan
2	g	0	5668220	0	nan	138	2396	5668220	0	0	0	nan	0	0	0	0	0	0	nan	0	0	0	nan	nan	nan	nan	nan	nan
3	u	0	5677056	0	nan	138	2405	5677056	0	0	0	nan	0	0	0	0	0	0	nan	0	0	0	nan	nan	nan	nan	nan	nan
4	g	0	5681622	0	nan	138	2472	5681622	0	0	0	nan	0	0	0	0	0	0	nan	0	0	0	nan	nan	nan	nan	nan	nan
5	u	0	5691441	0	nan	138	2491	5691441	0	0	0	nan	0	0	0	0	0	0	nan	0	0	0	nan	nan	nan	nan	nan	nan
6	a	0	5694980	0	nan	138	2715	5694980	0	0	0	nan	0	0	0	0	0	0	nan	0	0	0	nan	nan	nan	nan	nan	nan
7	a	0	5695887	0	nan	138	2717	5695887	0	0	0	nan	0	0	0	0	0	0	nan	0	0	0	nan	nan	nan	nan	nan	nan
8	g	0	5696419	0	nan	138	2719	5696419	0	0	0	nan	0	0	0	0	0	0	nan	0	0	0	nan	nan	nan	nan	nan	nan
9	g	0	5696997	0	nan	138	2720	5696997	0	0	0	nan	0	0	0	0	0	0	nan	0	0	0	nan	nan	nan	nan	nan	nan
10	g	0	5698373	0	nan	138	2758	5698373	0	0	0	nan	0	0	0	0	0	0	nan	0	0	0	nan	nan	nan	nan	nan	nan
11	u	0	5701300	0	nan	138	2763	5701300	0	0	0	nan	0	0	0	0	0	0	nan	0	0	0	nan	nan	nan	nan	nan	nan
12	g	0	5711474	0	nan	184	2934	5711474	0	0	0	nan	0	0	0	0	0	0	nan	0	0	0	nan	nan	nan	nan	nan	nan
13	a	0	5721041	0	nan	191	2962	5721041	0	0	0	nan	0	0	0	0	0	0	nan	0	0	0	nan	nan	nan	nan	nan	nan
14	a	0	5726156	0	nan	202	2965	5726156	0	0	0	nan	0	0	0	0	0	0	nan	0	0	0	nan	nan	nan	nan	nan	nan
15	g	0	5728768	0	nan	370	2971	5728768	0	0	0	nan	0	0	0	0	0	0	nan	0	0	0	nan	nan	nan	nan	nan	nan
16	u	0	5731835	0	nan	371	2973	5731835	0	0	0	nan	0	0	0	0	0	0	nan	0	0	0	nan	nan	nan	nan	nan	nan
17	g	0	5733277	0	nan	372	3021	5733277	0	0	0	nan	0	0	0	0	0	0	nan	0	0	0	nan	nan	nan	nan	nan	nan
18	u	0	5734393	0	nan	373	3042	5734393	0	0	0	nan	0	0	0	0	0	0	nan	0	0	0	nan	nan	nan	nan	nan	nan
19	a	0	5735509	0	nan	380	3243	5735509	0	0	0	nan	0	0	0	0	0	0	nan	0	0	0	nan	nan	nan	nan	nan	nan
20	A	0	5736804	541	0.000000	380	3243	5736804	0	0	0	nan	0	0	0	0	0	0	nan	0	0	0	0.000000	0.000000	nan	nan	nan	nan
21	G	0	5737627	656	0.000000	380	3243	5737627	0	0	0	nan	0	0	0	0	0	0	nan	0	0	0	0.000000	0.000000	nan	nan	nan	nan
22	G	0	5738232	644	0.000000	380	3243	5738232	0	0	0	nan	0	0	0	0	0	0	nan	0	0	0	0.000000	0.000000	nan	nan	nan	nan
23	U	0	5739500	5191287	0.000000	380	3244	5739500	0	0	0	nan	0	0	0	0	0	0	nan	0	0	0	0.000000	0.000000	0.000000	0.000000	0.000000	0.000000
24	U	10419	5740456	5239265	0.001989	380	3244	5740456	0	0	0	nan	0	0	0	0	0	0	nan	0	0	0	0.001989	0.000019	0.001989	0.000019	0.614078	0.005866
25	G	5908	5743535	5204677	0.001135	380	3244	5743535	0	0	0	nan	0	0	0	0	0	0	nan	0	0	0	0.001135	0.000015	0.001135	0.000015	nan	nan
26	A	46664	5748607	5313687	0.008782	380	3244	5748560	0	0	0	nan	0	0	0	0	0	0	nan	0	0	0	0.008782	0.000041	0.008782	0.000041	0.672435	0.003139
27	C	25093	5750757	5099697	0.004920	380	3244	5750672	0	0	0	nan	0	0	0	0	0	0	nan	0	0	0	0.004920	0.000031	0.004920	0.000031	0.991536	0.006247
28	C	23812	5751854	5087782	0.004680	380	3244	5751744	0	0	0	nan	0	0	0	0	0	0	nan	0	0	0	0.004680	0.000030	0.004680	0.000030	0.943168	0.006046
29	U	18820	5754566	5063297	0.003717	380	3244	5754442	0	0	0	nan	0	0	0	0	0	0	nan	0	0	0	0.003717	0.000027	0.003717	0.000027	1.147576	0.008336
30	U	7440	5759554	5155553	0.001443	380	3244	5759416	0	0	0	nan	0	0	0	0	0	0	nan	0	0	0	0.001443	0.000017	0.001443	0.000017	0.445508	0.005249
31	U	8144	5764349	5178592	0.001573	380	3244	5764196	0	0	0	nan	0	0	0	0	0	0	nan	0	0	0	0.001573	0.000017	0.001573	0.000017	0.485644	0.005249
32	U	10384	5769837	5236041	0.001983	380	3244	5769663	0	0	0	nan	0	0	0	0	0	0	nan	0	0	0	0.001983	0.000019	0.001983	0.000019	0.612226	0.005866
33	G	2109	5797571	5307820	0.000397	380	3244	5797390	0	0	0	nan	0	0	0	0	0	0	nan	0	0	0	0.000397	0.000009	0.000397	0.000009	nan	nan
34	A	34768	5808443	5617535	0.006189	381	3244	5808270	0	0	0	nan	0	0	0	0	0	0	nan	0	0	0	0.006189	0.000033	0.006189	0.000033	0.473890	0.002527
35	A	36132	5811417	5601924	0.006450	381	3244	5811239	0	0	0	nan	0	0	0	0	0	0	nan	0	0	0	0.006450	0.000034	0.006450	0.000034	0.493874	0.002603
36	U	3988	5812407	5569694	0.000716	383	3244	5812226	0	0	0	nan	0	0	0	0	0	0	nan	0	0	0	0.000716	0.000011	0.000716	0.000011	0.221056	0.003396
37	A	242461	5812998	5330644	0.045484	384	3244	5812786	0	0	0	nan	0	0	0	0	0	0	nan	0	0	0	0.045484	0.000092	0.045484	0.000092	3.482695	0.007044
38	G	8886	5813580	5254597	0.001691	387	3244	5813375	0	0	0	nan	0	0	0	0	0	0	nan	0	0	0	0.001691	0.000018	0.001691	0.000018	nan	nan
39	U	9413	5814264	5277917	0.001783	387	3244	5814052	0	0	0	nan	0	0	0	0	0	0	nan	0	0	0	0.001783	0.000018	0.001783	0.000018	0.550479	0.005557
40	G	8523	5814880	5420058	0.001572	390	3244	5814653	0	0	0	nan	0	0	0	0	0	0	nan	0	0	0	0.001572	0.000017	0.001572	0.000017	nan	nan
41	A	70651	5817567	5409784	0.013060	390	3244	5817323	0	0	0	nan	0	0	0	0	0	0	nan	0	0	0	0.013060	0.000049	0.013060	0.000049	1.000000	0.003752
42	U	15266	5818431	5385428	0.002835	390	3244	5818198	0	0	0	nan	0	0	0	0	0	0	nan	0	0	0	0.002835	0.000023	0.002835	0.000023	0.875270	0.007101
43	U	7658	5820428	5328053	0.001437	390	3244	5820180	0	0	0	nan	0	0	0	0	0	0	nan	0	0	0	0.001437	0.000016	0.001437	0.000016	0.443655	0.004940
44	C	26630	5822978	5321537	0.005004	389	3244	5822717	0	0	0	nan	0	0	0	0	0	0	nan	0	0	0	0.005004	0.000031	0.005004	0.000031	1.008464	0.006247
45	A	36579	5824809	5322838	0.006872	388	3245	5824516	0	0	0	nan	0	0	0	0	0	0	nan	0	0	0	0.006872	0.000036	0.006872	0.000036	0.526187	0.002757
46	G	3727	5826449	5209446	0.000715	388	3245	5826157	0	0	0	nan	0	0	0	0	0	0	nan	0	0	0	0.000715	0.000012	0.000715	0.000012	nan	nan
47	G	9127	5830177	5275138	0.001730	385	3245	5829886	0	0	0	nan	0	0	0	0	0	0	nan	0	0	0	0.001730	0.000018	0.001730	0.000018	nan	nan
48	A	23612	5836278	5190589	0.004549	385	3245	5835980	0	0	0	nan	0	0	0	0	0	0	nan	0	0	0	0.004549	0.000030	0.004549	0.000030	0.348315	0.002297
49	G	14194	5837845	5261783	0.002698	382	3245	5837565	0	0	0	nan	0	0	0	0	0	0	nan	0	0	0	0.002698	0.000023	0.002698	0.000023	nan	nan
50	G	3533	5847731	5115650	0.000691	385	3245	5847482	0	0	0	nan	0	0	0	0	0	0	nan	0	0	0	0.000691	0.000012	0.000691	0.000012	nan	nan
51	U	16947	5851687	5232150	0.003239	385	3245	5851489	0	0	0	nan	0	0	0	0	0	0	nan	0	0	0	0.003239	0.000025	0.003239	0.000025	1.000000	0.007718
52	U	15546	5857868	5228685	0.002973	387	3245	5857716	0	0	0	nan	0	0	0	0	0	0	nan	0	0	0	0.002973	0.000024	0.002973	0.000024	0.917876	0.007410
53	A	54385	5861945	5425740	0.010024	387	3245	5861798	0	0	0	nan	0	0	0	0	0	0	nan	0	0	0	0.010024	0.000043	0.010024	0.000043	0.767534	0.003292
54	A	73773	5865302	5565259	0.013256	387	3245	5865189	0	0	0	nan	0	0	0	0	0	0	nan	0	0	0	0.013256	0.000049	0.013256	0.000049	1.015008	0.003752
55	U	9645	5866254	5510018	0.001750	387	3245	5866171	0	0	0	nan	0	0	0	0	0	0	nan	0	0	0	0.001750	0.000018	0.001750	0.000018	0.540290	0.005557
56	G	6571	5867119	5343023	0.001230	385	3245	5867057	0	0	0	nan	0	0	0	0	0	0	nan	0	0	0	0.001230	0.000015	0.001230	0.000015	nan	nan
57	G	0	5868175	5367966	0.000000	385	3245	5868132	0	0	0	nan	0	0	0	0	0	0	nan	0	0	0	0.000000	0.000000	0.000000	0.000000	nan	nan
58	A	0	5870168	42	0.000000	385	3245	5870168	0	0	0	nan	0	0	0	0	0	0	nan	0	0	0	0.000000	0.000000	nan	nan	nan	nan
59	A	0	5870120	34	0.000000	385	3245	5870120	0	0	0	nan	0	0	0	0	0	0	nan	0	0	0	0.000000	0.000000	nan	nan	nan	nan
60	G	0	5870075	16	0.000000	385	3245	5870075	0	0	0	nan	0	0	0	0	0	0	nan	0	0	0	0.000000	0.000000	nan	nan	nan	nan
61	u	0	5870041	0	nan	384	3244	5870041	0	0	0	nan	0	0	0	0	0	0	nan	0	0	0	nan	nan	nan	nan	nan	nan
62	a	0	5869898	0	nan	382	3242	5869898	0	0	0	nan	0	0	0	0	0	0	nan	0	0	0	nan	nan	nan	nan	nan	nan
63	a	0	5869828	0	nan	376	3239	5869828	0	0	0	nan	0	0	0	0	0	0	nan	0	0	0	nan	nan	nan	nan	nan	nan
64	a	0	5869803	0	nan	370	3230	5869803	0	0	0	nan	0	0	0	0	0	0	nan	0	0	0	nan	nan	nan	nan	nan	nan
65	g	0	5869778	0	nan	312	2639	5869778	0	0	0	nan	0	0	0	0	0	0	nan	0	0	0	nan	nan	nan	nan	nan	nan
66	g	0	5869760	0	nan	265	2592	5869760	0	0	0	nan	0	0	0	0	0	0	nan	0	0	0	nan	nan	nan	nan	nan	nan
67	u	0	5869731	0	nan	245	2583	5869731	0	0	0	nan	0	0	0	0	0	0	nan	0	0	0	nan	nan	nan	nan	nan	nan
68	a	0	5869704	0	nan	243	2417	5869704	0	0	0	nan	0	0	0	0	0	0	nan	0	0	0	nan	nan	nan	nan	nan	nan
69	a	0	5869686	0	nan	242	2413	5869686	0	0	0	nan	0	0	0	0	0	0	nan	0	0	0	nan	nan	nan	nan	nan	nan
70	u	0	5869667	0	nan	242	2353	5869667	0	0	0	nan	0	0	0	0	0	0	nan	0	0	0	nan	nan	nan	nan	nan	nan
71	g	0	5869565	0	nan	241	2344	5869565	0	0	0	nan	0	0	0	0	0	0	nan	0	0	0	nan	nan	nan	nan	nan	nan
72	a	0	5869501	0	nan	239	2339	5869501	0	0	0	nan	0	0	0	0	0	0	nan	0	0	0	nan	nan	nan	nan	nan	nan
73	a	0	5869456	0	nan	239	2334	5869456	0	0	0	nan	0	0	0	0	0	0	nan	0	0	0	nan	nan	nan	nan	nan	nan
74	g	0	5869433	0	nan	239	2324	5869433	0	0	0	nan	0	0	0	0	0	0	nan	0	0	0	nan	nan	nan	nan	nan	nan
75	g	0	5869392	0	nan	238	2320	5869392	0	0	0	nan	0	0	0	0	0	0	nan	0	0	0	nan	nan	nan	nan	nan	nan
76	u	0	5869287	0	nan	238	2317	5869287	0	0	0	nan	0	0	0	0	0	0	nan	0	0	0	nan	nan	nan	nan	nan	nan
77	g	0	5869183	0	nan	237	2293	5869183	0	0	0	nan	0	0	0	0	0	0	nan	0	0	0	nan	nan	nan	nan	nan	nan
78	a	0	5869080	0	nan	237	2290	5869080	0	0	0	nan	0	0	0	0	0	0	nan	0	0	0	nan	nan	nan	nan	nan	nan
79	a	0	5864639	0	nan	234	2283	5864639	0	0	0	nan	0	0	0	0	0	0	nan	0	0	0	nan	nan	nan	nan	nan	nan
80	g	0	5862169	0	nan	233	2257	5862169	0	0	0	nan	0	0	0	0	0	0	nan	0	0	0	nan	nan	nan	nan	nan	nan