Nucleotide	Sequence	Modified_mutations	Modified_read_depth	Modified_effective_depth	Modified_rate	Modified_off_target_mapped_depth	Modified_low_mapq_mapped_depth	Modified_primer_pair_1_mapped_depth	Untreated_mutations	Untreated_read_depth	Untreated_effective_depth	Untreated_rate	Untreated_off_target_mapped_depth	Untreated_low_mapq_mapped_depth	Untreated_primer_pair_1_mapped_depth	Denatured_mutations	Denatured_read_depth	Denatured_effective_depth	Denatured_rate	Denatured_off_target_mapped_depth	Denatured_low_mapq_mapped_depth	Denatured_primer_pair_1_mapped_depth	Reactivity_profile	Std_err	HQ_profile	HQ_stderr	Norm_profile	Norm_stderr
1	g	0	5133569	0	nan	59	587	5133569	0	0	0	nan	0	0	0	0	0	0	nan	0	0	0	nan	nan	nan	nan	nan	nan
2	g	0	5166025	0	nan	60	591	5166025	0	0	0	nan	0	0	0	0	0	0	nan	0	0	0	nan	nan	nan	nan	nan	nan
3	u	0	5172325	0	nan	60	595	5172325	0	0	0	nan	0	0	0	0	0	0	nan	0	0	0	nan	nan	nan	nan	nan	nan
4	g	0	5175800	0	nan	60	604	5175800	0	0	0	nan	0	0	0	0	0	0	nan	0	0	0	nan	nan	nan	nan	nan	nan
5	u	0	5183968	0	nan	60	612	5183968	0	0	0	nan	0	0	0	0	0	0	nan	0	0	0	nan	nan	nan	nan	nan	nan
6	a	0	5186388	0	nan	60	661	5186388	0	0	0	nan	0	0	0	0	0	0	nan	0	0	0	nan	nan	nan	nan	nan	nan
7	a	0	5187083	0	nan	60	661	5187083	0	0	0	nan	0	0	0	0	0	0	nan	0	0	0	nan	nan	nan	nan	nan	nan
8	g	0	5187481	0	nan	60	661	5187481	0	0	0	nan	0	0	0	0	0	0	nan	0	0	0	nan	nan	nan	nan	nan	nan
9	g	0	5187965	0	nan	60	664	5187965	0	0	0	nan	0	0	0	0	0	0	nan	0	0	0	nan	nan	nan	nan	nan	nan
10	g	0	5188818	0	nan	60	678	5188818	0	0	0	nan	0	0	0	0	0	0	nan	0	0	0	nan	nan	nan	nan	nan	nan
11	u	0	5190943	0	nan	60	680	5190943	0	0	0	nan	0	0	0	0	0	0	nan	0	0	0	nan	nan	nan	nan	nan	nan
12	g	0	5198269	0	nan	106	736	5198269	0	0	0	nan	0	0	0	0	0	0	nan	0	0	0	nan	nan	nan	nan	nan	nan
13	a	0	5211047	0	nan	112	749	5211047	0	0	0	nan	0	0	0	0	0	0	nan	0	0	0	nan	nan	nan	nan	nan	nan
14	a	0	5218738	0	nan	124	754	5218738	0	0	0	nan	0	0	0	0	0	0	nan	0	0	0	nan	nan	nan	nan	nan	nan
15	g	0	5222245	0	nan	331	754	5222245	0	0	0	nan	0	0	0	0	0	0	nan	0	0	0	nan	nan	nan	nan	nan	nan
16	u	0	5227661	0	nan	331	754	5227661	0	0	0	nan	0	0	0	0	0	0	nan	0	0	0	nan	nan	nan	nan	nan	nan
17	g	0	5229711	0	nan	331	769	5229711	0	0	0	nan	0	0	0	0	0	0	nan	0	0	0	nan	nan	nan	nan	nan	nan
18	u	0	5231104	0	nan	331	774	5231104	0	0	0	nan	0	0	0	0	0	0	nan	0	0	0	nan	nan	nan	nan	nan	nan
19	a	0	5232165	0	nan	331	856	5232165	0	0	0	nan	0	0	0	0	0	0	nan	0	0	0	nan	nan	nan	nan	nan	nan
20	A	0	5233533	616	0.000000	331	856	5233533	0	0	0	nan	0	0	0	0	0	0	nan	0	0	0	0.000000	0.000000	nan	nan	nan	nan
21	G	0	5234435	727	0.000000	331	856	5234435	0	0	0	nan	0	0	0	0	0	0	nan	0	0	0	0.000000	0.000000	nan	nan	nan	nan
22	G	0	5234984	623	0.000000	331	856	5234984	0	0	0	nan	0	0	0	0	0	0	nan	0	0	0	0.000000	0.000000	nan	nan	nan	nan
23	U	0	5236324	4688996	0.000000	331	856	5236324	0	0	0	nan	0	0	0	0	0	0	nan	0	0	0	0.000000	0.000000	0.000000	0.000000	0.000000	0.000000
24	U	11515	5237221	4709927	0.002445	331	856	5237221	0	0	0	nan	0	0	0	0	0	0	nan	0	0	0	0.002445	0.000023	0.002445	0.000023	0.702788	0.006611
25	G	5958	5240431	4684491	0.001272	331	856	5240431	0	0	0	nan	0	0	0	0	0	0	nan	0	0	0	0.001272	0.000016	0.001272	0.000016	nan	nan
26	A	77215	5247653	4803428	0.016075	331	856	5247601	0	0	0	nan	0	0	0	0	0	0	nan	0	0	0	0.016075	0.000058	0.016075	0.000058	0.985652	0.003556
27	C	63902	5251305	4656472	0.013723	331	856	5251199	0	0	0	nan	0	0	0	0	0	0	nan	0	0	0	0.013723	0.000054	0.013723	0.000054	1.064211	0.004188
28	C	45452	5252856	4652050	0.009770	331	856	5252721	0	0	0	nan	0	0	0	0	0	0	nan	0	0	0	0.009770	0.000046	0.009770	0.000046	0.757658	0.003567
29	U	16886	5256996	4637628	0.003641	331	856	5256841	0	0	0	nan	0	0	0	0	0	0	nan	0	0	0	0.003641	0.000028	0.003641	0.000028	1.046565	0.008048
30	U	7393	5264145	4723376	0.001565	330	856	5263971	0	0	0	nan	0	0	0	0	0	0	nan	0	0	0	0.001565	0.000018	0.001565	0.000018	0.449842	0.005174
31	U	8670	5269016	4746301	0.001827	330	856	5268819	0	0	0	nan	0	0	0	0	0	0	nan	0	0	0	0.001827	0.000020	0.001827	0.000020	0.525151	0.005749
32	U	10673	5274084	4800641	0.002223	331	856	5273861	0	0	0	nan	0	0	0	0	0	0	nan	0	0	0	0.002223	0.000022	0.002223	0.000022	0.638977	0.006324
33	G	1968	5298445	4865696	0.000404	334	856	5298191	0	0	0	nan	0	0	0	0	0	0	nan	0	0	0	0.000404	0.000009	0.000404	0.000009	nan	nan
34	A	61175	5306920	5147624	0.011884	334	856	5306666	0	0	0	nan	0	0	0	0	0	0	nan	0	0	0	0.011884	0.000048	0.011884	0.000048	0.728677	0.002943
35	A	56276	5309331	5140939	0.010947	334	856	5309066	0	0	0	nan	0	0	0	0	0	0	nan	0	0	0	0.010947	0.000046	0.010947	0.000046	0.671224	0.002821
36	U	4110	5310256	5116514	0.000803	334	856	5309978	0	0	0	nan	0	0	0	0	0	0	nan	0	0	0	0.000803	0.000013	0.000803	0.000013	0.230813	0.003737
37	A	219816	5310797	4962847	0.044292	334	856	5310482	0	0	0	nan	0	0	0	0	0	0	nan	0	0	0	0.044292	0.000094	0.044292	0.000094	2.715801	0.005764
38	G	5954	5311260	4881787	0.001220	346	857	5310939	0	0	0	nan	0	0	0	0	0	0	nan	0	0	0	0.001220	0.000016	0.001220	0.000016	nan	nan
39	U	9358	5311593	4879388	0.001918	346	857	5311248	0	0	0	nan	0	0	0	0	0	0	nan	0	0	0	0.001918	0.000020	0.001918	0.000020	0.551308	0.005749
40	G	8591	5312013	4937062	0.001740	351	857	5311646	0	0	0	nan	0	0	0	0	0	0	nan	0	0	0	0.001740	0.000019	0.001740	0.000019	nan	nan
41	A	91268	5313864	4911579	0.018582	351	857	5313478	0	0	0	nan	0	0	0	0	0	0	nan	0	0	0	0.018582	0.000062	0.018582	0.000062	1.139371	0.003802
42	U	14366	5314666	4878650	0.002945	355	857	5314289	0	0	0	nan	0	0	0	0	0	0	nan	0	0	0	0.002945	0.000025	0.002945	0.000025	0.846508	0.007186
43	U	7363	5316342	4835789	0.001523	365	857	5315916	0	0	0	nan	0	0	0	0	0	0	nan	0	0	0	0.001523	0.000018	0.001523	0.000018	0.437769	0.005174
44	C	58227	5318920	4825310	0.012067	365	857	5318443	0	0	0	nan	0	0	0	0	0	0	nan	0	0	0	0.012067	0.000050	0.012067	0.000050	0.935789	0.003877
45	A	61719	5321237	4850254	0.012725	363	857	5320736	0	0	0	nan	0	0	0	0	0	0	nan	0	0	0	0.012725	0.000051	0.012725	0.000051	0.780244	0.003127
46	G	3781	5323325	4758145	0.000795	361	857	5322835	0	0	0	nan	0	0	0	0	0	0	nan	0	0	0	0.000795	0.000013	0.000795	0.000013	nan	nan
47	G	7584	5327365	4823147	0.001572	363	857	5326865	0	0	0	nan	0	0	0	0	0	0	nan	0	0	0	0.001572	0.000018	0.001572	0.000018	nan	nan
48	A	51685	5333762	4747578	0.010887	368	857	5333251	0	0	0	nan	0	0	0	0	0	0	nan	0	0	0	0.010887	0.000048	0.010887	0.000048	0.667546	0.002943
49	G	12737	5335409	4798220	0.002655	369	857	5334927	0	0	0	nan	0	0	0	0	0	0	nan	0	0	0	0.002655	0.000024	0.002655	0.000024	nan	nan
50	G	3130	5344366	4665377	0.000671	386	857	5343919	0	0	0	nan	0	0	0	0	0	0	nan	0	0	0	0.000671	0.000012	0.000671	0.000012	nan	nan
51	U	16543	5348363	4755401	0.003479	386	857	5347986	0	0	0	nan	0	0	0	0	0	0	nan	0	0	0	0.003479	0.000027	0.003479	0.000027	1.000000	0.007761
52	U	14525	5356436	4758281	0.003053	396	857	5356163	0	0	0	nan	0	0	0	0	0	0	nan	0	0	0	0.003053	0.000025	0.003053	0.000025	0.877551	0.007186
53	A	64800	5361237	4938704	0.013121	395	857	5360978	0	0	0	nan	0	0	0	0	0	0	nan	0	0	0	0.013121	0.000052	0.013121	0.000052	0.804525	0.003188
54	A	82822	5365746	5078269	0.016309	395	857	5365603	0	0	0	nan	0	0	0	0	0	0	nan	0	0	0	0.016309	0.000057	0.016309	0.000057	1.000000	0.003495
55	U	9992	5366974	5039266	0.001983	394	857	5366870	0	0	0	nan	0	0	0	0	0	0	nan	0	0	0	0.001983	0.000020	0.001983	0.000020	0.569991	0.005749
56	G	6735	5368003	4908569	0.001372	392	857	5367918	0	0	0	nan	0	0	0	0	0	0	nan	0	0	0	0.001372	0.000017	0.001372	0.000017	nan	nan
57	G	0	5368976	4934438	0.000000	392	857	5368918	0	0	0	nan	0	0	0	0	0	0	nan	0	0	0	0.000000	0.000000	0.000000	0.000000	nan	nan
58	A	0	5370834	43	0.000000	392	857	5370834	0	0	0	nan	0	0	0	0	0	0	nan	0	0	0	0.000000	0.000000	nan	nan	nan	nan
59	A	0	5370775	25	0.000000	392	857	5370775	0	0	0	nan	0	0	0	0	0	0	nan	0	0	0	0.000000	0.000000	nan	nan	nan	nan
60	G	0	5370740	18	0.000000	392	857	5370740	0	0	0	nan	0	0	0	0	0	0	nan	0	0	0	0.000000	0.000000	nan	nan	nan	nan
61	u	0	5370701	0	nan	392	857	5370701	0	0	0	nan	0	0	0	0	0	0	nan	0	0	0	nan	nan	nan	nan	nan	nan
62	a	0	5370601	0	nan	389	856	5370601	0	0	0	nan	0	0	0	0	0	0	nan	0	0	0	nan	nan	nan	nan	nan	nan
63	a	0	5370536	0	nan	388	855	5370536	0	0	0	nan	0	0	0	0	0	0	nan	0	0	0	nan	nan	nan	nan	nan	nan
64	a	0	5370510	0	nan	380	854	5370510	0	0	0	nan	0	0	0	0	0	0	nan	0	0	0	nan	nan	nan	nan	nan	nan
65	g	0	5370492	0	nan	363	678	5370492	0	0	0	nan	0	0	0	0	0	0	nan	0	0	0	nan	nan	nan	nan	nan	nan
66	g	0	5370479	0	nan	336	659	5370479	0	0	0	nan	0	0	0	0	0	0	nan	0	0	0	nan	nan	nan	nan	nan	nan
67	u	0	5370455	0	nan	331	656	5370455	0	0	0	nan	0	0	0	0	0	0	nan	0	0	0	nan	nan	nan	nan	nan	nan
68	a	0	5370430	0	nan	330	577	5370430	0	0	0	nan	0	0	0	0	0	0	nan	0	0	0	nan	nan	nan	nan	nan	nan
69	a	0	5370412	0	nan	326	576	5370412	0	0	0	nan	0	0	0	0	0	0	nan	0	0	0	nan	nan	nan	nan	nan	nan
70	u	0	5370397	0	nan	325	561	5370397	0	0	0	nan	0	0	0	0	0	0	nan	0	0	0	nan	nan	nan	nan	nan	nan
71	g	0	5370330	0	nan	324	558	5370330	0	0	0	nan	0	0	0	0	0	0	nan	0	0	0	nan	nan	nan	nan	nan	nan
72	a	0	5370284	0	nan	324	558	5370284	0	0	0	nan	0	0	0	0	0	0	nan	0	0	0	nan	nan	nan	nan	nan	nan
73	a	0	5370253	0	nan	324	555	5370253	0	0	0	nan	0	0	0	0	0	0	nan	0	0	0	nan	nan	nan	nan	nan	nan
74	g	0	5370230	0	nan	324	553	5370230	0	0	0	nan	0	0	0	0	0	0	nan	0	0	0	nan	nan	nan	nan	nan	nan
75	g	0	5370207	0	nan	324	553	5370207	0	0	0	nan	0	0	0	0	0	0	nan	0	0	0	nan	nan	nan	nan	nan	nan
76	u	0	5370145	0	nan	324	552	5370145	0	0	0	nan	0	0	0	0	0	0	nan	0	0	0	nan	nan	nan	nan	nan	nan
77	g	0	5370087	0	nan	324	535	5370087	0	0	0	nan	0	0	0	0	0	0	nan	0	0	0	nan	nan	nan	nan	nan	nan
78	a	0	5370000	0	nan	324	535	5370000	0	0	0	nan	0	0	0	0	0	0	nan	0	0	0	nan	nan	nan	nan	nan	nan
79	a	0	5366177	0	nan	319	532	5366177	0	0	0	nan	0	0	0	0	0	0	nan	0	0	0	nan	nan	nan	nan	nan	nan
80	g	0	5364197	0	nan	319	531	5364197	0	0	0	nan	0	0	0	0	0	0	nan	0	0	0	nan	nan	nan	nan	nan	nan