Nucleotide	Sequence	Modified_mutations	Modified_read_depth	Modified_effective_depth	Modified_rate	Modified_off_target_mapped_depth	Modified_low_mapq_mapped_depth	Modified_primer_pair_1_mapped_depth	Untreated_mutations	Untreated_read_depth	Untreated_effective_depth	Untreated_rate	Untreated_off_target_mapped_depth	Untreated_low_mapq_mapped_depth	Untreated_primer_pair_1_mapped_depth	Denatured_mutations	Denatured_read_depth	Denatured_effective_depth	Denatured_rate	Denatured_off_target_mapped_depth	Denatured_low_mapq_mapped_depth	Denatured_primer_pair_1_mapped_depth	Reactivity_profile	Std_err	HQ_profile	HQ_stderr	Norm_profile	Norm_stderr
1	g	0	4915107	0	nan	2	278	4915107	0	0	0	nan	0	0	0	0	0	0	nan	0	0	0	nan	nan	nan	nan	nan	nan
2	g	0	4999468	0	nan	2	279	4999468	0	0	0	nan	0	0	0	0	0	0	nan	0	0	0	nan	nan	nan	nan	nan	nan
3	u	0	5032786	0	nan	2	280	5032786	0	0	0	nan	0	0	0	0	0	0	nan	0	0	0	nan	nan	nan	nan	nan	nan
4	g	0	5040300	0	nan	2	289	5040300	0	0	0	nan	0	0	0	0	0	0	nan	0	0	0	nan	nan	nan	nan	nan	nan
5	u	0	5045093	0	nan	2	291	5045093	0	0	0	nan	0	0	0	0	0	0	nan	0	0	0	nan	nan	nan	nan	nan	nan
6	a	0	5049997	0	nan	2	304	5049997	0	0	0	nan	0	0	0	0	0	0	nan	0	0	0	nan	nan	nan	nan	nan	nan
7	a	0	5052188	0	nan	2	305	5052188	0	0	0	nan	0	0	0	0	0	0	nan	0	0	0	nan	nan	nan	nan	nan	nan
8	g	0	5053289	0	nan	2	305	5053289	0	0	0	nan	0	0	0	0	0	0	nan	0	0	0	nan	nan	nan	nan	nan	nan
9	g	0	5054753	0	nan	2	305	5054753	0	0	0	nan	0	0	0	0	0	0	nan	0	0	0	nan	nan	nan	nan	nan	nan
10	g	0	5057290	0	nan	2	305	5057290	0	0	0	nan	0	0	0	0	0	0	nan	0	0	0	nan	nan	nan	nan	nan	nan
11	u	0	5061924	0	nan	2	305	5061924	0	0	0	nan	0	0	0	0	0	0	nan	0	0	0	nan	nan	nan	nan	nan	nan
12	g	0	5073816	0	nan	101	309	5073816	0	0	0	nan	0	0	0	0	0	0	nan	0	0	0	nan	nan	nan	nan	nan	nan
13	a	0	5089993	0	nan	109	309	5089993	0	0	0	nan	0	0	0	0	0	0	nan	0	0	0	nan	nan	nan	nan	nan	nan
14	a	0	5107853	0	nan	133	309	5107853	0	0	0	nan	0	0	0	0	0	0	nan	0	0	0	nan	nan	nan	nan	nan	nan
15	g	0	5122398	0	nan	441	309	5122398	0	0	0	nan	0	0	0	0	0	0	nan	0	0	0	nan	nan	nan	nan	nan	nan
16	u	0	5135119	0	nan	444	309	5135119	0	0	0	nan	0	0	0	0	0	0	nan	0	0	0	nan	nan	nan	nan	nan	nan
17	g	0	5140591	0	nan	450	312	5140591	0	0	0	nan	0	0	0	0	0	0	nan	0	0	0	nan	nan	nan	nan	nan	nan
18	u	0	5144050	0	nan	451	313	5144050	0	0	0	nan	0	0	0	0	0	0	nan	0	0	0	nan	nan	nan	nan	nan	nan
19	a	0	5146816	0	nan	451	314	5146816	0	0	0	nan	0	0	0	0	0	0	nan	0	0	0	nan	nan	nan	nan	nan	nan
20	A	0	5148222	345	0.000000	451	314	5148222	0	0	0	nan	0	0	0	0	0	0	nan	0	0	0	0.000000	0.000000	nan	nan	nan	nan
21	G	0	5149045	463	0.000000	451	314	5149045	0	0	0	nan	0	0	0	0	0	0	nan	0	0	0	0.000000	0.000000	nan	nan	nan	nan
22	G	0	5150268	785	0.000000	451	314	5150268	0	0	0	nan	0	0	0	0	0	0	nan	0	0	0	0.000000	0.000000	nan	nan	nan	nan
23	U	0	5152819	4454149	0.000000	451	314	5152819	0	0	0	nan	0	0	0	0	0	0	nan	0	0	0	0.000000	0.000000	0.000000	0.000000	0.000000	0.000000
24	U	10603	5154444	4516302	0.002348	451	314	5154444	0	0	0	nan	0	0	0	0	0	0	nan	0	0	0	0.002348	0.000023	0.002348	0.000023	0.578895	0.005671
25	G	4204	5160433	4566650	0.000921	451	314	5160433	0	0	0	nan	0	0	0	0	0	0	nan	0	0	0	0.000921	0.000014	0.000921	0.000014	nan	nan
26	A	53782	5171250	4723431	0.011386	451	314	5171202	0	0	0	nan	0	0	0	0	0	0	nan	0	0	0	0.011386	0.000049	0.011386	0.000049	1.072355	0.004615
27	A	53644	5174528	4585520	0.011699	451	314	5174457	0	0	0	nan	0	0	0	0	0	0	nan	0	0	0	0.011699	0.000051	0.011699	0.000051	1.101834	0.004803
28	C	44963	5175649	4435271	0.010138	451	314	5175556	0	0	0	nan	0	0	0	0	0	0	nan	0	0	0	0.010138	0.000048	0.010138	0.000048	1.265668	0.005993
29	U	14533	5177340	4399518	0.003303	451	314	5177236	0	0	0	nan	0	0	0	0	0	0	nan	0	0	0	0.003303	0.000027	0.003303	0.000027	0.814349	0.006657
30	U	7755	5179544	4429025	0.001751	452	314	5179421	0	0	0	nan	0	0	0	0	0	0	nan	0	0	0	0.001751	0.000020	0.001751	0.000020	0.431706	0.004931
31	U	7306	5181962	4389018	0.001665	452	314	5181815	0	0	0	nan	0	0	0	0	0	0	nan	0	0	0	0.001665	0.000019	0.001665	0.000019	0.410503	0.004684
32	U	24786	5184881	4484988	0.005526	452	314	5184718	0	0	0	nan	0	0	0	0	0	0	nan	0	0	0	0.005526	0.000035	0.005526	0.000035	1.362426	0.008629
33	G	3515	5214660	4576476	0.000768	452	314	5214481	0	0	0	nan	0	0	0	0	0	0	nan	0	0	0	0.000768	0.000013	0.000768	0.000013	nan	nan
34	A	18167	5232041	4970823	0.003655	452	314	5231874	0	0	0	nan	0	0	0	0	0	0	nan	0	0	0	0.003655	0.000027	0.003655	0.000027	0.344235	0.002543
35	A	18806	5237629	4941039	0.003806	452	314	5237460	0	0	0	nan	0	0	0	0	0	0	nan	0	0	0	0.003806	0.000028	0.003806	0.000028	0.358456	0.002637
36	U	3198	5238766	4907684	0.000652	452	314	5238584	0	0	0	nan	0	0	0	0	0	0	nan	0	0	0	0.000652	0.000012	0.000652	0.000012	0.160750	0.002959
37	A	147706	5240008	4692845	0.031475	452	314	5239813	0	0	0	nan	0	0	0	0	0	0	nan	0	0	0	0.031475	0.000082	0.031475	0.000082	2.964376	0.007723
38	G	5091	5240755	4574000	0.001113	456	314	5240560	0	0	0	nan	0	0	0	0	0	0	nan	0	0	0	0.001113	0.000016	0.001113	0.000016	nan	nan
39	U	7338	5241503	4508354	0.001628	456	314	5241299	0	0	0	nan	0	0	0	0	0	0	nan	0	0	0	0.001628	0.000019	0.001628	0.000019	0.401381	0.004684
40	G	6052	5242846	4541113	0.001333	456	314	5242634	0	0	0	nan	0	0	0	0	0	0	nan	0	0	0	0.001333	0.000017	0.001333	0.000017	nan	nan
41	A	37627	5248451	4526136	0.008313	456	314	5248234	0	0	0	nan	0	0	0	0	0	0	nan	0	0	0	0.008313	0.000043	0.008313	0.000043	0.782934	0.004050
42	U	17952	5250323	4462926	0.004022	456	314	5250110	0	0	0	nan	0	0	0	0	0	0	nan	0	0	0	0.004022	0.000030	0.004022	0.000030	0.991617	0.007396
43	U	8169	5254600	4465887	0.001829	458	314	5254381	0	0	0	nan	0	0	0	0	0	0	nan	0	0	0	0.001829	0.000020	0.001829	0.000020	0.450937	0.004931
44	C	7351	5265420	4522124	0.001626	458	314	5265194	0	0	0	nan	0	0	0	0	0	0	nan	0	0	0	0.001626	0.000019	0.001626	0.000019	0.202996	0.002372
45	A	11800	5274704	4587955	0.002572	454	314	5274458	0	0	0	nan	0	0	0	0	0	0	nan	0	0	0	0.002572	0.000024	0.002572	0.000024	0.242236	0.002260
46	G	3590	5280506	4446149	0.000807	450	314	5280266	0	0	0	nan	0	0	0	0	0	0	nan	0	0	0	0.000807	0.000013	0.000807	0.000013	nan	nan
47	G	7788	5291260	4504044	0.001729	449	314	5291020	0	0	0	nan	0	0	0	0	0	0	nan	0	0	0	0.001729	0.000020	0.001729	0.000020	nan	nan
48	A	10370	5304939	4322796	0.002399	449	314	5304708	0	0	0	nan	0	0	0	0	0	0	nan	0	0	0	0.002399	0.000024	0.002399	0.000024	0.225942	0.002260
49	G	40231	5307645	4337105	0.009276	447	314	5307417	0	0	0	nan	0	0	0	0	0	0	nan	0	0	0	0.009276	0.000046	0.009276	0.000046	nan	nan
50	G	3724	5317271	4143432	0.000899	447	314	5317055	0	0	0	nan	0	0	0	0	0	0	nan	0	0	0	0.000899	0.000015	0.000899	0.000015	nan	nan
51	U	17468	5323268	4307188	0.004056	447	314	5323088	0	0	0	nan	0	0	0	0	0	0	nan	0	0	0	0.004056	0.000031	0.004056	0.000031	1.000000	0.007643
52	U	8992	5338964	4352805	0.002066	447	314	5338834	0	0	0	nan	0	0	0	0	0	0	nan	0	0	0	0.002066	0.000022	0.002066	0.000022	0.509369	0.005424
53	A	11422	5351308	4740064	0.002410	445	314	5351193	0	0	0	nan	0	0	0	0	0	0	nan	0	0	0	0.002410	0.000023	0.002410	0.000023	0.226978	0.002166
54	A	15829	5362285	4775503	0.003315	445	314	5362225	0	0	0	nan	0	0	0	0	0	0	nan	0	0	0	0.003315	0.000026	0.003315	0.000026	0.312213	0.002449
55	U	11670	5363935	4538555	0.002571	445	314	5363891	0	0	0	nan	0	0	0	0	0	0	nan	0	0	0	0.002571	0.000024	0.002571	0.000024	0.633876	0.005917
56	G	6295	5366170	4285593	0.001469	444	314	5366133	0	0	0	nan	0	0	0	0	0	0	nan	0	0	0	0.001469	0.000019	0.001469	0.000019	nan	nan
57	G	0	5368375	4365989	0.000000	444	314	5368352	0	0	0	nan	0	0	0	0	0	0	nan	0	0	0	0.000000	0.000000	0.000000	0.000000	nan	nan
58	A	0	5372456	62	0.000000	440	314	5372456	0	0	0	nan	0	0	0	0	0	0	nan	0	0	0	0.000000	0.000000	nan	nan	nan	nan
59	A	0	5372387	63	0.000000	440	314	5372387	0	0	0	nan	0	0	0	0	0	0	nan	0	0	0	0.000000	0.000000	nan	nan	nan	nan
60	G	0	5372303	35	0.000000	438	314	5372303	0	0	0	nan	0	0	0	0	0	0	nan	0	0	0	0.000000	0.000000	nan	nan	nan	nan
61	u	0	5372240	0	nan	438	314	5372240	0	0	0	nan	0	0	0	0	0	0	nan	0	0	0	nan	nan	nan	nan	nan	nan
62	a	0	5372078	0	nan	435	314	5372078	0	0	0	nan	0	0	0	0	0	0	nan	0	0	0	nan	nan	nan	nan	nan	nan
63	a	0	5372010	0	nan	434	314	5372010	0	0	0	nan	0	0	0	0	0	0	nan	0	0	0	nan	nan	nan	nan	nan	nan
64	a	0	5371985	0	nan	433	314	5371985	0	0	0	nan	0	0	0	0	0	0	nan	0	0	0	nan	nan	nan	nan	nan	nan
65	g	0	5371951	0	nan	433	314	5371951	0	0	0	nan	0	0	0	0	0	0	nan	0	0	0	nan	nan	nan	nan	nan	nan
66	g	0	5371936	0	nan	433	313	5371936	0	0	0	nan	0	0	0	0	0	0	nan	0	0	0	nan	nan	nan	nan	nan	nan
67	u	0	5371915	0	nan	432	313	5371915	0	0	0	nan	0	0	0	0	0	0	nan	0	0	0	nan	nan	nan	nan	nan	nan
68	a	0	5371875	0	nan	432	313	5371875	0	0	0	nan	0	0	0	0	0	0	nan	0	0	0	nan	nan	nan	nan	nan	nan
69	a	0	5371862	0	nan	432	313	5371862	0	0	0	nan	0	0	0	0	0	0	nan	0	0	0	nan	nan	nan	nan	nan	nan
70	u	0	5371832	0	nan	431	311	5371832	0	0	0	nan	0	0	0	0	0	0	nan	0	0	0	nan	nan	nan	nan	nan	nan
71	g	0	5371722	0	nan	428	311	5371722	0	0	0	nan	0	0	0	0	0	0	nan	0	0	0	nan	nan	nan	nan	nan	nan
72	a	0	5371584	0	nan	419	311	5371584	0	0	0	nan	0	0	0	0	0	0	nan	0	0	0	nan	nan	nan	nan	nan	nan
73	a	0	5371554	0	nan	418	311	5371554	0	0	0	nan	0	0	0	0	0	0	nan	0	0	0	nan	nan	nan	nan	nan	nan
74	g	0	5371525	0	nan	418	306	5371525	0	0	0	nan	0	0	0	0	0	0	nan	0	0	0	nan	nan	nan	nan	nan	nan
75	g	0	5371491	0	nan	417	305	5371491	0	0	0	nan	0	0	0	0	0	0	nan	0	0	0	nan	nan	nan	nan	nan	nan
76	u	0	5371425	0	nan	416	305	5371425	0	0	0	nan	0	0	0	0	0	0	nan	0	0	0	nan	nan	nan	nan	nan	nan
77	g	0	5371367	0	nan	415	304	5371367	0	0	0	nan	0	0	0	0	0	0	nan	0	0	0	nan	nan	nan	nan	nan	nan
78	a	0	5371260	0	nan	400	302	5371260	0	0	0	nan	0	0	0	0	0	0	nan	0	0	0	nan	nan	nan	nan	nan	nan
79	a	0	5368442	0	nan	391	294	5368442	0	0	0	nan	0	0	0	0	0	0	nan	0	0	0	nan	nan	nan	nan	nan	nan
80	g	0	5366314	0	nan	389	285	5366314	0	0	0	nan	0	0	0	0	0	0	nan	0	0	0	nan	nan	nan	nan	nan	nan