Nucleotide	Sequence	Modified_mutations	Modified_read_depth	Modified_effective_depth	Modified_rate	Modified_off_target_mapped_depth	Modified_low_mapq_mapped_depth	Modified_primer_pair_1_mapped_depth	Untreated_mutations	Untreated_read_depth	Untreated_effective_depth	Untreated_rate	Untreated_off_target_mapped_depth	Untreated_low_mapq_mapped_depth	Untreated_primer_pair_1_mapped_depth	Denatured_mutations	Denatured_read_depth	Denatured_effective_depth	Denatured_rate	Denatured_off_target_mapped_depth	Denatured_low_mapq_mapped_depth	Denatured_primer_pair_1_mapped_depth	Reactivity_profile	Std_err	HQ_profile	HQ_stderr	Norm_profile	Norm_stderr
1	g	0	171606	0	nan	0	0	171606	0	0	0	nan	0	0	0	0	0	0	nan	0	0	0	nan	nan	nan	nan	nan	nan
2	g	0	171810	0	nan	0	0	171810	0	0	0	nan	0	0	0	0	0	0	nan	0	0	0	nan	nan	nan	nan	nan	nan
3	u	0	171902	0	nan	0	0	171902	0	0	0	nan	0	0	0	0	0	0	nan	0	0	0	nan	nan	nan	nan	nan	nan
4	g	0	171910	0	nan	0	0	171910	0	0	0	nan	0	0	0	0	0	0	nan	0	0	0	nan	nan	nan	nan	nan	nan
5	u	0	171914	0	nan	0	0	171914	0	0	0	nan	0	0	0	0	0	0	nan	0	0	0	nan	nan	nan	nan	nan	nan
6	a	0	171914	0	nan	0	0	171914	0	0	0	nan	0	0	0	0	0	0	nan	0	0	0	nan	nan	nan	nan	nan	nan
7	a	0	171914	0	nan	0	0	171914	0	0	0	nan	0	0	0	0	0	0	nan	0	0	0	nan	nan	nan	nan	nan	nan
8	g	0	171915	0	nan	0	0	171915	0	0	0	nan	0	0	0	0	0	0	nan	0	0	0	nan	nan	nan	nan	nan	nan
9	g	0	171928	0	nan	0	0	171928	0	0	0	nan	0	0	0	0	0	0	nan	0	0	0	nan	nan	nan	nan	nan	nan
10	g	0	172855	0	nan	0	0	172855	0	0	0	nan	0	0	0	0	0	0	nan	0	0	0	nan	nan	nan	nan	nan	nan
11	u	0	172866	0	nan	0	0	172866	0	0	0	nan	0	0	0	0	0	0	nan	0	0	0	nan	nan	nan	nan	nan	nan
12	g	0	172873	0	nan	0	0	172873	0	0	0	nan	0	0	0	0	0	0	nan	0	0	0	nan	nan	nan	nan	nan	nan
13	a	0	172875	0	nan	0	0	172875	0	0	0	nan	0	0	0	0	0	0	nan	0	0	0	nan	nan	nan	nan	nan	nan
14	a	0	172875	0	nan	0	0	172875	0	0	0	nan	0	0	0	0	0	0	nan	0	0	0	nan	nan	nan	nan	nan	nan
15	g	0	172875	0	nan	15	0	172875	0	0	0	nan	0	0	0	0	0	0	nan	0	0	0	nan	nan	nan	nan	nan	nan
16	u	0	172875	0	nan	15	0	172875	0	0	0	nan	0	0	0	0	0	0	nan	0	0	0	nan	nan	nan	nan	nan	nan
17	g	0	172875	0	nan	15	0	172875	0	0	0	nan	0	0	0	0	0	0	nan	0	0	0	nan	nan	nan	nan	nan	nan
18	u	0	172876	0	nan	15	0	172876	0	0	0	nan	0	0	0	0	0	0	nan	0	0	0	nan	nan	nan	nan	nan	nan
19	a	0	172880	0	nan	15	0	172880	0	0	0	nan	0	0	0	0	0	0	nan	0	0	0	nan	nan	nan	nan	nan	nan
20	A	0	172886	6	0.000000	15	0	172886	0	0	0	nan	0	0	0	0	0	0	nan	0	0	0	0.000000	0.000000	nan	nan	nan	nan
21	G	0	172892	11	0.000000	15	0	172892	0	0	0	nan	0	0	0	0	0	0	nan	0	0	0	0.000000	0.000000	nan	nan	nan	nan
22	G	0	172894	12	0.000000	15	0	172894	0	0	0	nan	0	0	0	0	0	0	nan	0	0	0	0.000000	0.000000	nan	nan	nan	nan
23	U	0	172897	172702	0.000000	15	0	172897	0	0	0	nan	0	0	0	0	0	0	nan	0	0	0	0.000000	0.000000	0.000000	0.000000	0.000000	0.000000
24	U	335	172902	172671	0.001940	15	0	172902	0	0	0	nan	0	0	0	0	0	0	nan	0	0	0	0.001940	0.000106	0.001940	0.000106	0.604173	0.033012
25	G	90	172902	172123	0.000523	15	0	172902	0	0	0	nan	0	0	0	0	0	0	nan	0	0	0	0.000523	0.000055	0.000523	0.000055	nan	nan
26	A	2046	172902	172416	0.011867	15	0	172902	0	0	0	nan	0	0	0	0	0	0	nan	0	0	0	0.011867	0.000262	0.011867	0.000262	0.909384	0.020077
27	A	1990	172903	172344	0.011547	15	0	172902	0	0	0	nan	0	0	0	0	0	0	nan	0	0	0	0.011547	0.000259	0.011547	0.000259	0.884861	0.019848
28	C	2766	172903	172063	0.016076	15	0	172902	0	0	0	nan	0	0	0	0	0	0	nan	0	0	0	0.016076	0.000306	0.016076	0.000306	0.926878	0.017643
29	U	306	172903	172309	0.001776	15	0	172902	0	0	0	nan	0	0	0	0	0	0	nan	0	0	0	0.001776	0.000102	0.001776	0.000102	0.553099	0.031766
30	U	395	172904	172442	0.002291	15	0	172903	0	0	0	nan	0	0	0	0	0	0	nan	0	0	0	0.002291	0.000115	0.002291	0.000115	0.713485	0.035814
31	U	564	172904	172512	0.003269	15	0	172899	0	0	0	nan	0	0	0	0	0	0	nan	0	0	0	0.003269	0.000138	0.003269	0.000138	1.018063	0.042977
32	U	356	172905	172462	0.002064	15	0	172881	0	0	0	nan	0	0	0	0	0	0	nan	0	0	0	0.002064	0.000109	0.002064	0.000109	0.642790	0.033946
33	G	153	172913	171858	0.000890	15	0	172875	0	0	0	nan	0	0	0	0	0	0	nan	0	0	0	0.000890	0.000072	0.000890	0.000072	nan	nan
34	A	2098	172917	172237	0.012181	15	0	172875	0	0	0	nan	0	0	0	0	0	0	nan	0	0	0	0.012181	0.000266	0.012181	0.000266	0.933446	0.020384
35	A	1887	172922	172165	0.010960	15	0	172877	0	0	0	nan	0	0	0	0	0	0	nan	0	0	0	0.010960	0.000252	0.010960	0.000252	0.839879	0.019311
36	U	298	172923	172116	0.001731	15	0	172881	0	0	0	nan	0	0	0	0	0	0	nan	0	0	0	0.001731	0.000100	0.001731	0.000100	0.539084	0.031143
37	A	2023	172924	172145	0.011752	15	0	172882	0	0	0	nan	0	0	0	0	0	0	nan	0	0	0	0.011752	0.000261	0.011752	0.000261	0.900571	0.020001
38	G	113	172946	171365	0.000659	15	0	172927	0	0	0	nan	0	0	0	0	0	0	nan	0	0	0	0.000659	0.000062	0.000659	0.000062	nan	nan
39	U	443	172946	172395	0.002570	15	0	172927	0	0	0	nan	0	0	0	0	0	0	nan	0	0	0	0.002570	0.000122	0.002570	0.000122	0.800374	0.037994
40	G	208	172952	171876	0.001210	15	0	172933	0	0	0	nan	0	0	0	0	0	0	nan	0	0	0	0.001210	0.000084	0.001210	0.000084	nan	nan
41	A	2428	172952	172225	0.014098	15	0	172934	0	0	0	nan	0	0	0	0	0	0	nan	0	0	0	0.014098	0.000286	0.014098	0.000286	1.080348	0.021917
42	U	553	172954	172208	0.003211	15	0	172942	0	0	0	nan	0	0	0	0	0	0	nan	0	0	0	0.003211	0.000137	0.003211	0.000137	1.000000	0.042666
43	U	517	172958	172264	0.003001	16	0	172947	0	0	0	nan	0	0	0	0	0	0	nan	0	0	0	0.003001	0.000132	0.003001	0.000132	0.934600	0.041109
44	C	3059	172969	172174	0.017767	16	0	172960	0	0	0	nan	0	0	0	0	0	0	nan	0	0	0	0.017767	0.000321	0.017767	0.000321	1.024374	0.018508
45	A	2411	172982	172247	0.013997	16	0	172974	0	0	0	nan	0	0	0	0	0	0	nan	0	0	0	0.013997	0.000285	0.013997	0.000285	1.072608	0.021840
46	G	178	172993	171668	0.001037	16	0	172988	0	0	0	nan	0	0	0	0	0	0	nan	0	0	0	0.001037	0.000078	0.001037	0.000078	nan	nan
47	G	168	172992	171749	0.000978	16	0	172986	0	0	0	nan	0	0	0	0	0	0	nan	0	0	0	0.000978	0.000075	0.000978	0.000075	nan	nan
48	A	2298	172992	172281	0.013339	16	0	172985	0	0	0	nan	0	0	0	0	0	0	nan	0	0	0	0.013339	0.000278	0.013339	0.000278	1.022185	0.021303
49	G	178	172992	171878	0.001036	16	0	172988	0	0	0	nan	0	0	0	0	0	0	nan	0	0	0	0.001036	0.000078	0.001036	0.000078	nan	nan
50	G	140	172995	171971	0.000814	16	0	172992	0	0	0	nan	0	0	0	0	0	0	nan	0	0	0	0.000814	0.000069	0.000814	0.000069	nan	nan
51	U	446	172999	172331	0.002588	16	0	172997	0	0	0	nan	0	0	0	0	0	0	nan	0	0	0	0.002588	0.000123	0.002588	0.000123	0.805979	0.038306
52	U	297	173000	172242	0.001724	16	0	172998	0	0	0	nan	0	0	0	0	0	0	nan	0	0	0	0.001724	0.000100	0.001724	0.000100	0.536904	0.031143
53	A	2037	172997	171875	0.011852	16	0	172995	0	0	0	nan	0	0	0	0	0	0	nan	0	0	0	0.011852	0.000263	0.011852	0.000263	0.908234	0.020154
54	A	1794	172878	171638	0.010452	16	0	172868	0	0	0	nan	0	0	0	0	0	0	nan	0	0	0	0.010452	0.000247	0.010452	0.000247	0.800950	0.018928
55	U	480	172878	171516	0.002799	16	0	172871	0	0	0	nan	0	0	0	0	0	0	nan	0	0	0	0.002799	0.000128	0.002799	0.000128	0.871691	0.039863
56	G	221	172885	171249	0.001291	16	0	172882	0	0	0	nan	0	0	0	0	0	0	nan	0	0	0	0.001291	0.000087	0.001291	0.000087	nan	nan
57	G	0	172907	171365	0.000000	16	0	172905	0	0	0	nan	0	0	0	0	0	0	nan	0	0	0	0.000000	0.000000	0.000000	0.000000	nan	nan
58	A	0	172915	0	nan	16	0	172915	0	0	0	nan	0	0	0	0	0	0	nan	0	0	0	nan	nan	nan	nan	nan	nan
59	A	0	172915	0	nan	16	0	172915	0	0	0	nan	0	0	0	0	0	0	nan	0	0	0	nan	nan	nan	nan	nan	nan
60	G	0	172915	0	nan	16	0	172915	0	0	0	nan	0	0	0	0	0	0	nan	0	0	0	nan	nan	nan	nan	nan	nan
61	u	0	172915	0	nan	16	0	172915	0	0	0	nan	0	0	0	0	0	0	nan	0	0	0	nan	nan	nan	nan	nan	nan
62	a	0	172915	0	nan	16	0	172915	0	0	0	nan	0	0	0	0	0	0	nan	0	0	0	nan	nan	nan	nan	nan	nan
63	a	0	172915	0	nan	16	0	172915	0	0	0	nan	0	0	0	0	0	0	nan	0	0	0	nan	nan	nan	nan	nan	nan
64	a	0	172915	0	nan	16	0	172915	0	0	0	nan	0	0	0	0	0	0	nan	0	0	0	nan	nan	nan	nan	nan	nan
65	g	0	172915	0	nan	16	0	172915	0	0	0	nan	0	0	0	0	0	0	nan	0	0	0	nan	nan	nan	nan	nan	nan
66	g	0	172915	0	nan	16	0	172915	0	0	0	nan	0	0	0	0	0	0	nan	0	0	0	nan	nan	nan	nan	nan	nan
67	u	0	172915	0	nan	16	0	172915	0	0	0	nan	0	0	0	0	0	0	nan	0	0	0	nan	nan	nan	nan	nan	nan
68	a	0	172915	0	nan	16	0	172915	0	0	0	nan	0	0	0	0	0	0	nan	0	0	0	nan	nan	nan	nan	nan	nan
69	a	0	172915	0	nan	16	0	172915	0	0	0	nan	0	0	0	0	0	0	nan	0	0	0	nan	nan	nan	nan	nan	nan
70	u	0	172915	0	nan	16	0	172915	0	0	0	nan	0	0	0	0	0	0	nan	0	0	0	nan	nan	nan	nan	nan	nan
71	g	0	172915	0	nan	16	0	172915	0	0	0	nan	0	0	0	0	0	0	nan	0	0	0	nan	nan	nan	nan	nan	nan
72	a	0	172915	0	nan	16	0	172915	0	0	0	nan	0	0	0	0	0	0	nan	0	0	0	nan	nan	nan	nan	nan	nan
73	a	0	172915	0	nan	16	0	172915	0	0	0	nan	0	0	0	0	0	0	nan	0	0	0	nan	nan	nan	nan	nan	nan
74	g	0	172914	0	nan	16	0	172914	0	0	0	nan	0	0	0	0	0	0	nan	0	0	0	nan	nan	nan	nan	nan	nan
75	g	0	172914	0	nan	16	0	172914	0	0	0	nan	0	0	0	0	0	0	nan	0	0	0	nan	nan	nan	nan	nan	nan
76	u	0	172893	0	nan	16	0	172893	0	0	0	nan	0	0	0	0	0	0	nan	0	0	0	nan	nan	nan	nan	nan	nan
77	g	0	172883	0	nan	16	0	172883	0	0	0	nan	0	0	0	0	0	0	nan	0	0	0	nan	nan	nan	nan	nan	nan
78	a	0	172881	0	nan	16	0	172881	0	0	0	nan	0	0	0	0	0	0	nan	0	0	0	nan	nan	nan	nan	nan	nan
79	a	0	172857	0	nan	16	0	172857	0	0	0	nan	0	0	0	0	0	0	nan	0	0	0	nan	nan	nan	nan	nan	nan
80	g	0	172782	0	nan	16	0	172782	0	0	0	nan	0	0	0	0	0	0	nan	0	0	0	nan	nan	nan	nan	nan	nan