Nucleotide	Sequence	Modified_mutations	Modified_read_depth	Modified_effective_depth	Modified_rate	Modified_off_target_mapped_depth	Modified_low_mapq_mapped_depth	Modified_primer_pair_1_mapped_depth	Untreated_mutations	Untreated_read_depth	Untreated_effective_depth	Untreated_rate	Untreated_off_target_mapped_depth	Untreated_low_mapq_mapped_depth	Untreated_primer_pair_1_mapped_depth	Denatured_mutations	Denatured_read_depth	Denatured_effective_depth	Denatured_rate	Denatured_off_target_mapped_depth	Denatured_low_mapq_mapped_depth	Denatured_primer_pair_1_mapped_depth	Reactivity_profile	Std_err	HQ_profile	HQ_stderr	Norm_profile	Norm_stderr
1	g	0	6537089	0	nan	148	5115	6537089	0	0	0	nan	0	0	0	0	0	0	nan	0	0	0	nan	nan	nan	nan	nan	nan
2	g	0	6604442	0	nan	149	5133	6604442	0	0	0	nan	0	0	0	0	0	0	nan	0	0	0	nan	nan	nan	nan	nan	nan
3	u	0	6613989	0	nan	149	5143	6613989	0	0	0	nan	0	0	0	0	0	0	nan	0	0	0	nan	nan	nan	nan	nan	nan
4	g	0	6620307	0	nan	149	5185	6620307	0	0	0	nan	0	0	0	0	0	0	nan	0	0	0	nan	nan	nan	nan	nan	nan
5	u	0	6630631	0	nan	149	5232	6630631	0	0	0	nan	0	0	0	0	0	0	nan	0	0	0	nan	nan	nan	nan	nan	nan
6	a	0	6635567	0	nan	149	5635	6635567	0	0	0	nan	0	0	0	0	0	0	nan	0	0	0	nan	nan	nan	nan	nan	nan
7	a	0	6636714	0	nan	149	5637	6636714	0	0	0	nan	0	0	0	0	0	0	nan	0	0	0	nan	nan	nan	nan	nan	nan
8	g	0	6637342	0	nan	149	5642	6637342	0	0	0	nan	0	0	0	0	0	0	nan	0	0	0	nan	nan	nan	nan	nan	nan
9	g	0	6638119	0	nan	149	5644	6638119	0	0	0	nan	0	0	0	0	0	0	nan	0	0	0	nan	nan	nan	nan	nan	nan
10	g	0	6639783	0	nan	149	5672	6639783	0	0	0	nan	0	0	0	0	0	0	nan	0	0	0	nan	nan	nan	nan	nan	nan
11	u	0	6643227	0	nan	149	5683	6643227	0	0	0	nan	0	0	0	0	0	0	nan	0	0	0	nan	nan	nan	nan	nan	nan
12	g	0	6658609	0	nan	194	6188	6658609	0	0	0	nan	0	0	0	0	0	0	nan	0	0	0	nan	nan	nan	nan	nan	nan
13	a	0	6672866	0	nan	199	6208	6672866	0	0	0	nan	0	0	0	0	0	0	nan	0	0	0	nan	nan	nan	nan	nan	nan
14	a	0	6680587	0	nan	215	6212	6680587	0	0	0	nan	0	0	0	0	0	0	nan	0	0	0	nan	nan	nan	nan	nan	nan
15	g	0	6684667	0	nan	487	6219	6684667	0	0	0	nan	0	0	0	0	0	0	nan	0	0	0	nan	nan	nan	nan	nan	nan
16	u	0	6689655	0	nan	487	6220	6689655	0	0	0	nan	0	0	0	0	0	0	nan	0	0	0	nan	nan	nan	nan	nan	nan
17	g	0	6691636	0	nan	487	6385	6691636	0	0	0	nan	0	0	0	0	0	0	nan	0	0	0	nan	nan	nan	nan	nan	nan
18	u	0	6693194	0	nan	487	6427	6693194	0	0	0	nan	0	0	0	0	0	0	nan	0	0	0	nan	nan	nan	nan	nan	nan
19	a	0	6694913	0	nan	509	7460	6694913	0	0	0	nan	0	0	0	0	0	0	nan	0	0	0	nan	nan	nan	nan	nan	nan
20	A	0	6696695	747	0.000000	509	7462	6696695	0	0	0	nan	0	0	0	0	0	0	nan	0	0	0	0.000000	0.000000	nan	nan	nan	nan
21	G	0	6697897	886	0.000000	509	7463	6697897	0	0	0	nan	0	0	0	0	0	0	nan	0	0	0	0.000000	0.000000	nan	nan	nan	nan
22	G	0	6698684	827	0.000000	509	7463	6698684	0	0	0	nan	0	0	0	0	0	0	nan	0	0	0	0.000000	0.000000	nan	nan	nan	nan
23	U	0	6700384	6072751	0.000000	509	7463	6700384	0	0	0	nan	0	0	0	0	0	0	nan	0	0	0	0.000000	0.000000	0.000000	0.000000	0.000000	0.000000
24	U	12555	6701512	6118628	0.002052	509	7463	6701512	0	0	0	nan	0	0	0	0	0	0	nan	0	0	0	0.002052	0.000018	0.002052	0.000018	0.637465	0.005592
25	G	7691	6706041	6073655	0.001266	509	7463	6706041	0	0	0	nan	0	0	0	0	0	0	nan	0	0	0	0.001266	0.000014	0.001266	0.000014	0.570913	0.006313
26	A	39483	6712531	6214010	0.006354	509	7463	6712488	0	0	0	nan	0	0	0	0	0	0	nan	0	0	0	0.006354	0.000032	0.006354	0.000032	0.577426	0.002908
27	C	11656	6715087	5992130	0.001945	509	7463	6714999	0	0	0	nan	0	0	0	0	0	0	nan	0	0	0	0.001945	0.000018	0.001945	0.000018	0.719970	0.006663
28	C	17717	6716297	5984440	0.002961	509	7463	6716189	0	0	0	nan	0	0	0	0	0	0	nan	0	0	0	0.002961	0.000022	0.002961	0.000022	1.096058	0.008144
29	U	21203	6719518	5950992	0.003563	509	7463	6719394	0	0	0	nan	0	0	0	0	0	0	nan	0	0	0	0.003563	0.000024	0.003563	0.000024	1.106865	0.007456
30	U	8423	6725250	6042389	0.001394	509	7463	6725111	0	0	0	nan	0	0	0	0	0	0	nan	0	0	0	0.001394	0.000015	0.001394	0.000015	0.433054	0.004660
31	U	9300	6731201	6058458	0.001535	509	7463	6731026	0	0	0	nan	0	0	0	0	0	0	nan	0	0	0	0.001535	0.000016	0.001535	0.000016	0.476856	0.004970
32	U	12167	6736773	6123019	0.001987	509	7464	6736569	0	0	0	nan	0	0	0	0	0	0	nan	0	0	0	0.001987	0.000018	0.001987	0.000018	0.617272	0.005592
33	G	2718	6771199	6200180	0.000438	510	7464	6770977	0	0	0	nan	0	0	0	0	0	0	nan	0	0	0	0.000438	0.000008	0.000438	0.000008	0.197520	0.003608
34	A	30956	6784644	6549936	0.004726	510	7464	6784425	0	0	0	nan	0	0	0	0	0	0	nan	0	0	0	0.004726	0.000027	0.004726	0.000027	0.429480	0.002454
35	A	34306	6788304	6508966	0.005271	510	7464	6788086	0	0	0	nan	0	0	0	0	0	0	nan	0	0	0	0.005271	0.000028	0.005271	0.000028	0.479008	0.002545
36	U	4291	6789519	6453047	0.000665	510	7464	6789294	0	0	0	nan	0	0	0	0	0	0	nan	0	0	0	0.000665	0.000010	0.000665	0.000010	0.206586	0.003107
37	A	363254	6790167	6139497	0.059167	510	7464	6789915	0	0	0	nan	0	0	0	0	0	0	nan	0	0	0	0.059167	0.000098	0.059167	0.000098	5.376863	0.008906
38	G	14211	6790976	6068382	0.002342	518	7464	6790728	0	0	0	nan	0	0	0	0	0	0	nan	0	0	0	0.002342	0.000020	0.002342	0.000020	1.056144	0.009019
39	U	11297	6791892	6122683	0.001845	519	7464	6791635	0	0	0	nan	0	0	0	0	0	0	nan	0	0	0	0.001845	0.000017	0.001845	0.000017	0.573159	0.005281
40	G	11655	6792869	6321738	0.001844	525	7464	6792590	0	0	0	nan	0	0	0	0	0	0	nan	0	0	0	0.001844	0.000017	0.001844	0.000017	0.831567	0.007666
41	A	81085	6797310	6316230	0.012838	525	7464	6797016	0	0	0	nan	0	0	0	0	0	0	nan	0	0	0	0.012838	0.000045	0.012838	0.000045	1.166667	0.004089
42	U	16444	6798412	6286404	0.002616	527	7464	6798132	0	0	0	nan	0	0	0	0	0	0	nan	0	0	0	0.002616	0.000020	0.002616	0.000020	0.812675	0.006213
43	U	8370	6800979	6233741	0.001343	533	7464	6800686	0	0	0	nan	0	0	0	0	0	0	nan	0	0	0	0.001343	0.000015	0.001343	0.000015	0.417210	0.004660
44	C	15240	6804983	6239768	0.002442	534	7464	6804671	0	0	0	nan	0	0	0	0	0	0	nan	0	0	0	0.002442	0.000020	0.002442	0.000020	0.903942	0.007403
45	A	30868	6807807	6253181	0.004936	532	7464	6807474	0	0	0	nan	0	0	0	0	0	0	nan	0	0	0	0.004936	0.000028	0.004936	0.000028	0.448564	0.002545
46	G	4495	6810105	6117285	0.000735	532	7464	6809777	0	0	0	nan	0	0	0	0	0	0	nan	0	0	0	0.000735	0.000011	0.000735	0.000011	0.331454	0.004961
47	G	10507	6814792	6178294	0.001701	532	7464	6814481	0	0	0	nan	0	0	0	0	0	0	nan	0	0	0	0.001701	0.000017	0.001701	0.000017	0.767080	0.007666
48	A	13998	6822744	6082045	0.002302	536	7464	6822415	0	0	0	nan	0	0	0	0	0	0	nan	0	0	0	0.002302	0.000019	0.002302	0.000019	0.209197	0.001727
49	G	18321	6824379	6154794	0.002977	534	7464	6824075	0	0	0	nan	0	0	0	0	0	0	nan	0	0	0	0.002977	0.000022	0.002977	0.000022	1.342503	0.009921
50	G	4119	6835197	5988259	0.000688	547	7464	6834940	0	0	0	nan	0	0	0	0	0	0	nan	0	0	0	0.000688	0.000011	0.000688	0.000011	0.310259	0.004961
51	U	19707	6839142	6122923	0.003219	547	7464	6838922	0	0	0	nan	0	0	0	0	0	0	nan	0	0	0	0.003219	0.000023	0.003219	0.000023	1.000000	0.007145
52	U	16748	6846289	6115237	0.002739	556	7464	6846120	0	0	0	nan	0	0	0	0	0	0	nan	0	0	0	0.002739	0.000021	0.002739	0.000021	0.850885	0.006524
53	A	49554	6851369	6357575	0.007794	556	7464	6851206	0	0	0	nan	0	0	0	0	0	0	nan	0	0	0	0.007794	0.000035	0.007794	0.000035	0.708288	0.003181
54	A	71601	6854872	6506828	0.011004	558	7464	6854735	0	0	0	nan	0	0	0	0	0	0	nan	0	0	0	0.011004	0.000041	0.011004	0.000041	1.000000	0.003726
55	U	11219	6855996	6441256	0.001742	558	7464	6855894	0	0	0	nan	0	0	0	0	0	0	nan	0	0	0	0.001742	0.000016	0.001742	0.000016	0.541162	0.004970
56	G	8551	6857082	6243778	0.001370	558	7464	6857002	0	0	0	nan	0	0	0	0	0	0	nan	0	0	0	0.001370	0.000015	0.001370	0.000015	0.617813	0.006764
57	G	0	6858197	6270233	0.000000	557	7464	6858153	0	0	0	nan	0	0	0	0	0	0	nan	0	0	0	0.000000	0.000000	0.000000	0.000000	0.000000	0.000000
58	A	0	6860361	48	0.000000	557	7464	6860361	0	0	0	nan	0	0	0	0	0	0	nan	0	0	0	0.000000	0.000000	nan	nan	nan	nan
59	A	0	6860313	48	0.000000	556	7464	6860313	0	0	0	nan	0	0	0	0	0	0	nan	0	0	0	0.000000	0.000000	nan	nan	nan	nan
60	G	0	6860259	24	0.000000	554	7464	6860259	0	0	0	nan	0	0	0	0	0	0	nan	0	0	0	0.000000	0.000000	nan	nan	nan	nan
61	u	0	6860223	0	nan	554	7464	6860223	0	0	0	nan	0	0	0	0	0	0	nan	0	0	0	nan	nan	nan	nan	nan	nan
62	a	0	6860113	0	nan	549	7457	6860113	0	0	0	nan	0	0	0	0	0	0	nan	0	0	0	nan	nan	nan	nan	nan	nan
63	a	0	6860056	0	nan	543	7451	6860056	0	0	0	nan	0	0	0	0	0	0	nan	0	0	0	nan	nan	nan	nan	nan	nan
64	a	0	6860027	0	nan	533	7441	6860027	0	0	0	nan	0	0	0	0	0	0	nan	0	0	0	nan	nan	nan	nan	nan	nan
65	g	0	6860005	0	nan	477	5281	6860005	0	0	0	nan	0	0	0	0	0	0	nan	0	0	0	nan	nan	nan	nan	nan	nan
66	g	0	6859990	0	nan	439	5122	6859990	0	0	0	nan	0	0	0	0	0	0	nan	0	0	0	nan	nan	nan	nan	nan	nan
67	u	0	6859954	0	nan	418	5109	6859954	0	0	0	nan	0	0	0	0	0	0	nan	0	0	0	nan	nan	nan	nan	nan	nan
68	a	0	6859924	0	nan	403	4456	6859924	0	0	0	nan	0	0	0	0	0	0	nan	0	0	0	nan	nan	nan	nan	nan	nan
69	a	0	6859895	0	nan	402	4430	6859895	0	0	0	nan	0	0	0	0	0	0	nan	0	0	0	nan	nan	nan	nan	nan	nan
70	u	0	6859881	0	nan	399	4336	6859881	0	0	0	nan	0	0	0	0	0	0	nan	0	0	0	nan	nan	nan	nan	nan	nan
71	g	0	6859829	0	nan	399	4313	6859829	0	0	0	nan	0	0	0	0	0	0	nan	0	0	0	nan	nan	nan	nan	nan	nan
72	a	0	6859781	0	nan	397	4305	6859781	0	0	0	nan	0	0	0	0	0	0	nan	0	0	0	nan	nan	nan	nan	nan	nan
73	a	0	6859740	0	nan	397	4301	6859740	0	0	0	nan	0	0	0	0	0	0	nan	0	0	0	nan	nan	nan	nan	nan	nan
74	g	0	6859728	0	nan	397	4289	6859728	0	0	0	nan	0	0	0	0	0	0	nan	0	0	0	nan	nan	nan	nan	nan	nan
75	g	0	6859690	0	nan	396	4283	6859690	0	0	0	nan	0	0	0	0	0	0	nan	0	0	0	nan	nan	nan	nan	nan	nan
76	u	0	6859594	0	nan	396	4269	6859594	0	0	0	nan	0	0	0	0	0	0	nan	0	0	0	nan	nan	nan	nan	nan	nan
77	g	0	6859494	0	nan	396	4177	6859494	0	0	0	nan	0	0	0	0	0	0	nan	0	0	0	nan	nan	nan	nan	nan	nan
78	a	0	6859415	0	nan	395	4173	6859415	0	0	0	nan	0	0	0	0	0	0	nan	0	0	0	nan	nan	nan	nan	nan	nan
79	a	0	6854535	0	nan	391	4154	6854535	0	0	0	nan	0	0	0	0	0	0	nan	0	0	0	nan	nan	nan	nan	nan	nan
80	g	0	6852111	0	nan	391	4079	6852111	0	0	0	nan	0	0	0	0	0	0	nan	0	0	0	nan	nan	nan	nan	nan	nan