Nucleotide	Sequence	Modified_mutations	Modified_read_depth	Modified_effective_depth	Modified_rate	Modified_off_target_mapped_depth	Modified_low_mapq_mapped_depth	Modified_primer_pair_1_mapped_depth	Untreated_mutations	Untreated_read_depth	Untreated_effective_depth	Untreated_rate	Untreated_off_target_mapped_depth	Untreated_low_mapq_mapped_depth	Untreated_primer_pair_1_mapped_depth	Denatured_mutations	Denatured_read_depth	Denatured_effective_depth	Denatured_rate	Denatured_off_target_mapped_depth	Denatured_low_mapq_mapped_depth	Denatured_primer_pair_1_mapped_depth	Reactivity_profile	Std_err	HQ_profile	HQ_stderr	Norm_profile	Norm_stderr
1	g	0	63349	0	nan	2	0	63349	0	0	0	nan	0	0	0	0	0	0	nan	0	0	0	nan	nan	nan	nan	nan	nan
2	g	0	63399	0	nan	2	0	63399	0	0	0	nan	0	0	0	0	0	0	nan	0	0	0	nan	nan	nan	nan	nan	nan
3	u	0	63436	0	nan	2	0	63436	0	0	0	nan	0	0	0	0	0	0	nan	0	0	0	nan	nan	nan	nan	nan	nan
4	g	0	63467	0	nan	2	0	63467	0	0	0	nan	0	0	0	0	0	0	nan	0	0	0	nan	nan	nan	nan	nan	nan
5	u	0	63488	0	nan	2	0	63488	0	0	0	nan	0	0	0	0	0	0	nan	0	0	0	nan	nan	nan	nan	nan	nan
6	a	0	63530	0	nan	2	0	63530	0	0	0	nan	0	0	0	0	0	0	nan	0	0	0	nan	nan	nan	nan	nan	nan
7	a	0	63633	0	nan	2	0	63633	0	0	0	nan	0	0	0	0	0	0	nan	0	0	0	nan	nan	nan	nan	nan	nan
8	g	0	63948	0	nan	2	0	63948	0	0	0	nan	0	0	0	0	0	0	nan	0	0	0	nan	nan	nan	nan	nan	nan
9	g	0	67285	0	nan	2	0	67285	0	0	0	nan	0	0	0	0	0	0	nan	0	0	0	nan	nan	nan	nan	nan	nan
10	g	0	257589	0	nan	2	0	257589	0	0	0	nan	0	0	0	0	0	0	nan	0	0	0	nan	nan	nan	nan	nan	nan
11	u	0	272812	0	nan	2	0	272812	0	0	0	nan	0	0	0	0	0	0	nan	0	0	0	nan	nan	nan	nan	nan	nan
12	g	0	273583	0	nan	2	0	273583	0	0	0	nan	0	0	0	0	0	0	nan	0	0	0	nan	nan	nan	nan	nan	nan
13	a	0	273654	0	nan	2	0	273654	0	0	0	nan	0	0	0	0	0	0	nan	0	0	0	nan	nan	nan	nan	nan	nan
14	a	0	273688	0	nan	2	0	273688	0	0	0	nan	0	0	0	0	0	0	nan	0	0	0	nan	nan	nan	nan	nan	nan
15	g	0	273724	0	nan	10	0	273724	0	0	0	nan	0	0	0	0	0	0	nan	0	0	0	nan	nan	nan	nan	nan	nan
16	u	0	273738	0	nan	10	0	273738	0	0	0	nan	0	0	0	0	0	0	nan	0	0	0	nan	nan	nan	nan	nan	nan
17	g	0	273768	0	nan	10	0	273768	0	0	0	nan	0	0	0	0	0	0	nan	0	0	0	nan	nan	nan	nan	nan	nan
18	u	0	273773	0	nan	10	0	273773	0	0	0	nan	0	0	0	0	0	0	nan	0	0	0	nan	nan	nan	nan	nan	nan
19	a	0	273883	0	nan	10	0	273883	0	0	0	nan	0	0	0	0	0	0	nan	0	0	0	nan	nan	nan	nan	nan	nan
20	A	0	273953	30	0.000000	10	0	273953	0	0	0	nan	0	0	0	0	0	0	nan	0	0	0	0.000000	0.000000	nan	nan	nan	nan
21	G	0	274044	59	0.000000	10	0	274044	0	0	0	nan	0	0	0	0	0	0	nan	0	0	0	0.000000	0.000000	nan	nan	nan	nan
22	G	0	274079	66	0.000000	10	0	274079	0	0	0	nan	0	0	0	0	0	0	nan	0	0	0	0.000000	0.000000	nan	nan	nan	nan
23	U	0	274104	270175	0.000000	10	0	274104	0	0	0	nan	0	0	0	0	0	0	nan	0	0	0	0.000000	0.000000	0.000000	0.000000	0.000000	0.000000
24	U	1385	274107	269739	0.005135	10	0	274107	0	0	0	nan	0	0	0	0	0	0	nan	0	0	0	0.005135	0.000138	0.005135	0.000138	0.838094	0.022523
25	G	2972	274118	266728	0.011142	10	0	274118	0	0	0	nan	0	0	0	0	0	0	nan	0	0	0	0.011142	0.000204	0.011142	0.000204	0.866407	0.015863
26	A	9325	274116	260960	0.035733	10	0	274052	0	0	0	nan	0	0	0	0	0	0	nan	0	0	0	0.035733	0.000370	0.035733	0.000370	0.955683	0.009896
27	C	21845	274127	258891	0.084379	10	0	274055	0	0	0	nan	0	0	0	0	0	0	nan	0	0	0	0.084379	0.000571	0.084379	0.000571	1.234920	0.008357
28	C	9559	274151	261069	0.036615	10	0	274084	0	0	0	nan	0	0	0	0	0	0	nan	0	0	0	0.036615	0.000374	0.036615	0.000374	0.535875	0.005474
29	U	445	274300	265789	0.001674	10	0	274242	0	0	0	nan	0	0	0	0	0	0	nan	0	0	0	0.001674	0.000079	0.001674	0.000079	0.273217	0.012894
30	U	683	274337	267195	0.002556	10	0	274283	0	0	0	nan	0	0	0	0	0	0	nan	0	0	0	0.002556	0.000098	0.002556	0.000098	0.417170	0.015995
31	U	1141	274372	267943	0.004258	10	0	274321	0	0	0	nan	0	0	0	0	0	0	nan	0	0	0	0.004258	0.000126	0.004258	0.000126	0.694957	0.020565
32	U	834	274433	268573	0.003105	10	0	274385	0	0	0	nan	0	0	0	0	0	0	nan	0	0	0	0.003105	0.000108	0.003105	0.000108	0.506773	0.017627
33	G	5624	274470	265071	0.021217	10	0	274423	0	0	0	nan	0	0	0	0	0	0	nan	0	0	0	0.021217	0.000283	0.021217	0.000283	1.649844	0.022006
34	A	9921	274507	265339	0.037390	10	0	274459	0	0	0	nan	0	0	0	0	0	0	nan	0	0	0	0.037390	0.000375	0.037390	0.000375	1.000000	0.010029
35	A	7956	274529	264589	0.030069	10	0	274481	0	0	0	nan	0	0	0	0	0	0	nan	0	0	0	0.030069	0.000337	0.030069	0.000337	0.804199	0.009013
36	U	726	274544	264032	0.002750	9	0	274497	0	0	0	nan	0	0	0	0	0	0	nan	0	0	0	0.002750	0.000102	0.002750	0.000102	0.448833	0.016648
37	A	9023	274557	265337	0.034006	9	0	274512	0	0	0	nan	0	0	0	0	0	0	nan	0	0	0	0.034006	0.000358	0.034006	0.000358	0.909495	0.009575
38	G	1426	274606	263433	0.005413	9	0	274568	0	0	0	nan	0	0	0	0	0	0	nan	0	0	0	0.005413	0.000143	0.005413	0.000143	0.420918	0.011120
39	U	1539	274628	267803	0.005747	9	0	274594	0	0	0	nan	0	0	0	0	0	0	nan	0	0	0	0.005747	0.000146	0.005747	0.000146	0.937979	0.023829
40	G	3210	274671	264596	0.012132	9	0	274640	0	0	0	nan	0	0	0	0	0	0	nan	0	0	0	0.012132	0.000214	0.012132	0.000214	0.943390	0.016641
41	A	10433	274703	265824	0.039248	9	0	274671	0	0	0	nan	0	0	0	0	0	0	nan	0	0	0	0.039248	0.000384	0.039248	0.000384	1.049692	0.010270
42	U	1090	274759	265054	0.004112	9	0	274735	0	0	0	nan	0	0	0	0	0	0	nan	0	0	0	0.004112	0.000125	0.004112	0.000125	0.671128	0.020402
43	U	1216	274790	264846	0.004591	9	1	274768	0	0	0	nan	0	0	0	0	0	0	nan	0	0	0	0.004591	0.000132	0.004591	0.000132	0.749306	0.021544
44	C	13697	274817	262015	0.052276	9	1	274795	0	0	0	nan	0	0	0	0	0	0	nan	0	0	0	0.052276	0.000447	0.052276	0.000447	0.765080	0.006542
45	A	10410	274869	262344	0.039681	9	1	274848	0	0	0	nan	0	0	0	0	0	0	nan	0	0	0	0.039681	0.000389	0.039681	0.000389	1.061273	0.010404
46	G	3248	274921	263034	0.012348	9	1	274907	0	0	0	nan	0	0	0	0	0	0	nan	0	0	0	0.012348	0.000217	0.012348	0.000217	0.960187	0.016874
47	G	2984	274941	263220	0.011337	9	1	274928	0	0	0	nan	0	0	0	0	0	0	nan	0	0	0	0.011337	0.000208	0.011337	0.000208	0.881571	0.016174
48	A	9133	274953	264364	0.034547	9	1	274942	0	0	0	nan	0	0	0	0	0	0	nan	0	0	0	0.034547	0.000361	0.034547	0.000361	0.923964	0.009655
49	G	8757	275040	262841	0.033317	9	1	275034	0	0	0	nan	0	0	0	0	0	0	nan	0	0	0	0.033317	0.000356	0.033317	0.000356	2.590747	0.027683
50	G	2067	275071	265381	0.007789	9	1	275068	0	0	0	nan	0	0	0	0	0	0	nan	0	0	0	0.007789	0.000171	0.007789	0.000171	0.605677	0.013297
51	U	572	275080	267281	0.002140	9	1	275078	0	0	0	nan	0	0	0	0	0	0	nan	0	0	0	0.002140	0.000089	0.002140	0.000089	0.349274	0.014526
52	U	1632	275086	266373	0.006127	9	1	275086	0	0	0	nan	0	0	0	0	0	0	nan	0	0	0	0.006127	0.000152	0.006127	0.000152	1.000000	0.024808
53	A	8925	275087	267263	0.033394	9	1	275087	0	0	0	nan	0	0	0	0	0	0	nan	0	0	0	0.033394	0.000353	0.033394	0.000353	0.893127	0.009441
54	A	7198	275084	268402	0.026818	9	1	275083	0	0	0	nan	0	0	0	0	0	0	nan	0	0	0	0.026818	0.000316	0.026818	0.000316	0.717251	0.008451
55	U	3484	275089	269615	0.012922	9	1	275088	0	0	0	nan	0	0	0	0	0	0	nan	0	0	0	0.012922	0.000219	0.012922	0.000219	2.109026	0.035743
56	G	3469	275093	269759	0.012860	9	1	275092	0	0	0	nan	0	0	0	0	0	0	nan	0	0	0	0.012860	0.000218	0.012860	0.000218	1.000000	0.016952
57	G	0	275097	269213	0.000000	9	1	275097	0	0	0	nan	0	0	0	0	0	0	nan	0	0	0	0.000000	0.000000	0.000000	0.000000	0.000000	0.000000
58	A	0	275099	0	nan	9	1	275099	0	0	0	nan	0	0	0	0	0	0	nan	0	0	0	nan	nan	nan	nan	nan	nan
59	A	0	275099	0	nan	9	1	275099	0	0	0	nan	0	0	0	0	0	0	nan	0	0	0	nan	nan	nan	nan	nan	nan
60	G	0	275099	0	nan	9	1	275099	0	0	0	nan	0	0	0	0	0	0	nan	0	0	0	nan	nan	nan	nan	nan	nan
61	u	0	275099	0	nan	9	1	275099	0	0	0	nan	0	0	0	0	0	0	nan	0	0	0	nan	nan	nan	nan	nan	nan
62	a	0	275099	0	nan	9	1	275099	0	0	0	nan	0	0	0	0	0	0	nan	0	0	0	nan	nan	nan	nan	nan	nan
63	a	0	275099	0	nan	9	1	275099	0	0	0	nan	0	0	0	0	0	0	nan	0	0	0	nan	nan	nan	nan	nan	nan
64	a	0	275099	0	nan	9	1	275099	0	0	0	nan	0	0	0	0	0	0	nan	0	0	0	nan	nan	nan	nan	nan	nan
65	g	0	275099	0	nan	9	1	275099	0	0	0	nan	0	0	0	0	0	0	nan	0	0	0	nan	nan	nan	nan	nan	nan
66	g	0	275099	0	nan	9	1	275099	0	0	0	nan	0	0	0	0	0	0	nan	0	0	0	nan	nan	nan	nan	nan	nan
67	u	0	275099	0	nan	7	1	275099	0	0	0	nan	0	0	0	0	0	0	nan	0	0	0	nan	nan	nan	nan	nan	nan
68	a	0	275099	0	nan	7	1	275099	0	0	0	nan	0	0	0	0	0	0	nan	0	0	0	nan	nan	nan	nan	nan	nan
69	a	0	275099	0	nan	7	1	275099	0	0	0	nan	0	0	0	0	0	0	nan	0	0	0	nan	nan	nan	nan	nan	nan
70	u	0	275099	0	nan	7	1	275099	0	0	0	nan	0	0	0	0	0	0	nan	0	0	0	nan	nan	nan	nan	nan	nan
71	g	0	275099	0	nan	7	1	275099	0	0	0	nan	0	0	0	0	0	0	nan	0	0	0	nan	nan	nan	nan	nan	nan
72	a	0	275099	0	nan	7	1	275099	0	0	0	nan	0	0	0	0	0	0	nan	0	0	0	nan	nan	nan	nan	nan	nan
73	a	0	275099	0	nan	7	1	275099	0	0	0	nan	0	0	0	0	0	0	nan	0	0	0	nan	nan	nan	nan	nan	nan
74	g	0	275098	0	nan	7	1	275098	0	0	0	nan	0	0	0	0	0	0	nan	0	0	0	nan	nan	nan	nan	nan	nan
75	g	0	275094	0	nan	7	1	275094	0	0	0	nan	0	0	0	0	0	0	nan	0	0	0	nan	nan	nan	nan	nan	nan
76	u	0	275091	0	nan	7	1	275091	0	0	0	nan	0	0	0	0	0	0	nan	0	0	0	nan	nan	nan	nan	nan	nan
77	g	0	275087	0	nan	7	1	275087	0	0	0	nan	0	0	0	0	0	0	nan	0	0	0	nan	nan	nan	nan	nan	nan
78	a	0	275082	0	nan	7	1	275082	0	0	0	nan	0	0	0	0	0	0	nan	0	0	0	nan	nan	nan	nan	nan	nan
79	a	0	275036	0	nan	7	1	275036	0	0	0	nan	0	0	0	0	0	0	nan	0	0	0	nan	nan	nan	nan	nan	nan
80	g	0	274914	0	nan	7	1	274914	0	0	0	nan	0	0	0	0	0	0	nan	0	0	0	nan	nan	nan	nan	nan	nan