Nucleotide	Sequence	Modified_mutations	Modified_read_depth	Modified_effective_depth	Modified_rate	Modified_off_target_mapped_depth	Modified_low_mapq_mapped_depth	Modified_primer_pair_1_mapped_depth	Untreated_mutations	Untreated_read_depth	Untreated_effective_depth	Untreated_rate	Untreated_off_target_mapped_depth	Untreated_low_mapq_mapped_depth	Untreated_primer_pair_1_mapped_depth	Denatured_mutations	Denatured_read_depth	Denatured_effective_depth	Denatured_rate	Denatured_off_target_mapped_depth	Denatured_low_mapq_mapped_depth	Denatured_primer_pair_1_mapped_depth	Reactivity_profile	Std_err	HQ_profile	HQ_stderr	Norm_profile	Norm_stderr
1	g	0	352505	0	nan	0	4	352505	0	0	0	nan	0	0	0	0	0	0	nan	0	0	0	nan	nan	nan	nan	nan	nan
2	g	0	352754	0	nan	0	4	352754	0	0	0	nan	0	0	0	0	0	0	nan	0	0	0	nan	nan	nan	nan	nan	nan
3	u	0	352871	0	nan	0	4	352871	0	0	0	nan	0	0	0	0	0	0	nan	0	0	0	nan	nan	nan	nan	nan	nan
4	g	0	352899	0	nan	0	4	352899	0	0	0	nan	0	0	0	0	0	0	nan	0	0	0	nan	nan	nan	nan	nan	nan
5	u	0	352931	0	nan	0	4	352931	0	0	0	nan	0	0	0	0	0	0	nan	0	0	0	nan	nan	nan	nan	nan	nan
6	a	0	352944	0	nan	0	4	352944	0	0	0	nan	0	0	0	0	0	0	nan	0	0	0	nan	nan	nan	nan	nan	nan
7	a	0	352949	0	nan	0	4	352949	0	0	0	nan	0	0	0	0	0	0	nan	0	0	0	nan	nan	nan	nan	nan	nan
8	g	0	353003	0	nan	0	4	353003	0	0	0	nan	0	0	0	0	0	0	nan	0	0	0	nan	nan	nan	nan	nan	nan
9	g	0	353545	0	nan	0	4	353545	0	0	0	nan	0	0	0	0	0	0	nan	0	0	0	nan	nan	nan	nan	nan	nan
10	g	0	421810	0	nan	0	4	421810	0	0	0	nan	0	0	0	0	0	0	nan	0	0	0	nan	nan	nan	nan	nan	nan
11	u	0	422808	0	nan	0	4	422808	0	0	0	nan	0	0	0	0	0	0	nan	0	0	0	nan	nan	nan	nan	nan	nan
12	g	0	423511	0	nan	0	4	423511	0	0	0	nan	0	0	0	0	0	0	nan	0	0	0	nan	nan	nan	nan	nan	nan
13	a	0	423535	0	nan	0	4	423535	0	0	0	nan	0	0	0	0	0	0	nan	0	0	0	nan	nan	nan	nan	nan	nan
14	a	0	423540	0	nan	0	4	423540	0	0	0	nan	0	0	0	0	0	0	nan	0	0	0	nan	nan	nan	nan	nan	nan
15	g	0	423540	0	nan	0	4	423540	0	0	0	nan	0	0	0	0	0	0	nan	0	0	0	nan	nan	nan	nan	nan	nan
16	u	0	423560	0	nan	0	4	423560	0	0	0	nan	0	0	0	0	0	0	nan	0	0	0	nan	nan	nan	nan	nan	nan
17	g	0	423586	0	nan	0	4	423586	0	0	0	nan	0	0	0	0	0	0	nan	0	0	0	nan	nan	nan	nan	nan	nan
18	u	0	423663	0	nan	0	4	423663	0	0	0	nan	0	0	0	0	0	0	nan	0	0	0	nan	nan	nan	nan	nan	nan
19	a	0	423763	0	nan	0	4	423763	0	0	0	nan	0	0	0	0	0	0	nan	0	0	0	nan	nan	nan	nan	nan	nan
20	A	0	424000	224	0.000000	0	4	424000	0	0	0	nan	0	0	0	0	0	0	nan	0	0	0	0.000000	0.000000	nan	nan	nan	nan
21	G	0	424255	465	0.000000	1	4	424255	0	0	0	nan	0	0	0	0	0	0	nan	0	0	0	0.000000	0.000000	nan	nan	nan	nan
22	G	0	424445	644	0.000000	2	4	424445	0	0	0	nan	0	0	0	0	0	0	nan	0	0	0	0.000000	0.000000	nan	nan	nan	nan
23	U	0	424493	423385	0.000000	3	4	424493	0	0	0	nan	0	0	0	0	0	0	nan	0	0	0	0.000000	0.000000	0.000000	0.000000	nan	nan
24	U	586	424496	423188	0.001385	3	4	424496	0	0	0	nan	0	0	0	0	0	0	nan	0	0	0	0.001385	0.000057	0.001385	0.000057	nan	nan
25	G	504	424498	422182	0.001194	3	4	424498	0	0	0	nan	0	0	0	0	0	0	nan	0	0	0	0.001194	0.000053	0.001194	0.000053	nan	nan
26	A	4582	424499	415336	0.011032	3	4	424499	0	0	0	nan	0	0	0	0	0	0	nan	0	0	0	0.011032	0.000163	0.011032	0.000163	0.594781	0.008788
27	C	6993	424499	414909	0.016854	3	4	424499	0	0	0	nan	0	0	0	0	0	0	nan	0	0	0	0.016854	0.000202	0.016854	0.000202	1.275803	0.015291
28	C	2128	424505	414961	0.005128	3	4	424505	0	0	0	nan	0	0	0	0	0	0	nan	0	0	0	0.005128	0.000111	0.005128	0.000111	0.388176	0.008402
29	U	391	424521	421618	0.000927	3	4	424521	0	0	0	nan	0	0	0	0	0	0	nan	0	0	0	0.000927	0.000047	0.000927	0.000047	nan	nan
30	U	574	424534	422233	0.001359	3	4	424534	0	0	0	nan	0	0	0	0	0	0	nan	0	0	0	0.001359	0.000057	0.001359	0.000057	nan	nan
31	U	703	424557	422821	0.001663	3	4	424557	0	0	0	nan	0	0	0	0	0	0	nan	0	0	0	0.001663	0.000063	0.001663	0.000063	nan	nan
32	U	574	424632	423268	0.001356	3	4	424632	0	0	0	nan	0	0	0	0	0	0	nan	0	0	0	0.001356	0.000057	0.001356	0.000057	nan	nan
33	G	250	424730	421566	0.000593	3	4	424729	0	0	0	nan	0	0	0	0	0	0	nan	0	0	0	0.000593	0.000038	0.000593	0.000038	nan	nan
34	A	4558	424777	422763	0.010781	3	4	424776	0	0	0	nan	0	0	0	0	0	0	nan	0	0	0	0.010781	0.000160	0.010781	0.000160	0.581249	0.008626
35	A	4221	424784	422452	0.009992	3	4	424783	0	0	0	nan	0	0	0	0	0	0	nan	0	0	0	0.009992	0.000154	0.009992	0.000154	0.538710	0.008303
36	U	410	424785	421521	0.000973	3	4	424784	0	0	0	nan	0	0	0	0	0	0	nan	0	0	0	0.000973	0.000048	0.000973	0.000048	nan	nan
37	A	18668	424787	421373	0.044303	3	4	424778	0	0	0	nan	0	0	0	0	0	0	nan	0	0	0	0.044303	0.000324	0.044303	0.000324	2.388559	0.017468
38	G	546	424794	418678	0.001304	3	4	424791	0	0	0	nan	0	0	0	0	0	0	nan	0	0	0	0.001304	0.000056	0.001304	0.000056	nan	nan
39	U	659	424795	422779	0.001559	3	4	424793	0	0	0	nan	0	0	0	0	0	0	nan	0	0	0	0.001559	0.000061	0.001559	0.000061	nan	nan
40	G	636	424800	421470	0.001509	3	4	424798	0	0	0	nan	0	0	0	0	0	0	nan	0	0	0	0.001509	0.000060	0.001509	0.000060	nan	nan
41	A	7330	424805	422509	0.017349	3	4	424804	0	0	0	nan	0	0	0	0	0	0	nan	0	0	0	0.017349	0.000203	0.017349	0.000203	0.935357	0.010945
42	U	805	424818	422324	0.001906	4	4	424817	0	0	0	nan	0	0	0	0	0	0	nan	0	0	0	0.001906	0.000067	0.001906	0.000067	nan	nan
43	U	596	424826	422605	0.001410	4	4	424825	0	0	0	nan	0	0	0	0	0	0	nan	0	0	0	0.001410	0.000058	0.001410	0.000058	nan	nan
44	C	4040	424831	422277	0.009567	4	4	424830	0	0	0	nan	0	0	0	0	0	0	nan	0	0	0	0.009567	0.000151	0.009567	0.000151	0.724197	0.011430
45	A	4483	424839	422572	0.010609	4	4	424836	0	0	0	nan	0	0	0	0	0	0	nan	0	0	0	0.010609	0.000158	0.010609	0.000158	0.571975	0.008518
46	G	389	424859	422017	0.000922	4	4	424859	0	0	0	nan	0	0	0	0	0	0	nan	0	0	0	0.000922	0.000047	0.000922	0.000047	nan	nan
47	G	331	424860	422274	0.000784	4	4	424860	0	0	0	nan	0	0	0	0	0	0	nan	0	0	0	0.000784	0.000043	0.000784	0.000043	nan	nan
48	A	3736	424863	423160	0.008829	5	4	424863	0	0	0	nan	0	0	0	0	0	0	nan	0	0	0	0.008829	0.000144	0.008829	0.000144	0.476008	0.007764
49	G	395	424884	422194	0.000936	5	4	424884	0	0	0	nan	0	0	0	0	0	0	nan	0	0	0	0.000936	0.000047	0.000936	0.000047	nan	nan
50	G	405	424896	421441	0.000961	6	4	424896	0	0	0	nan	0	0	0	0	0	0	nan	0	0	0	0.000961	0.000048	0.000961	0.000048	nan	nan
51	U	516	424901	423048	0.001220	6	4	424901	0	0	0	nan	0	0	0	0	0	0	nan	0	0	0	0.001220	0.000054	0.001220	0.000054	nan	nan
52	U	689	424902	422489	0.001631	7	4	424901	0	0	0	nan	0	0	0	0	0	0	nan	0	0	0	0.001631	0.000062	0.001631	0.000062	nan	nan
53	A	8074	424900	421902	0.019137	7	4	424899	0	0	0	nan	0	0	0	0	0	0	nan	0	0	0	0.019137	0.000213	0.019137	0.000213	1.031755	0.011484
54	A	7824	424801	421821	0.018548	5	4	424800	0	0	0	nan	0	0	0	0	0	0	nan	0	0	0	0.018548	0.000210	0.018548	0.000210	1.000000	0.011322
55	U	823	424801	422113	0.001950	5	4	424800	0	0	0	nan	0	0	0	0	0	0	nan	0	0	0	0.001950	0.000068	0.001950	0.000068	nan	nan
56	G	556	424804	422440	0.001316	4	4	424803	0	0	0	nan	0	0	0	0	0	0	nan	0	0	0	0.001316	0.000056	0.001316	0.000056	nan	nan
57	G	0	424804	423368	0.000000	4	4	424803	0	0	0	nan	0	0	0	0	0	0	nan	0	0	0	0.000000	0.000000	0.000000	0.000000	nan	nan
58	A	0	424804	0	nan	4	4	424804	0	0	0	nan	0	0	0	0	0	0	nan	0	0	0	nan	nan	nan	nan	nan	nan
59	A	0	424804	0	nan	4	4	424804	0	0	0	nan	0	0	0	0	0	0	nan	0	0	0	nan	nan	nan	nan	nan	nan
60	G	0	424804	0	nan	4	4	424804	0	0	0	nan	0	0	0	0	0	0	nan	0	0	0	nan	nan	nan	nan	nan	nan
61	u	0	424804	0	nan	4	4	424804	0	0	0	nan	0	0	0	0	0	0	nan	0	0	0	nan	nan	nan	nan	nan	nan
62	a	0	424804	0	nan	4	4	424804	0	0	0	nan	0	0	0	0	0	0	nan	0	0	0	nan	nan	nan	nan	nan	nan
63	a	0	424804	0	nan	4	4	424804	0	0	0	nan	0	0	0	0	0	0	nan	0	0	0	nan	nan	nan	nan	nan	nan
64	a	0	424804	0	nan	4	4	424804	0	0	0	nan	0	0	0	0	0	0	nan	0	0	0	nan	nan	nan	nan	nan	nan
65	g	0	424804	0	nan	4	4	424804	0	0	0	nan	0	0	0	0	0	0	nan	0	0	0	nan	nan	nan	nan	nan	nan
66	g	0	424804	0	nan	4	4	424804	0	0	0	nan	0	0	0	0	0	0	nan	0	0	0	nan	nan	nan	nan	nan	nan
67	u	0	424804	0	nan	4	4	424804	0	0	0	nan	0	0	0	0	0	0	nan	0	0	0	nan	nan	nan	nan	nan	nan
68	a	0	424804	0	nan	4	4	424804	0	0	0	nan	0	0	0	0	0	0	nan	0	0	0	nan	nan	nan	nan	nan	nan
69	a	0	424804	0	nan	4	4	424804	0	0	0	nan	0	0	0	0	0	0	nan	0	0	0	nan	nan	nan	nan	nan	nan
70	u	0	424804	0	nan	4	4	424804	0	0	0	nan	0	0	0	0	0	0	nan	0	0	0	nan	nan	nan	nan	nan	nan
71	g	0	424804	0	nan	4	4	424804	0	0	0	nan	0	0	0	0	0	0	nan	0	0	0	nan	nan	nan	nan	nan	nan
72	a	0	424804	0	nan	4	4	424804	0	0	0	nan	0	0	0	0	0	0	nan	0	0	0	nan	nan	nan	nan	nan	nan
73	a	0	424804	0	nan	4	4	424804	0	0	0	nan	0	0	0	0	0	0	nan	0	0	0	nan	nan	nan	nan	nan	nan
74	g	0	424803	0	nan	4	4	424803	0	0	0	nan	0	0	0	0	0	0	nan	0	0	0	nan	nan	nan	nan	nan	nan
75	g	0	424799	0	nan	4	4	424799	0	0	0	nan	0	0	0	0	0	0	nan	0	0	0	nan	nan	nan	nan	nan	nan
76	u	0	424785	0	nan	4	4	424785	0	0	0	nan	0	0	0	0	0	0	nan	0	0	0	nan	nan	nan	nan	nan	nan
77	g	0	424782	0	nan	4	4	424782	0	0	0	nan	0	0	0	0	0	0	nan	0	0	0	nan	nan	nan	nan	nan	nan
78	a	0	424777	0	nan	4	4	424777	0	0	0	nan	0	0	0	0	0	0	nan	0	0	0	nan	nan	nan	nan	nan	nan
79	a	0	424691	0	nan	4	4	424691	0	0	0	nan	0	0	0	0	0	0	nan	0	0	0	nan	nan	nan	nan	nan	nan
80	g	0	424488	0	nan	4	4	424488	0	0	0	nan	0	0	0	0	0	0	nan	0	0	0	nan	nan	nan	nan	nan	nan