Nucleotide	Sequence	Modified_mutations	Modified_read_depth	Modified_effective_depth	Modified_rate	Modified_off_target_mapped_depth	Modified_low_mapq_mapped_depth	Modified_primer_pair_1_mapped_depth	Untreated_mutations	Untreated_read_depth	Untreated_effective_depth	Untreated_rate	Untreated_off_target_mapped_depth	Untreated_low_mapq_mapped_depth	Untreated_primer_pair_1_mapped_depth	Denatured_mutations	Denatured_read_depth	Denatured_effective_depth	Denatured_rate	Denatured_off_target_mapped_depth	Denatured_low_mapq_mapped_depth	Denatured_primer_pair_1_mapped_depth	Reactivity_profile	Std_err	HQ_profile	HQ_stderr	Norm_profile	Norm_stderr
1	g	0	183819	0	nan	1	4	183819	0	0	0	nan	0	0	0	0	0	0	nan	0	0	0	nan	nan	nan	nan	nan	nan
2	g	0	183960	0	nan	1	4	183960	0	0	0	nan	0	0	0	0	0	0	nan	0	0	0	nan	nan	nan	nan	nan	nan
3	u	0	184025	0	nan	1	4	184025	0	0	0	nan	0	0	0	0	0	0	nan	0	0	0	nan	nan	nan	nan	nan	nan
4	g	0	184042	0	nan	1	4	184042	0	0	0	nan	0	0	0	0	0	0	nan	0	0	0	nan	nan	nan	nan	nan	nan
5	u	0	184050	0	nan	1	4	184050	0	0	0	nan	0	0	0	0	0	0	nan	0	0	0	nan	nan	nan	nan	nan	nan
6	a	0	184050	0	nan	1	4	184050	0	0	0	nan	0	0	0	0	0	0	nan	0	0	0	nan	nan	nan	nan	nan	nan
7	a	0	184050	0	nan	1	4	184050	0	0	0	nan	0	0	0	0	0	0	nan	0	0	0	nan	nan	nan	nan	nan	nan
8	g	0	184050	0	nan	1	4	184050	0	0	0	nan	0	0	0	0	0	0	nan	0	0	0	nan	nan	nan	nan	nan	nan
9	g	0	184055	0	nan	1	4	184055	0	0	0	nan	0	0	0	0	0	0	nan	0	0	0	nan	nan	nan	nan	nan	nan
10	g	0	184895	0	nan	3	4	184895	0	0	0	nan	0	0	0	0	0	0	nan	0	0	0	nan	nan	nan	nan	nan	nan
11	u	0	184902	0	nan	3	4	184902	0	0	0	nan	0	0	0	0	0	0	nan	0	0	0	nan	nan	nan	nan	nan	nan
12	g	0	184916	0	nan	3	4	184916	0	0	0	nan	0	0	0	0	0	0	nan	0	0	0	nan	nan	nan	nan	nan	nan
13	a	0	184916	0	nan	3	4	184916	0	0	0	nan	0	0	0	0	0	0	nan	0	0	0	nan	nan	nan	nan	nan	nan
14	a	0	184917	0	nan	3	4	184917	0	0	0	nan	0	0	0	0	0	0	nan	0	0	0	nan	nan	nan	nan	nan	nan
15	g	0	184917	0	nan	15	4	184917	0	0	0	nan	0	0	0	0	0	0	nan	0	0	0	nan	nan	nan	nan	nan	nan
16	u	0	184918	0	nan	15	4	184918	0	0	0	nan	0	0	0	0	0	0	nan	0	0	0	nan	nan	nan	nan	nan	nan
17	g	0	184920	0	nan	15	4	184920	0	0	0	nan	0	0	0	0	0	0	nan	0	0	0	nan	nan	nan	nan	nan	nan
18	u	0	184921	0	nan	15	4	184921	0	0	0	nan	0	0	0	0	0	0	nan	0	0	0	nan	nan	nan	nan	nan	nan
19	a	0	184922	0	nan	15	4	184922	0	0	0	nan	0	0	0	0	0	0	nan	0	0	0	nan	nan	nan	nan	nan	nan
20	A	0	184926	4	0.000000	15	4	184926	0	0	0	nan	0	0	0	0	0	0	nan	0	0	0	0.000000	0.000000	nan	nan	nan	nan
21	G	0	184936	11	0.000000	15	4	184936	0	0	0	nan	0	0	0	0	0	0	nan	0	0	0	0.000000	0.000000	nan	nan	nan	nan
22	G	0	184941	14	0.000000	16	4	184941	0	0	0	nan	0	0	0	0	0	0	nan	0	0	0	0.000000	0.000000	nan	nan	nan	nan
23	U	0	184951	184717	0.000000	16	4	184951	0	0	0	nan	0	0	0	0	0	0	nan	0	0	0	0.000000	0.000000	0.000000	0.000000	nan	nan
24	U	243	184960	184714	0.001316	16	4	184960	0	0	0	nan	0	0	0	0	0	0	nan	0	0	0	0.001316	0.000084	0.001316	0.000084	nan	nan
25	G	130	184960	184019	0.000706	16	4	184960	0	0	0	nan	0	0	0	0	0	0	nan	0	0	0	0.000706	0.000062	0.000706	0.000062	nan	nan
26	A	4527	184960	184302	0.024563	16	4	184960	0	0	0	nan	0	0	0	0	0	0	nan	0	0	0	0.024563	0.000365	0.024563	0.000365	1.117287	0.016603
27	A	3987	184961	184234	0.021641	16	4	184961	0	0	0	nan	0	0	0	0	0	0	nan	0	0	0	0.021641	0.000343	0.021641	0.000343	0.984375	0.015602
28	C	3553	184962	183743	0.019337	16	4	184962	0	0	0	nan	0	0	0	0	0	0	nan	0	0	0	0.019337	0.000324	0.019337	0.000324	1.209507	0.020266
29	U	168	184961	184295	0.000912	16	4	184961	0	0	0	nan	0	0	0	0	0	0	nan	0	0	0	0.000912	0.000070	0.000912	0.000070	nan	nan
30	U	231	184962	184469	0.001252	16	4	184962	0	0	0	nan	0	0	0	0	0	0	nan	0	0	0	0.001252	0.000082	0.001252	0.000082	nan	nan
31	U	265	184965	184547	0.001436	16	4	184964	0	0	0	nan	0	0	0	0	0	0	nan	0	0	0	0.001436	0.000088	0.001436	0.000088	nan	nan
32	U	200	184966	184449	0.001084	16	4	184942	0	0	0	nan	0	0	0	0	0	0	nan	0	0	0	0.001084	0.000077	0.001084	0.000077	nan	nan
33	G	93	184972	183652	0.000506	16	4	184944	0	0	0	nan	0	0	0	0	0	0	nan	0	0	0	0.000506	0.000053	0.000506	0.000053	nan	nan
34	A	1979	184980	184286	0.010739	16	4	184945	0	0	0	nan	0	0	0	0	0	0	nan	0	0	0	0.010739	0.000241	0.010739	0.000241	0.488481	0.010962
35	A	1590	184980	184253	0.008629	16	4	184945	0	0	0	nan	0	0	0	0	0	0	nan	0	0	0	0.008629	0.000216	0.008629	0.000216	0.392504	0.009825
36	U	134	184982	184080	0.000728	16	4	184947	0	0	0	nan	0	0	0	0	0	0	nan	0	0	0	0.000728	0.000063	0.000728	0.000063	nan	nan
37	A	6888	184984	184035	0.037428	16	4	184950	0	0	0	nan	0	0	0	0	0	0	nan	0	0	0	0.037428	0.000451	0.037428	0.000451	1.702472	0.020514
38	G	148	184999	182661	0.000810	16	4	184986	0	0	0	nan	0	0	0	0	0	0	nan	0	0	0	0.000810	0.000067	0.000810	0.000067	nan	nan
39	U	285	184999	184417	0.001545	16	4	184988	0	0	0	nan	0	0	0	0	0	0	nan	0	0	0	0.001545	0.000092	0.001545	0.000092	nan	nan
40	G	162	185005	183914	0.000881	16	4	184994	0	0	0	nan	0	0	0	0	0	0	nan	0	0	0	0.000881	0.000069	0.000881	0.000069	nan	nan
41	A	1414	185006	184315	0.007672	16	4	184995	0	0	0	nan	0	0	0	0	0	0	nan	0	0	0	0.007672	0.000204	0.007672	0.000204	0.348973	0.009279
42	U	313	185008	184317	0.001698	16	4	185000	0	0	0	nan	0	0	0	0	0	0	nan	0	0	0	0.001698	0.000096	0.001698	0.000096	nan	nan
43	U	241	185009	184442	0.001307	16	4	185000	0	0	0	nan	0	0	0	0	0	0	nan	0	0	0	0.001307	0.000084	0.001307	0.000084	nan	nan
44	C	1095	185028	184389	0.005939	16	4	185021	0	0	0	nan	0	0	0	0	0	0	nan	0	0	0	0.005939	0.000179	0.005939	0.000179	0.371478	0.011196
45	A	1402	185051	184391	0.007603	16	4	185045	0	0	0	nan	0	0	0	0	0	0	nan	0	0	0	0.007603	0.000203	0.007603	0.000203	0.345835	0.009234
46	G	104	185081	183856	0.000566	16	4	185075	0	0	0	nan	0	0	0	0	0	0	nan	0	0	0	0.000566	0.000055	0.000566	0.000055	nan	nan
47	G	135	185090	183792	0.000735	16	4	185084	0	0	0	nan	0	0	0	0	0	0	nan	0	0	0	0.000735	0.000063	0.000735	0.000063	nan	nan
48	A	1168	185090	184341	0.006336	16	4	185084	0	0	0	nan	0	0	0	0	0	0	nan	0	0	0	0.006336	0.000185	0.006336	0.000185	0.288203	0.008415
49	G	139	185095	183784	0.000756	16	4	185090	0	0	0	nan	0	0	0	0	0	0	nan	0	0	0	0.000756	0.000064	0.000756	0.000064	nan	nan
50	G	179	185099	183505	0.000975	16	4	185094	0	0	0	nan	0	0	0	0	0	0	nan	0	0	0	0.000975	0.000073	0.000975	0.000073	nan	nan
51	U	244	185101	184306	0.001324	16	4	185097	0	0	0	nan	0	0	0	0	0	0	nan	0	0	0	0.001324	0.000085	0.001324	0.000085	nan	nan
52	U	231	185102	184074	0.001255	16	4	185100	0	0	0	nan	0	0	0	0	0	0	nan	0	0	0	0.001255	0.000083	0.001255	0.000083	nan	nan
53	A	4058	185098	183631	0.022099	16	4	185096	0	0	0	nan	0	0	0	0	0	0	nan	0	0	0	0.022099	0.000347	0.022099	0.000347	1.005208	0.015784
54	A	2083	184982	183380	0.011359	15	4	184974	0	0	0	nan	0	0	0	0	0	0	nan	0	0	0	0.011359	0.000249	0.011359	0.000249	0.516682	0.011326
55	U	253	184981	183398	0.001380	15	4	184976	0	0	0	nan	0	0	0	0	0	0	nan	0	0	0	0.001380	0.000087	0.001380	0.000087	nan	nan
56	G	137	184994	183237	0.000748	15	4	184990	0	0	0	nan	0	0	0	0	0	0	nan	0	0	0	0.000748	0.000064	0.000748	0.000064	nan	nan
57	G	0	185025	183118	0.000000	15	4	185024	0	0	0	nan	0	0	0	0	0	0	nan	0	0	0	0.000000	0.000000	0.000000	0.000000	nan	nan
58	A	0	185039	0	nan	15	4	185039	0	0	0	nan	0	0	0	0	0	0	nan	0	0	0	nan	nan	nan	nan	nan	nan
59	A	0	185039	0	nan	15	4	185039	0	0	0	nan	0	0	0	0	0	0	nan	0	0	0	nan	nan	nan	nan	nan	nan
60	G	0	185039	0	nan	15	4	185039	0	0	0	nan	0	0	0	0	0	0	nan	0	0	0	nan	nan	nan	nan	nan	nan
61	u	0	185039	0	nan	15	4	185039	0	0	0	nan	0	0	0	0	0	0	nan	0	0	0	nan	nan	nan	nan	nan	nan
62	a	0	185039	0	nan	15	4	185039	0	0	0	nan	0	0	0	0	0	0	nan	0	0	0	nan	nan	nan	nan	nan	nan
63	a	0	185039	0	nan	15	4	185039	0	0	0	nan	0	0	0	0	0	0	nan	0	0	0	nan	nan	nan	nan	nan	nan
64	a	0	185039	0	nan	12	4	185039	0	0	0	nan	0	0	0	0	0	0	nan	0	0	0	nan	nan	nan	nan	nan	nan
65	g	0	185039	0	nan	12	4	185039	0	0	0	nan	0	0	0	0	0	0	nan	0	0	0	nan	nan	nan	nan	nan	nan
66	g	0	185039	0	nan	12	4	185039	0	0	0	nan	0	0	0	0	0	0	nan	0	0	0	nan	nan	nan	nan	nan	nan
67	u	0	185039	0	nan	12	4	185039	0	0	0	nan	0	0	0	0	0	0	nan	0	0	0	nan	nan	nan	nan	nan	nan
68	a	0	185039	0	nan	12	4	185039	0	0	0	nan	0	0	0	0	0	0	nan	0	0	0	nan	nan	nan	nan	nan	nan
69	a	0	185039	0	nan	12	4	185039	0	0	0	nan	0	0	0	0	0	0	nan	0	0	0	nan	nan	nan	nan	nan	nan
70	u	0	185039	0	nan	12	4	185039	0	0	0	nan	0	0	0	0	0	0	nan	0	0	0	nan	nan	nan	nan	nan	nan
71	g	0	185039	0	nan	12	4	185039	0	0	0	nan	0	0	0	0	0	0	nan	0	0	0	nan	nan	nan	nan	nan	nan
72	a	0	185039	0	nan	12	4	185039	0	0	0	nan	0	0	0	0	0	0	nan	0	0	0	nan	nan	nan	nan	nan	nan
73	a	0	185039	0	nan	12	4	185039	0	0	0	nan	0	0	0	0	0	0	nan	0	0	0	nan	nan	nan	nan	nan	nan
74	g	0	185039	0	nan	12	4	185039	0	0	0	nan	0	0	0	0	0	0	nan	0	0	0	nan	nan	nan	nan	nan	nan
75	g	0	185039	0	nan	12	4	185039	0	0	0	nan	0	0	0	0	0	0	nan	0	0	0	nan	nan	nan	nan	nan	nan
76	u	0	185037	0	nan	12	4	185037	0	0	0	nan	0	0	0	0	0	0	nan	0	0	0	nan	nan	nan	nan	nan	nan
77	g	0	185034	0	nan	12	4	185034	0	0	0	nan	0	0	0	0	0	0	nan	0	0	0	nan	nan	nan	nan	nan	nan
78	a	0	185033	0	nan	12	4	185033	0	0	0	nan	0	0	0	0	0	0	nan	0	0	0	nan	nan	nan	nan	nan	nan
79	a	0	185014	0	nan	12	4	185014	0	0	0	nan	0	0	0	0	0	0	nan	0	0	0	nan	nan	nan	nan	nan	nan
80	g	0	184943	0	nan	12	4	184943	0	0	0	nan	0	0	0	0	0	0	nan	0	0	0	nan	nan	nan	nan	nan	nan