Nucleotide	Sequence	Modified_mutations	Modified_read_depth	Modified_effective_depth	Modified_rate	Modified_off_target_mapped_depth	Modified_low_mapq_mapped_depth	Modified_primer_pair_1_mapped_depth	Untreated_mutations	Untreated_read_depth	Untreated_effective_depth	Untreated_rate	Untreated_off_target_mapped_depth	Untreated_low_mapq_mapped_depth	Untreated_primer_pair_1_mapped_depth	Denatured_mutations	Denatured_read_depth	Denatured_effective_depth	Denatured_rate	Denatured_off_target_mapped_depth	Denatured_low_mapq_mapped_depth	Denatured_primer_pair_1_mapped_depth	Reactivity_profile	Std_err	HQ_profile	HQ_stderr	Norm_profile	Norm_stderr
1	g	0	204027	0	nan	8	0	204027	0	0	0	nan	0	0	0	0	0	0	nan	0	0	0	nan	nan	nan	nan	nan	nan
2	g	0	204457	0	nan	8	0	204457	0	0	0	nan	0	0	0	0	0	0	nan	0	0	0	nan	nan	nan	nan	nan	nan
3	c	0	204550	0	nan	9	0	204550	0	0	0	nan	0	0	0	0	0	0	nan	0	0	0	nan	nan	nan	nan	nan	nan
4	a	0	204564	0	nan	9	0	204564	0	0	0	nan	0	0	0	0	0	0	nan	0	0	0	nan	nan	nan	nan	nan	nan
5	c	0	204599	0	nan	9	0	204599	0	0	0	nan	0	0	0	0	0	0	nan	0	0	0	nan	nan	nan	nan	nan	nan
6	c	0	205945	0	nan	9	0	205945	0	0	0	nan	0	0	0	0	0	0	nan	0	0	0	nan	nan	nan	nan	nan	nan
7	u	0	206041	0	nan	9	0	206041	0	0	0	nan	0	0	0	0	0	0	nan	0	0	0	nan	nan	nan	nan	nan	nan
8	c	0	206047	0	nan	9	0	206047	0	0	0	nan	0	0	0	0	0	0	nan	0	0	0	nan	nan	nan	nan	nan	nan
9	a	0	206048	0	nan	9	0	206048	0	0	0	nan	0	0	0	0	0	0	nan	0	0	0	nan	nan	nan	nan	nan	nan
10	u	0	206048	0	nan	9	0	206048	0	0	0	nan	0	0	0	0	0	0	nan	0	0	0	nan	nan	nan	nan	nan	nan
11	a	0	206049	0	nan	9	0	206049	0	0	0	nan	0	0	0	0	0	0	nan	0	0	0	nan	nan	nan	nan	nan	nan
12	a	0	206061	0	nan	9	0	206061	0	0	0	nan	0	0	0	0	0	0	nan	0	0	0	nan	nan	nan	nan	nan	nan
13	c	0	206068	0	nan	9	0	206068	0	0	0	nan	0	0	0	0	0	0	nan	0	0	0	nan	nan	nan	nan	nan	nan
14	a	0	206073	0	nan	9	0	206073	0	0	0	nan	0	0	0	0	0	0	nan	0	0	0	nan	nan	nan	nan	nan	nan
15	u	0	206074	0	nan	9	0	206074	0	0	0	nan	0	0	0	0	0	0	nan	0	0	0	nan	nan	nan	nan	nan	nan
16	a	0	206079	0	nan	9	0	206079	0	0	0	nan	0	0	0	0	0	0	nan	0	0	0	nan	nan	nan	nan	nan	nan
17	a	0	206081	0	nan	9	0	206081	0	0	0	nan	0	0	0	0	0	0	nan	0	0	0	nan	nan	nan	nan	nan	nan
18	c	0	206087	0	nan	9	0	206087	0	0	0	nan	0	0	0	0	0	0	nan	0	0	0	nan	nan	nan	nan	nan	nan
19	U	0	206091	2	0.000000	9	0	206091	0	0	0	nan	0	0	0	0	0	0	nan	0	0	0	0.000000	0.000000	nan	nan	nan	nan
20	A	0	206102	6	0.000000	9	0	206102	0	0	0	nan	0	0	0	0	0	0	nan	0	0	0	0.000000	0.000000	nan	nan	nan	nan
21	A	0	206109	12	0.000000	9	0	206109	0	0	0	nan	0	0	0	0	0	0	nan	0	0	0	0.000000	0.000000	nan	nan	nan	nan
22	G	0	206115	203835	0.000000	9	0	206115	0	0	0	nan	0	0	0	0	0	0	nan	0	0	0	0.000000	0.000000	0.000000	0.000000	nan	nan
23	G	275	206120	194521	0.001414	9	0	206120	0	0	0	nan	0	0	0	0	0	0	nan	0	0	0	0.001414	0.000085	0.001414	0.000085	nan	nan
24	C	779	206128	203633	0.003826	9	0	206128	0	0	0	nan	0	0	0	0	0	0	nan	0	0	0	0.003826	0.000137	0.003826	0.000137	0.951682	0.034077
25	A	1564	206133	204152	0.007661	9	0	206133	0	0	0	nan	0	0	0	0	0	0	nan	0	0	0	0.007661	0.000194	0.007661	0.000194	0.503814	0.012758
26	G	211	206137	197383	0.001069	9	0	206134	0	0	0	nan	0	0	0	0	0	0	nan	0	0	0	0.001069	0.000074	0.001069	0.000074	nan	nan
27	A	3027	206150	199072	0.015206	9	0	206147	0	0	0	nan	0	0	0	0	0	0	nan	0	0	0	0.015206	0.000276	0.015206	0.000276	1.000000	0.018151
28	U	1387	206155	198923	0.006973	9	0	206151	0	0	0	nan	0	0	0	0	0	0	nan	0	0	0	0.006973	0.000187	0.006973	0.000187	1.208702	0.032415
29	C	5363	206155	204134	0.026272	9	0	206151	0	0	0	nan	0	0	0	0	0	0	nan	0	0	0	0.026272	0.000359	0.026272	0.000359	6.534917	0.089298
30	U	934	206156	203991	0.004579	9	0	206154	0	0	0	nan	0	0	0	0	0	0	nan	0	0	0	0.004579	0.000150	0.004579	0.000150	0.793725	0.026001
31	G	241	206158	201601	0.001195	9	0	206153	0	0	0	nan	0	0	0	0	0	0	nan	0	0	0	0.001195	0.000077	0.001195	0.000077	nan	nan
32	A	1942	206158	203726	0.009532	9	0	206153	0	0	0	nan	0	0	0	0	0	0	nan	0	0	0	0.009532	0.000216	0.009532	0.000216	0.626858	0.014205
33	G	270	206165	195655	0.001380	9	0	206158	0	0	0	nan	0	0	0	0	0	0	nan	0	0	0	0.001380	0.000084	0.001380	0.000084	nan	nan
34	C	494	206165	198504	0.002489	9	0	206157	0	0	0	nan	0	0	0	0	0	0	nan	0	0	0	0.002489	0.000112	0.002489	0.000112	0.619116	0.027859
35	C	775	206169	189718	0.004085	9	0	206160	0	0	0	nan	0	0	0	0	0	0	nan	0	0	0	0.004085	0.000147	0.004085	0.000147	1.016106	0.036565
36	U	856	206184	189221	0.004524	9	0	206170	0	0	0	nan	0	0	0	0	0	0	nan	0	0	0	0.004524	0.000155	0.004524	0.000155	0.784191	0.026868
37	U	1292	206192	192920	0.006697	9	0	206170	0	0	0	nan	0	0	0	0	0	0	nan	0	0	0	0.006697	0.000186	0.006697	0.000186	1.160860	0.032241
38	C	7884	206198	201194	0.039186	9	0	206156	0	0	0	nan	0	0	0	0	0	0	nan	0	0	0	0.039186	0.000441	0.039186	0.000441	9.747155	0.109695
39	G	186	206266	199620	0.000932	9	0	206230	0	0	0	nan	0	0	0	0	0	0	nan	0	0	0	0.000932	0.000068	0.000932	0.000068	nan	nan
40	G	161	206294	199540	0.000807	9	0	206275	0	0	0	nan	0	0	0	0	0	0	nan	0	0	0	0.000807	0.000064	0.000807	0.000064	nan	nan
41	G	270	206296	195663	0.001380	9	0	206284	0	0	0	nan	0	0	0	0	0	0	nan	0	0	0	0.001380	0.000084	0.001380	0.000084	nan	nan
42	A	2150	206295	202217	0.010632	9	0	206283	0	0	0	nan	0	0	0	0	0	0	nan	0	0	0	0.010632	0.000229	0.010632	0.000229	0.699198	0.015060
43	G	303	206295	199455	0.001519	9	0	206287	0	0	0	nan	0	0	0	0	0	0	nan	0	0	0	0.001519	0.000087	0.001519	0.000087	nan	nan
44	C	418	206297	205134	0.002038	9	0	206290	0	0	0	nan	0	0	0	0	0	0	nan	0	0	0	0.002038	0.000100	0.002038	0.000100	0.506934	0.024874
45	U	643	206296	205543	0.003128	9	0	206288	0	0	0	nan	0	0	0	0	0	0	nan	0	0	0	0.003128	0.000123	0.003128	0.000123	0.542208	0.021321
46	C	534	206296	205612	0.002597	9	0	206289	0	0	0	nan	0	0	0	0	0	0	nan	0	0	0	0.002597	0.000112	0.002597	0.000112	0.645980	0.027859
47	U	995	206295	205544	0.004841	9	0	206286	0	0	0	nan	0	0	0	0	0	0	nan	0	0	0	0.004841	0.000153	0.004841	0.000153	0.839140	0.026521
48	C	671	206292	205495	0.003265	9	0	206278	0	0	0	nan	0	0	0	0	0	0	nan	0	0	0	0.003265	0.000126	0.003265	0.000126	0.812139	0.031341
49	U	765	206293	205291	0.003726	9	0	206276	0	0	0	nan	0	0	0	0	0	0	nan	0	0	0	0.003726	0.000135	0.003726	0.000135	0.645866	0.023401
50	G	366	206298	201353	0.001818	9	0	206280	0	0	0	nan	0	0	0	0	0	0	nan	0	0	0	0.001818	0.000095	0.001818	0.000095	nan	nan
51	C	645	206299	204566	0.003153	9	0	206286	0	0	0	nan	0	0	0	0	0	0	nan	0	0	0	0.003153	0.000124	0.003153	0.000124	0.784280	0.030844
52	C	492	206300	203864	0.002413	9	0	206291	0	0	0	nan	0	0	0	0	0	0	nan	0	0	0	0.002413	0.000109	0.002413	0.000109	0.600211	0.027113
53	A	8170	206293	203907	0.040067	9	0	206289	0	0	0	nan	0	0	0	0	0	0	nan	0	0	0	0.040067	0.000443	0.040067	0.000443	2.634947	0.029133
54	A	0	206180	203372	0.000000	9	0	206180	0	0	0	nan	0	0	0	0	0	0	nan	0	0	0	0.000000	0.000000	0.000000	0.000000	0.000000	0.000000
55	U	0	206180	0	nan	5	0	206180	0	0	0	nan	0	0	0	0	0	0	nan	0	0	0	nan	nan	nan	nan	nan	nan
56	C	0	206180	0	nan	4	0	206180	0	0	0	nan	0	0	0	0	0	0	nan	0	0	0	nan	nan	nan	nan	nan	nan
57	C	0	206180	0	nan	4	0	206180	0	0	0	nan	0	0	0	0	0	0	nan	0	0	0	nan	nan	nan	nan	nan	nan
58	a	0	206180	0	nan	4	0	206180	0	0	0	nan	0	0	0	0	0	0	nan	0	0	0	nan	nan	nan	nan	nan	nan
59	c	0	206180	0	nan	4	0	206180	0	0	0	nan	0	0	0	0	0	0	nan	0	0	0	nan	nan	nan	nan	nan	nan
60	u	0	206180	0	nan	4	0	206180	0	0	0	nan	0	0	0	0	0	0	nan	0	0	0	nan	nan	nan	nan	nan	nan
61	a	0	206180	0	nan	4	0	206180	0	0	0	nan	0	0	0	0	0	0	nan	0	0	0	nan	nan	nan	nan	nan	nan
62	a	0	206180	0	nan	4	0	206180	0	0	0	nan	0	0	0	0	0	0	nan	0	0	0	nan	nan	nan	nan	nan	nan
63	c	0	206180	0	nan	0	0	206180	0	0	0	nan	0	0	0	0	0	0	nan	0	0	0	nan	nan	nan	nan	nan	nan
64	c	0	206180	0	nan	0	0	206180	0	0	0	nan	0	0	0	0	0	0	nan	0	0	0	nan	nan	nan	nan	nan	nan
65	u	0	206180	0	nan	0	0	206180	0	0	0	nan	0	0	0	0	0	0	nan	0	0	0	nan	nan	nan	nan	nan	nan
66	c	0	206180	0	nan	0	0	206180	0	0	0	nan	0	0	0	0	0	0	nan	0	0	0	nan	nan	nan	nan	nan	nan
67	a	0	206180	0	nan	0	0	206180	0	0	0	nan	0	0	0	0	0	0	nan	0	0	0	nan	nan	nan	nan	nan	nan
68	c	0	206180	0	nan	0	0	206180	0	0	0	nan	0	0	0	0	0	0	nan	0	0	0	nan	nan	nan	nan	nan	nan
69	u	0	206179	0	nan	0	0	206179	0	0	0	nan	0	0	0	0	0	0	nan	0	0	0	nan	nan	nan	nan	nan	nan
70	c	0	206178	0	nan	0	0	206178	0	0	0	nan	0	0	0	0	0	0	nan	0	0	0	nan	nan	nan	nan	nan	nan
71	a	0	206177	0	nan	0	0	206177	0	0	0	nan	0	0	0	0	0	0	nan	0	0	0	nan	nan	nan	nan	nan	nan
72	c	0	206168	0	nan	0	0	206168	0	0	0	nan	0	0	0	0	0	0	nan	0	0	0	nan	nan	nan	nan	nan	nan
73	a	0	206164	0	nan	0	0	206164	0	0	0	nan	0	0	0	0	0	0	nan	0	0	0	nan	nan	nan	nan	nan	nan
74	a	0	206111	0	nan	0	0	206111	0	0	0	nan	0	0	0	0	0	0	nan	0	0	0	nan	nan	nan	nan	nan	nan
75	u	0	206003	0	nan	0	0	206003	0	0	0	nan	0	0	0	0	0	0	nan	0	0	0	nan	nan	nan	nan	nan	nan
76	c	0	205741	0	nan	0	0	205741	0	0	0	nan	0	0	0	0	0	0	nan	0	0	0	nan	nan	nan	nan	nan	nan