Nucleotide	Sequence	Modified_mutations	Modified_read_depth	Modified_effective_depth	Modified_rate	Modified_off_target_mapped_depth	Modified_low_mapq_mapped_depth	Modified_primer_pair_1_mapped_depth	Untreated_mutations	Untreated_read_depth	Untreated_effective_depth	Untreated_rate	Untreated_off_target_mapped_depth	Untreated_low_mapq_mapped_depth	Untreated_primer_pair_1_mapped_depth	Denatured_mutations	Denatured_read_depth	Denatured_effective_depth	Denatured_rate	Denatured_off_target_mapped_depth	Denatured_low_mapq_mapped_depth	Denatured_primer_pair_1_mapped_depth	Reactivity_profile	Std_err	HQ_profile	HQ_stderr	Norm_profile	Norm_stderr
1	g	0	659103	0	nan	1	5	659103	0	0	0	nan	0	0	0	0	0	0	nan	0	0	0	nan	nan	nan	nan	nan	nan
2	g	0	659551	0	nan	1	5	659551	0	0	0	nan	0	0	0	0	0	0	nan	0	0	0	nan	nan	nan	nan	nan	nan
3	u	0	659710	0	nan	1	5	659710	0	0	0	nan	0	0	0	0	0	0	nan	0	0	0	nan	nan	nan	nan	nan	nan
4	g	0	659787	0	nan	1	5	659787	0	0	0	nan	0	0	0	0	0	0	nan	0	0	0	nan	nan	nan	nan	nan	nan
5	u	0	659846	0	nan	1	5	659846	0	0	0	nan	0	0	0	0	0	0	nan	0	0	0	nan	nan	nan	nan	nan	nan
6	a	0	659849	0	nan	1	5	659849	0	0	0	nan	0	0	0	0	0	0	nan	0	0	0	nan	nan	nan	nan	nan	nan
7	a	0	659852	0	nan	1	5	659852	0	0	0	nan	0	0	0	0	0	0	nan	0	0	0	nan	nan	nan	nan	nan	nan
8	g	0	659858	0	nan	1	5	659858	0	0	0	nan	0	0	0	0	0	0	nan	0	0	0	nan	nan	nan	nan	nan	nan
9	g	0	659913	0	nan	1	5	659913	0	0	0	nan	0	0	0	0	0	0	nan	0	0	0	nan	nan	nan	nan	nan	nan
10	g	0	668057	0	nan	1	5	668057	0	0	0	nan	0	0	0	0	0	0	nan	0	0	0	nan	nan	nan	nan	nan	nan
11	u	0	668187	0	nan	1	5	668187	0	0	0	nan	0	0	0	0	0	0	nan	0	0	0	nan	nan	nan	nan	nan	nan
12	g	0	668418	0	nan	1	5	668418	0	0	0	nan	0	0	0	0	0	0	nan	0	0	0	nan	nan	nan	nan	nan	nan
13	a	0	668423	0	nan	12	5	668423	0	0	0	nan	0	0	0	0	0	0	nan	0	0	0	nan	nan	nan	nan	nan	nan
14	a	0	668424	0	nan	12	5	668424	0	0	0	nan	0	0	0	0	0	0	nan	0	0	0	nan	nan	nan	nan	nan	nan
15	g	0	668424	0	nan	129	5	668424	0	0	0	nan	0	0	0	0	0	0	nan	0	0	0	nan	nan	nan	nan	nan	nan
16	u	0	668426	0	nan	143	5	668426	0	0	0	nan	0	0	0	0	0	0	nan	0	0	0	nan	nan	nan	nan	nan	nan
17	g	0	668429	0	nan	143	5	668429	0	0	0	nan	0	0	0	0	0	0	nan	0	0	0	nan	nan	nan	nan	nan	nan
18	u	0	668430	0	nan	150	5	668430	0	0	0	nan	0	0	0	0	0	0	nan	0	0	0	nan	nan	nan	nan	nan	nan
19	a	0	668437	0	nan	150	5	668437	0	0	0	nan	0	0	0	0	0	0	nan	0	0	0	nan	nan	nan	nan	nan	nan
20	A	0	668444	4	0.000000	168	5	668444	0	0	0	nan	0	0	0	0	0	0	nan	0	0	0	0.000000	0.000000	nan	nan	nan	nan
21	G	0	668460	15	0.000000	211	5	668460	0	0	0	nan	0	0	0	0	0	0	nan	0	0	0	0.000000	0.000000	nan	nan	nan	nan
22	G	0	668465	17	0.000000	211	5	668465	0	0	0	nan	0	0	0	0	0	0	nan	0	0	0	0.000000	0.000000	nan	nan	nan	nan
23	U	0	668466	667079	0.000000	245	5	668466	0	0	0	nan	0	0	0	0	0	0	nan	0	0	0	0.000000	0.000000	0.000000	0.000000	nan	nan
24	U	848	668467	666974	0.001271	245	5	668467	0	0	0	nan	0	0	0	0	0	0	nan	0	0	0	0.001271	0.000044	0.001271	0.000044	nan	nan
25	G	552	668469	666876	0.000828	245	5	668469	0	0	0	nan	0	0	0	0	0	0	nan	0	0	0	0.000828	0.000035	0.000828	0.000035	nan	nan
26	A	308	668473	667281	0.000462	245	5	668472	0	0	0	nan	0	0	0	0	0	0	nan	0	0	0	0.000462	0.000026	0.000462	0.000026	nan	nan
27	A	450	668474	667035	0.000675	245	5	668472	0	0	0	nan	0	0	0	0	0	0	nan	0	0	0	0.000675	0.000032	0.000675	0.000032	nan	nan
28	C	837	668475	666620	0.001256	245	5	668472	0	0	0	nan	0	0	0	0	0	0	nan	0	0	0	0.001256	0.000043	0.001256	0.000043	nan	nan
29	U	950	668477	665915	0.001427	245	5	668473	0	0	0	nan	0	0	0	0	0	0	nan	0	0	0	0.001427	0.000046	0.001427	0.000046	nan	nan
30	U	992	668477	666289	0.001489	245	5	668473	0	0	0	nan	0	0	0	0	0	0	nan	0	0	0	0.001489	0.000047	0.001489	0.000047	nan	nan
31	U	1315	668488	666727	0.001972	245	5	668483	0	0	0	nan	0	0	0	0	0	0	nan	0	0	0	0.001972	0.000054	0.001972	0.000054	nan	nan
32	U	705	668499	667348	0.001056	245	5	668493	0	0	0	nan	0	0	0	0	0	0	nan	0	0	0	0.001056	0.000040	0.001056	0.000040	nan	nan
33	G	446	668608	667206	0.000668	245	5	668600	0	0	0	nan	0	0	0	0	0	0	nan	0	0	0	0.000668	0.000032	0.000668	0.000032	nan	nan
34	A	413	668671	667439	0.000619	245	5	668658	0	0	0	nan	0	0	0	0	0	0	nan	0	0	0	0.000619	0.000030	0.000619	0.000030	nan	nan
35	A	443	668672	667000	0.000664	245	5	668656	0	0	0	nan	0	0	0	0	0	0	nan	0	0	0	0.000664	0.000032	0.000664	0.000032	nan	nan
36	U	612	668674	667121	0.000917	246	5	668657	0	0	0	nan	0	0	0	0	0	0	nan	0	0	0	0.000917	0.000037	0.000917	0.000037	nan	nan
37	A	488	668674	667340	0.000731	246	5	668654	0	0	0	nan	0	0	0	0	0	0	nan	0	0	0	0.000731	0.000033	0.000731	0.000033	nan	nan
38	G	702	668676	666655	0.001053	247	5	668658	0	0	0	nan	0	0	0	0	0	0	nan	0	0	0	0.001053	0.000040	0.001053	0.000040	nan	nan
39	U	811	668681	667426	0.001215	247	5	668664	0	0	0	nan	0	0	0	0	0	0	nan	0	0	0	0.001215	0.000043	0.001215	0.000043	nan	nan
40	G	994	668686	666726	0.001491	247	5	668668	0	0	0	nan	0	0	0	0	0	0	nan	0	0	0	0.001491	0.000047	0.001491	0.000047	nan	nan
41	A	749	668687	667017	0.001123	247	5	668669	0	0	0	nan	0	0	0	0	0	0	nan	0	0	0	0.001123	0.000041	0.001123	0.000041	nan	nan
42	U	1408	668690	666607	0.002112	248	5	668674	0	0	0	nan	0	0	0	0	0	0	nan	0	0	0	0.002112	0.000056	0.002112	0.000056	nan	nan
43	U	1034	668692	666854	0.001551	248	5	668677	0	0	0	nan	0	0	0	0	0	0	nan	0	0	0	0.001551	0.000048	0.001551	0.000048	nan	nan
44	C	1108	668708	667151	0.001661	248	5	668694	0	0	0	nan	0	0	0	0	0	0	nan	0	0	0	0.001661	0.000050	0.001661	0.000050	nan	nan
45	A	633	668723	667607	0.000948	248	5	668711	0	0	0	nan	0	0	0	0	0	0	nan	0	0	0	0.000948	0.000038	0.000948	0.000038	nan	nan
46	G	810	668742	666932	0.001215	248	5	668732	0	0	0	nan	0	0	0	0	0	0	nan	0	0	0	0.001215	0.000043	0.001215	0.000043	nan	nan
47	G	1021	668747	667131	0.001530	248	5	668738	0	0	0	nan	0	0	0	0	0	0	nan	0	0	0	0.001530	0.000048	0.001530	0.000048	nan	nan
48	A	471	668749	667395	0.000706	248	5	668740	0	0	0	nan	0	0	0	0	0	0	nan	0	0	0	0.000706	0.000033	0.000706	0.000033	nan	nan
49	G	823	668753	666930	0.001234	248	5	668744	0	0	0	nan	0	0	0	0	0	0	nan	0	0	0	0.001234	0.000043	0.001234	0.000043	nan	nan
50	G	873	668754	653429	0.001336	248	5	668747	0	0	0	nan	0	0	0	0	0	0	nan	0	0	0	0.001336	0.000045	0.001336	0.000045	nan	nan
51	U	892	668757	653405	0.001365	248	5	668750	0	0	0	nan	0	0	0	0	0	0	nan	0	0	0	0.001365	0.000046	0.001365	0.000046	nan	nan
52	U	975	668760	653330	0.001492	248	5	668754	0	0	0	nan	0	0	0	0	0	0	nan	0	0	0	0.001492	0.000048	0.001492	0.000048	nan	nan
53	A	363	668762	666665	0.000545	246	5	668752	0	0	0	nan	0	0	0	0	0	0	nan	0	0	0	0.000545	0.000029	0.000545	0.000029	nan	nan
54	A	448	668467	664684	0.000674	77	5	667858	0	0	0	nan	0	0	0	0	0	0	nan	0	0	0	0.000674	0.000032	0.000674	0.000032	nan	nan
55	U	1056	668469	663787	0.001591	75	5	667957	0	0	0	nan	0	0	0	0	0	0	nan	0	0	0	0.001591	0.000049	0.001591	0.000049	nan	nan
56	G	1144	668473	663609	0.001724	75	5	668024	0	0	0	nan	0	0	0	0	0	0	nan	0	0	0	0.001724	0.000051	0.001724	0.000051	nan	nan
57	G	0	668492	663952	0.000000	75	5	668444	0	0	0	nan	0	0	0	0	0	0	nan	0	0	0	0.000000	0.000000	0.000000	0.000000	nan	nan
58	A	0	668494	0	nan	75	5	668494	0	0	0	nan	0	0	0	0	0	0	nan	0	0	0	nan	nan	nan	nan	nan	nan
59	A	0	668494	0	nan	75	5	668494	0	0	0	nan	0	0	0	0	0	0	nan	0	0	0	nan	nan	nan	nan	nan	nan
60	G	0	668494	0	nan	75	5	668494	0	0	0	nan	0	0	0	0	0	0	nan	0	0	0	nan	nan	nan	nan	nan	nan
61	u	0	668494	0	nan	75	5	668494	0	0	0	nan	0	0	0	0	0	0	nan	0	0	0	nan	nan	nan	nan	nan	nan
62	a	0	668494	0	nan	75	5	668494	0	0	0	nan	0	0	0	0	0	0	nan	0	0	0	nan	nan	nan	nan	nan	nan
63	a	0	668494	0	nan	75	5	668494	0	0	0	nan	0	0	0	0	0	0	nan	0	0	0	nan	nan	nan	nan	nan	nan
64	a	0	668494	0	nan	75	5	668494	0	0	0	nan	0	0	0	0	0	0	nan	0	0	0	nan	nan	nan	nan	nan	nan
65	g	0	668494	0	nan	75	5	668494	0	0	0	nan	0	0	0	0	0	0	nan	0	0	0	nan	nan	nan	nan	nan	nan
66	g	0	668494	0	nan	75	5	668494	0	0	0	nan	0	0	0	0	0	0	nan	0	0	0	nan	nan	nan	nan	nan	nan
67	u	0	668494	0	nan	72	5	668494	0	0	0	nan	0	0	0	0	0	0	nan	0	0	0	nan	nan	nan	nan	nan	nan
68	a	0	668494	0	nan	71	5	668494	0	0	0	nan	0	0	0	0	0	0	nan	0	0	0	nan	nan	nan	nan	nan	nan
69	a	0	668494	0	nan	71	5	668494	0	0	0	nan	0	0	0	0	0	0	nan	0	0	0	nan	nan	nan	nan	nan	nan
70	u	0	668494	0	nan	71	5	668494	0	0	0	nan	0	0	0	0	0	0	nan	0	0	0	nan	nan	nan	nan	nan	nan
71	g	0	668494	0	nan	71	5	668494	0	0	0	nan	0	0	0	0	0	0	nan	0	0	0	nan	nan	nan	nan	nan	nan
72	a	0	668494	0	nan	71	5	668494	0	0	0	nan	0	0	0	0	0	0	nan	0	0	0	nan	nan	nan	nan	nan	nan
73	a	0	668494	0	nan	71	5	668494	0	0	0	nan	0	0	0	0	0	0	nan	0	0	0	nan	nan	nan	nan	nan	nan
74	g	0	668494	0	nan	71	5	668494	0	0	0	nan	0	0	0	0	0	0	nan	0	0	0	nan	nan	nan	nan	nan	nan
75	g	0	668489	0	nan	71	5	668489	0	0	0	nan	0	0	0	0	0	0	nan	0	0	0	nan	nan	nan	nan	nan	nan
76	u	0	668469	0	nan	71	5	668469	0	0	0	nan	0	0	0	0	0	0	nan	0	0	0	nan	nan	nan	nan	nan	nan
77	g	0	668457	0	nan	71	5	668457	0	0	0	nan	0	0	0	0	0	0	nan	0	0	0	nan	nan	nan	nan	nan	nan
78	a	0	668448	0	nan	71	5	668448	0	0	0	nan	0	0	0	0	0	0	nan	0	0	0	nan	nan	nan	nan	nan	nan
79	a	0	668332	0	nan	71	5	668332	0	0	0	nan	0	0	0	0	0	0	nan	0	0	0	nan	nan	nan	nan	nan	nan
80	g	0	668094	0	nan	71	5	668094	0	0	0	nan	0	0	0	0	0	0	nan	0	0	0	nan	nan	nan	nan	nan	nan