Nucleotide	Sequence	Modified_mutations	Modified_read_depth	Modified_effective_depth	Modified_rate	Modified_off_target_mapped_depth	Modified_low_mapq_mapped_depth	Modified_primer_pair_1_mapped_depth	Untreated_mutations	Untreated_read_depth	Untreated_effective_depth	Untreated_rate	Untreated_off_target_mapped_depth	Untreated_low_mapq_mapped_depth	Untreated_primer_pair_1_mapped_depth	Denatured_mutations	Denatured_read_depth	Denatured_effective_depth	Denatured_rate	Denatured_off_target_mapped_depth	Denatured_low_mapq_mapped_depth	Denatured_primer_pair_1_mapped_depth	Reactivity_profile	Std_err	HQ_profile	HQ_stderr	Norm_profile	Norm_stderr
1	g	0	203440	0	nan	6	0	203440	0	0	0	nan	0	0	0	0	0	0	nan	0	0	0	nan	nan	nan	nan	nan	nan
2	g	0	203830	0	nan	6	0	203830	0	0	0	nan	0	0	0	0	0	0	nan	0	0	0	nan	nan	nan	nan	nan	nan
3	c	0	203951	0	nan	6	0	203951	0	0	0	nan	0	0	0	0	0	0	nan	0	0	0	nan	nan	nan	nan	nan	nan
4	a	0	205560	0	nan	8	0	205560	0	0	0	nan	0	0	0	0	0	0	nan	0	0	0	nan	nan	nan	nan	nan	nan
5	c	0	205616	0	nan	8	0	205616	0	0	0	nan	0	0	0	0	0	0	nan	0	0	0	nan	nan	nan	nan	nan	nan
6	c	0	205629	0	nan	8	0	205629	0	0	0	nan	0	0	0	0	0	0	nan	0	0	0	nan	nan	nan	nan	nan	nan
7	u	0	205631	0	nan	8	0	205631	0	0	0	nan	0	0	0	0	0	0	nan	0	0	0	nan	nan	nan	nan	nan	nan
8	c	0	205634	0	nan	8	0	205634	0	0	0	nan	0	0	0	0	0	0	nan	0	0	0	nan	nan	nan	nan	nan	nan
9	a	0	205634	0	nan	8	0	205634	0	0	0	nan	0	0	0	0	0	0	nan	0	0	0	nan	nan	nan	nan	nan	nan
10	u	0	205649	0	nan	8	0	205649	0	0	0	nan	0	0	0	0	0	0	nan	0	0	0	nan	nan	nan	nan	nan	nan
11	a	0	205664	0	nan	8	0	205664	0	0	0	nan	0	0	0	0	0	0	nan	0	0	0	nan	nan	nan	nan	nan	nan
12	a	0	205676	0	nan	8	0	205676	0	0	0	nan	0	0	0	0	0	0	nan	0	0	0	nan	nan	nan	nan	nan	nan
13	c	0	205678	0	nan	8	0	205678	0	0	0	nan	0	0	0	0	0	0	nan	0	0	0	nan	nan	nan	nan	nan	nan
14	a	0	205679	0	nan	8	0	205679	0	0	0	nan	0	0	0	0	0	0	nan	0	0	0	nan	nan	nan	nan	nan	nan
15	u	0	205679	0	nan	8	0	205679	0	0	0	nan	0	0	0	0	0	0	nan	0	0	0	nan	nan	nan	nan	nan	nan
16	a	0	205681	0	nan	8	0	205681	0	0	0	nan	0	0	0	0	0	0	nan	0	0	0	nan	nan	nan	nan	nan	nan
17	a	0	205683	0	nan	8	0	205683	0	0	0	nan	0	0	0	0	0	0	nan	0	0	0	nan	nan	nan	nan	nan	nan
18	c	0	205686	0	nan	8	0	205686	0	0	0	nan	0	0	0	0	0	0	nan	0	0	0	nan	nan	nan	nan	nan	nan
19	U	0	205687	1	0.000000	8	0	205687	0	0	0	nan	0	0	0	0	0	0	nan	0	0	0	0.000000	0.000000	nan	nan	nan	nan
20	A	0	205692	4	0.000000	8	1	205692	0	0	0	nan	0	0	0	0	0	0	nan	0	0	0	0.000000	0.000000	nan	nan	nan	nan
21	A	0	205694	6	0.000000	8	1	205694	0	0	0	nan	0	0	0	0	0	0	nan	0	0	0	0.000000	0.000000	nan	nan	nan	nan
22	G	0	205704	203442	0.000000	8	1	205704	0	0	0	nan	0	0	0	0	0	0	nan	0	0	0	0.000000	0.000000	0.000000	0.000000	0.000000	0.000000
23	G	543	205710	196675	0.002761	8	1	205710	0	0	0	nan	0	0	0	0	0	0	nan	0	0	0	0.002761	0.000118	0.002761	0.000118	1.159597	0.049559
24	C	1677	205725	198041	0.008468	8	1	205725	0	0	0	nan	0	0	0	0	0	0	nan	0	0	0	0.008468	0.000207	0.008468	0.000207	1.173829	0.028694
25	A	2315	205748	198681	0.011652	8	1	205748	0	0	0	nan	0	0	0	0	0	0	nan	0	0	0	0.011652	0.000242	0.011652	0.000242	0.639684	0.013286
26	G	301	205755	197130	0.001527	8	1	205755	0	0	0	nan	0	0	0	0	0	0	nan	0	0	0	0.001527	0.000088	0.001527	0.000088	0.641327	0.036959
27	A	3722	205760	203686	0.018273	8	1	205760	0	0	0	nan	0	0	0	0	0	0	nan	0	0	0	0.018273	0.000300	0.018273	0.000300	1.003170	0.016470
28	U	1115	205762	203549	0.005478	8	1	205761	0	0	0	nan	0	0	0	0	0	0	nan	0	0	0	0.005478	0.000164	0.005478	0.000164	1.216050	0.036406
29	C	6454	205764	203938	0.031647	8	1	205760	0	0	0	nan	0	0	0	0	0	0	nan	0	0	0	0.031647	0.000394	0.031647	0.000394	4.386887	0.054616
30	U	907	205767	203799	0.004450	8	1	205760	0	0	0	nan	0	0	0	0	0	0	nan	0	0	0	0.004450	0.000148	0.004450	0.000148	0.987846	0.032854
31	G	295	205770	202067	0.001460	8	1	205764	0	0	0	nan	0	0	0	0	0	0	nan	0	0	0	0.001460	0.000085	0.001460	0.000085	0.613188	0.035699
32	A	1434	205771	203455	0.007048	8	1	205765	0	0	0	nan	0	0	0	0	0	0	nan	0	0	0	0.007048	0.000186	0.007048	0.000186	0.386929	0.010211
33	G	406	205773	193254	0.002101	8	1	205765	0	0	0	nan	0	0	0	0	0	0	nan	0	0	0	0.002101	0.000104	0.002101	0.000104	0.882402	0.043679
34	C	975	205774	193859	0.005029	8	1	205765	0	0	0	nan	0	0	0	0	0	0	nan	0	0	0	0.005029	0.000161	0.005029	0.000161	0.697117	0.022318
35	C	784	205785	194005	0.004041	8	1	205765	0	0	0	nan	0	0	0	0	0	0	nan	0	0	0	0.004041	0.000144	0.004041	0.000144	0.560161	0.019961
36	U	824	205789	197214	0.004178	8	1	205746	0	0	0	nan	0	0	0	0	0	0	nan	0	0	0	0.004178	0.000146	0.004178	0.000146	0.927465	0.032410
37	G	460	205828	199011	0.002311	8	1	205779	0	0	0	nan	0	0	0	0	0	0	nan	0	0	0	0.002311	0.000108	0.002311	0.000108	0.970601	0.045359
38	G	290	205855	199472	0.001454	8	1	205833	0	0	0	nan	0	0	0	0	0	0	nan	0	0	0	0.001454	0.000085	0.001454	0.000085	0.610668	0.035699
39	G	394	205856	199633	0.001974	8	1	205839	0	0	0	nan	0	0	0	0	0	0	nan	0	0	0	0.001974	0.000099	0.001974	0.000099	0.829063	0.041579
40	G	412	205861	200205	0.002058	8	1	205846	0	0	0	nan	0	0	0	0	0	0	nan	0	0	0	0.002058	0.000101	0.002058	0.000101	0.864343	0.042419
41	G	471	205877	197831	0.002381	8	1	205867	0	0	0	nan	0	0	0	0	0	0	nan	0	0	0	0.002381	0.000110	0.002381	0.000110	1.000000	0.046199
42	C	731	205898	204639	0.003572	8	1	205890	0	0	0	nan	0	0	0	0	0	0	nan	0	0	0	0.003572	0.000132	0.003572	0.000132	0.495148	0.018298
43	U	778	205901	204891	0.003797	8	1	205893	0	0	0	nan	0	0	0	0	0	0	nan	0	0	0	0.003797	0.000136	0.003797	0.000136	0.842888	0.030190
44	C	540	205901	204903	0.002635	8	1	205894	0	0	0	nan	0	0	0	0	0	0	nan	0	0	0	0.002635	0.000113	0.002635	0.000113	0.365262	0.015664
45	U	927	205904	204938	0.004523	8	1	205898	0	0	0	nan	0	0	0	0	0	0	nan	0	0	0	0.004523	0.000149	0.004523	0.000149	1.004051	0.033076
46	C	995	205905	204704	0.004861	8	1	205900	0	0	0	nan	0	0	0	0	0	0	nan	0	0	0	0.004861	0.000154	0.004861	0.000154	0.673829	0.021347
47	U	900	205906	204652	0.004398	8	1	205898	0	0	0	nan	0	0	0	0	0	0	nan	0	0	0	0.004398	0.000147	0.004398	0.000147	0.976303	0.032632
48	G	453	205904	201399	0.002249	8	1	205889	0	0	0	nan	0	0	0	0	0	0	nan	0	0	0	0.002249	0.000106	0.002249	0.000106	0.944561	0.044519
49	C	1471	205907	203898	0.007214	8	1	205895	0	0	0	nan	0	0	0	0	0	0	nan	0	0	0	0.007214	0.000188	0.007214	0.000188	1.000000	0.026060
50	C	1414	205909	203679	0.006942	8	1	205900	0	0	0	nan	0	0	0	0	0	0	nan	0	0	0	0.006942	0.000185	0.006942	0.000185	0.962296	0.025645
51	A	3715	205914	204164	0.018196	8	1	205912	0	0	0	nan	0	0	0	0	0	0	nan	0	0	0	0.018196	0.000299	0.018196	0.000299	0.998943	0.016415
52	A	0	205915	204490	0.000000	8	1	205915	0	0	0	nan	0	0	0	0	0	0	nan	0	0	0	0.000000	0.000000	0.000000	0.000000	0.000000	0.000000
53	U	0	205899	48	0.000000	6	1	205899	0	0	0	nan	0	0	0	0	0	0	nan	0	0	0	0.000000	0.000000	nan	nan	nan	nan
54	C	0	205823	1	0.000000	6	1	205823	0	0	0	nan	0	0	0	0	0	0	nan	0	0	0	0.000000	0.000000	nan	nan	nan	nan
55	C	0	205823	1	0.000000	6	1	205823	0	0	0	nan	0	0	0	0	0	0	nan	0	0	0	0.000000	0.000000	nan	nan	nan	nan
56	a	0	205822	0	nan	6	1	205822	0	0	0	nan	0	0	0	0	0	0	nan	0	0	0	nan	nan	nan	nan	nan	nan
57	c	0	205822	0	nan	6	1	205822	0	0	0	nan	0	0	0	0	0	0	nan	0	0	0	nan	nan	nan	nan	nan	nan
58	u	0	205822	0	nan	6	1	205822	0	0	0	nan	0	0	0	0	0	0	nan	0	0	0	nan	nan	nan	nan	nan	nan
59	a	0	205822	0	nan	6	1	205822	0	0	0	nan	0	0	0	0	0	0	nan	0	0	0	nan	nan	nan	nan	nan	nan
60	a	0	205822	0	nan	6	1	205822	0	0	0	nan	0	0	0	0	0	0	nan	0	0	0	nan	nan	nan	nan	nan	nan
61	c	0	205822	0	nan	1	1	205822	0	0	0	nan	0	0	0	0	0	0	nan	0	0	0	nan	nan	nan	nan	nan	nan
62	c	0	205822	0	nan	1	1	205822	0	0	0	nan	0	0	0	0	0	0	nan	0	0	0	nan	nan	nan	nan	nan	nan
63	u	0	205822	0	nan	1	1	205822	0	0	0	nan	0	0	0	0	0	0	nan	0	0	0	nan	nan	nan	nan	nan	nan
64	c	0	205822	0	nan	0	1	205822	0	0	0	nan	0	0	0	0	0	0	nan	0	0	0	nan	nan	nan	nan	nan	nan
65	a	0	205822	0	nan	0	1	205822	0	0	0	nan	0	0	0	0	0	0	nan	0	0	0	nan	nan	nan	nan	nan	nan
66	c	0	205822	0	nan	0	1	205822	0	0	0	nan	0	0	0	0	0	0	nan	0	0	0	nan	nan	nan	nan	nan	nan
67	u	0	205820	0	nan	0	1	205820	0	0	0	nan	0	0	0	0	0	0	nan	0	0	0	nan	nan	nan	nan	nan	nan
68	c	0	205819	0	nan	0	1	205819	0	0	0	nan	0	0	0	0	0	0	nan	0	0	0	nan	nan	nan	nan	nan	nan
69	a	0	205817	0	nan	0	1	205817	0	0	0	nan	0	0	0	0	0	0	nan	0	0	0	nan	nan	nan	nan	nan	nan
70	c	0	205809	0	nan	0	1	205809	0	0	0	nan	0	0	0	0	0	0	nan	0	0	0	nan	nan	nan	nan	nan	nan
71	a	0	205797	0	nan	0	1	205797	0	0	0	nan	0	0	0	0	0	0	nan	0	0	0	nan	nan	nan	nan	nan	nan
72	a	0	205741	0	nan	0	1	205741	0	0	0	nan	0	0	0	0	0	0	nan	0	0	0	nan	nan	nan	nan	nan	nan
73	u	0	205625	0	nan	0	1	205625	0	0	0	nan	0	0	0	0	0	0	nan	0	0	0	nan	nan	nan	nan	nan	nan
74	c	0	205367	0	nan	0	1	205367	0	0	0	nan	0	0	0	0	0	0	nan	0	0	0	nan	nan	nan	nan	nan	nan