Nucleotide	Sequence	Modified_mutations	Modified_read_depth	Modified_effective_depth	Modified_rate	Modified_off_target_mapped_depth	Modified_low_mapq_mapped_depth	Modified_primer_pair_1_mapped_depth	Untreated_mutations	Untreated_read_depth	Untreated_effective_depth	Untreated_rate	Untreated_off_target_mapped_depth	Untreated_low_mapq_mapped_depth	Untreated_primer_pair_1_mapped_depth	Denatured_mutations	Denatured_read_depth	Denatured_effective_depth	Denatured_rate	Denatured_off_target_mapped_depth	Denatured_low_mapq_mapped_depth	Denatured_primer_pair_1_mapped_depth	Reactivity_profile	Std_err	HQ_profile	HQ_stderr	Norm_profile	Norm_stderr
1	g	0	237779	0	nan	28	1	237779	0	0	0	nan	0	0	0	0	0	0	nan	0	0	0	nan	nan	nan	nan	nan	nan
2	g	0	238338	0	nan	29	1	238338	0	0	0	nan	0	0	0	0	0	0	nan	0	0	0	nan	nan	nan	nan	nan	nan
3	c	0	238505	0	nan	29	1	238505	0	0	0	nan	0	0	0	0	0	0	nan	0	0	0	nan	nan	nan	nan	nan	nan
4	a	0	243988	0	nan	55	1	243988	0	0	0	nan	0	0	0	0	0	0	nan	0	0	0	nan	nan	nan	nan	nan	nan
5	c	0	244091	0	nan	55	1	244091	0	0	0	nan	0	0	0	0	0	0	nan	0	0	0	nan	nan	nan	nan	nan	nan
6	c	0	244121	0	nan	55	1	244121	0	0	0	nan	0	0	0	0	0	0	nan	0	0	0	nan	nan	nan	nan	nan	nan
7	u	0	244125	0	nan	55	1	244125	0	0	0	nan	0	0	0	0	0	0	nan	0	0	0	nan	nan	nan	nan	nan	nan
8	c	0	244127	0	nan	55	1	244127	0	0	0	nan	0	0	0	0	0	0	nan	0	0	0	nan	nan	nan	nan	nan	nan
9	a	0	244128	0	nan	55	1	244128	0	0	0	nan	0	0	0	0	0	0	nan	0	0	0	nan	nan	nan	nan	nan	nan
10	u	0	244165	0	nan	55	1	244165	0	0	0	nan	0	0	0	0	0	0	nan	0	0	0	nan	nan	nan	nan	nan	nan
11	a	0	244208	0	nan	55	1	244208	0	0	0	nan	0	0	0	0	0	0	nan	0	0	0	nan	nan	nan	nan	nan	nan
12	a	0	244216	0	nan	55	1	244216	0	0	0	nan	0	0	0	0	0	0	nan	0	0	0	nan	nan	nan	nan	nan	nan
13	c	0	244229	0	nan	55	1	244229	0	0	0	nan	0	0	0	0	0	0	nan	0	0	0	nan	nan	nan	nan	nan	nan
14	a	0	244233	0	nan	55	1	244233	0	0	0	nan	0	0	0	0	0	0	nan	0	0	0	nan	nan	nan	nan	nan	nan
15	u	0	244235	0	nan	55	1	244235	0	0	0	nan	0	0	0	0	0	0	nan	0	0	0	nan	nan	nan	nan	nan	nan
16	a	0	244240	0	nan	55	1	244240	0	0	0	nan	0	0	0	0	0	0	nan	0	0	0	nan	nan	nan	nan	nan	nan
17	a	0	244241	0	nan	55	1	244241	0	0	0	nan	0	0	0	0	0	0	nan	0	0	0	nan	nan	nan	nan	nan	nan
18	c	0	244248	0	nan	55	1	244248	0	0	0	nan	0	0	0	0	0	0	nan	0	0	0	nan	nan	nan	nan	nan	nan
19	U	0	244249	0	nan	55	1	244249	0	0	0	nan	0	0	0	0	0	0	nan	0	0	0	nan	nan	nan	nan	nan	nan
20	A	0	244257	8	0.000000	55	1	244257	0	0	0	nan	0	0	0	0	0	0	nan	0	0	0	0.000000	0.000000	nan	nan	nan	nan
21	A	0	244270	16	0.000000	55	1	244270	0	0	0	nan	0	0	0	0	0	0	nan	0	0	0	0.000000	0.000000	nan	nan	nan	nan
22	G	0	244278	241551	0.000000	55	1	244278	0	0	0	nan	0	0	0	0	0	0	nan	0	0	0	0.000000	0.000000	0.000000	0.000000	0.000000	0.000000
23	G	3569	244285	240558	0.014836	55	1	244285	0	0	0	nan	0	0	0	0	0	0	nan	0	0	0	0.014836	0.000248	0.014836	0.000248	1.271185	0.021249
24	C	3281	244294	241399	0.013592	55	1	244294	0	0	0	nan	0	0	0	0	0	0	nan	0	0	0	0.013592	0.000237	0.013592	0.000237	1.000000	0.017437
25	A	545	244312	242077	0.002251	55	1	244312	0	0	0	nan	0	0	0	0	0	0	nan	0	0	0	0.002251	0.000096	0.002251	0.000096	0.696042	0.029685
26	G	1487	244328	242288	0.006137	55	1	244327	0	0	0	nan	0	0	0	0	0	0	nan	0	0	0	0.006137	0.000159	0.006137	0.000159	0.525833	0.013624
27	A	1070	244341	242462	0.004413	55	1	244340	0	0	0	nan	0	0	0	0	0	0	nan	0	0	0	0.004413	0.000135	0.004413	0.000135	1.364564	0.041744
28	U	1631	244352	242145	0.006736	55	1	244351	0	0	0	nan	0	0	0	0	0	0	nan	0	0	0	0.006736	0.000167	0.006736	0.000167	0.930098	0.023059
29	C	2484	244355	242344	0.010250	55	1	244353	0	0	0	nan	0	0	0	0	0	0	nan	0	0	0	0.010250	0.000206	0.010250	0.000206	0.754120	0.015156
30	U	1365	244360	242259	0.005634	55	1	244354	0	0	0	nan	0	0	0	0	0	0	nan	0	0	0	0.005634	0.000153	0.005634	0.000153	0.777935	0.021126
31	G	2156	244366	241900	0.008913	55	1	244360	0	0	0	nan	0	0	0	0	0	0	nan	0	0	0	0.008913	0.000192	0.008913	0.000192	0.763688	0.016451
32	A	688	244369	242181	0.002841	55	1	244360	0	0	0	nan	0	0	0	0	0	0	nan	0	0	0	0.002841	0.000108	0.002841	0.000108	0.878479	0.033395
33	G	1646	244375	241053	0.006828	55	1	244363	0	0	0	nan	0	0	0	0	0	0	nan	0	0	0	0.006828	0.000168	0.006828	0.000168	0.585040	0.014395
34	C	2431	244375	235740	0.010312	55	1	244350	0	0	0	nan	0	0	0	0	0	0	nan	0	0	0	0.010312	0.000209	0.010312	0.000209	0.758682	0.015377
35	C	1355	244382	235462	0.005755	55	1	244344	0	0	0	nan	0	0	0	0	0	0	nan	0	0	0	0.005755	0.000156	0.005755	0.000156	0.423411	0.011477
36	U	741	244391	235276	0.003149	55	1	244337	0	0	0	nan	0	0	0	0	0	0	nan	0	0	0	0.003149	0.000116	0.003149	0.000116	0.434810	0.016017
37	G	1514	244419	238629	0.006345	55	1	244304	0	0	0	nan	0	0	0	0	0	0	nan	0	0	0	0.006345	0.000163	0.006345	0.000163	0.543655	0.013966
38	G	1397	244429	232970	0.005996	55	1	244322	0	0	0	nan	0	0	0	0	0	0	nan	0	0	0	0.005996	0.000160	0.005996	0.000160	0.513752	0.013709
39	G	1453	244442	225456	0.006445	55	1	244361	0	0	0	nan	0	0	0	0	0	0	nan	0	0	0	0.006445	0.000169	0.006445	0.000169	0.552223	0.014480
40	G	2351	244456	223954	0.010498	55	1	244426	0	0	0	nan	0	0	0	0	0	0	nan	0	0	0	0.010498	0.000217	0.010498	0.000217	0.899494	0.018593
41	G	1819	244461	232652	0.007819	55	1	244446	0	0	0	nan	0	0	0	0	0	0	nan	0	0	0	0.007819	0.000183	0.007819	0.000183	0.669951	0.015680
42	C	2621	244466	240880	0.010881	34	1	244452	0	0	0	nan	0	0	0	0	0	0	nan	0	0	0	0.010881	0.000213	0.010881	0.000213	0.800544	0.015671
43	U	1945	244470	241201	0.008064	34	1	244459	0	0	0	nan	0	0	0	0	0	0	nan	0	0	0	0.008064	0.000183	0.008064	0.000183	1.113466	0.025268
44	C	1740	244473	241444	0.007207	34	1	244463	0	0	0	nan	0	0	0	0	0	0	nan	0	0	0	0.007207	0.000173	0.007207	0.000173	0.530238	0.012728
45	U	1210	244477	241671	0.005007	34	1	244469	0	0	0	nan	0	0	0	0	0	0	nan	0	0	0	0.005007	0.000144	0.005007	0.000144	0.691360	0.019883
46	C	2495	244483	241607	0.010327	34	1	244476	0	0	0	nan	0	0	0	0	0	0	nan	0	0	0	0.010327	0.000207	0.010327	0.000207	0.759785	0.015230
47	U	1789	244478	241385	0.007411	34	1	244473	0	0	0	nan	0	0	0	0	0	0	nan	0	0	0	0.007411	0.000175	0.007411	0.000175	1.023301	0.024164
48	G	2805	244478	240339	0.011671	34	1	244473	0	0	0	nan	0	0	0	0	0	0	nan	0	0	0	0.011671	0.000220	0.011671	0.000220	1.000000	0.018850
49	C	7495	244478	241028	0.031096	34	1	244473	0	0	0	nan	0	0	0	0	0	0	nan	0	0	0	0.031096	0.000359	0.031096	0.000359	2.287816	0.026413
50	C	7608	244480	242484	0.031375	34	1	244475	0	0	0	nan	0	0	0	0	0	0	nan	0	0	0	0.031375	0.000360	0.031375	0.000360	2.308343	0.026486
51	A	551	244480	243144	0.002266	34	1	244478	0	0	0	nan	0	0	0	0	0	0	nan	0	0	0	0.002266	0.000097	0.002266	0.000097	0.700680	0.029994
52	A	0	244479	241370	0.000000	34	1	244479	0	0	0	nan	0	0	0	0	0	0	nan	0	0	0	0.000000	0.000000	0.000000	0.000000	0.000000	0.000000
53	U	0	244464	192	0.000000	29	1	244464	0	0	0	nan	0	0	0	0	0	0	nan	0	0	0	0.000000	0.000000	nan	nan	nan	nan
54	C	0	244224	1	0.000000	26	1	244224	0	0	0	nan	0	0	0	0	0	0	nan	0	0	0	0.000000	0.000000	nan	nan	nan	nan
55	C	0	244222	0	nan	26	1	244222	0	0	0	nan	0	0	0	0	0	0	nan	0	0	0	nan	nan	nan	nan	nan	nan
56	a	0	244222	0	nan	26	1	244222	0	0	0	nan	0	0	0	0	0	0	nan	0	0	0	nan	nan	nan	nan	nan	nan
57	c	0	244222	0	nan	26	1	244222	0	0	0	nan	0	0	0	0	0	0	nan	0	0	0	nan	nan	nan	nan	nan	nan
58	u	0	244222	0	nan	26	1	244222	0	0	0	nan	0	0	0	0	0	0	nan	0	0	0	nan	nan	nan	nan	nan	nan
59	a	0	244222	0	nan	26	1	244222	0	0	0	nan	0	0	0	0	0	0	nan	0	0	0	nan	nan	nan	nan	nan	nan
60	a	0	244222	0	nan	26	1	244222	0	0	0	nan	0	0	0	0	0	0	nan	0	0	0	nan	nan	nan	nan	nan	nan
61	c	0	244222	0	nan	16	1	244222	0	0	0	nan	0	0	0	0	0	0	nan	0	0	0	nan	nan	nan	nan	nan	nan
62	c	0	244222	0	nan	16	1	244222	0	0	0	nan	0	0	0	0	0	0	nan	0	0	0	nan	nan	nan	nan	nan	nan
63	u	0	244222	0	nan	0	1	244222	0	0	0	nan	0	0	0	0	0	0	nan	0	0	0	nan	nan	nan	nan	nan	nan
64	c	0	244222	0	nan	0	1	244222	0	0	0	nan	0	0	0	0	0	0	nan	0	0	0	nan	nan	nan	nan	nan	nan
65	a	0	244222	0	nan	0	1	244222	0	0	0	nan	0	0	0	0	0	0	nan	0	0	0	nan	nan	nan	nan	nan	nan
66	c	0	244220	0	nan	0	1	244220	0	0	0	nan	0	0	0	0	0	0	nan	0	0	0	nan	nan	nan	nan	nan	nan
67	u	0	244220	0	nan	0	1	244220	0	0	0	nan	0	0	0	0	0	0	nan	0	0	0	nan	nan	nan	nan	nan	nan
68	c	0	244220	0	nan	0	1	244220	0	0	0	nan	0	0	0	0	0	0	nan	0	0	0	nan	nan	nan	nan	nan	nan
69	a	0	244220	0	nan	0	1	244220	0	0	0	nan	0	0	0	0	0	0	nan	0	0	0	nan	nan	nan	nan	nan	nan
70	c	0	244214	0	nan	0	1	244214	0	0	0	nan	0	0	0	0	0	0	nan	0	0	0	nan	nan	nan	nan	nan	nan
71	a	0	244211	0	nan	0	0	244211	0	0	0	nan	0	0	0	0	0	0	nan	0	0	0	nan	nan	nan	nan	nan	nan
72	a	0	244142	0	nan	0	0	244142	0	0	0	nan	0	0	0	0	0	0	nan	0	0	0	nan	nan	nan	nan	nan	nan
73	u	0	244023	0	nan	0	0	244023	0	0	0	nan	0	0	0	0	0	0	nan	0	0	0	nan	nan	nan	nan	nan	nan
74	c	0	243664	0	nan	0	0	243664	0	0	0	nan	0	0	0	0	0	0	nan	0	0	0	nan	nan	nan	nan	nan	nan