Nucleotide	Sequence	Modified_mutations	Modified_read_depth	Modified_effective_depth	Modified_rate	Modified_off_target_mapped_depth	Modified_low_mapq_mapped_depth	Modified_primer_pair_1_mapped_depth	Untreated_mutations	Untreated_read_depth	Untreated_effective_depth	Untreated_rate	Untreated_off_target_mapped_depth	Untreated_low_mapq_mapped_depth	Untreated_primer_pair_1_mapped_depth	Denatured_mutations	Denatured_read_depth	Denatured_effective_depth	Denatured_rate	Denatured_off_target_mapped_depth	Denatured_low_mapq_mapped_depth	Denatured_primer_pair_1_mapped_depth	Reactivity_profile	Std_err	HQ_profile	HQ_stderr	Norm_profile	Norm_stderr
1	g	0	5039819	0	nan	38	670	5039819	0	0	0	nan	0	0	0	0	0	0	nan	0	0	0	nan	nan	nan	nan	nan	nan
2	g	0	5079789	0	nan	39	673	5079789	0	0	0	nan	0	0	0	0	0	0	nan	0	0	0	nan	nan	nan	nan	nan	nan
3	u	0	5086382	0	nan	39	677	5086382	0	0	0	nan	0	0	0	0	0	0	nan	0	0	0	nan	nan	nan	nan	nan	nan
4	g	0	5090052	0	nan	39	693	5090052	0	0	0	nan	0	0	0	0	0	0	nan	0	0	0	nan	nan	nan	nan	nan	nan
5	u	0	5097328	0	nan	39	695	5097328	0	0	0	nan	0	0	0	0	0	0	nan	0	0	0	nan	nan	nan	nan	nan	nan
6	a	0	5100046	0	nan	39	767	5100046	0	0	0	nan	0	0	0	0	0	0	nan	0	0	0	nan	nan	nan	nan	nan	nan
7	a	0	5100645	0	nan	39	767	5100645	0	0	0	nan	0	0	0	0	0	0	nan	0	0	0	nan	nan	nan	nan	nan	nan
8	g	0	5100998	0	nan	39	767	5100998	0	0	0	nan	0	0	0	0	0	0	nan	0	0	0	nan	nan	nan	nan	nan	nan
9	g	0	5101349	0	nan	39	768	5101349	0	0	0	nan	0	0	0	0	0	0	nan	0	0	0	nan	nan	nan	nan	nan	nan
10	g	0	5102263	0	nan	39	779	5102263	0	0	0	nan	0	0	0	0	0	0	nan	0	0	0	nan	nan	nan	nan	nan	nan
11	u	0	5104352	0	nan	39	781	5104352	0	0	0	nan	0	0	0	0	0	0	nan	0	0	0	nan	nan	nan	nan	nan	nan
12	g	0	5113446	0	nan	74	819	5113446	0	0	0	nan	0	0	0	0	0	0	nan	0	0	0	nan	nan	nan	nan	nan	nan
13	a	0	5122823	0	nan	79	826	5122823	0	0	0	nan	0	0	0	0	0	0	nan	0	0	0	nan	nan	nan	nan	nan	nan
14	a	0	5127128	0	nan	90	827	5127128	0	0	0	nan	0	0	0	0	0	0	nan	0	0	0	nan	nan	nan	nan	nan	nan
15	g	0	5129284	0	nan	266	830	5129284	0	0	0	nan	0	0	0	0	0	0	nan	0	0	0	nan	nan	nan	nan	nan	nan
16	u	0	5131759	0	nan	266	830	5131759	0	0	0	nan	0	0	0	0	0	0	nan	0	0	0	nan	nan	nan	nan	nan	nan
17	g	0	5132915	0	nan	266	843	5132915	0	0	0	nan	0	0	0	0	0	0	nan	0	0	0	nan	nan	nan	nan	nan	nan
18	u	0	5133893	0	nan	268	848	5133893	0	0	0	nan	0	0	0	0	0	0	nan	0	0	0	nan	nan	nan	nan	nan	nan
19	a	0	5134655	0	nan	270	895	5134655	0	0	0	nan	0	0	0	0	0	0	nan	0	0	0	nan	nan	nan	nan	nan	nan
20	A	0	5135664	431	0.000000	270	895	5135664	0	0	0	nan	0	0	0	0	0	0	nan	0	0	0	0.000000	0.000000	nan	nan	nan	nan
21	G	0	5136437	550	0.000000	270	895	5136437	0	0	0	nan	0	0	0	0	0	0	nan	0	0	0	0.000000	0.000000	nan	nan	nan	nan
22	G	0	5136869	455	0.000000	270	895	5136869	0	0	0	nan	0	0	0	0	0	0	nan	0	0	0	0.000000	0.000000	nan	nan	nan	nan
23	U	0	5138072	4681601	0.000000	270	895	5138072	0	0	0	nan	0	0	0	0	0	0	nan	0	0	0	0.000000	0.000000	0.000000	0.000000	0.000000	0.000000
24	U	10098	5138877	4712223	0.002143	270	895	5138877	0	0	0	nan	0	0	0	0	0	0	nan	0	0	0	0.002143	0.000021	0.002143	0.000021	0.809596	0.007934
25	G	5224	5141864	4658279	0.001121	270	895	5141864	0	0	0	nan	0	0	0	0	0	0	nan	0	0	0	0.001121	0.000016	0.001121	0.000016	nan	nan
26	A	63429	5147746	4763401	0.013316	270	895	5147669	0	0	0	nan	0	0	0	0	0	0	nan	0	0	0	0.013316	0.000053	0.013316	0.000053	0.849289	0.003380
27	C	51401	5150518	4628790	0.011105	270	895	5150360	0	0	0	nan	0	0	0	0	0	0	nan	0	0	0	0.011105	0.000049	0.011105	0.000049	1.065075	0.004700
28	C	37651	5151668	4640532	0.008114	270	895	5151472	0	0	0	nan	0	0	0	0	0	0	nan	0	0	0	0.008114	0.000042	0.008114	0.000042	0.778209	0.004028
29	U	13671	5154525	4614241	0.002963	270	895	5154312	0	0	0	nan	0	0	0	0	0	0	nan	0	0	0	0.002963	0.000025	0.002963	0.000025	1.119380	0.009445
30	U	7667	5159004	4664691	0.001644	270	895	5158767	0	0	0	nan	0	0	0	0	0	0	nan	0	0	0	0.001644	0.000019	0.001644	0.000019	0.621080	0.007178
31	U	8606	5163216	4664610	0.001845	270	895	5162944	0	0	0	nan	0	0	0	0	0	0	nan	0	0	0	0.001845	0.000020	0.001845	0.000020	0.697015	0.007556
32	U	9227	5167106	4704087	0.001961	270	895	5166805	0	0	0	nan	0	0	0	0	0	0	nan	0	0	0	0.001961	0.000020	0.001961	0.000020	0.740839	0.007556
33	G	1940	5191359	4756708	0.000408	270	895	5191032	0	0	0	nan	0	0	0	0	0	0	nan	0	0	0	0.000408	0.000009	0.000408	0.000009	nan	nan
34	A	52276	5203328	5007402	0.010440	271	895	5203012	0	0	0	nan	0	0	0	0	0	0	nan	0	0	0	0.010440	0.000046	0.010440	0.000046	0.665859	0.002934
35	A	48797	5207076	5011409	0.009737	271	895	5206741	0	0	0	nan	0	0	0	0	0	0	nan	0	0	0	0.009737	0.000044	0.009737	0.000044	0.621022	0.002806
36	U	3919	5208215	4997748	0.000784	271	895	5207869	0	0	0	nan	0	0	0	0	0	0	nan	0	0	0	0.000784	0.000013	0.000784	0.000013	0.296184	0.004911
37	A	186138	5208894	4816100	0.038649	271	895	5208511	0	0	0	nan	0	0	0	0	0	0	nan	0	0	0	0.038649	0.000090	0.038649	0.000090	2.465017	0.005740
38	G	6755	5209373	4749358	0.001422	279	895	5208998	0	0	0	nan	0	0	0	0	0	0	nan	0	0	0	0.001422	0.000017	0.001422	0.000017	nan	nan
39	U	8835	5209868	4760058	0.001856	279	895	5209463	0	0	0	nan	0	0	0	0	0	0	nan	0	0	0	0.001856	0.000020	0.001856	0.000020	0.701171	0.007556
40	G	7188	5210369	4853459	0.001481	282	895	5209944	0	0	0	nan	0	0	0	0	0	0	nan	0	0	0	0.001481	0.000017	0.001481	0.000017	nan	nan
41	A	77929	5213240	4852071	0.016061	282	895	5212792	0	0	0	nan	0	0	0	0	0	0	nan	0	0	0	0.016061	0.000058	0.016061	0.000058	1.024364	0.003699
42	U	12788	5213970	4831340	0.002647	282	895	5213517	0	0	0	nan	0	0	0	0	0	0	nan	0	0	0	0.002647	0.000023	0.002647	0.000023	1.000000	0.008689
43	U	7429	5215722	4800609	0.001548	285	895	5215221	0	0	0	nan	0	0	0	0	0	0	nan	0	0	0	0.001548	0.000018	0.001548	0.000018	0.584813	0.006800
44	C	46640	5219100	4784394	0.009748	284	895	5218545	0	0	0	nan	0	0	0	0	0	0	nan	0	0	0	0.009748	0.000045	0.009748	0.000045	0.934925	0.004316
45	A	52991	5221219	4775292	0.011097	284	895	5220630	0	0	0	nan	0	0	0	0	0	0	nan	0	0	0	0.011097	0.000048	0.011097	0.000048	0.707762	0.003061
46	G	3667	5222487	4648260	0.000789	282	895	5221909	0	0	0	nan	0	0	0	0	0	0	nan	0	0	0	0.000789	0.000013	0.000789	0.000013	nan	nan
47	G	8605	5225575	4686041	0.001836	284	895	5225001	0	0	0	nan	0	0	0	0	0	0	nan	0	0	0	0.001836	0.000020	0.001836	0.000020	nan	nan
48	A	44838	5233317	4624603	0.009696	284	895	5232736	0	0	0	nan	0	0	0	0	0	0	nan	0	0	0	0.009696	0.000046	0.009696	0.000046	0.618407	0.002934
49	G	13312	5234727	4654626	0.002860	283	895	5234161	0	0	0	nan	0	0	0	0	0	0	nan	0	0	0	0.002860	0.000025	0.002860	0.000025	nan	nan
50	G	2875	5245094	4556099	0.000631	287	895	5244574	0	0	0	nan	0	0	0	0	0	0	nan	0	0	0	0.000631	0.000012	0.000631	0.000012	nan	nan
51	U	12101	5250763	4674394	0.002589	288	895	5250336	0	0	0	nan	0	0	0	0	0	0	nan	0	0	0	0.002589	0.000024	0.002589	0.000024	0.978088	0.009067
52	U	8721	5261802	4684864	0.001862	294	895	5261480	0	0	0	nan	0	0	0	0	0	0	nan	0	0	0	0.001862	0.000020	0.001862	0.000020	0.703438	0.007556
53	A	55444	5267138	4855832	0.011418	294	895	5266831	0	0	0	nan	0	0	0	0	0	0	nan	0	0	0	0.011418	0.000048	0.011418	0.000048	0.728235	0.003061
54	A	77678	5272799	4954163	0.015679	293	895	5272600	0	0	0	nan	0	0	0	0	0	0	nan	0	0	0	0.015679	0.000056	0.015679	0.000056	1.000000	0.003572
55	U	8446	5274033	4861022	0.001737	293	895	5273874	0	0	0	nan	0	0	0	0	0	0	nan	0	0	0	0.001737	0.000019	0.001737	0.000019	0.656215	0.007178
56	G	6441	5274767	4696765	0.001371	293	895	5274631	0	0	0	nan	0	0	0	0	0	0	nan	0	0	0	0.001371	0.000017	0.001371	0.000017	nan	nan
57	G	0	5275727	4701211	0.000000	293	895	5275628	0	0	0	nan	0	0	0	0	0	0	nan	0	0	0	0.000000	0.000000	0.000000	0.000000	nan	nan
58	A	0	5278030	39	0.000000	293	895	5278030	0	0	0	nan	0	0	0	0	0	0	nan	0	0	0	0.000000	0.000000	nan	nan	nan	nan
59	A	0	5277983	33	0.000000	293	895	5277983	0	0	0	nan	0	0	0	0	0	0	nan	0	0	0	0.000000	0.000000	nan	nan	nan	nan
60	G	0	5277944	12	0.000000	292	895	5277944	0	0	0	nan	0	0	0	0	0	0	nan	0	0	0	0.000000	0.000000	nan	nan	nan	nan
61	u	0	5277911	0	nan	291	895	5277911	0	0	0	nan	0	0	0	0	0	0	nan	0	0	0	nan	nan	nan	nan	nan	nan
62	a	0	5277835	0	nan	290	895	5277835	0	0	0	nan	0	0	0	0	0	0	nan	0	0	0	nan	nan	nan	nan	nan	nan
63	a	0	5277781	0	nan	290	892	5277781	0	0	0	nan	0	0	0	0	0	0	nan	0	0	0	nan	nan	nan	nan	nan	nan
64	a	0	5277760	0	nan	289	892	5277760	0	0	0	nan	0	0	0	0	0	0	nan	0	0	0	nan	nan	nan	nan	nan	nan
65	g	0	5277733	0	nan	278	775	5277733	0	0	0	nan	0	0	0	0	0	0	nan	0	0	0	nan	nan	nan	nan	nan	nan
66	g	0	5277707	0	nan	259	764	5277707	0	0	0	nan	0	0	0	0	0	0	nan	0	0	0	nan	nan	nan	nan	nan	nan
67	u	0	5277679	0	nan	252	762	5277679	0	0	0	nan	0	0	0	0	0	0	nan	0	0	0	nan	nan	nan	nan	nan	nan
68	a	0	5277661	0	nan	250	732	5277661	0	0	0	nan	0	0	0	0	0	0	nan	0	0	0	nan	nan	nan	nan	nan	nan
69	a	0	5277643	0	nan	249	731	5277643	0	0	0	nan	0	0	0	0	0	0	nan	0	0	0	nan	nan	nan	nan	nan	nan
70	u	0	5277629	0	nan	249	711	5277629	0	0	0	nan	0	0	0	0	0	0	nan	0	0	0	nan	nan	nan	nan	nan	nan
71	g	0	5277593	0	nan	248	710	5277593	0	0	0	nan	0	0	0	0	0	0	nan	0	0	0	nan	nan	nan	nan	nan	nan
72	a	0	5277553	0	nan	245	707	5277553	0	0	0	nan	0	0	0	0	0	0	nan	0	0	0	nan	nan	nan	nan	nan	nan
73	a	0	5277527	0	nan	245	707	5277527	0	0	0	nan	0	0	0	0	0	0	nan	0	0	0	nan	nan	nan	nan	nan	nan
74	g	0	5277514	0	nan	245	706	5277514	0	0	0	nan	0	0	0	0	0	0	nan	0	0	0	nan	nan	nan	nan	nan	nan
75	g	0	5277469	0	nan	245	705	5277469	0	0	0	nan	0	0	0	0	0	0	nan	0	0	0	nan	nan	nan	nan	nan	nan
76	u	0	5277346	0	nan	245	705	5277346	0	0	0	nan	0	0	0	0	0	0	nan	0	0	0	nan	nan	nan	nan	nan	nan
77	g	0	5277257	0	nan	244	702	5277257	0	0	0	nan	0	0	0	0	0	0	nan	0	0	0	nan	nan	nan	nan	nan	nan
78	a	0	5277176	0	nan	244	700	5277176	0	0	0	nan	0	0	0	0	0	0	nan	0	0	0	nan	nan	nan	nan	nan	nan
79	a	0	5273766	0	nan	242	697	5273766	0	0	0	nan	0	0	0	0	0	0	nan	0	0	0	nan	nan	nan	nan	nan	nan
80	g	0	5271687	0	nan	242	693	5271687	0	0	0	nan	0	0	0	0	0	0	nan	0	0	0	nan	nan	nan	nan	nan	nan