Nucleotide	Sequence	Modified_mutations	Modified_read_depth	Modified_effective_depth	Modified_rate	Modified_off_target_mapped_depth	Modified_low_mapq_mapped_depth	Modified_primer_pair_1_mapped_depth	Untreated_mutations	Untreated_read_depth	Untreated_effective_depth	Untreated_rate	Untreated_off_target_mapped_depth	Untreated_low_mapq_mapped_depth	Untreated_primer_pair_1_mapped_depth	Denatured_mutations	Denatured_read_depth	Denatured_effective_depth	Denatured_rate	Denatured_off_target_mapped_depth	Denatured_low_mapq_mapped_depth	Denatured_primer_pair_1_mapped_depth	Reactivity_profile	Std_err	HQ_profile	HQ_stderr	Norm_profile	Norm_stderr
1	g	0	41433	0	nan	3	0	41433	0	0	0	nan	0	0	0	0	0	0	nan	0	0	0	nan	nan	nan	nan	nan	nan
2	g	0	41461	0	nan	3	0	41461	0	0	0	nan	0	0	0	0	0	0	nan	0	0	0	nan	nan	nan	nan	nan	nan
3	u	0	41483	0	nan	3	0	41483	0	0	0	nan	0	0	0	0	0	0	nan	0	0	0	nan	nan	nan	nan	nan	nan
4	g	0	41500	0	nan	3	0	41500	0	0	0	nan	0	0	0	0	0	0	nan	0	0	0	nan	nan	nan	nan	nan	nan
5	u	0	41510	0	nan	3	0	41510	0	0	0	nan	0	0	0	0	0	0	nan	0	0	0	nan	nan	nan	nan	nan	nan
6	a	0	41515	0	nan	3	0	41515	0	0	0	nan	0	0	0	0	0	0	nan	0	0	0	nan	nan	nan	nan	nan	nan
7	a	0	41527	0	nan	3	0	41527	0	0	0	nan	0	0	0	0	0	0	nan	0	0	0	nan	nan	nan	nan	nan	nan
8	g	0	41575	0	nan	3	0	41575	0	0	0	nan	0	0	0	0	0	0	nan	0	0	0	nan	nan	nan	nan	nan	nan
9	g	0	42705	0	nan	3	0	42705	0	0	0	nan	0	0	0	0	0	0	nan	0	0	0	nan	nan	nan	nan	nan	nan
10	g	0	258983	0	nan	3	0	258983	0	0	0	nan	0	0	0	0	0	0	nan	0	0	0	nan	nan	nan	nan	nan	nan
11	u	0	267414	0	nan	3	0	267414	0	0	0	nan	0	0	0	0	0	0	nan	0	0	0	nan	nan	nan	nan	nan	nan
12	g	0	267639	0	nan	3	0	267639	0	0	0	nan	0	0	0	0	0	0	nan	0	0	0	nan	nan	nan	nan	nan	nan
13	a	0	267650	0	nan	3	0	267650	0	0	0	nan	0	0	0	0	0	0	nan	0	0	0	nan	nan	nan	nan	nan	nan
14	a	0	267657	0	nan	3	0	267657	0	0	0	nan	0	0	0	0	0	0	nan	0	0	0	nan	nan	nan	nan	nan	nan
15	g	0	267675	0	nan	6	0	267675	0	0	0	nan	0	0	0	0	0	0	nan	0	0	0	nan	nan	nan	nan	nan	nan
16	u	0	267689	0	nan	6	0	267689	0	0	0	nan	0	0	0	0	0	0	nan	0	0	0	nan	nan	nan	nan	nan	nan
17	g	0	267704	0	nan	6	0	267704	0	0	0	nan	0	0	0	0	0	0	nan	0	0	0	nan	nan	nan	nan	nan	nan
18	u	0	267711	0	nan	6	0	267711	0	0	0	nan	0	0	0	0	0	0	nan	0	0	0	nan	nan	nan	nan	nan	nan
19	a	0	267788	0	nan	6	0	267788	0	0	0	nan	0	0	0	0	0	0	nan	0	0	0	nan	nan	nan	nan	nan	nan
20	A	0	267807	11	0.000000	6	0	267807	0	0	0	nan	0	0	0	0	0	0	nan	0	0	0	0.000000	0.000000	nan	nan	nan	nan
21	G	0	267840	19	0.000000	6	0	267840	0	0	0	nan	0	0	0	0	0	0	nan	0	0	0	0.000000	0.000000	nan	nan	nan	nan
22	G	0	267849	19	0.000000	6	0	267849	0	0	0	nan	0	0	0	0	0	0	nan	0	0	0	0.000000	0.000000	nan	nan	nan	nan
23	U	0	267872	256983	0.000000	6	0	267872	0	0	0	nan	0	0	0	0	0	0	nan	0	0	0	0.000000	0.000000	0.000000	0.000000	nan	nan
24	U	212	267884	264276	0.000802	6	0	267884	0	0	0	nan	0	0	0	0	0	0	nan	0	0	0	0.000802	0.000055	0.000802	0.000055	nan	nan
25	G	406	267902	265170	0.001531	6	0	267902	0	0	0	nan	0	0	0	0	0	0	nan	0	0	0	0.001531	0.000076	0.001531	0.000076	0.559781	0.027788
26	A	148	267909	264086	0.000560	6	0	267909	0	0	0	nan	0	0	0	0	0	0	nan	0	0	0	0.000560	0.000046	0.000560	0.000046	nan	nan
27	A	239	267914	262299	0.000911	6	0	267914	0	0	0	nan	0	0	0	0	0	0	nan	0	0	0	0.000911	0.000059	0.000911	0.000059	nan	nan
28	C	366	267921	261678	0.001399	6	0	267921	0	0	0	nan	0	0	0	0	0	0	nan	0	0	0	0.001399	0.000073	0.001399	0.000073	nan	nan
29	U	282	267939	261539	0.001078	6	0	267939	0	0	0	nan	0	0	0	0	0	0	nan	0	0	0	0.001078	0.000064	0.001078	0.000064	nan	nan
30	U	216	267975	262123	0.000824	6	0	267969	0	0	0	nan	0	0	0	0	0	0	nan	0	0	0	0.000824	0.000056	0.000824	0.000056	nan	nan
31	U	283	267993	263204	0.001075	6	0	267987	0	0	0	nan	0	0	0	0	0	0	nan	0	0	0	0.001075	0.000064	0.001075	0.000064	nan	nan
32	U	183	268037	264907	0.000691	6	0	268031	0	0	0	nan	0	0	0	0	0	0	nan	0	0	0	0.000691	0.000051	0.000691	0.000051	nan	nan
33	G	684	268097	265473	0.002577	6	0	268091	0	0	0	nan	0	0	0	0	0	0	nan	0	0	0	0.002577	0.000099	0.002577	0.000099	0.942230	0.036197
34	A	162	268109	265795	0.000609	6	0	268103	0	0	0	nan	0	0	0	0	0	0	nan	0	0	0	0.000609	0.000048	0.000609	0.000048	nan	nan
35	A	145	268110	264416	0.000548	6	0	268104	0	0	0	nan	0	0	0	0	0	0	nan	0	0	0	0.000548	0.000046	0.000548	0.000046	nan	nan
36	U	240	268111	264534	0.000907	6	0	268105	0	0	0	nan	0	0	0	0	0	0	nan	0	0	0	0.000907	0.000059	0.000907	0.000059	nan	nan
37	A	228	268114	264803	0.000861	6	0	268108	0	0	0	nan	0	0	0	0	0	0	nan	0	0	0	0.000861	0.000057	0.000861	0.000057	nan	nan
38	G	414	268130	264896	0.001563	6	1	268124	0	0	0	nan	0	0	0	0	0	0	nan	0	0	0	0.001563	0.000077	0.001563	0.000077	0.571481	0.028154
39	U	239	268132	265850	0.000899	6	1	268126	0	0	0	nan	0	0	0	0	0	0	nan	0	0	0	0.000899	0.000058	0.000899	0.000058	nan	nan
40	G	636	268147	264537	0.002404	6	1	268141	0	0	0	nan	0	0	0	0	0	0	nan	0	0	0	0.002404	0.000095	0.002404	0.000095	0.878976	0.034735
41	A	278	268160	264480	0.001051	6	1	268155	0	0	0	nan	0	0	0	0	0	0	nan	0	0	0	0.001051	0.000063	0.001051	0.000063	nan	nan
42	U	400	268174	262345	0.001525	4	1	268168	0	0	0	nan	0	0	0	0	0	0	nan	0	0	0	0.001525	0.000076	0.001525	0.000076	nan	nan
43	U	332	268199	262436	0.001265	4	1	268194	0	0	0	nan	0	0	0	0	0	0	nan	0	0	0	0.001265	0.000069	0.001265	0.000069	nan	nan
44	C	423	268220	263120	0.001608	4	1	268215	0	0	0	nan	0	0	0	0	0	0	nan	0	0	0	0.001608	0.000078	0.001608	0.000078	nan	nan
45	A	231	268246	265357	0.000871	4	2	268244	0	0	0	nan	0	0	0	0	0	0	nan	0	0	0	0.000871	0.000057	0.000871	0.000057	nan	nan
46	G	729	268286	266502	0.002735	4	2	268284	0	0	0	nan	0	0	0	0	0	0	nan	0	0	0	0.002735	0.000101	0.002735	0.000101	1.000000	0.036929
47	G	641	268298	265728	0.002412	4	2	268296	0	0	0	nan	0	0	0	0	0	0	nan	0	0	0	0.002412	0.000095	0.002412	0.000095	0.881901	0.034735
48	A	158	268302	258922	0.000610	4	2	268300	0	0	0	nan	0	0	0	0	0	0	nan	0	0	0	0.000610	0.000049	0.000610	0.000049	nan	nan
49	G	831	268332	258810	0.003211	4	2	268332	0	0	0	nan	0	0	0	0	0	0	nan	0	0	0	0.003211	0.000111	0.003211	0.000111	1.174040	0.040585
50	G	499	268344	259051	0.001926	4	2	268344	0	0	0	nan	0	0	0	0	0	0	nan	0	0	0	0.001926	0.000086	0.001926	0.000086	0.704205	0.031444
51	U	214	268352	258287	0.000829	4	2	268352	0	0	0	nan	0	0	0	0	0	0	nan	0	0	0	0.000829	0.000057	0.000829	0.000057	nan	nan
52	U	192	268359	264695	0.000725	4	2	268359	0	0	0	nan	0	0	0	0	0	0	nan	0	0	0	0.000725	0.000052	0.000725	0.000052	nan	nan
53	A	155	268365	265159	0.000585	3	2	268365	0	0	0	nan	0	0	0	0	0	0	nan	0	0	0	0.000585	0.000047	0.000585	0.000047	nan	nan
54	A	159	268351	265402	0.000599	3	2	268350	0	0	0	nan	0	0	0	0	0	0	nan	0	0	0	0.000599	0.000048	0.000599	0.000048	nan	nan
55	U	314	268352	265853	0.001181	3	2	268351	0	0	0	nan	0	0	0	0	0	0	nan	0	0	0	0.001181	0.000067	0.001181	0.000067	nan	nan
56	G	741	268353	266066	0.002785	3	2	268352	0	0	0	nan	0	0	0	0	0	0	nan	0	0	0	0.002785	0.000102	0.002785	0.000102	1.018282	0.037294
57	G	0	268358	265622	0.000000	3	2	268358	0	0	0	nan	0	0	0	0	0	0	nan	0	0	0	0.000000	0.000000	0.000000	0.000000	0.000000	0.000000
58	A	0	268359	0	nan	3	2	268359	0	0	0	nan	0	0	0	0	0	0	nan	0	0	0	nan	nan	nan	nan	nan	nan
59	A	0	268359	0	nan	3	2	268359	0	0	0	nan	0	0	0	0	0	0	nan	0	0	0	nan	nan	nan	nan	nan	nan
60	G	0	268359	0	nan	3	2	268359	0	0	0	nan	0	0	0	0	0	0	nan	0	0	0	nan	nan	nan	nan	nan	nan
61	u	0	268359	0	nan	3	2	268359	0	0	0	nan	0	0	0	0	0	0	nan	0	0	0	nan	nan	nan	nan	nan	nan
62	a	0	268359	0	nan	3	2	268359	0	0	0	nan	0	0	0	0	0	0	nan	0	0	0	nan	nan	nan	nan	nan	nan
63	a	0	268359	0	nan	3	2	268359	0	0	0	nan	0	0	0	0	0	0	nan	0	0	0	nan	nan	nan	nan	nan	nan
64	a	0	268359	0	nan	3	2	268359	0	0	0	nan	0	0	0	0	0	0	nan	0	0	0	nan	nan	nan	nan	nan	nan
65	g	0	268359	0	nan	3	2	268359	0	0	0	nan	0	0	0	0	0	0	nan	0	0	0	nan	nan	nan	nan	nan	nan
66	g	0	268359	0	nan	3	2	268359	0	0	0	nan	0	0	0	0	0	0	nan	0	0	0	nan	nan	nan	nan	nan	nan
67	u	0	268359	0	nan	3	2	268359	0	0	0	nan	0	0	0	0	0	0	nan	0	0	0	nan	nan	nan	nan	nan	nan
68	a	0	268359	0	nan	3	2	268359	0	0	0	nan	0	0	0	0	0	0	nan	0	0	0	nan	nan	nan	nan	nan	nan
69	a	0	268359	0	nan	3	2	268359	0	0	0	nan	0	0	0	0	0	0	nan	0	0	0	nan	nan	nan	nan	nan	nan
70	u	0	268359	0	nan	3	2	268359	0	0	0	nan	0	0	0	0	0	0	nan	0	0	0	nan	nan	nan	nan	nan	nan
71	g	0	268359	0	nan	3	2	268359	0	0	0	nan	0	0	0	0	0	0	nan	0	0	0	nan	nan	nan	nan	nan	nan
72	a	0	268356	0	nan	3	2	268356	0	0	0	nan	0	0	0	0	0	0	nan	0	0	0	nan	nan	nan	nan	nan	nan
73	a	0	268356	0	nan	3	2	268356	0	0	0	nan	0	0	0	0	0	0	nan	0	0	0	nan	nan	nan	nan	nan	nan
74	g	0	268356	0	nan	3	2	268356	0	0	0	nan	0	0	0	0	0	0	nan	0	0	0	nan	nan	nan	nan	nan	nan
75	g	0	268354	0	nan	3	2	268354	0	0	0	nan	0	0	0	0	0	0	nan	0	0	0	nan	nan	nan	nan	nan	nan
76	u	0	268349	0	nan	3	2	268349	0	0	0	nan	0	0	0	0	0	0	nan	0	0	0	nan	nan	nan	nan	nan	nan
77	g	0	268340	0	nan	3	2	268340	0	0	0	nan	0	0	0	0	0	0	nan	0	0	0	nan	nan	nan	nan	nan	nan
78	a	0	268328	0	nan	3	2	268328	0	0	0	nan	0	0	0	0	0	0	nan	0	0	0	nan	nan	nan	nan	nan	nan
79	a	0	268290	0	nan	3	2	268290	0	0	0	nan	0	0	0	0	0	0	nan	0	0	0	nan	nan	nan	nan	nan	nan
80	g	0	268145	0	nan	3	2	268145	0	0	0	nan	0	0	0	0	0	0	nan	0	0	0	nan	nan	nan	nan	nan	nan