Nucleotide	Sequence	Modified_mutations	Modified_read_depth	Modified_effective_depth	Modified_rate	Modified_off_target_mapped_depth	Modified_low_mapq_mapped_depth	Modified_primer_pair_1_mapped_depth	Untreated_mutations	Untreated_read_depth	Untreated_effective_depth	Untreated_rate	Untreated_off_target_mapped_depth	Untreated_low_mapq_mapped_depth	Untreated_primer_pair_1_mapped_depth	Denatured_mutations	Denatured_read_depth	Denatured_effective_depth	Denatured_rate	Denatured_off_target_mapped_depth	Denatured_low_mapq_mapped_depth	Denatured_primer_pair_1_mapped_depth	Reactivity_profile	Std_err	HQ_profile	HQ_stderr	Norm_profile	Norm_stderr
1	g	0	38074	0	nan	1	0	38074	0	0	0	nan	0	0	0	0	0	0	nan	0	0	0	nan	nan	nan	nan	nan	nan
2	g	0	38107	0	nan	1	0	38107	0	0	0	nan	0	0	0	0	0	0	nan	0	0	0	nan	nan	nan	nan	nan	nan
3	u	0	38129	0	nan	1	0	38129	0	0	0	nan	0	0	0	0	0	0	nan	0	0	0	nan	nan	nan	nan	nan	nan
4	g	0	38139	0	nan	1	0	38139	0	0	0	nan	0	0	0	0	0	0	nan	0	0	0	nan	nan	nan	nan	nan	nan
5	u	0	38149	0	nan	1	0	38149	0	0	0	nan	0	0	0	0	0	0	nan	0	0	0	nan	nan	nan	nan	nan	nan
6	a	0	38159	0	nan	1	0	38159	0	0	0	nan	0	0	0	0	0	0	nan	0	0	0	nan	nan	nan	nan	nan	nan
7	a	0	38183	0	nan	1	0	38183	0	0	0	nan	0	0	0	0	0	0	nan	0	0	0	nan	nan	nan	nan	nan	nan
8	g	0	38266	0	nan	1	0	38266	0	0	0	nan	0	0	0	0	0	0	nan	0	0	0	nan	nan	nan	nan	nan	nan
9	g	0	39608	0	nan	1	0	39608	0	0	0	nan	0	0	0	0	0	0	nan	0	0	0	nan	nan	nan	nan	nan	nan
10	g	0	232851	0	nan	1	0	232851	0	0	0	nan	0	0	0	0	0	0	nan	0	0	0	nan	nan	nan	nan	nan	nan
11	u	0	240235	0	nan	1	0	240235	0	0	0	nan	0	0	0	0	0	0	nan	0	0	0	nan	nan	nan	nan	nan	nan
12	g	0	240444	0	nan	1	0	240444	0	0	0	nan	0	0	0	0	0	0	nan	0	0	0	nan	nan	nan	nan	nan	nan
13	a	0	240465	0	nan	1	0	240465	0	0	0	nan	0	0	0	0	0	0	nan	0	0	0	nan	nan	nan	nan	nan	nan
14	a	0	240468	0	nan	1	0	240468	0	0	0	nan	0	0	0	0	0	0	nan	0	0	0	nan	nan	nan	nan	nan	nan
15	g	0	240496	0	nan	2	0	240496	0	0	0	nan	0	0	0	0	0	0	nan	0	0	0	nan	nan	nan	nan	nan	nan
16	u	0	240508	0	nan	2	0	240508	0	0	0	nan	0	0	0	0	0	0	nan	0	0	0	nan	nan	nan	nan	nan	nan
17	g	0	240527	0	nan	2	0	240527	0	0	0	nan	0	0	0	0	0	0	nan	0	0	0	nan	nan	nan	nan	nan	nan
18	u	0	240528	0	nan	2	0	240528	0	0	0	nan	0	0	0	0	0	0	nan	0	0	0	nan	nan	nan	nan	nan	nan
19	a	0	240582	0	nan	2	0	240582	0	0	0	nan	0	0	0	0	0	0	nan	0	0	0	nan	nan	nan	nan	nan	nan
20	A	0	240608	8	0.000000	2	0	240608	0	0	0	nan	0	0	0	0	0	0	nan	0	0	0	0.000000	0.000000	nan	nan	nan	nan
21	G	0	240648	19	0.000000	2	0	240648	0	0	0	nan	0	0	0	0	0	0	nan	0	0	0	0.000000	0.000000	nan	nan	nan	nan
22	G	0	240660	21	0.000000	2	0	240660	0	0	0	nan	0	0	0	0	0	0	nan	0	0	0	0.000000	0.000000	nan	nan	nan	nan
23	U	0	240675	231388	0.000000	2	0	240675	0	0	0	nan	0	0	0	0	0	0	nan	0	0	0	0.000000	0.000000	0.000000	0.000000	nan	nan
24	U	143	240685	237858	0.000601	2	0	240685	0	0	0	nan	0	0	0	0	0	0	nan	0	0	0	0.000601	0.000050	0.000601	0.000050	nan	nan
25	G	149	240692	238006	0.000626	2	0	240692	0	0	0	nan	0	0	0	0	0	0	nan	0	0	0	0.000626	0.000051	0.000626	0.000051	nan	nan
26	A	2207	240697	236820	0.009319	2	0	240697	0	0	0	nan	0	0	0	0	0	0	nan	0	0	0	0.009319	0.000198	0.009319	0.000198	1.057925	0.022478
27	A	2584	240703	235459	0.010974	2	0	240703	0	0	0	nan	0	0	0	0	0	0	nan	0	0	0	0.010974	0.000216	0.010974	0.000216	1.245807	0.024521
28	C	1807	240710	234673	0.007700	2	0	240710	0	0	0	nan	0	0	0	0	0	0	nan	0	0	0	0.007700	0.000181	0.007700	0.000181	1.229148	0.028893
29	U	148	240719	234879	0.000630	2	0	240719	0	0	0	nan	0	0	0	0	0	0	nan	0	0	0	0.000630	0.000052	0.000630	0.000052	nan	nan
30	U	104	240739	235244	0.000442	2	0	240733	0	0	0	nan	0	0	0	0	0	0	nan	0	0	0	0.000442	0.000043	0.000442	0.000043	nan	nan
31	U	117	240762	236496	0.000495	2	0	240756	0	0	0	nan	0	0	0	0	0	0	nan	0	0	0	0.000495	0.000046	0.000495	0.000046	nan	nan
32	U	116	240810	238037	0.000487	2	0	240804	0	0	0	nan	0	0	0	0	0	0	nan	0	0	0	0.000487	0.000045	0.000487	0.000045	nan	nan
33	G	317	240866	238105	0.001331	2	0	240860	0	0	0	nan	0	0	0	0	0	0	nan	0	0	0	0.001331	0.000075	0.001331	0.000075	nan	nan
34	A	1100	240876	238282	0.004616	2	0	240870	0	0	0	nan	0	0	0	0	0	0	nan	0	0	0	0.004616	0.000139	0.004616	0.000139	0.524024	0.015780
35	A	959	240882	237075	0.004045	2	0	240876	0	0	0	nan	0	0	0	0	0	0	nan	0	0	0	0.004045	0.000131	0.004045	0.000131	0.459202	0.014872
36	U	118	240884	236767	0.000498	2	0	240878	0	0	0	nan	0	0	0	0	0	0	nan	0	0	0	0.000498	0.000046	0.000498	0.000046	nan	nan
37	A	6456	240890	237140	0.027224	2	0	240884	0	0	0	nan	0	0	0	0	0	0	nan	0	0	0	0.027224	0.000339	0.027224	0.000339	3.090563	0.038484
38	G	177	240900	237123	0.000746	2	0	240894	0	0	0	nan	0	0	0	0	0	0	nan	0	0	0	0.000746	0.000056	0.000746	0.000056	nan	nan
39	U	161	240910	238783	0.000674	2	0	240904	0	0	0	nan	0	0	0	0	0	0	nan	0	0	0	0.000674	0.000053	0.000674	0.000053	nan	nan
40	G	244	240921	237481	0.001027	2	0	240916	0	0	0	nan	0	0	0	0	0	0	nan	0	0	0	0.001027	0.000066	0.001027	0.000066	nan	nan
41	A	1694	240932	237538	0.007131	2	0	240927	0	0	0	nan	0	0	0	0	0	0	nan	0	0	0	0.007131	0.000173	0.007131	0.000173	0.809536	0.019640
42	U	197	240952	235770	0.000836	2	0	240948	0	0	0	nan	0	0	0	0	0	0	nan	0	0	0	0.000836	0.000060	0.000836	0.000060	nan	nan
43	U	122	240978	235912	0.000517	2	0	240975	0	0	0	nan	0	0	0	0	0	0	nan	0	0	0	0.000517	0.000047	0.000517	0.000047	nan	nan
44	C	463	240998	236493	0.001958	2	0	240996	0	0	0	nan	0	0	0	0	0	0	nan	0	0	0	0.001958	0.000091	0.001958	0.000091	0.312555	0.014526
45	A	735	241012	238387	0.003083	2	0	241010	0	0	0	nan	0	0	0	0	0	0	nan	0	0	0	0.003083	0.000114	0.003083	0.000114	0.349993	0.012942
46	G	151	241049	239551	0.000630	2	0	241047	0	0	0	nan	0	0	0	0	0	0	nan	0	0	0	0.000630	0.000051	0.000630	0.000051	nan	nan
47	G	145	241061	238896	0.000607	2	0	241060	0	0	0	nan	0	0	0	0	0	0	nan	0	0	0	0.000607	0.000050	0.000607	0.000050	nan	nan
48	A	516	241066	233004	0.002215	2	0	241065	0	0	0	nan	0	0	0	0	0	0	nan	0	0	0	0.002215	0.000097	0.002215	0.000097	0.251455	0.011012
49	G	141	241116	232898	0.000605	2	0	241115	0	0	0	nan	0	0	0	0	0	0	nan	0	0	0	0.000605	0.000051	0.000605	0.000051	nan	nan
50	G	265	241129	233149	0.001137	2	0	241129	0	0	0	nan	0	0	0	0	0	0	nan	0	0	0	0.001137	0.000070	0.001137	0.000070	nan	nan
51	U	97	241134	232605	0.000417	2	0	241134	0	0	0	nan	0	0	0	0	0	0	nan	0	0	0	0.000417	0.000042	0.000417	0.000042	nan	nan
52	U	146	241136	237988	0.000613	2	0	241136	0	0	0	nan	0	0	0	0	0	0	nan	0	0	0	0.000613	0.000051	0.000613	0.000051	nan	nan
53	A	1733	241137	238117	0.007278	2	0	241137	0	0	0	nan	0	0	0	0	0	0	nan	0	0	0	0.007278	0.000175	0.007278	0.000175	0.826224	0.019867
54	A	1641	241128	238290	0.006887	2	0	241128	0	0	0	nan	0	0	0	0	0	0	nan	0	0	0	0.006887	0.000170	0.006887	0.000170	0.781836	0.019299
55	U	178	241129	238814	0.000745	2	0	241129	0	0	0	nan	0	0	0	0	0	0	nan	0	0	0	0.000745	0.000056	0.000745	0.000056	nan	nan
56	G	186	241134	239140	0.000778	2	0	241134	0	0	0	nan	0	0	0	0	0	0	nan	0	0	0	0.000778	0.000057	0.000778	0.000057	nan	nan
57	G	0	241136	238458	0.000000	2	0	241136	0	0	0	nan	0	0	0	0	0	0	nan	0	0	0	0.000000	0.000000	0.000000	0.000000	nan	nan
58	A	0	241137	0	nan	2	0	241137	0	0	0	nan	0	0	0	0	0	0	nan	0	0	0	nan	nan	nan	nan	nan	nan
59	A	0	241137	0	nan	2	0	241137	0	0	0	nan	0	0	0	0	0	0	nan	0	0	0	nan	nan	nan	nan	nan	nan
60	G	0	241137	0	nan	2	0	241137	0	0	0	nan	0	0	0	0	0	0	nan	0	0	0	nan	nan	nan	nan	nan	nan
61	u	0	241137	0	nan	2	0	241137	0	0	0	nan	0	0	0	0	0	0	nan	0	0	0	nan	nan	nan	nan	nan	nan
62	a	0	241137	0	nan	2	0	241137	0	0	0	nan	0	0	0	0	0	0	nan	0	0	0	nan	nan	nan	nan	nan	nan
63	a	0	241137	0	nan	2	0	241137	0	0	0	nan	0	0	0	0	0	0	nan	0	0	0	nan	nan	nan	nan	nan	nan
64	a	0	241137	0	nan	2	0	241137	0	0	0	nan	0	0	0	0	0	0	nan	0	0	0	nan	nan	nan	nan	nan	nan
65	g	0	241137	0	nan	2	0	241137	0	0	0	nan	0	0	0	0	0	0	nan	0	0	0	nan	nan	nan	nan	nan	nan
66	g	0	241137	0	nan	2	0	241137	0	0	0	nan	0	0	0	0	0	0	nan	0	0	0	nan	nan	nan	nan	nan	nan
67	u	0	241137	0	nan	2	0	241137	0	0	0	nan	0	0	0	0	0	0	nan	0	0	0	nan	nan	nan	nan	nan	nan
68	a	0	241137	0	nan	1	0	241137	0	0	0	nan	0	0	0	0	0	0	nan	0	0	0	nan	nan	nan	nan	nan	nan
69	a	0	241137	0	nan	1	0	241137	0	0	0	nan	0	0	0	0	0	0	nan	0	0	0	nan	nan	nan	nan	nan	nan
70	u	0	241137	0	nan	1	0	241137	0	0	0	nan	0	0	0	0	0	0	nan	0	0	0	nan	nan	nan	nan	nan	nan
71	g	0	241137	0	nan	1	0	241137	0	0	0	nan	0	0	0	0	0	0	nan	0	0	0	nan	nan	nan	nan	nan	nan
72	a	0	241137	0	nan	1	0	241137	0	0	0	nan	0	0	0	0	0	0	nan	0	0	0	nan	nan	nan	nan	nan	nan
73	a	0	241137	0	nan	1	0	241137	0	0	0	nan	0	0	0	0	0	0	nan	0	0	0	nan	nan	nan	nan	nan	nan
74	g	0	241137	0	nan	1	0	241137	0	0	0	nan	0	0	0	0	0	0	nan	0	0	0	nan	nan	nan	nan	nan	nan
75	g	0	241135	0	nan	1	0	241135	0	0	0	nan	0	0	0	0	0	0	nan	0	0	0	nan	nan	nan	nan	nan	nan
76	u	0	241129	0	nan	1	0	241129	0	0	0	nan	0	0	0	0	0	0	nan	0	0	0	nan	nan	nan	nan	nan	nan
77	g	0	241127	0	nan	1	0	241127	0	0	0	nan	0	0	0	0	0	0	nan	0	0	0	nan	nan	nan	nan	nan	nan
78	a	0	241112	0	nan	1	0	241112	0	0	0	nan	0	0	0	0	0	0	nan	0	0	0	nan	nan	nan	nan	nan	nan
79	a	0	241078	0	nan	1	0	241078	0	0	0	nan	0	0	0	0	0	0	nan	0	0	0	nan	nan	nan	nan	nan	nan
80	g	0	240905	0	nan	1	0	240905	0	0	0	nan	0	0	0	0	0	0	nan	0	0	0	nan	nan	nan	nan	nan	nan