Nucleotide	Sequence	Modified_mutations	Modified_read_depth	Modified_effective_depth	Modified_rate	Modified_off_target_mapped_depth	Modified_low_mapq_mapped_depth	Modified_primer_pair_1_mapped_depth	Untreated_mutations	Untreated_read_depth	Untreated_effective_depth	Untreated_rate	Untreated_off_target_mapped_depth	Untreated_low_mapq_mapped_depth	Untreated_primer_pair_1_mapped_depth	Denatured_mutations	Denatured_read_depth	Denatured_effective_depth	Denatured_rate	Denatured_off_target_mapped_depth	Denatured_low_mapq_mapped_depth	Denatured_primer_pair_1_mapped_depth	Reactivity_profile	Std_err	HQ_profile	HQ_stderr	Norm_profile	Norm_stderr
1	g	0	6511303	0	nan	5	370	6511303	0	0	0	nan	0	0	0	0	0	0	nan	0	0	0	nan	nan	nan	nan	nan	nan
2	g	0	6564444	0	nan	5	375	6564444	0	0	0	nan	0	0	0	0	0	0	nan	0	0	0	nan	nan	nan	nan	nan	nan
3	u	0	6572872	0	nan	5	381	6572872	0	0	0	nan	0	0	0	0	0	0	nan	0	0	0	nan	nan	nan	nan	nan	nan
4	g	0	6578337	0	nan	5	392	6578337	0	0	0	nan	0	0	0	0	0	0	nan	0	0	0	nan	nan	nan	nan	nan	nan
5	u	0	6588917	0	nan	5	392	6588917	0	0	0	nan	0	0	0	0	0	0	nan	0	0	0	nan	nan	nan	nan	nan	nan
6	a	0	6592826	0	nan	5	400	6592826	0	0	0	nan	0	0	0	0	0	0	nan	0	0	0	nan	nan	nan	nan	nan	nan
7	a	0	6593812	0	nan	5	400	6593812	0	0	0	nan	0	0	0	0	0	0	nan	0	0	0	nan	nan	nan	nan	nan	nan
8	g	0	6594399	0	nan	5	400	6594399	0	0	0	nan	0	0	0	0	0	0	nan	0	0	0	nan	nan	nan	nan	nan	nan
9	g	0	6595074	0	nan	5	402	6595074	0	0	0	nan	0	0	0	0	0	0	nan	0	0	0	nan	nan	nan	nan	nan	nan
10	g	0	6596546	0	nan	5	413	6596546	0	0	0	nan	0	0	0	0	0	0	nan	0	0	0	nan	nan	nan	nan	nan	nan
11	u	0	6599778	0	nan	5	414	6599778	0	0	0	nan	0	0	0	0	0	0	nan	0	0	0	nan	nan	nan	nan	nan	nan
12	g	0	6612328	0	nan	25	424	6612328	0	0	0	nan	0	0	0	0	0	0	nan	0	0	0	nan	nan	nan	nan	nan	nan
13	a	0	6625609	0	nan	29	427	6625609	0	0	0	nan	0	0	0	0	0	0	nan	0	0	0	nan	nan	nan	nan	nan	nan
14	a	0	6633124	0	nan	37	429	6633124	0	0	0	nan	0	0	0	0	0	0	nan	0	0	0	nan	nan	nan	nan	nan	nan
15	g	0	6637215	0	nan	265	429	6637215	0	0	0	nan	0	0	0	0	0	0	nan	0	0	0	nan	nan	nan	nan	nan	nan
16	u	0	6642350	0	nan	266	429	6642350	0	0	0	nan	0	0	0	0	0	0	nan	0	0	0	nan	nan	nan	nan	nan	nan
17	g	0	6644558	0	nan	267	431	6644558	0	0	0	nan	0	0	0	0	0	0	nan	0	0	0	nan	nan	nan	nan	nan	nan
18	u	0	6646392	0	nan	267	435	6646392	0	0	0	nan	0	0	0	0	0	0	nan	0	0	0	nan	nan	nan	nan	nan	nan
19	a	0	6647835	0	nan	267	440	6647835	0	0	0	nan	0	0	0	0	0	0	nan	0	0	0	nan	nan	nan	nan	nan	nan
20	A	0	6649607	758	0.000000	267	440	6649607	0	0	0	nan	0	0	0	0	0	0	nan	0	0	0	0.000000	0.000000	nan	nan	nan	nan
21	G	0	6650709	870	0.000000	267	440	6650709	0	0	0	nan	0	0	0	0	0	0	nan	0	0	0	0.000000	0.000000	nan	nan	nan	nan
22	G	0	6651462	887	0.000000	267	440	6651462	0	0	0	nan	0	0	0	0	0	0	nan	0	0	0	0.000000	0.000000	nan	nan	nan	nan
23	U	0	6653434	6024482	0.000000	267	440	6653434	0	0	0	nan	0	0	0	0	0	0	nan	0	0	0	0.000000	0.000000	0.000000	0.000000	0.000000	0.000000
24	U	13056	6654621	6076081	0.002149	267	440	6654621	0	0	0	nan	0	0	0	0	0	0	nan	0	0	0	0.002149	0.000019	0.002149	0.000019	0.622357	0.005502
25	G	8400	6659015	6018554	0.001396	267	440	6659015	0	0	0	nan	0	0	0	0	0	0	nan	0	0	0	0.001396	0.000015	0.001396	0.000015	nan	nan
26	A	31070	6665452	6166734	0.005038	267	440	6665388	0	0	0	nan	0	0	0	0	0	0	nan	0	0	0	0.005038	0.000029	0.005038	0.000029	1.000000	0.005756
27	C	12992	6668002	5939914	0.002187	267	440	6667897	0	0	0	nan	0	0	0	0	0	0	nan	0	0	0	0.002187	0.000019	0.002187	0.000019	0.873054	0.007585
28	C	16749	6669195	5933710	0.002823	267	440	6669065	0	0	0	nan	0	0	0	0	0	0	nan	0	0	0	0.002823	0.000022	0.002823	0.000022	1.126946	0.008782
29	U	21317	6672286	5899150	0.003614	267	440	6672142	0	0	0	nan	0	0	0	0	0	0	nan	0	0	0	0.003614	0.000025	0.003614	0.000025	1.046626	0.007240
30	U	9521	6677801	5993565	0.001589	267	440	6677636	0	0	0	nan	0	0	0	0	0	0	nan	0	0	0	0.001589	0.000016	0.001589	0.000016	0.460180	0.004634
31	U	10398	6683562	6011121	0.001730	267	440	6683367	0	0	0	nan	0	0	0	0	0	0	nan	0	0	0	0.001730	0.000017	0.001730	0.000017	0.501014	0.004923
32	U	12746	6689264	6075346	0.002098	267	440	6689048	0	0	0	nan	0	0	0	0	0	0	nan	0	0	0	0.002098	0.000019	0.002098	0.000019	0.607588	0.005502
33	G	2936	6723488	6140184	0.000478	268	440	6723251	0	0	0	nan	0	0	0	0	0	0	nan	0	0	0	0.000478	0.000009	0.000478	0.000009	nan	nan
34	A	25423	6737687	6516640	0.003901	268	440	6737465	0	0	0	nan	0	0	0	0	0	0	nan	0	0	0	0.003901	0.000024	0.003901	0.000024	0.774315	0.004764
35	A	22933	6741075	6494551	0.003531	268	440	6740852	0	0	0	nan	0	0	0	0	0	0	nan	0	0	0	0.003531	0.000023	0.003531	0.000023	0.700873	0.004565
36	U	4373	6742098	6443140	0.000679	268	440	6741857	0	0	0	nan	0	0	0	0	0	0	nan	0	0	0	0.000679	0.000010	0.000679	0.000010	0.196641	0.002896
37	A	545898	6742692	6212284	0.087874	269	440	6742406	0	0	0	nan	0	0	0	0	0	0	nan	0	0	0	0.087874	0.000119	0.087874	0.000119	17.442239	0.023620
38	G	9069	6743780	6092349	0.001489	274	440	6743511	0	0	0	nan	0	0	0	0	0	0	nan	0	0	0	0.001489	0.000016	0.001489	0.000016	nan	nan
39	U	12611	6744431	6168336	0.002044	274	440	6744154	0	0	0	nan	0	0	0	0	0	0	nan	0	0	0	0.002044	0.000018	0.002044	0.000018	0.591949	0.005213
40	G	10156	6745089	6278592	0.001618	278	440	6744789	0	0	0	nan	0	0	0	0	0	0	nan	0	0	0	0.001618	0.000016	0.001618	0.000016	nan	nan
41	A	88326	6748030	6275050	0.014076	278	440	6747725	0	0	0	nan	0	0	0	0	0	0	nan	0	0	0	0.014076	0.000047	0.014076	0.000047	2.793966	0.009329
42	U	18400	6748886	6248538	0.002945	278	440	6748584	0	0	0	nan	0	0	0	0	0	0	nan	0	0	0	0.002945	0.000022	0.002945	0.000022	0.852882	0.006371
43	U	9885	6750908	6190968	0.001597	278	440	6750589	0	0	0	nan	0	0	0	0	0	0	nan	0	0	0	0.001597	0.000016	0.001597	0.000016	0.462496	0.004634
44	C	12032	6753887	6192476	0.001943	277	440	6753552	0	0	0	nan	0	0	0	0	0	0	nan	0	0	0	0.001943	0.000018	0.001943	0.000018	0.775649	0.007186
45	A	26824	6756321	6199725	0.004327	275	440	6755974	0	0	0	nan	0	0	0	0	0	0	nan	0	0	0	0.004327	0.000026	0.004327	0.000026	0.858873	0.005161
46	G	5593	6758237	6049479	0.000925	274	440	6757897	0	0	0	nan	0	0	0	0	0	0	nan	0	0	0	0.000925	0.000012	0.000925	0.000012	nan	nan
47	G	10898	6762556	6115034	0.001782	274	440	6762207	0	0	0	nan	0	0	0	0	0	0	nan	0	0	0	0.001782	0.000017	0.001782	0.000017	nan	nan
48	A	11730	6770050	6023584	0.001947	273	440	6769707	0	0	0	nan	0	0	0	0	0	0	nan	0	0	0	0.001947	0.000018	0.001947	0.000018	0.386463	0.003573
49	G	20976	6771572	6075051	0.003453	272	440	6771236	0	0	0	nan	0	0	0	0	0	0	nan	0	0	0	0.003453	0.000024	0.003453	0.000024	nan	nan
50	G	5846	6782387	5908961	0.000989	274	440	6782089	0	0	0	nan	0	0	0	0	0	0	nan	0	0	0	0.000989	0.000013	0.000989	0.000013	nan	nan
51	U	21018	6786736	6087404	0.003453	274	440	6786487	0	0	0	nan	0	0	0	0	0	0	nan	0	0	0	0.003453	0.000024	0.003453	0.000024	1.000000	0.006950
52	U	16389	6794281	6090090	0.002691	276	440	6794089	0	0	0	nan	0	0	0	0	0	0	nan	0	0	0	0.002691	0.000021	0.002691	0.000021	0.779322	0.006082
53	A	16195	6799479	6338329	0.002555	275	440	6799308	0	0	0	nan	0	0	0	0	0	0	nan	0	0	0	0.002555	0.000020	0.002555	0.000020	0.507146	0.003970
54	A	29380	6802598	6481134	0.004533	276	440	6802453	0	0	0	nan	0	0	0	0	0	0	nan	0	0	0	0.004533	0.000026	0.004533	0.000026	0.899762	0.005161
55	U	11401	6803539	6406785	0.001780	276	440	6803432	0	0	0	nan	0	0	0	0	0	0	nan	0	0	0	0.001780	0.000017	0.001780	0.000017	0.515494	0.004923
56	G	7767	6804370	6190135	0.001255	276	440	6804282	0	0	0	nan	0	0	0	0	0	0	nan	0	0	0	0.001255	0.000014	0.001255	0.000014	nan	nan
57	G	0	6805401	6221470	0.000000	276	440	6805332	0	0	0	nan	0	0	0	0	0	0	nan	0	0	0	0.000000	0.000000	0.000000	0.000000	nan	nan
58	A	0	6807456	50	0.000000	276	440	6807456	0	0	0	nan	0	0	0	0	0	0	nan	0	0	0	0.000000	0.000000	nan	nan	nan	nan
59	A	0	6807386	39	0.000000	275	440	6807386	0	0	0	nan	0	0	0	0	0	0	nan	0	0	0	0.000000	0.000000	nan	nan	nan	nan
60	G	0	6807338	18	0.000000	275	440	6807338	0	0	0	nan	0	0	0	0	0	0	nan	0	0	0	0.000000	0.000000	nan	nan	nan	nan
61	u	0	6807304	0	nan	275	440	6807304	0	0	0	nan	0	0	0	0	0	0	nan	0	0	0	nan	nan	nan	nan	nan	nan
62	a	0	6807206	0	nan	275	440	6807206	0	0	0	nan	0	0	0	0	0	0	nan	0	0	0	nan	nan	nan	nan	nan	nan
63	a	0	6807146	0	nan	275	440	6807146	0	0	0	nan	0	0	0	0	0	0	nan	0	0	0	nan	nan	nan	nan	nan	nan
64	a	0	6807119	0	nan	274	440	6807119	0	0	0	nan	0	0	0	0	0	0	nan	0	0	0	nan	nan	nan	nan	nan	nan
65	g	0	6807090	0	nan	274	429	6807090	0	0	0	nan	0	0	0	0	0	0	nan	0	0	0	nan	nan	nan	nan	nan	nan
66	g	0	6807078	0	nan	271	424	6807078	0	0	0	nan	0	0	0	0	0	0	nan	0	0	0	nan	nan	nan	nan	nan	nan
67	u	0	6807045	0	nan	270	424	6807045	0	0	0	nan	0	0	0	0	0	0	nan	0	0	0	nan	nan	nan	nan	nan	nan
68	a	0	6807030	0	nan	270	415	6807030	0	0	0	nan	0	0	0	0	0	0	nan	0	0	0	nan	nan	nan	nan	nan	nan
69	a	0	6807005	0	nan	269	415	6807005	0	0	0	nan	0	0	0	0	0	0	nan	0	0	0	nan	nan	nan	nan	nan	nan
70	u	0	6806982	0	nan	269	411	6806982	0	0	0	nan	0	0	0	0	0	0	nan	0	0	0	nan	nan	nan	nan	nan	nan
71	g	0	6806914	0	nan	268	411	6806914	0	0	0	nan	0	0	0	0	0	0	nan	0	0	0	nan	nan	nan	nan	nan	nan
72	a	0	6806866	0	nan	268	411	6806866	0	0	0	nan	0	0	0	0	0	0	nan	0	0	0	nan	nan	nan	nan	nan	nan
73	a	0	6806850	0	nan	268	411	6806850	0	0	0	nan	0	0	0	0	0	0	nan	0	0	0	nan	nan	nan	nan	nan	nan
74	g	0	6806830	0	nan	268	410	6806830	0	0	0	nan	0	0	0	0	0	0	nan	0	0	0	nan	nan	nan	nan	nan	nan
75	g	0	6806763	0	nan	268	410	6806763	0	0	0	nan	0	0	0	0	0	0	nan	0	0	0	nan	nan	nan	nan	nan	nan
76	u	0	6806664	0	nan	268	410	6806664	0	0	0	nan	0	0	0	0	0	0	nan	0	0	0	nan	nan	nan	nan	nan	nan
77	g	0	6806549	0	nan	268	409	6806549	0	0	0	nan	0	0	0	0	0	0	nan	0	0	0	nan	nan	nan	nan	nan	nan
78	a	0	6806452	0	nan	268	408	6806452	0	0	0	nan	0	0	0	0	0	0	nan	0	0	0	nan	nan	nan	nan	nan	nan
79	a	0	6801830	0	nan	265	404	6801830	0	0	0	nan	0	0	0	0	0	0	nan	0	0	0	nan	nan	nan	nan	nan	nan
80	g	0	6799275	0	nan	265	401	6799275	0	0	0	nan	0	0	0	0	0	0	nan	0	0	0	nan	nan	nan	nan	nan	nan