Nucleotide	Sequence	Modified_mutations	Modified_read_depth	Modified_effective_depth	Modified_rate	Modified_off_target_mapped_depth	Modified_low_mapq_mapped_depth	Modified_primer_pair_1_mapped_depth	Untreated_mutations	Untreated_read_depth	Untreated_effective_depth	Untreated_rate	Untreated_off_target_mapped_depth	Untreated_low_mapq_mapped_depth	Untreated_primer_pair_1_mapped_depth	Denatured_mutations	Denatured_read_depth	Denatured_effective_depth	Denatured_rate	Denatured_off_target_mapped_depth	Denatured_low_mapq_mapped_depth	Denatured_primer_pair_1_mapped_depth	Reactivity_profile	Std_err	HQ_profile	HQ_stderr	Norm_profile	Norm_stderr
1	g	0	176759	0	nan	9	0	176759	0	0	0	nan	0	0	0	0	0	0	nan	0	0	0	nan	nan	nan	nan	nan	nan
2	g	0	177093	0	nan	9	0	177093	0	0	0	nan	0	0	0	0	0	0	nan	0	0	0	nan	nan	nan	nan	nan	nan
3	c	0	177189	0	nan	13	0	177189	0	0	0	nan	0	0	0	0	0	0	nan	0	0	0	nan	nan	nan	nan	nan	nan
4	a	0	177202	0	nan	13	0	177202	0	0	0	nan	0	0	0	0	0	0	nan	0	0	0	nan	nan	nan	nan	nan	nan
5	c	0	177226	0	nan	13	0	177226	0	0	0	nan	0	0	0	0	0	0	nan	0	0	0	nan	nan	nan	nan	nan	nan
6	c	0	178437	0	nan	13	0	178437	0	0	0	nan	0	0	0	0	0	0	nan	0	0	0	nan	nan	nan	nan	nan	nan
7	u	0	178502	0	nan	13	0	178502	0	0	0	nan	0	0	0	0	0	0	nan	0	0	0	nan	nan	nan	nan	nan	nan
8	c	0	178504	0	nan	13	0	178504	0	0	0	nan	0	0	0	0	0	0	nan	0	0	0	nan	nan	nan	nan	nan	nan
9	a	0	178510	0	nan	13	0	178510	0	0	0	nan	0	0	0	0	0	0	nan	0	0	0	nan	nan	nan	nan	nan	nan
10	u	0	178512	0	nan	13	0	178512	0	0	0	nan	0	0	0	0	0	0	nan	0	0	0	nan	nan	nan	nan	nan	nan
11	a	0	178514	0	nan	13	0	178514	0	0	0	nan	0	0	0	0	0	0	nan	0	0	0	nan	nan	nan	nan	nan	nan
12	a	0	178518	0	nan	13	0	178518	0	0	0	nan	0	0	0	0	0	0	nan	0	0	0	nan	nan	nan	nan	nan	nan
13	c	0	178526	0	nan	13	0	178526	0	0	0	nan	0	0	0	0	0	0	nan	0	0	0	nan	nan	nan	nan	nan	nan
14	a	0	178529	0	nan	13	0	178529	0	0	0	nan	0	0	0	0	0	0	nan	0	0	0	nan	nan	nan	nan	nan	nan
15	u	0	178531	0	nan	13	0	178531	0	0	0	nan	0	0	0	0	0	0	nan	0	0	0	nan	nan	nan	nan	nan	nan
16	a	0	178534	0	nan	13	0	178534	0	0	0	nan	0	0	0	0	0	0	nan	0	0	0	nan	nan	nan	nan	nan	nan
17	a	0	178536	0	nan	13	0	178536	0	0	0	nan	0	0	0	0	0	0	nan	0	0	0	nan	nan	nan	nan	nan	nan
18	c	0	178538	0	nan	13	0	178538	0	0	0	nan	0	0	0	0	0	0	nan	0	0	0	nan	nan	nan	nan	nan	nan
19	U	0	178542	3	0.000000	13	0	178542	0	0	0	nan	0	0	0	0	0	0	nan	0	0	0	0.000000	0.000000	nan	nan	nan	nan
20	A	0	178548	5	0.000000	13	0	178548	0	0	0	nan	0	0	0	0	0	0	nan	0	0	0	0.000000	0.000000	nan	nan	nan	nan
21	A	0	178553	8	0.000000	13	0	178553	0	0	0	nan	0	0	0	0	0	0	nan	0	0	0	0.000000	0.000000	nan	nan	nan	nan
22	G	0	178558	176774	0.000000	13	0	178558	0	0	0	nan	0	0	0	0	0	0	nan	0	0	0	0.000000	0.000000	0.000000	0.000000	nan	nan
23	G	153	178561	173116	0.000884	13	0	178561	0	0	0	nan	0	0	0	0	0	0	nan	0	0	0	0.000884	0.000071	0.000884	0.000071	nan	nan
24	C	6346	178566	176148	0.036027	13	0	178566	0	0	0	nan	0	0	0	0	0	0	nan	0	0	0	0.036027	0.000452	0.036027	0.000452	0.993855	0.012469
25	A	3596	178567	176658	0.020356	13	0	178567	0	0	0	nan	0	0	0	0	0	0	nan	0	0	0	0.020356	0.000339	0.020356	0.000339	1.000000	0.016654
26	G	198	178573	171755	0.001153	13	0	178571	0	0	0	nan	0	0	0	0	0	0	nan	0	0	0	0.001153	0.000082	0.001153	0.000082	nan	nan
27	A	2825	178588	172455	0.016381	13	0	178586	0	0	0	nan	0	0	0	0	0	0	nan	0	0	0	0.016381	0.000308	0.016381	0.000308	0.804726	0.015131
28	U	912	178589	172242	0.005295	13	0	178587	0	0	0	nan	0	0	0	0	0	0	nan	0	0	0	0.005295	0.000175	0.005295	0.000175	1.217661	0.040244
29	C	4776	178592	176603	0.027044	13	0	178587	0	0	0	nan	0	0	0	0	0	0	nan	0	0	0	0.027044	0.000391	0.027044	0.000391	0.746047	0.010786
30	U	659	178596	176603	0.003732	13	0	178590	0	0	0	nan	0	0	0	0	0	0	nan	0	0	0	0.003732	0.000145	0.003732	0.000145	0.858227	0.033345
31	G	150	178596	175676	0.000854	13	0	178590	0	0	0	nan	0	0	0	0	0	0	nan	0	0	0	0.000854	0.000070	0.000854	0.000070	nan	nan
32	A	4032	178597	176088	0.022898	13	0	178591	0	0	0	nan	0	0	0	0	0	0	nan	0	0	0	0.022898	0.000361	0.022898	0.000361	1.124877	0.017734
33	G	166	178602	173220	0.000958	13	0	178595	0	0	0	nan	0	0	0	0	0	0	nan	0	0	0	0.000958	0.000074	0.000958	0.000074	nan	nan
34	C	4733	178602	171405	0.027613	13	0	178595	0	0	0	nan	0	0	0	0	0	0	nan	0	0	0	0.027613	0.000401	0.027613	0.000401	0.761743	0.011062
35	C	4177	178602	164039	0.025463	13	0	178592	0	0	0	nan	0	0	0	0	0	0	nan	0	0	0	0.025463	0.000394	0.025463	0.000394	0.702432	0.010869
36	U	625	178609	163847	0.003815	13	0	178599	0	0	0	nan	0	0	0	0	0	0	nan	0	0	0	0.003815	0.000153	0.003815	0.000153	0.877314	0.035185
37	U	815	178621	166924	0.004882	13	0	178603	0	0	0	nan	0	0	0	0	0	0	nan	0	0	0	0.004882	0.000171	0.004882	0.000171	1.122686	0.039324
38	C	5633	178621	174562	0.032269	13	0	178587	0	0	0	nan	0	0	0	0	0	0	nan	0	0	0	0.032269	0.000430	0.032269	0.000430	0.890185	0.011862
39	G	151	178663	174173	0.000867	13	0	178638	0	0	0	nan	0	0	0	0	0	0	nan	0	0	0	0.000867	0.000071	0.000867	0.000071	nan	nan
40	G	136	178683	174976	0.000777	13	0	178673	0	0	0	nan	0	0	0	0	0	0	nan	0	0	0	0.000777	0.000067	0.000777	0.000067	nan	nan
41	G	161	178685	174022	0.000925	13	0	178677	0	0	0	nan	0	0	0	0	0	0	nan	0	0	0	0.000925	0.000073	0.000925	0.000073	nan	nan
42	A	3556	178688	174737	0.020351	13	0	178679	0	0	0	nan	0	0	0	0	0	0	nan	0	0	0	0.020351	0.000341	0.020351	0.000341	0.999754	0.016752
43	G	220	178690	173355	0.001269	13	0	178684	0	0	0	nan	0	0	0	0	0	0	nan	0	0	0	0.001269	0.000086	0.001269	0.000086	nan	nan
44	C	5410	178691	176605	0.030633	13	0	178685	0	0	0	nan	0	0	0	0	0	0	nan	0	0	0	0.030633	0.000416	0.030633	0.000416	0.845054	0.011476
45	U	520	178692	176751	0.002942	13	0	178685	0	0	0	nan	0	0	0	0	0	0	nan	0	0	0	0.002942	0.000129	0.002942	0.000129	0.676555	0.029665
46	C	4694	178692	176661	0.026571	13	0	178684	0	0	0	nan	0	0	0	0	0	0	nan	0	0	0	0.026571	0.000388	0.026571	0.000388	0.732998	0.010704
47	U	650	178690	176464	0.003683	13	0	178681	0	0	0	nan	0	0	0	0	0	0	nan	0	0	0	0.003683	0.000144	0.003683	0.000144	0.846959	0.033115
48	C	6403	178686	176275	0.036324	13	0	178672	0	0	0	nan	0	0	0	0	0	0	nan	0	0	0	0.036324	0.000454	0.036324	0.000454	1.002048	0.012524
49	U	478	178688	176266	0.002712	13	0	178674	0	0	0	nan	0	0	0	0	0	0	nan	0	0	0	0.002712	0.000124	0.002712	0.000124	0.623663	0.028516
50	G	237	178691	174297	0.001360	13	0	178682	0	0	0	nan	0	0	0	0	0	0	nan	0	0	0	0.001360	0.000088	0.001360	0.000088	nan	nan
51	C	8047	178696	175808	0.045772	13	0	178687	0	0	0	nan	0	0	0	0	0	0	nan	0	0	0	0.045772	0.000510	0.045772	0.000510	1.262685	0.014069
52	C	7817	178696	176548	0.044277	13	0	178690	0	0	0	nan	0	0	0	0	0	0	nan	0	0	0	0.044277	0.000501	0.044277	0.000501	1.221443	0.013821
53	A	2785	178698	176937	0.015740	13	0	178696	0	0	0	nan	0	0	0	0	0	0	nan	0	0	0	0.015740	0.000298	0.015740	0.000298	0.773236	0.014639
54	A	0	178601	176783	0.000000	13	0	178601	0	0	0	nan	0	0	0	0	0	0	nan	0	0	0	0.000000	0.000000	0.000000	0.000000	0.000000	0.000000
55	U	0	178601	0	nan	9	0	178601	0	0	0	nan	0	0	0	0	0	0	nan	0	0	0	nan	nan	nan	nan	nan	nan
56	C	0	178601	0	nan	8	0	178601	0	0	0	nan	0	0	0	0	0	0	nan	0	0	0	nan	nan	nan	nan	nan	nan
57	C	0	178601	0	nan	8	0	178601	0	0	0	nan	0	0	0	0	0	0	nan	0	0	0	nan	nan	nan	nan	nan	nan
58	a	0	178601	0	nan	8	0	178601	0	0	0	nan	0	0	0	0	0	0	nan	0	0	0	nan	nan	nan	nan	nan	nan
59	c	0	178601	0	nan	8	0	178601	0	0	0	nan	0	0	0	0	0	0	nan	0	0	0	nan	nan	nan	nan	nan	nan
60	u	0	178601	0	nan	8	0	178601	0	0	0	nan	0	0	0	0	0	0	nan	0	0	0	nan	nan	nan	nan	nan	nan
61	a	0	178601	0	nan	8	0	178601	0	0	0	nan	0	0	0	0	0	0	nan	0	0	0	nan	nan	nan	nan	nan	nan
62	a	0	178601	0	nan	8	0	178601	0	0	0	nan	0	0	0	0	0	0	nan	0	0	0	nan	nan	nan	nan	nan	nan
63	c	0	178601	0	nan	0	0	178601	0	0	0	nan	0	0	0	0	0	0	nan	0	0	0	nan	nan	nan	nan	nan	nan
64	c	0	178601	0	nan	0	0	178601	0	0	0	nan	0	0	0	0	0	0	nan	0	0	0	nan	nan	nan	nan	nan	nan
65	u	0	178601	0	nan	0	0	178601	0	0	0	nan	0	0	0	0	0	0	nan	0	0	0	nan	nan	nan	nan	nan	nan
66	c	0	178601	0	nan	0	0	178601	0	0	0	nan	0	0	0	0	0	0	nan	0	0	0	nan	nan	nan	nan	nan	nan
67	a	0	178601	0	nan	0	0	178601	0	0	0	nan	0	0	0	0	0	0	nan	0	0	0	nan	nan	nan	nan	nan	nan
68	c	0	178601	0	nan	0	0	178601	0	0	0	nan	0	0	0	0	0	0	nan	0	0	0	nan	nan	nan	nan	nan	nan
69	u	0	178598	0	nan	0	0	178598	0	0	0	nan	0	0	0	0	0	0	nan	0	0	0	nan	nan	nan	nan	nan	nan
70	c	0	178598	0	nan	0	0	178598	0	0	0	nan	0	0	0	0	0	0	nan	0	0	0	nan	nan	nan	nan	nan	nan
71	a	0	178598	0	nan	0	0	178598	0	0	0	nan	0	0	0	0	0	0	nan	0	0	0	nan	nan	nan	nan	nan	nan
72	c	0	178589	0	nan	0	0	178589	0	0	0	nan	0	0	0	0	0	0	nan	0	0	0	nan	nan	nan	nan	nan	nan
73	a	0	178587	0	nan	0	0	178587	0	0	0	nan	0	0	0	0	0	0	nan	0	0	0	nan	nan	nan	nan	nan	nan
74	a	0	178530	0	nan	0	0	178530	0	0	0	nan	0	0	0	0	0	0	nan	0	0	0	nan	nan	nan	nan	nan	nan
75	u	0	178431	0	nan	0	0	178431	0	0	0	nan	0	0	0	0	0	0	nan	0	0	0	nan	nan	nan	nan	nan	nan
76	c	0	178178	0	nan	0	0	178178	0	0	0	nan	0	0	0	0	0	0	nan	0	0	0	nan	nan	nan	nan	nan	nan