Nucleotide	Sequence	Modified_mutations	Modified_read_depth	Modified_effective_depth	Modified_rate	Modified_off_target_mapped_depth	Modified_low_mapq_mapped_depth	Modified_primer_pair_1_mapped_depth	Untreated_mutations	Untreated_read_depth	Untreated_effective_depth	Untreated_rate	Untreated_off_target_mapped_depth	Untreated_low_mapq_mapped_depth	Untreated_primer_pair_1_mapped_depth	Denatured_mutations	Denatured_read_depth	Denatured_effective_depth	Denatured_rate	Denatured_off_target_mapped_depth	Denatured_low_mapq_mapped_depth	Denatured_primer_pair_1_mapped_depth	Reactivity_profile	Std_err	HQ_profile	HQ_stderr	Norm_profile	Norm_stderr
1	g	0	177181	0	nan	0	2	177181	0	0	0	nan	0	0	0	0	0	0	nan	0	0	0	nan	nan	nan	nan	nan	nan
2	g	0	177333	0	nan	0	2	177333	0	0	0	nan	0	0	0	0	0	0	nan	0	0	0	nan	nan	nan	nan	nan	nan
3	u	0	177400	0	nan	0	2	177400	0	0	0	nan	0	0	0	0	0	0	nan	0	0	0	nan	nan	nan	nan	nan	nan
4	g	0	177415	0	nan	0	2	177415	0	0	0	nan	0	0	0	0	0	0	nan	0	0	0	nan	nan	nan	nan	nan	nan
5	u	0	177429	0	nan	0	2	177429	0	0	0	nan	0	0	0	0	0	0	nan	0	0	0	nan	nan	nan	nan	nan	nan
6	a	0	177429	0	nan	0	2	177429	0	0	0	nan	0	0	0	0	0	0	nan	0	0	0	nan	nan	nan	nan	nan	nan
7	a	0	177430	0	nan	0	2	177430	0	0	0	nan	0	0	0	0	0	0	nan	0	0	0	nan	nan	nan	nan	nan	nan
8	g	0	177431	0	nan	0	2	177431	0	0	0	nan	0	0	0	0	0	0	nan	0	0	0	nan	nan	nan	nan	nan	nan
9	g	0	177437	0	nan	0	2	177437	0	0	0	nan	0	0	0	0	0	0	nan	0	0	0	nan	nan	nan	nan	nan	nan
10	g	0	178373	0	nan	0	2	178373	0	0	0	nan	0	0	0	0	0	0	nan	0	0	0	nan	nan	nan	nan	nan	nan
11	u	0	178395	0	nan	0	2	178395	0	0	0	nan	0	0	0	0	0	0	nan	0	0	0	nan	nan	nan	nan	nan	nan
12	g	0	178398	0	nan	0	2	178398	0	0	0	nan	0	0	0	0	0	0	nan	0	0	0	nan	nan	nan	nan	nan	nan
13	a	0	178398	0	nan	0	2	178398	0	0	0	nan	0	0	0	0	0	0	nan	0	0	0	nan	nan	nan	nan	nan	nan
14	a	0	178398	0	nan	0	2	178398	0	0	0	nan	0	0	0	0	0	0	nan	0	0	0	nan	nan	nan	nan	nan	nan
15	g	0	178398	0	nan	22	2	178398	0	0	0	nan	0	0	0	0	0	0	nan	0	0	0	nan	nan	nan	nan	nan	nan
16	u	0	178398	0	nan	22	2	178398	0	0	0	nan	0	0	0	0	0	0	nan	0	0	0	nan	nan	nan	nan	nan	nan
17	g	0	178399	0	nan	22	2	178399	0	0	0	nan	0	0	0	0	0	0	nan	0	0	0	nan	nan	nan	nan	nan	nan
18	u	0	178400	0	nan	22	2	178400	0	0	0	nan	0	0	0	0	0	0	nan	0	0	0	nan	nan	nan	nan	nan	nan
19	a	0	178404	0	nan	22	2	178404	0	0	0	nan	0	0	0	0	0	0	nan	0	0	0	nan	nan	nan	nan	nan	nan
20	A	0	178407	2	0.000000	22	2	178407	0	0	0	nan	0	0	0	0	0	0	nan	0	0	0	0.000000	0.000000	nan	nan	nan	nan
21	G	0	178412	5	0.000000	22	2	178412	0	0	0	nan	0	0	0	0	0	0	nan	0	0	0	0.000000	0.000000	nan	nan	nan	nan
22	G	0	178415	7	0.000000	22	2	178415	0	0	0	nan	0	0	0	0	0	0	nan	0	0	0	0.000000	0.000000	nan	nan	nan	nan
23	U	0	178419	178144	0.000000	22	2	178419	0	0	0	nan	0	0	0	0	0	0	nan	0	0	0	0.000000	0.000000	0.000000	0.000000	0.000000	0.000000
24	U	408	178422	178164	0.002290	22	2	178422	0	0	0	nan	0	0	0	0	0	0	nan	0	0	0	0.002290	0.000113	0.002290	0.000113	0.937756	0.046274
25	G	223	178423	176929	0.001260	22	2	178423	0	0	0	nan	0	0	0	0	0	0	nan	0	0	0	0.001260	0.000084	0.001260	0.000084	nan	nan
26	A	6266	178423	177602	0.035281	22	2	178423	0	0	0	nan	0	0	0	0	0	0	nan	0	0	0	0.035281	0.000446	0.035281	0.000446	1.156223	0.014616
27	A	5698	178423	177470	0.032107	22	2	178423	0	0	0	nan	0	0	0	0	0	0	nan	0	0	0	0.032107	0.000425	0.032107	0.000425	1.052206	0.013928
28	C	3244	178424	176997	0.018328	22	2	178424	0	0	0	nan	0	0	0	0	0	0	nan	0	0	0	0.018328	0.000322	0.018328	0.000322	1.287282	0.022616
29	U	252	178425	177653	0.001418	22	2	178425	0	0	0	nan	0	0	0	0	0	0	nan	0	0	0	0.001418	0.000089	0.001418	0.000089	0.580672	0.036446
30	U	327	178426	177837	0.001839	22	2	178426	0	0	0	nan	0	0	0	0	0	0	nan	0	0	0	0.001839	0.000102	0.001839	0.000102	0.753071	0.041769
31	U	365	178426	177861	0.002052	22	2	178423	0	0	0	nan	0	0	0	0	0	0	nan	0	0	0	0.002052	0.000107	0.002052	0.000107	0.840295	0.043817
32	U	296	178428	177768	0.001665	22	2	178407	0	0	0	nan	0	0	0	0	0	0	nan	0	0	0	0.001665	0.000097	0.001665	0.000097	0.681818	0.039722
33	G	167	178442	176378	0.000947	22	2	178417	0	0	0	nan	0	0	0	0	0	0	nan	0	0	0	0.000947	0.000073	0.000947	0.000073	nan	nan
34	A	2271	178448	177354	0.012805	22	2	178415	0	0	0	nan	0	0	0	0	0	0	nan	0	0	0	0.012805	0.000269	0.012805	0.000269	0.419643	0.008816
35	A	1633	178450	177271	0.009212	22	2	178415	0	0	0	nan	0	0	0	0	0	0	nan	0	0	0	0.009212	0.000228	0.009212	0.000228	0.301894	0.007472
36	U	172	178451	176671	0.000974	22	2	178416	0	0	0	nan	0	0	0	0	0	0	nan	0	0	0	0.000974	0.000074	0.000974	0.000074	0.398853	0.030303
37	A	19473	178454	176317	0.110443	22	2	178420	0	0	0	nan	0	0	0	0	0	0	nan	0	0	0	0.110443	0.000791	0.110443	0.000791	3.619421	0.025923
38	G	248	178483	173611	0.001428	22	2	178467	0	0	0	nan	0	0	0	0	0	0	nan	0	0	0	0.001428	0.000091	0.001428	0.000091	nan	nan
39	U	422	178487	177401	0.002379	22	2	178472	0	0	0	nan	0	0	0	0	0	0	nan	0	0	0	0.002379	0.000116	0.002379	0.000116	0.974201	0.047502
40	G	309	178492	176536	0.001750	22	2	178478	0	0	0	nan	0	0	0	0	0	0	nan	0	0	0	0.001750	0.000100	0.001750	0.000100	nan	nan
41	A	4571	178493	177619	0.025735	22	2	178481	0	0	0	nan	0	0	0	0	0	0	nan	0	0	0	0.025735	0.000381	0.025735	0.000381	0.843383	0.012486
42	U	366	178496	177710	0.002060	22	2	178488	0	0	0	nan	0	0	0	0	0	0	nan	0	0	0	0.002060	0.000108	0.002060	0.000108	0.843571	0.044226
43	U	314	178500	177912	0.001765	22	2	178492	0	0	0	nan	0	0	0	0	0	0	nan	0	0	0	0.001765	0.000100	0.001765	0.000100	0.722768	0.040950
44	C	350	178508	177895	0.001967	22	2	178504	0	0	0	nan	0	0	0	0	0	0	nan	0	0	0	0.001967	0.000105	0.001967	0.000105	0.138154	0.007375
45	A	1164	178525	177909	0.006543	22	2	178520	0	0	0	nan	0	0	0	0	0	0	nan	0	0	0	0.006543	0.000192	0.006543	0.000192	0.214426	0.006292
46	G	233	178551	176817	0.001318	22	2	178547	0	0	0	nan	0	0	0	0	0	0	nan	0	0	0	0.001318	0.000086	0.001318	0.000086	nan	nan
47	G	181	178554	176844	0.001024	22	2	178550	0	0	0	nan	0	0	0	0	0	0	nan	0	0	0	0.001024	0.000076	0.001024	0.000076	nan	nan
48	A	998	178555	177838	0.005612	22	2	178551	0	0	0	nan	0	0	0	0	0	0	nan	0	0	0	0.005612	0.000178	0.005612	0.000178	0.183916	0.005833
49	G	271	178559	176657	0.001534	22	2	178555	0	0	0	nan	0	0	0	0	0	0	nan	0	0	0	0.001534	0.000093	0.001534	0.000093	nan	nan
50	G	246	178561	176690	0.001392	22	2	178557	0	0	0	nan	0	0	0	0	0	0	nan	0	0	0	0.001392	0.000089	0.001392	0.000089	nan	nan
51	U	389	178562	177816	0.002188	22	2	178559	0	0	0	nan	0	0	0	0	0	0	nan	0	0	0	0.002188	0.000111	0.002188	0.000111	0.895987	0.045455
52	U	434	178563	177687	0.002442	22	2	178560	0	0	0	nan	0	0	0	0	0	0	nan	0	0	0	0.002442	0.000117	0.002442	0.000117	1.000000	0.047912
53	A	1755	178560	177292	0.009899	22	2	178556	0	0	0	nan	0	0	0	0	0	0	nan	0	0	0	0.009899	0.000236	0.009899	0.000236	0.324408	0.007734
54	A	1647	178435	176915	0.009310	22	2	178426	0	0	0	nan	0	0	0	0	0	0	nan	0	0	0	0.009310	0.000229	0.009310	0.000229	0.305106	0.007505
55	U	469	178437	176666	0.002655	22	2	178432	0	0	0	nan	0	0	0	0	0	0	nan	0	0	0	0.002655	0.000123	0.002655	0.000123	1.087224	0.050369
56	G	341	178446	175782	0.001940	22	2	178443	0	0	0	nan	0	0	0	0	0	0	nan	0	0	0	0.001940	0.000105	0.001940	0.000105	nan	nan
57	G	0	178463	175249	0.000000	22	2	178463	0	0	0	nan	0	0	0	0	0	0	nan	0	0	0	0.000000	0.000000	0.000000	0.000000	nan	nan
58	A	0	178467	0	nan	22	2	178467	0	0	0	nan	0	0	0	0	0	0	nan	0	0	0	nan	nan	nan	nan	nan	nan
59	A	0	178467	0	nan	22	2	178467	0	0	0	nan	0	0	0	0	0	0	nan	0	0	0	nan	nan	nan	nan	nan	nan
60	G	0	178467	0	nan	22	2	178467	0	0	0	nan	0	0	0	0	0	0	nan	0	0	0	nan	nan	nan	nan	nan	nan
61	u	0	178467	0	nan	22	2	178467	0	0	0	nan	0	0	0	0	0	0	nan	0	0	0	nan	nan	nan	nan	nan	nan
62	a	0	178467	0	nan	22	2	178467	0	0	0	nan	0	0	0	0	0	0	nan	0	0	0	nan	nan	nan	nan	nan	nan
63	a	0	178467	0	nan	22	2	178467	0	0	0	nan	0	0	0	0	0	0	nan	0	0	0	nan	nan	nan	nan	nan	nan
64	a	0	178467	0	nan	22	2	178467	0	0	0	nan	0	0	0	0	0	0	nan	0	0	0	nan	nan	nan	nan	nan	nan
65	g	0	178467	0	nan	22	2	178467	0	0	0	nan	0	0	0	0	0	0	nan	0	0	0	nan	nan	nan	nan	nan	nan
66	g	0	178467	0	nan	22	2	178467	0	0	0	nan	0	0	0	0	0	0	nan	0	0	0	nan	nan	nan	nan	nan	nan
67	u	0	178467	0	nan	22	2	178467	0	0	0	nan	0	0	0	0	0	0	nan	0	0	0	nan	nan	nan	nan	nan	nan
68	a	0	178467	0	nan	22	2	178467	0	0	0	nan	0	0	0	0	0	0	nan	0	0	0	nan	nan	nan	nan	nan	nan
69	a	0	178467	0	nan	22	2	178467	0	0	0	nan	0	0	0	0	0	0	nan	0	0	0	nan	nan	nan	nan	nan	nan
70	u	0	178467	0	nan	22	2	178467	0	0	0	nan	0	0	0	0	0	0	nan	0	0	0	nan	nan	nan	nan	nan	nan
71	g	0	178467	0	nan	22	2	178467	0	0	0	nan	0	0	0	0	0	0	nan	0	0	0	nan	nan	nan	nan	nan	nan
72	a	0	178467	0	nan	22	2	178467	0	0	0	nan	0	0	0	0	0	0	nan	0	0	0	nan	nan	nan	nan	nan	nan
73	a	0	178467	0	nan	22	2	178467	0	0	0	nan	0	0	0	0	0	0	nan	0	0	0	nan	nan	nan	nan	nan	nan
74	g	0	178465	0	nan	22	2	178465	0	0	0	nan	0	0	0	0	0	0	nan	0	0	0	nan	nan	nan	nan	nan	nan
75	g	0	178465	0	nan	22	2	178465	0	0	0	nan	0	0	0	0	0	0	nan	0	0	0	nan	nan	nan	nan	nan	nan
76	u	0	178460	0	nan	22	2	178460	0	0	0	nan	0	0	0	0	0	0	nan	0	0	0	nan	nan	nan	nan	nan	nan
77	g	0	178453	0	nan	22	2	178453	0	0	0	nan	0	0	0	0	0	0	nan	0	0	0	nan	nan	nan	nan	nan	nan
78	a	0	178448	0	nan	21	2	178448	0	0	0	nan	0	0	0	0	0	0	nan	0	0	0	nan	nan	nan	nan	nan	nan
79	a	0	178428	0	nan	21	2	178428	0	0	0	nan	0	0	0	0	0	0	nan	0	0	0	nan	nan	nan	nan	nan	nan
80	g	0	178370	0	nan	21	2	178370	0	0	0	nan	0	0	0	0	0	0	nan	0	0	0	nan	nan	nan	nan	nan	nan