Nucleotide	Sequence	Modified_mutations	Modified_read_depth	Modified_effective_depth	Modified_rate	Modified_off_target_mapped_depth	Modified_low_mapq_mapped_depth	Modified_primer_pair_1_mapped_depth	Untreated_mutations	Untreated_read_depth	Untreated_effective_depth	Untreated_rate	Untreated_off_target_mapped_depth	Untreated_low_mapq_mapped_depth	Untreated_primer_pair_1_mapped_depth	Denatured_mutations	Denatured_read_depth	Denatured_effective_depth	Denatured_rate	Denatured_off_target_mapped_depth	Denatured_low_mapq_mapped_depth	Denatured_primer_pair_1_mapped_depth	Reactivity_profile	Std_err	HQ_profile	HQ_stderr	Norm_profile	Norm_stderr
1	g	0	471667	0	nan	0	8	471667	0	0	0	nan	0	0	0	0	0	0	nan	0	0	0	nan	nan	nan	nan	nan	nan
2	g	0	471870	0	nan	0	8	471870	0	0	0	nan	0	0	0	0	0	0	nan	0	0	0	nan	nan	nan	nan	nan	nan
3	u	0	472001	0	nan	0	8	472001	0	0	0	nan	0	0	0	0	0	0	nan	0	0	0	nan	nan	nan	nan	nan	nan
4	g	0	472028	0	nan	0	8	472028	0	0	0	nan	0	0	0	0	0	0	nan	0	0	0	nan	nan	nan	nan	nan	nan
5	u	0	472075	0	nan	0	8	472075	0	0	0	nan	0	0	0	0	0	0	nan	0	0	0	nan	nan	nan	nan	nan	nan
6	a	0	472082	0	nan	0	8	472082	0	0	0	nan	0	0	0	0	0	0	nan	0	0	0	nan	nan	nan	nan	nan	nan
7	a	0	472090	0	nan	0	8	472090	0	0	0	nan	0	0	0	0	0	0	nan	0	0	0	nan	nan	nan	nan	nan	nan
8	g	0	472140	0	nan	0	8	472140	0	0	0	nan	0	0	0	0	0	0	nan	0	0	0	nan	nan	nan	nan	nan	nan
9	g	0	472698	0	nan	0	8	472698	0	0	0	nan	0	0	0	0	0	0	nan	0	0	0	nan	nan	nan	nan	nan	nan
10	g	0	563206	0	nan	0	8	563206	0	0	0	nan	0	0	0	0	0	0	nan	0	0	0	nan	nan	nan	nan	nan	nan
11	u	0	563927	0	nan	0	8	563927	0	0	0	nan	0	0	0	0	0	0	nan	0	0	0	nan	nan	nan	nan	nan	nan
12	g	0	564272	0	nan	0	8	564272	0	0	0	nan	0	0	0	0	0	0	nan	0	0	0	nan	nan	nan	nan	nan	nan
13	a	0	564303	0	nan	0	8	564303	0	0	0	nan	0	0	0	0	0	0	nan	0	0	0	nan	nan	nan	nan	nan	nan
14	a	0	564306	0	nan	0	8	564306	0	0	0	nan	0	0	0	0	0	0	nan	0	0	0	nan	nan	nan	nan	nan	nan
15	g	0	564306	0	nan	2	8	564306	0	0	0	nan	0	0	0	0	0	0	nan	0	0	0	nan	nan	nan	nan	nan	nan
16	u	0	564328	0	nan	2	8	564328	0	0	0	nan	0	0	0	0	0	0	nan	0	0	0	nan	nan	nan	nan	nan	nan
17	g	0	564370	0	nan	2	8	564370	0	0	0	nan	0	0	0	0	0	0	nan	0	0	0	nan	nan	nan	nan	nan	nan
18	u	0	564474	0	nan	2	8	564474	0	0	0	nan	0	0	0	0	0	0	nan	0	0	0	nan	nan	nan	nan	nan	nan
19	a	0	564627	0	nan	2	8	564627	0	0	0	nan	0	0	0	0	0	0	nan	0	0	0	nan	nan	nan	nan	nan	nan
20	A	0	564927	292	0.000000	2	8	564927	0	0	0	nan	0	0	0	0	0	0	nan	0	0	0	0.000000	0.000000	nan	nan	nan	nan
21	G	0	565253	599	0.000000	3	8	565253	0	0	0	nan	0	0	0	0	0	0	nan	0	0	0	0.000000	0.000000	nan	nan	nan	nan
22	G	0	565501	828	0.000000	3	8	565501	0	0	0	nan	0	0	0	0	0	0	nan	0	0	0	0.000000	0.000000	nan	nan	nan	nan
23	U	0	565539	564319	0.000000	3	8	565539	0	0	0	nan	0	0	0	0	0	0	nan	0	0	0	0.000000	0.000000	0.000000	0.000000	nan	nan
24	U	549	565543	564304	0.000973	3	8	565543	0	0	0	nan	0	0	0	0	0	0	nan	0	0	0	0.000973	0.000042	0.000973	0.000042	nan	nan
25	G	385	565544	563837	0.000683	3	8	565544	0	0	0	nan	0	0	0	0	0	0	nan	0	0	0	0.000683	0.000035	0.000683	0.000035	nan	nan
26	A	3935	565545	560861	0.007016	3	8	565545	0	0	0	nan	0	0	0	0	0	0	nan	0	0	0	0.007016	0.000112	0.007016	0.000112	0.948172	0.015136
27	A	4545	565546	560371	0.008111	3	8	565546	0	0	0	nan	0	0	0	0	0	0	nan	0	0	0	0.008111	0.000120	0.008111	0.000120	1.096155	0.016217
28	C	591	565549	560128	0.001055	3	8	565549	0	0	0	nan	0	0	0	0	0	0	nan	0	0	0	0.001055	0.000043	0.001055	0.000043	nan	nan
29	U	433	565553	562855	0.000769	3	8	565552	0	0	0	nan	0	0	0	0	0	0	nan	0	0	0	0.000769	0.000037	0.000769	0.000037	nan	nan
30	U	524	565573	563191	0.000930	3	8	565571	0	0	0	nan	0	0	0	0	0	0	nan	0	0	0	0.000930	0.000041	0.000930	0.000041	nan	nan
31	U	599	565592	563810	0.001062	3	8	565589	0	0	0	nan	0	0	0	0	0	0	nan	0	0	0	0.001062	0.000043	0.001062	0.000043	nan	nan
32	U	456	565624	564457	0.000808	3	8	565622	0	0	0	nan	0	0	0	0	0	0	nan	0	0	0	0.000808	0.000038	0.000808	0.000038	nan	nan
33	G	393	565705	563822	0.000697	3	8	565700	0	0	0	nan	0	0	0	0	0	0	nan	0	0	0	0.000697	0.000035	0.000697	0.000035	nan	nan
34	A	1214	565750	564457	0.002151	3	8	565745	0	0	0	nan	0	0	0	0	0	0	nan	0	0	0	0.002151	0.000062	0.002151	0.000062	0.290695	0.008379
35	A	1075	565753	564062	0.001906	4	8	565747	0	0	0	nan	0	0	0	0	0	0	nan	0	0	0	0.001906	0.000058	0.001906	0.000058	0.257585	0.007838
36	U	357	565755	562980	0.000634	4	8	565747	0	0	0	nan	0	0	0	0	0	0	nan	0	0	0	0.000634	0.000034	0.000634	0.000034	nan	nan
37	A	19996	565758	563001	0.035517	4	8	565748	0	0	0	nan	0	0	0	0	0	0	nan	0	0	0	0.035517	0.000251	0.035517	0.000251	4.799919	0.033921
38	G	428	565765	561502	0.000762	4	8	565756	0	0	0	nan	0	0	0	0	0	0	nan	0	0	0	0.000762	0.000037	0.000762	0.000037	nan	nan
39	U	670	565766	564376	0.001187	4	8	565759	0	0	0	nan	0	0	0	0	0	0	nan	0	0	0	0.001187	0.000046	0.001187	0.000046	nan	nan
40	G	695	565770	563331	0.001234	4	8	565763	0	0	0	nan	0	0	0	0	0	0	nan	0	0	0	0.001234	0.000047	0.001234	0.000047	nan	nan
41	A	4217	565773	563959	0.007477	4	8	565766	0	0	0	nan	0	0	0	0	0	0	nan	0	0	0	0.007477	0.000115	0.007477	0.000115	1.010474	0.015542
42	U	764	565782	563495	0.001356	4	8	565776	0	0	0	nan	0	0	0	0	0	0	nan	0	0	0	0.001356	0.000049	0.001356	0.000049	nan	nan
43	U	580	565791	563908	0.001029	4	8	565784	0	0	0	nan	0	0	0	0	0	0	nan	0	0	0	0.001029	0.000043	0.001029	0.000043	nan	nan
44	C	853	565796	564098	0.001512	4	9	565789	0	0	0	nan	0	0	0	0	0	0	nan	0	0	0	0.001512	0.000052	0.001512	0.000052	nan	nan
45	A	1182	565802	564641	0.002093	4	9	565797	0	0	0	nan	0	0	0	0	0	0	nan	0	0	0	0.002093	0.000061	0.002093	0.000061	0.282857	0.008244
46	G	513	565827	564389	0.000909	4	9	565823	0	0	0	nan	0	0	0	0	0	0	nan	0	0	0	0.000909	0.000040	0.000909	0.000040	nan	nan
47	G	456	565832	564456	0.000808	4	9	565828	0	0	0	nan	0	0	0	0	0	0	nan	0	0	0	0.000808	0.000038	0.000808	0.000038	nan	nan
48	A	631	565834	564801	0.001117	4	9	565830	0	0	0	nan	0	0	0	0	0	0	nan	0	0	0	0.001117	0.000044	0.001117	0.000044	0.150956	0.005946
49	G	322	565846	564266	0.000571	4	9	565845	0	0	0	nan	0	0	0	0	0	0	nan	0	0	0	0.000571	0.000032	0.000571	0.000032	nan	nan
50	G	361	565850	564101	0.000640	4	9	565849	0	0	0	nan	0	0	0	0	0	0	nan	0	0	0	0.000640	0.000034	0.000640	0.000034	nan	nan
51	U	494	565851	564506	0.000875	4	9	565851	0	0	0	nan	0	0	0	0	0	0	nan	0	0	0	0.000875	0.000039	0.000875	0.000039	nan	nan
52	U	544	565853	564135	0.000964	4	9	565851	0	0	0	nan	0	0	0	0	0	0	nan	0	0	0	0.000964	0.000041	0.000964	0.000041	nan	nan
53	A	4040	565854	563694	0.007167	4	9	565852	0	0	0	nan	0	0	0	0	0	0	nan	0	0	0	0.007167	0.000113	0.007167	0.000113	0.968579	0.015271
54	A	3651	565703	563180	0.006483	4	9	565698	0	0	0	nan	0	0	0	0	0	0	nan	0	0	0	0.006483	0.000107	0.006483	0.000107	0.876140	0.014460
55	U	1354	565705	563145	0.002404	4	9	565702	0	0	0	nan	0	0	0	0	0	0	nan	0	0	0	0.002404	0.000065	0.002404	0.000065	nan	nan
56	G	679	565707	563472	0.001205	3	9	565705	0	0	0	nan	0	0	0	0	0	0	nan	0	0	0	0.001205	0.000046	0.001205	0.000046	nan	nan
57	G	0	565708	563814	0.000000	3	9	565708	0	0	0	nan	0	0	0	0	0	0	nan	0	0	0	0.000000	0.000000	0.000000	0.000000	nan	nan
58	A	0	565709	0	nan	3	9	565709	0	0	0	nan	0	0	0	0	0	0	nan	0	0	0	nan	nan	nan	nan	nan	nan
59	A	0	565709	0	nan	3	9	565709	0	0	0	nan	0	0	0	0	0	0	nan	0	0	0	nan	nan	nan	nan	nan	nan
60	G	0	565709	0	nan	3	9	565709	0	0	0	nan	0	0	0	0	0	0	nan	0	0	0	nan	nan	nan	nan	nan	nan
61	u	0	565709	0	nan	3	9	565709	0	0	0	nan	0	0	0	0	0	0	nan	0	0	0	nan	nan	nan	nan	nan	nan
62	a	0	565709	0	nan	3	9	565709	0	0	0	nan	0	0	0	0	0	0	nan	0	0	0	nan	nan	nan	nan	nan	nan
63	a	0	565709	0	nan	3	9	565709	0	0	0	nan	0	0	0	0	0	0	nan	0	0	0	nan	nan	nan	nan	nan	nan
64	a	0	565709	0	nan	3	9	565709	0	0	0	nan	0	0	0	0	0	0	nan	0	0	0	nan	nan	nan	nan	nan	nan
65	g	0	565709	0	nan	3	9	565709	0	0	0	nan	0	0	0	0	0	0	nan	0	0	0	nan	nan	nan	nan	nan	nan
66	g	0	565709	0	nan	3	9	565709	0	0	0	nan	0	0	0	0	0	0	nan	0	0	0	nan	nan	nan	nan	nan	nan
67	u	0	565709	0	nan	3	9	565709	0	0	0	nan	0	0	0	0	0	0	nan	0	0	0	nan	nan	nan	nan	nan	nan
68	a	0	565709	0	nan	3	9	565709	0	0	0	nan	0	0	0	0	0	0	nan	0	0	0	nan	nan	nan	nan	nan	nan
69	a	0	565709	0	nan	3	9	565709	0	0	0	nan	0	0	0	0	0	0	nan	0	0	0	nan	nan	nan	nan	nan	nan
70	u	0	565709	0	nan	3	9	565709	0	0	0	nan	0	0	0	0	0	0	nan	0	0	0	nan	nan	nan	nan	nan	nan
71	g	0	565709	0	nan	3	9	565709	0	0	0	nan	0	0	0	0	0	0	nan	0	0	0	nan	nan	nan	nan	nan	nan
72	a	0	565709	0	nan	3	9	565709	0	0	0	nan	0	0	0	0	0	0	nan	0	0	0	nan	nan	nan	nan	nan	nan
73	a	0	565709	0	nan	3	9	565709	0	0	0	nan	0	0	0	0	0	0	nan	0	0	0	nan	nan	nan	nan	nan	nan
74	g	0	565709	0	nan	3	9	565709	0	0	0	nan	0	0	0	0	0	0	nan	0	0	0	nan	nan	nan	nan	nan	nan
75	g	0	565709	0	nan	3	9	565709	0	0	0	nan	0	0	0	0	0	0	nan	0	0	0	nan	nan	nan	nan	nan	nan
76	u	0	565691	0	nan	3	9	565691	0	0	0	nan	0	0	0	0	0	0	nan	0	0	0	nan	nan	nan	nan	nan	nan
77	g	0	565685	0	nan	3	9	565685	0	0	0	nan	0	0	0	0	0	0	nan	0	0	0	nan	nan	nan	nan	nan	nan
78	a	0	565678	0	nan	3	9	565678	0	0	0	nan	0	0	0	0	0	0	nan	0	0	0	nan	nan	nan	nan	nan	nan
79	a	0	565593	0	nan	3	9	565593	0	0	0	nan	0	0	0	0	0	0	nan	0	0	0	nan	nan	nan	nan	nan	nan
80	g	0	565325	0	nan	3	9	565325	0	0	0	nan	0	0	0	0	0	0	nan	0	0	0	nan	nan	nan	nan	nan	nan