Nucleotide	Sequence	Modified_mutations	Modified_read_depth	Modified_effective_depth	Modified_rate	Modified_off_target_mapped_depth	Modified_low_mapq_mapped_depth	Modified_primer_pair_1_mapped_depth	Untreated_mutations	Untreated_read_depth	Untreated_effective_depth	Untreated_rate	Untreated_off_target_mapped_depth	Untreated_low_mapq_mapped_depth	Untreated_primer_pair_1_mapped_depth	Denatured_mutations	Denatured_read_depth	Denatured_effective_depth	Denatured_rate	Denatured_off_target_mapped_depth	Denatured_low_mapq_mapped_depth	Denatured_primer_pair_1_mapped_depth	Reactivity_profile	Std_err	HQ_profile	HQ_stderr	Norm_profile	Norm_stderr
1	g	0	528643	0	nan	0	2	528643	0	0	0	nan	0	0	0	0	0	0	nan	0	0	0	nan	nan	nan	nan	nan	nan
2	g	0	528937	0	nan	0	2	528937	0	0	0	nan	0	0	0	0	0	0	nan	0	0	0	nan	nan	nan	nan	nan	nan
3	u	0	529088	0	nan	0	2	529088	0	0	0	nan	0	0	0	0	0	0	nan	0	0	0	nan	nan	nan	nan	nan	nan
4	g	0	529142	0	nan	0	2	529142	0	0	0	nan	0	0	0	0	0	0	nan	0	0	0	nan	nan	nan	nan	nan	nan
5	u	0	529210	0	nan	0	2	529210	0	0	0	nan	0	0	0	0	0	0	nan	0	0	0	nan	nan	nan	nan	nan	nan
6	a	0	529213	0	nan	0	2	529213	0	0	0	nan	0	0	0	0	0	0	nan	0	0	0	nan	nan	nan	nan	nan	nan
7	a	0	529220	0	nan	0	2	529220	0	0	0	nan	0	0	0	0	0	0	nan	0	0	0	nan	nan	nan	nan	nan	nan
8	g	0	529244	0	nan	0	2	529244	0	0	0	nan	0	0	0	0	0	0	nan	0	0	0	nan	nan	nan	nan	nan	nan
9	g	0	529670	0	nan	0	2	529670	0	0	0	nan	0	0	0	0	0	0	nan	0	0	0	nan	nan	nan	nan	nan	nan
10	g	0	631276	0	nan	0	2	631276	0	0	0	nan	0	0	0	0	0	0	nan	0	0	0	nan	nan	nan	nan	nan	nan
11	u	0	631928	0	nan	0	2	631928	0	0	0	nan	0	0	0	0	0	0	nan	0	0	0	nan	nan	nan	nan	nan	nan
12	g	0	632528	0	nan	1	2	632528	0	0	0	nan	0	0	0	0	0	0	nan	0	0	0	nan	nan	nan	nan	nan	nan
13	a	0	632590	0	nan	1	2	632590	0	0	0	nan	0	0	0	0	0	0	nan	0	0	0	nan	nan	nan	nan	nan	nan
14	a	0	632600	0	nan	1	2	632600	0	0	0	nan	0	0	0	0	0	0	nan	0	0	0	nan	nan	nan	nan	nan	nan
15	g	0	632600	0	nan	2	2	632600	0	0	0	nan	0	0	0	0	0	0	nan	0	0	0	nan	nan	nan	nan	nan	nan
16	u	0	632632	0	nan	2	2	632632	0	0	0	nan	0	0	0	0	0	0	nan	0	0	0	nan	nan	nan	nan	nan	nan
17	g	0	632685	0	nan	2	2	632685	0	0	0	nan	0	0	0	0	0	0	nan	0	0	0	nan	nan	nan	nan	nan	nan
18	u	0	632802	0	nan	2	2	632802	0	0	0	nan	0	0	0	0	0	0	nan	0	0	0	nan	nan	nan	nan	nan	nan
19	a	0	632973	0	nan	2	2	632973	0	0	0	nan	0	0	0	0	0	0	nan	0	0	0	nan	nan	nan	nan	nan	nan
20	A	0	633313	333	0.000000	2	2	633313	0	0	0	nan	0	0	0	0	0	0	nan	0	0	0	0.000000	0.000000	nan	nan	nan	nan
21	G	0	633655	668	0.000000	2	2	633654	0	0	0	nan	0	0	0	0	0	0	nan	0	0	0	0.000000	0.000000	nan	nan	nan	nan
22	G	0	633946	943	0.000000	3	2	633945	0	0	0	nan	0	0	0	0	0	0	nan	0	0	0	0.000000	0.000000	nan	nan	nan	nan
23	U	0	633983	632798	0.000000	3	2	633982	0	0	0	nan	0	0	0	0	0	0	nan	0	0	0	0.000000	0.000000	0.000000	0.000000	nan	nan
24	U	526	633985	632669	0.000831	3	2	633984	0	0	0	nan	0	0	0	0	0	0	nan	0	0	0	0.000831	0.000036	0.000831	0.000036	nan	nan
25	G	304	633986	632595	0.000481	3	2	633985	0	0	0	nan	0	0	0	0	0	0	nan	0	0	0	0.000481	0.000028	0.000481	0.000028	nan	nan
26	A	284	633989	628740	0.000452	3	2	633988	0	0	0	nan	0	0	0	0	0	0	nan	0	0	0	0.000452	0.000027	0.000452	0.000027	0.113170	0.006760
27	A	2509	633991	628206	0.003994	3	2	633990	0	0	0	nan	0	0	0	0	0	0	nan	0	0	0	0.003994	0.000080	0.003994	0.000080	1.000000	0.020030
28	C	741	633991	627537	0.001181	3	2	633990	0	0	0	nan	0	0	0	0	0	0	nan	0	0	0	0.001181	0.000043	0.001181	0.000043	nan	nan
29	U	693	633998	630865	0.001098	3	2	633997	0	0	0	nan	0	0	0	0	0	0	nan	0	0	0	0.001098	0.000042	0.001098	0.000042	nan	nan
30	U	720	634010	631110	0.001141	3	2	634008	0	0	0	nan	0	0	0	0	0	0	nan	0	0	0	0.001141	0.000043	0.001141	0.000043	nan	nan
31	U	958	634029	631853	0.001516	3	2	634027	0	0	0	nan	0	0	0	0	0	0	nan	0	0	0	0.001516	0.000049	0.001516	0.000049	nan	nan
32	U	533	634071	632704	0.000842	3	2	634068	0	0	0	nan	0	0	0	0	0	0	nan	0	0	0	0.000842	0.000036	0.000842	0.000036	nan	nan
33	G	315	634215	632884	0.000498	3	2	634209	0	0	0	nan	0	0	0	0	0	0	nan	0	0	0	0.000498	0.000028	0.000498	0.000028	nan	nan
34	A	385	634304	633283	0.000608	3	2	634298	0	0	0	nan	0	0	0	0	0	0	nan	0	0	0	0.000608	0.000031	0.000608	0.000031	0.152228	0.007762
35	A	365	634307	632666	0.000577	3	2	634300	0	0	0	nan	0	0	0	0	0	0	nan	0	0	0	0.000577	0.000030	0.000577	0.000030	0.144467	0.007511
36	U	430	634308	632533	0.000680	3	2	634301	0	0	0	nan	0	0	0	0	0	0	nan	0	0	0	0.000680	0.000033	0.000680	0.000033	nan	nan
37	A	417	634309	632701	0.000659	3	2	634302	0	0	0	nan	0	0	0	0	0	0	nan	0	0	0	0.000659	0.000032	0.000659	0.000032	0.164997	0.008012
38	G	431	634318	632153	0.000682	3	2	634311	0	0	0	nan	0	0	0	0	0	0	nan	0	0	0	0.000682	0.000033	0.000682	0.000033	nan	nan
39	U	576	634325	632991	0.000910	3	2	634317	0	0	0	nan	0	0	0	0	0	0	nan	0	0	0	0.000910	0.000038	0.000910	0.000038	nan	nan
40	G	523	634333	632484	0.000827	3	2	634325	0	0	0	nan	0	0	0	0	0	0	nan	0	0	0	0.000827	0.000036	0.000827	0.000036	nan	nan
41	A	579	634342	632772	0.000915	3	2	634334	0	0	0	nan	0	0	0	0	0	0	nan	0	0	0	0.000915	0.000038	0.000915	0.000038	0.229094	0.009514
42	U	1017	634355	632131	0.001609	3	2	634348	0	0	0	nan	0	0	0	0	0	0	nan	0	0	0	0.001609	0.000050	0.001609	0.000050	nan	nan
43	U	771	634362	632166	0.001220	3	2	634353	0	0	0	nan	0	0	0	0	0	0	nan	0	0	0	0.001220	0.000044	0.001220	0.000044	nan	nan
44	C	1020	634370	632500	0.001613	3	2	634362	0	0	0	nan	0	0	0	0	0	0	nan	0	0	0	0.001613	0.000050	0.001613	0.000050	nan	nan
45	A	533	634379	633138	0.000842	3	2	634372	0	0	0	nan	0	0	0	0	0	0	nan	0	0	0	0.000842	0.000036	0.000842	0.000036	0.210816	0.009014
46	G	422	634409	633211	0.000666	3	2	634403	0	0	0	nan	0	0	0	0	0	0	nan	0	0	0	0.000666	0.000032	0.000666	0.000032	nan	nan
47	G	360	634415	633398	0.000568	3	2	634409	0	0	0	nan	0	0	0	0	0	0	nan	0	0	0	0.000568	0.000030	0.000568	0.000030	nan	nan
48	A	366	634418	633669	0.000578	4	2	634412	0	0	0	nan	0	0	0	0	0	0	nan	0	0	0	0.000578	0.000030	0.000578	0.000030	0.144717	0.007511
49	G	319	634428	633385	0.000504	4	2	634423	0	0	0	nan	0	0	0	0	0	0	nan	0	0	0	0.000504	0.000028	0.000504	0.000028	nan	nan
50	G	330	634430	633125	0.000521	4	2	634425	0	0	0	nan	0	0	0	0	0	0	nan	0	0	0	0.000521	0.000029	0.000521	0.000029	nan	nan
51	U	654	634433	632928	0.001033	4	2	634428	0	0	0	nan	0	0	0	0	0	0	nan	0	0	0	0.001033	0.000040	0.001033	0.000040	nan	nan
52	U	588	634436	632848	0.000929	5	2	634432	0	0	0	nan	0	0	0	0	0	0	nan	0	0	0	0.000929	0.000038	0.000929	0.000038	nan	nan
53	A	321	634439	632941	0.000507	5	2	634435	0	0	0	nan	0	0	0	0	0	0	nan	0	0	0	0.000507	0.000028	0.000507	0.000028	0.126940	0.007011
54	A	363	634197	632191	0.000574	4	2	634190	0	0	0	nan	0	0	0	0	0	0	nan	0	0	0	0.000574	0.000030	0.000574	0.000030	0.143716	0.007511
55	U	733	634197	631740	0.001160	4	2	634191	0	0	0	nan	0	0	0	0	0	0	nan	0	0	0	0.001160	0.000043	0.001160	0.000043	nan	nan
56	G	525	634199	631878	0.000831	4	2	634198	0	0	0	nan	0	0	0	0	0	0	nan	0	0	0	0.000831	0.000036	0.000831	0.000036	nan	nan
57	G	0	634202	632084	0.000000	4	2	634201	0	0	0	nan	0	0	0	0	0	0	nan	0	0	0	0.000000	0.000000	0.000000	0.000000	nan	nan
58	A	0	634204	0	nan	4	2	634204	0	0	0	nan	0	0	0	0	0	0	nan	0	0	0	nan	nan	nan	nan	nan	nan
59	A	0	634204	0	nan	4	2	634204	0	0	0	nan	0	0	0	0	0	0	nan	0	0	0	nan	nan	nan	nan	nan	nan
60	G	0	634204	0	nan	4	2	634204	0	0	0	nan	0	0	0	0	0	0	nan	0	0	0	nan	nan	nan	nan	nan	nan
61	u	0	634204	0	nan	4	2	634204	0	0	0	nan	0	0	0	0	0	0	nan	0	0	0	nan	nan	nan	nan	nan	nan
62	a	0	634204	0	nan	4	2	634204	0	0	0	nan	0	0	0	0	0	0	nan	0	0	0	nan	nan	nan	nan	nan	nan
63	a	0	634204	0	nan	4	2	634204	0	0	0	nan	0	0	0	0	0	0	nan	0	0	0	nan	nan	nan	nan	nan	nan
64	a	0	634204	0	nan	4	2	634204	0	0	0	nan	0	0	0	0	0	0	nan	0	0	0	nan	nan	nan	nan	nan	nan
65	g	0	634204	0	nan	4	2	634204	0	0	0	nan	0	0	0	0	0	0	nan	0	0	0	nan	nan	nan	nan	nan	nan
66	g	0	634204	0	nan	4	2	634204	0	0	0	nan	0	0	0	0	0	0	nan	0	0	0	nan	nan	nan	nan	nan	nan
67	u	0	634204	0	nan	4	2	634204	0	0	0	nan	0	0	0	0	0	0	nan	0	0	0	nan	nan	nan	nan	nan	nan
68	a	0	634204	0	nan	4	2	634204	0	0	0	nan	0	0	0	0	0	0	nan	0	0	0	nan	nan	nan	nan	nan	nan
69	a	0	634204	0	nan	4	2	634204	0	0	0	nan	0	0	0	0	0	0	nan	0	0	0	nan	nan	nan	nan	nan	nan
70	u	0	634204	0	nan	4	2	634204	0	0	0	nan	0	0	0	0	0	0	nan	0	0	0	nan	nan	nan	nan	nan	nan
71	g	0	634204	0	nan	4	2	634204	0	0	0	nan	0	0	0	0	0	0	nan	0	0	0	nan	nan	nan	nan	nan	nan
72	a	0	634204	0	nan	4	2	634204	0	0	0	nan	0	0	0	0	0	0	nan	0	0	0	nan	nan	nan	nan	nan	nan
73	a	0	634204	0	nan	4	2	634204	0	0	0	nan	0	0	0	0	0	0	nan	0	0	0	nan	nan	nan	nan	nan	nan
74	g	0	634203	0	nan	4	2	634203	0	0	0	nan	0	0	0	0	0	0	nan	0	0	0	nan	nan	nan	nan	nan	nan
75	g	0	634202	0	nan	4	2	634202	0	0	0	nan	0	0	0	0	0	0	nan	0	0	0	nan	nan	nan	nan	nan	nan
76	u	0	634197	0	nan	4	2	634197	0	0	0	nan	0	0	0	0	0	0	nan	0	0	0	nan	nan	nan	nan	nan	nan
77	g	0	634189	0	nan	4	2	634189	0	0	0	nan	0	0	0	0	0	0	nan	0	0	0	nan	nan	nan	nan	nan	nan
78	a	0	634184	0	nan	4	2	634184	0	0	0	nan	0	0	0	0	0	0	nan	0	0	0	nan	nan	nan	nan	nan	nan
79	a	0	634083	0	nan	4	2	634083	0	0	0	nan	0	0	0	0	0	0	nan	0	0	0	nan	nan	nan	nan	nan	nan
80	g	0	633838	0	nan	4	2	633838	0	0	0	nan	0	0	0	0	0	0	nan	0	0	0	nan	nan	nan	nan	nan	nan