Nucleotide	Sequence	Modified_mutations	Modified_read_depth	Modified_effective_depth	Modified_rate	Modified_off_target_mapped_depth	Modified_low_mapq_mapped_depth	Modified_primer_pair_1_mapped_depth	Untreated_mutations	Untreated_read_depth	Untreated_effective_depth	Untreated_rate	Untreated_off_target_mapped_depth	Untreated_low_mapq_mapped_depth	Untreated_primer_pair_1_mapped_depth	Denatured_mutations	Denatured_read_depth	Denatured_effective_depth	Denatured_rate	Denatured_off_target_mapped_depth	Denatured_low_mapq_mapped_depth	Denatured_primer_pair_1_mapped_depth	Reactivity_profile	Std_err	HQ_profile	HQ_stderr	Norm_profile	Norm_stderr
1	g	0	366730	0	nan	2	2	366730	0	0	0	nan	0	0	0	0	0	0	nan	0	0	0	nan	nan	nan	nan	nan	nan
2	g	0	366913	0	nan	2	2	366913	0	0	0	nan	0	0	0	0	0	0	nan	0	0	0	nan	nan	nan	nan	nan	nan
3	u	0	366997	0	nan	2	2	366997	0	0	0	nan	0	0	0	0	0	0	nan	0	0	0	nan	nan	nan	nan	nan	nan
4	g	0	367029	0	nan	2	2	367029	0	0	0	nan	0	0	0	0	0	0	nan	0	0	0	nan	nan	nan	nan	nan	nan
5	u	0	367043	0	nan	2	2	367043	0	0	0	nan	0	0	0	0	0	0	nan	0	0	0	nan	nan	nan	nan	nan	nan
6	a	0	367044	0	nan	2	2	367044	0	0	0	nan	0	0	0	0	0	0	nan	0	0	0	nan	nan	nan	nan	nan	nan
7	a	0	367046	0	nan	2	2	367046	0	0	0	nan	0	0	0	0	0	0	nan	0	0	0	nan	nan	nan	nan	nan	nan
8	g	0	367049	0	nan	2	2	367049	0	0	0	nan	0	0	0	0	0	0	nan	0	0	0	nan	nan	nan	nan	nan	nan
9	g	0	367078	0	nan	2	2	367078	0	0	0	nan	0	0	0	0	0	0	nan	0	0	0	nan	nan	nan	nan	nan	nan
10	g	0	372921	0	nan	2	2	372921	0	0	0	nan	0	0	0	0	0	0	nan	0	0	0	nan	nan	nan	nan	nan	nan
11	u	0	372985	0	nan	2	2	372985	0	0	0	nan	0	0	0	0	0	0	nan	0	0	0	nan	nan	nan	nan	nan	nan
12	g	0	373003	0	nan	2	2	373003	0	0	0	nan	0	0	0	0	0	0	nan	0	0	0	nan	nan	nan	nan	nan	nan
13	a	0	373005	0	nan	4	2	373005	0	0	0	nan	0	0	0	0	0	0	nan	0	0	0	nan	nan	nan	nan	nan	nan
14	a	0	373005	0	nan	4	2	373005	0	0	0	nan	0	0	0	0	0	0	nan	0	0	0	nan	nan	nan	nan	nan	nan
15	g	0	373007	0	nan	65	2	373007	0	0	0	nan	0	0	0	0	0	0	nan	0	0	0	nan	nan	nan	nan	nan	nan
16	u	0	373008	0	nan	67	2	373008	0	0	0	nan	0	0	0	0	0	0	nan	0	0	0	nan	nan	nan	nan	nan	nan
17	g	0	373008	0	nan	67	2	373008	0	0	0	nan	0	0	0	0	0	0	nan	0	0	0	nan	nan	nan	nan	nan	nan
18	u	0	373009	0	nan	69	2	373009	0	0	0	nan	0	0	0	0	0	0	nan	0	0	0	nan	nan	nan	nan	nan	nan
19	a	0	373013	0	nan	69	2	373013	0	0	0	nan	0	0	0	0	0	0	nan	0	0	0	nan	nan	nan	nan	nan	nan
20	A	0	373021	3	0.000000	71	2	373021	0	0	0	nan	0	0	0	0	0	0	nan	0	0	0	0.000000	0.000000	nan	nan	nan	nan
21	G	0	373023	5	0.000000	74	2	373023	0	0	0	nan	0	0	0	0	0	0	nan	0	0	0	0.000000	0.000000	nan	nan	nan	nan
22	G	0	373028	10	0.000000	74	2	373028	0	0	0	nan	0	0	0	0	0	0	nan	0	0	0	0.000000	0.000000	nan	nan	nan	nan
23	U	0	373033	372147	0.000000	79	2	373033	0	0	0	nan	0	0	0	0	0	0	nan	0	0	0	0.000000	0.000000	0.000000	0.000000	nan	nan
24	U	310	373033	372124	0.000833	79	2	373033	0	0	0	nan	0	0	0	0	0	0	nan	0	0	0	0.000833	0.000047	0.000833	0.000047	nan	nan
25	G	144	373033	372089	0.000387	79	2	373033	0	0	0	nan	0	0	0	0	0	0	nan	0	0	0	0.000387	0.000032	0.000387	0.000032	nan	nan
26	A	153	373037	372270	0.000411	79	2	373036	0	0	0	nan	0	0	0	0	0	0	nan	0	0	0	0.000411	0.000033	0.000411	0.000033	nan	nan
27	A	230	373039	372047	0.000618	79	2	373038	0	0	0	nan	0	0	0	0	0	0	nan	0	0	0	0.000618	0.000041	0.000618	0.000041	nan	nan
28	C	423	373040	371814	0.001138	79	2	373039	0	0	0	nan	0	0	0	0	0	0	nan	0	0	0	0.001138	0.000055	0.001138	0.000055	nan	nan
29	U	430	373040	371361	0.001158	79	2	373039	0	0	0	nan	0	0	0	0	0	0	nan	0	0	0	0.001158	0.000056	0.001158	0.000056	nan	nan
30	U	448	373042	371542	0.001206	79	2	373040	0	0	0	nan	0	0	0	0	0	0	nan	0	0	0	0.001206	0.000057	0.001206	0.000057	nan	nan
31	U	574	373048	371789	0.001544	79	2	373046	0	0	0	nan	0	0	0	0	0	0	nan	0	0	0	0.001544	0.000064	0.001544	0.000064	nan	nan
32	U	292	373063	372177	0.000785	79	2	373059	0	0	0	nan	0	0	0	0	0	0	nan	0	0	0	0.000785	0.000046	0.000785	0.000046	nan	nan
33	G	137	373121	372149	0.000368	79	2	373116	0	0	0	nan	0	0	0	0	0	0	nan	0	0	0	0.000368	0.000031	0.000368	0.000031	nan	nan
34	A	205	373163	372275	0.000551	79	2	373157	0	0	0	nan	0	0	0	0	0	0	nan	0	0	0	0.000551	0.000038	0.000551	0.000038	nan	nan
35	A	270	373182	372044	0.000726	79	2	373176	0	0	0	nan	0	0	0	0	0	0	nan	0	0	0	0.000726	0.000044	0.000726	0.000044	nan	nan
36	U	260	373187	372166	0.000699	79	2	373179	0	0	0	nan	0	0	0	0	0	0	nan	0	0	0	0.000699	0.000043	0.000699	0.000043	nan	nan
37	A	234	373188	372335	0.000628	79	2	373177	0	0	0	nan	0	0	0	0	0	0	nan	0	0	0	0.000628	0.000041	0.000628	0.000041	nan	nan
38	G	194	373191	372011	0.000521	82	2	373178	0	0	0	nan	0	0	0	0	0	0	nan	0	0	0	0.000521	0.000037	0.000521	0.000037	nan	nan
39	U	373	373192	372401	0.001002	82	2	373179	0	0	0	nan	0	0	0	0	0	0	nan	0	0	0	0.001002	0.000052	0.001002	0.000052	nan	nan
40	G	286	373194	372045	0.000769	82	2	373182	0	0	0	nan	0	0	0	0	0	0	nan	0	0	0	0.000769	0.000045	0.000769	0.000045	nan	nan
41	A	381	373198	372174	0.001024	82	2	373185	0	0	0	nan	0	0	0	0	0	0	nan	0	0	0	0.001024	0.000052	0.001024	0.000052	nan	nan
42	U	704	373201	371936	0.001893	83	2	373187	0	0	0	nan	0	0	0	0	0	0	nan	0	0	0	0.001893	0.000071	0.001893	0.000071	nan	nan
43	U	506	373206	372049	0.001360	83	2	373191	0	0	0	nan	0	0	0	0	0	0	nan	0	0	0	0.001360	0.000060	0.001360	0.000060	nan	nan
44	C	538	373213	372155	0.001446	83	2	373200	0	0	0	nan	0	0	0	0	0	0	nan	0	0	0	0.001446	0.000062	0.001446	0.000062	nan	nan
45	A	323	373216	372424	0.000867	83	2	373204	0	0	0	nan	0	0	0	0	0	0	nan	0	0	0	0.000867	0.000048	0.000867	0.000048	nan	nan
46	G	201	373226	372228	0.000540	83	2	373215	0	0	0	nan	0	0	0	0	0	0	nan	0	0	0	0.000540	0.000038	0.000540	0.000038	nan	nan
47	G	160	373231	372347	0.000430	83	2	373220	0	0	0	nan	0	0	0	0	0	0	nan	0	0	0	0.000430	0.000034	0.000430	0.000034	nan	nan
48	A	217	373232	372451	0.000583	83	2	373221	0	0	0	nan	0	0	0	0	0	0	nan	0	0	0	0.000583	0.000040	0.000583	0.000040	nan	nan
49	G	212	373239	372256	0.000570	84	2	373229	0	0	0	nan	0	0	0	0	0	0	nan	0	0	0	0.000570	0.000039	0.000570	0.000039	nan	nan
50	G	240	373239	364449	0.000659	84	2	373229	0	0	0	nan	0	0	0	0	0	0	nan	0	0	0	0.000659	0.000043	0.000659	0.000043	nan	nan
51	U	360	373243	364387	0.000988	84	2	373235	0	0	0	nan	0	0	0	0	0	0	nan	0	0	0	0.000988	0.000052	0.000988	0.000052	nan	nan
52	U	324	373245	364295	0.000889	84	2	373237	0	0	0	nan	0	0	0	0	0	0	nan	0	0	0	0.000889	0.000049	0.000889	0.000049	nan	nan
53	A	200	373245	371944	0.000538	84	2	373235	0	0	0	nan	0	0	0	0	0	0	nan	0	0	0	0.000538	0.000038	0.000538	0.000038	nan	nan
54	A	240	373064	370835	0.000647	61	2	372714	0	0	0	nan	0	0	0	0	0	0	nan	0	0	0	0.000647	0.000042	0.000647	0.000042	nan	nan
55	U	433	373066	370447	0.001169	61	2	372763	0	0	0	nan	0	0	0	0	0	0	nan	0	0	0	0.001169	0.000056	0.001169	0.000056	nan	nan
56	G	302	373069	370410	0.000815	61	2	372806	0	0	0	nan	0	0	0	0	0	0	nan	0	0	0	0.000815	0.000047	0.000815	0.000047	nan	nan
57	G	0	373080	370578	0.000000	61	2	373053	0	0	0	nan	0	0	0	0	0	0	nan	0	0	0	0.000000	0.000000	0.000000	0.000000	nan	nan
58	A	0	373086	0	nan	61	2	373086	0	0	0	nan	0	0	0	0	0	0	nan	0	0	0	nan	nan	nan	nan	nan	nan
59	A	0	373086	0	nan	60	2	373086	0	0	0	nan	0	0	0	0	0	0	nan	0	0	0	nan	nan	nan	nan	nan	nan
60	G	0	373085	0	nan	59	2	373085	0	0	0	nan	0	0	0	0	0	0	nan	0	0	0	nan	nan	nan	nan	nan	nan
61	u	0	373085	0	nan	59	2	373085	0	0	0	nan	0	0	0	0	0	0	nan	0	0	0	nan	nan	nan	nan	nan	nan
62	a	0	373085	0	nan	59	2	373085	0	0	0	nan	0	0	0	0	0	0	nan	0	0	0	nan	nan	nan	nan	nan	nan
63	a	0	373085	0	nan	59	2	373085	0	0	0	nan	0	0	0	0	0	0	nan	0	0	0	nan	nan	nan	nan	nan	nan
64	a	0	373085	0	nan	59	2	373085	0	0	0	nan	0	0	0	0	0	0	nan	0	0	0	nan	nan	nan	nan	nan	nan
65	g	0	373085	0	nan	59	2	373085	0	0	0	nan	0	0	0	0	0	0	nan	0	0	0	nan	nan	nan	nan	nan	nan
66	g	0	373085	0	nan	59	2	373085	0	0	0	nan	0	0	0	0	0	0	nan	0	0	0	nan	nan	nan	nan	nan	nan
67	u	0	373085	0	nan	59	2	373085	0	0	0	nan	0	0	0	0	0	0	nan	0	0	0	nan	nan	nan	nan	nan	nan
68	a	0	373085	0	nan	59	2	373085	0	0	0	nan	0	0	0	0	0	0	nan	0	0	0	nan	nan	nan	nan	nan	nan
69	a	0	373085	0	nan	59	2	373085	0	0	0	nan	0	0	0	0	0	0	nan	0	0	0	nan	nan	nan	nan	nan	nan
70	u	0	373085	0	nan	59	2	373085	0	0	0	nan	0	0	0	0	0	0	nan	0	0	0	nan	nan	nan	nan	nan	nan
71	g	0	373085	0	nan	59	2	373085	0	0	0	nan	0	0	0	0	0	0	nan	0	0	0	nan	nan	nan	nan	nan	nan
72	a	0	373085	0	nan	59	2	373085	0	0	0	nan	0	0	0	0	0	0	nan	0	0	0	nan	nan	nan	nan	nan	nan
73	a	0	373085	0	nan	59	2	373085	0	0	0	nan	0	0	0	0	0	0	nan	0	0	0	nan	nan	nan	nan	nan	nan
74	g	0	373085	0	nan	58	2	373085	0	0	0	nan	0	0	0	0	0	0	nan	0	0	0	nan	nan	nan	nan	nan	nan
75	g	0	373083	0	nan	58	2	373083	0	0	0	nan	0	0	0	0	0	0	nan	0	0	0	nan	nan	nan	nan	nan	nan
76	u	0	373075	0	nan	58	2	373075	0	0	0	nan	0	0	0	0	0	0	nan	0	0	0	nan	nan	nan	nan	nan	nan
77	g	0	373073	0	nan	58	2	373073	0	0	0	nan	0	0	0	0	0	0	nan	0	0	0	nan	nan	nan	nan	nan	nan
78	a	0	373070	0	nan	58	2	373070	0	0	0	nan	0	0	0	0	0	0	nan	0	0	0	nan	nan	nan	nan	nan	nan
79	a	0	372995	0	nan	58	2	372995	0	0	0	nan	0	0	0	0	0	0	nan	0	0	0	nan	nan	nan	nan	nan	nan
80	g	0	372847	0	nan	58	2	372847	0	0	0	nan	0	0	0	0	0	0	nan	0	0	0	nan	nan	nan	nan	nan	nan