Nucleotide	Sequence	Modified_mutations	Modified_read_depth	Modified_effective_depth	Modified_rate	Modified_off_target_mapped_depth	Modified_low_mapq_mapped_depth	Modified_primer_pair_1_mapped_depth	Untreated_mutations	Untreated_read_depth	Untreated_effective_depth	Untreated_rate	Untreated_off_target_mapped_depth	Untreated_low_mapq_mapped_depth	Untreated_primer_pair_1_mapped_depth	Denatured_mutations	Denatured_read_depth	Denatured_effective_depth	Denatured_rate	Denatured_off_target_mapped_depth	Denatured_low_mapq_mapped_depth	Denatured_primer_pair_1_mapped_depth	Reactivity_profile	Std_err	HQ_profile	HQ_stderr	Norm_profile	Norm_stderr
1	g	0	197000	0	nan	11	0	197000	0	0	0	nan	0	0	0	0	0	0	nan	0	0	0	nan	nan	nan	nan	nan	nan
2	g	0	197420	0	nan	11	0	197420	0	0	0	nan	0	0	0	0	0	0	nan	0	0	0	nan	nan	nan	nan	nan	nan
3	c	0	197527	0	nan	15	0	197527	0	0	0	nan	0	0	0	0	0	0	nan	0	0	0	nan	nan	nan	nan	nan	nan
4	a	0	197543	0	nan	15	0	197543	0	0	0	nan	0	0	0	0	0	0	nan	0	0	0	nan	nan	nan	nan	nan	nan
5	c	0	197571	0	nan	15	0	197571	0	0	0	nan	0	0	0	0	0	0	nan	0	0	0	nan	nan	nan	nan	nan	nan
6	c	0	199164	0	nan	16	0	199164	0	0	0	nan	0	0	0	0	0	0	nan	0	0	0	nan	nan	nan	nan	nan	nan
7	u	0	199254	0	nan	17	0	199254	0	0	0	nan	0	0	0	0	0	0	nan	0	0	0	nan	nan	nan	nan	nan	nan
8	c	0	199256	0	nan	17	0	199256	0	0	0	nan	0	0	0	0	0	0	nan	0	0	0	nan	nan	nan	nan	nan	nan
9	a	0	199260	0	nan	17	0	199260	0	0	0	nan	0	0	0	0	0	0	nan	0	0	0	nan	nan	nan	nan	nan	nan
10	u	0	199260	0	nan	17	0	199260	0	0	0	nan	0	0	0	0	0	0	nan	0	0	0	nan	nan	nan	nan	nan	nan
11	a	0	199261	0	nan	17	0	199261	0	0	0	nan	0	0	0	0	0	0	nan	0	0	0	nan	nan	nan	nan	nan	nan
12	a	0	199265	0	nan	17	0	199265	0	0	0	nan	0	0	0	0	0	0	nan	0	0	0	nan	nan	nan	nan	nan	nan
13	c	0	199267	0	nan	17	0	199267	0	0	0	nan	0	0	0	0	0	0	nan	0	0	0	nan	nan	nan	nan	nan	nan
14	a	0	199267	0	nan	17	0	199267	0	0	0	nan	0	0	0	0	0	0	nan	0	0	0	nan	nan	nan	nan	nan	nan
15	u	0	199267	0	nan	17	0	199267	0	0	0	nan	0	0	0	0	0	0	nan	0	0	0	nan	nan	nan	nan	nan	nan
16	a	0	199271	0	nan	17	0	199271	0	0	0	nan	0	0	0	0	0	0	nan	0	0	0	nan	nan	nan	nan	nan	nan
17	a	0	199274	0	nan	17	0	199274	0	0	0	nan	0	0	0	0	0	0	nan	0	0	0	nan	nan	nan	nan	nan	nan
18	c	0	199278	0	nan	17	0	199278	0	0	0	nan	0	0	0	0	0	0	nan	0	0	0	nan	nan	nan	nan	nan	nan
19	U	0	199279	1	0.000000	17	0	199279	0	0	0	nan	0	0	0	0	0	0	nan	0	0	0	0.000000	0.000000	nan	nan	nan	nan
20	A	0	199284	3	0.000000	17	0	199284	0	0	0	nan	0	0	0	0	0	0	nan	0	0	0	0.000000	0.000000	nan	nan	nan	nan
21	A	0	199285	3	0.000000	17	0	199285	0	0	0	nan	0	0	0	0	0	0	nan	0	0	0	0.000000	0.000000	nan	nan	nan	nan
22	G	0	199289	197514	0.000000	17	0	199289	0	0	0	nan	0	0	0	0	0	0	nan	0	0	0	0.000000	0.000000	0.000000	0.000000	nan	nan
23	G	156	199294	195954	0.000796	17	0	199294	0	0	0	nan	0	0	0	0	0	0	nan	0	0	0	0.000796	0.000064	0.000796	0.000064	nan	nan
24	C	4081	199300	197593	0.020654	17	0	199300	0	0	0	nan	0	0	0	0	0	0	nan	0	0	0	0.020654	0.000323	0.020654	0.000323	1.025038	0.016030
25	A	2393	199306	198159	0.012076	17	0	199306	0	0	0	nan	0	0	0	0	0	0	nan	0	0	0	0.012076	0.000247	0.012076	0.000247	1.005579	0.020568
26	G	133	199318	193040	0.000689	17	0	199318	0	0	0	nan	0	0	0	0	0	0	nan	0	0	0	0.000689	0.000060	0.000689	0.000060	nan	nan
27	A	1886	199339	193533	0.009745	17	0	199338	0	0	0	nan	0	0	0	0	0	0	nan	0	0	0	0.009745	0.000224	0.009745	0.000224	0.811475	0.018653
28	U	820	199342	193384	0.004240	17	0	199341	0	0	0	nan	0	0	0	0	0	0	nan	0	0	0	0.004240	0.000148	0.004240	0.000148	1.138714	0.039748
29	C	2983	199344	198246	0.015047	17	0	199341	0	0	0	nan	0	0	0	0	0	0	nan	0	0	0	0.015047	0.000276	0.015047	0.000276	0.746768	0.013698
30	U	654	199345	198045	0.003302	17	0	199341	0	0	0	nan	0	0	0	0	0	0	nan	0	0	0	0.003302	0.000129	0.003302	0.000129	0.886800	0.034645
31	G	175	199345	197560	0.000886	17	0	199338	0	0	0	nan	0	0	0	0	0	0	nan	0	0	0	0.000886	0.000067	0.000886	0.000067	nan	nan
32	A	2375	199346	197763	0.012009	17	0	199339	0	0	0	nan	0	0	0	0	0	0	nan	0	0	0	0.012009	0.000246	0.012009	0.000246	1.000000	0.020485
33	G	204	199349	196201	0.001040	17	0	199345	0	0	0	nan	0	0	0	0	0	0	nan	0	0	0	0.001040	0.000073	0.001040	0.000073	nan	nan
34	C	3197	199348	192611	0.016598	17	0	199344	0	0	0	nan	0	0	0	0	0	0	nan	0	0	0	0.016598	0.000294	0.016598	0.000294	0.823743	0.014591
35	C	2902	199350	183904	0.015780	17	0	199345	0	0	0	nan	0	0	0	0	0	0	nan	0	0	0	0.015780	0.000293	0.015780	0.000293	0.783146	0.014541
36	U	605	199356	183573	0.003296	17	0	199348	0	0	0	nan	0	0	0	0	0	0	nan	0	0	0	0.003296	0.000134	0.003296	0.000134	0.885189	0.035988
37	U	776	199364	187235	0.004145	17	0	199344	0	0	0	nan	0	0	0	0	0	0	nan	0	0	0	0.004145	0.000149	0.004145	0.000149	1.113200	0.040016
38	C	3178	199365	196066	0.016209	17	0	199332	0	0	0	nan	0	0	0	0	0	0	nan	0	0	0	0.016209	0.000288	0.016209	0.000288	0.804437	0.014293
39	G	153	199396	195810	0.000781	17	0	199368	0	0	0	nan	0	0	0	0	0	0	nan	0	0	0	0.000781	0.000063	0.000781	0.000063	nan	nan
40	G	162	199419	196940	0.000823	17	0	199405	0	0	0	nan	0	0	0	0	0	0	nan	0	0	0	0.000823	0.000065	0.000823	0.000065	nan	nan
41	G	145	199420	195737	0.000741	17	0	199405	0	0	0	nan	0	0	0	0	0	0	nan	0	0	0	0.000741	0.000062	0.000741	0.000062	nan	nan
42	A	2233	199422	196211	0.011381	17	0	199409	0	0	0	nan	0	0	0	0	0	0	nan	0	0	0	0.011381	0.000241	0.011381	0.000241	0.947706	0.020068
43	G	205	199424	195540	0.001048	17	0	199414	0	0	0	nan	0	0	0	0	0	0	nan	0	0	0	0.001048	0.000073	0.001048	0.000073	nan	nan
44	C	3490	199424	198173	0.017611	17	0	199416	0	0	0	nan	0	0	0	0	0	0	nan	0	0	0	0.017611	0.000298	0.017611	0.000298	0.874017	0.014789
45	U	485	199425	198349	0.002445	17	0	199416	0	0	0	nan	0	0	0	0	0	0	nan	0	0	0	0.002445	0.000111	0.002445	0.000111	0.656640	0.029811
46	C	3142	199426	198323	0.015843	15	0	199417	0	0	0	nan	0	0	0	0	0	0	nan	0	0	0	0.015843	0.000283	0.015843	0.000283	0.786273	0.014045
47	U	508	199427	198147	0.002564	15	0	199419	0	0	0	nan	0	0	0	0	0	0	nan	0	0	0	0.002564	0.000114	0.002564	0.000114	0.688599	0.030616
48	C	3672	199422	197033	0.018636	15	0	199407	0	0	0	nan	0	0	0	0	0	0	nan	0	0	0	0.018636	0.000308	0.018636	0.000308	0.924886	0.015286
49	U	509	199423	197141	0.002582	15	0	199407	0	0	0	nan	0	0	0	0	0	0	nan	0	0	0	0.002582	0.000114	0.002582	0.000114	0.693434	0.030616
50	G	191	199426	195923	0.000975	15	0	199414	0	0	0	nan	0	0	0	0	0	0	nan	0	0	0	0.000975	0.000071	0.000975	0.000071	nan	nan
51	C	4426	199426	197567	0.022403	15	0	199415	0	0	0	nan	0	0	0	0	0	0	nan	0	0	0	0.022403	0.000337	0.022403	0.000337	1.111839	0.016725
52	C	4287	199428	197697	0.021685	15	0	199417	0	0	0	nan	0	0	0	0	0	0	nan	0	0	0	0.021685	0.000331	0.021685	0.000331	1.076205	0.016427
53	A	1414	199437	197958	0.007143	15	0	199433	0	0	0	nan	0	0	0	0	0	0	nan	0	0	0	0.007143	0.000190	0.007143	0.000190	0.594804	0.015821
54	A	0	199349	197876	0.000000	15	0	199349	0	0	0	nan	0	0	0	0	0	0	nan	0	0	0	0.000000	0.000000	0.000000	0.000000	0.000000	0.000000
55	U	0	199349	0	nan	12	0	199349	0	0	0	nan	0	0	0	0	0	0	nan	0	0	0	nan	nan	nan	nan	nan	nan
56	C	0	199349	1	0.000000	9	0	199349	0	0	0	nan	0	0	0	0	0	0	nan	0	0	0	0.000000	0.000000	nan	nan	nan	nan
57	C	0	199349	1	0.000000	9	0	199349	0	0	0	nan	0	0	0	0	0	0	nan	0	0	0	0.000000	0.000000	nan	nan	nan	nan
58	a	0	199348	0	nan	9	0	199348	0	0	0	nan	0	0	0	0	0	0	nan	0	0	0	nan	nan	nan	nan	nan	nan
59	c	0	199348	0	nan	9	0	199348	0	0	0	nan	0	0	0	0	0	0	nan	0	0	0	nan	nan	nan	nan	nan	nan
60	u	0	199348	0	nan	9	0	199348	0	0	0	nan	0	0	0	0	0	0	nan	0	0	0	nan	nan	nan	nan	nan	nan
61	a	0	199348	0	nan	9	0	199348	0	0	0	nan	0	0	0	0	0	0	nan	0	0	0	nan	nan	nan	nan	nan	nan
62	a	0	199348	0	nan	9	0	199348	0	0	0	nan	0	0	0	0	0	0	nan	0	0	0	nan	nan	nan	nan	nan	nan
63	c	0	199348	0	nan	0	0	199348	0	0	0	nan	0	0	0	0	0	0	nan	0	0	0	nan	nan	nan	nan	nan	nan
64	c	0	199348	0	nan	0	0	199348	0	0	0	nan	0	0	0	0	0	0	nan	0	0	0	nan	nan	nan	nan	nan	nan
65	u	0	199348	0	nan	0	0	199348	0	0	0	nan	0	0	0	0	0	0	nan	0	0	0	nan	nan	nan	nan	nan	nan
66	c	0	199348	0	nan	0	0	199348	0	0	0	nan	0	0	0	0	0	0	nan	0	0	0	nan	nan	nan	nan	nan	nan
67	a	0	199348	0	nan	0	0	199348	0	0	0	nan	0	0	0	0	0	0	nan	0	0	0	nan	nan	nan	nan	nan	nan
68	c	0	199348	0	nan	0	0	199348	0	0	0	nan	0	0	0	0	0	0	nan	0	0	0	nan	nan	nan	nan	nan	nan
69	u	0	199347	0	nan	0	0	199347	0	0	0	nan	0	0	0	0	0	0	nan	0	0	0	nan	nan	nan	nan	nan	nan
70	c	0	199346	0	nan	0	0	199346	0	0	0	nan	0	0	0	0	0	0	nan	0	0	0	nan	nan	nan	nan	nan	nan
71	a	0	199346	0	nan	0	0	199346	0	0	0	nan	0	0	0	0	0	0	nan	0	0	0	nan	nan	nan	nan	nan	nan
72	c	0	199332	0	nan	0	0	199332	0	0	0	nan	0	0	0	0	0	0	nan	0	0	0	nan	nan	nan	nan	nan	nan
73	a	0	199331	0	nan	0	0	199331	0	0	0	nan	0	0	0	0	0	0	nan	0	0	0	nan	nan	nan	nan	nan	nan
74	a	0	199277	0	nan	0	0	199277	0	0	0	nan	0	0	0	0	0	0	nan	0	0	0	nan	nan	nan	nan	nan	nan
75	u	0	199156	0	nan	0	0	199156	0	0	0	nan	0	0	0	0	0	0	nan	0	0	0	nan	nan	nan	nan	nan	nan
76	c	0	198930	0	nan	0	0	198930	0	0	0	nan	0	0	0	0	0	0	nan	0	0	0	nan	nan	nan	nan	nan	nan