Nucleotide	Sequence	Modified_mutations	Modified_read_depth	Modified_effective_depth	Modified_rate	Modified_off_target_mapped_depth	Modified_low_mapq_mapped_depth	Modified_primer_pair_1_mapped_depth	Untreated_mutations	Untreated_read_depth	Untreated_effective_depth	Untreated_rate	Untreated_off_target_mapped_depth	Untreated_low_mapq_mapped_depth	Untreated_primer_pair_1_mapped_depth	Denatured_mutations	Denatured_read_depth	Denatured_effective_depth	Denatured_rate	Denatured_off_target_mapped_depth	Denatured_low_mapq_mapped_depth	Denatured_primer_pair_1_mapped_depth	Reactivity_profile	Std_err	HQ_profile	HQ_stderr	Norm_profile	Norm_stderr
1	g	0	194105	0	nan	0	0	194105	0	0	0	nan	0	0	0	0	0	0	nan	0	0	0	nan	nan	nan	nan	nan	nan
2	g	0	194266	0	nan	0	0	194266	0	0	0	nan	0	0	0	0	0	0	nan	0	0	0	nan	nan	nan	nan	nan	nan
3	u	0	194334	0	nan	0	0	194334	0	0	0	nan	0	0	0	0	0	0	nan	0	0	0	nan	nan	nan	nan	nan	nan
4	g	0	194353	0	nan	0	0	194353	0	0	0	nan	0	0	0	0	0	0	nan	0	0	0	nan	nan	nan	nan	nan	nan
5	u	0	194363	0	nan	0	0	194363	0	0	0	nan	0	0	0	0	0	0	nan	0	0	0	nan	nan	nan	nan	nan	nan
6	a	0	194364	0	nan	0	0	194364	0	0	0	nan	0	0	0	0	0	0	nan	0	0	0	nan	nan	nan	nan	nan	nan
7	a	0	194365	0	nan	0	0	194365	0	0	0	nan	0	0	0	0	0	0	nan	0	0	0	nan	nan	nan	nan	nan	nan
8	g	0	194365	0	nan	0	0	194365	0	0	0	nan	0	0	0	0	0	0	nan	0	0	0	nan	nan	nan	nan	nan	nan
9	g	0	194374	0	nan	0	0	194374	0	0	0	nan	0	0	0	0	0	0	nan	0	0	0	nan	nan	nan	nan	nan	nan
10	g	0	195377	0	nan	0	0	195377	0	0	0	nan	0	0	0	0	0	0	nan	0	0	0	nan	nan	nan	nan	nan	nan
11	u	0	195397	0	nan	0	0	195397	0	0	0	nan	0	0	0	0	0	0	nan	0	0	0	nan	nan	nan	nan	nan	nan
12	g	0	195411	0	nan	0	0	195411	0	0	0	nan	0	0	0	0	0	0	nan	0	0	0	nan	nan	nan	nan	nan	nan
13	a	0	195412	0	nan	0	0	195412	0	0	0	nan	0	0	0	0	0	0	nan	0	0	0	nan	nan	nan	nan	nan	nan
14	a	0	195412	0	nan	0	0	195412	0	0	0	nan	0	0	0	0	0	0	nan	0	0	0	nan	nan	nan	nan	nan	nan
15	g	0	195412	0	nan	26	0	195412	0	0	0	nan	0	0	0	0	0	0	nan	0	0	0	nan	nan	nan	nan	nan	nan
16	u	0	195413	0	nan	26	0	195413	0	0	0	nan	0	0	0	0	0	0	nan	0	0	0	nan	nan	nan	nan	nan	nan
17	g	0	195418	0	nan	26	0	195418	0	0	0	nan	0	0	0	0	0	0	nan	0	0	0	nan	nan	nan	nan	nan	nan
18	u	0	195423	0	nan	26	0	195423	0	0	0	nan	0	0	0	0	0	0	nan	0	0	0	nan	nan	nan	nan	nan	nan
19	a	0	195423	0	nan	26	0	195423	0	0	0	nan	0	0	0	0	0	0	nan	0	0	0	nan	nan	nan	nan	nan	nan
20	A	0	195429	5	0.000000	26	0	195429	0	0	0	nan	0	0	0	0	0	0	nan	0	0	0	0.000000	0.000000	nan	nan	nan	nan
21	G	0	195440	11	0.000000	26	0	195440	0	0	0	nan	0	0	0	0	0	0	nan	0	0	0	0.000000	0.000000	nan	nan	nan	nan
22	G	0	195441	10	0.000000	26	0	195441	0	0	0	nan	0	0	0	0	0	0	nan	0	0	0	0.000000	0.000000	nan	nan	nan	nan
23	U	0	195448	195177	0.000000	26	0	195448	0	0	0	nan	0	0	0	0	0	0	nan	0	0	0	0.000000	0.000000	0.000000	0.000000	nan	nan
24	U	297	195455	195180	0.001522	26	0	195455	0	0	0	nan	0	0	0	0	0	0	nan	0	0	0	0.001522	0.000088	0.001522	0.000088	nan	nan
25	G	226	195455	193833	0.001166	26	0	195455	0	0	0	nan	0	0	0	0	0	0	nan	0	0	0	0.001166	0.000078	0.001166	0.000078	nan	nan
26	A	7424	195455	194617	0.038147	26	0	195455	0	0	0	nan	0	0	0	0	0	0	nan	0	0	0	0.038147	0.000443	0.038147	0.000443	1.248501	0.014499
27	A	6160	195455	194493	0.031672	26	0	195455	0	0	0	nan	0	0	0	0	0	0	nan	0	0	0	0.031672	0.000404	0.031672	0.000404	1.036582	0.013222
28	C	3966	195457	193847	0.020459	26	0	195457	0	0	0	nan	0	0	0	0	0	0	nan	0	0	0	0.020459	0.000325	0.020459	0.000325	1.292501	0.020532
29	U	194	195456	194629	0.000997	26	0	195456	0	0	0	nan	0	0	0	0	0	0	nan	0	0	0	0.000997	0.000072	0.000997	0.000072	nan	nan
30	U	271	195456	194831	0.001391	26	0	195456	0	0	0	nan	0	0	0	0	0	0	nan	0	0	0	0.001391	0.000084	0.001391	0.000084	nan	nan
31	U	328	195457	194903	0.001683	26	0	195457	0	0	0	nan	0	0	0	0	0	0	nan	0	0	0	0.001683	0.000093	0.001683	0.000093	nan	nan
32	U	275	195459	194815	0.001412	26	0	195451	0	0	0	nan	0	0	0	0	0	0	nan	0	0	0	0.001412	0.000085	0.001412	0.000085	nan	nan
33	G	167	195466	193243	0.000864	26	0	195447	0	0	0	nan	0	0	0	0	0	0	nan	0	0	0	0.000864	0.000067	0.000864	0.000067	nan	nan
34	A	2670	195473	194381	0.013736	26	0	195449	0	0	0	nan	0	0	0	0	0	0	nan	0	0	0	0.013736	0.000266	0.013736	0.000266	0.449561	0.008706
35	A	1886	195475	194274	0.009708	26	0	195450	0	0	0	nan	0	0	0	0	0	0	nan	0	0	0	0.009708	0.000224	0.009708	0.000224	0.317730	0.007331
36	U	157	195475	193745	0.000810	26	0	195450	0	0	0	nan	0	0	0	0	0	0	nan	0	0	0	0.000810	0.000065	0.000810	0.000065	nan	nan
37	A	21681	195477	193360	0.112128	26	0	195451	0	0	0	nan	0	0	0	0	0	0	nan	0	0	0	0.112128	0.000762	0.112128	0.000762	3.669800	0.024939
38	G	260	195500	190454	0.001365	26	0	195486	0	0	0	nan	0	0	0	0	0	0	nan	0	0	0	0.001365	0.000085	0.001365	0.000085	nan	nan
39	U	410	195503	194297	0.002110	26	0	195490	0	0	0	nan	0	0	0	0	0	0	nan	0	0	0	0.002110	0.000104	0.002110	0.000104	nan	nan
40	G	349	195505	193416	0.001804	26	0	195490	0	0	0	nan	0	0	0	0	0	0	nan	0	0	0	0.001804	0.000097	0.001804	0.000097	nan	nan
41	A	5293	195505	194592	0.027201	26	0	195494	0	0	0	nan	0	0	0	0	0	0	nan	0	0	0	0.027201	0.000374	0.027201	0.000374	0.890253	0.012241
42	U	376	195507	194687	0.001931	26	0	195504	0	0	0	nan	0	0	0	0	0	0	nan	0	0	0	0.001931	0.000100	0.001931	0.000100	nan	nan
43	U	305	195510	194931	0.001565	26	0	195507	0	0	0	nan	0	0	0	0	0	0	nan	0	0	0	0.001565	0.000090	0.001565	0.000090	nan	nan
44	C	378	195523	194915	0.001939	26	0	195520	0	0	0	nan	0	0	0	0	0	0	nan	0	0	0	0.001939	0.000100	0.001939	0.000100	0.122497	0.006318
45	A	1319	195541	194922	0.006767	26	0	195538	0	0	0	nan	0	0	0	0	0	0	nan	0	0	0	0.006767	0.000186	0.006767	0.000186	0.221475	0.006088
46	G	214	195550	193735	0.001105	26	0	195548	0	0	0	nan	0	0	0	0	0	0	nan	0	0	0	0.001105	0.000076	0.001105	0.000076	nan	nan
47	G	214	195551	193853	0.001104	26	0	195550	0	0	0	nan	0	0	0	0	0	0	nan	0	0	0	0.001104	0.000075	0.001104	0.000075	nan	nan
48	A	1133	195551	194871	0.005814	26	0	195551	0	0	0	nan	0	0	0	0	0	0	nan	0	0	0	0.005814	0.000173	0.005814	0.000173	0.190284	0.005662
49	G	304	195550	193639	0.001570	26	0	195550	0	0	0	nan	0	0	0	0	0	0	nan	0	0	0	0.001570	0.000090	0.001570	0.000090	nan	nan
50	G	279	195552	193602	0.001441	26	0	195552	0	0	0	nan	0	0	0	0	0	0	nan	0	0	0	0.001441	0.000086	0.001441	0.000086	nan	nan
51	U	305	195557	194868	0.001565	26	0	195557	0	0	0	nan	0	0	0	0	0	0	nan	0	0	0	0.001565	0.000090	0.001565	0.000090	nan	nan
52	U	225	195557	194693	0.001156	26	0	195557	0	0	0	nan	0	0	0	0	0	0	nan	0	0	0	0.001156	0.000077	0.001156	0.000077	nan	nan
53	A	2130	195554	194217	0.010967	26	0	195553	0	0	0	nan	0	0	0	0	0	0	nan	0	0	0	0.010967	0.000238	0.010967	0.000238	0.358935	0.007789
54	A	2047	195428	193806	0.010562	26	0	195415	0	0	0	nan	0	0	0	0	0	0	nan	0	0	0	0.010562	0.000233	0.010562	0.000233	0.345680	0.007626
55	U	347	195429	193578	0.001793	26	0	195417	0	0	0	nan	0	0	0	0	0	0	nan	0	0	0	0.001793	0.000096	0.001793	0.000096	nan	nan
56	G	291	195438	192751	0.001510	26	0	195430	0	0	0	nan	0	0	0	0	0	0	nan	0	0	0	0.001510	0.000089	0.001510	0.000089	nan	nan
57	G	0	195461	192173	0.000000	26	0	195460	0	0	0	nan	0	0	0	0	0	0	nan	0	0	0	0.000000	0.000000	0.000000	0.000000	nan	nan
58	A	0	195471	0	nan	26	0	195471	0	0	0	nan	0	0	0	0	0	0	nan	0	0	0	nan	nan	nan	nan	nan	nan
59	A	0	195471	0	nan	26	0	195471	0	0	0	nan	0	0	0	0	0	0	nan	0	0	0	nan	nan	nan	nan	nan	nan
60	G	0	195471	0	nan	26	0	195471	0	0	0	nan	0	0	0	0	0	0	nan	0	0	0	nan	nan	nan	nan	nan	nan
61	u	0	195471	0	nan	26	0	195471	0	0	0	nan	0	0	0	0	0	0	nan	0	0	0	nan	nan	nan	nan	nan	nan
62	a	0	195471	0	nan	26	0	195471	0	0	0	nan	0	0	0	0	0	0	nan	0	0	0	nan	nan	nan	nan	nan	nan
63	a	0	195471	0	nan	26	0	195471	0	0	0	nan	0	0	0	0	0	0	nan	0	0	0	nan	nan	nan	nan	nan	nan
64	a	0	195471	0	nan	26	0	195471	0	0	0	nan	0	0	0	0	0	0	nan	0	0	0	nan	nan	nan	nan	nan	nan
65	g	0	195471	0	nan	26	0	195471	0	0	0	nan	0	0	0	0	0	0	nan	0	0	0	nan	nan	nan	nan	nan	nan
66	g	0	195471	0	nan	26	0	195471	0	0	0	nan	0	0	0	0	0	0	nan	0	0	0	nan	nan	nan	nan	nan	nan
67	u	0	195471	0	nan	26	0	195471	0	0	0	nan	0	0	0	0	0	0	nan	0	0	0	nan	nan	nan	nan	nan	nan
68	a	0	195471	0	nan	26	0	195471	0	0	0	nan	0	0	0	0	0	0	nan	0	0	0	nan	nan	nan	nan	nan	nan
69	a	0	195471	0	nan	26	0	195471	0	0	0	nan	0	0	0	0	0	0	nan	0	0	0	nan	nan	nan	nan	nan	nan
70	u	0	195471	0	nan	26	0	195471	0	0	0	nan	0	0	0	0	0	0	nan	0	0	0	nan	nan	nan	nan	nan	nan
71	g	0	195471	0	nan	26	0	195471	0	0	0	nan	0	0	0	0	0	0	nan	0	0	0	nan	nan	nan	nan	nan	nan
72	a	0	195471	0	nan	26	0	195471	0	0	0	nan	0	0	0	0	0	0	nan	0	0	0	nan	nan	nan	nan	nan	nan
73	a	0	195471	0	nan	26	0	195471	0	0	0	nan	0	0	0	0	0	0	nan	0	0	0	nan	nan	nan	nan	nan	nan
74	g	0	195471	0	nan	26	0	195471	0	0	0	nan	0	0	0	0	0	0	nan	0	0	0	nan	nan	nan	nan	nan	nan
75	g	0	195471	0	nan	26	0	195471	0	0	0	nan	0	0	0	0	0	0	nan	0	0	0	nan	nan	nan	nan	nan	nan
76	u	0	195468	0	nan	26	0	195468	0	0	0	nan	0	0	0	0	0	0	nan	0	0	0	nan	nan	nan	nan	nan	nan
77	g	0	195466	0	nan	26	0	195466	0	0	0	nan	0	0	0	0	0	0	nan	0	0	0	nan	nan	nan	nan	nan	nan
78	a	0	195462	0	nan	26	0	195462	0	0	0	nan	0	0	0	0	0	0	nan	0	0	0	nan	nan	nan	nan	nan	nan
79	a	0	195431	0	nan	26	0	195431	0	0	0	nan	0	0	0	0	0	0	nan	0	0	0	nan	nan	nan	nan	nan	nan
80	g	0	195337	0	nan	26	0	195337	0	0	0	nan	0	0	0	0	0	0	nan	0	0	0	nan	nan	nan	nan	nan	nan