Nucleotide	Sequence	Modified_mutations	Modified_read_depth	Modified_effective_depth	Modified_rate	Modified_off_target_mapped_depth	Modified_low_mapq_mapped_depth	Modified_primer_pair_1_mapped_depth	Untreated_mutations	Untreated_read_depth	Untreated_effective_depth	Untreated_rate	Untreated_off_target_mapped_depth	Untreated_low_mapq_mapped_depth	Untreated_primer_pair_1_mapped_depth	Denatured_mutations	Denatured_read_depth	Denatured_effective_depth	Denatured_rate	Denatured_off_target_mapped_depth	Denatured_low_mapq_mapped_depth	Denatured_primer_pair_1_mapped_depth	Reactivity_profile	Std_err	HQ_profile	HQ_stderr	Norm_profile	Norm_stderr
1	g	0	199557	0	nan	2	1	199557	0	0	0	nan	0	0	0	0	0	0	nan	0	0	0	nan	nan	nan	nan	nan	nan
2	g	0	199977	0	nan	2	1	199977	0	0	0	nan	0	0	0	0	0	0	nan	0	0	0	nan	nan	nan	nan	nan	nan
3	c	0	200104	0	nan	2	1	200104	0	0	0	nan	0	0	0	0	0	0	nan	0	0	0	nan	nan	nan	nan	nan	nan
4	a	0	201353	0	nan	6	1	201353	0	0	0	nan	0	0	0	0	0	0	nan	0	0	0	nan	nan	nan	nan	nan	nan
5	c	0	201400	0	nan	6	1	201400	0	0	0	nan	0	0	0	0	0	0	nan	0	0	0	nan	nan	nan	nan	nan	nan
6	c	0	201410	0	nan	6	1	201410	0	0	0	nan	0	0	0	0	0	0	nan	0	0	0	nan	nan	nan	nan	nan	nan
7	u	0	201410	0	nan	6	1	201410	0	0	0	nan	0	0	0	0	0	0	nan	0	0	0	nan	nan	nan	nan	nan	nan
8	c	0	201413	0	nan	6	1	201413	0	0	0	nan	0	0	0	0	0	0	nan	0	0	0	nan	nan	nan	nan	nan	nan
9	a	0	201413	0	nan	6	1	201413	0	0	0	nan	0	0	0	0	0	0	nan	0	0	0	nan	nan	nan	nan	nan	nan
10	u	0	201433	0	nan	6	1	201433	0	0	0	nan	0	0	0	0	0	0	nan	0	0	0	nan	nan	nan	nan	nan	nan
11	a	0	201448	0	nan	6	1	201448	0	0	0	nan	0	0	0	0	0	0	nan	0	0	0	nan	nan	nan	nan	nan	nan
12	a	0	201455	0	nan	7	1	201455	0	0	0	nan	0	0	0	0	0	0	nan	0	0	0	nan	nan	nan	nan	nan	nan
13	c	0	201455	0	nan	7	1	201455	0	0	0	nan	0	0	0	0	0	0	nan	0	0	0	nan	nan	nan	nan	nan	nan
14	a	0	201456	0	nan	7	1	201456	0	0	0	nan	0	0	0	0	0	0	nan	0	0	0	nan	nan	nan	nan	nan	nan
15	u	0	201457	0	nan	7	1	201457	0	0	0	nan	0	0	0	0	0	0	nan	0	0	0	nan	nan	nan	nan	nan	nan
16	a	0	201457	0	nan	7	1	201457	0	0	0	nan	0	0	0	0	0	0	nan	0	0	0	nan	nan	nan	nan	nan	nan
17	a	0	201460	0	nan	7	1	201460	0	0	0	nan	0	0	0	0	0	0	nan	0	0	0	nan	nan	nan	nan	nan	nan
18	c	0	201467	0	nan	7	1	201467	0	0	0	nan	0	0	0	0	0	0	nan	0	0	0	nan	nan	nan	nan	nan	nan
19	U	0	201467	0	nan	7	1	201467	0	0	0	nan	0	0	0	0	0	0	nan	0	0	0	nan	nan	nan	nan	nan	nan
20	A	0	201476	5	0.000000	7	1	201476	0	0	0	nan	0	0	0	0	0	0	nan	0	0	0	0.000000	0.000000	nan	nan	nan	nan
21	A	0	201485	10	0.000000	7	1	201485	0	0	0	nan	0	0	0	0	0	0	nan	0	0	0	0.000000	0.000000	nan	nan	nan	nan
22	G	0	201490	199306	0.000000	7	1	201490	0	0	0	nan	0	0	0	0	0	0	nan	0	0	0	0.000000	0.000000	0.000000	0.000000	nan	nan
23	G	235	201491	195860	0.001200	7	1	201491	0	0	0	nan	0	0	0	0	0	0	nan	0	0	0	0.001200	0.000078	0.001200	0.000078	nan	nan
24	C	8735	201502	193884	0.045053	7	1	201502	0	0	0	nan	0	0	0	0	0	0	nan	0	0	0	0.045053	0.000482	0.045053	0.000482	1.000000	0.010699
25	A	3359	201529	194634	0.017258	7	1	201529	0	0	0	nan	0	0	0	0	0	0	nan	0	0	0	0.017258	0.000298	0.017258	0.000298	1.226734	0.021182
26	G	183	201537	194089	0.000943	7	1	201537	0	0	0	nan	0	0	0	0	0	0	nan	0	0	0	0.000943	0.000070	0.000943	0.000070	nan	nan
27	A	2535	201540	200012	0.012674	7	1	201540	0	0	0	nan	0	0	0	0	0	0	nan	0	0	0	0.012674	0.000252	0.012674	0.000252	0.900894	0.017913
28	U	851	201542	199970	0.004256	7	1	201541	0	0	0	nan	0	0	0	0	0	0	nan	0	0	0	0.004256	0.000146	0.004256	0.000146	1.249468	0.042862
29	C	3965	201542	200132	0.019812	7	1	201538	0	0	0	nan	0	0	0	0	0	0	nan	0	0	0	0.019812	0.000315	0.019812	0.000315	0.439749	0.006992
30	U	586	201542	199997	0.002930	7	1	201536	0	0	0	nan	0	0	0	0	0	0	nan	0	0	0	0.002930	0.000121	0.002930	0.000121	0.860183	0.035523
31	G	177	201547	199390	0.000888	7	1	201540	0	0	0	nan	0	0	0	0	0	0	nan	0	0	0	0.000888	0.000067	0.000888	0.000067	nan	nan
32	A	2595	201550	199544	0.013005	7	1	201543	0	0	0	nan	0	0	0	0	0	0	nan	0	0	0	0.013005	0.000255	0.013005	0.000255	0.924422	0.018126
33	G	162	201552	192741	0.000841	7	1	201544	0	0	0	nan	0	0	0	0	0	0	nan	0	0	0	0.000841	0.000066	0.000841	0.000066	nan	nan
34	C	4131	201552	189562	0.021792	7	1	201540	0	0	0	nan	0	0	0	0	0	0	nan	0	0	0	0.021792	0.000339	0.021792	0.000339	0.483697	0.007524
35	C	3793	201560	189841	0.019980	7	1	201541	0	0	0	nan	0	0	0	0	0	0	nan	0	0	0	0.019980	0.000324	0.019980	0.000324	0.443478	0.007192
36	U	545	201561	193283	0.002820	7	1	201531	0	0	0	nan	0	0	0	0	0	0	nan	0	0	0	0.002820	0.000121	0.002820	0.000121	0.827890	0.035523
37	G	344	201592	196726	0.001749	7	1	201546	0	0	0	nan	0	0	0	0	0	0	nan	0	0	0	0.001749	0.000094	0.001749	0.000094	nan	nan
38	G	144	201617	196780	0.000732	7	1	201596	0	0	0	nan	0	0	0	0	0	0	nan	0	0	0	0.000732	0.000061	0.000732	0.000061	nan	nan
39	G	221	201617	197158	0.001121	7	1	201603	0	0	0	nan	0	0	0	0	0	0	nan	0	0	0	0.001121	0.000075	0.001121	0.000075	nan	nan
40	G	163	201617	197467	0.000825	7	1	201603	0	0	0	nan	0	0	0	0	0	0	nan	0	0	0	0.000825	0.000065	0.000825	0.000065	nan	nan
41	G	213	201620	196989	0.001081	7	1	201610	0	0	0	nan	0	0	0	0	0	0	nan	0	0	0	0.001081	0.000074	0.001081	0.000074	nan	nan
42	C	4286	201620	199922	0.021438	7	1	201610	0	0	0	nan	0	0	0	0	0	0	nan	0	0	0	0.021438	0.000327	0.021438	0.000327	0.475840	0.007258
43	U	522	201621	200030	0.002610	7	1	201611	0	0	0	nan	0	0	0	0	0	0	nan	0	0	0	0.002610	0.000114	0.002610	0.000114	0.766239	0.033468
44	C	3662	201621	199881	0.018321	7	1	201612	0	0	0	nan	0	0	0	0	0	0	nan	0	0	0	0.018321	0.000303	0.018321	0.000303	0.406654	0.006725
45	U	666	201622	199715	0.003335	7	1	201613	0	0	0	nan	0	0	0	0	0	0	nan	0	0	0	0.003335	0.000129	0.003335	0.000129	0.979083	0.037872
46	C	6016	201622	199508	0.030154	7	1	201613	0	0	0	nan	0	0	0	0	0	0	nan	0	0	0	0.030154	0.000389	0.030154	0.000389	0.669301	0.008634
47	U	684	201621	199437	0.003430	7	1	201609	0	0	0	nan	0	0	0	0	0	0	nan	0	0	0	0.003430	0.000131	0.003430	0.000131	1.006972	0.038459
48	G	329	201621	197021	0.001670	7	1	201608	0	0	0	nan	0	0	0	0	0	0	nan	0	0	0	0.001670	0.000092	0.001670	0.000092	nan	nan
49	C	12929	201625	198427	0.065157	7	1	201614	0	0	0	nan	0	0	0	0	0	0	nan	0	0	0	0.065157	0.000573	0.065157	0.000573	1.446230	0.012718
50	C	9708	201631	199190	0.048737	7	1	201624	0	0	0	nan	0	0	0	0	0	0	nan	0	0	0	0.048737	0.000495	0.048737	0.000495	1.081770	0.010987
51	A	1835	201639	200023	0.009174	7	1	201639	0	0	0	nan	0	0	0	0	0	0	nan	0	0	0	0.009174	0.000214	0.009174	0.000214	0.652107	0.015212
52	A	0	201638	200492	0.000000	7	1	201638	0	0	0	nan	0	0	0	0	0	0	nan	0	0	0	0.000000	0.000000	0.000000	0.000000	0.000000	0.000000
53	U	0	201631	66	0.000000	4	1	201631	0	0	0	nan	0	0	0	0	0	0	nan	0	0	0	0.000000	0.000000	nan	nan	nan	nan
54	C	0	201543	0	nan	3	1	201543	0	0	0	nan	0	0	0	0	0	0	nan	0	0	0	nan	nan	nan	nan	nan	nan
55	C	0	201542	0	nan	3	1	201542	0	0	0	nan	0	0	0	0	0	0	nan	0	0	0	nan	nan	nan	nan	nan	nan
56	a	0	201542	0	nan	3	1	201542	0	0	0	nan	0	0	0	0	0	0	nan	0	0	0	nan	nan	nan	nan	nan	nan
57	c	0	201542	0	nan	3	1	201542	0	0	0	nan	0	0	0	0	0	0	nan	0	0	0	nan	nan	nan	nan	nan	nan
58	u	0	201542	0	nan	3	1	201542	0	0	0	nan	0	0	0	0	0	0	nan	0	0	0	nan	nan	nan	nan	nan	nan
59	a	0	201542	0	nan	3	1	201542	0	0	0	nan	0	0	0	0	0	0	nan	0	0	0	nan	nan	nan	nan	nan	nan
60	a	0	201542	0	nan	3	1	201542	0	0	0	nan	0	0	0	0	0	0	nan	0	0	0	nan	nan	nan	nan	nan	nan
61	c	0	201542	0	nan	1	1	201542	0	0	0	nan	0	0	0	0	0	0	nan	0	0	0	nan	nan	nan	nan	nan	nan
62	c	0	201542	0	nan	1	1	201542	0	0	0	nan	0	0	0	0	0	0	nan	0	0	0	nan	nan	nan	nan	nan	nan
63	u	0	201542	0	nan	1	1	201542	0	0	0	nan	0	0	0	0	0	0	nan	0	0	0	nan	nan	nan	nan	nan	nan
64	c	0	201542	0	nan	1	1	201542	0	0	0	nan	0	0	0	0	0	0	nan	0	0	0	nan	nan	nan	nan	nan	nan
65	a	0	201542	0	nan	1	1	201542	0	0	0	nan	0	0	0	0	0	0	nan	0	0	0	nan	nan	nan	nan	nan	nan
66	c	0	201542	0	nan	1	1	201542	0	0	0	nan	0	0	0	0	0	0	nan	0	0	0	nan	nan	nan	nan	nan	nan
67	u	0	201542	0	nan	1	1	201542	0	0	0	nan	0	0	0	0	0	0	nan	0	0	0	nan	nan	nan	nan	nan	nan
68	c	0	201542	0	nan	1	1	201542	0	0	0	nan	0	0	0	0	0	0	nan	0	0	0	nan	nan	nan	nan	nan	nan
69	a	0	201541	0	nan	1	1	201541	0	0	0	nan	0	0	0	0	0	0	nan	0	0	0	nan	nan	nan	nan	nan	nan
70	c	0	201530	0	nan	1	1	201530	0	0	0	nan	0	0	0	0	0	0	nan	0	0	0	nan	nan	nan	nan	nan	nan
71	a	0	201527	0	nan	1	1	201527	0	0	0	nan	0	0	0	0	0	0	nan	0	0	0	nan	nan	nan	nan	nan	nan
72	a	0	201472	0	nan	1	1	201472	0	0	0	nan	0	0	0	0	0	0	nan	0	0	0	nan	nan	nan	nan	nan	nan
73	u	0	201391	0	nan	1	1	201391	0	0	0	nan	0	0	0	0	0	0	nan	0	0	0	nan	nan	nan	nan	nan	nan
74	c	0	201131	0	nan	1	1	201131	0	0	0	nan	0	0	0	0	0	0	nan	0	0	0	nan	nan	nan	nan	nan	nan