Nucleotide	Sequence	Modified_mutations	Modified_read_depth	Modified_effective_depth	Modified_rate	Modified_off_target_mapped_depth	Modified_low_mapq_mapped_depth	Modified_primer_pair_1_mapped_depth	Untreated_mutations	Untreated_read_depth	Untreated_effective_depth	Untreated_rate	Untreated_off_target_mapped_depth	Untreated_low_mapq_mapped_depth	Untreated_primer_pair_1_mapped_depth	Denatured_mutations	Denatured_read_depth	Denatured_effective_depth	Denatured_rate	Denatured_off_target_mapped_depth	Denatured_low_mapq_mapped_depth	Denatured_primer_pair_1_mapped_depth	Reactivity_profile	Std_err	HQ_profile	HQ_stderr	Norm_profile	Norm_stderr
1	g	0	214191	0	nan	8	0	214191	0	0	0	nan	0	0	0	0	0	0	nan	0	0	0	nan	nan	nan	nan	nan	nan
2	g	0	215782	0	nan	8	0	215782	0	0	0	nan	0	0	0	0	0	0	nan	0	0	0	nan	nan	nan	nan	nan	nan
3	u	0	216721	0	nan	8	0	216721	0	0	0	nan	0	0	0	0	0	0	nan	0	0	0	nan	nan	nan	nan	nan	nan
4	g	0	217800	0	nan	8	0	217800	0	0	0	nan	0	0	0	0	0	0	nan	0	0	0	nan	nan	nan	nan	nan	nan
5	u	0	219226	0	nan	8	0	219226	0	0	0	nan	0	0	0	0	0	0	nan	0	0	0	nan	nan	nan	nan	nan	nan
6	a	0	226164	0	nan	8	0	226164	0	0	0	nan	0	0	0	0	0	0	nan	0	0	0	nan	nan	nan	nan	nan	nan
7	a	0	230007	0	nan	8	0	230007	0	0	0	nan	0	0	0	0	0	0	nan	0	0	0	nan	nan	nan	nan	nan	nan
8	g	0	231133	0	nan	8	0	231133	0	0	0	nan	0	0	0	0	0	0	nan	0	0	0	nan	nan	nan	nan	nan	nan
9	g	0	237060	0	nan	8	0	237060	0	0	0	nan	0	0	0	0	0	0	nan	0	0	0	nan	nan	nan	nan	nan	nan
10	g	0	914993	0	nan	8	0	914993	0	0	0	nan	0	0	0	0	0	0	nan	0	0	0	nan	nan	nan	nan	nan	nan
11	u	0	923284	0	nan	8	0	923284	0	0	0	nan	0	0	0	0	0	0	nan	0	0	0	nan	nan	nan	nan	nan	nan
12	g	0	925942	0	nan	409	0	925942	0	0	0	nan	0	0	0	0	0	0	nan	0	0	0	nan	nan	nan	nan	nan	nan
13	a	0	937522	0	nan	4508	0	937522	0	0	0	nan	0	0	0	0	0	0	nan	0	0	0	nan	nan	nan	nan	nan	nan
14	a	0	951182	0	nan	9132	0	951182	0	0	0	nan	0	0	0	0	0	0	nan	0	0	0	nan	nan	nan	nan	nan	nan
15	g	0	951498	0	nan	9191	0	951498	0	0	0	nan	0	0	0	0	0	0	nan	0	0	0	nan	nan	nan	nan	nan	nan
16	u	0	955587	0	nan	10066	0	955587	0	0	0	nan	0	0	0	0	0	0	nan	0	0	0	nan	nan	nan	nan	nan	nan
17	g	0	958960	0	nan	10939	0	958960	0	0	0	nan	0	0	0	0	0	0	nan	0	0	0	nan	nan	nan	nan	nan	nan
18	u	0	966552	0	nan	13144	0	966552	0	0	0	nan	0	0	0	0	0	0	nan	0	0	0	nan	nan	nan	nan	nan	nan
19	a	0	1001428	0	nan	24187	0	1001428	0	0	0	nan	0	0	0	0	0	0	nan	0	0	0	nan	nan	nan	nan	nan	nan
20	A	0	1008188	6485	0.000000	26548	0	1008188	0	0	0	nan	0	0	0	0	0	0	nan	0	0	0	0.000000	0.000000	0.000000	0.000000	nan	nan
21	G	0	1011919	9815	0.000000	27635	0	1011919	0	0	0	nan	0	0	0	0	0	0	nan	0	0	0	0.000000	0.000000	0.000000	0.000000	nan	nan
22	G	0	1014073	11620	0.000000	28239	0	1014073	0	0	0	nan	0	0	0	0	0	0	nan	0	0	0	0.000000	0.000000	0.000000	0.000000	nan	nan
23	U	0	1018887	1004350	0.000000	29786	0	1018887	0	0	0	nan	0	0	0	0	0	0	nan	0	0	0	0.000000	0.000000	0.000000	0.000000	0.000000	0.000000
24	U	348	1020375	1002642	0.000347	30061	0	1020375	0	0	0	nan	0	0	0	0	0	0	nan	0	0	0	0.000347	0.000019	0.000347	0.000019	0.161058	0.008819
25	G	968	1021193	1001014	0.000967	30210	0	1021193	0	0	0	nan	0	0	0	0	0	0	nan	0	0	0	0.000967	0.000031	0.000967	0.000031	nan	nan
26	A	404	1022885	947529	0.000426	30753	0	1022874	0	0	0	nan	0	0	0	0	0	0	nan	0	0	0	0.000426	0.000021	0.000426	0.000021	nan	nan
27	C	11985	1024096	942113	0.012721	31112	0	1024081	0	0	0	nan	0	0	0	0	0	0	nan	0	0	0	0.012721	0.000116	0.012721	0.000116	1.700668	0.015508
28	C	2118	1031367	946132	0.002239	32327	0	1031350	0	0	0	nan	0	0	0	0	0	0	nan	0	0	0	0.002239	0.000049	0.002239	0.000049	0.299332	0.006551
29	U	1101	1034434	998996	0.001102	33072	0	1034415	0	0	0	nan	0	0	0	0	0	0	nan	0	0	0	0.001102	0.000033	0.001102	0.000033	0.511488	0.015317
30	U	302	1036634	1004735	0.000301	33171	0	1036612	0	0	0	nan	0	0	0	0	0	0	nan	0	0	0	0.000301	0.000017	0.000301	0.000017	0.139708	0.007890
31	U	225	1060213	1032180	0.000218	34288	0	1060190	0	0	0	nan	0	0	0	0	0	0	nan	0	0	0	0.000218	0.000015	0.000218	0.000015	0.101184	0.006962
32	U	2369	1063685	1042672	0.002272	38201	0	1063663	0	0	0	nan	0	0	0	0	0	0	nan	0	0	0	0.002272	0.000047	0.002272	0.000047	1.054537	0.021815
33	G	147	1064828	1039806	0.000141	38416	0	1064805	0	0	0	nan	0	0	0	0	0	0	nan	0	0	0	0.000141	0.000012	0.000141	0.000012	nan	nan
34	A	1077	1067046	1043698	0.001032	39062	0	1067022	0	0	0	nan	0	0	0	0	0	0	nan	0	0	0	0.001032	0.000031	0.001032	0.000031	nan	nan
35	A	1195	1071993	1043863	0.001145	40524	0	1071969	0	0	0	nan	0	0	0	0	0	0	nan	0	0	0	0.001145	0.000033	0.001145	0.000033	nan	nan
36	U	288	1072462	1028188	0.000280	40531	0	1072435	0	0	0	nan	0	0	0	0	0	0	nan	0	0	0	0.000280	0.000017	0.000280	0.000017	0.129961	0.007890
37	A	5493	1082736	1040697	0.005278	43730	0	1082707	0	0	0	nan	0	0	0	0	0	0	nan	0	0	0	0.005278	0.000071	0.005278	0.000071	nan	nan
38	G	311	1084443	1045242	0.000298	43846	1	1084416	0	0	0	nan	0	0	0	0	0	0	nan	0	0	0	0.000298	0.000017	0.000298	0.000017	nan	nan
39	U	410	1086386	1052708	0.000389	44295	1	1086353	0	0	0	nan	0	0	0	0	0	0	nan	0	0	0	0.000389	0.000019	0.000389	0.000019	0.180552	0.008819
40	G	405	1088123	1050646	0.000385	44728	2	1088094	0	0	0	nan	0	0	0	0	0	0	nan	0	0	0	0.000385	0.000019	0.000385	0.000019	nan	nan
41	A	1256	1092738	1055285	0.001190	46176	2	1092709	0	0	0	nan	0	0	0	0	0	0	nan	0	0	0	0.001190	0.000034	0.001190	0.000034	nan	nan
42	U	291	1094605	1053868	0.000276	48613	2	1094581	0	0	0	nan	0	0	0	0	0	0	nan	0	0	0	0.000276	0.000016	0.000276	0.000016	0.128104	0.007426
43	U	285	1095568	1054169	0.000270	48802	3	1095547	0	0	0	nan	0	0	0	0	0	0	nan	0	0	0	0.000270	0.000016	0.000270	0.000016	0.125319	0.007426
44	C	1676	1096372	1057012	0.001586	49011	3	1096354	0	0	0	nan	0	0	0	0	0	0	nan	0	0	0	0.001586	0.000039	0.001586	0.000039	0.212032	0.005214
45	A	1658	1097882	1067884	0.001553	49072	3	1097866	0	0	0	nan	0	0	0	0	0	0	nan	0	0	0	0.001553	0.000038	0.001553	0.000038	nan	nan
46	G	468	1098528	1075800	0.000435	49058	3	1098515	0	0	0	nan	0	0	0	0	0	0	nan	0	0	0	0.000435	0.000020	0.000435	0.000020	nan	nan
47	G	250	1098805	1075161	0.000233	49061	3	1098793	0	0	0	nan	0	0	0	0	0	0	nan	0	0	0	0.000233	0.000015	0.000233	0.000015	nan	nan
48	A	417	1099372	1080047	0.000386	49207	3	1099363	0	0	0	nan	0	0	0	0	0	0	nan	0	0	0	0.000386	0.000019	0.000386	0.000019	nan	nan
49	G	118	1099801	1080900	0.000109	49207	3	1099795	0	0	0	nan	0	0	0	0	0	0	nan	0	0	0	0.000109	0.000010	0.000109	0.000010	nan	nan
50	G	116	1100228	1081603	0.000107	49309	3	1100224	0	0	0	nan	0	0	0	0	0	0	nan	0	0	0	0.000107	0.000010	0.000107	0.000010	nan	nan
51	U	215	1101542	1080266	0.000199	49439	3	1101538	0	0	0	nan	0	0	0	0	0	0	nan	0	0	0	0.000199	0.000014	0.000199	0.000014	0.092365	0.006498
52	U	2201	1101946	1080496	0.002037	49442	3	1101942	0	0	0	nan	0	0	0	0	0	0	nan	0	0	0	0.002037	0.000043	0.002037	0.000043	0.945463	0.019958
53	A	703	1103135	1086823	0.000647	49593	3	1103130	0	0	0	nan	0	0	0	0	0	0	nan	0	0	0	0.000647	0.000024	0.000647	0.000024	nan	nan
54	A	1769	1103453	1091767	0.001620	49595	3	1103445	0	0	0	nan	0	0	0	0	0	0	nan	0	0	0	0.001620	0.000039	0.001620	0.000039	nan	nan
55	U	265	1103581	1095042	0.000242	49600	3	1103574	0	0	0	nan	0	0	0	0	0	0	nan	0	0	0	0.000242	0.000015	0.000242	0.000015	0.112323	0.006962
56	G	286	1103811	1096852	0.000261	49586	3	1103807	0	0	0	nan	0	0	0	0	0	0	nan	0	0	0	0.000261	0.000015	0.000261	0.000015	nan	nan
57	G	0	1103973	1097132	0.000000	49580	3	1103969	0	0	0	nan	0	0	0	0	0	0	nan	0	0	0	0.000000	0.000000	0.000000	0.000000	nan	nan
58	A	0	1104181	2	0.000000	49564	3	1104181	0	0	0	nan	0	0	0	0	0	0	nan	0	0	0	0.000000	0.000000	nan	nan	nan	nan
59	A	0	1104178	1	0.000000	49559	3	1104178	0	0	0	nan	0	0	0	0	0	0	nan	0	0	0	0.000000	0.000000	nan	nan	nan	nan
60	G	0	1104177	1	0.000000	49546	3	1104177	0	0	0	nan	0	0	0	0	0	0	nan	0	0	0	0.000000	0.000000	nan	nan	nan	nan
61	u	0	1104176	0	nan	49534	3	1104176	0	0	0	nan	0	0	0	0	0	0	nan	0	0	0	nan	nan	nan	nan	nan	nan
62	a	0	1104176	0	nan	49527	3	1104176	0	0	0	nan	0	0	0	0	0	0	nan	0	0	0	nan	nan	nan	nan	nan	nan
63	a	0	1104175	0	nan	49524	3	1104175	0	0	0	nan	0	0	0	0	0	0	nan	0	0	0	nan	nan	nan	nan	nan	nan
64	a	0	1104167	0	nan	49520	3	1104167	0	0	0	nan	0	0	0	0	0	0	nan	0	0	0	nan	nan	nan	nan	nan	nan
65	g	0	1104167	0	nan	49513	3	1104167	0	0	0	nan	0	0	0	0	0	0	nan	0	0	0	nan	nan	nan	nan	nan	nan
66	g	0	1104167	0	nan	49494	3	1104167	0	0	0	nan	0	0	0	0	0	0	nan	0	0	0	nan	nan	nan	nan	nan	nan
67	u	0	1104167	0	nan	49462	3	1104167	0	0	0	nan	0	0	0	0	0	0	nan	0	0	0	nan	nan	nan	nan	nan	nan
68	a	0	1104167	0	nan	49414	3	1104167	0	0	0	nan	0	0	0	0	0	0	nan	0	0	0	nan	nan	nan	nan	nan	nan
69	a	0	1104167	0	nan	49403	3	1104167	0	0	0	nan	0	0	0	0	0	0	nan	0	0	0	nan	nan	nan	nan	nan	nan
70	u	0	1104167	0	nan	49386	3	1104167	0	0	0	nan	0	0	0	0	0	0	nan	0	0	0	nan	nan	nan	nan	nan	nan
71	g	0	1104158	0	nan	49368	3	1104158	0	0	0	nan	0	0	0	0	0	0	nan	0	0	0	nan	nan	nan	nan	nan	nan
72	a	0	1104154	0	nan	49340	3	1104154	0	0	0	nan	0	0	0	0	0	0	nan	0	0	0	nan	nan	nan	nan	nan	nan
73	a	0	1104146	0	nan	49303	3	1104146	0	0	0	nan	0	0	0	0	0	0	nan	0	0	0	nan	nan	nan	nan	nan	nan
74	g	0	1104134	0	nan	49259	3	1104134	0	0	0	nan	0	0	0	0	0	0	nan	0	0	0	nan	nan	nan	nan	nan	nan
75	g	0	1104110	0	nan	49236	3	1104110	0	0	0	nan	0	0	0	0	0	0	nan	0	0	0	nan	nan	nan	nan	nan	nan
76	u	0	1104079	0	nan	49215	3	1104079	0	0	0	nan	0	0	0	0	0	0	nan	0	0	0	nan	nan	nan	nan	nan	nan
77	g	0	1104045	0	nan	49193	3	1104045	0	0	0	nan	0	0	0	0	0	0	nan	0	0	0	nan	nan	nan	nan	nan	nan
78	a	0	1103997	0	nan	49186	3	1103997	0	0	0	nan	0	0	0	0	0	0	nan	0	0	0	nan	nan	nan	nan	nan	nan
79	a	0	1103684	0	nan	49159	3	1103684	0	0	0	nan	0	0	0	0	0	0	nan	0	0	0	nan	nan	nan	nan	nan	nan
80	g	0	1070206	0	nan	49094	3	1070206	0	0	0	nan	0	0	0	0	0	0	nan	0	0	0	nan	nan	nan	nan	nan	nan