Nucleotide	Sequence	Modified_mutations	Modified_read_depth	Modified_effective_depth	Modified_rate	Modified_off_target_mapped_depth	Modified_low_mapq_mapped_depth	Modified_primer_pair_1_mapped_depth	Untreated_mutations	Untreated_read_depth	Untreated_effective_depth	Untreated_rate	Untreated_off_target_mapped_depth	Untreated_low_mapq_mapped_depth	Untreated_primer_pair_1_mapped_depth	Denatured_mutations	Denatured_read_depth	Denatured_effective_depth	Denatured_rate	Denatured_off_target_mapped_depth	Denatured_low_mapq_mapped_depth	Denatured_primer_pair_1_mapped_depth	Reactivity_profile	Std_err	HQ_profile	HQ_stderr	Norm_profile	Norm_stderr
1	g	0	134208	0	nan	0	1291	134208	0	0	0	nan	0	0	0	0	0	0	nan	0	0	0	nan	nan	nan	nan	nan	nan
2	g	0	134441	0	nan	0	1294	134441	0	0	0	nan	0	0	0	0	0	0	nan	0	0	0	nan	nan	nan	nan	nan	nan
3	u	0	134506	0	nan	0	1297	134506	0	0	0	nan	0	0	0	0	0	0	nan	0	0	0	nan	nan	nan	nan	nan	nan
4	g	0	134585	0	nan	0	1308	134585	0	0	0	nan	0	0	0	0	0	0	nan	0	0	0	nan	nan	nan	nan	nan	nan
5	u	0	134843	0	nan	0	1311	134843	0	0	0	nan	0	0	0	0	0	0	nan	0	0	0	nan	nan	nan	nan	nan	nan
6	a	0	134846	0	nan	0	1314	134846	0	0	0	nan	0	0	0	0	0	0	nan	0	0	0	nan	nan	nan	nan	nan	nan
7	a	0	134853	0	nan	0	1317	134853	0	0	0	nan	0	0	0	0	0	0	nan	0	0	0	nan	nan	nan	nan	nan	nan
8	g	0	134860	0	nan	0	1317	134860	0	0	0	nan	0	0	0	0	0	0	nan	0	0	0	nan	nan	nan	nan	nan	nan
9	g	0	134871	0	nan	0	1318	134871	0	0	0	nan	0	0	0	0	0	0	nan	0	0	0	nan	nan	nan	nan	nan	nan
10	g	0	134871	0	nan	0	1318	134871	0	0	0	nan	0	0	0	0	0	0	nan	0	0	0	nan	nan	nan	nan	nan	nan
11	u	0	134874	0	nan	0	1318	134874	0	0	0	nan	0	0	0	0	0	0	nan	0	0	0	nan	nan	nan	nan	nan	nan
12	g	0	134874	0	nan	2	1320	134874	0	0	0	nan	0	0	0	0	0	0	nan	0	0	0	nan	nan	nan	nan	nan	nan
13	a	0	134875	0	nan	2	1320	134875	0	0	0	nan	0	0	0	0	0	0	nan	0	0	0	nan	nan	nan	nan	nan	nan
14	a	0	134875	0	nan	2	1320	134875	0	0	0	nan	0	0	0	0	0	0	nan	0	0	0	nan	nan	nan	nan	nan	nan
15	g	0	134876	0	nan	13	1320	134876	0	0	0	nan	0	0	0	0	0	0	nan	0	0	0	nan	nan	nan	nan	nan	nan
16	u	0	134876	0	nan	13	1320	134876	0	0	0	nan	0	0	0	0	0	0	nan	0	0	0	nan	nan	nan	nan	nan	nan
17	g	0	134876	0	nan	13	1320	134876	0	0	0	nan	0	0	0	0	0	0	nan	0	0	0	nan	nan	nan	nan	nan	nan
18	u	0	134877	0	nan	13	1320	134877	0	0	0	nan	0	0	0	0	0	0	nan	0	0	0	nan	nan	nan	nan	nan	nan
19	a	0	134880	0	nan	14	1320	134880	0	0	0	nan	0	0	0	0	0	0	nan	0	0	0	nan	nan	nan	nan	nan	nan
20	A	0	134884	2	0.000000	14	1320	134884	0	0	0	nan	0	0	0	0	0	0	nan	0	0	0	0.000000	0.000000	nan	nan	nan	nan
21	G	0	134886	4	0.000000	14	1320	134886	0	0	0	nan	0	0	0	0	0	0	nan	0	0	0	0.000000	0.000000	nan	nan	nan	nan
22	G	0	134887	3	0.000000	14	1320	134887	0	0	0	nan	0	0	0	0	0	0	nan	0	0	0	0.000000	0.000000	nan	nan	nan	nan
23	U	0	134889	133838	0.000000	14	1320	134889	0	0	0	nan	0	0	0	0	0	0	nan	0	0	0	0.000000	0.000000	0.000000	0.000000	0.000000	0.000000
24	U	277	134889	133759	0.002071	14	1320	134889	0	0	0	nan	0	0	0	0	0	0	nan	0	0	0	0.002071	0.000124	0.002071	0.000124	0.880527	0.052721
25	G	124	134890	133419	0.000929	14	1320	134890	0	0	0	nan	0	0	0	0	0	0	nan	0	0	0	0.000929	0.000083	0.000929	0.000083	nan	nan
26	A	7880	134892	133816	0.058887	14	1320	134892	0	0	0	nan	0	0	0	0	0	0	nan	0	0	0	0.058887	0.000663	0.058887	0.000663	1.078048	0.012138
27	A	6711	134892	133628	0.050222	14	1320	134892	0	0	0	nan	0	0	0	0	0	0	nan	0	0	0	0.050222	0.000613	0.050222	0.000613	0.919417	0.011222
28	C	6744	134892	132312	0.050970	14	1320	134892	0	0	0	nan	0	0	0	0	0	0	nan	0	0	0	0.050970	0.000621	0.050970	0.000621	1.058556	0.012897
29	U	176	134894	133249	0.001321	14	1320	134894	0	0	0	nan	0	0	0	0	0	0	nan	0	0	0	0.001321	0.000100	0.001321	0.000100	0.561650	0.042517
30	U	231	134895	133412	0.001731	14	1320	134895	0	0	0	nan	0	0	0	0	0	0	nan	0	0	0	0.001731	0.000114	0.001731	0.000114	0.735969	0.048469
31	U	314	134896	133523	0.002352	14	1320	134896	0	0	0	nan	0	0	0	0	0	0	nan	0	0	0	0.002352	0.000133	0.002352	0.000133	1.000000	0.056548
32	U	238	134897	133666	0.001781	14	1320	134896	0	0	0	nan	0	0	0	0	0	0	nan	0	0	0	0.001781	0.000115	0.001781	0.000115	0.757228	0.048895
33	G	80	134900	132877	0.000602	14	1320	134899	0	0	0	nan	0	0	0	0	0	0	nan	0	0	0	0.000602	0.000067	0.000602	0.000067	nan	nan
34	A	4589	134901	133360	0.034411	14	1320	134900	0	0	0	nan	0	0	0	0	0	0	nan	0	0	0	0.034411	0.000508	0.034411	0.000508	0.629964	0.009300
35	A	3602	134903	133049	0.027073	14	1320	134902	0	0	0	nan	0	0	0	0	0	0	nan	0	0	0	0.027073	0.000451	0.027073	0.000451	0.495627	0.008256
36	U	150	134903	132831	0.001129	14	1320	134902	0	0	0	nan	0	0	0	0	0	0	nan	0	0	0	0.001129	0.000092	0.001129	0.000092	0.480017	0.039116
37	A	7852	134903	132913	0.059076	14	1320	134902	0	0	0	nan	0	0	0	0	0	0	nan	0	0	0	0.059076	0.000667	0.059076	0.000667	1.081508	0.012211
38	G	91	134903	131233	0.000693	14	1320	134902	0	0	0	nan	0	0	0	0	0	0	nan	0	0	0	0.000693	0.000073	0.000693	0.000073	nan	nan
39	U	306	134903	133163	0.002298	14	1320	134902	0	0	0	nan	0	0	0	0	0	0	nan	0	0	0	0.002298	0.000131	0.002298	0.000131	0.977041	0.055697
40	G	152	134904	132223	0.001150	14	1320	134903	0	0	0	nan	0	0	0	0	0	0	nan	0	0	0	0.001150	0.000093	0.001150	0.000093	nan	nan
41	A	5399	134902	132724	0.040678	14	1320	134901	0	0	0	nan	0	0	0	0	0	0	nan	0	0	0	0.040678	0.000554	0.040678	0.000554	0.744694	0.010142
42	U	289	134908	132693	0.002178	14	1320	134907	0	0	0	nan	0	0	0	0	0	0	nan	0	0	0	0.002178	0.000128	0.002178	0.000128	0.926020	0.054422
43	U	224	134911	132910	0.001685	14	1320	134910	0	0	0	nan	0	0	0	0	0	0	nan	0	0	0	0.001685	0.000113	0.001685	0.000113	0.716412	0.048044
44	C	5267	134912	132696	0.039692	14	1320	134911	0	0	0	nan	0	0	0	0	0	0	nan	0	0	0	0.039692	0.000547	0.039692	0.000547	0.824332	0.011360
45	A	5260	134914	132768	0.039618	14	1320	134913	0	0	0	nan	0	0	0	0	0	0	nan	0	0	0	0.039618	0.000546	0.039618	0.000546	0.725289	0.009996
46	G	94	134915	132158	0.000711	16	1320	134914	0	0	0	nan	0	0	0	0	0	0	nan	0	0	0	0.000711	0.000073	0.000711	0.000073	nan	nan
47	G	95	134915	131661	0.000722	18	1320	134914	0	0	0	nan	0	0	0	0	0	0	nan	0	0	0	0.000722	0.000074	0.000722	0.000074	nan	nan
48	A	5219	134916	132451	0.039403	18	1320	134915	0	0	0	nan	0	0	0	0	0	0	nan	0	0	0	0.039403	0.000545	0.039403	0.000545	0.721353	0.009977
49	G	87	134917	131823	0.000660	18	1320	134916	0	0	0	nan	0	0	0	0	0	0	nan	0	0	0	0.000660	0.000071	0.000660	0.000071	nan	nan
50	G	118	134918	131780	0.000895	18	1320	134918	0	0	0	nan	0	0	0	0	0	0	nan	0	0	0	0.000895	0.000082	0.000895	0.000082	nan	nan
51	U	249	134917	132395	0.001881	18	1320	134917	0	0	0	nan	0	0	0	0	0	0	nan	0	0	0	0.001881	0.000119	0.001881	0.000119	0.799745	0.050595
52	U	268	134916	132165	0.002028	22	1320	134916	0	0	0	nan	0	0	0	0	0	0	nan	0	0	0	0.002028	0.000124	0.002028	0.000124	0.862245	0.052721
53	A	7435	134916	132553	0.056091	22	1320	134916	0	0	0	nan	0	0	0	0	0	0	nan	0	0	0	0.056091	0.000651	0.056091	0.000651	1.026861	0.011918
54	A	6334	134917	133565	0.047423	22	1320	134917	0	0	0	nan	0	0	0	0	0	0	nan	0	0	0	0.047423	0.000596	0.047423	0.000596	0.868175	0.010911
55	U	328	134917	133863	0.002450	24	1320	134917	0	0	0	nan	0	0	0	0	0	0	nan	0	0	0	0.002450	0.000135	0.002450	0.000135	1.041667	0.057398
56	G	174	134917	133313	0.001305	24	1320	134917	0	0	0	nan	0	0	0	0	0	0	nan	0	0	0	0.001305	0.000099	0.001305	0.000099	nan	nan
57	G	0	134918	133622	0.000000	24	1320	134918	0	0	0	nan	0	0	0	0	0	0	nan	0	0	0	0.000000	0.000000	0.000000	0.000000	nan	nan
58	A	0	134917	0	nan	24	1320	134917	0	0	0	nan	0	0	0	0	0	0	nan	0	0	0	nan	nan	nan	nan	nan	nan
59	A	0	134917	0	nan	24	1320	134917	0	0	0	nan	0	0	0	0	0	0	nan	0	0	0	nan	nan	nan	nan	nan	nan
60	G	0	134917	0	nan	24	1320	134917	0	0	0	nan	0	0	0	0	0	0	nan	0	0	0	nan	nan	nan	nan	nan	nan
61	u	0	134917	0	nan	24	1320	134917	0	0	0	nan	0	0	0	0	0	0	nan	0	0	0	nan	nan	nan	nan	nan	nan
62	a	0	134917	0	nan	24	1320	134917	0	0	0	nan	0	0	0	0	0	0	nan	0	0	0	nan	nan	nan	nan	nan	nan
63	a	0	134917	0	nan	24	1320	134917	0	0	0	nan	0	0	0	0	0	0	nan	0	0	0	nan	nan	nan	nan	nan	nan
64	a	0	134917	0	nan	24	1320	134917	0	0	0	nan	0	0	0	0	0	0	nan	0	0	0	nan	nan	nan	nan	nan	nan
65	g	0	134917	0	nan	24	1320	134917	0	0	0	nan	0	0	0	0	0	0	nan	0	0	0	nan	nan	nan	nan	nan	nan
66	g	0	134917	0	nan	24	1320	134917	0	0	0	nan	0	0	0	0	0	0	nan	0	0	0	nan	nan	nan	nan	nan	nan
67	u	0	134917	0	nan	24	1320	134917	0	0	0	nan	0	0	0	0	0	0	nan	0	0	0	nan	nan	nan	nan	nan	nan
68	a	0	134916	0	nan	24	1319	134916	0	0	0	nan	0	0	0	0	0	0	nan	0	0	0	nan	nan	nan	nan	nan	nan
69	a	0	134916	0	nan	24	1319	134916	0	0	0	nan	0	0	0	0	0	0	nan	0	0	0	nan	nan	nan	nan	nan	nan
70	u	0	134916	0	nan	24	1319	134916	0	0	0	nan	0	0	0	0	0	0	nan	0	0	0	nan	nan	nan	nan	nan	nan
71	g	0	134916	0	nan	24	1319	134916	0	0	0	nan	0	0	0	0	0	0	nan	0	0	0	nan	nan	nan	nan	nan	nan
72	a	0	134916	0	nan	24	1319	134916	0	0	0	nan	0	0	0	0	0	0	nan	0	0	0	nan	nan	nan	nan	nan	nan
73	a	0	134915	0	nan	24	1319	134915	0	0	0	nan	0	0	0	0	0	0	nan	0	0	0	nan	nan	nan	nan	nan	nan
74	g	0	134912	0	nan	24	1319	134912	0	0	0	nan	0	0	0	0	0	0	nan	0	0	0	nan	nan	nan	nan	nan	nan
75	g	0	134901	0	nan	24	1318	134901	0	0	0	nan	0	0	0	0	0	0	nan	0	0	0	nan	nan	nan	nan	nan	nan
76	u	0	134892	0	nan	24	1317	134892	0	0	0	nan	0	0	0	0	0	0	nan	0	0	0	nan	nan	nan	nan	nan	nan
77	g	0	134890	0	nan	24	1317	134890	0	0	0	nan	0	0	0	0	0	0	nan	0	0	0	nan	nan	nan	nan	nan	nan
78	a	0	134880	0	nan	24	1316	134880	0	0	0	nan	0	0	0	0	0	0	nan	0	0	0	nan	nan	nan	nan	nan	nan
79	a	0	134785	0	nan	24	1311	134785	0	0	0	nan	0	0	0	0	0	0	nan	0	0	0	nan	nan	nan	nan	nan	nan
80	g	0	134671	0	nan	24	1291	134671	0	0	0	nan	0	0	0	0	0	0	nan	0	0	0	nan	nan	nan	nan	nan	nan