Nucleotide	Sequence	Modified_mutations	Modified_read_depth	Modified_effective_depth	Modified_rate	Modified_off_target_mapped_depth	Modified_low_mapq_mapped_depth	Modified_primer_pair_1_mapped_depth	Untreated_mutations	Untreated_read_depth	Untreated_effective_depth	Untreated_rate	Untreated_off_target_mapped_depth	Untreated_low_mapq_mapped_depth	Untreated_primer_pair_1_mapped_depth	Denatured_mutations	Denatured_read_depth	Denatured_effective_depth	Denatured_rate	Denatured_off_target_mapped_depth	Denatured_low_mapq_mapped_depth	Denatured_primer_pair_1_mapped_depth	Reactivity_profile	Std_err	HQ_profile	HQ_stderr	Norm_profile	Norm_stderr
1	g	0	225897	0	nan	24	0	225897	0	0	0	nan	0	0	0	0	0	0	nan	0	0	0	nan	nan	nan	nan	nan	nan
2	g	0	226444	0	nan	24	0	226444	0	0	0	nan	0	0	0	0	0	0	nan	0	0	0	nan	nan	nan	nan	nan	nan
3	c	0	226618	0	nan	24	0	226618	0	0	0	nan	0	0	0	0	0	0	nan	0	0	0	nan	nan	nan	nan	nan	nan
4	a	0	230686	0	nan	47	0	230686	0	0	0	nan	0	0	0	0	0	0	nan	0	0	0	nan	nan	nan	nan	nan	nan
5	c	0	230774	0	nan	49	0	230774	0	0	0	nan	0	0	0	0	0	0	nan	0	0	0	nan	nan	nan	nan	nan	nan
6	c	0	230807	0	nan	49	0	230807	0	0	0	nan	0	0	0	0	0	0	nan	0	0	0	nan	nan	nan	nan	nan	nan
7	u	0	230811	0	nan	49	0	230811	0	0	0	nan	0	0	0	0	0	0	nan	0	0	0	nan	nan	nan	nan	nan	nan
8	c	0	230812	0	nan	49	0	230812	0	0	0	nan	0	0	0	0	0	0	nan	0	0	0	nan	nan	nan	nan	nan	nan
9	a	0	230814	0	nan	49	0	230814	0	0	0	nan	0	0	0	0	0	0	nan	0	0	0	nan	nan	nan	nan	nan	nan
10	u	0	230897	0	nan	49	0	230897	0	0	0	nan	0	0	0	0	0	0	nan	0	0	0	nan	nan	nan	nan	nan	nan
11	a	0	230969	0	nan	49	0	230969	0	0	0	nan	0	0	0	0	0	0	nan	0	0	0	nan	nan	nan	nan	nan	nan
12	a	0	230984	0	nan	49	0	230984	0	0	0	nan	0	0	0	0	0	0	nan	0	0	0	nan	nan	nan	nan	nan	nan
13	c	0	230986	0	nan	49	0	230986	0	0	0	nan	0	0	0	0	0	0	nan	0	0	0	nan	nan	nan	nan	nan	nan
14	a	0	230988	0	nan	49	0	230988	0	0	0	nan	0	0	0	0	0	0	nan	0	0	0	nan	nan	nan	nan	nan	nan
15	u	0	230991	0	nan	49	0	230991	0	0	0	nan	0	0	0	0	0	0	nan	0	0	0	nan	nan	nan	nan	nan	nan
16	a	0	230996	0	nan	49	0	230996	0	0	0	nan	0	0	0	0	0	0	nan	0	0	0	nan	nan	nan	nan	nan	nan
17	a	0	230998	0	nan	49	0	230998	0	0	0	nan	0	0	0	0	0	0	nan	0	0	0	nan	nan	nan	nan	nan	nan
18	c	0	231004	0	nan	49	0	231004	0	0	0	nan	0	0	0	0	0	0	nan	0	0	0	nan	nan	nan	nan	nan	nan
19	U	0	231007	3	0.000000	49	0	231007	0	0	0	nan	0	0	0	0	0	0	nan	0	0	0	0.000000	0.000000	nan	nan	nan	nan
20	A	0	231041	32	0.000000	49	0	231041	0	0	0	nan	0	0	0	0	0	0	nan	0	0	0	0.000000	0.000000	nan	nan	nan	nan
21	A	0	231048	35	0.000000	49	0	231048	0	0	0	nan	0	0	0	0	0	0	nan	0	0	0	0.000000	0.000000	nan	nan	nan	nan
22	G	0	231056	228671	0.000000	49	0	231056	0	0	0	nan	0	0	0	0	0	0	nan	0	0	0	0.000000	0.000000	0.000000	0.000000	0.000000	0.000000
23	G	1578	231059	225923	0.006985	50	0	231059	0	0	0	nan	0	0	0	0	0	0	nan	0	0	0	0.006985	0.000176	0.006985	0.000176	1.138178	0.028679
24	C	2842	231069	228152	0.012457	50	0	231069	0	0	0	nan	0	0	0	0	0	0	nan	0	0	0	0.012457	0.000234	0.012457	0.000234	0.901717	0.016938
25	A	2012	231085	228668	0.008799	50	0	231085	0	0	0	nan	0	0	0	0	0	0	nan	0	0	0	0.008799	0.000196	0.008799	0.000196	0.286221	0.006376
26	G	1233	231093	227960	0.005409	50	0	231093	0	0	0	nan	0	0	0	0	0	0	nan	0	0	0	0.005409	0.000154	0.005409	0.000154	0.881375	0.025094
27	A	7022	231105	228414	0.030742	50	0	231105	0	0	0	nan	0	0	0	0	0	0	nan	0	0	0	0.030742	0.000367	0.030742	0.000367	1.000000	0.011938
28	U	602	231113	227488	0.002646	50	0	231113	0	0	0	nan	0	0	0	0	0	0	nan	0	0	0	0.002646	0.000108	0.002646	0.000108	0.950773	0.038807
29	C	13008	231115	228587	0.056906	50	0	231114	0	0	0	nan	0	0	0	0	0	0	nan	0	0	0	0.056906	0.000499	0.056906	0.000499	4.119220	0.036121
30	U	631	231116	228591	0.002760	50	0	231114	0	0	0	nan	0	0	0	0	0	0	nan	0	0	0	0.002760	0.000110	0.002760	0.000110	0.991736	0.039526
31	G	872	231126	228720	0.003813	50	0	231124	0	0	0	nan	0	0	0	0	0	0	nan	0	0	0	0.003813	0.000129	0.003813	0.000129	0.621313	0.021020
32	A	1188	231129	229497	0.005177	50	0	231127	0	0	0	nan	0	0	0	0	0	0	nan	0	0	0	0.005177	0.000150	0.005177	0.000150	0.168402	0.004879
33	G	850	231131	227683	0.003733	50	0	231129	0	0	0	nan	0	0	0	0	0	0	nan	0	0	0	0.003733	0.000128	0.003733	0.000128	0.608278	0.020857
34	C	940	231135	229061	0.004104	50	0	231132	0	0	0	nan	0	0	0	0	0	0	nan	0	0	0	0.004104	0.000134	0.004104	0.000134	0.297074	0.009700
35	U	604	231140	228745	0.002640	50	0	231129	0	0	0	nan	0	0	0	0	0	0	nan	0	0	0	0.002640	0.000107	0.002640	0.000107	0.948617	0.038448
36	U	513	231145	228169	0.002248	50	0	231127	0	0	0	nan	0	0	0	0	0	0	nan	0	0	0	0.002248	0.000099	0.002248	0.000099	0.807761	0.035573
37	G	1020	231146	227223	0.004489	50	0	231111	0	0	0	nan	0	0	0	0	0	0	nan	0	0	0	0.004489	0.000141	0.004489	0.000141	0.731465	0.022975
38	G	759	231146	221842	0.003421	50	0	231113	0	0	0	nan	0	0	0	0	0	0	nan	0	0	0	0.003421	0.000124	0.003421	0.000124	0.557438	0.020205
39	G	1089	231150	221480	0.004917	50	0	231123	0	0	0	nan	0	0	0	0	0	0	nan	0	0	0	0.004917	0.000149	0.004917	0.000149	0.801206	0.024279
40	A	3458	231153	222943	0.015511	50	0	231131	0	0	0	nan	0	0	0	0	0	0	nan	0	0	0	0.015511	0.000264	0.015511	0.000264	0.504554	0.008588
41	G	1394	231161	227151	0.006137	50	0	231146	0	0	0	nan	0	0	0	0	0	0	nan	0	0	0	0.006137	0.000164	0.006137	0.000164	1.000000	0.026723
42	C	1049	231164	229573	0.004569	30	0	231153	0	0	0	nan	0	0	0	0	0	0	nan	0	0	0	0.004569	0.000141	0.004569	0.000141	0.330733	0.010206
43	U	640	231166	229856	0.002784	29	0	231154	0	0	0	nan	0	0	0	0	0	0	nan	0	0	0	0.002784	0.000110	0.002784	0.000110	1.000359	0.039526
44	C	979	231167	229924	0.004258	29	0	231157	0	0	0	nan	0	0	0	0	0	0	nan	0	0	0	0.004258	0.000136	0.004258	0.000136	0.308221	0.009845
45	U	640	231167	230058	0.002782	29	0	231158	0	0	0	nan	0	0	0	0	0	0	nan	0	0	0	0.002782	0.000110	0.002782	0.000110	0.999641	0.039526
46	C	1501	231167	230000	0.006526	29	0	231157	0	0	0	nan	0	0	0	0	0	0	nan	0	0	0	0.006526	0.000168	0.006526	0.000168	0.472394	0.012161
47	U	856	231169	229786	0.003725	29	0	231160	0	0	0	nan	0	0	0	0	0	0	nan	0	0	0	0.003725	0.000127	0.003725	0.000127	1.338484	0.045634
48	G	1751	231169	228357	0.007668	29	0	231159	0	0	0	nan	0	0	0	0	0	0	nan	0	0	0	0.007668	0.000183	0.007668	0.000183	1.249470	0.029819
49	C	3334	231169	229055	0.014555	29	0	231158	0	0	0	nan	0	0	0	0	0	0	nan	0	0	0	0.014555	0.000252	0.014555	0.000252	1.053584	0.018241
50	C	3103	231169	228707	0.013568	29	0	231160	0	0	0	nan	0	0	0	0	0	0	nan	0	0	0	0.013568	0.000244	0.013568	0.000244	0.982139	0.017662
51	A	9397	231169	228979	0.041039	29	0	231164	0	0	0	nan	0	0	0	0	0	0	nan	0	0	0	0.041039	0.000423	0.041039	0.000423	1.334949	0.013760
52	A	0	231171	227956	0.000000	29	0	231171	0	0	0	nan	0	0	0	0	0	0	nan	0	0	0	0.000000	0.000000	0.000000	0.000000	0.000000	0.000000
53	U	0	231161	208	0.000000	27	0	231161	0	0	0	nan	0	0	0	0	0	0	nan	0	0	0	0.000000	0.000000	nan	nan	nan	nan
54	C	0	230915	2	0.000000	23	0	230915	0	0	0	nan	0	0	0	0	0	0	nan	0	0	0	0.000000	0.000000	nan	nan	nan	nan
55	C	0	230913	0	nan	23	0	230913	0	0	0	nan	0	0	0	0	0	0	nan	0	0	0	nan	nan	nan	nan	nan	nan
56	a	0	230913	0	nan	23	0	230913	0	0	0	nan	0	0	0	0	0	0	nan	0	0	0	nan	nan	nan	nan	nan	nan
57	c	0	230913	0	nan	23	0	230913	0	0	0	nan	0	0	0	0	0	0	nan	0	0	0	nan	nan	nan	nan	nan	nan
58	u	0	230913	0	nan	23	0	230913	0	0	0	nan	0	0	0	0	0	0	nan	0	0	0	nan	nan	nan	nan	nan	nan
59	a	0	230913	0	nan	23	0	230913	0	0	0	nan	0	0	0	0	0	0	nan	0	0	0	nan	nan	nan	nan	nan	nan
60	a	0	230913	0	nan	23	0	230913	0	0	0	nan	0	0	0	0	0	0	nan	0	0	0	nan	nan	nan	nan	nan	nan
61	c	0	230913	0	nan	18	0	230913	0	0	0	nan	0	0	0	0	0	0	nan	0	0	0	nan	nan	nan	nan	nan	nan
62	c	0	230913	0	nan	18	0	230913	0	0	0	nan	0	0	0	0	0	0	nan	0	0	0	nan	nan	nan	nan	nan	nan
63	u	0	230913	0	nan	0	0	230913	0	0	0	nan	0	0	0	0	0	0	nan	0	0	0	nan	nan	nan	nan	nan	nan
64	c	0	230913	0	nan	0	0	230913	0	0	0	nan	0	0	0	0	0	0	nan	0	0	0	nan	nan	nan	nan	nan	nan
65	a	0	230913	0	nan	0	0	230913	0	0	0	nan	0	0	0	0	0	0	nan	0	0	0	nan	nan	nan	nan	nan	nan
66	c	0	230911	0	nan	0	0	230911	0	0	0	nan	0	0	0	0	0	0	nan	0	0	0	nan	nan	nan	nan	nan	nan
67	u	0	230911	0	nan	0	0	230911	0	0	0	nan	0	0	0	0	0	0	nan	0	0	0	nan	nan	nan	nan	nan	nan
68	c	0	230911	0	nan	0	0	230911	0	0	0	nan	0	0	0	0	0	0	nan	0	0	0	nan	nan	nan	nan	nan	nan
69	a	0	230911	0	nan	0	0	230911	0	0	0	nan	0	0	0	0	0	0	nan	0	0	0	nan	nan	nan	nan	nan	nan
70	c	0	230904	0	nan	0	0	230904	0	0	0	nan	0	0	0	0	0	0	nan	0	0	0	nan	nan	nan	nan	nan	nan
71	a	0	230901	0	nan	0	0	230901	0	0	0	nan	0	0	0	0	0	0	nan	0	0	0	nan	nan	nan	nan	nan	nan
72	a	0	230837	0	nan	0	0	230837	0	0	0	nan	0	0	0	0	0	0	nan	0	0	0	nan	nan	nan	nan	nan	nan
73	u	0	230726	0	nan	0	0	230726	0	0	0	nan	0	0	0	0	0	0	nan	0	0	0	nan	nan	nan	nan	nan	nan
74	c	0	230413	0	nan	0	0	230413	0	0	0	nan	0	0	0	0	0	0	nan	0	0	0	nan	nan	nan	nan	nan	nan