Nucleotide	Sequence	Modified_mutations	Modified_read_depth	Modified_effective_depth	Modified_rate	Modified_off_target_mapped_depth	Modified_low_mapq_mapped_depth	Modified_primer_pair_1_mapped_depth	Untreated_mutations	Untreated_read_depth	Untreated_effective_depth	Untreated_rate	Untreated_off_target_mapped_depth	Untreated_low_mapq_mapped_depth	Untreated_primer_pair_1_mapped_depth	Denatured_mutations	Denatured_read_depth	Denatured_effective_depth	Denatured_rate	Denatured_off_target_mapped_depth	Denatured_low_mapq_mapped_depth	Denatured_primer_pair_1_mapped_depth	Reactivity_profile	Std_err	HQ_profile	HQ_stderr	Norm_profile	Norm_stderr
1	g	0	527343	0	nan	0	15	527343	0	0	0	nan	0	0	0	0	0	0	nan	0	0	0	nan	nan	nan	nan	nan	nan
2	g	0	527662	0	nan	0	15	527662	0	0	0	nan	0	0	0	0	0	0	nan	0	0	0	nan	nan	nan	nan	nan	nan
3	u	0	527826	0	nan	0	15	527826	0	0	0	nan	0	0	0	0	0	0	nan	0	0	0	nan	nan	nan	nan	nan	nan
4	g	0	527860	0	nan	0	15	527860	0	0	0	nan	0	0	0	0	0	0	nan	0	0	0	nan	nan	nan	nan	nan	nan
5	u	0	527915	0	nan	0	15	527915	0	0	0	nan	0	0	0	0	0	0	nan	0	0	0	nan	nan	nan	nan	nan	nan
6	a	0	527918	0	nan	0	15	527918	0	0	0	nan	0	0	0	0	0	0	nan	0	0	0	nan	nan	nan	nan	nan	nan
7	a	0	527944	0	nan	0	15	527944	0	0	0	nan	0	0	0	0	0	0	nan	0	0	0	nan	nan	nan	nan	nan	nan
8	g	0	528010	0	nan	0	15	528010	0	0	0	nan	0	0	0	0	0	0	nan	0	0	0	nan	nan	nan	nan	nan	nan
9	g	0	528759	0	nan	0	15	528759	0	0	0	nan	0	0	0	0	0	0	nan	0	0	0	nan	nan	nan	nan	nan	nan
10	g	0	629862	0	nan	0	15	629862	0	0	0	nan	0	0	0	0	0	0	nan	0	0	0	nan	nan	nan	nan	nan	nan
11	u	0	631231	0	nan	0	15	631231	0	0	0	nan	0	0	0	0	0	0	nan	0	0	0	nan	nan	nan	nan	nan	nan
12	g	0	631658	0	nan	0	15	631658	0	0	0	nan	0	0	0	0	0	0	nan	0	0	0	nan	nan	nan	nan	nan	nan
13	a	0	631691	0	nan	0	15	631691	0	0	0	nan	0	0	0	0	0	0	nan	0	0	0	nan	nan	nan	nan	nan	nan
14	a	0	631700	0	nan	0	15	631700	0	0	0	nan	0	0	0	0	0	0	nan	0	0	0	nan	nan	nan	nan	nan	nan
15	g	0	631706	0	nan	6	15	631706	0	0	0	nan	0	0	0	0	0	0	nan	0	0	0	nan	nan	nan	nan	nan	nan
16	u	0	631739	0	nan	6	15	631739	0	0	0	nan	0	0	0	0	0	0	nan	0	0	0	nan	nan	nan	nan	nan	nan
17	g	0	631786	0	nan	6	15	631786	0	0	0	nan	0	0	0	0	0	0	nan	0	0	0	nan	nan	nan	nan	nan	nan
18	u	0	631876	0	nan	6	15	631876	0	0	0	nan	0	0	0	0	0	0	nan	0	0	0	nan	nan	nan	nan	nan	nan
19	a	0	632028	0	nan	7	15	632028	0	0	0	nan	0	0	0	0	0	0	nan	0	0	0	nan	nan	nan	nan	nan	nan
20	A	0	632381	346	0.000000	7	15	632381	0	0	0	nan	0	0	0	0	0	0	nan	0	0	0	0.000000	0.000000	nan	nan	nan	nan
21	G	0	632769	707	0.000000	7	15	632769	0	0	0	nan	0	0	0	0	0	0	nan	0	0	0	0.000000	0.000000	nan	nan	nan	nan
22	G	0	633045	959	0.000000	7	15	633045	0	0	0	nan	0	0	0	0	0	0	nan	0	0	0	0.000000	0.000000	nan	nan	nan	nan
23	U	0	633094	631373	0.000000	7	15	633094	0	0	0	nan	0	0	0	0	0	0	nan	0	0	0	0.000000	0.000000	0.000000	0.000000	nan	nan
24	U	853	633099	631493	0.001351	7	15	633099	0	0	0	nan	0	0	0	0	0	0	nan	0	0	0	0.001351	0.000046	0.001351	0.000046	nan	nan
25	G	484	633102	629554	0.000769	7	15	633102	0	0	0	nan	0	0	0	0	0	0	nan	0	0	0	0.000769	0.000035	0.000769	0.000035	nan	nan
26	A	13411	633103	626377	0.021410	7	15	633103	0	0	0	nan	0	0	0	0	0	0	nan	0	0	0	0.021410	0.000185	0.021410	0.000185	1.005294	0.008687
27	A	13740	633110	625817	0.021955	7	15	633109	0	0	0	nan	0	0	0	0	0	0	nan	0	0	0	0.021955	0.000187	0.021955	0.000187	1.030884	0.008780
28	C	945	633112	626130	0.001509	7	15	633111	0	0	0	nan	0	0	0	0	0	0	nan	0	0	0	0.001509	0.000049	0.001509	0.000049	nan	nan
29	U	601	633120	630095	0.000954	8	15	633118	0	0	0	nan	0	0	0	0	0	0	nan	0	0	0	0.000954	0.000039	0.000954	0.000039	nan	nan
30	U	728	633137	630636	0.001154	8	15	633134	0	0	0	nan	0	0	0	0	0	0	nan	0	0	0	0.001154	0.000043	0.001154	0.000043	nan	nan
31	U	920	633165	631036	0.001458	8	15	633163	0	0	0	nan	0	0	0	0	0	0	nan	0	0	0	0.001458	0.000048	0.001458	0.000048	nan	nan
32	U	694	633210	631507	0.001099	8	15	633208	0	0	0	nan	0	0	0	0	0	0	nan	0	0	0	0.001099	0.000042	0.001099	0.000042	nan	nan
33	G	338	633315	629247	0.000537	8	15	633310	0	0	0	nan	0	0	0	0	0	0	nan	0	0	0	0.000537	0.000029	0.000537	0.000029	nan	nan
34	A	3037	633366	631103	0.004812	8	15	633361	0	0	0	nan	0	0	0	0	0	0	nan	0	0	0	0.004812	0.000087	0.004812	0.000087	0.225945	0.004085
35	A	2730	633367	630579	0.004329	9	15	633362	0	0	0	nan	0	0	0	0	0	0	nan	0	0	0	0.004329	0.000083	0.004329	0.000083	0.203266	0.003897
36	U	456	633368	627785	0.000726	9	15	633361	0	0	0	nan	0	0	0	0	0	0	nan	0	0	0	0.000726	0.000034	0.000726	0.000034	nan	nan
37	A	57973	633369	626942	0.092469	9	15	633361	0	0	0	nan	0	0	0	0	0	0	nan	0	0	0	0.092469	0.000384	0.092469	0.000384	4.341828	0.018030
38	G	605	633377	621915	0.000973	9	16	633370	0	0	0	nan	0	0	0	0	0	0	nan	0	0	0	0.000973	0.000040	0.000973	0.000040	nan	nan
39	U	1239	633381	630304	0.001966	9	16	633372	0	0	0	nan	0	0	0	0	0	0	nan	0	0	0	0.001966	0.000056	0.001966	0.000056	nan	nan
40	G	1074	633388	628099	0.001710	9	16	633380	0	0	0	nan	0	0	0	0	0	0	nan	0	0	0	0.001710	0.000052	0.001710	0.000052	nan	nan
41	A	10579	633392	630288	0.016784	9	16	633383	0	0	0	nan	0	0	0	0	0	0	nan	0	0	0	0.016784	0.000163	0.016784	0.000163	0.788083	0.007654
42	U	983	633408	630095	0.001560	9	16	633402	0	0	0	nan	0	0	0	0	0	0	nan	0	0	0	0.001560	0.000050	0.001560	0.000050	nan	nan
43	U	809	633420	630837	0.001282	9	16	633414	0	0	0	nan	0	0	0	0	0	0	nan	0	0	0	0.001282	0.000045	0.001282	0.000045	nan	nan
44	C	1015	633431	630821	0.001609	9	16	633426	0	0	0	nan	0	0	0	0	0	0	nan	0	0	0	0.001609	0.000051	0.001609	0.000051	nan	nan
45	A	3059	633443	631268	0.004846	9	18	633438	0	0	0	nan	0	0	0	0	0	0	nan	0	0	0	0.004846	0.000088	0.004846	0.000088	0.227541	0.004132
46	G	507	633472	629991	0.000805	9	18	633468	0	0	0	nan	0	0	0	0	0	0	nan	0	0	0	0.000805	0.000036	0.000805	0.000036	nan	nan
47	G	442	633477	630342	0.000701	9	18	633473	0	0	0	nan	0	0	0	0	0	0	nan	0	0	0	0.000701	0.000033	0.000701	0.000033	nan	nan
48	A	1749	633481	631565	0.002769	11	18	633476	0	0	0	nan	0	0	0	0	0	0	nan	0	0	0	0.002769	0.000066	0.002769	0.000066	0.130017	0.003099
49	G	402	633497	629523	0.000639	11	18	633496	0	0	0	nan	0	0	0	0	0	0	nan	0	0	0	0.000639	0.000032	0.000639	0.000032	nan	nan
50	G	607	633504	629019	0.000965	11	18	633503	0	0	0	nan	0	0	0	0	0	0	nan	0	0	0	0.000965	0.000039	0.000965	0.000039	nan	nan
51	U	820	633509	630845	0.001300	11	18	633508	0	0	0	nan	0	0	0	0	0	0	nan	0	0	0	0.001300	0.000045	0.001300	0.000045	nan	nan
52	U	843	633515	629803	0.001339	11	18	633513	0	0	0	nan	0	0	0	0	0	0	nan	0	0	0	0.001339	0.000046	0.001339	0.000046	nan	nan
53	A	13173	633515	628499	0.020959	12	18	633511	0	0	0	nan	0	0	0	0	0	0	nan	0	0	0	0.020959	0.000183	0.020959	0.000183	0.984118	0.008593
54	A	12313	633352	628418	0.019594	12	18	633347	0	0	0	nan	0	0	0	0	0	0	nan	0	0	0	0.019594	0.000177	0.019594	0.000177	0.920025	0.008311
55	U	1481	633355	628987	0.002355	12	18	633353	0	0	0	nan	0	0	0	0	0	0	nan	0	0	0	0.002355	0.000061	0.002355	0.000061	nan	nan
56	G	759	633359	629206	0.001206	12	18	633359	0	0	0	nan	0	0	0	0	0	0	nan	0	0	0	0.001206	0.000044	0.001206	0.000044	nan	nan
57	G	0	633362	630883	0.000000	12	18	633362	0	0	0	nan	0	0	0	0	0	0	nan	0	0	0	0.000000	0.000000	0.000000	0.000000	nan	nan
58	A	0	633362	0	nan	12	18	633362	0	0	0	nan	0	0	0	0	0	0	nan	0	0	0	nan	nan	nan	nan	nan	nan
59	A	0	633362	0	nan	11	18	633362	0	0	0	nan	0	0	0	0	0	0	nan	0	0	0	nan	nan	nan	nan	nan	nan
60	G	0	633362	0	nan	11	18	633362	0	0	0	nan	0	0	0	0	0	0	nan	0	0	0	nan	nan	nan	nan	nan	nan
61	u	0	633362	0	nan	11	18	633362	0	0	0	nan	0	0	0	0	0	0	nan	0	0	0	nan	nan	nan	nan	nan	nan
62	a	0	633362	0	nan	11	18	633362	0	0	0	nan	0	0	0	0	0	0	nan	0	0	0	nan	nan	nan	nan	nan	nan
63	a	0	633362	0	nan	11	18	633362	0	0	0	nan	0	0	0	0	0	0	nan	0	0	0	nan	nan	nan	nan	nan	nan
64	a	0	633362	0	nan	11	18	633362	0	0	0	nan	0	0	0	0	0	0	nan	0	0	0	nan	nan	nan	nan	nan	nan
65	g	0	633362	0	nan	11	18	633362	0	0	0	nan	0	0	0	0	0	0	nan	0	0	0	nan	nan	nan	nan	nan	nan
66	g	0	633362	0	nan	11	18	633362	0	0	0	nan	0	0	0	0	0	0	nan	0	0	0	nan	nan	nan	nan	nan	nan
67	u	0	633362	0	nan	11	18	633362	0	0	0	nan	0	0	0	0	0	0	nan	0	0	0	nan	nan	nan	nan	nan	nan
68	a	0	633362	0	nan	11	18	633362	0	0	0	nan	0	0	0	0	0	0	nan	0	0	0	nan	nan	nan	nan	nan	nan
69	a	0	633362	0	nan	11	18	633362	0	0	0	nan	0	0	0	0	0	0	nan	0	0	0	nan	nan	nan	nan	nan	nan
70	u	0	633362	0	nan	11	18	633362	0	0	0	nan	0	0	0	0	0	0	nan	0	0	0	nan	nan	nan	nan	nan	nan
71	g	0	633362	0	nan	11	18	633362	0	0	0	nan	0	0	0	0	0	0	nan	0	0	0	nan	nan	nan	nan	nan	nan
72	a	0	633362	0	nan	11	18	633362	0	0	0	nan	0	0	0	0	0	0	nan	0	0	0	nan	nan	nan	nan	nan	nan
73	a	0	633360	0	nan	11	18	633360	0	0	0	nan	0	0	0	0	0	0	nan	0	0	0	nan	nan	nan	nan	nan	nan
74	g	0	633360	0	nan	11	18	633360	0	0	0	nan	0	0	0	0	0	0	nan	0	0	0	nan	nan	nan	nan	nan	nan
75	g	0	633356	0	nan	11	18	633356	0	0	0	nan	0	0	0	0	0	0	nan	0	0	0	nan	nan	nan	nan	nan	nan
76	u	0	633336	0	nan	11	18	633336	0	0	0	nan	0	0	0	0	0	0	nan	0	0	0	nan	nan	nan	nan	nan	nan
77	g	0	633329	0	nan	10	18	633329	0	0	0	nan	0	0	0	0	0	0	nan	0	0	0	nan	nan	nan	nan	nan	nan
78	a	0	633318	0	nan	10	18	633318	0	0	0	nan	0	0	0	0	0	0	nan	0	0	0	nan	nan	nan	nan	nan	nan
79	a	0	633230	0	nan	10	18	633230	0	0	0	nan	0	0	0	0	0	0	nan	0	0	0	nan	nan	nan	nan	nan	nan
80	g	0	632913	0	nan	10	18	632913	0	0	0	nan	0	0	0	0	0	0	nan	0	0	0	nan	nan	nan	nan	nan	nan