Nucleotide	Sequence	Modified_mutations	Modified_read_depth	Modified_effective_depth	Modified_rate	Modified_off_target_mapped_depth	Modified_low_mapq_mapped_depth	Modified_primer_pair_1_mapped_depth	Untreated_mutations	Untreated_read_depth	Untreated_effective_depth	Untreated_rate	Untreated_off_target_mapped_depth	Untreated_low_mapq_mapped_depth	Untreated_primer_pair_1_mapped_depth	Denatured_mutations	Denatured_read_depth	Denatured_effective_depth	Denatured_rate	Denatured_off_target_mapped_depth	Denatured_low_mapq_mapped_depth	Denatured_primer_pair_1_mapped_depth	Reactivity_profile	Std_err	HQ_profile	HQ_stderr	Norm_profile	Norm_stderr
1	g	0	394025	0	nan	0	9	394025	0	0	0	nan	0	0	0	0	0	0	nan	0	0	0	nan	nan	nan	nan	nan	nan
2	g	0	394261	0	nan	0	9	394261	0	0	0	nan	0	0	0	0	0	0	nan	0	0	0	nan	nan	nan	nan	nan	nan
3	u	0	394375	0	nan	0	9	394375	0	0	0	nan	0	0	0	0	0	0	nan	0	0	0	nan	nan	nan	nan	nan	nan
4	g	0	394404	0	nan	0	9	394404	0	0	0	nan	0	0	0	0	0	0	nan	0	0	0	nan	nan	nan	nan	nan	nan
5	u	0	394455	0	nan	0	9	394455	0	0	0	nan	0	0	0	0	0	0	nan	0	0	0	nan	nan	nan	nan	nan	nan
6	a	0	394460	0	nan	0	9	394460	0	0	0	nan	0	0	0	0	0	0	nan	0	0	0	nan	nan	nan	nan	nan	nan
7	a	0	394472	0	nan	0	9	394472	0	0	0	nan	0	0	0	0	0	0	nan	0	0	0	nan	nan	nan	nan	nan	nan
8	g	0	394512	0	nan	0	9	394512	0	0	0	nan	0	0	0	0	0	0	nan	0	0	0	nan	nan	nan	nan	nan	nan
9	g	0	395049	0	nan	0	9	395049	0	0	0	nan	0	0	0	0	0	0	nan	0	0	0	nan	nan	nan	nan	nan	nan
10	g	0	470106	0	nan	0	9	470106	0	0	0	nan	0	0	0	0	0	0	nan	0	0	0	nan	nan	nan	nan	nan	nan
11	u	0	470821	0	nan	0	9	470821	0	0	0	nan	0	0	0	0	0	0	nan	0	0	0	nan	nan	nan	nan	nan	nan
12	g	0	471134	0	nan	0	9	471134	0	0	0	nan	0	0	0	0	0	0	nan	0	0	0	nan	nan	nan	nan	nan	nan
13	a	0	471163	0	nan	0	9	471163	0	0	0	nan	0	0	0	0	0	0	nan	0	0	0	nan	nan	nan	nan	nan	nan
14	a	0	471168	0	nan	0	9	471168	0	0	0	nan	0	0	0	0	0	0	nan	0	0	0	nan	nan	nan	nan	nan	nan
15	g	0	471169	0	nan	1	9	471169	0	0	0	nan	0	0	0	0	0	0	nan	0	0	0	nan	nan	nan	nan	nan	nan
16	u	0	471189	0	nan	1	9	471189	0	0	0	nan	0	0	0	0	0	0	nan	0	0	0	nan	nan	nan	nan	nan	nan
17	g	0	471221	0	nan	1	9	471221	0	0	0	nan	0	0	0	0	0	0	nan	0	0	0	nan	nan	nan	nan	nan	nan
18	u	0	471317	0	nan	1	9	471317	0	0	0	nan	0	0	0	0	0	0	nan	0	0	0	nan	nan	nan	nan	nan	nan
19	a	0	471439	0	nan	1	9	471439	0	0	0	nan	0	0	0	0	0	0	nan	0	0	0	nan	nan	nan	nan	nan	nan
20	A	0	471683	239	0.000000	1	9	471683	0	0	0	nan	0	0	0	0	0	0	nan	0	0	0	0.000000	0.000000	nan	nan	nan	nan
21	G	0	471945	491	0.000000	2	9	471945	0	0	0	nan	0	0	0	0	0	0	nan	0	0	0	0.000000	0.000000	nan	nan	nan	nan
22	G	0	472134	667	0.000000	2	9	472134	0	0	0	nan	0	0	0	0	0	0	nan	0	0	0	0.000000	0.000000	nan	nan	nan	nan
23	U	0	472161	471080	0.000000	2	9	472161	0	0	0	nan	0	0	0	0	0	0	nan	0	0	0	0.000000	0.000000	0.000000	0.000000	nan	nan
24	U	570	472164	471132	0.001210	2	9	472164	0	0	0	nan	0	0	0	0	0	0	nan	0	0	0	0.001210	0.000051	0.001210	0.000051	nan	nan
25	G	495	472164	470442	0.001052	2	9	472164	0	0	0	nan	0	0	0	0	0	0	nan	0	0	0	0.001052	0.000047	0.001052	0.000047	nan	nan
26	A	637	472164	463281	0.001375	2	9	472164	0	0	0	nan	0	0	0	0	0	0	nan	0	0	0	0.001375	0.000054	0.001375	0.000054	0.379625	0.014909
27	C	2227	472165	463027	0.004810	2	9	472165	0	0	0	nan	0	0	0	0	0	0	nan	0	0	0	0.004810	0.000102	0.004810	0.000102	1.218261	0.025834
28	C	336	472169	462728	0.000726	2	9	472169	0	0	0	nan	0	0	0	0	0	0	nan	0	0	0	0.000726	0.000040	0.000726	0.000040	0.183879	0.010131
29	U	379	472180	469715	0.000807	2	9	472180	0	0	0	nan	0	0	0	0	0	0	nan	0	0	0	0.000807	0.000041	0.000807	0.000041	nan	nan
30	U	568	472196	470266	0.001208	2	9	472196	0	0	0	nan	0	0	0	0	0	0	nan	0	0	0	0.001208	0.000051	0.001208	0.000051	nan	nan
31	U	715	472226	470844	0.001519	3	9	472225	0	0	0	nan	0	0	0	0	0	0	nan	0	0	0	0.001519	0.000057	0.001519	0.000057	nan	nan
32	U	477	472293	471235	0.001012	3	9	472291	0	0	0	nan	0	0	0	0	0	0	nan	0	0	0	0.001012	0.000046	0.001012	0.000046	nan	nan
33	G	240	472366	469703	0.000511	3	9	472362	0	0	0	nan	0	0	0	0	0	0	nan	0	0	0	0.000511	0.000033	0.000511	0.000033	nan	nan
34	A	1706	472419	471018	0.003622	3	9	472415	0	0	0	nan	0	0	0	0	0	0	nan	0	0	0	0.003622	0.000088	0.003622	0.000088	1.000000	0.024296
35	A	1462	472422	470629	0.003106	3	9	472417	0	0	0	nan	0	0	0	0	0	0	nan	0	0	0	0.003106	0.000081	0.003106	0.000081	0.857537	0.022363
36	U	310	472422	468916	0.000661	3	9	472413	0	0	0	nan	0	0	0	0	0	0	nan	0	0	0	0.000661	0.000038	0.000661	0.000038	nan	nan
37	A	28115	472427	468650	0.059991	3	9	472418	0	0	0	nan	0	0	0	0	0	0	nan	0	0	0	0.059991	0.000358	0.059991	0.000358	16.562949	0.098840
38	G	533	472432	465659	0.001145	3	9	472425	0	0	0	nan	0	0	0	0	0	0	nan	0	0	0	0.001145	0.000050	0.001145	0.000050	nan	nan
39	U	839	472433	470639	0.001783	3	9	472428	0	0	0	nan	0	0	0	0	0	0	nan	0	0	0	0.001783	0.000062	0.001783	0.000062	nan	nan
40	G	736	472441	469435	0.001568	3	9	472437	0	0	0	nan	0	0	0	0	0	0	nan	0	0	0	0.001568	0.000058	0.001568	0.000058	nan	nan
41	A	5701	472446	470737	0.012111	3	9	472441	0	0	0	nan	0	0	0	0	0	0	nan	0	0	0	0.012111	0.000160	0.012111	0.000160	3.343733	0.044174
42	U	875	472458	470575	0.001859	3	9	472452	0	0	0	nan	0	0	0	0	0	0	nan	0	0	0	0.001859	0.000063	0.001859	0.000063	nan	nan
43	U	645	472463	470851	0.001370	3	9	472457	0	0	0	nan	0	0	0	0	0	0	nan	0	0	0	0.001370	0.000054	0.001370	0.000054	nan	nan
44	C	642	472467	470908	0.001363	3	9	472461	0	0	0	nan	0	0	0	0	0	0	nan	0	0	0	0.001363	0.000054	0.001363	0.000054	0.345216	0.013677
45	A	1402	472475	471209	0.002975	3	9	472471	0	0	0	nan	0	0	0	0	0	0	nan	0	0	0	0.002975	0.000079	0.002975	0.000079	0.821369	0.021811
46	G	375	472495	470573	0.000797	3	9	472491	0	0	0	nan	0	0	0	0	0	0	nan	0	0	0	0.000797	0.000041	0.000797	0.000041	nan	nan
47	G	314	472499	470852	0.000667	3	9	472495	0	0	0	nan	0	0	0	0	0	0	nan	0	0	0	0.000667	0.000038	0.000667	0.000038	nan	nan
48	A	662	472499	471514	0.001404	3	9	472496	0	0	0	nan	0	0	0	0	0	0	nan	0	0	0	0.001404	0.000055	0.001404	0.000055	0.387631	0.015185
49	G	401	472512	470211	0.000853	3	9	472511	0	0	0	nan	0	0	0	0	0	0	nan	0	0	0	0.000853	0.000043	0.000853	0.000043	nan	nan
50	G	462	472514	469204	0.000985	4	9	472514	0	0	0	nan	0	0	0	0	0	0	nan	0	0	0	0.000985	0.000046	0.000985	0.000046	nan	nan
51	U	581	472516	471217	0.001233	4	9	472516	0	0	0	nan	0	0	0	0	0	0	nan	0	0	0	0.001233	0.000051	0.001233	0.000051	nan	nan
52	U	592	472517	471120	0.001257	5	9	472517	0	0	0	nan	0	0	0	0	0	0	nan	0	0	0	0.001257	0.000052	0.001257	0.000052	nan	nan
53	A	1170	472517	470992	0.002484	5	9	472517	0	0	0	nan	0	0	0	0	0	0	nan	0	0	0	0.002484	0.000073	0.002484	0.000073	0.685809	0.020155
54	A	1492	472390	470410	0.003172	5	9	472387	0	0	0	nan	0	0	0	0	0	0	nan	0	0	0	0.003172	0.000082	0.003172	0.000082	0.875759	0.022639
55	U	615	472389	470322	0.001308	5	9	472386	0	0	0	nan	0	0	0	0	0	0	nan	0	0	0	0.001308	0.000053	0.001308	0.000053	nan	nan
56	G	394	472390	470167	0.000838	5	9	472389	0	0	0	nan	0	0	0	0	0	0	nan	0	0	0	0.000838	0.000042	0.000838	0.000042	nan	nan
57	G	0	472390	470928	0.000000	5	9	472389	0	0	0	nan	0	0	0	0	0	0	nan	0	0	0	0.000000	0.000000	0.000000	0.000000	nan	nan
58	A	0	472391	0	nan	5	9	472391	0	0	0	nan	0	0	0	0	0	0	nan	0	0	0	nan	nan	nan	nan	nan	nan
59	A	0	472391	0	nan	5	9	472391	0	0	0	nan	0	0	0	0	0	0	nan	0	0	0	nan	nan	nan	nan	nan	nan
60	G	0	472391	0	nan	5	9	472391	0	0	0	nan	0	0	0	0	0	0	nan	0	0	0	nan	nan	nan	nan	nan	nan
61	u	0	472391	0	nan	5	9	472391	0	0	0	nan	0	0	0	0	0	0	nan	0	0	0	nan	nan	nan	nan	nan	nan
62	a	0	472391	0	nan	5	9	472391	0	0	0	nan	0	0	0	0	0	0	nan	0	0	0	nan	nan	nan	nan	nan	nan
63	a	0	472391	0	nan	5	9	472391	0	0	0	nan	0	0	0	0	0	0	nan	0	0	0	nan	nan	nan	nan	nan	nan
64	a	0	472391	0	nan	5	9	472391	0	0	0	nan	0	0	0	0	0	0	nan	0	0	0	nan	nan	nan	nan	nan	nan
65	g	0	472391	0	nan	5	9	472391	0	0	0	nan	0	0	0	0	0	0	nan	0	0	0	nan	nan	nan	nan	nan	nan
66	g	0	472391	0	nan	5	9	472391	0	0	0	nan	0	0	0	0	0	0	nan	0	0	0	nan	nan	nan	nan	nan	nan
67	u	0	472391	0	nan	5	9	472391	0	0	0	nan	0	0	0	0	0	0	nan	0	0	0	nan	nan	nan	nan	nan	nan
68	a	0	472391	0	nan	5	9	472391	0	0	0	nan	0	0	0	0	0	0	nan	0	0	0	nan	nan	nan	nan	nan	nan
69	a	0	472391	0	nan	5	9	472391	0	0	0	nan	0	0	0	0	0	0	nan	0	0	0	nan	nan	nan	nan	nan	nan
70	u	0	472391	0	nan	5	9	472391	0	0	0	nan	0	0	0	0	0	0	nan	0	0	0	nan	nan	nan	nan	nan	nan
71	g	0	472391	0	nan	5	9	472391	0	0	0	nan	0	0	0	0	0	0	nan	0	0	0	nan	nan	nan	nan	nan	nan
72	a	0	472391	0	nan	5	9	472391	0	0	0	nan	0	0	0	0	0	0	nan	0	0	0	nan	nan	nan	nan	nan	nan
73	a	0	472391	0	nan	5	9	472391	0	0	0	nan	0	0	0	0	0	0	nan	0	0	0	nan	nan	nan	nan	nan	nan
74	g	0	472390	0	nan	5	9	472390	0	0	0	nan	0	0	0	0	0	0	nan	0	0	0	nan	nan	nan	nan	nan	nan
75	g	0	472388	0	nan	5	9	472388	0	0	0	nan	0	0	0	0	0	0	nan	0	0	0	nan	nan	nan	nan	nan	nan
76	u	0	472373	0	nan	5	9	472373	0	0	0	nan	0	0	0	0	0	0	nan	0	0	0	nan	nan	nan	nan	nan	nan
77	g	0	472361	0	nan	5	9	472361	0	0	0	nan	0	0	0	0	0	0	nan	0	0	0	nan	nan	nan	nan	nan	nan
78	a	0	472352	0	nan	5	9	472352	0	0	0	nan	0	0	0	0	0	0	nan	0	0	0	nan	nan	nan	nan	nan	nan
79	a	0	472278	0	nan	5	9	472278	0	0	0	nan	0	0	0	0	0	0	nan	0	0	0	nan	nan	nan	nan	nan	nan
80	g	0	472042	0	nan	5	9	472042	0	0	0	nan	0	0	0	0	0	0	nan	0	0	0	nan	nan	nan	nan	nan	nan