Nucleotide	Sequence	Modified_mutations	Modified_read_depth	Modified_effective_depth	Modified_rate	Modified_off_target_mapped_depth	Modified_low_mapq_mapped_depth	Modified_primer_pair_1_mapped_depth	Untreated_mutations	Untreated_read_depth	Untreated_effective_depth	Untreated_rate	Untreated_off_target_mapped_depth	Untreated_low_mapq_mapped_depth	Untreated_primer_pair_1_mapped_depth	Denatured_mutations	Denatured_read_depth	Denatured_effective_depth	Denatured_rate	Denatured_off_target_mapped_depth	Denatured_low_mapq_mapped_depth	Denatured_primer_pair_1_mapped_depth	Reactivity_profile	Std_err	HQ_profile	HQ_stderr	Norm_profile	Norm_stderr
1	g	0	151462	0	nan	14	0	151462	0	0	0	nan	0	0	0	0	0	0	nan	0	0	0	nan	nan	nan	nan	nan	nan
2	g	0	162752	0	nan	55	0	162752	0	0	0	nan	0	0	0	0	0	0	nan	0	0	0	nan	nan	nan	nan	nan	nan
3	c	0	163056	0	nan	55	0	163056	0	0	0	nan	0	0	0	0	0	0	nan	0	0	0	nan	nan	nan	nan	nan	nan
4	a	0	163132	0	nan	55	0	163132	0	0	0	nan	0	0	0	0	0	0	nan	0	0	0	nan	nan	nan	nan	nan	nan
5	c	0	163150	0	nan	55	0	163150	0	0	0	nan	0	0	0	0	0	0	nan	0	0	0	nan	nan	nan	nan	nan	nan
6	c	0	163157	0	nan	55	0	163157	0	0	0	nan	0	0	0	0	0	0	nan	0	0	0	nan	nan	nan	nan	nan	nan
7	u	0	163157	0	nan	55	0	163157	0	0	0	nan	0	0	0	0	0	0	nan	0	0	0	nan	nan	nan	nan	nan	nan
8	c	0	163167	0	nan	55	0	163167	0	0	0	nan	0	0	0	0	0	0	nan	0	0	0	nan	nan	nan	nan	nan	nan
9	a	0	163182	0	nan	55	0	163182	0	0	0	nan	0	0	0	0	0	0	nan	0	0	0	nan	nan	nan	nan	nan	nan
10	u	0	163195	0	nan	55	0	163195	0	0	0	nan	0	0	0	0	0	0	nan	0	0	0	nan	nan	nan	nan	nan	nan
11	a	0	163221	0	nan	55	0	163221	0	0	0	nan	0	0	0	0	0	0	nan	0	0	0	nan	nan	nan	nan	nan	nan
12	a	0	163240	0	nan	55	0	163240	0	0	0	nan	0	0	0	0	0	0	nan	0	0	0	nan	nan	nan	nan	nan	nan
13	c	0	163240	0	nan	55	0	163240	0	0	0	nan	0	0	0	0	0	0	nan	0	0	0	nan	nan	nan	nan	nan	nan
14	a	0	163241	0	nan	55	0	163241	0	0	0	nan	0	0	0	0	0	0	nan	0	0	0	nan	nan	nan	nan	nan	nan
15	u	0	163249	0	nan	55	0	163249	0	0	0	nan	0	0	0	0	0	0	nan	0	0	0	nan	nan	nan	nan	nan	nan
16	a	0	163250	0	nan	55	0	163250	0	0	0	nan	0	0	0	0	0	0	nan	0	0	0	nan	nan	nan	nan	nan	nan
17	a	0	163250	0	nan	55	0	163250	0	0	0	nan	0	0	0	0	0	0	nan	0	0	0	nan	nan	nan	nan	nan	nan
18	c	0	163259	0	nan	55	0	163259	0	0	0	nan	0	0	0	0	0	0	nan	0	0	0	nan	nan	nan	nan	nan	nan
19	U	0	163260	1	0.000000	55	0	163260	0	0	0	nan	0	0	0	0	0	0	nan	0	0	0	0.000000	0.000000	nan	nan	nan	nan
20	A	0	163272	10	0.000000	55	0	163272	0	0	0	nan	0	0	0	0	0	0	nan	0	0	0	0.000000	0.000000	nan	nan	nan	nan
21	A	0	163293	20	0.000000	55	0	163293	0	0	0	nan	0	0	0	0	0	0	nan	0	0	0	0.000000	0.000000	nan	nan	nan	nan
22	G	0	163300	160562	0.000000	55	0	163300	0	0	0	nan	0	0	0	0	0	0	nan	0	0	0	0.000000	0.000000	0.000000	0.000000	nan	nan
23	G	159	163303	158557	0.001003	55	0	163303	0	0	0	nan	0	0	0	0	0	0	nan	0	0	0	0.001003	0.000080	0.001003	0.000080	nan	nan
24	C	1781	163319	160260	0.011113	55	0	163319	0	0	0	nan	0	0	0	0	0	0	nan	0	0	0	0.011113	0.000263	0.011113	0.000263	0.880098	0.020828
25	A	943	163367	161807	0.005828	55	0	163367	0	0	0	nan	0	0	0	0	0	0	nan	0	0	0	0.005828	0.000190	0.005828	0.000190	0.795631	0.025939
26	G	80	163379	161795	0.000494	55	0	163379	0	0	0	nan	0	0	0	0	0	0	nan	0	0	0	0.000494	0.000055	0.000494	0.000055	nan	nan
27	A	1143	163385	162229	0.007046	55	0	163385	0	0	0	nan	0	0	0	0	0	0	nan	0	0	0	0.007046	0.000208	0.007046	0.000208	0.961911	0.028396
28	U	1019	163395	161703	0.006302	55	0	163393	0	0	0	nan	0	0	0	0	0	0	nan	0	0	0	0.006302	0.000197	0.006302	0.000197	1.130404	0.035336
29	C	1908	163400	161751	0.011796	55	0	163396	0	0	0	nan	0	0	0	0	0	0	nan	0	0	0	0.011796	0.000270	0.011796	0.000270	0.934189	0.021383
30	U	638	163403	161743	0.003945	55	0	163399	0	0	0	nan	0	0	0	0	0	0	nan	0	0	0	0.003945	0.000156	0.003945	0.000156	0.707623	0.027982
31	G	104	163408	161469	0.000644	55	0	163398	0	0	0	nan	0	0	0	0	0	0	nan	0	0	0	0.000644	0.000063	0.000644	0.000063	nan	nan
32	A	1321	163408	161847	0.008162	55	0	163396	0	0	0	nan	0	0	0	0	0	0	nan	0	0	0	0.008162	0.000225	0.008162	0.000225	1.114266	0.030717
33	G	143	163410	159755	0.000895	55	0	163390	0	0	0	nan	0	0	0	0	0	0	nan	0	0	0	0.000895	0.000075	0.000895	0.000075	nan	nan
34	C	1921	163413	159154	0.012070	39	0	163378	0	0	0	nan	0	0	0	0	0	0	nan	0	0	0	0.012070	0.000275	0.012070	0.000275	0.955888	0.021779
35	U	986	163427	158780	0.006210	39	0	163380	0	0	0	nan	0	0	0	0	0	0	nan	0	0	0	0.006210	0.000198	0.006210	0.000198	1.113901	0.035516
36	U	784	163428	158694	0.004940	39	0	163365	0	0	0	nan	0	0	0	0	0	0	nan	0	0	0	0.004940	0.000176	0.004940	0.000176	0.886099	0.031570
37	C	2012	163441	159345	0.012627	39	0	163305	0	0	0	nan	0	0	0	0	0	0	nan	0	0	0	0.012627	0.000281	0.012627	0.000281	1.000000	0.022254
38	G	95	163468	159130	0.000597	39	0	163338	0	0	0	nan	0	0	0	0	0	0	nan	0	0	0	0.000597	0.000061	0.000597	0.000061	nan	nan
39	G	138	163694	160336	0.000861	38	0	163631	0	0	0	nan	0	0	0	0	0	0	nan	0	0	0	0.000861	0.000073	0.000861	0.000073	nan	nan
40	C	1242	163804	162657	0.007636	30	0	163796	0	0	0	nan	0	0	0	0	0	0	nan	0	0	0	0.007636	0.000217	0.007636	0.000217	0.604736	0.017185
41	U	537	163816	162721	0.003300	29	0	163813	0	0	0	nan	0	0	0	0	0	0	nan	0	0	0	0.003300	0.000142	0.003300	0.000142	0.591928	0.025471
42	C	1430	163818	162879	0.008780	25	0	163816	0	0	0	nan	0	0	0	0	0	0	nan	0	0	0	0.008780	0.000232	0.008780	0.000232	0.695335	0.018373
43	U	784	163819	162924	0.004812	25	0	163817	0	0	0	nan	0	0	0	0	0	0	nan	0	0	0	0.004812	0.000172	0.004812	0.000172	0.863139	0.030852
44	C	1787	163822	163017	0.010962	24	0	163820	0	0	0	nan	0	0	0	0	0	0	nan	0	0	0	0.010962	0.000259	0.010962	0.000259	0.868140	0.020512
45	U	538	163823	162936	0.003302	24	0	163820	0	0	0	nan	0	0	0	0	0	0	nan	0	0	0	0.003302	0.000142	0.003302	0.000142	0.592287	0.025471
46	G	147	163821	161437	0.000911	24	0	163812	0	0	0	nan	0	0	0	0	0	0	nan	0	0	0	0.000911	0.000075	0.000911	0.000075	nan	nan
47	C	2210	163821	162243	0.013622	24	0	163812	0	0	0	nan	0	0	0	0	0	0	nan	0	0	0	0.013622	0.000290	0.013622	0.000290	1.078799	0.022967
48	C	2255	163822	162369	0.013888	24	0	163815	0	0	0	nan	0	0	0	0	0	0	nan	0	0	0	0.013888	0.000292	0.013888	0.000292	1.099865	0.023125
49	A	926	163824	162670	0.005693	24	0	163822	0	0	0	nan	0	0	0	0	0	0	nan	0	0	0	0.005693	0.000187	0.005693	0.000187	0.777201	0.025529
50	A	0	163824	163076	0.000000	24	0	163824	0	0	0	nan	0	0	0	0	0	0	nan	0	0	0	0.000000	0.000000	0.000000	0.000000	0.000000	0.000000
51	U	0	163824	124	0.000000	14	0	163824	0	0	0	nan	0	0	0	0	0	0	nan	0	0	0	0.000000	0.000000	nan	nan	nan	nan
52	C	0	163824	118	0.000000	13	0	163824	0	0	0	nan	0	0	0	0	0	0	nan	0	0	0	0.000000	0.000000	nan	nan	nan	nan
53	C	0	163817	117	0.000000	12	0	163817	0	0	0	nan	0	0	0	0	0	0	nan	0	0	0	0.000000	0.000000	nan	nan	nan	nan
54	a	0	163671	0	nan	12	0	163671	0	0	0	nan	0	0	0	0	0	0	nan	0	0	0	nan	nan	nan	nan	nan	nan
55	c	0	163668	0	nan	12	0	163668	0	0	0	nan	0	0	0	0	0	0	nan	0	0	0	nan	nan	nan	nan	nan	nan
56	u	0	163664	0	nan	12	0	163664	0	0	0	nan	0	0	0	0	0	0	nan	0	0	0	nan	nan	nan	nan	nan	nan
57	a	0	163662	0	nan	12	0	163662	0	0	0	nan	0	0	0	0	0	0	nan	0	0	0	nan	nan	nan	nan	nan	nan
58	a	0	163662	0	nan	12	0	163662	0	0	0	nan	0	0	0	0	0	0	nan	0	0	0	nan	nan	nan	nan	nan	nan
59	c	0	163662	0	nan	4	0	163662	0	0	0	nan	0	0	0	0	0	0	nan	0	0	0	nan	nan	nan	nan	nan	nan
60	c	0	163662	0	nan	3	0	163662	0	0	0	nan	0	0	0	0	0	0	nan	0	0	0	nan	nan	nan	nan	nan	nan
61	u	0	163662	0	nan	0	0	163662	0	0	0	nan	0	0	0	0	0	0	nan	0	0	0	nan	nan	nan	nan	nan	nan
62	c	0	163662	0	nan	0	0	163662	0	0	0	nan	0	0	0	0	0	0	nan	0	0	0	nan	nan	nan	nan	nan	nan
63	a	0	163662	0	nan	0	0	163662	0	0	0	nan	0	0	0	0	0	0	nan	0	0	0	nan	nan	nan	nan	nan	nan
64	c	0	163662	0	nan	0	0	163662	0	0	0	nan	0	0	0	0	0	0	nan	0	0	0	nan	nan	nan	nan	nan	nan
65	u	0	163661	0	nan	0	0	163661	0	0	0	nan	0	0	0	0	0	0	nan	0	0	0	nan	nan	nan	nan	nan	nan
66	c	0	163659	0	nan	0	0	163659	0	0	0	nan	0	0	0	0	0	0	nan	0	0	0	nan	nan	nan	nan	nan	nan
67	a	0	163657	0	nan	0	0	163657	0	0	0	nan	0	0	0	0	0	0	nan	0	0	0	nan	nan	nan	nan	nan	nan
68	c	0	163652	0	nan	0	0	163652	0	0	0	nan	0	0	0	0	0	0	nan	0	0	0	nan	nan	nan	nan	nan	nan
69	a	0	163648	0	nan	0	0	163648	0	0	0	nan	0	0	0	0	0	0	nan	0	0	0	nan	nan	nan	nan	nan	nan
70	a	0	163609	0	nan	0	0	163609	0	0	0	nan	0	0	0	0	0	0	nan	0	0	0	nan	nan	nan	nan	nan	nan
71	u	0	163536	0	nan	0	0	163536	0	0	0	nan	0	0	0	0	0	0	nan	0	0	0	nan	nan	nan	nan	nan	nan
72	c	0	163316	0	nan	0	0	163316	0	0	0	nan	0	0	0	0	0	0	nan	0	0	0	nan	nan	nan	nan	nan	nan