Nucleotide	Sequence	Modified_mutations	Modified_read_depth	Modified_effective_depth	Modified_rate	Modified_off_target_mapped_depth	Modified_low_mapq_mapped_depth	Modified_primer_pair_1_mapped_depth	Untreated_mutations	Untreated_read_depth	Untreated_effective_depth	Untreated_rate	Untreated_off_target_mapped_depth	Untreated_low_mapq_mapped_depth	Untreated_primer_pair_1_mapped_depth	Denatured_mutations	Denatured_read_depth	Denatured_effective_depth	Denatured_rate	Denatured_off_target_mapped_depth	Denatured_low_mapq_mapped_depth	Denatured_primer_pair_1_mapped_depth	Reactivity_profile	Std_err	HQ_profile	HQ_stderr	Norm_profile	Norm_stderr
1	g	0	3933558	0	nan	20	304	3933558	0	0	0	nan	0	0	0	0	0	0	nan	0	0	0	nan	nan	nan	nan	nan	nan
2	g	0	4017915	0	nan	21	306	4017915	0	0	0	nan	0	0	0	0	0	0	nan	0	0	0	nan	nan	nan	nan	nan	nan
3	u	0	4048314	0	nan	21	308	4048314	0	0	0	nan	0	0	0	0	0	0	nan	0	0	0	nan	nan	nan	nan	nan	nan
4	g	0	4057763	0	nan	21	315	4057763	0	0	0	nan	0	0	0	0	0	0	nan	0	0	0	nan	nan	nan	nan	nan	nan
5	u	0	4063447	0	nan	21	319	4063447	0	0	0	nan	0	0	0	0	0	0	nan	0	0	0	nan	nan	nan	nan	nan	nan
6	a	0	4070147	0	nan	21	324	4070147	0	0	0	nan	0	0	0	0	0	0	nan	0	0	0	nan	nan	nan	nan	nan	nan
7	a	0	4073016	0	nan	21	324	4073016	0	0	0	nan	0	0	0	0	0	0	nan	0	0	0	nan	nan	nan	nan	nan	nan
8	g	0	4074445	0	nan	21	324	4074445	0	0	0	nan	0	0	0	0	0	0	nan	0	0	0	nan	nan	nan	nan	nan	nan
9	g	0	4076435	0	nan	21	324	4076435	0	0	0	nan	0	0	0	0	0	0	nan	0	0	0	nan	nan	nan	nan	nan	nan
10	g	0	4079456	0	nan	21	333	4079456	0	0	0	nan	0	0	0	0	0	0	nan	0	0	0	nan	nan	nan	nan	nan	nan
11	u	0	4085394	0	nan	21	335	4085394	0	0	0	nan	0	0	0	0	0	0	nan	0	0	0	nan	nan	nan	nan	nan	nan
12	g	0	4101754	0	nan	134	346	4101754	0	0	0	nan	0	0	0	0	0	0	nan	0	0	0	nan	nan	nan	nan	nan	nan
13	a	0	4124894	0	nan	146	350	4124894	0	0	0	nan	0	0	0	0	0	0	nan	0	0	0	nan	nan	nan	nan	nan	nan
14	a	0	4151553	0	nan	186	351	4151553	0	0	0	nan	0	0	0	0	0	0	nan	0	0	0	nan	nan	nan	nan	nan	nan
15	g	0	4171805	0	nan	325	352	4171805	0	0	0	nan	0	0	0	0	0	0	nan	0	0	0	nan	nan	nan	nan	nan	nan
16	u	0	4190600	0	nan	328	352	4190600	0	0	0	nan	0	0	0	0	0	0	nan	0	0	0	nan	nan	nan	nan	nan	nan
17	g	0	4199948	0	nan	332	355	4199948	0	0	0	nan	0	0	0	0	0	0	nan	0	0	0	nan	nan	nan	nan	nan	nan
18	u	0	4205691	0	nan	337	357	4205691	0	0	0	nan	0	0	0	0	0	0	nan	0	0	0	nan	nan	nan	nan	nan	nan
19	a	0	4210035	0	nan	337	362	4210035	0	0	0	nan	0	0	0	0	0	0	nan	0	0	0	nan	nan	nan	nan	nan	nan
20	A	0	4212370	570	0.000000	337	362	4212370	0	0	0	nan	0	0	0	0	0	0	nan	0	0	0	0.000000	0.000000	nan	nan	nan	nan
21	G	0	4213682	659	0.000000	337	362	4213682	0	0	0	nan	0	0	0	0	0	0	nan	0	0	0	0.000000	0.000000	nan	nan	nan	nan
22	G	0	4215726	1359	0.000000	337	362	4215726	0	0	0	nan	0	0	0	0	0	0	nan	0	0	0	0.000000	0.000000	nan	nan	nan	nan
23	U	0	4218946	3454713	0.000000	338	362	4218946	0	0	0	nan	0	0	0	0	0	0	nan	0	0	0	0.000000	0.000000	0.000000	0.000000	0.000000	0.000000
24	U	17970	4220318	3441411	0.005222	338	362	4220318	0	0	0	nan	0	0	0	0	0	0	nan	0	0	0	0.005222	0.000039	0.005222	0.000039	1.000000	0.007468
25	G	4529	4228247	3454868	0.001311	338	362	4228247	0	0	0	nan	0	0	0	0	0	0	nan	0	0	0	0.001311	0.000019	0.001311	0.000019	0.511111	0.007407
26	A	9054	4255363	3690930	0.002453	338	362	4255348	0	0	0	nan	0	0	0	0	0	0	nan	0	0	0	0.002453	0.000026	0.002453	0.000026	0.764174	0.008100
27	C	21952	4262664	3623462	0.006058	338	362	4262630	0	0	0	nan	0	0	0	0	0	0	nan	0	0	0	0.006058	0.000041	0.006058	0.000041	0.808110	0.005469
28	C	31246	4263675	3496949	0.008935	338	362	4263578	0	0	0	nan	0	0	0	0	0	0	nan	0	0	0	0.008935	0.000051	0.008935	0.000051	1.191890	0.006803
29	U	8755	4267533	3400560	0.002575	338	362	4267423	0	0	0	nan	0	0	0	0	0	0	nan	0	0	0	0.002575	0.000028	0.002575	0.000028	0.493106	0.005362
30	U	5047	4272561	3445909	0.001465	339	362	4272437	0	0	0	nan	0	0	0	0	0	0	nan	0	0	0	0.001465	0.000021	0.001465	0.000021	0.280544	0.004021
31	U	4210	4279115	3443903	0.001222	339	362	4278968	0	0	0	nan	0	0	0	0	0	0	nan	0	0	0	0.001222	0.000019	0.001222	0.000019	0.234010	0.003638
32	U	17171	4284824	3604949	0.004763	340	362	4284663	0	0	0	nan	0	0	0	0	0	0	nan	0	0	0	0.004763	0.000036	0.004763	0.000036	0.912103	0.006894
33	G	1548	4335812	3707915	0.000417	345	362	4335633	0	0	0	nan	0	0	0	0	0	0	nan	0	0	0	0.000417	0.000011	0.000417	0.000011	0.162573	0.004288
34	A	10419	4367404	4063432	0.002564	345	362	4367259	0	0	0	nan	0	0	0	0	0	0	nan	0	0	0	0.002564	0.000025	0.002564	0.000025	0.798754	0.007788
35	A	12878	4378337	4011577	0.003210	345	362	4378199	0	0	0	nan	0	0	0	0	0	0	nan	0	0	0	0.003210	0.000028	0.003210	0.000028	1.000000	0.008723
36	U	2378	4379850	3976077	0.000598	345	362	4379717	0	0	0	nan	0	0	0	0	0	0	nan	0	0	0	0.000598	0.000012	0.000598	0.000012	0.114516	0.002298
37	A	190845	4382116	3751539	0.050871	345	362	4381962	0	0	0	nan	0	0	0	0	0	0	nan	0	0	0	0.050871	0.000116	0.050871	0.000116	15.847664	0.036137
38	G	6925	4383693	3676695	0.001883	349	362	4383539	0	0	0	nan	0	0	0	0	0	0	nan	0	0	0	0.001883	0.000023	0.001883	0.000023	0.734113	0.008967
39	U	5954	4385086	3656176	0.001628	349	362	4384928	0	0	0	nan	0	0	0	0	0	0	nan	0	0	0	0.001628	0.000021	0.001628	0.000021	0.311758	0.004021
40	G	5699	4387641	3748293	0.001520	349	362	4387478	0	0	0	nan	0	0	0	0	0	0	nan	0	0	0	0.001520	0.000020	0.001520	0.000020	0.592593	0.007797
41	A	35304	4396604	3739651	0.009440	348	362	4396439	0	0	0	nan	0	0	0	0	0	0	nan	0	0	0	0.009440	0.000050	0.009440	0.000050	2.940810	0.015576
42	U	15613	4398536	3648451	0.004279	348	362	4398373	0	0	0	nan	0	0	0	0	0	0	nan	0	0	0	0.004279	0.000034	0.004279	0.000034	0.819418	0.006511
43	U	6373	4402943	3621756	0.001760	348	362	4402785	0	0	0	nan	0	0	0	0	0	0	nan	0	0	0	0.001760	0.000022	0.001760	0.000022	0.337036	0.004213
44	C	5444	4413098	3668462	0.001484	347	362	4412935	0	0	0	nan	0	0	0	0	0	0	nan	0	0	0	0.001484	0.000020	0.001484	0.000020	0.197959	0.002668
45	A	9851	4421151	3719818	0.002648	347	362	4420977	0	0	0	nan	0	0	0	0	0	0	nan	0	0	0	0.002648	0.000027	0.002648	0.000027	0.824922	0.008411
46	G	3132	4426492	3594793	0.000871	345	362	4426327	0	0	0	nan	0	0	0	0	0	0	nan	0	0	0	0.000871	0.000016	0.000871	0.000016	0.339571	0.006238
47	G	9375	4437450	3655645	0.002565	345	362	4437288	0	0	0	nan	0	0	0	0	0	0	nan	0	0	0	0.002565	0.000026	0.002565	0.000026	1.000000	0.010136
48	A	4552	4454778	3499809	0.001301	347	362	4454628	0	0	0	nan	0	0	0	0	0	0	nan	0	0	0	0.001301	0.000019	0.001301	0.000019	0.405296	0.005919
49	G	32658	4457666	3546627	0.009208	344	362	4457531	0	0	0	nan	0	0	0	0	0	0	nan	0	0	0	0.009208	0.000051	0.009208	0.000051	3.589864	0.019883
50	G	2132	4469690	3418032	0.000624	346	362	4469582	0	0	0	nan	0	0	0	0	0	0	nan	0	0	0	0.000624	0.000014	0.000624	0.000014	0.243275	0.005458
51	U	21893	4478565	3622794	0.006043	346	362	4478489	0	0	0	nan	0	0	0	0	0	0	nan	0	0	0	0.006043	0.000041	0.006043	0.000041	1.157219	0.007851
52	U	13592	4494181	3703929	0.003670	347	362	4494126	0	0	0	nan	0	0	0	0	0	0	nan	0	0	0	0.003670	0.000031	0.003670	0.000031	0.702796	0.005936
53	A	6040	4507521	3998163	0.001511	343	362	4507472	0	0	0	nan	0	0	0	0	0	0	nan	0	0	0	0.001511	0.000019	0.001511	0.000019	0.470717	0.005919
54	A	9858	4515354	4032078	0.002445	343	362	4515315	0	0	0	nan	0	0	0	0	0	0	nan	0	0	0	0.002445	0.000025	0.002445	0.000025	0.761682	0.007788
55	U	15836	4516634	3967392	0.003992	343	362	4516607	0	0	0	nan	0	0	0	0	0	0	nan	0	0	0	0.003992	0.000032	0.003992	0.000032	0.764458	0.006128
56	G	3585	4519125	3800355	0.000943	339	362	4519108	0	0	0	nan	0	0	0	0	0	0	nan	0	0	0	0.000943	0.000016	0.000943	0.000016	0.367641	0.006238
57	G	0	4520518	3955793	0.000000	339	362	4520507	0	0	0	nan	0	0	0	0	0	0	nan	0	0	0	0.000000	0.000000	0.000000	0.000000	0.000000	0.000000
58	A	0	4522627	77	0.000000	339	362	4522627	0	0	0	nan	0	0	0	0	0	0	nan	0	0	0	0.000000	0.000000	nan	nan	nan	nan
59	A	0	4522544	64	0.000000	339	362	4522544	0	0	0	nan	0	0	0	0	0	0	nan	0	0	0	0.000000	0.000000	nan	nan	nan	nan
60	G	0	4522480	44	0.000000	339	362	4522480	0	0	0	nan	0	0	0	0	0	0	nan	0	0	0	0.000000	0.000000	nan	nan	nan	nan
61	u	0	4522405	0	nan	338	362	4522405	0	0	0	nan	0	0	0	0	0	0	nan	0	0	0	nan	nan	nan	nan	nan	nan
62	a	0	4522259	0	nan	333	361	4522259	0	0	0	nan	0	0	0	0	0	0	nan	0	0	0	nan	nan	nan	nan	nan	nan
63	a	0	4522164	0	nan	328	360	4522164	0	0	0	nan	0	0	0	0	0	0	nan	0	0	0	nan	nan	nan	nan	nan	nan
64	a	0	4522131	0	nan	326	360	4522131	0	0	0	nan	0	0	0	0	0	0	nan	0	0	0	nan	nan	nan	nan	nan	nan
65	g	0	4522107	0	nan	319	344	4522107	0	0	0	nan	0	0	0	0	0	0	nan	0	0	0	nan	nan	nan	nan	nan	nan
66	g	0	4522086	0	nan	313	339	4522086	0	0	0	nan	0	0	0	0	0	0	nan	0	0	0	nan	nan	nan	nan	nan	nan
67	u	0	4522072	0	nan	309	338	4522072	0	0	0	nan	0	0	0	0	0	0	nan	0	0	0	nan	nan	nan	nan	nan	nan
68	a	0	4522041	0	nan	308	328	4522041	0	0	0	nan	0	0	0	0	0	0	nan	0	0	0	nan	nan	nan	nan	nan	nan
69	a	0	4522029	0	nan	308	328	4522029	0	0	0	nan	0	0	0	0	0	0	nan	0	0	0	nan	nan	nan	nan	nan	nan
70	u	0	4522014	0	nan	305	324	4522014	0	0	0	nan	0	0	0	0	0	0	nan	0	0	0	nan	nan	nan	nan	nan	nan
71	g	0	4521939	0	nan	304	321	4521939	0	0	0	nan	0	0	0	0	0	0	nan	0	0	0	nan	nan	nan	nan	nan	nan
72	a	0	4521856	0	nan	291	321	4521856	0	0	0	nan	0	0	0	0	0	0	nan	0	0	0	nan	nan	nan	nan	nan	nan
73	a	0	4521829	0	nan	291	320	4521829	0	0	0	nan	0	0	0	0	0	0	nan	0	0	0	nan	nan	nan	nan	nan	nan
74	g	0	4521800	0	nan	291	320	4521800	0	0	0	nan	0	0	0	0	0	0	nan	0	0	0	nan	nan	nan	nan	nan	nan
75	g	0	4521765	0	nan	289	320	4521765	0	0	0	nan	0	0	0	0	0	0	nan	0	0	0	nan	nan	nan	nan	nan	nan
76	u	0	4521687	0	nan	287	320	4521687	0	0	0	nan	0	0	0	0	0	0	nan	0	0	0	nan	nan	nan	nan	nan	nan
77	g	0	4521609	0	nan	287	320	4521609	0	0	0	nan	0	0	0	0	0	0	nan	0	0	0	nan	nan	nan	nan	nan	nan
78	a	0	4521506	0	nan	277	319	4521506	0	0	0	nan	0	0	0	0	0	0	nan	0	0	0	nan	nan	nan	nan	nan	nan
79	a	0	4518804	0	nan	271	318	4518804	0	0	0	nan	0	0	0	0	0	0	nan	0	0	0	nan	nan	nan	nan	nan	nan
80	g	0	4516803	0	nan	268	312	4516803	0	0	0	nan	0	0	0	0	0	0	nan	0	0	0	nan	nan	nan	nan	nan	nan