Nucleotide	Sequence	Modified_mutations	Modified_read_depth	Modified_effective_depth	Modified_rate	Modified_off_target_mapped_depth	Modified_low_mapq_mapped_depth	Modified_primer_pair_1_mapped_depth	Untreated_mutations	Untreated_read_depth	Untreated_effective_depth	Untreated_rate	Untreated_off_target_mapped_depth	Untreated_low_mapq_mapped_depth	Untreated_primer_pair_1_mapped_depth	Denatured_mutations	Denatured_read_depth	Denatured_effective_depth	Denatured_rate	Denatured_off_target_mapped_depth	Denatured_low_mapq_mapped_depth	Denatured_primer_pair_1_mapped_depth	Reactivity_profile	Std_err	HQ_profile	HQ_stderr	Norm_profile	Norm_stderr
1	g	0	36386	0	nan	0	381	36386	0	0	0	nan	0	0	0	0	0	0	nan	0	0	0	nan	nan	nan	nan	nan	nan
2	g	0	36440	0	nan	0	382	36440	0	0	0	nan	0	0	0	0	0	0	nan	0	0	0	nan	nan	nan	nan	nan	nan
3	u	0	36451	0	nan	0	383	36451	0	0	0	nan	0	0	0	0	0	0	nan	0	0	0	nan	nan	nan	nan	nan	nan
4	g	0	36465	0	nan	0	384	36465	0	0	0	nan	0	0	0	0	0	0	nan	0	0	0	nan	nan	nan	nan	nan	nan
5	u	0	36560	0	nan	0	385	36560	0	0	0	nan	0	0	0	0	0	0	nan	0	0	0	nan	nan	nan	nan	nan	nan
6	a	0	36561	0	nan	0	385	36561	0	0	0	nan	0	0	0	0	0	0	nan	0	0	0	nan	nan	nan	nan	nan	nan
7	a	0	36561	0	nan	0	385	36561	0	0	0	nan	0	0	0	0	0	0	nan	0	0	0	nan	nan	nan	nan	nan	nan
8	g	0	36561	0	nan	0	385	36561	0	0	0	nan	0	0	0	0	0	0	nan	0	0	0	nan	nan	nan	nan	nan	nan
9	g	0	36561	0	nan	0	385	36561	0	0	0	nan	0	0	0	0	0	0	nan	0	0	0	nan	nan	nan	nan	nan	nan
10	g	0	36562	0	nan	0	385	36562	0	0	0	nan	0	0	0	0	0	0	nan	0	0	0	nan	nan	nan	nan	nan	nan
11	u	0	36562	0	nan	0	385	36562	0	0	0	nan	0	0	0	0	0	0	nan	0	0	0	nan	nan	nan	nan	nan	nan
12	g	0	36563	0	nan	0	385	36563	0	0	0	nan	0	0	0	0	0	0	nan	0	0	0	nan	nan	nan	nan	nan	nan
13	a	0	36563	0	nan	0	385	36563	0	0	0	nan	0	0	0	0	0	0	nan	0	0	0	nan	nan	nan	nan	nan	nan
14	a	0	36563	0	nan	0	385	36563	0	0	0	nan	0	0	0	0	0	0	nan	0	0	0	nan	nan	nan	nan	nan	nan
15	g	0	36563	0	nan	0	385	36563	0	0	0	nan	0	0	0	0	0	0	nan	0	0	0	nan	nan	nan	nan	nan	nan
16	u	0	36563	0	nan	0	385	36563	0	0	0	nan	0	0	0	0	0	0	nan	0	0	0	nan	nan	nan	nan	nan	nan
17	g	0	36563	0	nan	0	385	36563	0	0	0	nan	0	0	0	0	0	0	nan	0	0	0	nan	nan	nan	nan	nan	nan
18	u	0	36563	0	nan	0	385	36563	0	0	0	nan	0	0	0	0	0	0	nan	0	0	0	nan	nan	nan	nan	nan	nan
19	a	0	36563	0	nan	0	385	36563	0	0	0	nan	0	0	0	0	0	0	nan	0	0	0	nan	nan	nan	nan	nan	nan
20	A	0	36564	0	nan	0	385	36564	0	0	0	nan	0	0	0	0	0	0	nan	0	0	0	nan	nan	nan	nan	nan	nan
21	G	0	36564	0	nan	0	385	36564	0	0	0	nan	0	0	0	0	0	0	nan	0	0	0	nan	nan	nan	nan	nan	nan
22	G	0	36564	0	nan	0	385	36564	0	0	0	nan	0	0	0	0	0	0	nan	0	0	0	nan	nan	nan	nan	nan	nan
23	U	0	36564	36415	0.000000	0	385	36564	0	0	0	nan	0	0	0	0	0	0	nan	0	0	0	0.000000	0.000000	0.000000	0.000000	0.000000	0.000000
24	U	68	36564	36407	0.001868	0	385	36564	0	0	0	nan	0	0	0	0	0	0	nan	0	0	0	0.001868	0.000227	0.001868	0.000227	0.869646	0.105680
25	G	25	36564	36452	0.000686	0	385	36564	0	0	0	nan	0	0	0	0	0	0	nan	0	0	0	0.000686	0.000137	0.000686	0.000137	nan	nan
26	A	14	36564	36448	0.000384	0	385	36564	0	0	0	nan	0	0	0	0	0	0	nan	0	0	0	0.000384	0.000103	0.000384	0.000103	nan	nan
27	A	20	36564	36451	0.000549	0	385	36564	0	0	0	nan	0	0	0	0	0	0	nan	0	0	0	0.000549	0.000123	0.000549	0.000123	nan	nan
28	C	32	36564	36425	0.000879	0	385	36564	0	0	0	nan	0	0	0	0	0	0	nan	0	0	0	0.000879	0.000155	0.000879	0.000155	nan	nan
29	U	56	36564	36443	0.001537	0	385	36564	0	0	0	nan	0	0	0	0	0	0	nan	0	0	0	0.001537	0.000205	0.001537	0.000205	0.715549	0.095438
30	U	71	36564	36444	0.001948	0	385	36564	0	0	0	nan	0	0	0	0	0	0	nan	0	0	0	0.001948	0.000231	0.001948	0.000231	0.906890	0.107542
31	U	81	36564	36454	0.002222	0	385	36564	0	0	0	nan	0	0	0	0	0	0	nan	0	0	0	0.002222	0.000247	0.002222	0.000247	1.034451	0.114991
32	U	60	36564	36482	0.001645	0	385	36564	0	0	0	nan	0	0	0	0	0	0	nan	0	0	0	0.001645	0.000212	0.001645	0.000212	0.765829	0.098696
33	G	22	36564	36473	0.000603	0	385	36564	0	0	0	nan	0	0	0	0	0	0	nan	0	0	0	0.000603	0.000129	0.000603	0.000129	nan	nan
34	A	25	36564	36448	0.000686	0	385	36564	0	0	0	nan	0	0	0	0	0	0	nan	0	0	0	0.000686	0.000137	0.000686	0.000137	nan	nan
35	A	28	36564	36401	0.000769	0	385	36564	0	0	0	nan	0	0	0	0	0	0	nan	0	0	0	0.000769	0.000145	0.000769	0.000145	nan	nan
36	U	37	36564	36398	0.001017	0	385	36564	0	0	0	nan	0	0	0	0	0	0	nan	0	0	0	0.001017	0.000167	0.001017	0.000167	0.473464	0.077747
37	A	26	36564	36461	0.000713	0	385	36564	0	0	0	nan	0	0	0	0	0	0	nan	0	0	0	0.000713	0.000140	0.000713	0.000140	nan	nan
38	G	22	36564	36415	0.000604	0	385	36564	0	0	0	nan	0	0	0	0	0	0	nan	0	0	0	0.000604	0.000129	0.000604	0.000129	nan	nan
39	U	65	36564	36468	0.001782	0	385	36564	0	0	0	nan	0	0	0	0	0	0	nan	0	0	0	0.001782	0.000221	0.001782	0.000221	0.829609	0.102886
40	G	23	36564	36379	0.000632	0	385	36564	0	0	0	nan	0	0	0	0	0	0	nan	0	0	0	0.000632	0.000132	0.000632	0.000132	nan	nan
41	A	55	36566	36395	0.001511	0	385	36566	0	0	0	nan	0	0	0	0	0	0	nan	0	0	0	0.001511	0.000204	0.001511	0.000204	nan	nan
42	U	78	36566	36314	0.002148	0	385	36566	0	0	0	nan	0	0	0	0	0	0	nan	0	0	0	0.002148	0.000243	0.002148	0.000243	1.000000	0.113128
43	U	61	36567	36370	0.001677	0	385	36567	0	0	0	nan	0	0	0	0	0	0	nan	0	0	0	0.001677	0.000215	0.001677	0.000215	0.780726	0.100093
44	C	56	36568	36404	0.001538	0	385	36568	0	0	0	nan	0	0	0	0	0	0	nan	0	0	0	0.001538	0.000206	0.001538	0.000206	nan	nan
45	A	33	36568	36494	0.000904	0	385	36568	0	0	0	nan	0	0	0	0	0	0	nan	0	0	0	0.000904	0.000157	0.000904	0.000157	nan	nan
46	G	26	36568	36416	0.000714	0	385	36568	0	0	0	nan	0	0	0	0	0	0	nan	0	0	0	0.000714	0.000140	0.000714	0.000140	nan	nan
47	G	21	36568	36419	0.000577	0	385	36568	0	0	0	nan	0	0	0	0	0	0	nan	0	0	0	0.000577	0.000126	0.000577	0.000126	nan	nan
48	A	30	36568	36461	0.000823	0	385	36568	0	0	0	nan	0	0	0	0	0	0	nan	0	0	0	0.000823	0.000150	0.000823	0.000150	nan	nan
49	G	14	36568	36429	0.000384	0	385	36568	0	0	0	nan	0	0	0	0	0	0	nan	0	0	0	0.000384	0.000103	0.000384	0.000103	nan	nan
50	G	17	36568	36293	0.000468	0	385	36568	0	0	0	nan	0	0	0	0	0	0	nan	0	0	0	0.000468	0.000114	0.000468	0.000114	nan	nan
51	U	64	36568	36235	0.001766	0	385	36568	0	0	0	nan	0	0	0	0	0	0	nan	0	0	0	0.001766	0.000221	0.001766	0.000221	0.822160	0.102886
52	U	43	36569	36181	0.001188	0	385	36569	0	0	0	nan	0	0	0	0	0	0	nan	0	0	0	0.001188	0.000181	0.001188	0.000181	0.553073	0.084264
53	A	18	36569	36235	0.000497	0	385	36569	0	0	0	nan	0	0	0	0	0	0	nan	0	0	0	0.000497	0.000117	0.000497	0.000117	nan	nan
54	A	29	36569	36283	0.000799	0	385	36569	0	0	0	nan	0	0	0	0	0	0	nan	0	0	0	0.000799	0.000148	0.000799	0.000148	nan	nan
55	U	69	36569	36316	0.001900	0	385	36569	0	0	0	nan	0	0	0	0	0	0	nan	0	0	0	0.001900	0.000229	0.001900	0.000229	0.884544	0.106611
56	G	46	36569	36424	0.001263	0	385	36569	0	0	0	nan	0	0	0	0	0	0	nan	0	0	0	0.001263	0.000186	0.001263	0.000186	nan	nan
57	G	0	36569	36469	0.000000	0	385	36569	0	0	0	nan	0	0	0	0	0	0	nan	0	0	0	0.000000	0.000000	0.000000	0.000000	nan	nan
58	A	0	36569	0	nan	0	385	36569	0	0	0	nan	0	0	0	0	0	0	nan	0	0	0	nan	nan	nan	nan	nan	nan
59	A	0	36569	0	nan	0	385	36569	0	0	0	nan	0	0	0	0	0	0	nan	0	0	0	nan	nan	nan	nan	nan	nan
60	G	0	36569	0	nan	0	385	36569	0	0	0	nan	0	0	0	0	0	0	nan	0	0	0	nan	nan	nan	nan	nan	nan
61	u	0	36569	0	nan	0	385	36569	0	0	0	nan	0	0	0	0	0	0	nan	0	0	0	nan	nan	nan	nan	nan	nan
62	a	0	36569	0	nan	0	385	36569	0	0	0	nan	0	0	0	0	0	0	nan	0	0	0	nan	nan	nan	nan	nan	nan
63	a	0	36569	0	nan	0	385	36569	0	0	0	nan	0	0	0	0	0	0	nan	0	0	0	nan	nan	nan	nan	nan	nan
64	a	0	36569	0	nan	0	385	36569	0	0	0	nan	0	0	0	0	0	0	nan	0	0	0	nan	nan	nan	nan	nan	nan
65	g	0	36569	0	nan	0	385	36569	0	0	0	nan	0	0	0	0	0	0	nan	0	0	0	nan	nan	nan	nan	nan	nan
66	g	0	36569	0	nan	0	385	36569	0	0	0	nan	0	0	0	0	0	0	nan	0	0	0	nan	nan	nan	nan	nan	nan
67	u	0	36569	0	nan	0	385	36569	0	0	0	nan	0	0	0	0	0	0	nan	0	0	0	nan	nan	nan	nan	nan	nan
68	a	0	36569	0	nan	0	385	36569	0	0	0	nan	0	0	0	0	0	0	nan	0	0	0	nan	nan	nan	nan	nan	nan
69	a	0	36569	0	nan	0	385	36569	0	0	0	nan	0	0	0	0	0	0	nan	0	0	0	nan	nan	nan	nan	nan	nan
70	u	0	36569	0	nan	0	385	36569	0	0	0	nan	0	0	0	0	0	0	nan	0	0	0	nan	nan	nan	nan	nan	nan
71	g	0	36569	0	nan	0	385	36569	0	0	0	nan	0	0	0	0	0	0	nan	0	0	0	nan	nan	nan	nan	nan	nan
72	a	0	36568	0	nan	0	385	36568	0	0	0	nan	0	0	0	0	0	0	nan	0	0	0	nan	nan	nan	nan	nan	nan
73	a	0	36566	0	nan	0	385	36566	0	0	0	nan	0	0	0	0	0	0	nan	0	0	0	nan	nan	nan	nan	nan	nan
74	g	0	36565	0	nan	0	385	36565	0	0	0	nan	0	0	0	0	0	0	nan	0	0	0	nan	nan	nan	nan	nan	nan
75	g	0	36563	0	nan	0	385	36563	0	0	0	nan	0	0	0	0	0	0	nan	0	0	0	nan	nan	nan	nan	nan	nan
76	u	0	36561	0	nan	0	384	36561	0	0	0	nan	0	0	0	0	0	0	nan	0	0	0	nan	nan	nan	nan	nan	nan
77	g	0	36559	0	nan	0	384	36559	0	0	0	nan	0	0	0	0	0	0	nan	0	0	0	nan	nan	nan	nan	nan	nan
78	a	0	36558	0	nan	0	384	36558	0	0	0	nan	0	0	0	0	0	0	nan	0	0	0	nan	nan	nan	nan	nan	nan
79	a	0	36534	0	nan	0	383	36534	0	0	0	nan	0	0	0	0	0	0	nan	0	0	0	nan	nan	nan	nan	nan	nan
80	g	0	36503	0	nan	0	381	36503	0	0	0	nan	0	0	0	0	0	0	nan	0	0	0	nan	nan	nan	nan	nan	nan