Nucleotide	Sequence	Modified_mutations	Modified_read_depth	Modified_effective_depth	Modified_rate	Modified_off_target_mapped_depth	Modified_low_mapq_mapped_depth	Modified_primer_pair_1_mapped_depth	Untreated_mutations	Untreated_read_depth	Untreated_effective_depth	Untreated_rate	Untreated_off_target_mapped_depth	Untreated_low_mapq_mapped_depth	Untreated_primer_pair_1_mapped_depth	Denatured_mutations	Denatured_read_depth	Denatured_effective_depth	Denatured_rate	Denatured_off_target_mapped_depth	Denatured_low_mapq_mapped_depth	Denatured_primer_pair_1_mapped_depth	Reactivity_profile	Std_err	HQ_profile	HQ_stderr	Norm_profile	Norm_stderr
1	g	0	248579	0	nan	31	0	248579	0	0	0	nan	0	0	0	0	0	0	nan	0	0	0	nan	nan	nan	nan	nan	nan
2	g	0	249114	0	nan	31	0	249114	0	0	0	nan	0	0	0	0	0	0	nan	0	0	0	nan	nan	nan	nan	nan	nan
3	c	0	249279	0	nan	31	0	249279	0	0	0	nan	0	0	0	0	0	0	nan	0	0	0	nan	nan	nan	nan	nan	nan
4	a	0	254111	0	nan	55	0	254111	0	0	0	nan	0	0	0	0	0	0	nan	0	0	0	nan	nan	nan	nan	nan	nan
5	c	0	254239	0	nan	56	0	254239	0	0	0	nan	0	0	0	0	0	0	nan	0	0	0	nan	nan	nan	nan	nan	nan
6	c	0	254270	0	nan	56	0	254270	0	0	0	nan	0	0	0	0	0	0	nan	0	0	0	nan	nan	nan	nan	nan	nan
7	u	0	254273	0	nan	56	0	254273	0	0	0	nan	0	0	0	0	0	0	nan	0	0	0	nan	nan	nan	nan	nan	nan
8	c	0	254276	0	nan	56	0	254276	0	0	0	nan	0	0	0	0	0	0	nan	0	0	0	nan	nan	nan	nan	nan	nan
9	a	0	254276	0	nan	56	0	254276	0	0	0	nan	0	0	0	0	0	0	nan	0	0	0	nan	nan	nan	nan	nan	nan
10	u	0	254338	0	nan	56	0	254338	0	0	0	nan	0	0	0	0	0	0	nan	0	0	0	nan	nan	nan	nan	nan	nan
11	a	0	254387	0	nan	56	0	254387	0	0	0	nan	0	0	0	0	0	0	nan	0	0	0	nan	nan	nan	nan	nan	nan
12	a	0	254400	0	nan	56	0	254400	0	0	0	nan	0	0	0	0	0	0	nan	0	0	0	nan	nan	nan	nan	nan	nan
13	c	0	254403	0	nan	56	0	254403	0	0	0	nan	0	0	0	0	0	0	nan	0	0	0	nan	nan	nan	nan	nan	nan
14	a	0	254405	0	nan	56	0	254405	0	0	0	nan	0	0	0	0	0	0	nan	0	0	0	nan	nan	nan	nan	nan	nan
15	u	0	254409	0	nan	56	0	254409	0	0	0	nan	0	0	0	0	0	0	nan	0	0	0	nan	nan	nan	nan	nan	nan
16	a	0	254413	0	nan	56	0	254413	0	0	0	nan	0	0	0	0	0	0	nan	0	0	0	nan	nan	nan	nan	nan	nan
17	a	0	254416	0	nan	56	0	254416	0	0	0	nan	0	0	0	0	0	0	nan	0	0	0	nan	nan	nan	nan	nan	nan
18	c	0	254421	0	nan	56	0	254421	0	0	0	nan	0	0	0	0	0	0	nan	0	0	0	nan	nan	nan	nan	nan	nan
19	U	0	254424	3	0.000000	56	0	254424	0	0	0	nan	0	0	0	0	0	0	nan	0	0	0	0.000000	0.000000	nan	nan	nan	nan
20	A	0	254439	14	0.000000	56	0	254439	0	0	0	nan	0	0	0	0	0	0	nan	0	0	0	0.000000	0.000000	nan	nan	nan	nan
21	A	0	254442	14	0.000000	56	0	254442	0	0	0	nan	0	0	0	0	0	0	nan	0	0	0	0.000000	0.000000	nan	nan	nan	nan
22	G	0	254448	252244	0.000000	56	0	254448	0	0	0	nan	0	0	0	0	0	0	nan	0	0	0	0.000000	0.000000	0.000000	0.000000	nan	nan
23	G	200	254449	250283	0.000799	56	0	254449	0	0	0	nan	0	0	0	0	0	0	nan	0	0	0	0.000799	0.000057	0.000799	0.000057	nan	nan
24	C	4243	254454	251864	0.016846	56	0	254454	0	0	0	nan	0	0	0	0	0	0	nan	0	0	0	0.016846	0.000259	0.016846	0.000259	0.844390	0.012982
25	A	3172	254470	252518	0.012561	56	0	254470	0	0	0	nan	0	0	0	0	0	0	nan	0	0	0	0.012561	0.000223	0.012561	0.000223	0.995167	0.017668
26	G	172	254477	252374	0.000682	56	0	254477	0	0	0	nan	0	0	0	0	0	0	nan	0	0	0	0.000682	0.000052	0.000682	0.000052	nan	nan
27	A	2684	254487	253076	0.010606	56	0	254487	0	0	0	nan	0	0	0	0	0	0	nan	0	0	0	0.010606	0.000205	0.010606	0.000205	0.840279	0.016241
28	U	734	254494	252585	0.002906	56	0	254494	0	0	0	nan	0	0	0	0	0	0	nan	0	0	0	0.002906	0.000107	0.002906	0.000107	1.048719	0.038614
29	C	3977	254496	252939	0.015723	56	0	254495	0	0	0	nan	0	0	0	0	0	0	nan	0	0	0	0.015723	0.000249	0.015723	0.000249	0.788101	0.012481
30	U	638	254499	252803	0.002524	56	0	254494	0	0	0	nan	0	0	0	0	0	0	nan	0	0	0	0.002524	0.000100	0.002524	0.000100	0.910863	0.036088
31	G	175	254504	252435	0.000693	56	0	254501	0	0	0	nan	0	0	0	0	0	0	nan	0	0	0	0.000693	0.000052	0.000693	0.000052	nan	nan
32	A	3191	254507	252822	0.012622	56	0	254504	0	0	0	nan	0	0	0	0	0	0	nan	0	0	0	0.012622	0.000223	0.012622	0.000223	1.000000	0.017668
33	G	186	254511	251173	0.000741	56	0	254507	0	0	0	nan	0	0	0	0	0	0	nan	0	0	0	0.000741	0.000054	0.000741	0.000054	nan	nan
34	C	4678	254512	251841	0.018575	56	0	254506	0	0	0	nan	0	0	0	0	0	0	nan	0	0	0	0.018575	0.000272	0.018575	0.000272	0.931054	0.013634
35	U	877	254517	251513	0.003487	56	0	254506	0	0	0	nan	0	0	0	0	0	0	nan	0	0	0	0.003487	0.000118	0.003487	0.000118	1.258390	0.042584
36	U	662	254519	251163	0.002636	56	0	254499	0	0	0	nan	0	0	0	0	0	0	nan	0	0	0	0.002636	0.000102	0.002636	0.000102	0.951281	0.036810
37	G	236	254523	250349	0.000943	56	0	254475	0	0	0	nan	0	0	0	0	0	0	nan	0	0	0	0.000943	0.000061	0.000943	0.000061	nan	nan
38	G	244	254525	244025	0.001000	56	0	254478	0	0	0	nan	0	0	0	0	0	0	nan	0	0	0	0.001000	0.000064	0.001000	0.000064	nan	nan
39	G	228	254530	243750	0.000935	56	0	254486	0	0	0	nan	0	0	0	0	0	0	nan	0	0	0	0.000935	0.000062	0.000935	0.000062	nan	nan
40	A	3710	254534	245707	0.015099	55	0	254499	0	0	0	nan	0	0	0	0	0	0	nan	0	0	0	0.015099	0.000248	0.015099	0.000248	1.196245	0.019648
41	G	274	254538	250510	0.001094	55	0	254514	0	0	0	nan	0	0	0	0	0	0	nan	0	0	0	0.001094	0.000066	0.001094	0.000066	nan	nan
42	C	4961	254539	252193	0.019671	32	0	254523	0	0	0	nan	0	0	0	0	0	0	nan	0	0	0	0.019671	0.000279	0.019671	0.000279	0.985990	0.013985
43	U	528	254541	252210	0.002093	32	0	254527	0	0	0	nan	0	0	0	0	0	0	nan	0	0	0	0.002093	0.000091	0.002093	0.000091	0.755323	0.032840
44	C	4392	254541	252506	0.017394	32	0	254526	0	0	0	nan	0	0	0	0	0	0	nan	0	0	0	0.017394	0.000262	0.017394	0.000262	0.871858	0.013133
45	U	589	254542	252559	0.002332	32	0	254528	0	0	0	nan	0	0	0	0	0	0	nan	0	0	0	0.002332	0.000096	0.002332	0.000096	0.841573	0.034645
46	C	4735	254541	251668	0.018814	32	0	254525	0	0	0	nan	0	0	0	0	0	0	nan	0	0	0	0.018814	0.000273	0.018814	0.000273	0.943034	0.013684
47	U	565	254542	251695	0.002245	32	0	254526	0	0	0	nan	0	0	0	0	0	0	nan	0	0	0	0.002245	0.000094	0.002245	0.000094	0.810177	0.033923
48	G	250	254543	250279	0.000999	32	0	254531	0	0	0	nan	0	0	0	0	0	0	nan	0	0	0	0.000999	0.000063	0.000999	0.000063	nan	nan
49	C	5581	254543	252216	0.022128	32	0	254534	0	0	0	nan	0	0	0	0	0	0	nan	0	0	0	0.022128	0.000296	0.022128	0.000296	1.109145	0.014837
50	C	5249	254544	252488	0.020789	32	0	254537	0	0	0	nan	0	0	0	0	0	0	nan	0	0	0	0.020789	0.000287	0.020789	0.000287	1.042029	0.014386
51	A	2462	254547	253023	0.009730	32	0	254544	0	0	0	nan	0	0	0	0	0	0	nan	0	0	0	0.009730	0.000196	0.009730	0.000196	0.770876	0.015528
52	A	0	254548	252498	0.000000	32	0	254548	0	0	0	nan	0	0	0	0	0	0	nan	0	0	0	0.000000	0.000000	0.000000	0.000000	0.000000	0.000000
53	U	0	254542	221	0.000000	31	0	254542	0	0	0	nan	0	0	0	0	0	0	nan	0	0	0	0.000000	0.000000	nan	nan	nan	nan
54	C	0	254287	3	0.000000	27	0	254287	0	0	0	nan	0	0	0	0	0	0	nan	0	0	0	0.000000	0.000000	nan	nan	nan	nan
55	C	0	254286	2	0.000000	27	0	254286	0	0	0	nan	0	0	0	0	0	0	nan	0	0	0	0.000000	0.000000	nan	nan	nan	nan
56	a	0	254284	0	nan	27	0	254284	0	0	0	nan	0	0	0	0	0	0	nan	0	0	0	nan	nan	nan	nan	nan	nan
57	c	0	254284	0	nan	27	0	254284	0	0	0	nan	0	0	0	0	0	0	nan	0	0	0	nan	nan	nan	nan	nan	nan
58	u	0	254284	0	nan	27	0	254284	0	0	0	nan	0	0	0	0	0	0	nan	0	0	0	nan	nan	nan	nan	nan	nan
59	a	0	254284	0	nan	27	0	254284	0	0	0	nan	0	0	0	0	0	0	nan	0	0	0	nan	nan	nan	nan	nan	nan
60	a	0	254284	0	nan	27	0	254284	0	0	0	nan	0	0	0	0	0	0	nan	0	0	0	nan	nan	nan	nan	nan	nan
61	c	0	254284	0	nan	13	0	254284	0	0	0	nan	0	0	0	0	0	0	nan	0	0	0	nan	nan	nan	nan	nan	nan
62	c	0	254284	0	nan	13	0	254284	0	0	0	nan	0	0	0	0	0	0	nan	0	0	0	nan	nan	nan	nan	nan	nan
63	u	0	254284	0	nan	0	0	254284	0	0	0	nan	0	0	0	0	0	0	nan	0	0	0	nan	nan	nan	nan	nan	nan
64	c	0	254284	0	nan	0	0	254284	0	0	0	nan	0	0	0	0	0	0	nan	0	0	0	nan	nan	nan	nan	nan	nan
65	a	0	254284	0	nan	0	0	254284	0	0	0	nan	0	0	0	0	0	0	nan	0	0	0	nan	nan	nan	nan	nan	nan
66	c	0	254278	0	nan	0	0	254278	0	0	0	nan	0	0	0	0	0	0	nan	0	0	0	nan	nan	nan	nan	nan	nan
67	u	0	254277	0	nan	0	0	254277	0	0	0	nan	0	0	0	0	0	0	nan	0	0	0	nan	nan	nan	nan	nan	nan
68	c	0	254277	0	nan	0	0	254277	0	0	0	nan	0	0	0	0	0	0	nan	0	0	0	nan	nan	nan	nan	nan	nan
69	a	0	254277	0	nan	0	0	254277	0	0	0	nan	0	0	0	0	0	0	nan	0	0	0	nan	nan	nan	nan	nan	nan
70	c	0	254270	0	nan	0	0	254270	0	0	0	nan	0	0	0	0	0	0	nan	0	0	0	nan	nan	nan	nan	nan	nan
71	a	0	254265	0	nan	0	0	254265	0	0	0	nan	0	0	0	0	0	0	nan	0	0	0	nan	nan	nan	nan	nan	nan
72	a	0	254192	0	nan	0	0	254192	0	0	0	nan	0	0	0	0	0	0	nan	0	0	0	nan	nan	nan	nan	nan	nan
73	u	0	254062	0	nan	0	0	254062	0	0	0	nan	0	0	0	0	0	0	nan	0	0	0	nan	nan	nan	nan	nan	nan
74	c	0	253702	0	nan	0	0	253702	0	0	0	nan	0	0	0	0	0	0	nan	0	0	0	nan	nan	nan	nan	nan	nan