Nucleotide	Sequence	Modified_mutations	Modified_read_depth	Modified_effective_depth	Modified_rate	Modified_off_target_mapped_depth	Modified_low_mapq_mapped_depth	Modified_primer_pair_1_mapped_depth	Untreated_mutations	Untreated_read_depth	Untreated_effective_depth	Untreated_rate	Untreated_off_target_mapped_depth	Untreated_low_mapq_mapped_depth	Untreated_primer_pair_1_mapped_depth	Denatured_mutations	Denatured_read_depth	Denatured_effective_depth	Denatured_rate	Denatured_off_target_mapped_depth	Denatured_low_mapq_mapped_depth	Denatured_primer_pair_1_mapped_depth	Reactivity_profile	Std_err	HQ_profile	HQ_stderr	Norm_profile	Norm_stderr
1	g	0	34902	0	nan	0	1	34902	0	0	0	nan	0	0	0	0	0	0	nan	0	0	0	nan	nan	nan	nan	nan	nan
2	g	0	34919	0	nan	0	1	34919	0	0	0	nan	0	0	0	0	0	0	nan	0	0	0	nan	nan	nan	nan	nan	nan
3	u	0	34932	0	nan	0	1	34932	0	0	0	nan	0	0	0	0	0	0	nan	0	0	0	nan	nan	nan	nan	nan	nan
4	g	0	34945	0	nan	0	1	34945	0	0	0	nan	0	0	0	0	0	0	nan	0	0	0	nan	nan	nan	nan	nan	nan
5	u	0	34956	0	nan	0	1	34956	0	0	0	nan	0	0	0	0	0	0	nan	0	0	0	nan	nan	nan	nan	nan	nan
6	a	0	34972	0	nan	0	1	34972	0	0	0	nan	0	0	0	0	0	0	nan	0	0	0	nan	nan	nan	nan	nan	nan
7	a	0	35009	0	nan	0	1	35009	0	0	0	nan	0	0	0	0	0	0	nan	0	0	0	nan	nan	nan	nan	nan	nan
8	g	0	35093	0	nan	0	1	35093	0	0	0	nan	0	0	0	0	0	0	nan	0	0	0	nan	nan	nan	nan	nan	nan
9	g	0	36269	0	nan	0	1	36269	0	0	0	nan	0	0	0	0	0	0	nan	0	0	0	nan	nan	nan	nan	nan	nan
10	g	0	146304	0	nan	0	1	146304	0	0	0	nan	0	0	0	0	0	0	nan	0	0	0	nan	nan	nan	nan	nan	nan
11	u	0	152487	0	nan	0	1	152487	0	0	0	nan	0	0	0	0	0	0	nan	0	0	0	nan	nan	nan	nan	nan	nan
12	g	0	152725	0	nan	0	1	152725	0	0	0	nan	0	0	0	0	0	0	nan	0	0	0	nan	nan	nan	nan	nan	nan
13	a	0	152758	0	nan	0	1	152758	0	0	0	nan	0	0	0	0	0	0	nan	0	0	0	nan	nan	nan	nan	nan	nan
14	a	0	152768	0	nan	0	1	152768	0	0	0	nan	0	0	0	0	0	0	nan	0	0	0	nan	nan	nan	nan	nan	nan
15	g	0	152802	0	nan	2	1	152802	0	0	0	nan	0	0	0	0	0	0	nan	0	0	0	nan	nan	nan	nan	nan	nan
16	u	0	152810	0	nan	2	1	152810	0	0	0	nan	0	0	0	0	0	0	nan	0	0	0	nan	nan	nan	nan	nan	nan
17	g	0	152824	0	nan	2	1	152824	0	0	0	nan	0	0	0	0	0	0	nan	0	0	0	nan	nan	nan	nan	nan	nan
18	u	0	152828	0	nan	2	1	152828	0	0	0	nan	0	0	0	0	0	0	nan	0	0	0	nan	nan	nan	nan	nan	nan
19	a	0	152883	0	nan	2	1	152883	0	0	0	nan	0	0	0	0	0	0	nan	0	0	0	nan	nan	nan	nan	nan	nan
20	A	0	152904	14	0.000000	2	1	152904	0	0	0	nan	0	0	0	0	0	0	nan	0	0	0	0.000000	0.000000	nan	nan	nan	nan
21	G	0	152950	38	0.000000	2	1	152950	0	0	0	nan	0	0	0	0	0	0	nan	0	0	0	0.000000	0.000000	nan	nan	nan	nan
22	G	0	152956	39	0.000000	2	1	152956	0	0	0	nan	0	0	0	0	0	0	nan	0	0	0	0.000000	0.000000	nan	nan	nan	nan
23	U	0	152971	151102	0.000000	2	1	152971	0	0	0	nan	0	0	0	0	0	0	nan	0	0	0	0.000000	0.000000	0.000000	0.000000	nan	nan
24	U	145	152974	151186	0.000959	2	1	152974	0	0	0	nan	0	0	0	0	0	0	nan	0	0	0	0.000959	0.000080	0.000959	0.000080	nan	nan
25	G	181	152976	150534	0.001202	2	1	152976	0	0	0	nan	0	0	0	0	0	0	nan	0	0	0	0.001202	0.000089	0.001202	0.000089	nan	nan
26	A	660	152974	147618	0.004471	2	1	152955	0	0	0	nan	0	0	0	0	0	0	nan	0	0	0	0.004471	0.000174	0.004471	0.000174	0.378129	0.014716
27	C	5344	152981	147108	0.036327	2	0	152952	0	0	0	nan	0	0	0	0	0	0	nan	0	0	0	0.036327	0.000497	0.036327	0.000497	1.899600	0.025989
28	C	283	153001	147433	0.001920	2	0	152974	0	0	0	nan	0	0	0	0	0	0	nan	0	0	0	0.001920	0.000114	0.001920	0.000114	0.100400	0.005961
29	U	113	153032	149590	0.000755	2	0	153009	0	0	0	nan	0	0	0	0	0	0	nan	0	0	0	0.000755	0.000071	0.000755	0.000071	nan	nan
30	U	148	153053	150089	0.000986	2	0	153032	0	0	0	nan	0	0	0	0	0	0	nan	0	0	0	0.000986	0.000081	0.000986	0.000081	nan	nan
31	U	145	153065	150575	0.000963	2	0	153045	0	0	0	nan	0	0	0	0	0	0	nan	0	0	0	0.000963	0.000080	0.000963	0.000080	nan	nan
32	U	141	153094	151290	0.000932	2	0	153076	0	0	0	nan	0	0	0	0	0	0	nan	0	0	0	0.000932	0.000078	0.000932	0.000078	nan	nan
33	G	86	153111	150179	0.000573	2	0	153092	0	0	0	nan	0	0	0	0	0	0	nan	0	0	0	0.000573	0.000062	0.000573	0.000062	nan	nan
34	A	964	153127	150591	0.006401	2	0	153108	0	0	0	nan	0	0	0	0	0	0	nan	0	0	0	0.006401	0.000206	0.006401	0.000206	0.541357	0.017422
35	A	916	153137	149871	0.006112	2	0	153118	0	0	0	nan	0	0	0	0	0	0	nan	0	0	0	0.006112	0.000202	0.006112	0.000202	0.516915	0.017084
36	U	113	153143	148403	0.000761	2	0	153124	0	0	0	nan	0	0	0	0	0	0	nan	0	0	0	0.000761	0.000072	0.000761	0.000072	nan	nan
37	A	12704	153150	148278	0.085677	2	0	153131	0	0	0	nan	0	0	0	0	0	0	nan	0	0	0	0.085677	0.000760	0.085677	0.000760	7.246025	0.064276
38	G	210	153166	147198	0.001427	2	0	153147	0	0	0	nan	0	0	0	0	0	0	nan	0	0	0	0.001427	0.000098	0.001427	0.000098	nan	nan
39	U	245	153172	150808	0.001625	2	0	153154	0	0	0	nan	0	0	0	0	0	0	nan	0	0	0	0.001625	0.000104	0.001625	0.000104	nan	nan
40	G	322	153184	149805	0.002149	2	1	153166	0	0	0	nan	0	0	0	0	0	0	nan	0	0	0	0.002149	0.000120	0.002149	0.000120	nan	nan
41	A	2514	153202	150788	0.016672	2	1	153184	0	0	0	nan	0	0	0	0	0	0	nan	0	0	0	0.016672	0.000333	0.016672	0.000333	1.410014	0.028163
42	U	228	153228	150274	0.001517	2	1	153212	0	0	0	nan	0	0	0	0	0	0	nan	0	0	0	0.001517	0.000100	0.001517	0.000100	nan	nan
43	U	206	153250	150315	0.001370	2	1	153237	0	0	0	nan	0	0	0	0	0	0	nan	0	0	0	0.001370	0.000095	0.001370	0.000095	nan	nan
44	C	238	153255	150452	0.001582	2	1	153242	0	0	0	nan	0	0	0	0	0	0	nan	0	0	0	0.001582	0.000103	0.001582	0.000103	0.082725	0.005386
45	A	832	153268	151061	0.005508	2	1	153258	0	0	0	nan	0	0	0	0	0	0	nan	0	0	0	0.005508	0.000191	0.005508	0.000191	0.465832	0.016154
46	G	111	153287	151613	0.000732	2	1	153277	0	0	0	nan	0	0	0	0	0	0	nan	0	0	0	0.000732	0.000069	0.000732	0.000069	nan	nan
47	G	93	153292	151393	0.000614	2	1	153283	0	0	0	nan	0	0	0	0	0	0	nan	0	0	0	0.000614	0.000064	0.000614	0.000064	nan	nan
48	A	399	153293	151690	0.002630	2	1	153284	0	0	0	nan	0	0	0	0	0	0	nan	0	0	0	0.002630	0.000132	0.002630	0.000132	0.222429	0.011164
49	G	172	153339	150877	0.001140	2	1	153337	0	0	0	nan	0	0	0	0	0	0	nan	0	0	0	0.001140	0.000087	0.001140	0.000087	nan	nan
50	G	181	153345	150422	0.001203	2	1	153345	0	0	0	nan	0	0	0	0	0	0	nan	0	0	0	0.001203	0.000089	0.001203	0.000089	nan	nan
51	U	109	153350	151216	0.000721	2	1	153350	0	0	0	nan	0	0	0	0	0	0	nan	0	0	0	0.000721	0.000069	0.000721	0.000069	nan	nan
52	U	170	153355	150826	0.001127	2	1	153355	0	0	0	nan	0	0	0	0	0	0	nan	0	0	0	0.001127	0.000086	0.001127	0.000086	nan	nan
53	A	1520	153356	151205	0.010053	2	1	153356	0	0	0	nan	0	0	0	0	0	0	nan	0	0	0	0.010053	0.000258	0.010053	0.000258	0.850220	0.021820
54	A	1788	153354	151223	0.011824	2	1	153354	0	0	0	nan	0	0	0	0	0	0	nan	0	0	0	0.011824	0.000280	0.011824	0.000280	1.000000	0.023681
55	U	224	153355	151597	0.001478	2	1	153355	0	0	0	nan	0	0	0	0	0	0	nan	0	0	0	0.001478	0.000099	0.001478	0.000099	nan	nan
56	G	205	153358	151226	0.001356	2	1	153358	0	0	0	nan	0	0	0	0	0	0	nan	0	0	0	0.001356	0.000095	0.001356	0.000095	nan	nan
57	G	0	153359	150179	0.000000	2	1	153359	0	0	0	nan	0	0	0	0	0	0	nan	0	0	0	0.000000	0.000000	0.000000	0.000000	nan	nan
58	A	0	153359	0	nan	2	1	153359	0	0	0	nan	0	0	0	0	0	0	nan	0	0	0	nan	nan	nan	nan	nan	nan
59	A	0	153359	0	nan	2	1	153359	0	0	0	nan	0	0	0	0	0	0	nan	0	0	0	nan	nan	nan	nan	nan	nan
60	G	0	153359	0	nan	2	1	153359	0	0	0	nan	0	0	0	0	0	0	nan	0	0	0	nan	nan	nan	nan	nan	nan
61	u	0	153359	0	nan	2	1	153359	0	0	0	nan	0	0	0	0	0	0	nan	0	0	0	nan	nan	nan	nan	nan	nan
62	a	0	153359	0	nan	2	1	153359	0	0	0	nan	0	0	0	0	0	0	nan	0	0	0	nan	nan	nan	nan	nan	nan
63	a	0	153359	0	nan	2	1	153359	0	0	0	nan	0	0	0	0	0	0	nan	0	0	0	nan	nan	nan	nan	nan	nan
64	a	0	153359	0	nan	2	1	153359	0	0	0	nan	0	0	0	0	0	0	nan	0	0	0	nan	nan	nan	nan	nan	nan
65	g	0	153359	0	nan	2	1	153359	0	0	0	nan	0	0	0	0	0	0	nan	0	0	0	nan	nan	nan	nan	nan	nan
66	g	0	153359	0	nan	2	1	153359	0	0	0	nan	0	0	0	0	0	0	nan	0	0	0	nan	nan	nan	nan	nan	nan
67	u	0	153359	0	nan	2	1	153359	0	0	0	nan	0	0	0	0	0	0	nan	0	0	0	nan	nan	nan	nan	nan	nan
68	a	0	153359	0	nan	2	1	153359	0	0	0	nan	0	0	0	0	0	0	nan	0	0	0	nan	nan	nan	nan	nan	nan
69	a	0	153359	0	nan	2	1	153359	0	0	0	nan	0	0	0	0	0	0	nan	0	0	0	nan	nan	nan	nan	nan	nan
70	u	0	153359	0	nan	2	1	153359	0	0	0	nan	0	0	0	0	0	0	nan	0	0	0	nan	nan	nan	nan	nan	nan
71	g	0	153359	0	nan	2	1	153359	0	0	0	nan	0	0	0	0	0	0	nan	0	0	0	nan	nan	nan	nan	nan	nan
72	a	0	153359	0	nan	2	1	153359	0	0	0	nan	0	0	0	0	0	0	nan	0	0	0	nan	nan	nan	nan	nan	nan
73	a	0	153359	0	nan	2	1	153359	0	0	0	nan	0	0	0	0	0	0	nan	0	0	0	nan	nan	nan	nan	nan	nan
74	g	0	153358	0	nan	2	1	153358	0	0	0	nan	0	0	0	0	0	0	nan	0	0	0	nan	nan	nan	nan	nan	nan
75	g	0	153358	0	nan	2	1	153358	0	0	0	nan	0	0	0	0	0	0	nan	0	0	0	nan	nan	nan	nan	nan	nan
76	u	0	153353	0	nan	2	1	153353	0	0	0	nan	0	0	0	0	0	0	nan	0	0	0	nan	nan	nan	nan	nan	nan
77	g	0	153347	0	nan	2	1	153347	0	0	0	nan	0	0	0	0	0	0	nan	0	0	0	nan	nan	nan	nan	nan	nan
78	a	0	153346	0	nan	2	1	153346	0	0	0	nan	0	0	0	0	0	0	nan	0	0	0	nan	nan	nan	nan	nan	nan
79	a	0	153318	0	nan	2	1	153318	0	0	0	nan	0	0	0	0	0	0	nan	0	0	0	nan	nan	nan	nan	nan	nan
80	g	0	153249	0	nan	2	1	153249	0	0	0	nan	0	0	0	0	0	0	nan	0	0	0	nan	nan	nan	nan	nan	nan