Nucleotide	Sequence	Modified_mutations	Modified_read_depth	Modified_effective_depth	Modified_rate	Modified_off_target_mapped_depth	Modified_low_mapq_mapped_depth	Modified_primer_pair_1_mapped_depth	Untreated_mutations	Untreated_read_depth	Untreated_effective_depth	Untreated_rate	Untreated_off_target_mapped_depth	Untreated_low_mapq_mapped_depth	Untreated_primer_pair_1_mapped_depth	Denatured_mutations	Denatured_read_depth	Denatured_effective_depth	Denatured_rate	Denatured_off_target_mapped_depth	Denatured_low_mapq_mapped_depth	Denatured_primer_pair_1_mapped_depth	Reactivity_profile	Std_err	HQ_profile	HQ_stderr	Norm_profile	Norm_stderr
1	g	0	221104	0	nan	7	1	221104	0	0	0	nan	0	0	0	0	0	0	nan	0	0	0	nan	nan	nan	nan	nan	nan
2	g	0	221511	0	nan	7	1	221511	0	0	0	nan	0	0	0	0	0	0	nan	0	0	0	nan	nan	nan	nan	nan	nan
3	c	0	221652	0	nan	7	1	221652	0	0	0	nan	0	0	0	0	0	0	nan	0	0	0	nan	nan	nan	nan	nan	nan
4	a	0	223118	0	nan	12	1	223118	0	0	0	nan	0	0	0	0	0	0	nan	0	0	0	nan	nan	nan	nan	nan	nan
5	c	0	223175	0	nan	13	1	223175	0	0	0	nan	0	0	0	0	0	0	nan	0	0	0	nan	nan	nan	nan	nan	nan
6	c	0	223189	0	nan	13	1	223189	0	0	0	nan	0	0	0	0	0	0	nan	0	0	0	nan	nan	nan	nan	nan	nan
7	u	0	223194	0	nan	13	1	223194	0	0	0	nan	0	0	0	0	0	0	nan	0	0	0	nan	nan	nan	nan	nan	nan
8	c	0	223197	0	nan	13	1	223197	0	0	0	nan	0	0	0	0	0	0	nan	0	0	0	nan	nan	nan	nan	nan	nan
9	a	0	223198	0	nan	13	1	223198	0	0	0	nan	0	0	0	0	0	0	nan	0	0	0	nan	nan	nan	nan	nan	nan
10	u	0	223212	0	nan	13	1	223212	0	0	0	nan	0	0	0	0	0	0	nan	0	0	0	nan	nan	nan	nan	nan	nan
11	a	0	223224	0	nan	13	1	223224	0	0	0	nan	0	0	0	0	0	0	nan	0	0	0	nan	nan	nan	nan	nan	nan
12	a	0	223239	0	nan	13	1	223239	0	0	0	nan	0	0	0	0	0	0	nan	0	0	0	nan	nan	nan	nan	nan	nan
13	c	0	223243	0	nan	13	1	223243	0	0	0	nan	0	0	0	0	0	0	nan	0	0	0	nan	nan	nan	nan	nan	nan
14	a	0	223247	0	nan	13	1	223247	0	0	0	nan	0	0	0	0	0	0	nan	0	0	0	nan	nan	nan	nan	nan	nan
15	u	0	223250	0	nan	13	1	223250	0	0	0	nan	0	0	0	0	0	0	nan	0	0	0	nan	nan	nan	nan	nan	nan
16	a	0	223251	0	nan	13	1	223251	0	0	0	nan	0	0	0	0	0	0	nan	0	0	0	nan	nan	nan	nan	nan	nan
17	a	0	223255	0	nan	13	1	223255	0	0	0	nan	0	0	0	0	0	0	nan	0	0	0	nan	nan	nan	nan	nan	nan
18	c	0	223262	0	nan	13	1	223262	0	0	0	nan	0	0	0	0	0	0	nan	0	0	0	nan	nan	nan	nan	nan	nan
19	U	0	223264	1	0.000000	13	1	223264	0	0	0	nan	0	0	0	0	0	0	nan	0	0	0	0.000000	0.000000	nan	nan	nan	nan
20	A	0	223274	4	0.000000	13	1	223274	0	0	0	nan	0	0	0	0	0	0	nan	0	0	0	0.000000	0.000000	nan	nan	nan	nan
21	A	0	223276	4	0.000000	13	1	223276	0	0	0	nan	0	0	0	0	0	0	nan	0	0	0	0.000000	0.000000	nan	nan	nan	nan
22	G	0	223286	221016	0.000000	13	1	223286	0	0	0	nan	0	0	0	0	0	0	nan	0	0	0	0.000000	0.000000	0.000000	0.000000	0.000000	0.000000
23	G	402	223289	211640	0.001899	13	1	223289	0	0	0	nan	0	0	0	0	0	0	nan	0	0	0	0.001899	0.000095	0.001899	0.000095	0.858111	0.042928
24	C	1737	223299	214541	0.008096	13	1	223299	0	0	0	nan	0	0	0	0	0	0	nan	0	0	0	0.008096	0.000194	0.008096	0.000194	1.468529	0.035190
25	A	2512	223322	215107	0.011678	13	1	223322	0	0	0	nan	0	0	0	0	0	0	nan	0	0	0	0.011678	0.000233	0.011678	0.000233	0.455061	0.009079
26	G	293	223328	213067	0.001375	13	1	223327	0	0	0	nan	0	0	0	0	0	0	nan	0	0	0	0.001375	0.000080	0.001375	0.000080	0.621329	0.036150
27	A	5615	223330	220541	0.025460	13	1	223330	0	0	0	nan	0	0	0	0	0	0	nan	0	0	0	0.025460	0.000340	0.025460	0.000340	0.992109	0.013249
28	U	1175	223333	220326	0.005333	13	1	223331	0	0	0	nan	0	0	0	0	0	0	nan	0	0	0	0.005333	0.000156	0.005333	0.000156	1.194200	0.034933
29	C	10304	223335	220774	0.046672	13	1	223328	0	0	0	nan	0	0	0	0	0	0	nan	0	0	0	0.046672	0.000460	0.046672	0.000460	8.465808	0.083439
30	U	985	223337	220616	0.004465	13	1	223329	0	0	0	nan	0	0	0	0	0	0	nan	0	0	0	0.004465	0.000142	0.004465	0.000142	0.999832	0.031798
31	G	302	223343	218503	0.001382	13	1	223332	0	0	0	nan	0	0	0	0	0	0	nan	0	0	0	0.001382	0.000080	0.001382	0.000080	0.624492	0.036150
32	A	1615	223342	220415	0.007327	13	1	223330	0	0	0	nan	0	0	0	0	0	0	nan	0	0	0	0.007327	0.000182	0.007327	0.000182	0.285514	0.007092
33	G	366	223343	208125	0.001759	13	1	223330	0	0	0	nan	0	0	0	0	0	0	nan	0	0	0	0.001759	0.000092	0.001759	0.000092	0.794849	0.041573
34	C	988	223345	210310	0.004698	13	1	223332	0	0	0	nan	0	0	0	0	0	0	nan	0	0	0	0.004698	0.000149	0.004698	0.000149	0.852168	0.027027
35	C	759	223351	210519	0.003605	13	1	223332	0	0	0	nan	0	0	0	0	0	0	nan	0	0	0	0.003605	0.000131	0.003605	0.000131	0.653909	0.023762
36	U	852	223353	213970	0.003982	13	1	223318	0	0	0	nan	0	0	0	0	0	0	nan	0	0	0	0.003982	0.000136	0.003982	0.000136	0.891676	0.030454
37	G	476	223393	215077	0.002213	13	1	223352	0	0	0	nan	0	0	0	0	0	0	nan	0	0	0	0.002213	0.000101	0.002213	0.000101	1.000000	0.045639
38	G	260	223424	215680	0.001205	13	1	223401	0	0	0	nan	0	0	0	0	0	0	nan	0	0	0	0.001205	0.000075	0.001205	0.000075	0.544510	0.033891
39	G	386	223427	215753	0.001789	13	1	223406	0	0	0	nan	0	0	0	0	0	0	nan	0	0	0	0.001789	0.000091	0.001789	0.000091	0.808405	0.041121
40	G	370	223430	216311	0.001711	13	1	223409	0	0	0	nan	0	0	0	0	0	0	nan	0	0	0	0.001711	0.000089	0.001711	0.000089	0.773159	0.040217
41	G	534	223434	212754	0.002510	13	1	223422	0	0	0	nan	0	0	0	0	0	0	nan	0	0	0	0.002510	0.000109	0.002510	0.000109	1.134207	0.049254
42	C	732	223437	222081	0.003296	12	1	223426	0	0	0	nan	0	0	0	0	0	0	nan	0	0	0	0.003296	0.000122	0.003296	0.000122	0.597860	0.022130
43	U	751	223437	222380	0.003377	12	1	223425	0	0	0	nan	0	0	0	0	0	0	nan	0	0	0	0.003377	0.000123	0.003377	0.000123	0.756200	0.027543
44	C	491	223437	222488	0.002207	12	1	223425	0	0	0	nan	0	0	0	0	0	0	nan	0	0	0	0.002207	0.000100	0.002207	0.000100	0.400327	0.018139
45	U	994	223438	222566	0.004466	12	1	223429	0	0	0	nan	0	0	0	0	0	0	nan	0	0	0	0.004466	0.000142	0.004466	0.000142	1.000056	0.031798
46	C	936	223439	222615	0.004205	12	1	223431	0	0	0	nan	0	0	0	0	0	0	nan	0	0	0	0.004205	0.000137	0.004205	0.000137	0.762743	0.024850
47	U	888	223440	222489	0.003991	12	1	223427	0	0	0	nan	0	0	0	0	0	0	nan	0	0	0	0.003991	0.000134	0.003991	0.000134	0.893691	0.030006
48	G	458	223441	218063	0.002100	12	1	223423	0	0	0	nan	0	0	0	0	0	0	nan	0	0	0	0.002100	0.000098	0.002100	0.000098	0.948938	0.044284
49	C	1220	223444	221301	0.005513	10	1	223426	0	0	0	nan	0	0	0	0	0	0	nan	0	0	0	0.005513	0.000158	0.005513	0.000158	1.000000	0.028660
50	C	1182	223447	220940	0.005350	10	1	223438	0	0	0	nan	0	0	0	0	0	0	nan	0	0	0	0.005350	0.000156	0.005350	0.000156	0.970434	0.028297
51	A	5821	223449	221585	0.026270	10	1	223447	0	0	0	nan	0	0	0	0	0	0	nan	0	0	0	0.026270	0.000344	0.026270	0.000344	1.023673	0.013405
52	A	0	223451	221935	0.000000	10	1	223451	0	0	0	nan	0	0	0	0	0	0	nan	0	0	0	0.000000	0.000000	0.000000	0.000000	0.000000	0.000000
53	U	0	223435	83	0.000000	7	1	223435	0	0	0	nan	0	0	0	0	0	0	nan	0	0	0	0.000000	0.000000	nan	nan	nan	nan
54	C	0	223326	1	0.000000	6	1	223326	0	0	0	nan	0	0	0	0	0	0	nan	0	0	0	0.000000	0.000000	nan	nan	nan	nan
55	C	0	223325	0	nan	6	1	223325	0	0	0	nan	0	0	0	0	0	0	nan	0	0	0	nan	nan	nan	nan	nan	nan
56	a	0	223325	0	nan	6	1	223325	0	0	0	nan	0	0	0	0	0	0	nan	0	0	0	nan	nan	nan	nan	nan	nan
57	c	0	223325	0	nan	6	1	223325	0	0	0	nan	0	0	0	0	0	0	nan	0	0	0	nan	nan	nan	nan	nan	nan
58	u	0	223325	0	nan	6	1	223325	0	0	0	nan	0	0	0	0	0	0	nan	0	0	0	nan	nan	nan	nan	nan	nan
59	a	0	223325	0	nan	6	1	223325	0	0	0	nan	0	0	0	0	0	0	nan	0	0	0	nan	nan	nan	nan	nan	nan
60	a	0	223325	0	nan	6	1	223325	0	0	0	nan	0	0	0	0	0	0	nan	0	0	0	nan	nan	nan	nan	nan	nan
61	c	0	223325	0	nan	0	1	223325	0	0	0	nan	0	0	0	0	0	0	nan	0	0	0	nan	nan	nan	nan	nan	nan
62	c	0	223325	0	nan	0	1	223325	0	0	0	nan	0	0	0	0	0	0	nan	0	0	0	nan	nan	nan	nan	nan	nan
63	u	0	223325	0	nan	0	1	223325	0	0	0	nan	0	0	0	0	0	0	nan	0	0	0	nan	nan	nan	nan	nan	nan
64	c	0	223325	0	nan	0	1	223325	0	0	0	nan	0	0	0	0	0	0	nan	0	0	0	nan	nan	nan	nan	nan	nan
65	a	0	223325	0	nan	0	1	223325	0	0	0	nan	0	0	0	0	0	0	nan	0	0	0	nan	nan	nan	nan	nan	nan
66	c	0	223325	0	nan	0	1	223325	0	0	0	nan	0	0	0	0	0	0	nan	0	0	0	nan	nan	nan	nan	nan	nan
67	u	0	223323	0	nan	0	1	223323	0	0	0	nan	0	0	0	0	0	0	nan	0	0	0	nan	nan	nan	nan	nan	nan
68	c	0	223322	0	nan	0	1	223322	0	0	0	nan	0	0	0	0	0	0	nan	0	0	0	nan	nan	nan	nan	nan	nan
69	a	0	223319	0	nan	0	1	223319	0	0	0	nan	0	0	0	0	0	0	nan	0	0	0	nan	nan	nan	nan	nan	nan
70	c	0	223305	0	nan	0	1	223305	0	0	0	nan	0	0	0	0	0	0	nan	0	0	0	nan	nan	nan	nan	nan	nan
71	a	0	223294	0	nan	0	1	223294	0	0	0	nan	0	0	0	0	0	0	nan	0	0	0	nan	nan	nan	nan	nan	nan
72	a	0	223228	0	nan	0	1	223228	0	0	0	nan	0	0	0	0	0	0	nan	0	0	0	nan	nan	nan	nan	nan	nan
73	u	0	223109	0	nan	0	1	223109	0	0	0	nan	0	0	0	0	0	0	nan	0	0	0	nan	nan	nan	nan	nan	nan
74	c	0	222827	0	nan	0	1	222827	0	0	0	nan	0	0	0	0	0	0	nan	0	0	0	nan	nan	nan	nan	nan	nan