Nucleotide	Sequence	Modified_mutations	Modified_read_depth	Modified_effective_depth	Modified_rate	Modified_off_target_mapped_depth	Modified_low_mapq_mapped_depth	Modified_primer_pair_1_mapped_depth	Untreated_mutations	Untreated_read_depth	Untreated_effective_depth	Untreated_rate	Untreated_off_target_mapped_depth	Untreated_low_mapq_mapped_depth	Untreated_primer_pair_1_mapped_depth	Denatured_mutations	Denatured_read_depth	Denatured_effective_depth	Denatured_rate	Denatured_off_target_mapped_depth	Denatured_low_mapq_mapped_depth	Denatured_primer_pair_1_mapped_depth	Reactivity_profile	Std_err	HQ_profile	HQ_stderr	Norm_profile	Norm_stderr
1	g	0	174219	0	nan	1	1	174219	0	0	0	nan	0	0	0	0	0	0	nan	0	0	0	nan	nan	nan	nan	nan	nan
2	g	0	174328	0	nan	1	1	174328	0	0	0	nan	0	0	0	0	0	0	nan	0	0	0	nan	nan	nan	nan	nan	nan
3	u	0	174396	0	nan	1	1	174396	0	0	0	nan	0	0	0	0	0	0	nan	0	0	0	nan	nan	nan	nan	nan	nan
4	g	0	174417	0	nan	1	1	174417	0	0	0	nan	0	0	0	0	0	0	nan	0	0	0	nan	nan	nan	nan	nan	nan
5	u	0	174431	0	nan	1	1	174431	0	0	0	nan	0	0	0	0	0	0	nan	0	0	0	nan	nan	nan	nan	nan	nan
6	a	0	174431	0	nan	1	1	174431	0	0	0	nan	0	0	0	0	0	0	nan	0	0	0	nan	nan	nan	nan	nan	nan
7	a	0	174433	0	nan	1	1	174433	0	0	0	nan	0	0	0	0	0	0	nan	0	0	0	nan	nan	nan	nan	nan	nan
8	g	0	174434	0	nan	1	1	174434	0	0	0	nan	0	0	0	0	0	0	nan	0	0	0	nan	nan	nan	nan	nan	nan
9	g	0	174448	0	nan	1	1	174448	0	0	0	nan	0	0	0	0	0	0	nan	0	0	0	nan	nan	nan	nan	nan	nan
10	g	0	175363	0	nan	1	1	175363	0	0	0	nan	0	0	0	0	0	0	nan	0	0	0	nan	nan	nan	nan	nan	nan
11	u	0	175376	0	nan	1	1	175376	0	0	0	nan	0	0	0	0	0	0	nan	0	0	0	nan	nan	nan	nan	nan	nan
12	g	0	175389	0	nan	1	1	175389	0	0	0	nan	0	0	0	0	0	0	nan	0	0	0	nan	nan	nan	nan	nan	nan
13	a	0	175389	0	nan	1	1	175389	0	0	0	nan	0	0	0	0	0	0	nan	0	0	0	nan	nan	nan	nan	nan	nan
14	a	0	175389	0	nan	1	1	175389	0	0	0	nan	0	0	0	0	0	0	nan	0	0	0	nan	nan	nan	nan	nan	nan
15	g	0	175389	0	nan	5	1	175389	0	0	0	nan	0	0	0	0	0	0	nan	0	0	0	nan	nan	nan	nan	nan	nan
16	u	0	175389	0	nan	5	1	175389	0	0	0	nan	0	0	0	0	0	0	nan	0	0	0	nan	nan	nan	nan	nan	nan
17	g	0	175392	0	nan	5	1	175392	0	0	0	nan	0	0	0	0	0	0	nan	0	0	0	nan	nan	nan	nan	nan	nan
18	u	0	175393	0	nan	5	1	175393	0	0	0	nan	0	0	0	0	0	0	nan	0	0	0	nan	nan	nan	nan	nan	nan
19	a	0	175396	0	nan	5	1	175396	0	0	0	nan	0	0	0	0	0	0	nan	0	0	0	nan	nan	nan	nan	nan	nan
20	A	0	175398	2	0.000000	5	1	175398	0	0	0	nan	0	0	0	0	0	0	nan	0	0	0	0.000000	0.000000	nan	nan	nan	nan
21	G	0	175402	5	0.000000	5	1	175402	0	0	0	nan	0	0	0	0	0	0	nan	0	0	0	0.000000	0.000000	nan	nan	nan	nan
22	G	0	175410	13	0.000000	5	1	175410	0	0	0	nan	0	0	0	0	0	0	nan	0	0	0	0.000000	0.000000	nan	nan	nan	nan
23	U	0	175413	175200	0.000000	5	1	175413	0	0	0	nan	0	0	0	0	0	0	nan	0	0	0	0.000000	0.000000	0.000000	0.000000	0.000000	0.000000
24	U	331	175417	175180	0.001889	5	1	175417	0	0	0	nan	0	0	0	0	0	0	nan	0	0	0	0.001889	0.000104	0.001889	0.000104	0.704851	0.038806
25	G	71	175417	174624	0.000407	5	1	175417	0	0	0	nan	0	0	0	0	0	0	nan	0	0	0	0.000407	0.000048	0.000407	0.000048	nan	nan
26	A	2871	175417	174829	0.016422	5	1	175417	0	0	0	nan	0	0	0	0	0	0	nan	0	0	0	0.016422	0.000306	0.016422	0.000306	0.934356	0.017410
27	A	2607	175417	174732	0.014920	5	1	175417	0	0	0	nan	0	0	0	0	0	0	nan	0	0	0	0.014920	0.000292	0.014920	0.000292	0.848897	0.016614
28	C	3620	175417	174380	0.020759	5	1	175417	0	0	0	nan	0	0	0	0	0	0	nan	0	0	0	0.020759	0.000345	0.020759	0.000345	0.920883	0.015304
29	U	256	175418	174758	0.001465	5	1	175418	0	0	0	nan	0	0	0	0	0	0	nan	0	0	0	0.001465	0.000092	0.001465	0.000092	0.546642	0.034328
30	U	383	175419	174926	0.002189	5	1	175419	0	0	0	nan	0	0	0	0	0	0	nan	0	0	0	0.002189	0.000112	0.002189	0.000112	0.816791	0.041791
31	U	469	175420	175000	0.002680	5	1	175417	0	0	0	nan	0	0	0	0	0	0	nan	0	0	0	0.002680	0.000124	0.002680	0.000124	1.000000	0.046269
32	U	257	175422	174978	0.001469	5	1	175399	0	0	0	nan	0	0	0	0	0	0	nan	0	0	0	0.001469	0.000092	0.001469	0.000092	0.548134	0.034328
33	G	106	175428	174439	0.000608	5	1	175386	0	0	0	nan	0	0	0	0	0	0	nan	0	0	0	0.000608	0.000059	0.000608	0.000059	nan	nan
34	A	3035	175435	174779	0.017365	5	1	175392	0	0	0	nan	0	0	0	0	0	0	nan	0	0	0	0.017365	0.000315	0.017365	0.000315	0.988009	0.017922
35	A	2439	175438	174703	0.013961	5	1	175396	0	0	0	nan	0	0	0	0	0	0	nan	0	0	0	0.013961	0.000283	0.013961	0.000283	0.794333	0.016102
36	U	271	175439	174629	0.001552	5	1	175398	0	0	0	nan	0	0	0	0	0	0	nan	0	0	0	0.001552	0.000094	0.001552	0.000094	0.579104	0.035075
37	A	2610	175441	174665	0.014943	5	1	175398	0	0	0	nan	0	0	0	0	0	0	nan	0	0	0	0.014943	0.000292	0.014943	0.000292	0.850206	0.016614
38	G	129	175453	173785	0.000742	5	1	175438	0	0	0	nan	0	0	0	0	0	0	nan	0	0	0	0.000742	0.000065	0.000742	0.000065	nan	nan
39	U	338	175452	174878	0.001933	5	1	175437	0	0	0	nan	0	0	0	0	0	0	nan	0	0	0	0.001933	0.000105	0.001933	0.000105	0.721269	0.039179
40	G	140	175453	174262	0.000803	5	1	175439	0	0	0	nan	0	0	0	0	0	0	nan	0	0	0	0.000803	0.000068	0.000803	0.000068	nan	nan
41	A	3392	175453	174585	0.019429	5	1	175441	0	0	0	nan	0	0	0	0	0	0	nan	0	0	0	0.019429	0.000334	0.019429	0.000334	1.105444	0.019003
42	U	511	175457	174563	0.002927	5	1	175446	0	0	0	nan	0	0	0	0	0	0	nan	0	0	0	0.002927	0.000129	0.002927	0.000129	1.092164	0.048134
43	U	403	175459	174658	0.002307	5	1	175451	0	0	0	nan	0	0	0	0	0	0	nan	0	0	0	0.002307	0.000115	0.002307	0.000115	0.860821	0.042910
44	C	4037	175472	174485	0.023137	5	1	175465	0	0	0	nan	0	0	0	0	0	0	nan	0	0	0	0.023137	0.000364	0.023137	0.000364	1.026372	0.016147
45	A	3070	175493	174544	0.017589	5	1	175487	0	0	0	nan	0	0	0	0	0	0	nan	0	0	0	0.017589	0.000317	0.017589	0.000317	1.000754	0.018036
46	G	132	175508	174025	0.000759	5	1	175502	0	0	0	nan	0	0	0	0	0	0	nan	0	0	0	0.000759	0.000066	0.000759	0.000066	nan	nan
47	G	125	175512	174022	0.000718	5	1	175506	0	0	0	nan	0	0	0	0	0	0	nan	0	0	0	0.000718	0.000064	0.000718	0.000064	nan	nan
48	A	3384	175513	174594	0.019382	5	1	175505	0	0	0	nan	0	0	0	0	0	0	nan	0	0	0	0.019382	0.000333	0.019382	0.000333	1.102769	0.018947
49	G	126	175516	174275	0.000723	6	1	175511	0	0	0	nan	0	0	0	0	0	0	nan	0	0	0	0.000723	0.000064	0.000723	0.000064	nan	nan
50	G	153	175518	174202	0.000878	6	1	175513	0	0	0	nan	0	0	0	0	0	0	nan	0	0	0	0.000878	0.000071	0.000878	0.000071	nan	nan
51	U	375	175523	174764	0.002146	6	1	175518	0	0	0	nan	0	0	0	0	0	0	nan	0	0	0	0.002146	0.000111	0.002146	0.000111	0.800746	0.041418
52	U	323	175526	174572	0.001850	6	1	175521	0	0	0	nan	0	0	0	0	0	0	nan	0	0	0	0.001850	0.000103	0.001850	0.000103	0.690299	0.038433
53	A	3054	175520	174158	0.017536	6	1	175515	0	0	0	nan	0	0	0	0	0	0	nan	0	0	0	0.017536	0.000317	0.017536	0.000317	0.997738	0.018036
54	A	2398	175406	173851	0.013793	6	1	175391	0	0	0	nan	0	0	0	0	0	0	nan	0	0	0	0.013793	0.000282	0.013793	0.000282	0.784774	0.016045
55	U	456	175410	173767	0.002624	6	1	175398	0	0	0	nan	0	0	0	0	0	0	nan	0	0	0	0.002624	0.000123	0.002624	0.000123	0.979104	0.045896
56	G	178	175425	173667	0.001025	6	1	175418	0	0	0	nan	0	0	0	0	0	0	nan	0	0	0	0.001025	0.000077	0.001025	0.000077	nan	nan
57	G	0	175445	173479	0.000000	6	1	175444	0	0	0	nan	0	0	0	0	0	0	nan	0	0	0	0.000000	0.000000	0.000000	0.000000	nan	nan
58	A	0	175455	0	nan	6	1	175455	0	0	0	nan	0	0	0	0	0	0	nan	0	0	0	nan	nan	nan	nan	nan	nan
59	A	0	175455	0	nan	6	1	175455	0	0	0	nan	0	0	0	0	0	0	nan	0	0	0	nan	nan	nan	nan	nan	nan
60	G	0	175455	0	nan	6	1	175455	0	0	0	nan	0	0	0	0	0	0	nan	0	0	0	nan	nan	nan	nan	nan	nan
61	u	0	175455	0	nan	6	1	175455	0	0	0	nan	0	0	0	0	0	0	nan	0	0	0	nan	nan	nan	nan	nan	nan
62	a	0	175455	0	nan	6	1	175455	0	0	0	nan	0	0	0	0	0	0	nan	0	0	0	nan	nan	nan	nan	nan	nan
63	a	0	175455	0	nan	6	1	175455	0	0	0	nan	0	0	0	0	0	0	nan	0	0	0	nan	nan	nan	nan	nan	nan
64	a	0	175455	0	nan	5	1	175455	0	0	0	nan	0	0	0	0	0	0	nan	0	0	0	nan	nan	nan	nan	nan	nan
65	g	0	175455	0	nan	5	1	175455	0	0	0	nan	0	0	0	0	0	0	nan	0	0	0	nan	nan	nan	nan	nan	nan
66	g	0	175455	0	nan	5	1	175455	0	0	0	nan	0	0	0	0	0	0	nan	0	0	0	nan	nan	nan	nan	nan	nan
67	u	0	175455	0	nan	5	1	175455	0	0	0	nan	0	0	0	0	0	0	nan	0	0	0	nan	nan	nan	nan	nan	nan
68	a	0	175455	0	nan	5	1	175455	0	0	0	nan	0	0	0	0	0	0	nan	0	0	0	nan	nan	nan	nan	nan	nan
69	a	0	175455	0	nan	5	1	175455	0	0	0	nan	0	0	0	0	0	0	nan	0	0	0	nan	nan	nan	nan	nan	nan
70	u	0	175455	0	nan	5	1	175455	0	0	0	nan	0	0	0	0	0	0	nan	0	0	0	nan	nan	nan	nan	nan	nan
71	g	0	175454	0	nan	5	1	175454	0	0	0	nan	0	0	0	0	0	0	nan	0	0	0	nan	nan	nan	nan	nan	nan
72	a	0	175454	0	nan	5	1	175454	0	0	0	nan	0	0	0	0	0	0	nan	0	0	0	nan	nan	nan	nan	nan	nan
73	a	0	175454	0	nan	5	1	175454	0	0	0	nan	0	0	0	0	0	0	nan	0	0	0	nan	nan	nan	nan	nan	nan
74	g	0	175453	0	nan	5	1	175453	0	0	0	nan	0	0	0	0	0	0	nan	0	0	0	nan	nan	nan	nan	nan	nan
75	g	0	175453	0	nan	5	1	175453	0	0	0	nan	0	0	0	0	0	0	nan	0	0	0	nan	nan	nan	nan	nan	nan
76	u	0	175451	0	nan	5	1	175451	0	0	0	nan	0	0	0	0	0	0	nan	0	0	0	nan	nan	nan	nan	nan	nan
77	g	0	175448	0	nan	5	1	175448	0	0	0	nan	0	0	0	0	0	0	nan	0	0	0	nan	nan	nan	nan	nan	nan
78	a	0	175447	0	nan	5	1	175447	0	0	0	nan	0	0	0	0	0	0	nan	0	0	0	nan	nan	nan	nan	nan	nan
79	a	0	175421	0	nan	5	1	175421	0	0	0	nan	0	0	0	0	0	0	nan	0	0	0	nan	nan	nan	nan	nan	nan
80	g	0	175329	0	nan	5	1	175329	0	0	0	nan	0	0	0	0	0	0	nan	0	0	0	nan	nan	nan	nan	nan	nan