Nucleotide	Sequence	Modified_mutations	Modified_read_depth	Modified_effective_depth	Modified_rate	Modified_off_target_mapped_depth	Modified_low_mapq_mapped_depth	Modified_primer_pair_1_mapped_depth	Untreated_mutations	Untreated_read_depth	Untreated_effective_depth	Untreated_rate	Untreated_off_target_mapped_depth	Untreated_low_mapq_mapped_depth	Untreated_primer_pair_1_mapped_depth	Denatured_mutations	Denatured_read_depth	Denatured_effective_depth	Denatured_rate	Denatured_off_target_mapped_depth	Denatured_low_mapq_mapped_depth	Denatured_primer_pair_1_mapped_depth	Reactivity_profile	Std_err	HQ_profile	HQ_stderr	Norm_profile	Norm_stderr
1	g	0	44660	0	nan	3	1	44660	0	0	0	nan	0	0	0	0	0	0	nan	0	0	0	nan	nan	nan	nan	nan	nan
2	g	0	44684	0	nan	3	1	44684	0	0	0	nan	0	0	0	0	0	0	nan	0	0	0	nan	nan	nan	nan	nan	nan
3	u	0	44705	0	nan	3	1	44705	0	0	0	nan	0	0	0	0	0	0	nan	0	0	0	nan	nan	nan	nan	nan	nan
4	g	0	44717	0	nan	3	1	44717	0	0	0	nan	0	0	0	0	0	0	nan	0	0	0	nan	nan	nan	nan	nan	nan
5	u	0	44725	0	nan	3	1	44725	0	0	0	nan	0	0	0	0	0	0	nan	0	0	0	nan	nan	nan	nan	nan	nan
6	a	0	44746	0	nan	3	1	44746	0	0	0	nan	0	0	0	0	0	0	nan	0	0	0	nan	nan	nan	nan	nan	nan
7	a	0	44783	0	nan	3	1	44783	0	0	0	nan	0	0	0	0	0	0	nan	0	0	0	nan	nan	nan	nan	nan	nan
8	g	0	44909	0	nan	3	1	44909	0	0	0	nan	0	0	0	0	0	0	nan	0	0	0	nan	nan	nan	nan	nan	nan
9	g	0	46384	0	nan	3	1	46384	0	0	0	nan	0	0	0	0	0	0	nan	0	0	0	nan	nan	nan	nan	nan	nan
10	g	0	185980	0	nan	3	1	185980	0	0	0	nan	0	0	0	0	0	0	nan	0	0	0	nan	nan	nan	nan	nan	nan
11	u	0	195296	0	nan	3	1	195296	0	0	0	nan	0	0	0	0	0	0	nan	0	0	0	nan	nan	nan	nan	nan	nan
12	g	0	195688	0	nan	3	1	195688	0	0	0	nan	0	0	0	0	0	0	nan	0	0	0	nan	nan	nan	nan	nan	nan
13	a	0	195712	0	nan	3	1	195712	0	0	0	nan	0	0	0	0	0	0	nan	0	0	0	nan	nan	nan	nan	nan	nan
14	a	0	195734	0	nan	3	1	195734	0	0	0	nan	0	0	0	0	0	0	nan	0	0	0	nan	nan	nan	nan	nan	nan
15	g	0	195753	0	nan	4	1	195753	0	0	0	nan	0	0	0	0	0	0	nan	0	0	0	nan	nan	nan	nan	nan	nan
16	u	0	195763	0	nan	4	1	195763	0	0	0	nan	0	0	0	0	0	0	nan	0	0	0	nan	nan	nan	nan	nan	nan
17	g	0	195781	0	nan	4	1	195781	0	0	0	nan	0	0	0	0	0	0	nan	0	0	0	nan	nan	nan	nan	nan	nan
18	u	0	195792	0	nan	4	1	195792	0	0	0	nan	0	0	0	0	0	0	nan	0	0	0	nan	nan	nan	nan	nan	nan
19	a	0	195880	0	nan	4	1	195880	0	0	0	nan	0	0	0	0	0	0	nan	0	0	0	nan	nan	nan	nan	nan	nan
20	A	0	195939	25	0.000000	4	1	195939	0	0	0	nan	0	0	0	0	0	0	nan	0	0	0	0.000000	0.000000	nan	nan	nan	nan
21	G	0	196005	46	0.000000	4	1	196005	0	0	0	nan	0	0	0	0	0	0	nan	0	0	0	0.000000	0.000000	nan	nan	nan	nan
22	G	0	196020	47	0.000000	4	1	196020	0	0	0	nan	0	0	0	0	0	0	nan	0	0	0	0.000000	0.000000	nan	nan	nan	nan
23	U	0	196037	193538	0.000000	4	1	196037	0	0	0	nan	0	0	0	0	0	0	nan	0	0	0	0.000000	0.000000	0.000000	0.000000	nan	nan
24	U	214	196041	193296	0.001107	4	1	196041	0	0	0	nan	0	0	0	0	0	0	nan	0	0	0	0.001107	0.000076	0.001107	0.000076	nan	nan
25	G	166	196045	191676	0.000866	4	1	196045	0	0	0	nan	0	0	0	0	0	0	nan	0	0	0	0.000866	0.000067	0.000866	0.000067	nan	nan
26	A	5081	196043	187811	0.027054	4	1	196016	0	0	0	nan	0	0	0	0	0	0	nan	0	0	0	0.027054	0.000380	0.027054	0.000380	0.920580	0.012930
27	C	13313	196055	186856	0.071247	4	1	196023	0	0	0	nan	0	0	0	0	0	0	nan	0	0	0	0.071247	0.000617	0.071247	0.000617	1.308221	0.011329
28	C	4472	196070	188394	0.023737	4	1	196042	0	0	0	nan	0	0	0	0	0	0	nan	0	0	0	0.023737	0.000355	0.023737	0.000355	0.435853	0.006518
29	U	191	196136	191675	0.000996	4	1	196118	0	0	0	nan	0	0	0	0	0	0	nan	0	0	0	0.000996	0.000072	0.000996	0.000072	nan	nan
30	U	230	196154	192647	0.001194	4	1	196139	0	0	0	nan	0	0	0	0	0	0	nan	0	0	0	0.001194	0.000079	0.001194	0.000079	nan	nan
31	U	260	196176	193159	0.001346	4	1	196162	0	0	0	nan	0	0	0	0	0	0	nan	0	0	0	0.001346	0.000083	0.001346	0.000083	nan	nan
32	U	230	196218	193960	0.001186	4	1	196206	0	0	0	nan	0	0	0	0	0	0	nan	0	0	0	0.001186	0.000078	0.001186	0.000078	nan	nan
33	G	74	196244	192469	0.000384	4	1	196232	0	0	0	nan	0	0	0	0	0	0	nan	0	0	0	0.000384	0.000045	0.000384	0.000045	nan	nan
34	A	5645	196264	192082	0.029388	4	1	196252	0	0	0	nan	0	0	0	0	0	0	nan	0	0	0	0.029388	0.000391	0.029388	0.000391	1.000000	0.013305
35	A	4455	196275	191476	0.023267	4	1	196263	0	0	0	nan	0	0	0	0	0	0	nan	0	0	0	0.023267	0.000349	0.023267	0.000349	0.791718	0.011876
36	U	192	196284	191670	0.001002	4	1	196272	0	0	0	nan	0	0	0	0	0	0	nan	0	0	0	0.001002	0.000072	0.001002	0.000072	nan	nan
37	A	5393	196296	192436	0.028025	4	1	196283	0	0	0	nan	0	0	0	0	0	0	nan	0	0	0	0.028025	0.000382	0.028025	0.000382	0.953621	0.012999
38	G	178	196305	191674	0.000929	4	1	196292	0	0	0	nan	0	0	0	0	0	0	nan	0	0	0	0.000929	0.000070	0.000929	0.000070	nan	nan
39	U	255	196313	193856	0.001315	4	1	196300	0	0	0	nan	0	0	0	0	0	0	nan	0	0	0	0.001315	0.000082	0.001315	0.000082	nan	nan
40	G	232	196329	191827	0.001209	4	1	196316	0	0	0	nan	0	0	0	0	0	0	nan	0	0	0	0.001209	0.000079	0.001209	0.000079	nan	nan
41	A	5873	196345	191906	0.030604	4	1	196333	0	0	0	nan	0	0	0	0	0	0	nan	0	0	0	0.030604	0.000399	0.030604	0.000399	1.041377	0.013577
42	U	319	196376	191064	0.001670	3	1	196367	0	0	0	nan	0	0	0	0	0	0	nan	0	0	0	0.001670	0.000093	0.001670	0.000093	nan	nan
43	U	277	196395	191320	0.001448	3	1	196388	0	0	0	nan	0	0	0	0	0	0	nan	0	0	0	0.001448	0.000087	0.001448	0.000087	nan	nan
44	C	7179	196407	190553	0.037675	3	1	196401	0	0	0	nan	0	0	0	0	0	0	nan	0	0	0	0.037675	0.000445	0.037675	0.000445	0.691779	0.008171
45	A	5666	196420	191545	0.029581	3	1	196416	0	0	0	nan	0	0	0	0	0	0	nan	0	0	0	0.029581	0.000393	0.029581	0.000393	1.006567	0.013373
46	G	170	196455	192646	0.000882	3	1	196451	0	0	0	nan	0	0	0	0	0	0	nan	0	0	0	0.000882	0.000068	0.000882	0.000068	nan	nan
47	G	163	196467	192197	0.000848	3	1	196463	0	0	0	nan	0	0	0	0	0	0	nan	0	0	0	0.000848	0.000066	0.000848	0.000066	nan	nan
48	A	5530	196471	192718	0.028695	3	1	196467	0	0	0	nan	0	0	0	0	0	0	nan	0	0	0	0.028695	0.000386	0.028695	0.000386	0.976419	0.013135
49	G	181	196514	192537	0.000940	3	1	196511	0	0	0	nan	0	0	0	0	0	0	nan	0	0	0	0.000940	0.000070	0.000940	0.000070	nan	nan
50	G	150	196527	193067	0.000777	3	1	196524	0	0	0	nan	0	0	0	0	0	0	nan	0	0	0	0.000777	0.000063	0.000777	0.000063	nan	nan
51	U	193	196530	193306	0.000998	3	1	196528	0	0	0	nan	0	0	0	0	0	0	nan	0	0	0	0.000998	0.000072	0.000998	0.000072	nan	nan
52	U	255	196533	192428	0.001325	2	1	196532	0	0	0	nan	0	0	0	0	0	0	nan	0	0	0	0.001325	0.000083	0.001325	0.000083	nan	nan
53	A	4404	196539	192919	0.022828	2	1	196538	0	0	0	nan	0	0	0	0	0	0	nan	0	0	0	0.022828	0.000344	0.022828	0.000344	0.776780	0.011705
54	A	3675	196538	193194	0.019022	2	1	196536	0	0	0	nan	0	0	0	0	0	0	nan	0	0	0	0.019022	0.000314	0.019022	0.000314	0.647271	0.010685
55	U	306	196538	193975	0.001578	2	1	196536	0	0	0	nan	0	0	0	0	0	0	nan	0	0	0	0.001578	0.000090	0.001578	0.000090	nan	nan
56	G	228	196539	194265	0.001174	2	1	196538	0	0	0	nan	0	0	0	0	0	0	nan	0	0	0	0.001174	0.000078	0.001174	0.000078	nan	nan
57	G	0	196540	193201	0.000000	2	1	196540	0	0	0	nan	0	0	0	0	0	0	nan	0	0	0	0.000000	0.000000	0.000000	0.000000	nan	nan
58	A	0	196541	0	nan	2	1	196541	0	0	0	nan	0	0	0	0	0	0	nan	0	0	0	nan	nan	nan	nan	nan	nan
59	A	0	196541	0	nan	2	1	196541	0	0	0	nan	0	0	0	0	0	0	nan	0	0	0	nan	nan	nan	nan	nan	nan
60	G	0	196541	0	nan	2	1	196541	0	0	0	nan	0	0	0	0	0	0	nan	0	0	0	nan	nan	nan	nan	nan	nan
61	u	0	196541	0	nan	2	1	196541	0	0	0	nan	0	0	0	0	0	0	nan	0	0	0	nan	nan	nan	nan	nan	nan
62	a	0	196541	0	nan	2	1	196541	0	0	0	nan	0	0	0	0	0	0	nan	0	0	0	nan	nan	nan	nan	nan	nan
63	a	0	196541	0	nan	2	1	196541	0	0	0	nan	0	0	0	0	0	0	nan	0	0	0	nan	nan	nan	nan	nan	nan
64	a	0	196541	0	nan	2	1	196541	0	0	0	nan	0	0	0	0	0	0	nan	0	0	0	nan	nan	nan	nan	nan	nan
65	g	0	196541	0	nan	2	1	196541	0	0	0	nan	0	0	0	0	0	0	nan	0	0	0	nan	nan	nan	nan	nan	nan
66	g	0	196541	0	nan	2	1	196541	0	0	0	nan	0	0	0	0	0	0	nan	0	0	0	nan	nan	nan	nan	nan	nan
67	u	0	196541	0	nan	2	1	196541	0	0	0	nan	0	0	0	0	0	0	nan	0	0	0	nan	nan	nan	nan	nan	nan
68	a	0	196541	0	nan	1	1	196541	0	0	0	nan	0	0	0	0	0	0	nan	0	0	0	nan	nan	nan	nan	nan	nan
69	a	0	196541	0	nan	1	1	196541	0	0	0	nan	0	0	0	0	0	0	nan	0	0	0	nan	nan	nan	nan	nan	nan
70	u	0	196541	0	nan	1	1	196541	0	0	0	nan	0	0	0	0	0	0	nan	0	0	0	nan	nan	nan	nan	nan	nan
71	g	0	196541	0	nan	1	1	196541	0	0	0	nan	0	0	0	0	0	0	nan	0	0	0	nan	nan	nan	nan	nan	nan
72	a	0	196541	0	nan	1	1	196541	0	0	0	nan	0	0	0	0	0	0	nan	0	0	0	nan	nan	nan	nan	nan	nan
73	a	0	196541	0	nan	1	1	196541	0	0	0	nan	0	0	0	0	0	0	nan	0	0	0	nan	nan	nan	nan	nan	nan
74	g	0	196541	0	nan	1	1	196541	0	0	0	nan	0	0	0	0	0	0	nan	0	0	0	nan	nan	nan	nan	nan	nan
75	g	0	196541	0	nan	1	1	196541	0	0	0	nan	0	0	0	0	0	0	nan	0	0	0	nan	nan	nan	nan	nan	nan
76	u	0	196534	0	nan	1	1	196534	0	0	0	nan	0	0	0	0	0	0	nan	0	0	0	nan	nan	nan	nan	nan	nan
77	g	0	196529	0	nan	1	1	196529	0	0	0	nan	0	0	0	0	0	0	nan	0	0	0	nan	nan	nan	nan	nan	nan
78	a	0	196527	0	nan	1	1	196527	0	0	0	nan	0	0	0	0	0	0	nan	0	0	0	nan	nan	nan	nan	nan	nan
79	a	0	196491	0	nan	1	1	196491	0	0	0	nan	0	0	0	0	0	0	nan	0	0	0	nan	nan	nan	nan	nan	nan
80	g	0	196416	0	nan	1	1	196416	0	0	0	nan	0	0	0	0	0	0	nan	0	0	0	nan	nan	nan	nan	nan	nan