Nucleotide	Sequence	Modified_mutations	Modified_read_depth	Modified_effective_depth	Modified_rate	Modified_off_target_mapped_depth	Modified_low_mapq_mapped_depth	Modified_primer_pair_1_mapped_depth	Untreated_mutations	Untreated_read_depth	Untreated_effective_depth	Untreated_rate	Untreated_off_target_mapped_depth	Untreated_low_mapq_mapped_depth	Untreated_primer_pair_1_mapped_depth	Denatured_mutations	Denatured_read_depth	Denatured_effective_depth	Denatured_rate	Denatured_off_target_mapped_depth	Denatured_low_mapq_mapped_depth	Denatured_primer_pair_1_mapped_depth	Reactivity_profile	Std_err	HQ_profile	HQ_stderr	Norm_profile	Norm_stderr
1	g	0	46691	0	nan	0	1	46691	0	0	0	nan	0	0	0	0	0	0	nan	0	0	0	nan	nan	nan	nan	nan	nan
2	g	0	46728	0	nan	0	1	46728	0	0	0	nan	0	0	0	0	0	0	nan	0	0	0	nan	nan	nan	nan	nan	nan
3	u	0	46750	0	nan	0	1	46750	0	0	0	nan	0	0	0	0	0	0	nan	0	0	0	nan	nan	nan	nan	nan	nan
4	g	0	46770	0	nan	0	1	46770	0	0	0	nan	0	0	0	0	0	0	nan	0	0	0	nan	nan	nan	nan	nan	nan
5	u	0	46776	0	nan	0	1	46776	0	0	0	nan	0	0	0	0	0	0	nan	0	0	0	nan	nan	nan	nan	nan	nan
6	a	0	46785	0	nan	0	1	46785	0	0	0	nan	0	0	0	0	0	0	nan	0	0	0	nan	nan	nan	nan	nan	nan
7	a	0	46818	0	nan	0	1	46818	0	0	0	nan	0	0	0	0	0	0	nan	0	0	0	nan	nan	nan	nan	nan	nan
8	g	0	46914	0	nan	0	1	46914	0	0	0	nan	0	0	0	0	0	0	nan	0	0	0	nan	nan	nan	nan	nan	nan
9	g	0	48215	0	nan	0	1	48215	0	0	0	nan	0	0	0	0	0	0	nan	0	0	0	nan	nan	nan	nan	nan	nan
10	g	0	193100	0	nan	0	1	193100	0	0	0	nan	0	0	0	0	0	0	nan	0	0	0	nan	nan	nan	nan	nan	nan
11	u	0	201622	0	nan	0	1	201622	0	0	0	nan	0	0	0	0	0	0	nan	0	0	0	nan	nan	nan	nan	nan	nan
12	g	0	201965	0	nan	0	1	201965	0	0	0	nan	0	0	0	0	0	0	nan	0	0	0	nan	nan	nan	nan	nan	nan
13	a	0	201992	0	nan	0	1	201992	0	0	0	nan	0	0	0	0	0	0	nan	0	0	0	nan	nan	nan	nan	nan	nan
14	a	0	202007	0	nan	0	1	202007	0	0	0	nan	0	0	0	0	0	0	nan	0	0	0	nan	nan	nan	nan	nan	nan
15	g	0	202017	0	nan	4	1	202017	0	0	0	nan	0	0	0	0	0	0	nan	0	0	0	nan	nan	nan	nan	nan	nan
16	u	0	202025	0	nan	4	1	202025	0	0	0	nan	0	0	0	0	0	0	nan	0	0	0	nan	nan	nan	nan	nan	nan
17	g	0	202044	0	nan	4	1	202044	0	0	0	nan	0	0	0	0	0	0	nan	0	0	0	nan	nan	nan	nan	nan	nan
18	u	0	202052	0	nan	4	1	202052	0	0	0	nan	0	0	0	0	0	0	nan	0	0	0	nan	nan	nan	nan	nan	nan
19	a	0	202114	0	nan	4	1	202114	0	0	0	nan	0	0	0	0	0	0	nan	0	0	0	nan	nan	nan	nan	nan	nan
20	A	0	202160	26	0.000000	4	1	202160	0	0	0	nan	0	0	0	0	0	0	nan	0	0	0	0.000000	0.000000	nan	nan	nan	nan
21	G	0	202218	44	0.000000	4	1	202218	0	0	0	nan	0	0	0	0	0	0	nan	0	0	0	0.000000	0.000000	nan	nan	nan	nan
22	G	0	202230	45	0.000000	4	1	202230	0	0	0	nan	0	0	0	0	0	0	nan	0	0	0	0.000000	0.000000	nan	nan	nan	nan
23	U	0	202247	199875	0.000000	4	1	202247	0	0	0	nan	0	0	0	0	0	0	nan	0	0	0	0.000000	0.000000	0.000000	0.000000	0.000000	0.000000
24	U	371	202251	199638	0.001858	4	1	202251	0	0	0	nan	0	0	0	0	0	0	nan	0	0	0	0.001858	0.000096	0.001858	0.000096	0.863383	0.044610
25	G	495	202256	198553	0.002493	4	1	202256	0	0	0	nan	0	0	0	0	0	0	nan	0	0	0	0.002493	0.000112	0.002493	0.000112	0.868944	0.039038
26	A	3050	202254	194640	0.015670	4	0	202230	0	0	0	nan	0	0	0	0	0	0	nan	0	0	0	0.015670	0.000284	0.015670	0.000284	0.907511	0.016448
27	C	11587	202261	193797	0.059789	4	0	202229	0	0	0	nan	0	0	0	0	0	0	nan	0	0	0	0.059789	0.000555	0.059789	0.000555	1.463444	0.013585
28	C	2733	202272	194499	0.014051	4	0	202242	0	0	0	nan	0	0	0	0	0	0	nan	0	0	0	0.014051	0.000269	0.014051	0.000269	0.343924	0.006584
29	U	212	202336	197496	0.001073	4	0	202312	0	0	0	nan	0	0	0	0	0	0	nan	0	0	0	0.001073	0.000074	0.001073	0.000074	0.498606	0.034387
30	U	315	202359	198268	0.001589	4	0	202336	0	0	0	nan	0	0	0	0	0	0	nan	0	0	0	0.001589	0.000090	0.001589	0.000090	0.738383	0.041822
31	U	391	202382	199017	0.001965	4	0	202362	0	0	0	nan	0	0	0	0	0	0	nan	0	0	0	0.001965	0.000099	0.001965	0.000099	0.913104	0.046004
32	U	269	202428	199969	0.001345	4	0	202410	0	0	0	nan	0	0	0	0	0	0	nan	0	0	0	0.001345	0.000082	0.001345	0.000082	0.625000	0.038104
33	G	651	202457	199023	0.003271	4	0	202442	0	0	0	nan	0	0	0	0	0	0	nan	0	0	0	0.003271	0.000128	0.003271	0.000128	1.140119	0.044615
34	A	3542	202471	198916	0.017807	4	0	202457	0	0	0	nan	0	0	0	0	0	0	nan	0	0	0	0.017807	0.000299	0.017807	0.000299	1.031274	0.017316
35	A	2650	202479	198210	0.013370	4	0	202466	0	0	0	nan	0	0	0	0	0	0	nan	0	0	0	0.013370	0.000260	0.013370	0.000260	0.774309	0.015058
36	U	258	202492	198234	0.001301	4	0	202479	0	0	0	nan	0	0	0	0	0	0	nan	0	0	0	0.001301	0.000081	0.001301	0.000081	0.604554	0.037639
37	A	2936	202508	198881	0.014763	4	0	202495	0	0	0	nan	0	0	0	0	0	0	nan	0	0	0	0.014763	0.000272	0.014763	0.000272	0.854983	0.015753
38	G	295	202527	198439	0.001487	4	0	202514	0	0	0	nan	0	0	0	0	0	0	nan	0	0	0	0.001487	0.000087	0.001487	0.000087	0.518299	0.030324
39	U	373	202535	200301	0.001862	4	0	202522	0	0	0	nan	0	0	0	0	0	0	nan	0	0	0	0.001862	0.000096	0.001862	0.000096	0.865242	0.044610
40	G	509	202560	198873	0.002559	4	2	202549	0	0	0	nan	0	0	0	0	0	0	nan	0	0	0	0.002559	0.000113	0.002559	0.000113	0.891948	0.039387
41	A	3522	202575	199160	0.017684	4	3	202563	0	0	0	nan	0	0	0	0	0	0	nan	0	0	0	0.017684	0.000298	0.017684	0.000298	1.024150	0.017258
42	U	427	202598	198450	0.002152	4	3	202589	0	0	0	nan	0	0	0	0	0	0	nan	0	0	0	0.002152	0.000104	0.002152	0.000104	1.000000	0.048327
43	U	408	202619	198386	0.002057	4	3	202612	0	0	0	nan	0	0	0	0	0	0	nan	0	0	0	0.002057	0.000102	0.002057	0.000102	0.955855	0.047398
44	C	4341	202635	198028	0.021921	4	3	202628	0	0	0	nan	0	0	0	0	0	0	nan	0	0	0	0.021921	0.000333	0.021921	0.000333	0.536556	0.008151
45	A	3432	202652	198761	0.017267	4	3	202645	0	0	0	nan	0	0	0	0	0	0	nan	0	0	0	0.017267	0.000295	0.017267	0.000295	1.000000	0.017085
46	G	522	202671	199851	0.002612	4	3	202665	0	0	0	nan	0	0	0	0	0	0	nan	0	0	0	0.002612	0.000114	0.002612	0.000114	0.910422	0.039735
47	G	518	202686	199599	0.002595	4	3	202682	0	0	0	nan	0	0	0	0	0	0	nan	0	0	0	0.002595	0.000114	0.002595	0.000114	0.904496	0.039735
48	A	3161	202688	199853	0.015817	4	3	202684	0	0	0	nan	0	0	0	0	0	0	nan	0	0	0	0.015817	0.000281	0.015817	0.000281	0.916025	0.016274
49	G	1130	202737	199689	0.005659	4	3	202736	0	0	0	nan	0	0	0	0	0	0	nan	0	0	0	0.005659	0.000168	0.005659	0.000168	1.972464	0.058557
50	G	378	202751	199729	0.001893	4	3	202750	0	0	0	nan	0	0	0	0	0	0	nan	0	0	0	0.001893	0.000097	0.001893	0.000097	0.659812	0.033810
51	U	256	202758	199855	0.001281	4	3	202757	0	0	0	nan	0	0	0	0	0	0	nan	0	0	0	0.001281	0.000080	0.001281	0.000080	0.595260	0.037175
52	U	376	202761	199109	0.001888	4	3	202760	0	0	0	nan	0	0	0	0	0	0	nan	0	0	0	0.001888	0.000097	0.001888	0.000097	0.877323	0.045074
53	A	2660	202763	199768	0.013315	4	3	202761	0	0	0	nan	0	0	0	0	0	0	nan	0	0	0	0.013315	0.000258	0.013315	0.000258	0.771124	0.014942
54	A	2224	202757	199960	0.011122	4	3	202755	0	0	0	nan	0	0	0	0	0	0	nan	0	0	0	0.011122	0.000236	0.011122	0.000236	0.644119	0.013668
55	U	504	202757	200573	0.002513	4	3	202756	0	0	0	nan	0	0	0	0	0	0	nan	0	0	0	0.002513	0.000112	0.002513	0.000112	1.167751	0.052045
56	G	576	202759	200774	0.002869	4	3	202759	0	0	0	nan	0	0	0	0	0	0	nan	0	0	0	0.002869	0.000120	0.002869	0.000120	1.000000	0.041826
57	G	0	202761	199834	0.000000	3	3	202761	0	0	0	nan	0	0	0	0	0	0	nan	0	0	0	0.000000	0.000000	0.000000	0.000000	0.000000	0.000000
58	A	0	202761	0	nan	3	3	202761	0	0	0	nan	0	0	0	0	0	0	nan	0	0	0	nan	nan	nan	nan	nan	nan
59	A	0	202761	0	nan	3	3	202761	0	0	0	nan	0	0	0	0	0	0	nan	0	0	0	nan	nan	nan	nan	nan	nan
60	G	0	202761	0	nan	3	3	202761	0	0	0	nan	0	0	0	0	0	0	nan	0	0	0	nan	nan	nan	nan	nan	nan
61	u	0	202761	0	nan	3	3	202761	0	0	0	nan	0	0	0	0	0	0	nan	0	0	0	nan	nan	nan	nan	nan	nan
62	a	0	202761	0	nan	3	3	202761	0	0	0	nan	0	0	0	0	0	0	nan	0	0	0	nan	nan	nan	nan	nan	nan
63	a	0	202761	0	nan	3	3	202761	0	0	0	nan	0	0	0	0	0	0	nan	0	0	0	nan	nan	nan	nan	nan	nan
64	a	0	202761	0	nan	3	3	202761	0	0	0	nan	0	0	0	0	0	0	nan	0	0	0	nan	nan	nan	nan	nan	nan
65	g	0	202761	0	nan	3	3	202761	0	0	0	nan	0	0	0	0	0	0	nan	0	0	0	nan	nan	nan	nan	nan	nan
66	g	0	202761	0	nan	3	3	202761	0	0	0	nan	0	0	0	0	0	0	nan	0	0	0	nan	nan	nan	nan	nan	nan
67	u	0	202761	0	nan	3	3	202761	0	0	0	nan	0	0	0	0	0	0	nan	0	0	0	nan	nan	nan	nan	nan	nan
68	a	0	202761	0	nan	3	3	202761	0	0	0	nan	0	0	0	0	0	0	nan	0	0	0	nan	nan	nan	nan	nan	nan
69	a	0	202761	0	nan	3	3	202761	0	0	0	nan	0	0	0	0	0	0	nan	0	0	0	nan	nan	nan	nan	nan	nan
70	u	0	202761	0	nan	3	3	202761	0	0	0	nan	0	0	0	0	0	0	nan	0	0	0	nan	nan	nan	nan	nan	nan
71	g	0	202761	0	nan	3	3	202761	0	0	0	nan	0	0	0	0	0	0	nan	0	0	0	nan	nan	nan	nan	nan	nan
72	a	0	202761	0	nan	3	3	202761	0	0	0	nan	0	0	0	0	0	0	nan	0	0	0	nan	nan	nan	nan	nan	nan
73	a	0	202761	0	nan	3	3	202761	0	0	0	nan	0	0	0	0	0	0	nan	0	0	0	nan	nan	nan	nan	nan	nan
74	g	0	202761	0	nan	3	3	202761	0	0	0	nan	0	0	0	0	0	0	nan	0	0	0	nan	nan	nan	nan	nan	nan
75	g	0	202761	0	nan	3	3	202761	0	0	0	nan	0	0	0	0	0	0	nan	0	0	0	nan	nan	nan	nan	nan	nan
76	u	0	202757	0	nan	3	3	202757	0	0	0	nan	0	0	0	0	0	0	nan	0	0	0	nan	nan	nan	nan	nan	nan
77	g	0	202753	0	nan	3	3	202753	0	0	0	nan	0	0	0	0	0	0	nan	0	0	0	nan	nan	nan	nan	nan	nan
78	a	0	202751	0	nan	3	3	202751	0	0	0	nan	0	0	0	0	0	0	nan	0	0	0	nan	nan	nan	nan	nan	nan
79	a	0	202718	0	nan	3	3	202718	0	0	0	nan	0	0	0	0	0	0	nan	0	0	0	nan	nan	nan	nan	nan	nan
80	g	0	202634	0	nan	3	3	202634	0	0	0	nan	0	0	0	0	0	0	nan	0	0	0	nan	nan	nan	nan	nan	nan