Nucleotide	Sequence	Modified_mutations	Modified_read_depth	Modified_effective_depth	Modified_rate	Modified_off_target_mapped_depth	Modified_low_mapq_mapped_depth	Modified_primer_pair_1_mapped_depth	Untreated_mutations	Untreated_read_depth	Untreated_effective_depth	Untreated_rate	Untreated_off_target_mapped_depth	Untreated_low_mapq_mapped_depth	Untreated_primer_pair_1_mapped_depth	Denatured_mutations	Denatured_read_depth	Denatured_effective_depth	Denatured_rate	Denatured_off_target_mapped_depth	Denatured_low_mapq_mapped_depth	Denatured_primer_pair_1_mapped_depth	Reactivity_profile	Std_err	HQ_profile	HQ_stderr	Norm_profile	Norm_stderr
1	g	0	219375	0	nan	20	0	219375	0	0	0	nan	0	0	0	0	0	0	nan	0	0	0	nan	nan	nan	nan	nan	nan
2	g	0	219797	0	nan	20	0	219797	0	0	0	nan	0	0	0	0	0	0	nan	0	0	0	nan	nan	nan	nan	nan	nan
3	c	0	219932	0	nan	20	0	219932	0	0	0	nan	0	0	0	0	0	0	nan	0	0	0	nan	nan	nan	nan	nan	nan
4	a	0	223825	0	nan	49	0	223825	0	0	0	nan	0	0	0	0	0	0	nan	0	0	0	nan	nan	nan	nan	nan	nan
5	c	0	223909	0	nan	49	0	223909	0	0	0	nan	0	0	0	0	0	0	nan	0	0	0	nan	nan	nan	nan	nan	nan
6	c	0	223935	0	nan	49	0	223935	0	0	0	nan	0	0	0	0	0	0	nan	0	0	0	nan	nan	nan	nan	nan	nan
7	u	0	223936	0	nan	49	0	223936	0	0	0	nan	0	0	0	0	0	0	nan	0	0	0	nan	nan	nan	nan	nan	nan
8	c	0	223936	0	nan	49	0	223936	0	0	0	nan	0	0	0	0	0	0	nan	0	0	0	nan	nan	nan	nan	nan	nan
9	a	0	223936	0	nan	49	0	223936	0	0	0	nan	0	0	0	0	0	0	nan	0	0	0	nan	nan	nan	nan	nan	nan
10	u	0	223946	0	nan	49	0	223946	0	0	0	nan	0	0	0	0	0	0	nan	0	0	0	nan	nan	nan	nan	nan	nan
11	a	0	223958	0	nan	49	0	223958	0	0	0	nan	0	0	0	0	0	0	nan	0	0	0	nan	nan	nan	nan	nan	nan
12	a	0	223963	0	nan	49	0	223963	0	0	0	nan	0	0	0	0	0	0	nan	0	0	0	nan	nan	nan	nan	nan	nan
13	c	0	223967	0	nan	49	0	223967	0	0	0	nan	0	0	0	0	0	0	nan	0	0	0	nan	nan	nan	nan	nan	nan
14	a	0	223969	0	nan	49	0	223969	0	0	0	nan	0	0	0	0	0	0	nan	0	0	0	nan	nan	nan	nan	nan	nan
15	u	0	223971	0	nan	49	0	223971	0	0	0	nan	0	0	0	0	0	0	nan	0	0	0	nan	nan	nan	nan	nan	nan
16	a	0	223978	0	nan	49	0	223978	0	0	0	nan	0	0	0	0	0	0	nan	0	0	0	nan	nan	nan	nan	nan	nan
17	a	0	223982	0	nan	49	0	223982	0	0	0	nan	0	0	0	0	0	0	nan	0	0	0	nan	nan	nan	nan	nan	nan
18	c	0	223986	0	nan	49	0	223986	0	0	0	nan	0	0	0	0	0	0	nan	0	0	0	nan	nan	nan	nan	nan	nan
19	U	0	223987	0	nan	49	0	223987	0	0	0	nan	0	0	0	0	0	0	nan	0	0	0	nan	nan	nan	nan	nan	nan
20	A	0	223992	3	0.000000	49	0	223992	0	0	0	nan	0	0	0	0	0	0	nan	0	0	0	0.000000	0.000000	nan	nan	nan	nan
21	A	0	224001	8	0.000000	49	0	224001	0	0	0	nan	0	0	0	0	0	0	nan	0	0	0	0.000000	0.000000	nan	nan	nan	nan
22	G	0	224006	222046	0.000000	49	0	224006	0	0	0	nan	0	0	0	0	0	0	nan	0	0	0	0.000000	0.000000	0.000000	0.000000	nan	nan
23	G	202	224010	220989	0.000914	49	0	224010	0	0	0	nan	0	0	0	0	0	0	nan	0	0	0	0.000914	0.000064	0.000914	0.000064	nan	nan
24	C	5446	224018	221514	0.024585	49	0	224018	0	0	0	nan	0	0	0	0	0	0	nan	0	0	0	0.024585	0.000333	0.024585	0.000333	0.887713	0.012024
25	A	4287	224031	221935	0.019316	49	0	224031	0	0	0	nan	0	0	0	0	0	0	nan	0	0	0	0.019316	0.000295	0.019316	0.000295	1.000000	0.015272
26	G	205	224035	221815	0.000924	49	0	224034	0	0	0	nan	0	0	0	0	0	0	nan	0	0	0	0.000924	0.000065	0.000924	0.000065	nan	nan
27	A	3798	224049	222340	0.017082	49	0	224048	0	0	0	nan	0	0	0	0	0	0	nan	0	0	0	0.017082	0.000277	0.017082	0.000277	0.884345	0.014340
28	U	401	224062	221929	0.001807	49	0	224061	0	0	0	nan	0	0	0	0	0	0	nan	0	0	0	0.001807	0.000090	0.001807	0.000090	nan	nan
29	C	5193	224067	222466	0.023343	49	0	224066	0	0	0	nan	0	0	0	0	0	0	nan	0	0	0	0.023343	0.000324	0.023343	0.000324	0.842867	0.011699
30	U	375	224070	222428	0.001686	49	0	224067	0	0	0	nan	0	0	0	0	0	0	nan	0	0	0	0.001686	0.000087	0.001686	0.000087	nan	nan
31	G	204	224075	222151	0.000918	49	0	224072	0	0	0	nan	0	0	0	0	0	0	nan	0	0	0	0.000918	0.000064	0.000918	0.000064	nan	nan
32	A	4108	224076	222419	0.018470	49	0	224074	0	0	0	nan	0	0	0	0	0	0	nan	0	0	0	0.018470	0.000288	0.018470	0.000288	0.956202	0.014910
33	G	162	224078	221331	0.000732	49	0	224074	0	0	0	nan	0	0	0	0	0	0	nan	0	0	0	0.000732	0.000058	0.000732	0.000058	nan	nan
34	C	5380	224082	221664	0.024271	49	0	224078	0	0	0	nan	0	0	0	0	0	0	nan	0	0	0	0.024271	0.000331	0.024271	0.000331	0.876375	0.011952
35	U	537	224087	221305	0.002427	49	0	224079	0	0	0	nan	0	0	0	0	0	0	nan	0	0	0	0.002427	0.000105	0.002427	0.000105	nan	nan
36	U	380	224089	221256	0.001717	49	0	224072	0	0	0	nan	0	0	0	0	0	0	nan	0	0	0	0.001717	0.000088	0.001717	0.000088	nan	nan
37	G	208	224091	221012	0.000941	49	0	224053	0	0	0	nan	0	0	0	0	0	0	nan	0	0	0	0.000941	0.000065	0.000941	0.000065	nan	nan
38	G	235	224092	215583	0.001090	49	0	224056	0	0	0	nan	0	0	0	0	0	0	nan	0	0	0	0.001090	0.000071	0.001090	0.000071	nan	nan
39	G	256	224095	215092	0.001190	49	0	224069	0	0	0	nan	0	0	0	0	0	0	nan	0	0	0	0.001190	0.000074	0.001190	0.000074	nan	nan
40	A	4697	224096	216150	0.021730	49	0	224074	0	0	0	nan	0	0	0	0	0	0	nan	0	0	0	0.021730	0.000317	0.021730	0.000317	1.124974	0.016411
41	G	250	224100	221005	0.001131	49	0	224090	0	0	0	nan	0	0	0	0	0	0	nan	0	0	0	0.001131	0.000072	0.001131	0.000072	nan	nan
42	C	5885	224100	221881	0.026523	21	0	224093	0	0	0	nan	0	0	0	0	0	0	nan	0	0	0	0.026523	0.000346	0.026523	0.000346	0.957691	0.012493
43	U	297	224102	221818	0.001339	21	0	224097	0	0	0	nan	0	0	0	0	0	0	nan	0	0	0	0.001339	0.000078	0.001339	0.000078	nan	nan
44	C	5439	224103	222031	0.024497	21	0	224099	0	0	0	nan	0	0	0	0	0	0	nan	0	0	0	0.024497	0.000332	0.024497	0.000332	0.884536	0.011988
45	U	329	224105	222087	0.001481	21	0	224098	0	0	0	nan	0	0	0	0	0	0	nan	0	0	0	0.001481	0.000082	0.001481	0.000082	nan	nan
46	C	5920	224108	222267	0.026635	21	0	224102	0	0	0	nan	0	0	0	0	0	0	nan	0	0	0	0.026635	0.000346	0.026635	0.000346	0.961735	0.012493
47	U	362	224109	222258	0.001629	21	0	224106	0	0	0	nan	0	0	0	0	0	0	nan	0	0	0	0.001629	0.000086	0.001629	0.000086	nan	nan
48	G	219	224112	221408	0.000989	21	0	224109	0	0	0	nan	0	0	0	0	0	0	nan	0	0	0	0.000989	0.000067	0.000989	0.000067	nan	nan
49	C	6846	224113	221739	0.030874	21	0	224111	0	0	0	nan	0	0	0	0	0	0	nan	0	0	0	0.030874	0.000373	0.030874	0.000373	1.114796	0.013468
50	C	7170	224115	222130	0.032278	21	0	224113	0	0	0	nan	0	0	0	0	0	0	nan	0	0	0	0.032278	0.000381	0.032278	0.000381	1.165492	0.013757
51	A	3834	224119	222476	0.017233	21	0	224118	0	0	0	nan	0	0	0	0	0	0	nan	0	0	0	0.017233	0.000278	0.017233	0.000278	0.892162	0.014392
52	A	0	224119	221565	0.000000	21	0	224119	0	0	0	nan	0	0	0	0	0	0	nan	0	0	0	0.000000	0.000000	0.000000	0.000000	0.000000	0.000000
53	U	0	224110	193	0.000000	20	0	224110	0	0	0	nan	0	0	0	0	0	0	nan	0	0	0	0.000000	0.000000	nan	nan	nan	nan
54	C	0	223877	2	0.000000	16	0	223877	0	0	0	nan	0	0	0	0	0	0	nan	0	0	0	0.000000	0.000000	nan	nan	nan	nan
55	C	0	223875	0	nan	16	0	223875	0	0	0	nan	0	0	0	0	0	0	nan	0	0	0	nan	nan	nan	nan	nan	nan
56	a	0	223875	0	nan	16	0	223875	0	0	0	nan	0	0	0	0	0	0	nan	0	0	0	nan	nan	nan	nan	nan	nan
57	c	0	223875	0	nan	16	0	223875	0	0	0	nan	0	0	0	0	0	0	nan	0	0	0	nan	nan	nan	nan	nan	nan
58	u	0	223875	0	nan	16	0	223875	0	0	0	nan	0	0	0	0	0	0	nan	0	0	0	nan	nan	nan	nan	nan	nan
59	a	0	223875	0	nan	16	0	223875	0	0	0	nan	0	0	0	0	0	0	nan	0	0	0	nan	nan	nan	nan	nan	nan
60	a	0	223875	0	nan	16	0	223875	0	0	0	nan	0	0	0	0	0	0	nan	0	0	0	nan	nan	nan	nan	nan	nan
61	c	0	223875	0	nan	4	0	223875	0	0	0	nan	0	0	0	0	0	0	nan	0	0	0	nan	nan	nan	nan	nan	nan
62	c	0	223875	0	nan	4	0	223875	0	0	0	nan	0	0	0	0	0	0	nan	0	0	0	nan	nan	nan	nan	nan	nan
63	u	0	223875	0	nan	0	0	223875	0	0	0	nan	0	0	0	0	0	0	nan	0	0	0	nan	nan	nan	nan	nan	nan
64	c	0	223875	0	nan	0	0	223875	0	0	0	nan	0	0	0	0	0	0	nan	0	0	0	nan	nan	nan	nan	nan	nan
65	a	0	223875	0	nan	0	0	223875	0	0	0	nan	0	0	0	0	0	0	nan	0	0	0	nan	nan	nan	nan	nan	nan
66	c	0	223872	0	nan	0	0	223872	0	0	0	nan	0	0	0	0	0	0	nan	0	0	0	nan	nan	nan	nan	nan	nan
67	u	0	223872	0	nan	0	0	223872	0	0	0	nan	0	0	0	0	0	0	nan	0	0	0	nan	nan	nan	nan	nan	nan
68	c	0	223872	0	nan	0	0	223872	0	0	0	nan	0	0	0	0	0	0	nan	0	0	0	nan	nan	nan	nan	nan	nan
69	a	0	223872	0	nan	0	0	223872	0	0	0	nan	0	0	0	0	0	0	nan	0	0	0	nan	nan	nan	nan	nan	nan
70	c	0	223859	0	nan	0	0	223859	0	0	0	nan	0	0	0	0	0	0	nan	0	0	0	nan	nan	nan	nan	nan	nan
71	a	0	223856	0	nan	0	0	223856	0	0	0	nan	0	0	0	0	0	0	nan	0	0	0	nan	nan	nan	nan	nan	nan
72	a	0	223794	0	nan	0	0	223794	0	0	0	nan	0	0	0	0	0	0	nan	0	0	0	nan	nan	nan	nan	nan	nan
73	u	0	223688	0	nan	0	0	223688	0	0	0	nan	0	0	0	0	0	0	nan	0	0	0	nan	nan	nan	nan	nan	nan
74	c	0	223353	0	nan	0	0	223353	0	0	0	nan	0	0	0	0	0	0	nan	0	0	0	nan	nan	nan	nan	nan	nan