Nucleotide	Sequence	Modified_mutations	Modified_read_depth	Modified_effective_depth	Modified_rate	Modified_off_target_mapped_depth	Modified_low_mapq_mapped_depth	Modified_primer_pair_1_mapped_depth	Untreated_mutations	Untreated_read_depth	Untreated_effective_depth	Untreated_rate	Untreated_off_target_mapped_depth	Untreated_low_mapq_mapped_depth	Untreated_primer_pair_1_mapped_depth	Denatured_mutations	Denatured_read_depth	Denatured_effective_depth	Denatured_rate	Denatured_off_target_mapped_depth	Denatured_low_mapq_mapped_depth	Denatured_primer_pair_1_mapped_depth	Reactivity_profile	Std_err	HQ_profile	HQ_stderr	Norm_profile	Norm_stderr
1	g	0	195526	0	nan	1	2	195526	0	0	0	nan	0	0	0	0	0	0	nan	0	0	0	nan	nan	nan	nan	nan	nan
2	g	0	195717	0	nan	1	2	195717	0	0	0	nan	0	0	0	0	0	0	nan	0	0	0	nan	nan	nan	nan	nan	nan
3	u	0	195806	0	nan	1	2	195806	0	0	0	nan	0	0	0	0	0	0	nan	0	0	0	nan	nan	nan	nan	nan	nan
4	g	0	195826	0	nan	1	2	195826	0	0	0	nan	0	0	0	0	0	0	nan	0	0	0	nan	nan	nan	nan	nan	nan
5	u	0	195836	0	nan	1	2	195836	0	0	0	nan	0	0	0	0	0	0	nan	0	0	0	nan	nan	nan	nan	nan	nan
6	a	0	195836	0	nan	1	2	195836	0	0	0	nan	0	0	0	0	0	0	nan	0	0	0	nan	nan	nan	nan	nan	nan
7	a	0	195840	0	nan	1	2	195840	0	0	0	nan	0	0	0	0	0	0	nan	0	0	0	nan	nan	nan	nan	nan	nan
8	g	0	195843	0	nan	1	2	195843	0	0	0	nan	0	0	0	0	0	0	nan	0	0	0	nan	nan	nan	nan	nan	nan
9	g	0	195848	0	nan	1	2	195848	0	0	0	nan	0	0	0	0	0	0	nan	0	0	0	nan	nan	nan	nan	nan	nan
10	g	0	196887	0	nan	1	2	196887	0	0	0	nan	0	0	0	0	0	0	nan	0	0	0	nan	nan	nan	nan	nan	nan
11	u	0	196907	0	nan	1	2	196907	0	0	0	nan	0	0	0	0	0	0	nan	0	0	0	nan	nan	nan	nan	nan	nan
12	g	0	196922	0	nan	1	2	196922	0	0	0	nan	0	0	0	0	0	0	nan	0	0	0	nan	nan	nan	nan	nan	nan
13	a	0	196922	0	nan	1	2	196922	0	0	0	nan	0	0	0	0	0	0	nan	0	0	0	nan	nan	nan	nan	nan	nan
14	a	0	196922	0	nan	2	2	196922	0	0	0	nan	0	0	0	0	0	0	nan	0	0	0	nan	nan	nan	nan	nan	nan
15	g	0	196922	0	nan	19	2	196922	0	0	0	nan	0	0	0	0	0	0	nan	0	0	0	nan	nan	nan	nan	nan	nan
16	u	0	196924	0	nan	19	2	196924	0	0	0	nan	0	0	0	0	0	0	nan	0	0	0	nan	nan	nan	nan	nan	nan
17	g	0	196925	0	nan	19	2	196925	0	0	0	nan	0	0	0	0	0	0	nan	0	0	0	nan	nan	nan	nan	nan	nan
18	u	0	196926	0	nan	19	2	196926	0	0	0	nan	0	0	0	0	0	0	nan	0	0	0	nan	nan	nan	nan	nan	nan
19	a	0	196933	0	nan	19	2	196933	0	0	0	nan	0	0	0	0	0	0	nan	0	0	0	nan	nan	nan	nan	nan	nan
20	A	0	196937	4	0.000000	19	2	196937	0	0	0	nan	0	0	0	0	0	0	nan	0	0	0	0.000000	0.000000	nan	nan	nan	nan
21	G	0	196942	8	0.000000	19	2	196942	0	0	0	nan	0	0	0	0	0	0	nan	0	0	0	0.000000	0.000000	nan	nan	nan	nan
22	G	0	196947	13	0.000000	19	2	196947	0	0	0	nan	0	0	0	0	0	0	nan	0	0	0	0.000000	0.000000	nan	nan	nan	nan
23	U	0	196955	196720	0.000000	19	2	196955	0	0	0	nan	0	0	0	0	0	0	nan	0	0	0	0.000000	0.000000	0.000000	0.000000	0.000000	0.000000
24	U	368	196962	196693	0.001871	19	2	196962	0	0	0	nan	0	0	0	0	0	0	nan	0	0	0	0.001871	0.000098	0.001871	0.000098	0.697094	0.036513
25	G	95	196962	195999	0.000485	19	2	196962	0	0	0	nan	0	0	0	0	0	0	nan	0	0	0	0.000485	0.000050	0.000485	0.000050	nan	nan
26	A	4206	196962	196301	0.021426	19	2	196962	0	0	0	nan	0	0	0	0	0	0	nan	0	0	0	0.021426	0.000330	0.021426	0.000330	0.893578	0.013763
27	A	4104	196962	196142	0.020924	19	2	196962	0	0	0	nan	0	0	0	0	0	0	nan	0	0	0	0.020924	0.000327	0.020924	0.000327	0.872642	0.013638
28	C	5478	196963	195371	0.028039	19	2	196963	0	0	0	nan	0	0	0	0	0	0	nan	0	0	0	0.028039	0.000379	0.028039	0.000379	0.918777	0.012419
29	U	331	196963	196101	0.001688	19	2	196963	0	0	0	nan	0	0	0	0	0	0	nan	0	0	0	0.001688	0.000093	0.001688	0.000093	0.628912	0.034650
30	U	420	196963	196309	0.002139	19	2	196963	0	0	0	nan	0	0	0	0	0	0	nan	0	0	0	0.002139	0.000104	0.002139	0.000104	0.796945	0.038748
31	U	527	196965	196378	0.002684	19	2	196961	0	0	0	nan	0	0	0	0	0	0	nan	0	0	0	0.002684	0.000117	0.002684	0.000117	1.000000	0.043592
32	U	362	196969	196324	0.001844	19	2	196937	0	0	0	nan	0	0	0	0	0	0	nan	0	0	0	0.001844	0.000097	0.001844	0.000097	0.687034	0.036140
33	G	163	196983	195579	0.000833	19	2	196938	0	0	0	nan	0	0	0	0	0	0	nan	0	0	0	0.000833	0.000065	0.000833	0.000065	nan	nan
34	A	4319	196992	196087	0.022026	19	2	196943	0	0	0	nan	0	0	0	0	0	0	nan	0	0	0	0.022026	0.000335	0.022026	0.000335	0.918602	0.013971
35	A	3688	196994	195983	0.018818	19	2	196945	0	0	0	nan	0	0	0	0	0	0	nan	0	0	0	0.018818	0.000310	0.018818	0.000310	0.784811	0.012929
36	U	314	196996	195857	0.001603	19	2	196949	0	0	0	nan	0	0	0	0	0	0	nan	0	0	0	0.001603	0.000090	0.001603	0.000090	0.597243	0.033532
37	A	3763	196996	195889	0.019210	19	2	196948	0	0	0	nan	0	0	0	0	0	0	nan	0	0	0	0.019210	0.000313	0.019210	0.000313	0.801159	0.013054
38	G	156	197020	194784	0.000801	19	2	196994	0	0	0	nan	0	0	0	0	0	0	nan	0	0	0	0.000801	0.000064	0.000801	0.000064	nan	nan
39	U	401	197022	196162	0.002044	19	2	196995	0	0	0	nan	0	0	0	0	0	0	nan	0	0	0	0.002044	0.000102	0.002044	0.000102	0.761550	0.038003
40	G	215	197029	195502	0.001100	19	2	197005	0	0	0	nan	0	0	0	0	0	0	nan	0	0	0	0.001100	0.000075	0.001100	0.000075	nan	nan
41	A	4876	197029	195908	0.024889	19	2	197010	0	0	0	nan	0	0	0	0	0	0	nan	0	0	0	0.024889	0.000356	0.024889	0.000356	1.038004	0.014847
42	U	567	197031	195902	0.002894	19	2	197015	0	0	0	nan	0	0	0	0	0	0	nan	0	0	0	0.002894	0.000122	0.002894	0.000122	1.078241	0.045455
43	U	519	197037	195944	0.002649	19	2	197023	0	0	0	nan	0	0	0	0	0	0	nan	0	0	0	0.002649	0.000116	0.002649	0.000116	0.986960	0.043219
44	C	6131	197051	195606	0.031344	19	2	197039	0	0	0	nan	0	0	0	0	0	0	nan	0	0	0	0.031344	0.000400	0.031344	0.000400	1.027074	0.013107
45	A	4745	197063	195627	0.024255	19	2	197052	0	0	0	nan	0	0	0	0	0	0	nan	0	0	0	0.024255	0.000352	0.024255	0.000352	1.011563	0.014680
46	G	204	197075	194990	0.001046	19	2	197065	0	0	0	nan	0	0	0	0	0	0	nan	0	0	0	0.001046	0.000073	0.001046	0.000073	nan	nan
47	G	174	197079	195109	0.000892	19	2	197069	0	0	0	nan	0	0	0	0	0	0	nan	0	0	0	0.000892	0.000068	0.000892	0.000068	nan	nan
48	A	4746	197080	195899	0.024227	19	2	197070	0	0	0	nan	0	0	0	0	0	0	nan	0	0	0	0.024227	0.000352	0.024227	0.000352	1.010395	0.014680
49	G	175	197081	195472	0.000895	18	2	197071	0	0	0	nan	0	0	0	0	0	0	nan	0	0	0	0.000895	0.000068	0.000895	0.000068	nan	nan
50	G	212	197082	195371	0.001085	18	2	197072	0	0	0	nan	0	0	0	0	0	0	nan	0	0	0	0.001085	0.000075	0.001085	0.000075	nan	nan
51	U	461	197087	196090	0.002351	18	2	197081	0	0	0	nan	0	0	0	0	0	0	nan	0	0	0	0.002351	0.000109	0.002351	0.000109	0.875931	0.040611
52	U	379	197089	195857	0.001935	18	2	197085	0	0	0	nan	0	0	0	0	0	0	nan	0	0	0	0.001935	0.000099	0.001935	0.000099	0.720939	0.036885
53	A	4539	197085	195393	0.023230	18	2	197080	0	0	0	nan	0	0	0	0	0	0	nan	0	0	0	0.023230	0.000345	0.023230	0.000345	0.968815	0.014388
54	A	3741	196955	195124	0.019172	17	2	196941	0	0	0	nan	0	0	0	0	0	0	nan	0	0	0	0.019172	0.000313	0.019172	0.000313	0.799575	0.013054
55	U	511	196958	195027	0.002620	17	2	196948	0	0	0	nan	0	0	0	0	0	0	nan	0	0	0	0.002620	0.000116	0.002620	0.000116	0.976155	0.043219
56	G	251	196970	194854	0.001288	17	2	196963	0	0	0	nan	0	0	0	0	0	0	nan	0	0	0	0.001288	0.000081	0.001288	0.000081	nan	nan
57	G	0	196992	194820	0.000000	17	2	196990	0	0	0	nan	0	0	0	0	0	0	nan	0	0	0	0.000000	0.000000	0.000000	0.000000	nan	nan
58	A	0	197004	1	0.000000	17	2	197004	0	0	0	nan	0	0	0	0	0	0	nan	0	0	0	0.000000	0.000000	nan	nan	nan	nan
59	A	0	197004	1	0.000000	17	2	197004	0	0	0	nan	0	0	0	0	0	0	nan	0	0	0	0.000000	0.000000	nan	nan	nan	nan
60	G	0	197004	1	0.000000	17	2	197004	0	0	0	nan	0	0	0	0	0	0	nan	0	0	0	0.000000	0.000000	nan	nan	nan	nan
61	u	0	197003	0	nan	17	2	197003	0	0	0	nan	0	0	0	0	0	0	nan	0	0	0	nan	nan	nan	nan	nan	nan
62	a	0	197003	0	nan	17	2	197003	0	0	0	nan	0	0	0	0	0	0	nan	0	0	0	nan	nan	nan	nan	nan	nan
63	a	0	197003	0	nan	17	2	197003	0	0	0	nan	0	0	0	0	0	0	nan	0	0	0	nan	nan	nan	nan	nan	nan
64	a	0	197003	0	nan	17	2	197003	0	0	0	nan	0	0	0	0	0	0	nan	0	0	0	nan	nan	nan	nan	nan	nan
65	g	0	197003	0	nan	17	2	197003	0	0	0	nan	0	0	0	0	0	0	nan	0	0	0	nan	nan	nan	nan	nan	nan
66	g	0	197003	0	nan	17	2	197003	0	0	0	nan	0	0	0	0	0	0	nan	0	0	0	nan	nan	nan	nan	nan	nan
67	u	0	197003	0	nan	17	2	197003	0	0	0	nan	0	0	0	0	0	0	nan	0	0	0	nan	nan	nan	nan	nan	nan
68	a	0	197003	0	nan	17	2	197003	0	0	0	nan	0	0	0	0	0	0	nan	0	0	0	nan	nan	nan	nan	nan	nan
69	a	0	197003	0	nan	17	2	197003	0	0	0	nan	0	0	0	0	0	0	nan	0	0	0	nan	nan	nan	nan	nan	nan
70	u	0	197003	0	nan	16	2	197003	0	0	0	nan	0	0	0	0	0	0	nan	0	0	0	nan	nan	nan	nan	nan	nan
71	g	0	197003	0	nan	16	2	197003	0	0	0	nan	0	0	0	0	0	0	nan	0	0	0	nan	nan	nan	nan	nan	nan
72	a	0	197003	0	nan	16	2	197003	0	0	0	nan	0	0	0	0	0	0	nan	0	0	0	nan	nan	nan	nan	nan	nan
73	a	0	197003	0	nan	16	2	197003	0	0	0	nan	0	0	0	0	0	0	nan	0	0	0	nan	nan	nan	nan	nan	nan
74	g	0	197000	0	nan	16	2	197000	0	0	0	nan	0	0	0	0	0	0	nan	0	0	0	nan	nan	nan	nan	nan	nan
75	g	0	196999	0	nan	16	2	196999	0	0	0	nan	0	0	0	0	0	0	nan	0	0	0	nan	nan	nan	nan	nan	nan
76	u	0	196998	0	nan	16	2	196998	0	0	0	nan	0	0	0	0	0	0	nan	0	0	0	nan	nan	nan	nan	nan	nan
77	g	0	196995	0	nan	16	2	196995	0	0	0	nan	0	0	0	0	0	0	nan	0	0	0	nan	nan	nan	nan	nan	nan
78	a	0	196989	0	nan	16	2	196989	0	0	0	nan	0	0	0	0	0	0	nan	0	0	0	nan	nan	nan	nan	nan	nan
79	a	0	196958	0	nan	16	2	196958	0	0	0	nan	0	0	0	0	0	0	nan	0	0	0	nan	nan	nan	nan	nan	nan
80	g	0	196870	0	nan	16	2	196870	0	0	0	nan	0	0	0	0	0	0	nan	0	0	0	nan	nan	nan	nan	nan	nan