Nucleotide	Sequence	Modified_mutations	Modified_read_depth	Modified_effective_depth	Modified_rate	Modified_off_target_mapped_depth	Modified_low_mapq_mapped_depth	Modified_primer_pair_1_mapped_depth	Untreated_mutations	Untreated_read_depth	Untreated_effective_depth	Untreated_rate	Untreated_off_target_mapped_depth	Untreated_low_mapq_mapped_depth	Untreated_primer_pair_1_mapped_depth	Denatured_mutations	Denatured_read_depth	Denatured_effective_depth	Denatured_rate	Denatured_off_target_mapped_depth	Denatured_low_mapq_mapped_depth	Denatured_primer_pair_1_mapped_depth	Reactivity_profile	Std_err	HQ_profile	HQ_stderr	Norm_profile	Norm_stderr
1	g	0	60365	0	nan	0	1	60365	0	0	0	nan	0	0	0	0	0	0	nan	0	0	0	nan	nan	nan	nan	nan	nan
2	g	0	60397	0	nan	0	1	60397	0	0	0	nan	0	0	0	0	0	0	nan	0	0	0	nan	nan	nan	nan	nan	nan
3	u	0	60415	0	nan	0	1	60415	0	0	0	nan	0	0	0	0	0	0	nan	0	0	0	nan	nan	nan	nan	nan	nan
4	g	0	60421	0	nan	0	1	60421	0	0	0	nan	0	0	0	0	0	0	nan	0	0	0	nan	nan	nan	nan	nan	nan
5	u	0	60431	0	nan	0	1	60431	0	0	0	nan	0	0	0	0	0	0	nan	0	0	0	nan	nan	nan	nan	nan	nan
6	a	0	60439	0	nan	0	1	60439	0	0	0	nan	0	0	0	0	0	0	nan	0	0	0	nan	nan	nan	nan	nan	nan
7	a	0	60459	0	nan	0	1	60459	0	0	0	nan	0	0	0	0	0	0	nan	0	0	0	nan	nan	nan	nan	nan	nan
8	g	0	60530	0	nan	0	1	60530	0	0	0	nan	0	0	0	0	0	0	nan	0	0	0	nan	nan	nan	nan	nan	nan
9	g	0	61923	0	nan	0	1	61923	0	0	0	nan	0	0	0	0	0	0	nan	0	0	0	nan	nan	nan	nan	nan	nan
10	g	0	250668	0	nan	0	1	250668	0	0	0	nan	0	0	0	0	0	0	nan	0	0	0	nan	nan	nan	nan	nan	nan
11	u	0	261538	0	nan	0	1	261538	0	0	0	nan	0	0	0	0	0	0	nan	0	0	0	nan	nan	nan	nan	nan	nan
12	g	0	261883	0	nan	0	1	261883	0	0	0	nan	0	0	0	0	0	0	nan	0	0	0	nan	nan	nan	nan	nan	nan
13	a	0	261910	0	nan	0	1	261910	0	0	0	nan	0	0	0	0	0	0	nan	0	0	0	nan	nan	nan	nan	nan	nan
14	a	0	261920	0	nan	0	1	261920	0	0	0	nan	0	0	0	0	0	0	nan	0	0	0	nan	nan	nan	nan	nan	nan
15	g	0	261931	0	nan	1	1	261931	0	0	0	nan	0	0	0	0	0	0	nan	0	0	0	nan	nan	nan	nan	nan	nan
16	u	0	261940	0	nan	1	1	261940	0	0	0	nan	0	0	0	0	0	0	nan	0	0	0	nan	nan	nan	nan	nan	nan
17	g	0	261953	0	nan	1	1	261953	0	0	0	nan	0	0	0	0	0	0	nan	0	0	0	nan	nan	nan	nan	nan	nan
18	u	0	261960	0	nan	1	1	261960	0	0	0	nan	0	0	0	0	0	0	nan	0	0	0	nan	nan	nan	nan	nan	nan
19	a	0	262075	0	nan	1	1	262075	0	0	0	nan	0	0	0	0	0	0	nan	0	0	0	nan	nan	nan	nan	nan	nan
20	A	0	262112	17	0.000000	1	1	262112	0	0	0	nan	0	0	0	0	0	0	nan	0	0	0	0.000000	0.000000	nan	nan	nan	nan
21	G	0	262181	46	0.000000	1	1	262181	0	0	0	nan	0	0	0	0	0	0	nan	0	0	0	0.000000	0.000000	nan	nan	nan	nan
22	G	0	262196	48	0.000000	1	1	262196	0	0	0	nan	0	0	0	0	0	0	nan	0	0	0	0.000000	0.000000	nan	nan	nan	nan
23	U	0	262206	258961	0.000000	1	1	262206	0	0	0	nan	0	0	0	0	0	0	nan	0	0	0	0.000000	0.000000	0.000000	0.000000	0.000000	0.000000
24	U	510	262211	258751	0.001971	1	1	262211	0	0	0	nan	0	0	0	0	0	0	nan	0	0	0	0.001971	0.000087	0.001971	0.000087	0.921459	0.040673
25	G	503	262212	257302	0.001955	1	1	262212	0	0	0	nan	0	0	0	0	0	0	nan	0	0	0	0.001955	0.000087	0.001955	0.000087	0.382883	0.017039
26	A	4245	262211	252653	0.016802	1	1	262176	0	0	0	nan	0	0	0	0	0	0	nan	0	0	0	0.016802	0.000258	0.016802	0.000258	1.043278	0.016020
27	C	14382	262223	251490	0.057187	1	1	262185	0	0	0	nan	0	0	0	0	0	0	nan	0	0	0	0.057187	0.000477	0.057187	0.000477	1.366492	0.011398
28	C	4529	262241	252417	0.017943	1	1	262206	0	0	0	nan	0	0	0	0	0	0	nan	0	0	0	0.017943	0.000267	0.017943	0.000267	0.428751	0.006380
29	U	269	262324	255873	0.001051	1	1	262298	0	0	0	nan	0	0	0	0	0	0	nan	0	0	0	0.001051	0.000064	0.001051	0.000064	0.491351	0.029921
30	U	423	262339	256866	0.001647	1	1	262316	0	0	0	nan	0	0	0	0	0	0	nan	0	0	0	0.001647	0.000080	0.001647	0.000080	0.769986	0.037401
31	U	479	262379	257810	0.001858	1	1	262357	0	0	0	nan	0	0	0	0	0	0	nan	0	0	0	0.001858	0.000085	0.001858	0.000085	0.868630	0.039738
32	U	338	262450	259291	0.001304	1	1	262431	0	0	0	nan	0	0	0	0	0	0	nan	0	0	0	0.001304	0.000071	0.001304	0.000071	0.609631	0.033193
33	G	1832	262491	258084	0.007098	1	1	262473	0	0	0	nan	0	0	0	0	0	0	nan	0	0	0	0.007098	0.000166	0.007098	0.000166	1.390129	0.032511
34	A	4159	262511	258250	0.016105	1	1	262493	0	0	0	nan	0	0	0	0	0	0	nan	0	0	0	0.016105	0.000250	0.016105	0.000250	1.000000	0.015523
35	A	2945	262529	257342	0.011444	1	1	262511	0	0	0	nan	0	0	0	0	0	0	nan	0	0	0	0.011444	0.000211	0.011444	0.000211	0.710587	0.013102
36	U	329	262548	257628	0.001277	1	1	262529	0	0	0	nan	0	0	0	0	0	0	nan	0	0	0	0.001277	0.000070	0.001277	0.000070	0.597008	0.032726
37	A	2956	262566	258355	0.011442	1	1	262547	0	0	0	nan	0	0	0	0	0	0	nan	0	0	0	0.011442	0.000210	0.011442	0.000210	0.710463	0.013039
38	G	246	262592	257693	0.000955	1	2	262574	0	0	0	nan	0	0	0	0	0	0	nan	0	0	0	0.000955	0.000061	0.000955	0.000061	0.187035	0.011947
39	U	494	262606	259889	0.001901	1	2	262588	0	0	0	nan	0	0	0	0	0	0	nan	0	0	0	0.001901	0.000086	0.001901	0.000086	0.888733	0.040206
40	G	639	262620	257909	0.002478	1	2	262602	0	0	0	nan	0	0	0	0	0	0	nan	0	0	0	0.002478	0.000098	0.002478	0.000098	0.485311	0.019193
41	A	3787	262636	258356	0.014658	1	2	262618	0	0	0	nan	0	0	0	0	0	0	nan	0	0	0	0.014658	0.000238	0.014658	0.000238	0.910152	0.014778
42	U	550	262665	257145	0.002139	1	2	262651	0	0	0	nan	0	0	0	0	0	0	nan	0	0	0	0.002139	0.000091	0.002139	0.000091	1.000000	0.042543
43	U	480	262697	257235	0.001866	1	2	262684	0	0	0	nan	0	0	0	0	0	0	nan	0	0	0	0.001866	0.000085	0.001866	0.000085	0.872370	0.039738
44	C	6804	262714	256640	0.026512	1	2	262703	0	0	0	nan	0	0	0	0	0	0	nan	0	0	0	0.026512	0.000321	0.026512	0.000321	0.633508	0.007670
45	A	3983	262739	257799	0.015450	1	2	262730	0	0	0	nan	0	0	0	0	0	0	nan	0	0	0	0.015450	0.000245	0.015450	0.000245	0.959329	0.015213
46	G	669	262784	259073	0.002582	1	2	262779	0	0	0	nan	0	0	0	0	0	0	nan	0	0	0	0.002582	0.000100	0.002582	0.000100	0.505680	0.019585
47	G	958	262797	258500	0.003706	1	2	262792	0	0	0	nan	0	0	0	0	0	0	nan	0	0	0	0.003706	0.000120	0.003706	0.000120	0.725813	0.023502
48	A	4339	262799	258727	0.016771	1	2	262795	0	0	0	nan	0	0	0	0	0	0	nan	0	0	0	0.016771	0.000255	0.016771	0.000255	1.041354	0.015834
49	G	2536	262844	258476	0.009811	1	2	262841	0	0	0	nan	0	0	0	0	0	0	nan	0	0	0	0.009811	0.000195	0.009811	0.000195	1.921465	0.038190
50	G	296	262864	258852	0.001144	1	2	262863	0	0	0	nan	0	0	0	0	0	0	nan	0	0	0	0.001144	0.000066	0.001144	0.000066	0.224050	0.012926
51	U	400	262867	259178	0.001543	1	2	262866	0	0	0	nan	0	0	0	0	0	0	nan	0	0	0	0.001543	0.000077	0.001543	0.000077	0.721365	0.035998
52	U	443	262875	258284	0.001715	1	2	262874	0	0	0	nan	0	0	0	0	0	0	nan	0	0	0	0.001715	0.000081	0.001715	0.000081	0.801777	0.037868
53	A	2965	262877	259178	0.011440	1	2	262877	0	0	0	nan	0	0	0	0	0	0	nan	0	0	0	0.011440	0.000210	0.011440	0.000210	0.710338	0.013039
54	A	2465	262869	259149	0.009512	1	2	262868	0	0	0	nan	0	0	0	0	0	0	nan	0	0	0	0.009512	0.000192	0.009512	0.000192	0.590624	0.011922
55	U	931	262870	259915	0.003582	1	2	262869	0	0	0	nan	0	0	0	0	0	0	nan	0	0	0	0.003582	0.000117	0.003582	0.000117	1.674614	0.054698
56	G	1156	262872	260214	0.004442	1	2	262872	0	0	0	nan	0	0	0	0	0	0	nan	0	0	0	0.004442	0.000131	0.004442	0.000131	0.869957	0.025656
57	G	0	262875	259525	0.000000	1	2	262875	0	0	0	nan	0	0	0	0	0	0	nan	0	0	0	0.000000	0.000000	0.000000	0.000000	0.000000	0.000000
58	A	0	262878	0	nan	1	2	262878	0	0	0	nan	0	0	0	0	0	0	nan	0	0	0	nan	nan	nan	nan	nan	nan
59	A	0	262878	0	nan	1	2	262878	0	0	0	nan	0	0	0	0	0	0	nan	0	0	0	nan	nan	nan	nan	nan	nan
60	G	0	262878	0	nan	1	2	262878	0	0	0	nan	0	0	0	0	0	0	nan	0	0	0	nan	nan	nan	nan	nan	nan
61	u	0	262878	0	nan	1	2	262878	0	0	0	nan	0	0	0	0	0	0	nan	0	0	0	nan	nan	nan	nan	nan	nan
62	a	0	262878	0	nan	1	2	262878	0	0	0	nan	0	0	0	0	0	0	nan	0	0	0	nan	nan	nan	nan	nan	nan
63	a	0	262878	0	nan	1	2	262878	0	0	0	nan	0	0	0	0	0	0	nan	0	0	0	nan	nan	nan	nan	nan	nan
64	a	0	262878	0	nan	1	2	262878	0	0	0	nan	0	0	0	0	0	0	nan	0	0	0	nan	nan	nan	nan	nan	nan
65	g	0	262878	0	nan	1	2	262878	0	0	0	nan	0	0	0	0	0	0	nan	0	0	0	nan	nan	nan	nan	nan	nan
66	g	0	262878	0	nan	1	2	262878	0	0	0	nan	0	0	0	0	0	0	nan	0	0	0	nan	nan	nan	nan	nan	nan
67	u	0	262878	0	nan	1	2	262878	0	0	0	nan	0	0	0	0	0	0	nan	0	0	0	nan	nan	nan	nan	nan	nan
68	a	0	262878	0	nan	1	2	262878	0	0	0	nan	0	0	0	0	0	0	nan	0	0	0	nan	nan	nan	nan	nan	nan
69	a	0	262878	0	nan	1	2	262878	0	0	0	nan	0	0	0	0	0	0	nan	0	0	0	nan	nan	nan	nan	nan	nan
70	u	0	262878	0	nan	1	2	262878	0	0	0	nan	0	0	0	0	0	0	nan	0	0	0	nan	nan	nan	nan	nan	nan
71	g	0	262878	0	nan	1	2	262878	0	0	0	nan	0	0	0	0	0	0	nan	0	0	0	nan	nan	nan	nan	nan	nan
72	a	0	262878	0	nan	1	2	262878	0	0	0	nan	0	0	0	0	0	0	nan	0	0	0	nan	nan	nan	nan	nan	nan
73	a	0	262878	0	nan	1	2	262878	0	0	0	nan	0	0	0	0	0	0	nan	0	0	0	nan	nan	nan	nan	nan	nan
74	g	0	262878	0	nan	1	2	262878	0	0	0	nan	0	0	0	0	0	0	nan	0	0	0	nan	nan	nan	nan	nan	nan
75	g	0	262877	0	nan	1	2	262877	0	0	0	nan	0	0	0	0	0	0	nan	0	0	0	nan	nan	nan	nan	nan	nan
76	u	0	262870	0	nan	1	2	262870	0	0	0	nan	0	0	0	0	0	0	nan	0	0	0	nan	nan	nan	nan	nan	nan
77	g	0	262863	0	nan	1	2	262863	0	0	0	nan	0	0	0	0	0	0	nan	0	0	0	nan	nan	nan	nan	nan	nan
78	a	0	262855	0	nan	1	2	262855	0	0	0	nan	0	0	0	0	0	0	nan	0	0	0	nan	nan	nan	nan	nan	nan
79	a	0	262803	0	nan	1	2	262803	0	0	0	nan	0	0	0	0	0	0	nan	0	0	0	nan	nan	nan	nan	nan	nan
80	g	0	262702	0	nan	1	2	262702	0	0	0	nan	0	0	0	0	0	0	nan	0	0	0	nan	nan	nan	nan	nan	nan