Nucleotide	Sequence	Modified_mutations	Modified_read_depth	Modified_effective_depth	Modified_rate	Modified_off_target_mapped_depth	Modified_low_mapq_mapped_depth	Modified_primer_pair_1_mapped_depth	Untreated_mutations	Untreated_read_depth	Untreated_effective_depth	Untreated_rate	Untreated_off_target_mapped_depth	Untreated_low_mapq_mapped_depth	Untreated_primer_pair_1_mapped_depth	Denatured_mutations	Denatured_read_depth	Denatured_effective_depth	Denatured_rate	Denatured_off_target_mapped_depth	Denatured_low_mapq_mapped_depth	Denatured_primer_pair_1_mapped_depth	Reactivity_profile	Std_err	HQ_profile	HQ_stderr	Norm_profile	Norm_stderr
1	g	0	570371	0	nan	0	5	570371	0	0	0	nan	0	0	0	0	0	0	nan	0	0	0	nan	nan	nan	nan	nan	nan
2	g	0	570630	0	nan	0	5	570630	0	0	0	nan	0	0	0	0	0	0	nan	0	0	0	nan	nan	nan	nan	nan	nan
3	u	0	570764	0	nan	0	5	570764	0	0	0	nan	0	0	0	0	0	0	nan	0	0	0	nan	nan	nan	nan	nan	nan
4	g	0	570841	0	nan	0	5	570841	0	0	0	nan	0	0	0	0	0	0	nan	0	0	0	nan	nan	nan	nan	nan	nan
5	u	0	570896	0	nan	0	5	570896	0	0	0	nan	0	0	0	0	0	0	nan	0	0	0	nan	nan	nan	nan	nan	nan
6	a	0	570899	0	nan	0	5	570899	0	0	0	nan	0	0	0	0	0	0	nan	0	0	0	nan	nan	nan	nan	nan	nan
7	a	0	570899	0	nan	0	5	570899	0	0	0	nan	0	0	0	0	0	0	nan	0	0	0	nan	nan	nan	nan	nan	nan
8	g	0	570901	0	nan	0	5	570901	0	0	0	nan	0	0	0	0	0	0	nan	0	0	0	nan	nan	nan	nan	nan	nan
9	g	0	570939	0	nan	0	5	570939	0	0	0	nan	0	0	0	0	0	0	nan	0	0	0	nan	nan	nan	nan	nan	nan
10	g	0	576807	0	nan	0	5	576807	0	0	0	nan	0	0	0	0	0	0	nan	0	0	0	nan	nan	nan	nan	nan	nan
11	u	0	576878	0	nan	0	5	576878	0	0	0	nan	0	0	0	0	0	0	nan	0	0	0	nan	nan	nan	nan	nan	nan
12	g	0	576972	0	nan	0	5	576972	0	0	0	nan	0	0	0	0	0	0	nan	0	0	0	nan	nan	nan	nan	nan	nan
13	a	0	576976	0	nan	4	5	576976	0	0	0	nan	0	0	0	0	0	0	nan	0	0	0	nan	nan	nan	nan	nan	nan
14	a	0	576976	0	nan	5	5	576976	0	0	0	nan	0	0	0	0	0	0	nan	0	0	0	nan	nan	nan	nan	nan	nan
15	g	0	576980	0	nan	123	5	576980	0	0	0	nan	0	0	0	0	0	0	nan	0	0	0	nan	nan	nan	nan	nan	nan
16	u	0	576982	0	nan	129	5	576982	0	0	0	nan	0	0	0	0	0	0	nan	0	0	0	nan	nan	nan	nan	nan	nan
17	g	0	576984	0	nan	129	5	576984	0	0	0	nan	0	0	0	0	0	0	nan	0	0	0	nan	nan	nan	nan	nan	nan
18	u	0	576984	0	nan	133	5	576984	0	0	0	nan	0	0	0	0	0	0	nan	0	0	0	nan	nan	nan	nan	nan	nan
19	a	0	576990	0	nan	133	5	576990	0	0	0	nan	0	0	0	0	0	0	nan	0	0	0	nan	nan	nan	nan	nan	nan
20	A	0	576996	3	0.000000	137	5	576996	0	0	0	nan	0	0	0	0	0	0	nan	0	0	0	0.000000	0.000000	nan	nan	nan	nan
21	G	0	577007	9	0.000000	153	5	577007	0	0	0	nan	0	0	0	0	0	0	nan	0	0	0	0.000000	0.000000	nan	nan	nan	nan
22	G	0	577009	9	0.000000	153	5	577009	0	0	0	nan	0	0	0	0	0	0	nan	0	0	0	0.000000	0.000000	nan	nan	nan	nan
23	U	0	577011	575771	0.000000	174	5	577011	0	0	0	nan	0	0	0	0	0	0	nan	0	0	0	0.000000	0.000000	0.000000	0.000000	nan	nan
24	U	582	577011	575685	0.001011	174	5	577011	0	0	0	nan	0	0	0	0	0	0	nan	0	0	0	0.001011	0.000042	0.001011	0.000042	nan	nan
25	G	258	577011	575138	0.000449	174	5	577011	0	0	0	nan	0	0	0	0	0	0	nan	0	0	0	0.000449	0.000028	0.000449	0.000028	nan	nan
26	A	6839	577011	575419	0.011885	174	5	577009	0	0	0	nan	0	0	0	0	0	0	nan	0	0	0	0.011885	0.000144	0.011885	0.000144	0.931226	0.011283
27	A	7323	577011	575045	0.012735	174	5	577009	0	0	0	nan	0	0	0	0	0	0	nan	0	0	0	0.012735	0.000149	0.012735	0.000149	0.997826	0.011675
28	C	7180	577012	574237	0.012504	174	5	577010	0	0	0	nan	0	0	0	0	0	0	nan	0	0	0	0.012504	0.000148	0.012504	0.000148	0.861068	0.010192
29	U	621	577014	574435	0.001081	174	5	577012	0	0	0	nan	0	0	0	0	0	0	nan	0	0	0	0.001081	0.000043	0.001081	0.000043	nan	nan
30	U	689	577018	574826	0.001199	174	5	577016	0	0	0	nan	0	0	0	0	0	0	nan	0	0	0	0.001199	0.000046	0.001199	0.000046	nan	nan
31	U	866	577029	575148	0.001506	174	5	577026	0	0	0	nan	0	0	0	0	0	0	nan	0	0	0	0.001506	0.000051	0.001506	0.000051	nan	nan
32	U	511	577042	575667	0.000888	174	5	577037	0	0	0	nan	0	0	0	0	0	0	nan	0	0	0	0.000888	0.000039	0.000888	0.000039	nan	nan
33	G	168	577114	575036	0.000292	174	5	577110	0	0	0	nan	0	0	0	0	0	0	nan	0	0	0	0.000292	0.000023	0.000292	0.000023	nan	nan
34	A	7349	577151	575382	0.012772	174	5	577145	0	0	0	nan	0	0	0	0	0	0	nan	0	0	0	0.012772	0.000149	0.012772	0.000149	1.000725	0.011675
35	A	6585	577154	574973	0.011453	174	5	577147	0	0	0	nan	0	0	0	0	0	0	nan	0	0	0	0.011453	0.000141	0.011453	0.000141	0.897377	0.011048
36	U	467	577155	575056	0.000812	174	5	577147	0	0	0	nan	0	0	0	0	0	0	nan	0	0	0	0.000812	0.000038	0.000812	0.000038	nan	nan
37	A	7300	577156	575357	0.012688	174	5	577145	0	0	0	nan	0	0	0	0	0	0	nan	0	0	0	0.012688	0.000148	0.012688	0.000148	0.994143	0.011596
38	G	339	577159	574103	0.000590	177	5	577147	0	0	0	nan	0	0	0	0	0	0	nan	0	0	0	0.000590	0.000032	0.000590	0.000032	nan	nan
39	U	664	577159	575657	0.001153	177	5	577147	0	0	0	nan	0	0	0	0	0	0	nan	0	0	0	0.001153	0.000045	0.001153	0.000045	nan	nan
40	G	429	577160	574564	0.000747	177	5	577148	0	0	0	nan	0	0	0	0	0	0	nan	0	0	0	0.000747	0.000036	0.000747	0.000036	nan	nan
41	A	8529	577163	574876	0.014836	177	5	577149	0	0	0	nan	0	0	0	0	0	0	nan	0	0	0	0.014836	0.000161	0.014836	0.000161	1.162445	0.012615
42	U	962	577167	574417	0.001675	177	5	577153	0	0	0	nan	0	0	0	0	0	0	nan	0	0	0	0.001675	0.000054	0.001675	0.000054	nan	nan
43	U	707	577167	574623	0.001230	177	5	577151	0	0	0	nan	0	0	0	0	0	0	nan	0	0	0	0.001230	0.000046	0.001230	0.000046	nan	nan
44	C	8729	577177	574499	0.015194	177	5	577161	0	0	0	nan	0	0	0	0	0	0	nan	0	0	0	0.015194	0.000163	0.015194	0.000163	1.046311	0.011225
45	A	7473	577188	575088	0.012995	177	5	577170	0	0	0	nan	0	0	0	0	0	0	nan	0	0	0	0.012995	0.000150	0.012995	0.000150	1.018197	0.011753
46	G	312	577211	574640	0.000543	177	5	577196	0	0	0	nan	0	0	0	0	0	0	nan	0	0	0	0.000543	0.000031	0.000543	0.000031	nan	nan
47	G	285	577217	574537	0.000496	177	5	577205	0	0	0	nan	0	0	0	0	0	0	nan	0	0	0	0.000496	0.000029	0.000496	0.000029	nan	nan
48	A	6836	577220	575184	0.011885	177	5	577205	0	0	0	nan	0	0	0	0	0	0	nan	0	0	0	0.011885	0.000144	0.011885	0.000144	0.931226	0.011283
49	G	316	577223	574687	0.000550	177	5	577216	0	0	0	nan	0	0	0	0	0	0	nan	0	0	0	0.000550	0.000031	0.000550	0.000031	nan	nan
50	G	364	577226	563309	0.000646	177	5	577219	0	0	0	nan	0	0	0	0	0	0	nan	0	0	0	0.000646	0.000034	0.000646	0.000034	nan	nan
51	U	604	577230	563860	0.001071	177	5	577224	0	0	0	nan	0	0	0	0	0	0	nan	0	0	0	0.001071	0.000044	0.001071	0.000044	nan	nan
52	U	596	577232	563432	0.001058	177	5	577227	0	0	0	nan	0	0	0	0	0	0	nan	0	0	0	0.001058	0.000043	0.001058	0.000043	nan	nan
53	A	6574	577231	573959	0.011454	176	5	577213	0	0	0	nan	0	0	0	0	0	0	nan	0	0	0	0.011454	0.000141	0.011454	0.000141	0.897455	0.011048
54	A	6041	576982	572623	0.010550	103	5	576460	0	0	0	nan	0	0	0	0	0	0	nan	0	0	0	0.010550	0.000136	0.010550	0.000136	0.826624	0.010656
55	U	695	576982	572250	0.001215	103	5	576547	0	0	0	nan	0	0	0	0	0	0	nan	0	0	0	0.001215	0.000046	0.001215	0.000046	nan	nan
56	G	508	576987	572508	0.000887	103	5	576612	0	0	0	nan	0	0	0	0	0	0	nan	0	0	0	0.000887	0.000039	0.000887	0.000039	nan	nan
57	G	0	577006	571916	0.000000	103	5	576975	0	0	0	nan	0	0	0	0	0	0	nan	0	0	0	0.000000	0.000000	0.000000	0.000000	nan	nan
58	A	0	577012	0	nan	103	5	577012	0	0	0	nan	0	0	0	0	0	0	nan	0	0	0	nan	nan	nan	nan	nan	nan
59	A	0	577012	0	nan	103	5	577012	0	0	0	nan	0	0	0	0	0	0	nan	0	0	0	nan	nan	nan	nan	nan	nan
60	G	0	577012	0	nan	103	5	577012	0	0	0	nan	0	0	0	0	0	0	nan	0	0	0	nan	nan	nan	nan	nan	nan
61	u	0	577012	0	nan	103	5	577012	0	0	0	nan	0	0	0	0	0	0	nan	0	0	0	nan	nan	nan	nan	nan	nan
62	a	0	577012	0	nan	103	5	577012	0	0	0	nan	0	0	0	0	0	0	nan	0	0	0	nan	nan	nan	nan	nan	nan
63	a	0	577012	0	nan	103	5	577012	0	0	0	nan	0	0	0	0	0	0	nan	0	0	0	nan	nan	nan	nan	nan	nan
64	a	0	577012	0	nan	103	5	577012	0	0	0	nan	0	0	0	0	0	0	nan	0	0	0	nan	nan	nan	nan	nan	nan
65	g	0	577012	0	nan	103	5	577012	0	0	0	nan	0	0	0	0	0	0	nan	0	0	0	nan	nan	nan	nan	nan	nan
66	g	0	577012	0	nan	103	5	577012	0	0	0	nan	0	0	0	0	0	0	nan	0	0	0	nan	nan	nan	nan	nan	nan
67	u	0	577012	0	nan	103	5	577012	0	0	0	nan	0	0	0	0	0	0	nan	0	0	0	nan	nan	nan	nan	nan	nan
68	a	0	577012	0	nan	103	5	577012	0	0	0	nan	0	0	0	0	0	0	nan	0	0	0	nan	nan	nan	nan	nan	nan
69	a	0	577012	0	nan	103	5	577012	0	0	0	nan	0	0	0	0	0	0	nan	0	0	0	nan	nan	nan	nan	nan	nan
70	u	0	577012	0	nan	103	5	577012	0	0	0	nan	0	0	0	0	0	0	nan	0	0	0	nan	nan	nan	nan	nan	nan
71	g	0	577012	0	nan	103	5	577012	0	0	0	nan	0	0	0	0	0	0	nan	0	0	0	nan	nan	nan	nan	nan	nan
72	a	0	577012	0	nan	103	5	577012	0	0	0	nan	0	0	0	0	0	0	nan	0	0	0	nan	nan	nan	nan	nan	nan
73	a	0	577011	0	nan	103	5	577011	0	0	0	nan	0	0	0	0	0	0	nan	0	0	0	nan	nan	nan	nan	nan	nan
74	g	0	577011	0	nan	103	5	577011	0	0	0	nan	0	0	0	0	0	0	nan	0	0	0	nan	nan	nan	nan	nan	nan
75	g	0	577011	0	nan	103	5	577011	0	0	0	nan	0	0	0	0	0	0	nan	0	0	0	nan	nan	nan	nan	nan	nan
76	u	0	576999	0	nan	103	5	576999	0	0	0	nan	0	0	0	0	0	0	nan	0	0	0	nan	nan	nan	nan	nan	nan
77	g	0	576993	0	nan	103	5	576993	0	0	0	nan	0	0	0	0	0	0	nan	0	0	0	nan	nan	nan	nan	nan	nan
78	a	0	576988	0	nan	103	5	576988	0	0	0	nan	0	0	0	0	0	0	nan	0	0	0	nan	nan	nan	nan	nan	nan
79	a	0	576875	0	nan	102	5	576875	0	0	0	nan	0	0	0	0	0	0	nan	0	0	0	nan	nan	nan	nan	nan	nan
80	g	0	576682	0	nan	102	5	576682	0	0	0	nan	0	0	0	0	0	0	nan	0	0	0	nan	nan	nan	nan	nan	nan