Nucleotide	Sequence	Modified_mutations	Modified_read_depth	Modified_effective_depth	Modified_rate	Modified_off_target_mapped_depth	Modified_low_mapq_mapped_depth	Modified_primer_pair_1_mapped_depth	Untreated_mutations	Untreated_read_depth	Untreated_effective_depth	Untreated_rate	Untreated_off_target_mapped_depth	Untreated_low_mapq_mapped_depth	Untreated_primer_pair_1_mapped_depth	Denatured_mutations	Denatured_read_depth	Denatured_effective_depth	Denatured_rate	Denatured_off_target_mapped_depth	Denatured_low_mapq_mapped_depth	Denatured_primer_pair_1_mapped_depth	Reactivity_profile	Std_err	HQ_profile	HQ_stderr	Norm_profile	Norm_stderr
1	g	0	196039	0	nan	8	0	196039	0	0	0	nan	0	0	0	0	0	0	nan	0	0	0	nan	nan	nan	nan	nan	nan
2	g	0	196451	0	nan	8	0	196451	0	0	0	nan	0	0	0	0	0	0	nan	0	0	0	nan	nan	nan	nan	nan	nan
3	c	0	196536	0	nan	10	0	196536	0	0	0	nan	0	0	0	0	0	0	nan	0	0	0	nan	nan	nan	nan	nan	nan
4	a	0	196545	0	nan	10	0	196545	0	0	0	nan	0	0	0	0	0	0	nan	0	0	0	nan	nan	nan	nan	nan	nan
5	c	0	196572	0	nan	10	0	196572	0	0	0	nan	0	0	0	0	0	0	nan	0	0	0	nan	nan	nan	nan	nan	nan
6	c	0	197930	0	nan	12	0	197930	0	0	0	nan	0	0	0	0	0	0	nan	0	0	0	nan	nan	nan	nan	nan	nan
7	u	0	198001	0	nan	12	0	198001	0	0	0	nan	0	0	0	0	0	0	nan	0	0	0	nan	nan	nan	nan	nan	nan
8	c	0	198008	0	nan	12	0	198008	0	0	0	nan	0	0	0	0	0	0	nan	0	0	0	nan	nan	nan	nan	nan	nan
9	a	0	198009	0	nan	12	0	198009	0	0	0	nan	0	0	0	0	0	0	nan	0	0	0	nan	nan	nan	nan	nan	nan
10	u	0	198009	0	nan	12	0	198009	0	0	0	nan	0	0	0	0	0	0	nan	0	0	0	nan	nan	nan	nan	nan	nan
11	a	0	198012	0	nan	12	0	198012	0	0	0	nan	0	0	0	0	0	0	nan	0	0	0	nan	nan	nan	nan	nan	nan
12	a	0	198019	0	nan	12	0	198019	0	0	0	nan	0	0	0	0	0	0	nan	0	0	0	nan	nan	nan	nan	nan	nan
13	c	0	198025	0	nan	12	0	198025	0	0	0	nan	0	0	0	0	0	0	nan	0	0	0	nan	nan	nan	nan	nan	nan
14	a	0	198032	0	nan	12	0	198032	0	0	0	nan	0	0	0	0	0	0	nan	0	0	0	nan	nan	nan	nan	nan	nan
15	u	0	198033	0	nan	12	0	198033	0	0	0	nan	0	0	0	0	0	0	nan	0	0	0	nan	nan	nan	nan	nan	nan
16	a	0	198037	0	nan	12	0	198037	0	0	0	nan	0	0	0	0	0	0	nan	0	0	0	nan	nan	nan	nan	nan	nan
17	a	0	198037	0	nan	12	0	198037	0	0	0	nan	0	0	0	0	0	0	nan	0	0	0	nan	nan	nan	nan	nan	nan
18	c	0	198038	0	nan	12	0	198038	0	0	0	nan	0	0	0	0	0	0	nan	0	0	0	nan	nan	nan	nan	nan	nan
19	U	0	198040	1	0.000000	12	0	198040	0	0	0	nan	0	0	0	0	0	0	nan	0	0	0	0.000000	0.000000	nan	nan	nan	nan
20	A	0	198048	7	0.000000	12	0	198048	0	0	0	nan	0	0	0	0	0	0	nan	0	0	0	0.000000	0.000000	nan	nan	nan	nan
21	A	0	198058	15	0.000000	13	0	198058	0	0	0	nan	0	0	0	0	0	0	nan	0	0	0	0.000000	0.000000	nan	nan	nan	nan
22	G	0	198061	196191	0.000000	13	0	198061	0	0	0	nan	0	0	0	0	0	0	nan	0	0	0	0.000000	0.000000	0.000000	0.000000	nan	nan
23	G	298	198066	190025	0.001568	13	0	198066	0	0	0	nan	0	0	0	0	0	0	nan	0	0	0	0.001568	0.000091	0.001568	0.000091	nan	nan
24	C	679	198072	196253	0.003460	13	0	198072	0	0	0	nan	0	0	0	0	0	0	nan	0	0	0	0.003460	0.000133	0.003460	0.000133	0.910407	0.034995
25	A	1051	198074	196774	0.005341	13	0	198074	0	0	0	nan	0	0	0	0	0	0	nan	0	0	0	0.005341	0.000165	0.005341	0.000165	0.551699	0.017044
26	G	181	198080	190821	0.000949	13	0	198078	0	0	0	nan	0	0	0	0	0	0	nan	0	0	0	0.000949	0.000071	0.000949	0.000071	nan	nan
27	A	1857	198101	191828	0.009681	13	0	198099	0	0	0	nan	0	0	0	0	0	0	nan	0	0	0	0.009681	0.000225	0.009681	0.000225	1.000000	0.023241
28	U	1413	198105	191657	0.007373	13	0	198103	0	0	0	nan	0	0	0	0	0	0	nan	0	0	0	0.007373	0.000196	0.007373	0.000196	1.205526	0.032047
29	C	3412	198108	196720	0.017344	13	0	198102	0	0	0	nan	0	0	0	0	0	0	nan	0	0	0	0.017344	0.000297	0.017344	0.000297	4.563610	0.078148
30	U	907	198108	196609	0.004613	13	0	198101	0	0	0	nan	0	0	0	0	0	0	nan	0	0	0	0.004613	0.000153	0.004613	0.000153	0.754251	0.025016
31	G	261	198109	195104	0.001338	13	0	198099	0	0	0	nan	0	0	0	0	0	0	nan	0	0	0	0.001338	0.000083	0.001338	0.000083	nan	nan
32	A	1405	198109	196400	0.007154	13	0	198097	0	0	0	nan	0	0	0	0	0	0	nan	0	0	0	0.007154	0.000191	0.007154	0.000191	0.738973	0.019729
33	G	238	198113	190748	0.001248	13	0	198099	0	0	0	nan	0	0	0	0	0	0	nan	0	0	0	0.001248	0.000081	0.001248	0.000081	nan	nan
34	C	478	198116	191290	0.002499	13	0	198102	0	0	0	nan	0	0	0	0	0	0	nan	0	0	0	0.002499	0.000114	0.002499	0.000114	0.657545	0.029996
35	C	710	198117	182573	0.003889	13	0	198101	0	0	0	nan	0	0	0	0	0	0	nan	0	0	0	0.003889	0.000146	0.003889	0.000146	1.023286	0.038416
36	U	909	198123	182017	0.004994	13	0	198103	0	0	0	nan	0	0	0	0	0	0	nan	0	0	0	0.004994	0.000166	0.004994	0.000166	0.816547	0.027142
37	U	1343	198137	185558	0.007238	13	0	198112	0	0	0	nan	0	0	0	0	0	0	nan	0	0	0	0.007238	0.000197	0.007238	0.000197	1.183453	0.032211
38	C	5606	198136	194070	0.028886	13	0	198099	0	0	0	nan	0	0	0	0	0	0	nan	0	0	0	0.028886	0.000386	0.028886	0.000386	7.600579	0.101566
39	G	182	198177	192958	0.000943	13	0	198143	0	0	0	nan	0	0	0	0	0	0	nan	0	0	0	0.000943	0.000070	0.000943	0.000070	nan	nan
40	G	156	198190	193284	0.000807	13	0	198175	0	0	0	nan	0	0	0	0	0	0	nan	0	0	0	0.000807	0.000065	0.000807	0.000065	nan	nan
41	G	204	198193	190174	0.001073	13	0	198182	0	0	0	nan	0	0	0	0	0	0	nan	0	0	0	0.001073	0.000075	0.001073	0.000075	nan	nan
42	A	1405	198195	194502	0.007224	13	0	198185	0	0	0	nan	0	0	0	0	0	0	nan	0	0	0	0.007224	0.000193	0.007224	0.000193	0.746204	0.019936
43	G	289	198195	192388	0.001502	13	0	198188	0	0	0	nan	0	0	0	0	0	0	nan	0	0	0	0.001502	0.000088	0.001502	0.000088	nan	nan
44	C	437	198195	197265	0.002215	13	0	198188	0	0	0	nan	0	0	0	0	0	0	nan	0	0	0	0.002215	0.000106	0.002215	0.000106	0.582818	0.027891
45	U	677	198195	197540	0.003427	13	0	198189	0	0	0	nan	0	0	0	0	0	0	nan	0	0	0	0.003427	0.000132	0.003427	0.000132	0.560334	0.021583
46	C	450	198195	197556	0.002278	12	0	198190	0	0	0	nan	0	0	0	0	0	0	nan	0	0	0	0.002278	0.000107	0.002278	0.000107	0.599395	0.028154
47	U	885	198195	197485	0.004481	12	0	198188	0	0	0	nan	0	0	0	0	0	0	nan	0	0	0	0.004481	0.000151	0.004481	0.000151	0.732668	0.024689
48	C	698	198194	197449	0.003535	12	0	198184	0	0	0	nan	0	0	0	0	0	0	nan	0	0	0	0.003535	0.000134	0.003535	0.000134	0.930141	0.035259
49	U	739	198195	197365	0.003744	12	0	198185	0	0	0	nan	0	0	0	0	0	0	nan	0	0	0	0.003744	0.000138	0.003744	0.000138	0.612165	0.022564
50	G	370	198200	194772	0.001900	12	0	198194	0	0	0	nan	0	0	0	0	0	0	nan	0	0	0	0.001900	0.000099	0.001900	0.000099	nan	nan
51	C	681	198203	196808	0.003460	11	0	198197	0	0	0	nan	0	0	0	0	0	0	nan	0	0	0	0.003460	0.000133	0.003460	0.000133	0.910407	0.034995
52	C	560	198206	196374	0.002852	11	0	198202	0	0	0	nan	0	0	0	0	0	0	nan	0	0	0	0.002852	0.000121	0.002852	0.000121	0.750428	0.031838
53	A	4623	198207	196369	0.023542	11	0	198207	0	0	0	nan	0	0	0	0	0	0	nan	0	0	0	0.023542	0.000346	0.023542	0.000346	2.431774	0.035740
54	A	0	198116	196044	0.000000	11	0	198116	0	0	0	nan	0	0	0	0	0	0	nan	0	0	0	0.000000	0.000000	0.000000	0.000000	0.000000	0.000000
55	U	0	198115	0	nan	9	0	198115	0	0	0	nan	0	0	0	0	0	0	nan	0	0	0	nan	nan	nan	nan	nan	nan
56	C	0	198115	0	nan	9	0	198115	0	0	0	nan	0	0	0	0	0	0	nan	0	0	0	nan	nan	nan	nan	nan	nan
57	C	0	198115	0	nan	9	0	198115	0	0	0	nan	0	0	0	0	0	0	nan	0	0	0	nan	nan	nan	nan	nan	nan
58	a	0	198115	0	nan	9	0	198115	0	0	0	nan	0	0	0	0	0	0	nan	0	0	0	nan	nan	nan	nan	nan	nan
59	c	0	198115	0	nan	9	0	198115	0	0	0	nan	0	0	0	0	0	0	nan	0	0	0	nan	nan	nan	nan	nan	nan
60	u	0	198115	0	nan	9	0	198115	0	0	0	nan	0	0	0	0	0	0	nan	0	0	0	nan	nan	nan	nan	nan	nan
61	a	0	198115	0	nan	9	0	198115	0	0	0	nan	0	0	0	0	0	0	nan	0	0	0	nan	nan	nan	nan	nan	nan
62	a	0	198115	0	nan	9	0	198115	0	0	0	nan	0	0	0	0	0	0	nan	0	0	0	nan	nan	nan	nan	nan	nan
63	c	0	198115	0	nan	1	0	198115	0	0	0	nan	0	0	0	0	0	0	nan	0	0	0	nan	nan	nan	nan	nan	nan
64	c	0	198115	0	nan	1	0	198115	0	0	0	nan	0	0	0	0	0	0	nan	0	0	0	nan	nan	nan	nan	nan	nan
65	u	0	198115	0	nan	1	0	198115	0	0	0	nan	0	0	0	0	0	0	nan	0	0	0	nan	nan	nan	nan	nan	nan
66	c	0	198115	0	nan	1	0	198115	0	0	0	nan	0	0	0	0	0	0	nan	0	0	0	nan	nan	nan	nan	nan	nan
67	a	0	198115	0	nan	1	0	198115	0	0	0	nan	0	0	0	0	0	0	nan	0	0	0	nan	nan	nan	nan	nan	nan
68	c	0	198115	0	nan	1	0	198115	0	0	0	nan	0	0	0	0	0	0	nan	0	0	0	nan	nan	nan	nan	nan	nan
69	u	0	198114	0	nan	1	0	198114	0	0	0	nan	0	0	0	0	0	0	nan	0	0	0	nan	nan	nan	nan	nan	nan
70	c	0	198113	0	nan	1	0	198113	0	0	0	nan	0	0	0	0	0	0	nan	0	0	0	nan	nan	nan	nan	nan	nan
71	a	0	198112	0	nan	1	0	198112	0	0	0	nan	0	0	0	0	0	0	nan	0	0	0	nan	nan	nan	nan	nan	nan
72	c	0	198101	0	nan	1	0	198101	0	0	0	nan	0	0	0	0	0	0	nan	0	0	0	nan	nan	nan	nan	nan	nan
73	a	0	198096	0	nan	1	0	198096	0	0	0	nan	0	0	0	0	0	0	nan	0	0	0	nan	nan	nan	nan	nan	nan
74	a	0	198040	0	nan	1	0	198040	0	0	0	nan	0	0	0	0	0	0	nan	0	0	0	nan	nan	nan	nan	nan	nan
75	u	0	197947	0	nan	1	0	197947	0	0	0	nan	0	0	0	0	0	0	nan	0	0	0	nan	nan	nan	nan	nan	nan
76	c	0	197680	0	nan	1	0	197680	0	0	0	nan	0	0	0	0	0	0	nan	0	0	0	nan	nan	nan	nan	nan	nan