Nucleotide	Sequence	Modified_mutations	Modified_read_depth	Modified_effective_depth	Modified_rate	Modified_off_target_mapped_depth	Modified_low_mapq_mapped_depth	Modified_primer_pair_1_mapped_depth	Untreated_mutations	Untreated_read_depth	Untreated_effective_depth	Untreated_rate	Untreated_off_target_mapped_depth	Untreated_low_mapq_mapped_depth	Untreated_primer_pair_1_mapped_depth	Denatured_mutations	Denatured_read_depth	Denatured_effective_depth	Denatured_rate	Denatured_off_target_mapped_depth	Denatured_low_mapq_mapped_depth	Denatured_primer_pair_1_mapped_depth	Reactivity_profile	Std_err	HQ_profile	HQ_stderr	Norm_profile	Norm_stderr
1	g	0	216187	0	nan	18	0	216187	0	0	0	nan	0	0	0	0	0	0	nan	0	0	0	nan	nan	nan	nan	nan	nan
2	g	0	216523	0	nan	18	0	216523	0	0	0	nan	0	0	0	0	0	0	nan	0	0	0	nan	nan	nan	nan	nan	nan
3	c	0	216788	0	nan	18	0	216788	0	0	0	nan	0	0	0	0	0	0	nan	0	0	0	nan	nan	nan	nan	nan	nan
4	a	0	233134	0	nan	35	0	233134	0	0	0	nan	0	0	0	0	0	0	nan	0	0	0	nan	nan	nan	nan	nan	nan
5	c	0	233519	0	nan	35	0	233519	0	0	0	nan	0	0	0	0	0	0	nan	0	0	0	nan	nan	nan	nan	nan	nan
6	c	0	233581	0	nan	35	0	233581	0	0	0	nan	0	0	0	0	0	0	nan	0	0	0	nan	nan	nan	nan	nan	nan
7	u	0	233598	0	nan	35	0	233598	0	0	0	nan	0	0	0	0	0	0	nan	0	0	0	nan	nan	nan	nan	nan	nan
8	c	0	233605	0	nan	35	0	233605	0	0	0	nan	0	0	0	0	0	0	nan	0	0	0	nan	nan	nan	nan	nan	nan
9	a	0	233609	0	nan	35	0	233609	0	0	0	nan	0	0	0	0	0	0	nan	0	0	0	nan	nan	nan	nan	nan	nan
10	u	0	233629	0	nan	35	0	233629	0	0	0	nan	0	0	0	0	0	0	nan	0	0	0	nan	nan	nan	nan	nan	nan
11	a	0	233664	0	nan	35	0	233664	0	0	0	nan	0	0	0	0	0	0	nan	0	0	0	nan	nan	nan	nan	nan	nan
12	a	0	233681	0	nan	35	0	233681	0	0	0	nan	0	0	0	0	0	0	nan	0	0	0	nan	nan	nan	nan	nan	nan
13	c	0	233692	0	nan	35	0	233692	0	0	0	nan	0	0	0	0	0	0	nan	0	0	0	nan	nan	nan	nan	nan	nan
14	a	0	233701	0	nan	35	0	233701	0	0	0	nan	0	0	0	0	0	0	nan	0	0	0	nan	nan	nan	nan	nan	nan
15	u	0	233702	0	nan	35	0	233702	0	0	0	nan	0	0	0	0	0	0	nan	0	0	0	nan	nan	nan	nan	nan	nan
16	a	0	233709	0	nan	35	0	233709	0	0	0	nan	0	0	0	0	0	0	nan	0	0	0	nan	nan	nan	nan	nan	nan
17	a	0	233724	0	nan	35	0	233724	0	0	0	nan	0	0	0	0	0	0	nan	0	0	0	nan	nan	nan	nan	nan	nan
18	c	0	233731	0	nan	35	0	233731	0	0	0	nan	0	0	0	0	0	0	nan	0	0	0	nan	nan	nan	nan	nan	nan
19	U	0	233735	3	0.000000	35	0	233735	0	0	0	nan	0	0	0	0	0	0	nan	0	0	0	0.000000	0.000000	nan	nan	nan	nan
20	A	0	233800	60	0.000000	35	0	233800	0	0	0	nan	0	0	0	0	0	0	nan	0	0	0	0.000000	0.000000	nan	nan	nan	nan
21	A	0	233810	55	0.000000	35	0	233810	0	0	0	nan	0	0	0	0	0	0	nan	0	0	0	0.000000	0.000000	nan	nan	nan	nan
22	G	0	233828	229346	0.000000	35	0	233828	0	0	0	nan	0	0	0	0	0	0	nan	0	0	0	0.000000	0.000000	0.000000	0.000000	nan	nan
23	G	346	233841	219556	0.001576	35	0	233841	0	0	0	nan	0	0	0	0	0	0	nan	0	0	0	0.001576	0.000085	0.001576	0.000085	nan	nan
24	C	944	233888	228894	0.004124	35	0	233888	0	0	0	nan	0	0	0	0	0	0	nan	0	0	0	0.004124	0.000134	0.004124	0.000134	1.000000	0.032493
25	A	1780	233920	230693	0.007716	35	0	233920	0	0	0	nan	0	0	0	0	0	0	nan	0	0	0	0.007716	0.000183	0.007716	0.000183	0.239888	0.005689
26	G	249	233965	228947	0.001088	35	0	233965	0	0	0	nan	0	0	0	0	0	0	nan	0	0	0	0.001088	0.000069	0.001088	0.000069	nan	nan
27	A	5092	234028	230016	0.022138	35	0	234028	0	0	0	nan	0	0	0	0	0	0	nan	0	0	0	0.022138	0.000310	0.022138	0.000310	0.688264	0.009638
28	U	1275	234037	229148	0.005564	35	0	234034	0	0	0	nan	0	0	0	0	0	0	nan	0	0	0	0.005564	0.000156	0.005564	0.000156	1.044686	0.029290
29	C	9812	234044	229635	0.042729	35	0	234038	0	0	0	nan	0	0	0	0	0	0	nan	0	0	0	0.042729	0.000431	0.042729	0.000431	10.361057	0.104510
30	U	1096	234057	229871	0.004768	35	0	234046	0	0	0	nan	0	0	0	0	0	0	nan	0	0	0	0.004768	0.000144	0.004768	0.000144	0.895231	0.027037
31	G	310	234060	227045	0.001365	35	0	234038	0	0	0	nan	0	0	0	0	0	0	nan	0	0	0	0.001365	0.000078	0.001365	0.000078	nan	nan
32	A	1410	234067	229264	0.006150	35	0	234042	0	0	0	nan	0	0	0	0	0	0	nan	0	0	0	0.006150	0.000164	0.006150	0.000164	0.191202	0.005099
33	G	346	234088	218098	0.001586	35	0	234034	0	0	0	nan	0	0	0	0	0	0	nan	0	0	0	0.001586	0.000085	0.001586	0.000085	nan	nan
34	C	882	234097	224419	0.003930	35	0	234020	0	0	0	nan	0	0	0	0	0	0	nan	0	0	0	0.003930	0.000132	0.003930	0.000132	0.952958	0.032008
35	C	1056	234123	224823	0.004697	35	0	233993	0	0	0	nan	0	0	0	0	0	0	nan	0	0	0	0.004697	0.000145	0.004697	0.000145	1.138943	0.035160
36	U	1241	234205	225147	0.005512	35	0	234081	0	0	0	nan	0	0	0	0	0	0	nan	0	0	0	0.005512	0.000156	0.005512	0.000156	1.034923	0.029290
37	G	276	234235	223731	0.001234	35	0	233742	0	0	0	nan	0	0	0	0	0	0	nan	0	0	0	0.001234	0.000074	0.001234	0.000074	nan	nan
38	G	230	234250	221647	0.001038	35	0	233764	0	0	0	nan	0	0	0	0	0	0	nan	0	0	0	0.001038	0.000068	0.001038	0.000068	nan	nan
39	G	241	234276	222524	0.001083	35	0	233834	0	0	0	nan	0	0	0	0	0	0	nan	0	0	0	0.001083	0.000070	0.001083	0.000070	nan	nan
40	A	7272	234329	225819	0.032203	35	0	233949	0	0	0	nan	0	0	0	0	0	0	nan	0	0	0	0.032203	0.000378	0.032203	0.000378	1.001181	0.011752
41	G	455	234464	219854	0.002070	35	0	234262	0	0	0	nan	0	0	0	0	0	0	nan	0	0	0	0.002070	0.000097	0.002070	0.000097	nan	nan
42	C	539	234550	231704	0.002326	28	0	234522	0	0	0	nan	0	0	0	0	0	0	nan	0	0	0	0.002326	0.000100	0.002326	0.000100	0.564016	0.024248
43	U	733	234555	233145	0.003144	28	0	234541	0	0	0	nan	0	0	0	0	0	0	nan	0	0	0	0.003144	0.000116	0.003144	0.000116	0.590312	0.021780
44	C	432	234560	233310	0.001852	28	0	234550	0	0	0	nan	0	0	0	0	0	0	nan	0	0	0	0.001852	0.000089	0.001852	0.000089	0.449079	0.021581
45	U	1005	234560	233170	0.004310	28	0	234544	0	0	0	nan	0	0	0	0	0	0	nan	0	0	0	0.004310	0.000136	0.004310	0.000136	0.809238	0.025535
46	C	768	234562	233194	0.003293	26	0	234541	0	0	0	nan	0	0	0	0	0	0	nan	0	0	0	0.003293	0.000119	0.003293	0.000119	0.798497	0.028855
47	U	853	234566	232833	0.003664	26	0	234549	0	0	0	nan	0	0	0	0	0	0	nan	0	0	0	0.003664	0.000125	0.003664	0.000125	0.687946	0.023470
48	G	404	234571	228252	0.001770	26	0	234549	0	0	0	nan	0	0	0	0	0	0	nan	0	0	0	0.001770	0.000088	0.001770	0.000088	nan	nan
49	C	871	234573	231916	0.003756	25	0	234556	0	0	0	nan	0	0	0	0	0	0	nan	0	0	0	0.003756	0.000127	0.003756	0.000127	0.910766	0.030795
50	C	700	234577	231455	0.003024	25	0	234563	0	0	0	nan	0	0	0	0	0	0	nan	0	0	0	0.003024	0.000114	0.003024	0.000114	0.733269	0.027643
51	A	7454	234578	231739	0.032165	25	0	234574	0	0	0	nan	0	0	0	0	0	0	nan	0	0	0	0.032165	0.000373	0.032165	0.000373	1.000000	0.011596
52	A	0	234583	231408	0.000000	25	0	234583	0	0	0	nan	0	0	0	0	0	0	nan	0	0	0	0.000000	0.000000	0.000000	0.000000	0.000000	0.000000
53	U	0	234576	106	0.000000	19	0	234576	0	0	0	nan	0	0	0	0	0	0	nan	0	0	0	0.000000	0.000000	nan	nan	nan	nan
54	C	0	234429	0	nan	19	0	234429	0	0	0	nan	0	0	0	0	0	0	nan	0	0	0	nan	nan	nan	nan	nan	nan
55	C	0	234429	0	nan	19	0	234429	0	0	0	nan	0	0	0	0	0	0	nan	0	0	0	nan	nan	nan	nan	nan	nan
56	a	0	234429	0	nan	19	0	234429	0	0	0	nan	0	0	0	0	0	0	nan	0	0	0	nan	nan	nan	nan	nan	nan
57	c	0	234429	0	nan	19	0	234429	0	0	0	nan	0	0	0	0	0	0	nan	0	0	0	nan	nan	nan	nan	nan	nan
58	u	0	234429	0	nan	19	0	234429	0	0	0	nan	0	0	0	0	0	0	nan	0	0	0	nan	nan	nan	nan	nan	nan
59	a	0	234429	0	nan	19	0	234429	0	0	0	nan	0	0	0	0	0	0	nan	0	0	0	nan	nan	nan	nan	nan	nan
60	a	0	234429	0	nan	19	0	234429	0	0	0	nan	0	0	0	0	0	0	nan	0	0	0	nan	nan	nan	nan	nan	nan
61	c	0	234429	0	nan	8	0	234429	0	0	0	nan	0	0	0	0	0	0	nan	0	0	0	nan	nan	nan	nan	nan	nan
62	c	0	234429	0	nan	5	0	234429	0	0	0	nan	0	0	0	0	0	0	nan	0	0	0	nan	nan	nan	nan	nan	nan
63	u	0	234429	0	nan	0	0	234429	0	0	0	nan	0	0	0	0	0	0	nan	0	0	0	nan	nan	nan	nan	nan	nan
64	c	0	234429	0	nan	0	0	234429	0	0	0	nan	0	0	0	0	0	0	nan	0	0	0	nan	nan	nan	nan	nan	nan
65	a	0	234429	0	nan	0	0	234429	0	0	0	nan	0	0	0	0	0	0	nan	0	0	0	nan	nan	nan	nan	nan	nan
66	c	0	234428	0	nan	0	0	234428	0	0	0	nan	0	0	0	0	0	0	nan	0	0	0	nan	nan	nan	nan	nan	nan
67	u	0	234427	0	nan	0	0	234427	0	0	0	nan	0	0	0	0	0	0	nan	0	0	0	nan	nan	nan	nan	nan	nan
68	c	0	234427	0	nan	0	0	234427	0	0	0	nan	0	0	0	0	0	0	nan	0	0	0	nan	nan	nan	nan	nan	nan
69	a	0	234425	0	nan	0	0	234425	0	0	0	nan	0	0	0	0	0	0	nan	0	0	0	nan	nan	nan	nan	nan	nan
70	c	0	234419	0	nan	0	0	234419	0	0	0	nan	0	0	0	0	0	0	nan	0	0	0	nan	nan	nan	nan	nan	nan
71	a	0	234411	0	nan	0	0	234411	0	0	0	nan	0	0	0	0	0	0	nan	0	0	0	nan	nan	nan	nan	nan	nan
72	a	0	234341	0	nan	0	0	234341	0	0	0	nan	0	0	0	0	0	0	nan	0	0	0	nan	nan	nan	nan	nan	nan
73	u	0	234233	0	nan	0	0	234233	0	0	0	nan	0	0	0	0	0	0	nan	0	0	0	nan	nan	nan	nan	nan	nan
74	c	0	233959	0	nan	0	0	233959	0	0	0	nan	0	0	0	0	0	0	nan	0	0	0	nan	nan	nan	nan	nan	nan