Nucleotide	Sequence	Modified_mutations	Modified_read_depth	Modified_effective_depth	Modified_rate	Modified_off_target_mapped_depth	Modified_low_mapq_mapped_depth	Modified_primer_pair_1_mapped_depth	Untreated_mutations	Untreated_read_depth	Untreated_effective_depth	Untreated_rate	Untreated_off_target_mapped_depth	Untreated_low_mapq_mapped_depth	Untreated_primer_pair_1_mapped_depth	Denatured_mutations	Denatured_read_depth	Denatured_effective_depth	Denatured_rate	Denatured_off_target_mapped_depth	Denatured_low_mapq_mapped_depth	Denatured_primer_pair_1_mapped_depth	Reactivity_profile	Std_err	HQ_profile	HQ_stderr	Norm_profile	Norm_stderr
1	g	0	56121	0	nan	0	0	56121	0	0	0	nan	0	0	0	0	0	0	nan	0	0	0	nan	nan	nan	nan	nan	nan
2	g	0	56158	0	nan	0	0	56158	0	0	0	nan	0	0	0	0	0	0	nan	0	0	0	nan	nan	nan	nan	nan	nan
3	u	0	56177	0	nan	0	0	56177	0	0	0	nan	0	0	0	0	0	0	nan	0	0	0	nan	nan	nan	nan	nan	nan
4	g	0	56199	0	nan	0	0	56199	0	0	0	nan	0	0	0	0	0	0	nan	0	0	0	nan	nan	nan	nan	nan	nan
5	u	0	56224	0	nan	0	0	56224	0	0	0	nan	0	0	0	0	0	0	nan	0	0	0	nan	nan	nan	nan	nan	nan
6	a	0	56246	0	nan	0	0	56246	0	0	0	nan	0	0	0	0	0	0	nan	0	0	0	nan	nan	nan	nan	nan	nan
7	a	0	56280	0	nan	0	0	56280	0	0	0	nan	0	0	0	0	0	0	nan	0	0	0	nan	nan	nan	nan	nan	nan
8	g	0	56392	0	nan	0	0	56392	0	0	0	nan	0	0	0	0	0	0	nan	0	0	0	nan	nan	nan	nan	nan	nan
9	g	0	58133	0	nan	0	0	58133	0	0	0	nan	0	0	0	0	0	0	nan	0	0	0	nan	nan	nan	nan	nan	nan
10	g	0	234164	0	nan	0	0	234164	0	0	0	nan	0	0	0	0	0	0	nan	0	0	0	nan	nan	nan	nan	nan	nan
11	u	0	244147	0	nan	0	0	244147	0	0	0	nan	0	0	0	0	0	0	nan	0	0	0	nan	nan	nan	nan	nan	nan
12	g	0	244494	0	nan	0	0	244494	0	0	0	nan	0	0	0	0	0	0	nan	0	0	0	nan	nan	nan	nan	nan	nan
13	a	0	244541	0	nan	0	0	244541	0	0	0	nan	0	0	0	0	0	0	nan	0	0	0	nan	nan	nan	nan	nan	nan
14	a	0	244553	0	nan	0	0	244553	0	0	0	nan	0	0	0	0	0	0	nan	0	0	0	nan	nan	nan	nan	nan	nan
15	g	0	244587	0	nan	4	0	244587	0	0	0	nan	0	0	0	0	0	0	nan	0	0	0	nan	nan	nan	nan	nan	nan
16	u	0	244598	0	nan	4	0	244598	0	0	0	nan	0	0	0	0	0	0	nan	0	0	0	nan	nan	nan	nan	nan	nan
17	g	0	244616	0	nan	4	0	244616	0	0	0	nan	0	0	0	0	0	0	nan	0	0	0	nan	nan	nan	nan	nan	nan
18	u	0	244621	0	nan	4	0	244621	0	0	0	nan	0	0	0	0	0	0	nan	0	0	0	nan	nan	nan	nan	nan	nan
19	a	0	244694	0	nan	4	0	244694	0	0	0	nan	0	0	0	0	0	0	nan	0	0	0	nan	nan	nan	nan	nan	nan
20	A	0	244730	17	0.000000	4	1	244730	0	0	0	nan	0	0	0	0	0	0	nan	0	0	0	0.000000	0.000000	nan	nan	nan	nan
21	G	0	244800	54	0.000000	4	1	244800	0	0	0	nan	0	0	0	0	0	0	nan	0	0	0	0.000000	0.000000	nan	nan	nan	nan
22	G	0	244804	49	0.000000	4	1	244804	0	0	0	nan	0	0	0	0	0	0	nan	0	0	0	0.000000	0.000000	nan	nan	nan	nan
23	U	0	244817	241969	0.000000	4	1	244817	0	0	0	nan	0	0	0	0	0	0	nan	0	0	0	0.000000	0.000000	0.000000	0.000000	nan	nan
24	U	256	244822	242091	0.001057	4	1	244822	0	0	0	nan	0	0	0	0	0	0	nan	0	0	0	0.001057	0.000066	0.001057	0.000066	nan	nan
25	G	267	244825	240977	0.001108	4	1	244825	0	0	0	nan	0	0	0	0	0	0	nan	0	0	0	0.001108	0.000068	0.001108	0.000068	nan	nan
26	A	901	244823	237044	0.003801	4	1	244801	0	0	0	nan	0	0	0	0	0	0	nan	0	0	0	0.003801	0.000127	0.003801	0.000127	0.543466	0.018158
27	C	7824	244833	236348	0.033104	4	1	244808	0	0	0	nan	0	0	0	0	0	0	nan	0	0	0	0.033104	0.000374	0.033104	0.000374	1.922472	0.021720
28	C	298	244846	236773	0.001259	4	1	244823	0	0	0	nan	0	0	0	0	0	0	nan	0	0	0	0.001259	0.000073	0.001259	0.000073	0.073115	0.004239
29	U	182	244886	239750	0.000759	4	1	244864	0	0	0	nan	0	0	0	0	0	0	nan	0	0	0	0.000759	0.000056	0.000759	0.000056	nan	nan
30	U	245	244919	240329	0.001019	4	1	244897	0	0	0	nan	0	0	0	0	0	0	nan	0	0	0	0.001019	0.000065	0.001019	0.000065	nan	nan
31	U	240	244946	241215	0.000995	4	1	244927	0	0	0	nan	0	0	0	0	0	0	nan	0	0	0	0.000995	0.000064	0.000995	0.000064	nan	nan
32	U	209	245001	242237	0.000863	4	1	244984	0	0	0	nan	0	0	0	0	0	0	nan	0	0	0	0.000863	0.000060	0.000863	0.000060	nan	nan
33	G	177	245030	240504	0.000736	4	1	245013	0	0	0	nan	0	0	0	0	0	0	nan	0	0	0	0.000736	0.000055	0.000736	0.000055	nan	nan
34	A	1371	245060	241115	0.005686	4	1	245043	0	0	0	nan	0	0	0	0	0	0	nan	0	0	0	0.005686	0.000154	0.005686	0.000154	0.812983	0.022019
35	A	1249	245070	240033	0.005203	4	1	245053	0	0	0	nan	0	0	0	0	0	0	nan	0	0	0	0.005203	0.000147	0.005203	0.000147	0.743923	0.021018
36	U	185	245087	237655	0.000778	4	1	245071	0	0	0	nan	0	0	0	0	0	0	nan	0	0	0	0.000778	0.000057	0.000778	0.000057	nan	nan
37	A	20077	245104	237522	0.084527	4	1	245087	0	0	0	nan	0	0	0	0	0	0	nan	0	0	0	0.084527	0.000597	0.084527	0.000597	12.085645	0.085359
38	G	350	245127	235922	0.001484	4	1	245112	0	0	0	nan	0	0	0	0	0	0	nan	0	0	0	0.001484	0.000079	0.001484	0.000079	nan	nan
39	U	379	245137	241571	0.001569	4	1	245124	0	0	0	nan	0	0	0	0	0	0	nan	0	0	0	0.001569	0.000081	0.001569	0.000081	nan	nan
40	G	435	245169	239963	0.001813	4	1	245156	0	0	0	nan	0	0	0	0	0	0	nan	0	0	0	0.001813	0.000087	0.001813	0.000087	nan	nan
41	A	3969	245190	241457	0.016438	4	1	245178	0	0	0	nan	0	0	0	0	0	0	nan	0	0	0	0.016438	0.000261	0.016438	0.000261	2.350300	0.037318
42	U	440	245224	240755	0.001828	4	1	245216	0	0	0	nan	0	0	0	0	0	0	nan	0	0	0	0.001828	0.000087	0.001828	0.000087	nan	nan
43	U	328	245240	240979	0.001361	4	1	245232	0	0	0	nan	0	0	0	0	0	0	nan	0	0	0	0.001361	0.000075	0.001361	0.000075	nan	nan
44	C	322	245252	241144	0.001335	4	1	245244	0	0	0	nan	0	0	0	0	0	0	nan	0	0	0	0.001335	0.000074	0.001335	0.000074	0.077528	0.004297
45	A	1100	245268	241981	0.004546	4	1	245261	0	0	0	nan	0	0	0	0	0	0	nan	0	0	0	0.004546	0.000137	0.004546	0.000137	0.649986	0.019588
46	G	205	245290	242920	0.000844	4	1	245285	0	0	0	nan	0	0	0	0	0	0	nan	0	0	0	0.000844	0.000059	0.000844	0.000059	nan	nan
47	G	150	245302	242502	0.000619	4	1	245296	0	0	0	nan	0	0	0	0	0	0	nan	0	0	0	0.000619	0.000051	0.000619	0.000051	nan	nan
48	A	512	245304	242889	0.002108	4	1	245298	0	0	0	nan	0	0	0	0	0	0	nan	0	0	0	0.002108	0.000093	0.002108	0.000093	0.301401	0.013297
49	G	345	245351	241574	0.001428	4	1	245349	0	0	0	nan	0	0	0	0	0	0	nan	0	0	0	0.001428	0.000077	0.001428	0.000077	nan	nan
50	G	270	245364	241038	0.001120	4	1	245363	0	0	0	nan	0	0	0	0	0	0	nan	0	0	0	0.001120	0.000068	0.001120	0.000068	nan	nan
51	U	208	245365	242230	0.000859	4	1	245364	0	0	0	nan	0	0	0	0	0	0	nan	0	0	0	0.000859	0.000060	0.000859	0.000060	nan	nan
52	U	201	245371	241710	0.000832	4	1	245371	0	0	0	nan	0	0	0	0	0	0	nan	0	0	0	0.000832	0.000059	0.000832	0.000059	nan	nan
53	A	1454	245372	242434	0.005998	4	1	245372	0	0	0	nan	0	0	0	0	0	0	nan	0	0	0	0.005998	0.000157	0.005998	0.000157	0.857592	0.022448
54	A	1695	245365	242364	0.006994	4	1	245364	0	0	0	nan	0	0	0	0	0	0	nan	0	0	0	0.006994	0.000170	0.006994	0.000170	1.000000	0.024307
55	U	374	245366	242807	0.001540	4	1	245365	0	0	0	nan	0	0	0	0	0	0	nan	0	0	0	0.001540	0.000080	0.001540	0.000080	nan	nan
56	G	327	245372	242200	0.001350	4	1	245371	0	0	0	nan	0	0	0	0	0	0	nan	0	0	0	0.001350	0.000075	0.001350	0.000075	nan	nan
57	G	0	245374	240642	0.000000	4	1	245374	0	0	0	nan	0	0	0	0	0	0	nan	0	0	0	0.000000	0.000000	0.000000	0.000000	nan	nan
58	A	0	245376	0	nan	4	1	245376	0	0	0	nan	0	0	0	0	0	0	nan	0	0	0	nan	nan	nan	nan	nan	nan
59	A	0	245376	0	nan	4	1	245376	0	0	0	nan	0	0	0	0	0	0	nan	0	0	0	nan	nan	nan	nan	nan	nan
60	G	0	245376	0	nan	4	1	245376	0	0	0	nan	0	0	0	0	0	0	nan	0	0	0	nan	nan	nan	nan	nan	nan
61	u	0	245376	0	nan	4	1	245376	0	0	0	nan	0	0	0	0	0	0	nan	0	0	0	nan	nan	nan	nan	nan	nan
62	a	0	245376	0	nan	4	1	245376	0	0	0	nan	0	0	0	0	0	0	nan	0	0	0	nan	nan	nan	nan	nan	nan
63	a	0	245376	0	nan	4	1	245376	0	0	0	nan	0	0	0	0	0	0	nan	0	0	0	nan	nan	nan	nan	nan	nan
64	a	0	245376	0	nan	4	1	245376	0	0	0	nan	0	0	0	0	0	0	nan	0	0	0	nan	nan	nan	nan	nan	nan
65	g	0	245376	0	nan	4	1	245376	0	0	0	nan	0	0	0	0	0	0	nan	0	0	0	nan	nan	nan	nan	nan	nan
66	g	0	245376	0	nan	4	1	245376	0	0	0	nan	0	0	0	0	0	0	nan	0	0	0	nan	nan	nan	nan	nan	nan
67	u	0	245376	0	nan	4	1	245376	0	0	0	nan	0	0	0	0	0	0	nan	0	0	0	nan	nan	nan	nan	nan	nan
68	a	0	245376	0	nan	4	1	245376	0	0	0	nan	0	0	0	0	0	0	nan	0	0	0	nan	nan	nan	nan	nan	nan
69	a	0	245376	0	nan	4	1	245376	0	0	0	nan	0	0	0	0	0	0	nan	0	0	0	nan	nan	nan	nan	nan	nan
70	u	0	245376	0	nan	4	1	245376	0	0	0	nan	0	0	0	0	0	0	nan	0	0	0	nan	nan	nan	nan	nan	nan
71	g	0	245376	0	nan	4	1	245376	0	0	0	nan	0	0	0	0	0	0	nan	0	0	0	nan	nan	nan	nan	nan	nan
72	a	0	245376	0	nan	4	1	245376	0	0	0	nan	0	0	0	0	0	0	nan	0	0	0	nan	nan	nan	nan	nan	nan
73	a	0	245376	0	nan	4	1	245376	0	0	0	nan	0	0	0	0	0	0	nan	0	0	0	nan	nan	nan	nan	nan	nan
74	g	0	245374	0	nan	4	1	245374	0	0	0	nan	0	0	0	0	0	0	nan	0	0	0	nan	nan	nan	nan	nan	nan
75	g	0	245372	0	nan	4	1	245372	0	0	0	nan	0	0	0	0	0	0	nan	0	0	0	nan	nan	nan	nan	nan	nan
76	u	0	245368	0	nan	4	1	245368	0	0	0	nan	0	0	0	0	0	0	nan	0	0	0	nan	nan	nan	nan	nan	nan
77	g	0	245361	0	nan	4	1	245361	0	0	0	nan	0	0	0	0	0	0	nan	0	0	0	nan	nan	nan	nan	nan	nan
78	a	0	245356	0	nan	4	1	245356	0	0	0	nan	0	0	0	0	0	0	nan	0	0	0	nan	nan	nan	nan	nan	nan
79	a	0	245306	0	nan	4	1	245306	0	0	0	nan	0	0	0	0	0	0	nan	0	0	0	nan	nan	nan	nan	nan	nan
80	g	0	245207	0	nan	4	1	245207	0	0	0	nan	0	0	0	0	0	0	nan	0	0	0	nan	nan	nan	nan	nan	nan