Nucleotide	Sequence	Modified_mutations	Modified_read_depth	Modified_effective_depth	Modified_rate	Modified_off_target_mapped_depth	Modified_low_mapq_mapped_depth	Modified_primer_pair_1_mapped_depth	Untreated_mutations	Untreated_read_depth	Untreated_effective_depth	Untreated_rate	Untreated_off_target_mapped_depth	Untreated_low_mapq_mapped_depth	Untreated_primer_pair_1_mapped_depth	Denatured_mutations	Denatured_read_depth	Denatured_effective_depth	Denatured_rate	Denatured_off_target_mapped_depth	Denatured_low_mapq_mapped_depth	Denatured_primer_pair_1_mapped_depth	Reactivity_profile	Std_err	HQ_profile	HQ_stderr	Norm_profile	Norm_stderr
1	g	0	48124	0	nan	0	1	48124	0	0	0	nan	0	0	0	0	0	0	nan	0	0	0	nan	nan	nan	nan	nan	nan
2	g	0	48158	0	nan	0	1	48158	0	0	0	nan	0	0	0	0	0	0	nan	0	0	0	nan	nan	nan	nan	nan	nan
3	u	0	48182	0	nan	0	1	48182	0	0	0	nan	0	0	0	0	0	0	nan	0	0	0	nan	nan	nan	nan	nan	nan
4	g	0	48205	0	nan	0	1	48205	0	0	0	nan	0	0	0	0	0	0	nan	0	0	0	nan	nan	nan	nan	nan	nan
5	u	0	48217	0	nan	0	1	48217	0	0	0	nan	0	0	0	0	0	0	nan	0	0	0	nan	nan	nan	nan	nan	nan
6	a	0	48253	0	nan	0	1	48253	0	0	0	nan	0	0	0	0	0	0	nan	0	0	0	nan	nan	nan	nan	nan	nan
7	a	0	48303	0	nan	0	1	48303	0	0	0	nan	0	0	0	0	0	0	nan	0	0	0	nan	nan	nan	nan	nan	nan
8	g	0	48426	0	nan	0	1	48426	0	0	0	nan	0	0	0	0	0	0	nan	0	0	0	nan	nan	nan	nan	nan	nan
9	g	0	50232	0	nan	0	1	50232	0	0	0	nan	0	0	0	0	0	0	nan	0	0	0	nan	nan	nan	nan	nan	nan
10	g	0	205281	0	nan	0	1	205281	0	0	0	nan	0	0	0	0	0	0	nan	0	0	0	nan	nan	nan	nan	nan	nan
11	u	0	214363	0	nan	0	1	214363	0	0	0	nan	0	0	0	0	0	0	nan	0	0	0	nan	nan	nan	nan	nan	nan
12	g	0	214671	0	nan	0	1	214671	0	0	0	nan	0	0	0	0	0	0	nan	0	0	0	nan	nan	nan	nan	nan	nan
13	a	0	214734	0	nan	0	1	214734	0	0	0	nan	0	0	0	0	0	0	nan	0	0	0	nan	nan	nan	nan	nan	nan
14	a	0	214750	0	nan	0	1	214750	0	0	0	nan	0	0	0	0	0	0	nan	0	0	0	nan	nan	nan	nan	nan	nan
15	g	0	214789	0	nan	3	1	214789	0	0	0	nan	0	0	0	0	0	0	nan	0	0	0	nan	nan	nan	nan	nan	nan
16	u	0	214803	0	nan	3	1	214803	0	0	0	nan	0	0	0	0	0	0	nan	0	0	0	nan	nan	nan	nan	nan	nan
17	g	0	214829	0	nan	3	1	214829	0	0	0	nan	0	0	0	0	0	0	nan	0	0	0	nan	nan	nan	nan	nan	nan
18	u	0	214833	0	nan	3	1	214833	0	0	0	nan	0	0	0	0	0	0	nan	0	0	0	nan	nan	nan	nan	nan	nan
19	a	0	214904	0	nan	3	1	214904	0	0	0	nan	0	0	0	0	0	0	nan	0	0	0	nan	nan	nan	nan	nan	nan
20	A	0	214946	20	0.000000	3	1	214946	0	0	0	nan	0	0	0	0	0	0	nan	0	0	0	0.000000	0.000000	nan	nan	nan	nan
21	G	0	215017	49	0.000000	3	1	215017	0	0	0	nan	0	0	0	0	0	0	nan	0	0	0	0.000000	0.000000	nan	nan	nan	nan
22	G	0	215029	54	0.000000	3	1	215029	0	0	0	nan	0	0	0	0	0	0	nan	0	0	0	0.000000	0.000000	nan	nan	nan	nan
23	U	0	215049	212415	0.000000	3	1	215049	0	0	0	nan	0	0	0	0	0	0	nan	0	0	0	0.000000	0.000000	0.000000	0.000000	nan	nan
24	U	248	215059	212564	0.001167	3	1	215059	0	0	0	nan	0	0	0	0	0	0	nan	0	0	0	0.001167	0.000074	0.001167	0.000074	nan	nan
25	G	299	215061	211580	0.001413	3	1	215061	0	0	0	nan	0	0	0	0	0	0	nan	0	0	0	0.001413	0.000082	0.001413	0.000082	nan	nan
26	A	1104	215060	207830	0.005312	3	0	215031	0	0	0	nan	0	0	0	0	0	0	nan	0	0	0	0.005312	0.000160	0.005312	0.000160	0.420054	0.012652
27	C	6575	215069	207242	0.031726	3	0	215035	0	0	0	nan	0	0	0	0	0	0	nan	0	0	0	0.031726	0.000391	0.031726	0.000391	1.892790	0.023327
28	C	373	215079	207623	0.001797	3	0	215047	0	0	0	nan	0	0	0	0	0	0	nan	0	0	0	0.001797	0.000093	0.001797	0.000093	0.107210	0.005548
29	U	154	215131	210465	0.000732	3	0	215100	0	0	0	nan	0	0	0	0	0	0	nan	0	0	0	0.000732	0.000059	0.000732	0.000059	nan	nan
30	U	230	215164	211143	0.001089	3	0	215136	0	0	0	nan	0	0	0	0	0	0	nan	0	0	0	0.001089	0.000072	0.001089	0.000072	nan	nan
31	U	221	215186	211863	0.001043	3	0	215160	0	0	0	nan	0	0	0	0	0	0	nan	0	0	0	0.001043	0.000070	0.001043	0.000070	nan	nan
32	U	194	215230	212765	0.000912	3	0	215205	0	0	0	nan	0	0	0	0	0	0	nan	0	0	0	0.000912	0.000065	0.000912	0.000065	nan	nan
33	G	127	215257	210938	0.000602	3	0	215233	0	0	0	nan	0	0	0	0	0	0	nan	0	0	0	0.000602	0.000053	0.000602	0.000053	nan	nan
34	A	1547	215279	211597	0.007311	3	0	215256	0	0	0	nan	0	0	0	0	0	0	nan	0	0	0	0.007311	0.000186	0.007311	0.000186	0.578127	0.014708
35	A	1429	215294	210772	0.006780	3	0	215272	0	0	0	nan	0	0	0	0	0	0	nan	0	0	0	0.006780	0.000179	0.006780	0.000179	0.536138	0.014155
36	U	147	215304	209083	0.000703	3	0	215282	0	0	0	nan	0	0	0	0	0	0	nan	0	0	0	0.000703	0.000058	0.000703	0.000058	nan	nan
37	A	20383	215318	208995	0.097529	3	1	215296	0	0	0	nan	0	0	0	0	0	0	nan	0	0	0	0.097529	0.000683	0.097529	0.000683	7.712241	0.054009
38	G	374	215337	207282	0.001804	3	1	215315	0	0	0	nan	0	0	0	0	0	0	nan	0	0	0	0.001804	0.000093	0.001804	0.000093	nan	nan
39	U	355	215345	212208	0.001673	3	2	215324	0	0	0	nan	0	0	0	0	0	0	nan	0	0	0	0.001673	0.000089	0.001673	0.000089	nan	nan
40	G	518	215358	210550	0.002460	3	2	215339	0	0	0	nan	0	0	0	0	0	0	nan	0	0	0	0.002460	0.000108	0.002460	0.000108	nan	nan
41	A	4166	215374	211858	0.019664	3	2	215358	0	0	0	nan	0	0	0	0	0	0	nan	0	0	0	0.019664	0.000305	0.019664	0.000305	1.554958	0.024118
42	U	331	215403	211349	0.001566	3	2	215392	0	0	0	nan	0	0	0	0	0	0	nan	0	0	0	0.001566	0.000086	0.001566	0.000086	nan	nan
43	U	263	215419	211594	0.001243	3	2	215411	0	0	0	nan	0	0	0	0	0	0	nan	0	0	0	0.001243	0.000077	0.001243	0.000077	nan	nan
44	C	326	215433	211727	0.001540	3	2	215425	0	0	0	nan	0	0	0	0	0	0	nan	0	0	0	0.001540	0.000085	0.001540	0.000085	0.091877	0.005071
45	A	1218	215454	212345	0.005736	3	2	215449	0	0	0	nan	0	0	0	0	0	0	nan	0	0	0	0.005736	0.000164	0.005736	0.000164	0.453582	0.012969
46	G	208	215482	212944	0.000977	3	2	215477	0	0	0	nan	0	0	0	0	0	0	nan	0	0	0	0.000977	0.000068	0.000977	0.000068	nan	nan
47	G	132	215492	212534	0.000621	3	2	215486	0	0	0	nan	0	0	0	0	0	0	nan	0	0	0	0.000621	0.000054	0.000621	0.000054	nan	nan
48	A	539	215495	213021	0.002530	3	2	215490	0	0	0	nan	0	0	0	0	0	0	nan	0	0	0	0.002530	0.000109	0.002530	0.000109	0.200063	0.008619
49	G	268	215542	211666	0.001266	3	2	215541	0	0	0	nan	0	0	0	0	0	0	nan	0	0	0	0.001266	0.000077	0.001266	0.000077	nan	nan
50	G	272	215549	211369	0.001287	3	2	215548	0	0	0	nan	0	0	0	0	0	0	nan	0	0	0	0.001287	0.000078	0.001287	0.000078	nan	nan
51	U	168	215554	212580	0.000790	3	2	215553	0	0	0	nan	0	0	0	0	0	0	nan	0	0	0	0.000790	0.000061	0.000790	0.000061	nan	nan
52	U	202	215561	212077	0.000952	3	2	215560	0	0	0	nan	0	0	0	0	0	0	nan	0	0	0	0.000952	0.000067	0.000952	0.000067	nan	nan
53	A	2413	215563	212572	0.011351	3	2	215563	0	0	0	nan	0	0	0	0	0	0	nan	0	0	0	0.011351	0.000231	0.011351	0.000231	0.897596	0.018267
54	A	2688	215558	212565	0.012646	3	2	215557	0	0	0	nan	0	0	0	0	0	0	nan	0	0	0	0.012646	0.000244	0.012646	0.000244	1.000000	0.019295
55	U	324	215561	213008	0.001521	3	2	215561	0	0	0	nan	0	0	0	0	0	0	nan	0	0	0	0.001521	0.000085	0.001521	0.000085	nan	nan
56	G	314	215562	212332	0.001479	3	2	215562	0	0	0	nan	0	0	0	0	0	0	nan	0	0	0	0.001479	0.000083	0.001479	0.000083	nan	nan
57	G	0	215563	211068	0.000000	3	2	215563	0	0	0	nan	0	0	0	0	0	0	nan	0	0	0	0.000000	0.000000	0.000000	0.000000	nan	nan
58	A	0	215564	0	nan	3	2	215564	0	0	0	nan	0	0	0	0	0	0	nan	0	0	0	nan	nan	nan	nan	nan	nan
59	A	0	215564	0	nan	3	2	215564	0	0	0	nan	0	0	0	0	0	0	nan	0	0	0	nan	nan	nan	nan	nan	nan
60	G	0	215564	0	nan	3	2	215564	0	0	0	nan	0	0	0	0	0	0	nan	0	0	0	nan	nan	nan	nan	nan	nan
61	u	0	215564	0	nan	3	2	215564	0	0	0	nan	0	0	0	0	0	0	nan	0	0	0	nan	nan	nan	nan	nan	nan
62	a	0	215564	0	nan	3	2	215564	0	0	0	nan	0	0	0	0	0	0	nan	0	0	0	nan	nan	nan	nan	nan	nan
63	a	0	215564	0	nan	3	2	215564	0	0	0	nan	0	0	0	0	0	0	nan	0	0	0	nan	nan	nan	nan	nan	nan
64	a	0	215564	0	nan	3	2	215564	0	0	0	nan	0	0	0	0	0	0	nan	0	0	0	nan	nan	nan	nan	nan	nan
65	g	0	215564	0	nan	3	2	215564	0	0	0	nan	0	0	0	0	0	0	nan	0	0	0	nan	nan	nan	nan	nan	nan
66	g	0	215564	0	nan	3	2	215564	0	0	0	nan	0	0	0	0	0	0	nan	0	0	0	nan	nan	nan	nan	nan	nan
67	u	0	215564	0	nan	3	2	215564	0	0	0	nan	0	0	0	0	0	0	nan	0	0	0	nan	nan	nan	nan	nan	nan
68	a	0	215564	0	nan	3	2	215564	0	0	0	nan	0	0	0	0	0	0	nan	0	0	0	nan	nan	nan	nan	nan	nan
69	a	0	215564	0	nan	3	2	215564	0	0	0	nan	0	0	0	0	0	0	nan	0	0	0	nan	nan	nan	nan	nan	nan
70	u	0	215564	0	nan	3	2	215564	0	0	0	nan	0	0	0	0	0	0	nan	0	0	0	nan	nan	nan	nan	nan	nan
71	g	0	215564	0	nan	3	2	215564	0	0	0	nan	0	0	0	0	0	0	nan	0	0	0	nan	nan	nan	nan	nan	nan
72	a	0	215564	0	nan	3	2	215564	0	0	0	nan	0	0	0	0	0	0	nan	0	0	0	nan	nan	nan	nan	nan	nan
73	a	0	215564	0	nan	3	2	215564	0	0	0	nan	0	0	0	0	0	0	nan	0	0	0	nan	nan	nan	nan	nan	nan
74	g	0	215564	0	nan	3	2	215564	0	0	0	nan	0	0	0	0	0	0	nan	0	0	0	nan	nan	nan	nan	nan	nan
75	g	0	215562	0	nan	3	2	215562	0	0	0	nan	0	0	0	0	0	0	nan	0	0	0	nan	nan	nan	nan	nan	nan
76	u	0	215558	0	nan	3	2	215558	0	0	0	nan	0	0	0	0	0	0	nan	0	0	0	nan	nan	nan	nan	nan	nan
77	g	0	215554	0	nan	3	2	215554	0	0	0	nan	0	0	0	0	0	0	nan	0	0	0	nan	nan	nan	nan	nan	nan
78	a	0	215551	0	nan	3	2	215551	0	0	0	nan	0	0	0	0	0	0	nan	0	0	0	nan	nan	nan	nan	nan	nan
79	a	0	215513	0	nan	3	2	215513	0	0	0	nan	0	0	0	0	0	0	nan	0	0	0	nan	nan	nan	nan	nan	nan
80	g	0	215422	0	nan	3	2	215422	0	0	0	nan	0	0	0	0	0	0	nan	0	0	0	nan	nan	nan	nan	nan	nan