Nucleotide	Sequence	Modified_mutations	Modified_read_depth	Modified_effective_depth	Modified_rate	Modified_off_target_mapped_depth	Modified_low_mapq_mapped_depth	Modified_primer_pair_1_mapped_depth	Untreated_mutations	Untreated_read_depth	Untreated_effective_depth	Untreated_rate	Untreated_off_target_mapped_depth	Untreated_low_mapq_mapped_depth	Untreated_primer_pair_1_mapped_depth	Denatured_mutations	Denatured_read_depth	Denatured_effective_depth	Denatured_rate	Denatured_off_target_mapped_depth	Denatured_low_mapq_mapped_depth	Denatured_primer_pair_1_mapped_depth	Reactivity_profile	Std_err	HQ_profile	HQ_stderr	Norm_profile	Norm_stderr
1	g	0	79844	0	nan	7	0	79844	0	0	0	nan	0	0	0	0	0	0	nan	0	0	0	nan	nan	nan	nan	nan	nan
2	g	0	79899	0	nan	7	0	79899	0	0	0	nan	0	0	0	0	0	0	nan	0	0	0	nan	nan	nan	nan	nan	nan
3	a	0	79927	0	nan	7	0	79927	0	0	0	nan	0	0	0	0	0	0	nan	0	0	0	nan	nan	nan	nan	nan	nan
4	u	0	79929	0	nan	7	0	79929	0	0	0	nan	0	0	0	0	0	0	nan	0	0	0	nan	nan	nan	nan	nan	nan
5	a	0	79931	0	nan	7	0	79931	0	0	0	nan	0	0	0	0	0	0	nan	0	0	0	nan	nan	nan	nan	nan	nan
6	a	0	79931	0	nan	7	0	79931	0	0	0	nan	0	0	0	0	0	0	nan	0	0	0	nan	nan	nan	nan	nan	nan
7	u	0	79931	0	nan	7	0	79931	0	0	0	nan	0	0	0	0	0	0	nan	0	0	0	nan	nan	nan	nan	nan	nan
8	c	0	79932	0	nan	7	0	79932	0	0	0	nan	0	0	0	0	0	0	nan	0	0	0	nan	nan	nan	nan	nan	nan
9	c	0	79932	0	nan	7	0	79932	0	0	0	nan	0	0	0	0	0	0	nan	0	0	0	nan	nan	nan	nan	nan	nan
10	a	0	79932	0	nan	7	0	79932	0	0	0	nan	0	0	0	0	0	0	nan	0	0	0	nan	nan	nan	nan	nan	nan
11	a	0	79932	0	nan	7	0	79932	0	0	0	nan	0	0	0	0	0	0	nan	0	0	0	nan	nan	nan	nan	nan	nan
12	a	0	79932	0	nan	7	0	79932	0	0	0	nan	0	0	0	0	0	0	nan	0	0	0	nan	nan	nan	nan	nan	nan
13	a	0	79932	0	nan	7	0	79932	0	0	0	nan	0	0	0	0	0	0	nan	0	0	0	nan	nan	nan	nan	nan	nan
14	c	0	79932	0	nan	7	0	79932	0	0	0	nan	0	0	0	0	0	0	nan	0	0	0	nan	nan	nan	nan	nan	nan
15	a	0	79932	0	nan	7	0	79932	0	0	0	nan	0	0	0	0	0	0	nan	0	0	0	nan	nan	nan	nan	nan	nan
16	a	0	79932	0	nan	7	0	79932	0	0	0	nan	0	0	0	0	0	0	nan	0	0	0	nan	nan	nan	nan	nan	nan
17	c	0	79932	0	nan	7	0	79932	0	0	0	nan	0	0	0	0	0	0	nan	0	0	0	nan	nan	nan	nan	nan	nan
18	a	0	79932	0	nan	8	0	79932	0	0	0	nan	0	0	0	0	0	0	nan	0	0	0	nan	nan	nan	nan	nan	nan
19	a	0	79932	0	nan	8	0	79932	0	0	0	nan	0	0	0	0	0	0	nan	0	0	0	nan	nan	nan	nan	nan	nan
20	c	0	79932	0	nan	9	0	79932	0	0	0	nan	0	0	0	0	0	0	nan	0	0	0	nan	nan	nan	nan	nan	nan
21	c	0	79932	0	nan	9	0	79932	0	0	0	nan	0	0	0	0	0	0	nan	0	0	0	nan	nan	nan	nan	nan	nan
22	A	0	79932	0	nan	9	0	79932	0	0	0	nan	0	0	0	0	0	0	nan	0	0	0	nan	nan	nan	nan	nan	nan
23	A	0	79932	0	nan	9	0	79932	0	0	0	nan	0	0	0	0	0	0	nan	0	0	0	nan	nan	nan	nan	nan	nan
24	A	0	79932	0	nan	9	0	79932	0	0	0	nan	0	0	0	0	0	0	nan	0	0	0	nan	nan	nan	nan	nan	nan
25	G	0	79932	68689	0.000000	10	0	79932	0	0	0	nan	0	0	0	0	0	0	nan	0	0	0	0.000000	0.000000	0.000000	0.000000	nan	nan
26	G	57	79932	61177	0.000932	10	0	79931	0	0	0	nan	0	0	0	0	0	0	nan	0	0	0	0.000932	0.000123	0.000932	0.000123	nan	nan
27	A	1061	79932	60653	0.017493	10	0	79927	0	0	0	nan	0	0	0	0	0	0	nan	0	0	0	0.017493	0.000537	0.017493	0.000537	0.622704	0.019116
28	A	787	79932	59408	0.013247	10	0	79923	0	0	0	nan	0	0	0	0	0	0	nan	0	0	0	0.013247	0.000472	0.013247	0.000472	0.471558	0.016802
29	U	177	79931	72020	0.002458	10	0	79919	0	0	0	nan	0	0	0	0	0	0	nan	0	0	0	0.002458	0.000185	0.002458	0.000185	0.986752	0.074267
30	U	132	79931	73186	0.001804	10	0	79906	0	0	0	nan	0	0	0	0	0	0	nan	0	0	0	0.001804	0.000157	0.001804	0.000157	0.724207	0.063027
31	G	38	79931	74781	0.000508	10	0	79896	0	0	0	nan	0	0	0	0	0	0	nan	0	0	0	0.000508	0.000082	0.000508	0.000082	nan	nan
32	C	916	79931	75395	0.012149	10	0	79891	0	0	0	nan	0	0	0	0	0	0	nan	0	0	0	0.012149	0.000401	0.012149	0.000401	0.683450	0.022559
33	G	44	79931	74583	0.000590	10	0	79874	0	0	0	nan	0	0	0	0	0	0	nan	0	0	0	0.000590	0.000089	0.000590	0.000089	nan	nan
34	G	24	79930	75129	0.000319	10	0	79856	0	0	0	nan	0	0	0	0	0	0	nan	0	0	0	0.000319	0.000065	0.000319	0.000065	nan	nan
35	G	47	79930	66552	0.000706	9	0	79840	0	0	0	nan	0	0	0	0	0	0	nan	0	0	0	0.000706	0.000103	0.000706	0.000103	nan	nan
36	A	855	79929	62795	0.013616	9	0	79827	0	0	0	nan	0	0	0	0	0	0	nan	0	0	0	0.013616	0.000466	0.013616	0.000466	0.484693	0.016588
37	A	1726	79929	59976	0.028778	9	0	79811	0	0	0	nan	0	0	0	0	0	0	nan	0	0	0	0.028778	0.000693	0.028778	0.000693	1.024420	0.024669
38	A	2007	79929	67094	0.029913	9	0	79807	0	0	0	nan	0	0	0	0	0	0	nan	0	0	0	0.029913	0.000668	0.029913	0.000668	1.064823	0.023779
39	G	41	79929	71193	0.000576	9	0	79803	0	0	0	nan	0	0	0	0	0	0	nan	0	0	0	0.000576	0.000090	0.000576	0.000090	nan	nan
40	G	52	79928	73369	0.000709	9	0	79799	0	0	0	nan	0	0	0	0	0	0	nan	0	0	0	0.000709	0.000098	0.000709	0.000098	nan	nan
41	G	38	79928	73124	0.000520	9	0	79795	0	0	0	nan	0	0	0	0	0	0	nan	0	0	0	0.000520	0.000084	0.000520	0.000084	nan	nan
42	G	52	79928	74129	0.000701	9	0	79782	0	0	0	nan	0	0	0	0	0	0	nan	0	0	0	0.000701	0.000097	0.000701	0.000097	nan	nan
43	U	116	79928	75174	0.001543	9	0	79779	0	0	0	nan	0	0	0	0	0	0	nan	0	0	0	0.001543	0.000143	0.001543	0.000143	0.619430	0.057407
44	C	436	79928	68442	0.006370	9	0	79769	0	0	0	nan	0	0	0	0	0	0	nan	0	0	0	0.006370	0.000305	0.006370	0.000305	0.358348	0.017158
45	A	1051	79928	63897	0.016448	9	0	79748	0	0	0	nan	0	0	0	0	0	0	nan	0	0	0	0.016448	0.000507	0.016448	0.000507	0.585505	0.018048
46	A	1346	79928	64221	0.020959	9	0	79737	0	0	0	nan	0	0	0	0	0	0	nan	0	0	0	0.020959	0.000571	0.020959	0.000571	0.746084	0.020326
47	C	3066	79928	68914	0.044490	9	0	79732	0	0	0	nan	0	0	0	0	0	0	nan	0	0	0	0.044490	0.000803	0.044490	0.000803	2.502813	0.045173
48	A	2201	79928	73578	0.029914	9	0	79726	0	0	0	nan	0	0	0	0	0	0	nan	0	0	0	0.029914	0.000638	0.029914	0.000638	1.064858	0.022711
49	G	47	79928	72184	0.000651	9	0	79721	0	0	0	nan	0	0	0	0	0	0	nan	0	0	0	0.000651	0.000095	0.000651	0.000095	nan	nan
50	C	171	79927	72851	0.002347	9	0	79711	0	0	0	nan	0	0	0	0	0	0	nan	0	0	0	0.002347	0.000179	0.002347	0.000179	0.132032	0.010070
51	C	148	79926	72607	0.002038	9	0	79706	0	0	0	nan	0	0	0	0	0	0	nan	0	0	0	0.002038	0.000168	0.002038	0.000168	0.114649	0.009451
52	G	56	79926	70800	0.000791	9	0	79696	0	0	0	nan	0	0	0	0	0	0	nan	0	0	0	0.000791	0.000106	0.000791	0.000106	nan	nan
53	U	228	79925	71598	0.003184	9	0	79690	0	0	0	nan	0	0	0	0	0	0	nan	0	0	0	0.003184	0.000211	0.003184	0.000211	1.278202	0.084705
54	U	153	79925	70738	0.002163	9	0	79674	0	0	0	nan	0	0	0	0	0	0	nan	0	0	0	0.002163	0.000175	0.002163	0.000175	0.868326	0.070253
55	C	269	79925	73570	0.003656	9	0	79670	0	0	0	nan	0	0	0	0	0	0	nan	0	0	0	0.003656	0.000223	0.003656	0.000223	0.205671	0.012545
56	A	355	79924	73989	0.004798	9	0	79663	0	0	0	nan	0	0	0	0	0	0	nan	0	0	0	0.004798	0.000255	0.004798	0.000255	0.170796	0.009077
57	G	65	79924	74914	0.000868	9	0	79659	0	0	0	nan	0	0	0	0	0	0	nan	0	0	0	0.000868	0.000108	0.000868	0.000108	nan	nan
58	U	70	79924	74630	0.000938	9	0	79655	0	0	0	nan	0	0	0	0	0	0	nan	0	0	0	0.000938	0.000112	0.000938	0.000112	0.376556	0.044962
59	A	599	79924	74201	0.008073	9	0	79654	0	0	0	nan	0	0	0	0	0	0	nan	0	0	0	0.008073	0.000330	0.008073	0.000330	0.287377	0.011747
60	C	216	79924	74510	0.002899	10	0	79653	0	0	0	nan	0	0	0	0	0	0	nan	0	0	0	0.002899	0.000197	0.002899	0.000197	0.163085	0.011082
61	C	166	79924	74856	0.002218	10	0	79653	0	0	0	nan	0	0	0	0	0	0	nan	0	0	0	0.002218	0.000172	0.002218	0.000172	0.124775	0.009676
62	A	2019	79924	73671	0.027406	9	0	79639	0	0	0	nan	0	0	0	0	0	0	nan	0	0	0	0.027406	0.000610	0.027406	0.000610	0.975580	0.021714
63	A	1683	79924	73880	0.022780	9	0	79638	0	0	0	nan	0	0	0	0	0	0	nan	0	0	0	0.022780	0.000555	0.022780	0.000555	0.810907	0.019757
64	G	41	79924	74804	0.000548	9	0	79635	0	0	0	nan	0	0	0	0	0	0	nan	0	0	0	0.000548	0.000086	0.000548	0.000086	nan	nan
65	U	118	79925	70454	0.001675	9	0	79628	0	0	0	nan	0	0	0	0	0	0	nan	0	0	0	0.001675	0.000154	0.001675	0.000154	0.672421	0.061823
66	C	82	79931	70928	0.001156	9	0	79634	0	0	0	nan	0	0	0	0	0	0	nan	0	0	0	0.001156	0.000128	0.001156	0.000128	0.065032	0.007201
67	U	106	80608	71319	0.001486	9	0	80560	0	0	0	nan	0	0	0	0	0	0	nan	0	0	0	0.001486	0.000144	0.001486	0.000144	0.596548	0.057808
68	C	116	80627	77897	0.001489	9	0	80574	0	0	0	nan	0	0	0	0	0	0	nan	0	0	0	0.001489	0.000138	0.001489	0.000138	0.083765	0.007763
69	A	278	80632	76921	0.003614	9	0	80578	0	0	0	nan	0	0	0	0	0	0	nan	0	0	0	0.003614	0.000217	0.003614	0.000217	0.128649	0.007725
70	G	41	80632	76147	0.000538	9	0	80577	0	0	0	nan	0	0	0	0	0	0	nan	0	0	0	0.000538	0.000084	0.000538	0.000084	nan	nan
71	G	36	80633	76172	0.000473	9	0	80578	0	0	0	nan	0	0	0	0	0	0	nan	0	0	0	0.000473	0.000079	0.000473	0.000079	nan	nan
72	G	28	80634	77003	0.000364	9	0	80579	0	0	0	nan	0	0	0	0	0	0	nan	0	0	0	0.000364	0.000069	0.000364	0.000069	nan	nan
73	G	45	80637	79344	0.000567	9	0	80583	0	0	0	nan	0	0	0	0	0	0	nan	0	0	0	0.000567	0.000085	0.000567	0.000085	nan	nan
74	A	1226	80638	79290	0.015462	9	0	80584	0	0	0	nan	0	0	0	0	0	0	nan	0	0	0	0.015462	0.000442	0.015462	0.000442	0.550406	0.015734
75	A	1359	80638	79708	0.017050	9	0	80585	0	0	0	nan	0	0	0	0	0	0	nan	0	0	0	0.017050	0.000462	0.017050	0.000462	0.606934	0.016446
76	A	1686	80637	79602	0.021180	9	0	80584	0	0	0	nan	0	0	0	0	0	0	nan	0	0	0	0.021180	0.000516	0.021180	0.000516	0.753951	0.018368
77	C	122	80639	79603	0.001533	9	0	80586	0	0	0	nan	0	0	0	0	0	0	nan	0	0	0	0.001533	0.000139	0.001533	0.000139	0.086240	0.007820
78	U	94	80639	79416	0.001184	9	0	80585	0	0	0	nan	0	0	0	0	0	0	nan	0	0	0	0.001184	0.000122	0.001184	0.000122	0.475311	0.048976
79	U	167	80636	79444	0.002102	9	0	80582	0	0	0	nan	0	0	0	0	0	0	nan	0	0	0	0.002102	0.000163	0.002102	0.000163	0.843838	0.065436
80	U	129	80632	78380	0.001646	9	0	80572	0	0	0	nan	0	0	0	0	0	0	nan	0	0	0	0.001646	0.000145	0.001646	0.000145	0.660779	0.058210
81	G	46	80629	78182	0.000588	9	0	80551	0	0	0	nan	0	0	0	0	0	0	nan	0	0	0	0.000588	0.000087	0.000588	0.000087	nan	nan
82	A	286	80628	78404	0.003648	9	0	80542	0	0	0	nan	0	0	0	0	0	0	nan	0	0	0	0.003648	0.000216	0.003648	0.000216	0.129859	0.007689
83	G	58	80626	79415	0.000730	9	0	80539	0	0	0	nan	0	0	0	0	0	0	nan	0	0	0	0.000730	0.000096	0.000730	0.000096	nan	nan
84	A	222	80626	79777	0.002783	9	0	80535	0	0	0	nan	0	0	0	0	0	0	nan	0	0	0	0.002783	0.000187	0.002783	0.000187	0.099067	0.006657
85	U	89	80629	79736	0.001116	9	0	80533	0	0	0	nan	0	0	0	0	0	0	nan	0	0	0	0.001116	0.000118	0.001116	0.000118	0.448013	0.047371
86	G	66	80629	79630	0.000829	9	0	80532	0	0	0	nan	0	0	0	0	0	0	nan	0	0	0	0.000829	0.000102	0.000829	0.000102	nan	nan
87	G	49	80630	79514	0.000616	9	0	80531	0	0	0	nan	0	0	0	0	0	0	nan	0	0	0	0.000616	0.000088	0.000616	0.000088	nan	nan
88	C	158	80630	72102	0.002191	9	0	80529	0	0	0	nan	0	0	0	0	0	0	nan	0	0	0	0.002191	0.000174	0.002191	0.000174	0.123256	0.009788
89	C	96	80629	72018	0.001333	9	0	80528	0	0	0	nan	0	0	0	0	0	0	nan	0	0	0	0.001333	0.000136	0.001333	0.000136	0.074989	0.007651
90	U	82	80628	71850	0.001141	9	0	80529	0	0	0	nan	0	0	0	0	0	0	nan	0	0	0	0.001141	0.000126	0.001141	0.000126	0.458049	0.050582
91	U	79	80627	79495	0.000994	9	0	80528	0	0	0	nan	0	0	0	0	0	0	nan	0	0	0	0.000994	0.000112	0.000994	0.000112	0.399037	0.044962
92	G	44	80627	79215	0.000555	9	0	80527	0	0	0	nan	0	0	0	0	0	0	nan	0	0	0	0.000555	0.000084	0.000555	0.000084	nan	nan
93	C	2139	80627	79385	0.026945	9	0	80527	0	0	0	nan	0	0	0	0	0	0	nan	0	0	0	0.026945	0.000583	0.026945	0.000583	1.515808	0.032797
94	A	860	80632	79342	0.010839	9	0	80532	0	0	0	nan	0	0	0	0	0	0	nan	0	0	0	0.010839	0.000370	0.010839	0.000370	0.385839	0.013171
95	A	1177	80632	79449	0.014815	9	0	80532	0	0	0	nan	0	0	0	0	0	0	nan	0	0	0	0.014815	0.000432	0.014815	0.000432	0.527374	0.015378
96	A	375	80633	79646	0.004708	9	0	80533	0	0	0	nan	0	0	0	0	0	0	nan	0	0	0	0.004708	0.000243	0.004708	0.000243	0.167592	0.008650
97	G	41	80633	79520	0.000516	9	0	80533	0	0	0	nan	0	0	0	0	0	0	nan	0	0	0	0.000516	0.000081	0.000516	0.000081	nan	nan
98	G	25	80633	79668	0.000314	9	0	80533	0	0	0	nan	0	0	0	0	0	0	nan	0	0	0	0.000314	0.000063	0.000314	0.000063	nan	nan
99	G	57	80634	79255	0.000719	9	0	80534	0	0	0	nan	0	0	0	0	0	0	nan	0	0	0	0.000719	0.000095	0.000719	0.000095	nan	nan
100	U	77	80634	79750	0.000966	9	0	80534	0	0	0	nan	0	0	0	0	0	0	nan	0	0	0	0.000966	0.000110	0.000966	0.000110	0.387796	0.044159
101	A	1463	80634	79594	0.018381	9	0	80533	0	0	0	nan	0	0	0	0	0	0	nan	0	0	0	0.018381	0.000481	0.018381	0.000481	0.654314	0.017122
102	U	133	80634	79644	0.001670	9	0	80533	0	0	0	nan	0	0	0	0	0	0	nan	0	0	0	0.001670	0.000145	0.001670	0.000145	0.670413	0.058210
103	G	34	80634	79179	0.000429	9	0	80531	0	0	0	nan	0	0	0	0	0	0	nan	0	0	0	0.000429	0.000074	0.000429	0.000074	nan	nan
104	G	42	80633	78922	0.000532	9	0	80530	0	0	0	nan	0	0	0	0	0	0	nan	0	0	0	0.000532	0.000082	0.000532	0.000082	nan	nan
105	U	105	80632	79258	0.001325	9	0	80531	0	0	0	nan	0	0	0	0	0	0	nan	0	0	0	0.001325	0.000129	0.001325	0.000129	0.531915	0.051786
106	A	1709	80634	79466	0.021506	9	0	80529	0	0	0	nan	0	0	0	0	0	0	nan	0	0	0	0.021506	0.000520	0.021506	0.000520	0.765556	0.018511
107	A	993	80633	79454	0.012498	9	0	80526	0	0	0	nan	0	0	0	0	0	0	nan	0	0	0	0.012498	0.000397	0.012498	0.000397	0.444895	0.014132
108	U	200	80633	79229	0.002524	9	0	80526	0	0	0	nan	0	0	0	0	0	0	nan	0	0	0	0.002524	0.000178	0.002524	0.000178	1.013248	0.071457
109	A	1265	80635	79140	0.015984	12	0	80528	0	0	0	nan	0	0	0	0	0	0	nan	0	0	0	0.015984	0.000449	0.015984	0.000449	0.568988	0.015983
110	A	1433	80635	79423	0.018043	12	0	80529	0	0	0	nan	0	0	0	0	0	0	nan	0	0	0	0.018043	0.000477	0.018043	0.000477	0.642283	0.016980
111	G	88	80635	79424	0.001108	12	0	80529	0	0	0	nan	0	0	0	0	0	0	nan	0	0	0	0.001108	0.000118	0.001108	0.000118	nan	nan
112	C	129	80635	79936	0.001614	12	0	80530	0	0	0	nan	0	0	0	0	0	0	nan	0	0	0	0.001614	0.000142	0.001614	0.000142	0.090797	0.007988
113	U	96	80635	79836	0.001202	12	0	80529	0	0	0	nan	0	0	0	0	0	0	nan	0	0	0	0.001202	0.000123	0.001202	0.000123	0.482537	0.049378
114	G	51	80635	79592	0.000641	12	0	80530	0	0	0	nan	0	0	0	0	0	0	nan	0	0	0	0.000641	0.000090	0.000641	0.000090	nan	nan
115	A	365	80635	79607	0.004585	12	0	80530	0	0	0	nan	0	0	0	0	0	0	nan	0	0	0	0.004585	0.000240	0.004585	0.000240	0.163214	0.008543
116	C	135	80634	79645	0.001695	12	0	80529	0	0	0	nan	0	0	0	0	0	0	nan	0	0	0	0.001695	0.000146	0.001695	0.000146	0.095353	0.008213
117	G	40	80633	79135	0.000505	12	0	80528	0	0	0	nan	0	0	0	0	0	0	nan	0	0	0	0.000505	0.000080	0.000505	0.000080	nan	nan
118	G	24	80634	79360	0.000302	12	0	80532	0	0	0	nan	0	0	0	0	0	0	nan	0	0	0	0.000302	0.000062	0.000302	0.000062	nan	nan
119	A	673	80636	79473	0.008468	12	0	80535	0	0	0	nan	0	0	0	0	0	0	nan	0	0	0	0.008468	0.000326	0.008468	0.000326	0.301438	0.011605
120	C	1278	80636	79836	0.016008	12	0	80535	0	0	0	nan	0	0	0	0	0	0	nan	0	0	0	0.016008	0.000448	0.016008	0.000448	0.900540	0.025203
121	A	1524	80636	79853	0.019085	12	0	80533	0	0	0	nan	0	0	0	0	0	0	nan	0	0	0	0.019085	0.000489	0.019085	0.000489	0.679375	0.017407
122	U	125	80635	79843	0.001566	12	0	80529	0	0	0	nan	0	0	0	0	0	0	nan	0	0	0	0.001566	0.000140	0.001566	0.000140	0.628663	0.056202
123	G	38	80635	79644	0.000477	12	0	80529	0	0	0	nan	0	0	0	0	0	0	nan	0	0	0	0.000477	0.000077	0.000477	0.000077	nan	nan
124	G	35	80635	79560	0.000440	12	0	80530	0	0	0	nan	0	0	0	0	0	0	nan	0	0	0	0.000440	0.000074	0.000440	0.000074	nan	nan
125	U	86	80635	78598	0.001094	12	0	80531	0	0	0	nan	0	0	0	0	0	0	nan	0	0	0	0.001094	0.000118	0.001094	0.000118	0.439181	0.047371
126	C	107	80635	78568	0.001362	12	0	80531	0	0	0	nan	0	0	0	0	0	0	nan	0	0	0	0.001362	0.000132	0.001362	0.000132	0.076620	0.007426
127	C	52	80636	78568	0.000662	12	0	80532	0	0	0	nan	0	0	0	0	0	0	nan	0	0	0	0.000662	0.000092	0.000662	0.000092	0.037241	0.005176
128	U	109	80628	79317	0.001374	12	0	80520	0	0	0	nan	0	0	0	0	0	0	nan	0	0	0	0.001374	0.000132	0.001374	0.000132	0.551586	0.052991
129	A	1516	80322	78701	0.019263	13	0	80074	0	0	0	nan	0	0	0	0	0	0	nan	0	0	0	0.019263	0.000495	0.019263	0.000495	0.685711	0.017621
130	A	2436	80315	78571	0.031004	13	0	80074	0	0	0	nan	0	0	0	0	0	0	nan	0	0	0	0.031004	0.000628	0.031004	0.000628	1.103659	0.022355
131	C	449	80315	78492	0.005720	13	0	80078	0	0	0	nan	0	0	0	0	0	0	nan	0	0	0	0.005720	0.000270	0.005720	0.000270	0.321782	0.015189
132	C	95	80315	78388	0.001212	13	0	80079	0	0	0	nan	0	0	0	0	0	0	nan	0	0	0	0.001212	0.000124	0.001212	0.000124	0.068182	0.006976
133	A	810	80317	78298	0.010345	13	0	80086	0	0	0	nan	0	0	0	0	0	0	nan	0	0	0	0.010345	0.000363	0.010345	0.000363	0.368254	0.012922
134	C	182	80317	78244	0.002326	13	0	80087	0	0	0	nan	0	0	0	0	0	0	nan	0	0	0	0.002326	0.000172	0.002326	0.000172	0.130851	0.009676
135	G	85	80317	77529	0.001096	13	0	80089	0	0	0	nan	0	0	0	0	0	0	nan	0	0	0	0.001096	0.000119	0.001096	0.000119	nan	nan
136	C	89	80318	77856	0.001143	13	0	80094	0	0	0	nan	0	0	0	0	0	0	nan	0	0	0	0.001143	0.000121	0.001143	0.000121	0.064300	0.006807
137	A	347	80319	77964	0.004451	13	0	80099	0	0	0	nan	0	0	0	0	0	0	nan	0	0	0	0.004451	0.000239	0.004451	0.000239	0.158444	0.008508
138	G	34	80319	77663	0.000438	13	0	80103	0	0	0	nan	0	0	0	0	0	0	nan	0	0	0	0.000438	0.000075	0.000438	0.000075	nan	nan
139	C	585	80319	78060	0.007494	13	0	80105	0	0	0	nan	0	0	0	0	0	0	nan	0	0	0	0.007494	0.000310	0.007494	0.000310	0.421580	0.017439
140	C	513	80320	77955	0.006581	13	0	80108	0	0	0	nan	0	0	0	0	0	0	nan	0	0	0	0.006581	0.000291	0.006581	0.000291	0.370218	0.016370
141	A	1101	80321	77788	0.014154	13	0	80116	0	0	0	nan	0	0	0	0	0	0	nan	0	0	0	0.014154	0.000427	0.014154	0.000427	0.503845	0.015200
142	A	699	80321	77514	0.009018	13	0	80116	0	0	0	nan	0	0	0	0	0	0	nan	0	0	0	0.009018	0.000341	0.009018	0.000341	0.321017	0.012139
143	G	53	80322	76914	0.000689	13	0	80117	0	0	0	nan	0	0	0	0	0	0	nan	0	0	0	0.000689	0.000095	0.000689	0.000095	nan	nan
144	U	98	80322	77267	0.001268	13	0	80122	0	0	0	nan	0	0	0	0	0	0	nan	0	0	0	0.001268	0.000128	0.001268	0.000128	0.509033	0.051385
145	C	211	80322	77701	0.002716	13	0	80127	0	0	0	nan	0	0	0	0	0	0	nan	0	0	0	0.002716	0.000187	0.002716	0.000187	0.152790	0.010520
146	C	167	80322	76450	0.002184	13	0	80129	0	0	0	nan	0	0	0	0	0	0	nan	0	0	0	0.002184	0.000169	0.002184	0.000169	0.122862	0.009507
147	U	124	80323	76336	0.001624	13	0	80131	0	0	0	nan	0	0	0	0	0	0	nan	0	0	0	0.001624	0.000146	0.001624	0.000146	0.651947	0.058611
148	A	699	80326	75867	0.009213	13	0	80135	0	0	0	nan	0	0	0	0	0	0	nan	0	0	0	0.009213	0.000348	0.009213	0.000348	0.327958	0.012388
149	A	869	80328	76364	0.011380	13	0	80141	0	0	0	nan	0	0	0	0	0	0	nan	0	0	0	0.011380	0.000386	0.011380	0.000386	0.405098	0.013741
150	G	63	80328	75364	0.000836	10	0	80143	0	0	0	nan	0	0	0	0	0	0	nan	0	0	0	0.000836	0.000105	0.000836	0.000105	nan	nan
151	U	130	80329	76218	0.001706	10	0	80147	0	0	0	nan	0	0	0	0	0	0	nan	0	0	0	0.001706	0.000150	0.001706	0.000150	0.684866	0.060217
152	C	308	80329	77502	0.003974	10	0	80150	0	0	0	nan	0	0	0	0	0	0	nan	0	0	0	0.003974	0.000226	0.003974	0.000226	0.223560	0.012714
153	A	351	80330	78007	0.004500	10	0	80154	0	0	0	nan	0	0	0	0	0	0	nan	0	0	0	0.004500	0.000240	0.004500	0.000240	0.160188	0.008543
154	A	376	80332	77764	0.004835	10	0	80158	0	0	0	nan	0	0	0	0	0	0	nan	0	0	0	0.004835	0.000249	0.004835	0.000249	0.172113	0.008864
155	C	284	80332	77493	0.003665	10	0	80158	0	0	0	nan	0	0	0	0	0	0	nan	0	0	0	0.003665	0.000217	0.003665	0.000217	0.206177	0.012207
156	A	241	80333	77742	0.003100	10	0	80165	0	0	0	nan	0	0	0	0	0	0	nan	0	0	0	0.003100	0.000200	0.003100	0.000200	0.110352	0.007119
157	G	51	80335	77594	0.000657	10	0	80169	0	0	0	nan	0	0	0	0	0	0	nan	0	0	0	0.000657	0.000092	0.000657	0.000092	nan	nan
158	A	972	80335	77254	0.012582	10	0	80170	0	0	0	nan	0	0	0	0	0	0	nan	0	0	0	0.012582	0.000404	0.012582	0.000404	0.447886	0.014381
159	U	214	80335	77145	0.002774	10	0	80173	0	0	0	nan	0	0	0	0	0	0	nan	0	0	0	0.002774	0.000190	0.002774	0.000190	1.113609	0.076275
160	C	1493	80334	76391	0.019544	10	0	80175	0	0	0	nan	0	0	0	0	0	0	nan	0	0	0	0.019544	0.000506	0.019544	0.000506	1.099460	0.028465
161	U	180	80335	75357	0.002389	10	0	80176	0	0	0	nan	0	0	0	0	0	0	nan	0	0	0	0.002389	0.000178	0.002389	0.000178	0.959053	0.071457
162	U	158	80336	75447	0.002094	10	0	80184	0	0	0	nan	0	0	0	0	0	0	nan	0	0	0	0.002094	0.000167	0.002094	0.000167	0.840626	0.067041
163	C	113	80338	75952	0.001488	10	0	80191	0	0	0	nan	0	0	0	0	0	0	nan	0	0	0	0.001488	0.000140	0.001488	0.000140	0.083708	0.007876
164	U	60	80339	74708	0.000803	10	0	80199	0	0	0	nan	0	0	0	0	0	0	nan	0	0	0	0.000803	0.000104	0.000803	0.000104	0.322360	0.041750
165	G	32	80341	73235	0.000437	10	0	80208	0	0	0	nan	0	0	0	0	0	0	nan	0	0	0	0.000437	0.000077	0.000437	0.000077	nan	nan
166	U	144	80345	73772	0.001952	10	0	80216	0	0	0	nan	0	0	0	0	0	0	nan	0	0	0	0.001952	0.000163	0.001952	0.000163	0.783621	0.065436
167	U	86	80349	76971	0.001117	10	0	80227	0	0	0	nan	0	0	0	0	0	0	nan	0	0	0	0.001117	0.000120	0.001117	0.000120	0.448414	0.048173
168	G	32	80352	78085	0.000410	10	0	80235	0	0	0	nan	0	0	0	0	0	0	nan	0	0	0	0.000410	0.000072	0.000410	0.000072	nan	nan
169	A	171	80356	77993	0.002193	10	0	80248	0	0	0	nan	0	0	0	0	0	0	nan	0	0	0	0.002193	0.000168	0.002193	0.000168	0.078065	0.005980
170	U	63	80357	77377	0.000814	10	0	80253	0	0	0	nan	0	0	0	0	0	0	nan	0	0	0	0.000814	0.000103	0.000814	0.000103	0.326776	0.041349
171	A	1169	80358	76264	0.015328	10	0	80263	0	0	0	nan	0	0	0	0	0	0	nan	0	0	0	0.015328	0.000448	0.015328	0.000448	0.545636	0.015948
172	U	106	80359	76914	0.001378	10	0	80266	0	0	0	nan	0	0	0	0	0	0	nan	0	0	0	0.001378	0.000134	0.001378	0.000134	0.553191	0.053794
173	G	33	80362	77377	0.000426	10	0	80280	0	0	0	nan	0	0	0	0	0	0	nan	0	0	0	0.000426	0.000074	0.000426	0.000074	nan	nan
174	G	28	80363	78268	0.000358	10	0	80293	0	0	0	nan	0	0	0	0	0	0	nan	0	0	0	0.000358	0.000068	0.000358	0.000068	nan	nan
175	A	197	80363	74091	0.002659	10	0	80295	0	0	0	nan	0	0	0	0	0	0	nan	0	0	0	0.002659	0.000189	0.002659	0.000189	0.094653	0.006728
176	U	68	80363	74122	0.000917	10	0	80295	0	0	0	nan	0	0	0	0	0	0	nan	0	0	0	0.000917	0.000111	0.000917	0.000111	0.368125	0.044560
177	G	57	80367	73879	0.000772	10	0	80303	0	0	0	nan	0	0	0	0	0	0	nan	0	0	0	0.000772	0.000102	0.000772	0.000102	nan	nan
178	C	666	80368	77670	0.008575	10	0	80304	0	0	0	nan	0	0	0	0	0	0	nan	0	0	0	0.008575	0.000332	0.008575	0.000332	0.482392	0.018677
179	A	414	80369	77593	0.005336	10	0	80308	0	0	0	nan	0	0	0	0	0	0	nan	0	0	0	0.005336	0.000262	0.005336	0.000262	0.189947	0.009326
180	G	55	80371	75165	0.000732	10	0	80315	0	0	0	nan	0	0	0	0	0	0	nan	0	0	0	0.000732	0.000099	0.000732	0.000099	nan	nan
181	U	94	80372	73919	0.001272	10	0	80319	0	0	0	nan	0	0	0	0	0	0	nan	0	0	0	0.001272	0.000131	0.001272	0.000131	0.510638	0.052589
182	U	83	80373	73170	0.001134	10	0	80326	0	0	0	nan	0	0	0	0	0	0	nan	0	0	0	0.001134	0.000125	0.001134	0.000125	0.455239	0.050181
183	C	190	80373	75513	0.002516	10	0	80332	0	0	0	nan	0	0	0	0	0	0	nan	0	0	0	0.002516	0.000183	0.002516	0.000183	0.141539	0.010295
184	A	365	80376	77427	0.004714	10	0	80345	0	0	0	nan	0	0	0	0	0	0	nan	0	0	0	0.004714	0.000247	0.004714	0.000247	0.167806	0.008793
185	A	786	80377	77584	0.010131	10	0	80348	0	0	0	nan	0	0	0	0	0	0	nan	0	0	0	0.010131	0.000361	0.010131	0.000361	0.360636	0.012851
186	C	252	80378	76741	0.003284	10	0	80354	0	0	0	nan	0	0	0	0	0	0	nan	0	0	0	0.003284	0.000207	0.003284	0.000207	0.184743	0.011645
187	C	92	80378	76653	0.001200	10	0	80360	0	0	0	nan	0	0	0	0	0	0	nan	0	0	0	0.001200	0.000125	0.001200	0.000125	0.067507	0.007032
188	A	164	80381	76854	0.002134	10	0	80371	0	0	0	nan	0	0	0	0	0	0	nan	0	0	0	0.002134	0.000167	0.002134	0.000167	0.075965	0.005945
189	A	217	80382	76887	0.002822	10	0	80374	0	0	0	nan	0	0	0	0	0	0	nan	0	0	0	0.002822	0.000192	0.002822	0.000192	0.100456	0.006835
190	A	0	80382	73558	0.000000	10	0	80382	0	0	0	nan	0	0	0	0	0	0	nan	0	0	0	0.000000	0.000000	0.000000	0.000000	0.000000	0.000000
191	U	0	80382	0	nan	10	0	80382	0	0	0	nan	0	0	0	0	0	0	nan	0	0	0	nan	nan	nan	nan	nan	nan
192	C	0	80382	0	nan	10	0	80382	0	0	0	nan	0	0	0	0	0	0	nan	0	0	0	nan	nan	nan	nan	nan	nan
193	A	0	80382	0	nan	10	0	80382	0	0	0	nan	0	0	0	0	0	0	nan	0	0	0	nan	nan	nan	nan	nan	nan
194	c	0	80382	0	nan	10	0	80382	0	0	0	nan	0	0	0	0	0	0	nan	0	0	0	nan	nan	nan	nan	nan	nan
195	c	0	80382	0	nan	10	0	80382	0	0	0	nan	0	0	0	0	0	0	nan	0	0	0	nan	nan	nan	nan	nan	nan
196	a	0	80382	0	nan	10	0	80382	0	0	0	nan	0	0	0	0	0	0	nan	0	0	0	nan	nan	nan	nan	nan	nan
197	a	0	80382	0	nan	10	0	80382	0	0	0	nan	0	0	0	0	0	0	nan	0	0	0	nan	nan	nan	nan	nan	nan
198	a	0	80382	0	nan	10	0	80382	0	0	0	nan	0	0	0	0	0	0	nan	0	0	0	nan	nan	nan	nan	nan	nan
199	c	0	80382	0	nan	10	0	80382	0	0	0	nan	0	0	0	0	0	0	nan	0	0	0	nan	nan	nan	nan	nan	nan
200	c	0	80382	0	nan	10	0	80382	0	0	0	nan	0	0	0	0	0	0	nan	0	0	0	nan	nan	nan	nan	nan	nan
201	a	0	80382	0	nan	10	0	80382	0	0	0	nan	0	0	0	0	0	0	nan	0	0	0	nan	nan	nan	nan	nan	nan
202	a	0	80382	0	nan	7	0	80382	0	0	0	nan	0	0	0	0	0	0	nan	0	0	0	nan	nan	nan	nan	nan	nan
203	a	0	80382	0	nan	7	0	80382	0	0	0	nan	0	0	0	0	0	0	nan	0	0	0	nan	nan	nan	nan	nan	nan
204	g	0	80382	0	nan	7	0	80382	0	0	0	nan	0	0	0	0	0	0	nan	0	0	0	nan	nan	nan	nan	nan	nan
205	a	0	80382	0	nan	7	0	80382	0	0	0	nan	0	0	0	0	0	0	nan	0	0	0	nan	nan	nan	nan	nan	nan
206	a	0	80382	0	nan	7	0	80382	0	0	0	nan	0	0	0	0	0	0	nan	0	0	0	nan	nan	nan	nan	nan	nan
207	a	0	80381	0	nan	7	0	80381	0	0	0	nan	0	0	0	0	0	0	nan	0	0	0	nan	nan	nan	nan	nan	nan
208	c	0	80381	0	nan	7	0	80381	0	0	0	nan	0	0	0	0	0	0	nan	0	0	0	nan	nan	nan	nan	nan	nan
209	a	0	80377	0	nan	7	0	80377	0	0	0	nan	0	0	0	0	0	0	nan	0	0	0	nan	nan	nan	nan	nan	nan
210	a	0	80351	0	nan	7	0	80351	0	0	0	nan	0	0	0	0	0	0	nan	0	0	0	nan	nan	nan	nan	nan	nan
211	c	0	80333	0	nan	7	0	80333	0	0	0	nan	0	0	0	0	0	0	nan	0	0	0	nan	nan	nan	nan	nan	nan
212	c	0	80299	0	nan	7	0	80299	0	0	0	nan	0	0	0	0	0	0	nan	0	0	0	nan	nan	nan	nan	nan	nan