Nucleotide	Sequence	Modified_mutations	Modified_read_depth	Modified_effective_depth	Modified_rate	Modified_off_target_mapped_depth	Modified_low_mapq_mapped_depth	Modified_primer_pair_1_mapped_depth	Untreated_mutations	Untreated_read_depth	Untreated_effective_depth	Untreated_rate	Untreated_off_target_mapped_depth	Untreated_low_mapq_mapped_depth	Untreated_primer_pair_1_mapped_depth	Denatured_mutations	Denatured_read_depth	Denatured_effective_depth	Denatured_rate	Denatured_off_target_mapped_depth	Denatured_low_mapq_mapped_depth	Denatured_primer_pair_1_mapped_depth	Reactivity_profile	Std_err	HQ_profile	HQ_stderr	Norm_profile	Norm_stderr
1	g	0	239084	0	nan	1	13	239084	0	0	0	nan	0	0	0	0	0	0	nan	0	0	0	nan	nan	nan	nan	nan	nan
2	g	0	239255	0	nan	1	13	239255	0	0	0	nan	0	0	0	0	0	0	nan	0	0	0	nan	nan	nan	nan	nan	nan
3	u	0	239358	0	nan	1	13	239358	0	0	0	nan	0	0	0	0	0	0	nan	0	0	0	nan	nan	nan	nan	nan	nan
4	g	0	239390	0	nan	1	13	239390	0	0	0	nan	0	0	0	0	0	0	nan	0	0	0	nan	nan	nan	nan	nan	nan
5	u	0	239410	0	nan	1	13	239410	0	0	0	nan	0	0	0	0	0	0	nan	0	0	0	nan	nan	nan	nan	nan	nan
6	a	0	239412	0	nan	1	13	239412	0	0	0	nan	0	0	0	0	0	0	nan	0	0	0	nan	nan	nan	nan	nan	nan
7	a	0	239413	0	nan	1	13	239413	0	0	0	nan	0	0	0	0	0	0	nan	0	0	0	nan	nan	nan	nan	nan	nan
8	g	0	239414	0	nan	1	13	239414	0	0	0	nan	0	0	0	0	0	0	nan	0	0	0	nan	nan	nan	nan	nan	nan
9	g	0	239414	0	nan	1	13	239414	0	0	0	nan	0	0	0	0	0	0	nan	0	0	0	nan	nan	nan	nan	nan	nan
10	g	0	239415	0	nan	1	13	239415	0	0	0	nan	0	0	0	0	0	0	nan	0	0	0	nan	nan	nan	nan	nan	nan
11	u	0	239415	0	nan	1	13	239415	0	0	0	nan	0	0	0	0	0	0	nan	0	0	0	nan	nan	nan	nan	nan	nan
12	g	0	239415	0	nan	1	13	239415	0	0	0	nan	0	0	0	0	0	0	nan	0	0	0	nan	nan	nan	nan	nan	nan
13	a	0	239415	0	nan	1	13	239415	0	0	0	nan	0	0	0	0	0	0	nan	0	0	0	nan	nan	nan	nan	nan	nan
14	a	0	239415	0	nan	1	13	239415	0	0	0	nan	0	0	0	0	0	0	nan	0	0	0	nan	nan	nan	nan	nan	nan
15	g	0	239416	0	nan	31	13	239416	0	0	0	nan	0	0	0	0	0	0	nan	0	0	0	nan	nan	nan	nan	nan	nan
16	u	0	239416	0	nan	31	13	239416	0	0	0	nan	0	0	0	0	0	0	nan	0	0	0	nan	nan	nan	nan	nan	nan
17	g	0	239416	0	nan	31	13	239416	0	0	0	nan	0	0	0	0	0	0	nan	0	0	0	nan	nan	nan	nan	nan	nan
18	u	0	239416	0	nan	32	13	239416	0	0	0	nan	0	0	0	0	0	0	nan	0	0	0	nan	nan	nan	nan	nan	nan
19	a	0	239417	0	nan	32	13	239417	0	0	0	nan	0	0	0	0	0	0	nan	0	0	0	nan	nan	nan	nan	nan	nan
20	A	0	239417	0	nan	32	13	239417	0	0	0	nan	0	0	0	0	0	0	nan	0	0	0	nan	nan	nan	nan	nan	nan
21	G	0	239417	0	nan	32	13	239417	0	0	0	nan	0	0	0	0	0	0	nan	0	0	0	nan	nan	nan	nan	nan	nan
22	G	0	239418	1	0.000000	32	13	239418	0	0	0	nan	0	0	0	0	0	0	nan	0	0	0	0.000000	0.000000	nan	nan	nan	nan
23	U	0	239418	239102	0.000000	32	13	239418	0	0	0	nan	0	0	0	0	0	0	nan	0	0	0	0.000000	0.000000	0.000000	0.000000	nan	nan
24	U	229	239418	239073	0.000958	32	13	239418	0	0	0	nan	0	0	0	0	0	0	nan	0	0	0	0.000958	0.000063	0.000958	0.000063	nan	nan
25	G	199	239418	238858	0.000833	32	13	239418	0	0	0	nan	0	0	0	0	0	0	nan	0	0	0	0.000833	0.000059	0.000833	0.000059	nan	nan
26	A	1191	239418	239072	0.004982	32	13	239418	0	0	0	nan	0	0	0	0	0	0	nan	0	0	0	0.004982	0.000144	0.004982	0.000144	0.839286	0.024259
27	A	1370	239418	239038	0.005731	32	13	239418	0	0	0	nan	0	0	0	0	0	0	nan	0	0	0	0.005731	0.000155	0.005731	0.000155	0.965465	0.026112
28	C	1433	239418	238893	0.005999	32	13	239418	0	0	0	nan	0	0	0	0	0	0	nan	0	0	0	0.005999	0.000158	0.005999	0.000158	0.794412	0.020923
29	U	214	239418	238918	0.000896	32	13	239418	0	0	0	nan	0	0	0	0	0	0	nan	0	0	0	0.000896	0.000061	0.000896	0.000061	nan	nan
30	U	285	239418	239002	0.001192	32	13	239418	0	0	0	nan	0	0	0	0	0	0	nan	0	0	0	0.001192	0.000071	0.001192	0.000071	nan	nan
31	U	347	239418	238967	0.001452	32	13	239418	0	0	0	nan	0	0	0	0	0	0	nan	0	0	0	0.001452	0.000078	0.001452	0.000078	nan	nan
32	U	282	239418	239032	0.001180	32	13	239418	0	0	0	nan	0	0	0	0	0	0	nan	0	0	0	0.001180	0.000070	0.001180	0.000070	nan	nan
33	G	174	239418	238768	0.000729	32	13	239418	0	0	0	nan	0	0	0	0	0	0	nan	0	0	0	0.000729	0.000055	0.000729	0.000055	nan	nan
34	A	1427	239418	239031	0.005970	32	13	239418	0	0	0	nan	0	0	0	0	0	0	nan	0	0	0	0.005970	0.000158	0.005970	0.000158	1.005728	0.026617
35	A	1247	239418	238930	0.005219	32	13	239418	0	0	0	nan	0	0	0	0	0	0	nan	0	0	0	0.005219	0.000148	0.005219	0.000148	0.879212	0.024933
36	U	284	239418	238933	0.001189	32	13	239418	0	0	0	nan	0	0	0	0	0	0	nan	0	0	0	0.001189	0.000071	0.001189	0.000071	nan	nan
37	A	1408	239419	239008	0.005891	32	13	239419	0	0	0	nan	0	0	0	0	0	0	nan	0	0	0	0.005891	0.000157	0.005891	0.000157	0.992419	0.026449
38	G	124	239419	238617	0.000520	33	13	239419	0	0	0	nan	0	0	0	0	0	0	nan	0	0	0	0.000520	0.000047	0.000520	0.000047	nan	nan
39	U	374	239419	239065	0.001564	33	13	239419	0	0	0	nan	0	0	0	0	0	0	nan	0	0	0	0.001564	0.000081	0.001564	0.000081	nan	nan
40	G	262	239420	238782	0.001097	33	13	239420	0	0	0	nan	0	0	0	0	0	0	nan	0	0	0	0.001097	0.000068	0.001097	0.000068	nan	nan
41	A	1597	239419	238917	0.006684	33	13	239419	0	0	0	nan	0	0	0	0	0	0	nan	0	0	0	0.006684	0.000167	0.006684	0.000167	1.126011	0.028133
42	U	355	239421	238838	0.001486	34	13	239421	0	0	0	nan	0	0	0	0	0	0	nan	0	0	0	0.001486	0.000079	0.001486	0.000079	nan	nan
43	U	349	239421	238962	0.001460	34	13	239421	0	0	0	nan	0	0	0	0	0	0	nan	0	0	0	0.001460	0.000078	0.001460	0.000078	nan	nan
44	C	1928	239424	238936	0.008069	34	13	239424	0	0	0	nan	0	0	0	0	0	0	nan	0	0	0	0.008069	0.000184	0.008069	0.000184	1.068529	0.024366
45	A	1422	239424	238945	0.005951	34	13	239424	0	0	0	nan	0	0	0	0	0	0	nan	0	0	0	0.005951	0.000158	0.005951	0.000158	1.002527	0.026617
46	G	186	239426	238697	0.000779	34	13	239426	0	0	0	nan	0	0	0	0	0	0	nan	0	0	0	0.000779	0.000057	0.000779	0.000057	nan	nan
47	G	151	239426	238770	0.000632	34	13	239426	0	0	0	nan	0	0	0	0	0	0	nan	0	0	0	0.000632	0.000051	0.000632	0.000051	nan	nan
48	A	1247	239427	238976	0.005218	34	13	239427	0	0	0	nan	0	0	0	0	0	0	nan	0	0	0	0.005218	0.000148	0.005218	0.000148	0.879043	0.024933
49	G	188	239428	238848	0.000787	34	13	239428	0	0	0	nan	0	0	0	0	0	0	nan	0	0	0	0.000787	0.000057	0.000787	0.000057	nan	nan
50	G	160	239428	238810	0.000670	34	13	239428	0	0	0	nan	0	0	0	0	0	0	nan	0	0	0	0.000670	0.000053	0.000670	0.000053	nan	nan
51	U	240	239428	238734	0.001005	34	13	239428	0	0	0	nan	0	0	0	0	0	0	nan	0	0	0	0.001005	0.000065	0.001005	0.000065	nan	nan
52	U	195	239428	238836	0.000816	34	13	239428	0	0	0	nan	0	0	0	0	0	0	nan	0	0	0	0.000816	0.000058	0.000816	0.000058	nan	nan
53	A	1137	239428	238827	0.004761	34	13	239428	0	0	0	nan	0	0	0	0	0	0	nan	0	0	0	0.004761	0.000141	0.004761	0.000141	0.802055	0.023753
54	A	1041	239428	211137	0.004930	34	13	239428	0	0	0	nan	0	0	0	0	0	0	nan	0	0	0	0.004930	0.000153	0.004930	0.000153	0.830526	0.025775
55	U	390	239428	211080	0.001848	34	13	239428	0	0	0	nan	0	0	0	0	0	0	nan	0	0	0	0.001848	0.000094	0.001848	0.000094	nan	nan
56	G	271	239428	211012	0.001284	34	13	239428	0	0	0	nan	0	0	0	0	0	0	nan	0	0	0	0.001284	0.000078	0.001284	0.000078	nan	nan
57	G	0	239429	238958	0.000000	34	13	239429	0	0	0	nan	0	0	0	0	0	0	nan	0	0	0	0.000000	0.000000	0.000000	0.000000	nan	nan
58	A	0	239429	0	nan	34	13	239429	0	0	0	nan	0	0	0	0	0	0	nan	0	0	0	nan	nan	nan	nan	nan	nan
59	A	0	239429	0	nan	34	13	239429	0	0	0	nan	0	0	0	0	0	0	nan	0	0	0	nan	nan	nan	nan	nan	nan
60	G	0	239429	0	nan	34	13	239429	0	0	0	nan	0	0	0	0	0	0	nan	0	0	0	nan	nan	nan	nan	nan	nan
61	u	0	239429	0	nan	34	13	239429	0	0	0	nan	0	0	0	0	0	0	nan	0	0	0	nan	nan	nan	nan	nan	nan
62	a	0	239429	0	nan	34	13	239429	0	0	0	nan	0	0	0	0	0	0	nan	0	0	0	nan	nan	nan	nan	nan	nan
63	a	0	239429	0	nan	34	13	239429	0	0	0	nan	0	0	0	0	0	0	nan	0	0	0	nan	nan	nan	nan	nan	nan
64	a	0	239429	0	nan	34	13	239429	0	0	0	nan	0	0	0	0	0	0	nan	0	0	0	nan	nan	nan	nan	nan	nan
65	g	0	239429	0	nan	34	13	239429	0	0	0	nan	0	0	0	0	0	0	nan	0	0	0	nan	nan	nan	nan	nan	nan
66	g	0	239429	0	nan	34	13	239429	0	0	0	nan	0	0	0	0	0	0	nan	0	0	0	nan	nan	nan	nan	nan	nan
67	u	0	239428	0	nan	33	13	239428	0	0	0	nan	0	0	0	0	0	0	nan	0	0	0	nan	nan	nan	nan	nan	nan
68	a	0	239428	0	nan	33	13	239428	0	0	0	nan	0	0	0	0	0	0	nan	0	0	0	nan	nan	nan	nan	nan	nan
69	a	0	239428	0	nan	33	13	239428	0	0	0	nan	0	0	0	0	0	0	nan	0	0	0	nan	nan	nan	nan	nan	nan
70	u	0	239428	0	nan	33	13	239428	0	0	0	nan	0	0	0	0	0	0	nan	0	0	0	nan	nan	nan	nan	nan	nan
71	g	0	239428	0	nan	33	13	239428	0	0	0	nan	0	0	0	0	0	0	nan	0	0	0	nan	nan	nan	nan	nan	nan
72	a	0	239427	0	nan	33	13	239427	0	0	0	nan	0	0	0	0	0	0	nan	0	0	0	nan	nan	nan	nan	nan	nan
73	a	0	239425	0	nan	33	13	239425	0	0	0	nan	0	0	0	0	0	0	nan	0	0	0	nan	nan	nan	nan	nan	nan
74	g	0	239424	0	nan	33	13	239424	0	0	0	nan	0	0	0	0	0	0	nan	0	0	0	nan	nan	nan	nan	nan	nan
75	g	0	239420	0	nan	33	13	239420	0	0	0	nan	0	0	0	0	0	0	nan	0	0	0	nan	nan	nan	nan	nan	nan
76	u	0	239394	0	nan	33	13	239394	0	0	0	nan	0	0	0	0	0	0	nan	0	0	0	nan	nan	nan	nan	nan	nan
77	g	0	239387	0	nan	33	13	239387	0	0	0	nan	0	0	0	0	0	0	nan	0	0	0	nan	nan	nan	nan	nan	nan
78	a	0	239382	0	nan	33	13	239382	0	0	0	nan	0	0	0	0	0	0	nan	0	0	0	nan	nan	nan	nan	nan	nan
79	a	0	239111	0	nan	33	13	239111	0	0	0	nan	0	0	0	0	0	0	nan	0	0	0	nan	nan	nan	nan	nan	nan
80	g	0	238941	0	nan	33	13	238941	0	0	0	nan	0	0	0	0	0	0	nan	0	0	0	nan	nan	nan	nan	nan	nan