Nucleotide	Sequence	Modified_mutations	Modified_read_depth	Modified_effective_depth	Modified_rate	Modified_off_target_mapped_depth	Modified_low_mapq_mapped_depth	Modified_primer_pair_1_mapped_depth	Untreated_mutations	Untreated_read_depth	Untreated_effective_depth	Untreated_rate	Untreated_off_target_mapped_depth	Untreated_low_mapq_mapped_depth	Untreated_primer_pair_1_mapped_depth	Denatured_mutations	Denatured_read_depth	Denatured_effective_depth	Denatured_rate	Denatured_off_target_mapped_depth	Denatured_low_mapq_mapped_depth	Denatured_primer_pair_1_mapped_depth	Reactivity_profile	Std_err	HQ_profile	HQ_stderr	Norm_profile	Norm_stderr
1	g	0	164096	0	nan	0	23	164096	0	0	0	nan	0	0	0	0	0	0	nan	0	0	0	nan	nan	nan	nan	nan	nan
2	g	0	164203	0	nan	0	23	164203	0	0	0	nan	0	0	0	0	0	0	nan	0	0	0	nan	nan	nan	nan	nan	nan
3	u	0	164280	0	nan	0	23	164280	0	0	0	nan	0	0	0	0	0	0	nan	0	0	0	nan	nan	nan	nan	nan	nan
4	g	0	164307	0	nan	0	23	164307	0	0	0	nan	0	0	0	0	0	0	nan	0	0	0	nan	nan	nan	nan	nan	nan
5	u	0	164314	0	nan	0	23	164314	0	0	0	nan	0	0	0	0	0	0	nan	0	0	0	nan	nan	nan	nan	nan	nan
6	a	0	164317	0	nan	0	23	164317	0	0	0	nan	0	0	0	0	0	0	nan	0	0	0	nan	nan	nan	nan	nan	nan
7	a	0	164320	0	nan	0	23	164320	0	0	0	nan	0	0	0	0	0	0	nan	0	0	0	nan	nan	nan	nan	nan	nan
8	g	0	164320	0	nan	0	23	164320	0	0	0	nan	0	0	0	0	0	0	nan	0	0	0	nan	nan	nan	nan	nan	nan
9	g	0	164320	0	nan	0	23	164320	0	0	0	nan	0	0	0	0	0	0	nan	0	0	0	nan	nan	nan	nan	nan	nan
10	g	0	164320	0	nan	0	23	164320	0	0	0	nan	0	0	0	0	0	0	nan	0	0	0	nan	nan	nan	nan	nan	nan
11	u	0	164320	0	nan	0	23	164320	0	0	0	nan	0	0	0	0	0	0	nan	0	0	0	nan	nan	nan	nan	nan	nan
12	g	0	164321	0	nan	0	23	164321	0	0	0	nan	0	0	0	0	0	0	nan	0	0	0	nan	nan	nan	nan	nan	nan
13	a	0	164321	0	nan	0	23	164321	0	0	0	nan	0	0	0	0	0	0	nan	0	0	0	nan	nan	nan	nan	nan	nan
14	a	0	164321	0	nan	0	23	164321	0	0	0	nan	0	0	0	0	0	0	nan	0	0	0	nan	nan	nan	nan	nan	nan
15	g	0	164321	0	nan	10	23	164321	0	0	0	nan	0	0	0	0	0	0	nan	0	0	0	nan	nan	nan	nan	nan	nan
16	u	0	164321	0	nan	10	23	164321	0	0	0	nan	0	0	0	0	0	0	nan	0	0	0	nan	nan	nan	nan	nan	nan
17	g	0	164321	0	nan	10	23	164321	0	0	0	nan	0	0	0	0	0	0	nan	0	0	0	nan	nan	nan	nan	nan	nan
18	u	0	164321	0	nan	10	23	164321	0	0	0	nan	0	0	0	0	0	0	nan	0	0	0	nan	nan	nan	nan	nan	nan
19	a	0	164321	0	nan	10	23	164321	0	0	0	nan	0	0	0	0	0	0	nan	0	0	0	nan	nan	nan	nan	nan	nan
20	A	0	164321	0	nan	10	23	164321	0	0	0	nan	0	0	0	0	0	0	nan	0	0	0	nan	nan	nan	nan	nan	nan
21	G	0	164321	0	nan	10	23	164321	0	0	0	nan	0	0	0	0	0	0	nan	0	0	0	nan	nan	nan	nan	nan	nan
22	G	0	164322	0	nan	10	23	164322	0	0	0	nan	0	0	0	0	0	0	nan	0	0	0	nan	nan	nan	nan	nan	nan
23	U	0	164322	164087	0.000000	10	23	164322	0	0	0	nan	0	0	0	0	0	0	nan	0	0	0	0.000000	0.000000	0.000000	0.000000	nan	nan
24	U	119	164322	164075	0.000725	10	23	164322	0	0	0	nan	0	0	0	0	0	0	nan	0	0	0	0.000725	0.000066	0.000725	0.000066	nan	nan
25	G	77	164322	164008	0.000469	10	23	164322	0	0	0	nan	0	0	0	0	0	0	nan	0	0	0	0.000469	0.000054	0.000469	0.000054	nan	nan
26	A	431	164322	164117	0.002626	10	23	164322	0	0	0	nan	0	0	0	0	0	0	nan	0	0	0	0.002626	0.000126	0.002626	0.000126	0.835773	0.040102
27	A	496	164322	164107	0.003022	10	23	164322	0	0	0	nan	0	0	0	0	0	0	nan	0	0	0	0.003022	0.000136	0.003022	0.000136	0.961808	0.043285
28	C	582	164323	164025	0.003548	10	23	164323	0	0	0	nan	0	0	0	0	0	0	nan	0	0	0	0.003548	0.000147	0.003548	0.000147	0.856591	0.035490
29	U	137	164323	163975	0.000835	10	23	164323	0	0	0	nan	0	0	0	0	0	0	nan	0	0	0	0.000835	0.000071	0.000835	0.000071	nan	nan
30	U	138	164323	164002	0.000841	11	23	164323	0	0	0	nan	0	0	0	0	0	0	nan	0	0	0	0.000841	0.000072	0.000841	0.000072	nan	nan
31	U	172	164324	163981	0.001049	11	23	164324	0	0	0	nan	0	0	0	0	0	0	nan	0	0	0	0.001049	0.000080	0.001049	0.000080	nan	nan
32	U	149	164324	164056	0.000908	11	23	164324	0	0	0	nan	0	0	0	0	0	0	nan	0	0	0	0.000908	0.000074	0.000908	0.000074	nan	nan
33	G	85	164325	163953	0.000518	11	23	164325	0	0	0	nan	0	0	0	0	0	0	nan	0	0	0	0.000518	0.000056	0.000518	0.000056	nan	nan
34	A	472	164325	164088	0.002877	11	23	164325	0	0	0	nan	0	0	0	0	0	0	nan	0	0	0	0.002877	0.000132	0.002877	0.000132	0.915659	0.042011
35	A	483	164325	164002	0.002945	11	23	164325	0	0	0	nan	0	0	0	0	0	0	nan	0	0	0	0.002945	0.000134	0.002945	0.000134	0.937301	0.042648
36	U	153	164325	164001	0.000933	11	23	164325	0	0	0	nan	0	0	0	0	0	0	nan	0	0	0	0.000933	0.000075	0.000933	0.000075	nan	nan
37	A	522	164325	164061	0.003182	11	23	164325	0	0	0	nan	0	0	0	0	0	0	nan	0	0	0	0.003182	0.000139	0.003182	0.000139	1.012731	0.044239
38	G	75	164326	163885	0.000458	12	23	164326	0	0	0	nan	0	0	0	0	0	0	nan	0	0	0	0.000458	0.000053	0.000458	0.000053	nan	nan
39	U	232	164326	164075	0.001414	12	23	164326	0	0	0	nan	0	0	0	0	0	0	nan	0	0	0	0.001414	0.000093	0.001414	0.000093	nan	nan
40	G	125	164326	163901	0.000763	12	23	164326	0	0	0	nan	0	0	0	0	0	0	nan	0	0	0	0.000763	0.000068	0.000763	0.000068	nan	nan
41	A	623	164326	163999	0.003799	12	23	164326	0	0	0	nan	0	0	0	0	0	0	nan	0	0	0	0.003799	0.000152	0.003799	0.000152	1.209102	0.048377
42	U	229	164325	163936	0.001397	12	23	164325	0	0	0	nan	0	0	0	0	0	0	nan	0	0	0	0.001397	0.000092	0.001397	0.000092	nan	nan
43	U	231	164325	164028	0.001408	13	23	164325	0	0	0	nan	0	0	0	0	0	0	nan	0	0	0	0.001408	0.000093	0.001408	0.000093	nan	nan
44	C	712	164324	164039	0.004340	13	23	164324	0	0	0	nan	0	0	0	0	0	0	nan	0	0	0	0.004340	0.000163	0.004340	0.000163	1.047803	0.039353
45	A	548	164324	164055	0.003340	13	23	164324	0	0	0	nan	0	0	0	0	0	0	nan	0	0	0	0.003340	0.000143	0.003340	0.000143	1.063017	0.045512
46	G	86	164327	163940	0.000525	13	23	164327	0	0	0	nan	0	0	0	0	0	0	nan	0	0	0	0.000525	0.000057	0.000525	0.000057	nan	nan
47	G	89	164327	163972	0.000543	13	23	164327	0	0	0	nan	0	0	0	0	0	0	nan	0	0	0	0.000543	0.000058	0.000543	0.000058	nan	nan
48	A	423	164328	164040	0.002579	13	23	164328	0	0	0	nan	0	0	0	0	0	0	nan	0	0	0	0.002579	0.000125	0.002579	0.000125	0.820815	0.039784
49	G	98	164332	163966	0.000598	13	23	164332	0	0	0	nan	0	0	0	0	0	0	nan	0	0	0	0.000598	0.000060	0.000598	0.000060	nan	nan
50	G	88	164332	163936	0.000537	13	23	164332	0	0	0	nan	0	0	0	0	0	0	nan	0	0	0	0.000537	0.000057	0.000537	0.000057	nan	nan
51	U	145	164332	163884	0.000885	13	23	164332	0	0	0	nan	0	0	0	0	0	0	nan	0	0	0	0.000885	0.000073	0.000885	0.000073	nan	nan
52	U	111	164332	163928	0.000677	13	23	164332	0	0	0	nan	0	0	0	0	0	0	nan	0	0	0	0.000677	0.000064	0.000677	0.000064	nan	nan
53	A	371	164332	163960	0.002263	13	23	164332	0	0	0	nan	0	0	0	0	0	0	nan	0	0	0	0.002263	0.000117	0.002263	0.000117	0.720242	0.037237
54	A	363	164332	145010	0.002503	13	23	164332	0	0	0	nan	0	0	0	0	0	0	nan	0	0	0	0.002503	0.000131	0.002503	0.000131	0.796626	0.041693
55	U	219	164332	144993	0.001510	13	23	164332	0	0	0	nan	0	0	0	0	0	0	nan	0	0	0	0.001510	0.000102	0.001510	0.000102	nan	nan
56	G	123	164332	144971	0.000848	13	23	164332	0	0	0	nan	0	0	0	0	0	0	nan	0	0	0	0.000848	0.000077	0.000848	0.000077	nan	nan
57	G	0	164335	164036	0.000000	13	23	164335	0	0	0	nan	0	0	0	0	0	0	nan	0	0	0	0.000000	0.000000	0.000000	0.000000	nan	nan
58	A	0	164335	0	nan	13	23	164335	0	0	0	nan	0	0	0	0	0	0	nan	0	0	0	nan	nan	nan	nan	nan	nan
59	A	0	164335	0	nan	13	23	164335	0	0	0	nan	0	0	0	0	0	0	nan	0	0	0	nan	nan	nan	nan	nan	nan
60	G	0	164335	0	nan	13	23	164335	0	0	0	nan	0	0	0	0	0	0	nan	0	0	0	nan	nan	nan	nan	nan	nan
61	u	0	164335	0	nan	13	23	164335	0	0	0	nan	0	0	0	0	0	0	nan	0	0	0	nan	nan	nan	nan	nan	nan
62	a	0	164335	0	nan	13	23	164335	0	0	0	nan	0	0	0	0	0	0	nan	0	0	0	nan	nan	nan	nan	nan	nan
63	a	0	164335	0	nan	13	23	164335	0	0	0	nan	0	0	0	0	0	0	nan	0	0	0	nan	nan	nan	nan	nan	nan
64	a	0	164335	0	nan	13	23	164335	0	0	0	nan	0	0	0	0	0	0	nan	0	0	0	nan	nan	nan	nan	nan	nan
65	g	0	164335	0	nan	13	23	164335	0	0	0	nan	0	0	0	0	0	0	nan	0	0	0	nan	nan	nan	nan	nan	nan
66	g	0	164335	0	nan	13	23	164335	0	0	0	nan	0	0	0	0	0	0	nan	0	0	0	nan	nan	nan	nan	nan	nan
67	u	0	164335	0	nan	13	23	164335	0	0	0	nan	0	0	0	0	0	0	nan	0	0	0	nan	nan	nan	nan	nan	nan
68	a	0	164335	0	nan	13	23	164335	0	0	0	nan	0	0	0	0	0	0	nan	0	0	0	nan	nan	nan	nan	nan	nan
69	a	0	164335	0	nan	13	23	164335	0	0	0	nan	0	0	0	0	0	0	nan	0	0	0	nan	nan	nan	nan	nan	nan
70	u	0	164335	0	nan	13	23	164335	0	0	0	nan	0	0	0	0	0	0	nan	0	0	0	nan	nan	nan	nan	nan	nan
71	g	0	164335	0	nan	13	23	164335	0	0	0	nan	0	0	0	0	0	0	nan	0	0	0	nan	nan	nan	nan	nan	nan
72	a	0	164335	0	nan	13	23	164335	0	0	0	nan	0	0	0	0	0	0	nan	0	0	0	nan	nan	nan	nan	nan	nan
73	a	0	164335	0	nan	13	23	164335	0	0	0	nan	0	0	0	0	0	0	nan	0	0	0	nan	nan	nan	nan	nan	nan
74	g	0	164335	0	nan	13	23	164335	0	0	0	nan	0	0	0	0	0	0	nan	0	0	0	nan	nan	nan	nan	nan	nan
75	g	0	164335	0	nan	13	23	164335	0	0	0	nan	0	0	0	0	0	0	nan	0	0	0	nan	nan	nan	nan	nan	nan
76	u	0	164322	0	nan	13	23	164322	0	0	0	nan	0	0	0	0	0	0	nan	0	0	0	nan	nan	nan	nan	nan	nan
77	g	0	164321	0	nan	13	23	164321	0	0	0	nan	0	0	0	0	0	0	nan	0	0	0	nan	nan	nan	nan	nan	nan
78	a	0	164318	0	nan	13	23	164318	0	0	0	nan	0	0	0	0	0	0	nan	0	0	0	nan	nan	nan	nan	nan	nan
79	a	0	164166	0	nan	13	23	164166	0	0	0	nan	0	0	0	0	0	0	nan	0	0	0	nan	nan	nan	nan	nan	nan
80	g	0	164072	0	nan	13	22	164072	0	0	0	nan	0	0	0	0	0	0	nan	0	0	0	nan	nan	nan	nan	nan	nan