Nucleotide	Sequence	Modified_mutations	Modified_read_depth	Modified_effective_depth	Modified_rate	Modified_off_target_mapped_depth	Modified_low_mapq_mapped_depth	Modified_primer_pair_1_mapped_depth	Untreated_mutations	Untreated_read_depth	Untreated_effective_depth	Untreated_rate	Untreated_off_target_mapped_depth	Untreated_low_mapq_mapped_depth	Untreated_primer_pair_1_mapped_depth	Denatured_mutations	Denatured_read_depth	Denatured_effective_depth	Denatured_rate	Denatured_off_target_mapped_depth	Denatured_low_mapq_mapped_depth	Denatured_primer_pair_1_mapped_depth	Reactivity_profile	Std_err	HQ_profile	HQ_stderr	Norm_profile	Norm_stderr
1	g	0	45634	0	nan	2	0	45634	0	0	0	nan	0	0	0	0	0	0	nan	0	0	0	nan	nan	nan	nan	nan	nan
2	g	0	45677	0	nan	2	0	45677	0	0	0	nan	0	0	0	0	0	0	nan	0	0	0	nan	nan	nan	nan	nan	nan
3	u	0	45711	0	nan	2	0	45711	0	0	0	nan	0	0	0	0	0	0	nan	0	0	0	nan	nan	nan	nan	nan	nan
4	g	0	45750	0	nan	2	0	45750	0	0	0	nan	0	0	0	0	0	0	nan	0	0	0	nan	nan	nan	nan	nan	nan
5	u	0	45793	0	nan	2	0	45793	0	0	0	nan	0	0	0	0	0	0	nan	0	0	0	nan	nan	nan	nan	nan	nan
6	a	0	45856	0	nan	2	0	45856	0	0	0	nan	0	0	0	0	0	0	nan	0	0	0	nan	nan	nan	nan	nan	nan
7	a	0	46038	0	nan	2	0	46038	0	0	0	nan	0	0	0	0	0	0	nan	0	0	0	nan	nan	nan	nan	nan	nan
8	g	0	46383	0	nan	2	0	46383	0	0	0	nan	0	0	0	0	0	0	nan	0	0	0	nan	nan	nan	nan	nan	nan
9	g	0	49324	0	nan	2	0	49324	0	0	0	nan	0	0	0	0	0	0	nan	0	0	0	nan	nan	nan	nan	nan	nan
10	g	0	281255	0	nan	2	0	281255	0	0	0	nan	0	0	0	0	0	0	nan	0	0	0	nan	nan	nan	nan	nan	nan
11	u	0	291895	0	nan	2	0	291895	0	0	0	nan	0	0	0	0	0	0	nan	0	0	0	nan	nan	nan	nan	nan	nan
12	g	0	292212	0	nan	2	0	292212	0	0	0	nan	0	0	0	0	0	0	nan	0	0	0	nan	nan	nan	nan	nan	nan
13	a	0	292248	0	nan	2	0	292248	0	0	0	nan	0	0	0	0	0	0	nan	0	0	0	nan	nan	nan	nan	nan	nan
14	a	0	292260	0	nan	2	0	292260	0	0	0	nan	0	0	0	0	0	0	nan	0	0	0	nan	nan	nan	nan	nan	nan
15	g	0	292341	0	nan	24	0	292341	0	0	0	nan	0	0	0	0	0	0	nan	0	0	0	nan	nan	nan	nan	nan	nan
16	u	0	292360	0	nan	24	0	292360	0	0	0	nan	0	0	0	0	0	0	nan	0	0	0	nan	nan	nan	nan	nan	nan
17	g	0	292388	0	nan	24	0	292388	0	0	0	nan	0	0	0	0	0	0	nan	0	0	0	nan	nan	nan	nan	nan	nan
18	u	0	292400	0	nan	24	0	292400	0	0	0	nan	0	0	0	0	0	0	nan	0	0	0	nan	nan	nan	nan	nan	nan
19	a	0	292492	0	nan	24	0	292492	0	0	0	nan	0	0	0	0	0	0	nan	0	0	0	nan	nan	nan	nan	nan	nan
20	A	0	292530	10	0.000000	24	0	292530	0	0	0	nan	0	0	0	0	0	0	nan	0	0	0	0.000000	0.000000	nan	nan	nan	nan
21	G	0	292586	33	0.000000	24	0	292586	0	0	0	nan	0	0	0	0	0	0	nan	0	0	0	0.000000	0.000000	nan	nan	nan	nan
22	G	0	292606	33	0.000000	24	0	292606	0	0	0	nan	0	0	0	0	0	0	nan	0	0	0	0.000000	0.000000	nan	nan	nan	nan
23	U	0	292629	280834	0.000000	24	0	292629	0	0	0	nan	0	0	0	0	0	0	nan	0	0	0	0.000000	0.000000	0.000000	0.000000	nan	nan
24	U	250	292645	288538	0.000866	24	0	292645	0	0	0	nan	0	0	0	0	0	0	nan	0	0	0	0.000866	0.000055	0.000866	0.000055	nan	nan
25	G	377	292662	287026	0.001313	24	0	292662	0	0	0	nan	0	0	0	0	0	0	nan	0	0	0	0.001313	0.000068	0.001313	0.000068	nan	nan
26	A	11271	292667	284924	0.039558	24	0	292666	0	0	0	nan	0	0	0	0	0	0	nan	0	0	0	0.039558	0.000373	0.039558	0.000373	1.054753	0.009945
27	A	12136	292675	282942	0.042892	24	0	292674	0	0	0	nan	0	0	0	0	0	0	nan	0	0	0	0.042892	0.000389	0.042892	0.000389	1.143649	0.010372
28	C	6792	292682	282487	0.024044	24	0	292680	0	0	0	nan	0	0	0	0	0	0	nan	0	0	0	0.024044	0.000292	0.024044	0.000292	1.244546	0.015114
29	U	172	292706	284500	0.000605	24	0	292704	0	0	0	nan	0	0	0	0	0	0	nan	0	0	0	0.000605	0.000046	0.000605	0.000046	nan	nan
30	U	159	292731	285352	0.000557	24	0	292717	0	0	0	nan	0	0	0	0	0	0	nan	0	0	0	0.000557	0.000044	0.000557	0.000044	nan	nan
31	U	205	292754	286756	0.000715	24	0	292739	0	0	0	nan	0	0	0	0	0	0	nan	0	0	0	0.000715	0.000050	0.000715	0.000050	nan	nan
32	U	206	292790	288020	0.000715	24	0	292775	0	0	0	nan	0	0	0	0	0	0	nan	0	0	0	0.000715	0.000050	0.000715	0.000050	nan	nan
33	G	358	292833	287089	0.001247	24	0	292818	0	0	0	nan	0	0	0	0	0	0	nan	0	0	0	0.001247	0.000066	0.001247	0.000066	nan	nan
34	A	4564	292851	287000	0.015902	24	0	292836	0	0	0	nan	0	0	0	0	0	0	nan	0	0	0	0.015902	0.000235	0.015902	0.000235	0.424002	0.006266
35	A	3781	292859	285080	0.013263	24	0	292845	0	0	0	nan	0	0	0	0	0	0	nan	0	0	0	0.013263	0.000216	0.013263	0.000216	0.353638	0.005759
36	U	183	292863	281958	0.000649	24	0	292849	0	0	0	nan	0	0	0	0	0	0	nan	0	0	0	0.000649	0.000048	0.000649	0.000048	nan	nan
37	A	27281	292871	282514	0.096565	24	0	292855	0	0	0	nan	0	0	0	0	0	0	nan	0	0	0	0.096565	0.000585	0.096565	0.000585	2.574758	0.015598
38	G	537	292909	282166	0.001903	24	1	292892	0	0	0	nan	0	0	0	0	0	0	nan	0	0	0	0.001903	0.000082	0.001903	0.000082	nan	nan
39	U	423	292926	288098	0.001468	24	1	292911	0	0	0	nan	0	0	0	0	0	0	nan	0	0	0	0.001468	0.000071	0.001468	0.000071	nan	nan
40	G	718	292971	286128	0.002509	24	1	292958	0	0	0	nan	0	0	0	0	0	0	nan	0	0	0	0.002509	0.000094	0.002509	0.000094	nan	nan
41	A	6663	293001	287610	0.023167	24	1	292988	0	0	0	nan	0	0	0	0	0	0	nan	0	0	0	0.023167	0.000284	0.023167	0.000284	0.617713	0.007572
42	U	279	293055	285915	0.000976	24	1	293045	0	0	0	nan	0	0	0	0	0	0	nan	0	0	0	0.000976	0.000058	0.000976	0.000058	nan	nan
43	U	215	293100	286405	0.000751	24	1	293091	0	0	0	nan	0	0	0	0	0	0	nan	0	0	0	0.000751	0.000051	0.000751	0.000051	nan	nan
44	C	1474	293123	286415	0.005146	24	1	293114	0	0	0	nan	0	0	0	0	0	0	nan	0	0	0	0.005146	0.000134	0.005146	0.000134	0.266363	0.006936
45	A	3603	293163	288181	0.012503	24	1	293156	0	0	0	nan	0	0	0	0	0	0	nan	0	0	0	0.012503	0.000208	0.012503	0.000208	0.333373	0.005546
46	G	377	293219	289276	0.001303	24	1	293214	0	0	0	nan	0	0	0	0	0	0	nan	0	0	0	0.001303	0.000067	0.001303	0.000067	nan	nan
47	G	374	293246	288616	0.001296	24	1	293242	0	0	0	nan	0	0	0	0	0	0	nan	0	0	0	0.001296	0.000067	0.001296	0.000067	nan	nan
48	A	2563	293252	281985	0.009089	24	1	293249	0	0	0	nan	0	0	0	0	0	0	nan	0	0	0	0.009089	0.000180	0.009089	0.000180	0.242344	0.004799
49	G	429	293362	281295	0.001525	24	1	293362	0	0	0	nan	0	0	0	0	0	0	nan	0	0	0	0.001525	0.000074	0.001525	0.000074	nan	nan
50	G	532	293388	282126	0.001886	24	1	293388	0	0	0	nan	0	0	0	0	0	0	nan	0	0	0	0.001886	0.000082	0.001886	0.000082	nan	nan
51	U	245	293404	281998	0.000869	24	1	293404	0	0	0	nan	0	0	0	0	0	0	nan	0	0	0	0.000869	0.000056	0.000869	0.000056	nan	nan
52	U	390	293415	287059	0.001359	24	1	293415	0	0	0	nan	0	0	0	0	0	0	nan	0	0	0	0.001359	0.000069	0.001359	0.000069	nan	nan
53	A	8967	293417	286084	0.031344	24	1	293417	0	0	0	nan	0	0	0	0	0	0	nan	0	0	0	0.031344	0.000331	0.031344	0.000331	0.835740	0.008826
54	A	8411	293401	286941	0.029313	24	1	293399	0	0	0	nan	0	0	0	0	0	0	nan	0	0	0	0.029313	0.000320	0.029313	0.000320	0.781586	0.008532
55	U	380	293410	288580	0.001317	24	1	293408	0	0	0	nan	0	0	0	0	0	0	nan	0	0	0	0.001317	0.000068	0.001317	0.000068	nan	nan
56	G	656	293421	289300	0.002268	24	1	293419	0	0	0	nan	0	0	0	0	0	0	nan	0	0	0	0.002268	0.000089	0.002268	0.000089	nan	nan
57	G	0	293429	287144	0.000000	24	1	293428	0	0	0	nan	0	0	0	0	0	0	nan	0	0	0	0.000000	0.000000	0.000000	0.000000	nan	nan
58	A	0	293431	0	nan	24	1	293431	0	0	0	nan	0	0	0	0	0	0	nan	0	0	0	nan	nan	nan	nan	nan	nan
59	A	0	293431	0	nan	24	1	293431	0	0	0	nan	0	0	0	0	0	0	nan	0	0	0	nan	nan	nan	nan	nan	nan
60	G	0	293431	0	nan	24	1	293431	0	0	0	nan	0	0	0	0	0	0	nan	0	0	0	nan	nan	nan	nan	nan	nan
61	u	0	293431	0	nan	24	1	293431	0	0	0	nan	0	0	0	0	0	0	nan	0	0	0	nan	nan	nan	nan	nan	nan
62	a	0	293431	0	nan	24	1	293431	0	0	0	nan	0	0	0	0	0	0	nan	0	0	0	nan	nan	nan	nan	nan	nan
63	a	0	293431	0	nan	24	1	293431	0	0	0	nan	0	0	0	0	0	0	nan	0	0	0	nan	nan	nan	nan	nan	nan
64	a	0	293431	0	nan	24	1	293431	0	0	0	nan	0	0	0	0	0	0	nan	0	0	0	nan	nan	nan	nan	nan	nan
65	g	0	293431	0	nan	24	1	293431	0	0	0	nan	0	0	0	0	0	0	nan	0	0	0	nan	nan	nan	nan	nan	nan
66	g	0	293431	0	nan	23	1	293431	0	0	0	nan	0	0	0	0	0	0	nan	0	0	0	nan	nan	nan	nan	nan	nan
67	u	0	293431	0	nan	23	1	293431	0	0	0	nan	0	0	0	0	0	0	nan	0	0	0	nan	nan	nan	nan	nan	nan
68	a	0	293431	0	nan	22	1	293431	0	0	0	nan	0	0	0	0	0	0	nan	0	0	0	nan	nan	nan	nan	nan	nan
69	a	0	293431	0	nan	22	1	293431	0	0	0	nan	0	0	0	0	0	0	nan	0	0	0	nan	nan	nan	nan	nan	nan
70	u	0	293431	0	nan	22	1	293431	0	0	0	nan	0	0	0	0	0	0	nan	0	0	0	nan	nan	nan	nan	nan	nan
71	g	0	293431	0	nan	22	1	293431	0	0	0	nan	0	0	0	0	0	0	nan	0	0	0	nan	nan	nan	nan	nan	nan
72	a	0	293431	0	nan	22	1	293431	0	0	0	nan	0	0	0	0	0	0	nan	0	0	0	nan	nan	nan	nan	nan	nan
73	a	0	293431	0	nan	22	1	293431	0	0	0	nan	0	0	0	0	0	0	nan	0	0	0	nan	nan	nan	nan	nan	nan
74	g	0	293431	0	nan	22	1	293431	0	0	0	nan	0	0	0	0	0	0	nan	0	0	0	nan	nan	nan	nan	nan	nan
75	g	0	293429	0	nan	22	1	293429	0	0	0	nan	0	0	0	0	0	0	nan	0	0	0	nan	nan	nan	nan	nan	nan
76	u	0	293422	0	nan	22	1	293422	0	0	0	nan	0	0	0	0	0	0	nan	0	0	0	nan	nan	nan	nan	nan	nan
77	g	0	293412	0	nan	22	1	293412	0	0	0	nan	0	0	0	0	0	0	nan	0	0	0	nan	nan	nan	nan	nan	nan
78	a	0	293400	0	nan	22	1	293400	0	0	0	nan	0	0	0	0	0	0	nan	0	0	0	nan	nan	nan	nan	nan	nan
79	a	0	293360	0	nan	22	1	293360	0	0	0	nan	0	0	0	0	0	0	nan	0	0	0	nan	nan	nan	nan	nan	nan
80	g	0	293206	0	nan	22	1	293206	0	0	0	nan	0	0	0	0	0	0	nan	0	0	0	nan	nan	nan	nan	nan	nan