Nucleotide	Sequence	Modified_mutations	Modified_read_depth	Modified_effective_depth	Modified_rate	Modified_off_target_mapped_depth	Modified_low_mapq_mapped_depth	Modified_primer_pair_1_mapped_depth	Untreated_mutations	Untreated_read_depth	Untreated_effective_depth	Untreated_rate	Untreated_off_target_mapped_depth	Untreated_low_mapq_mapped_depth	Untreated_primer_pair_1_mapped_depth	Denatured_mutations	Denatured_read_depth	Denatured_effective_depth	Denatured_rate	Denatured_off_target_mapped_depth	Denatured_low_mapq_mapped_depth	Denatured_primer_pair_1_mapped_depth	Reactivity_profile	Std_err	HQ_profile	HQ_stderr	Norm_profile	Norm_stderr
1	g	0	530537	0	nan	0	23	530537	0	0	0	nan	0	0	0	0	0	0	nan	0	0	0	nan	nan	nan	nan	nan	nan
2	g	0	530981	0	nan	0	23	530981	0	0	0	nan	0	0	0	0	0	0	nan	0	0	0	nan	nan	nan	nan	nan	nan
3	u	0	531183	0	nan	0	23	531183	0	0	0	nan	0	0	0	0	0	0	nan	0	0	0	nan	nan	nan	nan	nan	nan
4	g	0	531250	0	nan	0	23	531250	0	0	0	nan	0	0	0	0	0	0	nan	0	0	0	nan	nan	nan	nan	nan	nan
5	u	0	531327	0	nan	0	23	531327	0	0	0	nan	0	0	0	0	0	0	nan	0	0	0	nan	nan	nan	nan	nan	nan
6	a	0	531333	0	nan	0	23	531333	0	0	0	nan	0	0	0	0	0	0	nan	0	0	0	nan	nan	nan	nan	nan	nan
7	a	0	531345	0	nan	0	23	531345	0	0	0	nan	0	0	0	0	0	0	nan	0	0	0	nan	nan	nan	nan	nan	nan
8	g	0	531371	0	nan	0	23	531371	0	0	0	nan	0	0	0	0	0	0	nan	0	0	0	nan	nan	nan	nan	nan	nan
9	g	0	531924	0	nan	0	23	531924	0	0	0	nan	0	0	0	0	0	0	nan	0	0	0	nan	nan	nan	nan	nan	nan
10	g	0	635281	0	nan	0	23	635281	0	0	0	nan	0	0	0	0	0	0	nan	0	0	0	nan	nan	nan	nan	nan	nan
11	u	0	636009	0	nan	0	23	636009	0	0	0	nan	0	0	0	0	0	0	nan	0	0	0	nan	nan	nan	nan	nan	nan
12	g	0	636537	0	nan	0	23	636537	0	0	0	nan	0	0	0	0	0	0	nan	0	0	0	nan	nan	nan	nan	nan	nan
13	a	0	636611	0	nan	0	23	636611	0	0	0	nan	0	0	0	0	0	0	nan	0	0	0	nan	nan	nan	nan	nan	nan
14	a	0	636618	0	nan	0	23	636618	0	0	0	nan	0	0	0	0	0	0	nan	0	0	0	nan	nan	nan	nan	nan	nan
15	g	0	636620	0	nan	5	23	636620	0	0	0	nan	0	0	0	0	0	0	nan	0	0	0	nan	nan	nan	nan	nan	nan
16	u	0	636640	0	nan	5	23	636640	0	0	0	nan	0	0	0	0	0	0	nan	0	0	0	nan	nan	nan	nan	nan	nan
17	g	0	636679	0	nan	6	23	636679	0	0	0	nan	0	0	0	0	0	0	nan	0	0	0	nan	nan	nan	nan	nan	nan
18	u	0	636804	0	nan	6	23	636804	0	0	0	nan	0	0	0	0	0	0	nan	0	0	0	nan	nan	nan	nan	nan	nan
19	a	0	636975	0	nan	6	23	636975	0	0	0	nan	0	0	0	0	0	0	nan	0	0	0	nan	nan	nan	nan	nan	nan
20	A	0	637304	327	0.000000	6	23	637304	0	0	0	nan	0	0	0	0	0	0	nan	0	0	0	0.000000	0.000000	nan	nan	nan	nan
21	G	0	637646	653	0.000000	7	23	637646	0	0	0	nan	0	0	0	0	0	0	nan	0	0	0	0.000000	0.000000	nan	nan	nan	nan
22	G	0	637918	900	0.000000	7	23	637918	0	0	0	nan	0	0	0	0	0	0	nan	0	0	0	0.000000	0.000000	nan	nan	nan	nan
23	U	0	637946	636534	0.000000	7	23	637946	0	0	0	nan	0	0	0	0	0	0	nan	0	0	0	0.000000	0.000000	0.000000	0.000000	nan	nan
24	U	610	637952	636508	0.000958	7	23	637952	0	0	0	nan	0	0	0	0	0	0	nan	0	0	0	0.000958	0.000039	0.000958	0.000039	nan	nan
25	G	587	637954	636518	0.000922	7	23	637954	0	0	0	nan	0	0	0	0	0	0	nan	0	0	0	0.000922	0.000038	0.000922	0.000038	nan	nan
26	A	275	637954	632288	0.000435	7	23	637954	0	0	0	nan	0	0	0	0	0	0	nan	0	0	0	0.000435	0.000026	0.000435	0.000026	0.161350	0.009644
27	A	1703	637955	631714	0.002696	7	23	637955	0	0	0	nan	0	0	0	0	0	0	nan	0	0	0	0.002696	0.000065	0.002696	0.000065	1.000000	0.024110
28	C	624	637961	631307	0.000988	7	23	637961	0	0	0	nan	0	0	0	0	0	0	nan	0	0	0	0.000988	0.000040	0.000988	0.000040	nan	nan
29	U	542	637964	635223	0.000853	7	23	637964	0	0	0	nan	0	0	0	0	0	0	nan	0	0	0	0.000853	0.000037	0.000853	0.000037	nan	nan
30	U	639	637981	635620	0.001005	7	23	637979	0	0	0	nan	0	0	0	0	0	0	nan	0	0	0	0.001005	0.000040	0.001005	0.000040	nan	nan
31	U	865	638009	636179	0.001360	7	23	638005	0	0	0	nan	0	0	0	0	0	0	nan	0	0	0	0.001360	0.000046	0.001360	0.000046	nan	nan
32	U	469	638043	636918	0.000736	7	23	638040	0	0	0	nan	0	0	0	0	0	0	nan	0	0	0	0.000736	0.000034	0.000736	0.000034	nan	nan
33	G	673	638159	637026	0.001056	7	23	638156	0	0	0	nan	0	0	0	0	0	0	nan	0	0	0	0.001056	0.000041	0.001056	0.000041	nan	nan
34	A	269	638221	637478	0.000422	7	23	638218	0	0	0	nan	0	0	0	0	0	0	nan	0	0	0	0.000422	0.000026	0.000422	0.000026	0.156528	0.009644
35	A	282	638221	636939	0.000443	7	23	638219	0	0	0	nan	0	0	0	0	0	0	nan	0	0	0	0.000443	0.000026	0.000443	0.000026	0.164318	0.009644
36	U	409	638225	636853	0.000642	7	23	638223	0	0	0	nan	0	0	0	0	0	0	nan	0	0	0	0.000642	0.000032	0.000642	0.000032	nan	nan
37	A	566	638228	636933	0.000889	7	23	638227	0	0	0	nan	0	0	0	0	0	0	nan	0	0	0	0.000889	0.000037	0.000889	0.000037	0.329748	0.013724
38	G	602	638231	636378	0.000946	7	24	638230	0	0	0	nan	0	0	0	0	0	0	nan	0	0	0	0.000946	0.000039	0.000946	0.000039	nan	nan
39	U	532	638231	637023	0.000835	7	24	638230	0	0	0	nan	0	0	0	0	0	0	nan	0	0	0	0.000835	0.000036	0.000835	0.000036	nan	nan
40	G	980	638237	636423	0.001540	7	24	638236	0	0	0	nan	0	0	0	0	0	0	nan	0	0	0	0.001540	0.000049	0.001540	0.000049	nan	nan
41	A	510	638238	636439	0.000801	7	24	638236	0	0	0	nan	0	0	0	0	0	0	nan	0	0	0	0.000801	0.000035	0.000801	0.000035	0.297107	0.012982
42	U	877	638245	635685	0.001380	7	24	638243	0	0	0	nan	0	0	0	0	0	0	nan	0	0	0	0.001380	0.000047	0.001380	0.000047	nan	nan
43	U	713	638255	635809	0.001121	7	24	638254	0	0	0	nan	0	0	0	0	0	0	nan	0	0	0	0.001121	0.000042	0.001121	0.000042	nan	nan
44	C	955	638265	636083	0.001501	7	24	638265	0	0	0	nan	0	0	0	0	0	0	nan	0	0	0	0.001501	0.000049	0.001501	0.000049	nan	nan
45	A	552	638270	636845	0.000867	7	24	638270	0	0	0	nan	0	0	0	0	0	0	nan	0	0	0	0.000867	0.000037	0.000867	0.000037	0.321588	0.013724
46	G	649	638297	636934	0.001019	7	24	638297	0	0	0	nan	0	0	0	0	0	0	nan	0	0	0	0.001019	0.000040	0.001019	0.000040	nan	nan
47	G	645	638304	637127	0.001012	7	24	638304	0	0	0	nan	0	0	0	0	0	0	nan	0	0	0	0.001012	0.000040	0.001012	0.000040	nan	nan
48	A	315	638304	637235	0.000494	7	24	638301	0	0	0	nan	0	0	0	0	0	0	nan	0	0	0	0.000494	0.000028	0.000494	0.000028	0.183234	0.010386
49	G	405	638316	636967	0.000636	7	24	638315	0	0	0	nan	0	0	0	0	0	0	nan	0	0	0	0.000636	0.000032	0.000636	0.000032	nan	nan
50	G	530	638320	636614	0.000833	7	24	638319	0	0	0	nan	0	0	0	0	0	0	nan	0	0	0	0.000833	0.000036	0.000833	0.000036	nan	nan
51	U	600	638320	636275	0.000943	7	24	638320	0	0	0	nan	0	0	0	0	0	0	nan	0	0	0	0.000943	0.000038	0.000943	0.000038	nan	nan
52	U	698	638324	636114	0.001097	7	24	638324	0	0	0	nan	0	0	0	0	0	0	nan	0	0	0	0.001097	0.000042	0.001097	0.000042	nan	nan
53	A	256	638324	636178	0.000402	8	24	638323	0	0	0	nan	0	0	0	0	0	0	nan	0	0	0	0.000402	0.000025	0.000402	0.000025	0.149110	0.009273
54	A	319	638102	635386	0.000502	8	24	638094	0	0	0	nan	0	0	0	0	0	0	nan	0	0	0	0.000502	0.000028	0.000502	0.000028	0.186202	0.010386
55	U	2739	638104	635102	0.004313	8	24	638096	0	0	0	nan	0	0	0	0	0	0	nan	0	0	0	0.004313	0.000082	0.004313	0.000082	nan	nan
56	G	1091	638107	635427	0.001717	7	24	638103	0	0	0	nan	0	0	0	0	0	0	nan	0	0	0	0.001717	0.000052	0.001717	0.000052	nan	nan
57	G	0	638110	635903	0.000000	7	24	638109	0	0	0	nan	0	0	0	0	0	0	nan	0	0	0	0.000000	0.000000	0.000000	0.000000	nan	nan
58	A	0	638110	0	nan	7	24	638110	0	0	0	nan	0	0	0	0	0	0	nan	0	0	0	nan	nan	nan	nan	nan	nan
59	A	0	638110	0	nan	7	24	638110	0	0	0	nan	0	0	0	0	0	0	nan	0	0	0	nan	nan	nan	nan	nan	nan
60	G	0	638110	0	nan	7	24	638110	0	0	0	nan	0	0	0	0	0	0	nan	0	0	0	nan	nan	nan	nan	nan	nan
61	u	0	638110	0	nan	7	24	638110	0	0	0	nan	0	0	0	0	0	0	nan	0	0	0	nan	nan	nan	nan	nan	nan
62	a	0	638110	0	nan	7	24	638110	0	0	0	nan	0	0	0	0	0	0	nan	0	0	0	nan	nan	nan	nan	nan	nan
63	a	0	638110	0	nan	7	24	638110	0	0	0	nan	0	0	0	0	0	0	nan	0	0	0	nan	nan	nan	nan	nan	nan
64	a	0	638110	0	nan	7	24	638110	0	0	0	nan	0	0	0	0	0	0	nan	0	0	0	nan	nan	nan	nan	nan	nan
65	g	0	638110	0	nan	7	24	638110	0	0	0	nan	0	0	0	0	0	0	nan	0	0	0	nan	nan	nan	nan	nan	nan
66	g	0	638110	0	nan	7	24	638110	0	0	0	nan	0	0	0	0	0	0	nan	0	0	0	nan	nan	nan	nan	nan	nan
67	u	0	638110	0	nan	7	24	638110	0	0	0	nan	0	0	0	0	0	0	nan	0	0	0	nan	nan	nan	nan	nan	nan
68	a	0	638110	0	nan	7	24	638110	0	0	0	nan	0	0	0	0	0	0	nan	0	0	0	nan	nan	nan	nan	nan	nan
69	a	0	638110	0	nan	7	24	638110	0	0	0	nan	0	0	0	0	0	0	nan	0	0	0	nan	nan	nan	nan	nan	nan
70	u	0	638110	0	nan	7	24	638110	0	0	0	nan	0	0	0	0	0	0	nan	0	0	0	nan	nan	nan	nan	nan	nan
71	g	0	638109	0	nan	7	24	638109	0	0	0	nan	0	0	0	0	0	0	nan	0	0	0	nan	nan	nan	nan	nan	nan
72	a	0	638109	0	nan	7	24	638109	0	0	0	nan	0	0	0	0	0	0	nan	0	0	0	nan	nan	nan	nan	nan	nan
73	a	0	638109	0	nan	7	24	638109	0	0	0	nan	0	0	0	0	0	0	nan	0	0	0	nan	nan	nan	nan	nan	nan
74	g	0	638109	0	nan	7	24	638109	0	0	0	nan	0	0	0	0	0	0	nan	0	0	0	nan	nan	nan	nan	nan	nan
75	g	0	638104	0	nan	7	24	638104	0	0	0	nan	0	0	0	0	0	0	nan	0	0	0	nan	nan	nan	nan	nan	nan
76	u	0	638097	0	nan	7	24	638097	0	0	0	nan	0	0	0	0	0	0	nan	0	0	0	nan	nan	nan	nan	nan	nan
77	g	0	638091	0	nan	6	24	638091	0	0	0	nan	0	0	0	0	0	0	nan	0	0	0	nan	nan	nan	nan	nan	nan
78	a	0	638088	0	nan	6	24	638088	0	0	0	nan	0	0	0	0	0	0	nan	0	0	0	nan	nan	nan	nan	nan	nan
79	a	0	637968	0	nan	6	24	637968	0	0	0	nan	0	0	0	0	0	0	nan	0	0	0	nan	nan	nan	nan	nan	nan
80	g	0	637697	0	nan	6	23	637697	0	0	0	nan	0	0	0	0	0	0	nan	0	0	0	nan	nan	nan	nan	nan	nan