Nucleotide	Sequence	Modified_mutations	Modified_read_depth	Modified_effective_depth	Modified_rate	Modified_off_target_mapped_depth	Modified_low_mapq_mapped_depth	Modified_primer_pair_1_mapped_depth	Untreated_mutations	Untreated_read_depth	Untreated_effective_depth	Untreated_rate	Untreated_off_target_mapped_depth	Untreated_low_mapq_mapped_depth	Untreated_primer_pair_1_mapped_depth	Denatured_mutations	Denatured_read_depth	Denatured_effective_depth	Denatured_rate	Denatured_off_target_mapped_depth	Denatured_low_mapq_mapped_depth	Denatured_primer_pair_1_mapped_depth	Reactivity_profile	Std_err	HQ_profile	HQ_stderr	Norm_profile	Norm_stderr
1	g	0	1167659	0	nan	10	7	1167659	0	0	0	nan	0	0	0	0	0	0	nan	0	0	0	nan	nan	nan	nan	nan	nan
2	g	0	1168278	0	nan	10	7	1168278	0	0	0	nan	0	0	0	0	0	0	nan	0	0	0	nan	nan	nan	nan	nan	nan
3	u	0	1168576	0	nan	10	7	1168576	0	0	0	nan	0	0	0	0	0	0	nan	0	0	0	nan	nan	nan	nan	nan	nan
4	g	0	1168715	0	nan	10	7	1168715	0	0	0	nan	0	0	0	0	0	0	nan	0	0	0	nan	nan	nan	nan	nan	nan
5	u	0	1168848	0	nan	10	7	1168848	0	0	0	nan	0	0	0	0	0	0	nan	0	0	0	nan	nan	nan	nan	nan	nan
6	a	0	1168859	0	nan	10	7	1168859	0	0	0	nan	0	0	0	0	0	0	nan	0	0	0	nan	nan	nan	nan	nan	nan
7	a	0	1168867	0	nan	10	7	1168867	0	0	0	nan	0	0	0	0	0	0	nan	0	0	0	nan	nan	nan	nan	nan	nan
8	g	0	1168872	0	nan	10	7	1168872	0	0	0	nan	0	0	0	0	0	0	nan	0	0	0	nan	nan	nan	nan	nan	nan
9	g	0	1169009	0	nan	10	7	1169009	0	0	0	nan	0	0	0	0	0	0	nan	0	0	0	nan	nan	nan	nan	nan	nan
10	g	0	1184382	0	nan	10	7	1184382	0	0	0	nan	0	0	0	0	0	0	nan	0	0	0	nan	nan	nan	nan	nan	nan
11	u	0	1184608	0	nan	10	7	1184608	0	0	0	nan	0	0	0	0	0	0	nan	0	0	0	nan	nan	nan	nan	nan	nan
12	g	0	1184723	0	nan	10	7	1184723	0	0	0	nan	0	0	0	0	0	0	nan	0	0	0	nan	nan	nan	nan	nan	nan
13	a	0	1184729	0	nan	19	7	1184729	0	0	0	nan	0	0	0	0	0	0	nan	0	0	0	nan	nan	nan	nan	nan	nan
14	a	0	1184732	0	nan	19	7	1184732	0	0	0	nan	0	0	0	0	0	0	nan	0	0	0	nan	nan	nan	nan	nan	nan
15	g	0	1184738	0	nan	317	7	1184738	0	0	0	nan	0	0	0	0	0	0	nan	0	0	0	nan	nan	nan	nan	nan	nan
16	u	0	1184744	0	nan	326	7	1184744	0	0	0	nan	0	0	0	0	0	0	nan	0	0	0	nan	nan	nan	nan	nan	nan
17	g	0	1184749	0	nan	326	7	1184749	0	0	0	nan	0	0	0	0	0	0	nan	0	0	0	nan	nan	nan	nan	nan	nan
18	u	0	1184753	0	nan	330	7	1184753	0	0	0	nan	0	0	0	0	0	0	nan	0	0	0	nan	nan	nan	nan	nan	nan
19	a	0	1184776	0	nan	330	7	1184776	0	0	0	nan	0	0	0	0	0	0	nan	0	0	0	nan	nan	nan	nan	nan	nan
20	A	0	1184803	14	0.000000	340	7	1184803	0	0	0	nan	0	0	0	0	0	0	nan	0	0	0	0.000000	0.000000	nan	nan	nan	nan
21	G	0	1184822	26	0.000000	369	7	1184822	0	0	0	nan	0	0	0	0	0	0	nan	0	0	0	0.000000	0.000000	nan	nan	nan	nan
22	G	0	1184834	31	0.000000	370	7	1184834	0	0	0	nan	0	0	0	0	0	0	nan	0	0	0	0.000000	0.000000	nan	nan	nan	nan
23	U	0	1184841	1181563	0.000000	394	7	1184841	0	0	0	nan	0	0	0	0	0	0	nan	0	0	0	0.000000	0.000000	0.000000	0.000000	nan	nan
24	U	1134	1184842	1181544	0.000960	394	7	1184842	0	0	0	nan	0	0	0	0	0	0	nan	0	0	0	0.000960	0.000029	0.000960	0.000029	nan	nan
25	G	556	1184843	1180125	0.000471	394	7	1184843	0	0	0	nan	0	0	0	0	0	0	nan	0	0	0	0.000471	0.000020	0.000471	0.000020	nan	nan
26	A	19145	1184843	1180784	0.016214	394	7	1184840	0	0	0	nan	0	0	0	0	0	0	nan	0	0	0	0.016214	0.000117	0.016214	0.000117	0.934349	0.006742
27	A	19804	1184845	1179506	0.016790	394	7	1184840	0	0	0	nan	0	0	0	0	0	0	nan	0	0	0	0.016790	0.000119	0.016790	0.000119	0.967542	0.006858
28	C	21049	1184847	1176602	0.017890	393	7	1184840	0	0	0	nan	0	0	0	0	0	0	nan	0	0	0	0.017890	0.000123	0.017890	0.000123	0.835835	0.005747
29	U	1338	1184851	1177964	0.001136	393	7	1184840	0	0	0	nan	0	0	0	0	0	0	nan	0	0	0	0.001136	0.000031	0.001136	0.000031	nan	nan
30	U	1525	1184860	1178886	0.001294	393	7	1184849	0	0	0	nan	0	0	0	0	0	0	nan	0	0	0	0.001294	0.000033	0.001294	0.000033	nan	nan
31	U	1864	1184882	1179683	0.001580	393	7	1184869	0	0	0	nan	0	0	0	0	0	0	nan	0	0	0	0.001580	0.000037	0.001580	0.000037	nan	nan
32	U	1166	1184922	1180635	0.000988	393	7	1184903	0	0	0	nan	0	0	0	0	0	0	nan	0	0	0	0.000988	0.000029	0.000988	0.000029	nan	nan
33	G	468	1185236	1178965	0.000397	394	7	1185200	0	0	0	nan	0	0	0	0	0	0	nan	0	0	0	0.000397	0.000018	0.000397	0.000018	nan	nan
34	A	20695	1185497	1179817	0.017541	394	7	1185460	0	0	0	nan	0	0	0	0	0	0	nan	0	0	0	0.017541	0.000122	0.017541	0.000122	1.010819	0.007030
35	A	18356	1185524	1178454	0.015576	394	7	1185482	0	0	0	nan	0	0	0	0	0	0	nan	0	0	0	0.015576	0.000115	0.015576	0.000115	0.897584	0.006627
36	U	958	1185528	1178562	0.000813	394	7	1185484	0	0	0	nan	0	0	0	0	0	0	nan	0	0	0	0.000813	0.000026	0.000813	0.000026	nan	nan
37	A	19109	1185539	1179299	0.016204	394	7	1185492	0	0	0	nan	0	0	0	0	0	0	nan	0	0	0	0.016204	0.000117	0.016204	0.000117	0.933773	0.006742
38	G	849	1185554	1175700	0.000722	398	7	1185503	0	0	0	nan	0	0	0	0	0	0	nan	0	0	0	0.000722	0.000025	0.000722	0.000025	nan	nan
39	U	1430	1185558	1180503	0.001211	398	7	1185505	0	0	0	nan	0	0	0	0	0	0	nan	0	0	0	0.001211	0.000032	0.001211	0.000032	nan	nan
40	G	1106	1185563	1177592	0.000939	398	7	1185506	0	0	0	nan	0	0	0	0	0	0	nan	0	0	0	0.000939	0.000028	0.000939	0.000028	nan	nan
41	A	23476	1185567	1178906	0.019913	398	7	1185507	0	0	0	nan	0	0	0	0	0	0	nan	0	0	0	0.019913	0.000130	0.019913	0.000130	1.147508	0.007491
42	U	2081	1185573	1178119	0.001766	400	7	1185516	0	0	0	nan	0	0	0	0	0	0	nan	0	0	0	0.001766	0.000039	0.001766	0.000039	nan	nan
43	U	1583	1185580	1178455	0.001343	402	7	1185525	0	0	0	nan	0	0	0	0	0	0	nan	0	0	0	0.001343	0.000034	0.001343	0.000034	nan	nan
44	C	26574	1185610	1177123	0.022575	402	7	1185556	0	0	0	nan	0	0	0	0	0	0	nan	0	0	0	0.022575	0.000138	0.022575	0.000138	1.054722	0.006447
45	A	20800	1185627	1178311	0.017652	402	7	1185576	0	0	0	nan	0	0	0	0	0	0	nan	0	0	0	0.017652	0.000122	0.017652	0.000122	1.017216	0.007030
46	G	869	1185660	1176956	0.000738	402	7	1185618	0	0	0	nan	0	0	0	0	0	0	nan	0	0	0	0.000738	0.000025	0.000738	0.000025	nan	nan
47	G	790	1185670	1176982	0.000671	401	7	1185631	0	0	0	nan	0	0	0	0	0	0	nan	0	0	0	0.000671	0.000024	0.000671	0.000024	nan	nan
48	A	19743	1185675	1179047	0.016745	401	7	1185632	0	0	0	nan	0	0	0	0	0	0	nan	0	0	0	0.016745	0.000119	0.016745	0.000119	0.964949	0.006858
49	G	898	1185692	1177821	0.000762	400	7	1185653	0	0	0	nan	0	0	0	0	0	0	nan	0	0	0	0.000762	0.000025	0.000762	0.000025	nan	nan
50	G	909	1185695	1157361	0.000785	400	7	1185659	0	0	0	nan	0	0	0	0	0	0	nan	0	0	0	0.000785	0.000026	0.000785	0.000026	nan	nan
51	U	1387	1185702	1159075	0.001197	401	7	1185669	0	0	0	nan	0	0	0	0	0	0	nan	0	0	0	0.001197	0.000032	0.001197	0.000032	nan	nan
52	U	1422	1185710	1157844	0.001228	401	7	1185677	0	0	0	nan	0	0	0	0	0	0	nan	0	0	0	0.001228	0.000033	0.001228	0.000033	nan	nan
53	A	18338	1185697	1176396	0.015588	398	7	1185630	0	0	0	nan	0	0	0	0	0	0	nan	0	0	0	0.015588	0.000115	0.015588	0.000115	0.898276	0.006627
54	A	16405	1184660	1173315	0.013982	288	7	1183484	0	0	0	nan	0	0	0	0	0	0	nan	0	0	0	0.013982	0.000109	0.013982	0.000109	0.805728	0.006281
55	U	1535	1184660	1172665	0.001309	287	7	1183626	0	0	0	nan	0	0	0	0	0	0	nan	0	0	0	0.001309	0.000033	0.001309	0.000033	nan	nan
56	G	1279	1184674	1173239	0.001090	287	7	1183782	0	0	0	nan	0	0	0	0	0	0	nan	0	0	0	0.001090	0.000030	0.001090	0.000030	nan	nan
57	G	0	1184712	1172309	0.000000	287	7	1184625	0	0	0	nan	0	0	0	0	0	0	nan	0	0	0	0.000000	0.000000	0.000000	0.000000	nan	nan
58	A	0	1184723	0	nan	287	7	1184723	0	0	0	nan	0	0	0	0	0	0	nan	0	0	0	nan	nan	nan	nan	nan	nan
59	A	0	1184723	0	nan	287	7	1184723	0	0	0	nan	0	0	0	0	0	0	nan	0	0	0	nan	nan	nan	nan	nan	nan
60	G	0	1184723	0	nan	287	7	1184723	0	0	0	nan	0	0	0	0	0	0	nan	0	0	0	nan	nan	nan	nan	nan	nan
61	u	0	1184723	0	nan	287	7	1184723	0	0	0	nan	0	0	0	0	0	0	nan	0	0	0	nan	nan	nan	nan	nan	nan
62	a	0	1184723	0	nan	286	7	1184723	0	0	0	nan	0	0	0	0	0	0	nan	0	0	0	nan	nan	nan	nan	nan	nan
63	a	0	1184723	0	nan	286	7	1184723	0	0	0	nan	0	0	0	0	0	0	nan	0	0	0	nan	nan	nan	nan	nan	nan
64	a	0	1184723	0	nan	286	7	1184723	0	0	0	nan	0	0	0	0	0	0	nan	0	0	0	nan	nan	nan	nan	nan	nan
65	g	0	1184723	0	nan	282	7	1184723	0	0	0	nan	0	0	0	0	0	0	nan	0	0	0	nan	nan	nan	nan	nan	nan
66	g	0	1184723	0	nan	282	7	1184723	0	0	0	nan	0	0	0	0	0	0	nan	0	0	0	nan	nan	nan	nan	nan	nan
67	u	0	1184723	0	nan	280	7	1184723	0	0	0	nan	0	0	0	0	0	0	nan	0	0	0	nan	nan	nan	nan	nan	nan
68	a	0	1184723	0	nan	278	7	1184723	0	0	0	nan	0	0	0	0	0	0	nan	0	0	0	nan	nan	nan	nan	nan	nan
69	a	0	1184723	0	nan	278	7	1184723	0	0	0	nan	0	0	0	0	0	0	nan	0	0	0	nan	nan	nan	nan	nan	nan
70	u	0	1184723	0	nan	278	7	1184723	0	0	0	nan	0	0	0	0	0	0	nan	0	0	0	nan	nan	nan	nan	nan	nan
71	g	0	1184723	0	nan	278	7	1184723	0	0	0	nan	0	0	0	0	0	0	nan	0	0	0	nan	nan	nan	nan	nan	nan
72	a	0	1184719	0	nan	278	7	1184719	0	0	0	nan	0	0	0	0	0	0	nan	0	0	0	nan	nan	nan	nan	nan	nan
73	a	0	1184719	0	nan	278	7	1184719	0	0	0	nan	0	0	0	0	0	0	nan	0	0	0	nan	nan	nan	nan	nan	nan
74	g	0	1184718	0	nan	278	7	1184718	0	0	0	nan	0	0	0	0	0	0	nan	0	0	0	nan	nan	nan	nan	nan	nan
75	g	0	1184715	0	nan	278	7	1184715	0	0	0	nan	0	0	0	0	0	0	nan	0	0	0	nan	nan	nan	nan	nan	nan
76	u	0	1184694	0	nan	278	7	1184694	0	0	0	nan	0	0	0	0	0	0	nan	0	0	0	nan	nan	nan	nan	nan	nan
77	g	0	1184654	0	nan	278	7	1184654	0	0	0	nan	0	0	0	0	0	0	nan	0	0	0	nan	nan	nan	nan	nan	nan
78	a	0	1184627	0	nan	278	7	1184627	0	0	0	nan	0	0	0	0	0	0	nan	0	0	0	nan	nan	nan	nan	nan	nan
79	a	0	1184346	0	nan	278	7	1184346	0	0	0	nan	0	0	0	0	0	0	nan	0	0	0	nan	nan	nan	nan	nan	nan
80	g	0	1183867	0	nan	278	7	1183867	0	0	0	nan	0	0	0	0	0	0	nan	0	0	0	nan	nan	nan	nan	nan	nan