Nucleotide	Sequence	Modified_mutations	Modified_read_depth	Modified_effective_depth	Modified_rate	Modified_off_target_mapped_depth	Modified_low_mapq_mapped_depth	Modified_primer_pair_1_mapped_depth	Untreated_mutations	Untreated_read_depth	Untreated_effective_depth	Untreated_rate	Untreated_off_target_mapped_depth	Untreated_low_mapq_mapped_depth	Untreated_primer_pair_1_mapped_depth	Denatured_mutations	Denatured_read_depth	Denatured_effective_depth	Denatured_rate	Denatured_off_target_mapped_depth	Denatured_low_mapq_mapped_depth	Denatured_primer_pair_1_mapped_depth	Reactivity_profile	Std_err	HQ_profile	HQ_stderr	Norm_profile	Norm_stderr
1	g	0	402450	0	nan	1	1	402450	0	0	0	nan	0	0	0	0	0	0	nan	0	0	0	nan	nan	nan	nan	nan	nan
2	g	0	402667	0	nan	1	1	402667	0	0	0	nan	0	0	0	0	0	0	nan	0	0	0	nan	nan	nan	nan	nan	nan
3	u	0	402763	0	nan	1	1	402763	0	0	0	nan	0	0	0	0	0	0	nan	0	0	0	nan	nan	nan	nan	nan	nan
4	g	0	402816	0	nan	1	1	402816	0	0	0	nan	0	0	0	0	0	0	nan	0	0	0	nan	nan	nan	nan	nan	nan
5	u	0	402853	0	nan	1	1	402853	0	0	0	nan	0	0	0	0	0	0	nan	0	0	0	nan	nan	nan	nan	nan	nan
6	a	0	402854	0	nan	1	1	402854	0	0	0	nan	0	0	0	0	0	0	nan	0	0	0	nan	nan	nan	nan	nan	nan
7	a	0	402856	0	nan	1	1	402856	0	0	0	nan	0	0	0	0	0	0	nan	0	0	0	nan	nan	nan	nan	nan	nan
8	g	0	402860	0	nan	1	1	402860	0	0	0	nan	0	0	0	0	0	0	nan	0	0	0	nan	nan	nan	nan	nan	nan
9	g	0	402893	0	nan	1	1	402893	0	0	0	nan	0	0	0	0	0	0	nan	0	0	0	nan	nan	nan	nan	nan	nan
10	g	0	407756	0	nan	1	1	407756	0	0	0	nan	0	0	0	0	0	0	nan	0	0	0	nan	nan	nan	nan	nan	nan
11	u	0	407846	0	nan	1	1	407846	0	0	0	nan	0	0	0	0	0	0	nan	0	0	0	nan	nan	nan	nan	nan	nan
12	g	0	407872	0	nan	1	1	407872	0	0	0	nan	0	0	0	0	0	0	nan	0	0	0	nan	nan	nan	nan	nan	nan
13	a	0	407875	0	nan	1	1	407875	0	0	0	nan	0	0	0	0	0	0	nan	0	0	0	nan	nan	nan	nan	nan	nan
14	a	0	407875	0	nan	1	1	407875	0	0	0	nan	0	0	0	0	0	0	nan	0	0	0	nan	nan	nan	nan	nan	nan
15	g	0	407875	0	nan	78	1	407875	0	0	0	nan	0	0	0	0	0	0	nan	0	0	0	nan	nan	nan	nan	nan	nan
16	u	0	407878	0	nan	84	1	407878	0	0	0	nan	0	0	0	0	0	0	nan	0	0	0	nan	nan	nan	nan	nan	nan
17	g	0	407881	0	nan	84	1	407881	0	0	0	nan	0	0	0	0	0	0	nan	0	0	0	nan	nan	nan	nan	nan	nan
18	u	0	407882	0	nan	87	1	407882	0	0	0	nan	0	0	0	0	0	0	nan	0	0	0	nan	nan	nan	nan	nan	nan
19	a	0	407889	0	nan	87	1	407889	0	0	0	nan	0	0	0	0	0	0	nan	0	0	0	nan	nan	nan	nan	nan	nan
20	A	0	407898	8	0.000000	88	1	407898	0	0	0	nan	0	0	0	0	0	0	nan	0	0	0	0.000000	0.000000	nan	nan	nan	nan
21	G	0	407904	13	0.000000	93	1	407904	0	0	0	nan	0	0	0	0	0	0	nan	0	0	0	0.000000	0.000000	nan	nan	nan	nan
22	G	0	407917	21	0.000000	93	1	407917	0	0	0	nan	0	0	0	0	0	0	nan	0	0	0	0.000000	0.000000	nan	nan	nan	nan
23	U	0	407920	407127	0.000000	104	1	407920	0	0	0	nan	0	0	0	0	0	0	nan	0	0	0	0.000000	0.000000	0.000000	0.000000	nan	nan
24	U	311	407922	407102	0.000764	104	1	407922	0	0	0	nan	0	0	0	0	0	0	nan	0	0	0	0.000764	0.000043	0.000764	0.000043	nan	nan
25	G	130	407923	406915	0.000319	104	1	407923	0	0	0	nan	0	0	0	0	0	0	nan	0	0	0	0.000319	0.000028	0.000319	0.000028	nan	nan
26	A	1880	407925	407048	0.004619	104	1	407924	0	0	0	nan	0	0	0	0	0	0	nan	0	0	0	0.004619	0.000107	0.004619	0.000107	0.901356	0.020880
27	A	1968	407926	406846	0.004837	104	1	407922	0	0	0	nan	0	0	0	0	0	0	nan	0	0	0	0.004837	0.000109	0.004837	0.000109	0.943897	0.021270
28	C	2293	407929	406495	0.005641	104	1	407924	0	0	0	nan	0	0	0	0	0	0	nan	0	0	0	0.005641	0.000118	0.005641	0.000118	0.846965	0.017717
29	U	468	407934	406404	0.001152	104	1	407929	0	0	0	nan	0	0	0	0	0	0	nan	0	0	0	0.001152	0.000053	0.001152	0.000053	nan	nan
30	U	445	407939	406675	0.001094	104	1	407934	0	0	0	nan	0	0	0	0	0	0	nan	0	0	0	0.001094	0.000052	0.001094	0.000052	nan	nan
31	U	563	407947	406913	0.001384	104	1	407941	0	0	0	nan	0	0	0	0	0	0	nan	0	0	0	0.001384	0.000058	0.001384	0.000058	nan	nan
32	U	332	407955	407200	0.000815	104	1	407948	0	0	0	nan	0	0	0	0	0	0	nan	0	0	0	0.000815	0.000045	0.000815	0.000045	nan	nan
33	G	117	407984	406929	0.000288	104	1	407976	0	0	0	nan	0	0	0	0	0	0	nan	0	0	0	0.000288	0.000027	0.000288	0.000027	nan	nan
34	A	2188	407999	407047	0.005375	104	1	407991	0	0	0	nan	0	0	0	0	0	0	nan	0	0	0	0.005375	0.000115	0.005375	0.000115	1.048883	0.022441
35	A	2006	408005	406845	0.004931	104	1	407996	0	0	0	nan	0	0	0	0	0	0	nan	0	0	0	0.004931	0.000110	0.004931	0.000110	0.962240	0.021466
36	U	288	408005	406934	0.000708	104	1	407997	0	0	0	nan	0	0	0	0	0	0	nan	0	0	0	0.000708	0.000042	0.000708	0.000042	nan	nan
37	A	1965	408007	407090	0.004827	104	1	407997	0	0	0	nan	0	0	0	0	0	0	nan	0	0	0	0.004827	0.000109	0.004827	0.000109	0.941946	0.021270
38	G	202	408007	406584	0.000497	110	1	407997	0	0	0	nan	0	0	0	0	0	0	nan	0	0	0	0.000497	0.000035	0.000497	0.000035	nan	nan
39	U	360	408007	407239	0.000884	110	1	407998	0	0	0	nan	0	0	0	0	0	0	nan	0	0	0	0.000884	0.000047	0.000884	0.000047	nan	nan
40	G	314	408008	406699	0.000772	110	1	407999	0	0	0	nan	0	0	0	0	0	0	nan	0	0	0	0.000772	0.000044	0.000772	0.000044	nan	nan
41	A	2584	408010	406819	0.006352	110	1	407999	0	0	0	nan	0	0	0	0	0	0	nan	0	0	0	0.006352	0.000125	0.006352	0.000125	1.239536	0.024393
42	U	571	408012	406564	0.001404	115	1	408003	0	0	0	nan	0	0	0	0	0	0	nan	0	0	0	0.001404	0.000059	0.001404	0.000059	nan	nan
43	U	406	408015	406713	0.000998	119	1	408005	0	0	0	nan	0	0	0	0	0	0	nan	0	0	0	0.000998	0.000050	0.000998	0.000050	nan	nan
44	C	2847	408022	406722	0.007000	119	1	408015	0	0	0	nan	0	0	0	0	0	0	nan	0	0	0	0.007000	0.000131	0.007000	0.000131	1.051012	0.019669
45	A	2112	408029	406977	0.005189	119	1	408021	0	0	0	nan	0	0	0	0	0	0	nan	0	0	0	0.005189	0.000113	0.005189	0.000113	1.012587	0.022051
46	G	158	408036	406701	0.000388	121	1	408030	0	0	0	nan	0	0	0	0	0	0	nan	0	0	0	0.000388	0.000031	0.000388	0.000031	nan	nan
47	G	141	408036	406649	0.000347	121	1	408030	0	0	0	nan	0	0	0	0	0	0	nan	0	0	0	0.000347	0.000029	0.000347	0.000029	nan	nan
48	A	1832	408040	406889	0.004502	121	1	408032	0	0	0	nan	0	0	0	0	0	0	nan	0	0	0	0.004502	0.000105	0.004502	0.000105	0.878525	0.020490
49	G	153	408044	406710	0.000376	122	1	408039	0	0	0	nan	0	0	0	0	0	0	nan	0	0	0	0.000376	0.000030	0.000376	0.000030	nan	nan
50	G	231	408044	398371	0.000580	122	1	408039	0	0	0	nan	0	0	0	0	0	0	nan	0	0	0	0.000580	0.000038	0.000580	0.000038	nan	nan
51	U	404	408048	398512	0.001014	122	1	408044	0	0	0	nan	0	0	0	0	0	0	nan	0	0	0	0.001014	0.000050	0.001014	0.000050	nan	nan
52	U	344	408050	398357	0.000864	122	1	408046	0	0	0	nan	0	0	0	0	0	0	nan	0	0	0	0.000864	0.000047	0.000864	0.000047	nan	nan
53	A	1638	408052	406253	0.004032	121	1	408043	0	0	0	nan	0	0	0	0	0	0	nan	0	0	0	0.004032	0.000100	0.004032	0.000100	0.786808	0.019514
54	A	1570	407872	405119	0.003875	85	1	407485	0	0	0	nan	0	0	0	0	0	0	nan	0	0	0	0.003875	0.000098	0.003875	0.000098	0.756171	0.019124
55	U	426	407872	404733	0.001053	85	1	407537	0	0	0	nan	0	0	0	0	0	0	nan	0	0	0	0.001053	0.000051	0.001053	0.000051	nan	nan
56	G	292	407876	404787	0.000721	85	1	407578	0	0	0	nan	0	0	0	0	0	0	nan	0	0	0	0.000721	0.000042	0.000721	0.000042	nan	nan
57	G	0	407890	404678	0.000000	85	1	407857	0	0	0	nan	0	0	0	0	0	0	nan	0	0	0	0.000000	0.000000	0.000000	0.000000	nan	nan
58	A	0	407895	0	nan	85	1	407895	0	0	0	nan	0	0	0	0	0	0	nan	0	0	0	nan	nan	nan	nan	nan	nan
59	A	0	407895	0	nan	85	1	407895	0	0	0	nan	0	0	0	0	0	0	nan	0	0	0	nan	nan	nan	nan	nan	nan
60	G	0	407895	0	nan	85	1	407895	0	0	0	nan	0	0	0	0	0	0	nan	0	0	0	nan	nan	nan	nan	nan	nan
61	u	0	407895	0	nan	85	1	407895	0	0	0	nan	0	0	0	0	0	0	nan	0	0	0	nan	nan	nan	nan	nan	nan
62	a	0	407895	0	nan	85	1	407895	0	0	0	nan	0	0	0	0	0	0	nan	0	0	0	nan	nan	nan	nan	nan	nan
63	a	0	407895	0	nan	85	1	407895	0	0	0	nan	0	0	0	0	0	0	nan	0	0	0	nan	nan	nan	nan	nan	nan
64	a	0	407895	0	nan	85	1	407895	0	0	0	nan	0	0	0	0	0	0	nan	0	0	0	nan	nan	nan	nan	nan	nan
65	g	0	407895	0	nan	85	1	407895	0	0	0	nan	0	0	0	0	0	0	nan	0	0	0	nan	nan	nan	nan	nan	nan
66	g	0	407895	0	nan	85	1	407895	0	0	0	nan	0	0	0	0	0	0	nan	0	0	0	nan	nan	nan	nan	nan	nan
67	u	0	407895	0	nan	85	1	407895	0	0	0	nan	0	0	0	0	0	0	nan	0	0	0	nan	nan	nan	nan	nan	nan
68	a	0	407895	0	nan	85	1	407895	0	0	0	nan	0	0	0	0	0	0	nan	0	0	0	nan	nan	nan	nan	nan	nan
69	a	0	407895	0	nan	85	1	407895	0	0	0	nan	0	0	0	0	0	0	nan	0	0	0	nan	nan	nan	nan	nan	nan
70	u	0	407895	0	nan	85	1	407895	0	0	0	nan	0	0	0	0	0	0	nan	0	0	0	nan	nan	nan	nan	nan	nan
71	g	0	407895	0	nan	85	1	407895	0	0	0	nan	0	0	0	0	0	0	nan	0	0	0	nan	nan	nan	nan	nan	nan
72	a	0	407895	0	nan	85	1	407895	0	0	0	nan	0	0	0	0	0	0	nan	0	0	0	nan	nan	nan	nan	nan	nan
73	a	0	407893	0	nan	85	1	407893	0	0	0	nan	0	0	0	0	0	0	nan	0	0	0	nan	nan	nan	nan	nan	nan
74	g	0	407893	0	nan	85	1	407893	0	0	0	nan	0	0	0	0	0	0	nan	0	0	0	nan	nan	nan	nan	nan	nan
75	g	0	407891	0	nan	85	1	407891	0	0	0	nan	0	0	0	0	0	0	nan	0	0	0	nan	nan	nan	nan	nan	nan
76	u	0	407875	0	nan	85	1	407875	0	0	0	nan	0	0	0	0	0	0	nan	0	0	0	nan	nan	nan	nan	nan	nan
77	g	0	407863	0	nan	85	1	407863	0	0	0	nan	0	0	0	0	0	0	nan	0	0	0	nan	nan	nan	nan	nan	nan
78	a	0	407857	0	nan	85	1	407857	0	0	0	nan	0	0	0	0	0	0	nan	0	0	0	nan	nan	nan	nan	nan	nan
79	a	0	407783	0	nan	85	1	407783	0	0	0	nan	0	0	0	0	0	0	nan	0	0	0	nan	nan	nan	nan	nan	nan
80	g	0	407640	0	nan	85	1	407640	0	0	0	nan	0	0	0	0	0	0	nan	0	0	0	nan	nan	nan	nan	nan	nan