Nucleotide	Sequence	Modified_mutations	Modified_read_depth	Modified_effective_depth	Modified_rate	Modified_off_target_mapped_depth	Modified_low_mapq_mapped_depth	Modified_primer_pair_1_mapped_depth	Untreated_mutations	Untreated_read_depth	Untreated_effective_depth	Untreated_rate	Untreated_off_target_mapped_depth	Untreated_low_mapq_mapped_depth	Untreated_primer_pair_1_mapped_depth	Denatured_mutations	Denatured_read_depth	Denatured_effective_depth	Denatured_rate	Denatured_off_target_mapped_depth	Denatured_low_mapq_mapped_depth	Denatured_primer_pair_1_mapped_depth	Reactivity_profile	Std_err	HQ_profile	HQ_stderr	Norm_profile	Norm_stderr
1	g	0	6770072	0	nan	46	632	6770072	0	0	0	nan	0	0	0	0	0	0	nan	0	0	0	nan	nan	nan	nan	nan	nan
2	g	0	6835608	0	nan	46	633	6835608	0	0	0	nan	0	0	0	0	0	0	nan	0	0	0	nan	nan	nan	nan	nan	nan
3	u	0	6845718	0	nan	47	641	6845718	0	0	0	nan	0	0	0	0	0	0	nan	0	0	0	nan	nan	nan	nan	nan	nan
4	g	0	6851295	0	nan	47	657	6851295	0	0	0	nan	0	0	0	0	0	0	nan	0	0	0	nan	nan	nan	nan	nan	nan
5	u	0	6862611	0	nan	47	662	6862611	0	0	0	nan	0	0	0	0	0	0	nan	0	0	0	nan	nan	nan	nan	nan	nan
6	a	0	6867043	0	nan	47	689	6867043	0	0	0	nan	0	0	0	0	0	0	nan	0	0	0	nan	nan	nan	nan	nan	nan
7	a	0	6868063	0	nan	47	692	6868063	0	0	0	nan	0	0	0	0	0	0	nan	0	0	0	nan	nan	nan	nan	nan	nan
8	g	0	6868652	0	nan	47	693	6868652	0	0	0	nan	0	0	0	0	0	0	nan	0	0	0	nan	nan	nan	nan	nan	nan
9	g	0	6869351	0	nan	47	693	6869351	0	0	0	nan	0	0	0	0	0	0	nan	0	0	0	nan	nan	nan	nan	nan	nan
10	g	0	6870932	0	nan	47	702	6870932	0	0	0	nan	0	0	0	0	0	0	nan	0	0	0	nan	nan	nan	nan	nan	nan
11	u	0	6874366	0	nan	47	705	6874366	0	0	0	nan	0	0	0	0	0	0	nan	0	0	0	nan	nan	nan	nan	nan	nan
12	g	0	6887320	0	nan	89	732	6887320	0	0	0	nan	0	0	0	0	0	0	nan	0	0	0	nan	nan	nan	nan	nan	nan
13	a	0	6899724	0	nan	101	742	6899724	0	0	0	nan	0	0	0	0	0	0	nan	0	0	0	nan	nan	nan	nan	nan	nan
14	a	0	6906134	0	nan	111	745	6906134	0	0	0	nan	0	0	0	0	0	0	nan	0	0	0	nan	nan	nan	nan	nan	nan
15	g	0	6909550	0	nan	359	746	6909550	0	0	0	nan	0	0	0	0	0	0	nan	0	0	0	nan	nan	nan	nan	nan	nan
16	u	0	6913376	0	nan	360	746	6913376	0	0	0	nan	0	0	0	0	0	0	nan	0	0	0	nan	nan	nan	nan	nan	nan
17	g	0	6914832	0	nan	360	750	6914832	0	0	0	nan	0	0	0	0	0	0	nan	0	0	0	nan	nan	nan	nan	nan	nan
18	u	0	6916202	0	nan	360	752	6916202	0	0	0	nan	0	0	0	0	0	0	nan	0	0	0	nan	nan	nan	nan	nan	nan
19	a	0	6917362	0	nan	360	772	6917362	0	0	0	nan	0	0	0	0	0	0	nan	0	0	0	nan	nan	nan	nan	nan	nan
20	A	0	6918617	517	0.000000	360	772	6918617	0	0	0	nan	0	0	0	0	0	0	nan	0	0	0	0.000000	0.000000	nan	nan	nan	nan
21	G	0	6919429	645	0.000000	360	772	6919429	0	0	0	nan	0	0	0	0	0	0	nan	0	0	0	0.000000	0.000000	nan	nan	nan	nan
22	G	0	6919996	612	0.000000	360	772	6919996	0	0	0	nan	0	0	0	0	0	0	nan	0	0	0	0.000000	0.000000	nan	nan	nan	nan
23	U	0	6921400	6267448	0.000000	360	772	6921400	0	0	0	nan	0	0	0	0	0	0	nan	0	0	0	0.000000	0.000000	0.000000	0.000000	0.000000	0.000000
24	U	12425	6922463	6321465	0.001966	360	772	6922463	0	0	0	nan	0	0	0	0	0	0	nan	0	0	0	0.001966	0.000018	0.001966	0.000018	0.553803	0.005070
25	G	5867	6926128	6277854	0.000935	360	772	6926128	0	0	0	nan	0	0	0	0	0	0	nan	0	0	0	0.000935	0.000012	0.000935	0.000012	0.436865	0.005607
26	A	20179	6932512	6419026	0.003144	360	772	6932463	0	0	0	nan	0	0	0	0	0	0	nan	0	0	0	0.003144	0.000022	0.003144	0.000022	1.000000	0.006997
27	C	11008	6934832	6171114	0.001784	360	772	6934736	0	0	0	nan	0	0	0	0	0	0	nan	0	0	0	0.001784	0.000017	0.001784	0.000017	0.717186	0.006834
28	C	18154	6935982	6158303	0.002948	360	772	6935864	0	0	0	nan	0	0	0	0	0	0	nan	0	0	0	0.002948	0.000022	0.002948	0.000022	1.185126	0.008844
29	U	24374	6938904	6126779	0.003978	360	772	6938765	0	0	0	nan	0	0	0	0	0	0	nan	0	0	0	0.003978	0.000025	0.003978	0.000025	1.120563	0.007042
30	U	10878	6944135	6237136	0.001744	360	772	6943988	0	0	0	nan	0	0	0	0	0	0	nan	0	0	0	0.001744	0.000017	0.001744	0.000017	0.491268	0.004789
31	U	11674	6949711	6263144	0.001864	360	772	6949546	0	0	0	nan	0	0	0	0	0	0	nan	0	0	0	0.001864	0.000017	0.001864	0.000017	0.525070	0.004789
32	U	12616	6955834	6334680	0.001992	360	772	6955648	0	0	0	nan	0	0	0	0	0	0	nan	0	0	0	0.001992	0.000018	0.001992	0.000018	0.561127	0.005070
33	G	2450	6988364	6425376	0.000381	360	772	6988168	0	0	0	nan	0	0	0	0	0	0	nan	0	0	0	0.000381	0.000008	0.000381	0.000008	0.178017	0.003738
34	A	13562	7000547	6787693	0.001998	360	772	7000359	0	0	0	nan	0	0	0	0	0	0	nan	0	0	0	0.001998	0.000017	0.001998	0.000017	0.635496	0.005407
35	A	14935	7003183	6750100	0.002213	360	772	7002996	0	0	0	nan	0	0	0	0	0	0	nan	0	0	0	0.002213	0.000018	0.002213	0.000018	0.703880	0.005725
36	U	4613	7004102	6696300	0.000689	360	772	7003905	0	0	0	nan	0	0	0	0	0	0	nan	0	0	0	0.000689	0.000010	0.000689	0.000010	0.194085	0.002817
37	A	307428	7004663	6363467	0.048311	360	772	7004434	0	0	0	nan	0	0	0	0	0	0	nan	0	0	0	0.048311	0.000087	0.048311	0.000087	15.366094	0.027672
38	G	12103	7005332	6286234	0.001925	369	772	7005122	0	0	0	nan	0	0	0	0	0	0	nan	0	0	0	0.001925	0.000018	0.001925	0.000018	0.899428	0.008410
39	U	10581	7006168	6329701	0.001672	369	772	7005949	0	0	0	nan	0	0	0	0	0	0	nan	0	0	0	0.001672	0.000016	0.001672	0.000016	0.470986	0.004507
40	G	8133	7006984	6547639	0.001242	370	772	7006752	0	0	0	nan	0	0	0	0	0	0	nan	0	0	0	0.001242	0.000014	0.001242	0.000014	0.580306	0.006541
41	A	57772	7010734	6532828	0.008843	370	772	7010494	0	0	0	nan	0	0	0	0	0	0	nan	0	0	0	0.008843	0.000037	0.008843	0.000037	2.812659	0.011768
42	U	20027	7011664	6499281	0.003081	371	772	7011433	0	0	0	nan	0	0	0	0	0	0	nan	0	0	0	0.003081	0.000022	0.003081	0.000022	0.867887	0.006197
43	U	10848	7013860	6434782	0.001686	374	772	7013627	0	0	0	nan	0	0	0	0	0	0	nan	0	0	0	0.001686	0.000016	0.001686	0.000016	0.474930	0.004507
44	C	13053	7017191	6439057	0.002027	374	772	7016948	0	0	0	nan	0	0	0	0	0	0	nan	0	0	0	0.002027	0.000018	0.002027	0.000018	0.814874	0.007236
45	A	18064	7019420	6449408	0.002801	371	772	7019152	0	0	0	nan	0	0	0	0	0	0	nan	0	0	0	0.002801	0.000021	0.002801	0.000021	0.890903	0.006679
46	G	4056	7021305	6317822	0.000642	373	772	7021040	0	0	0	nan	0	0	0	0	0	0	nan	0	0	0	0.000642	0.000010	0.000642	0.000010	0.299965	0.004672
47	G	10205	7025456	6393733	0.001596	375	772	7025176	0	0	0	nan	0	0	0	0	0	0	nan	0	0	0	0.001596	0.000016	0.001596	0.000016	0.745707	0.007476
48	A	7656	7031975	6289678	0.001217	384	772	7031688	0	0	0	nan	0	0	0	0	0	0	nan	0	0	0	0.001217	0.000014	0.001217	0.000014	0.387087	0.004453
49	G	17758	7033332	6373688	0.002786	385	772	7033066	0	0	0	nan	0	0	0	0	0	0	nan	0	0	0	0.002786	0.000021	0.002786	0.000021	1.301717	0.009812
50	G	3397	7043299	6202848	0.000548	399	772	7043084	0	0	0	nan	0	0	0	0	0	0	nan	0	0	0	0.000548	0.000009	0.000548	0.000009	0.256045	0.004205
51	U	22560	7047035	6354199	0.003550	399	772	7046858	0	0	0	nan	0	0	0	0	0	0	nan	0	0	0	0.003550	0.000024	0.003550	0.000024	1.000000	0.006761
52	U	18402	7052695	6357516	0.002895	404	772	7052552	0	0	0	nan	0	0	0	0	0	0	nan	0	0	0	0.002895	0.000021	0.002895	0.000021	0.815493	0.005915
53	A	7615	7056583	6614698	0.001151	401	772	7056451	0	0	0	nan	0	0	0	0	0	0	nan	0	0	0	0.001151	0.000013	0.001151	0.000013	0.366094	0.004135
54	A	15467	7058831	6764113	0.002287	401	772	7058721	0	0	0	nan	0	0	0	0	0	0	nan	0	0	0	0.002287	0.000018	0.002287	0.000018	0.727417	0.005725
55	U	11084	7059651	6693757	0.001656	400	772	7059570	0	0	0	nan	0	0	0	0	0	0	nan	0	0	0	0.001656	0.000016	0.001656	0.000016	0.466479	0.004507
56	G	5725	7060359	6478447	0.000884	400	772	7060292	0	0	0	nan	0	0	0	0	0	0	nan	0	0	0	0.000884	0.000012	0.000884	0.000012	0.413036	0.005607
57	G	0	7061365	6508082	0.000000	400	772	7061328	0	0	0	nan	0	0	0	0	0	0	nan	0	0	0	0.000000	0.000000	0.000000	0.000000	0.000000	0.000000
58	A	0	7062930	41	0.000000	399	772	7062930	0	0	0	nan	0	0	0	0	0	0	nan	0	0	0	0.000000	0.000000	nan	nan	nan	nan
59	A	0	7062880	47	0.000000	399	772	7062880	0	0	0	nan	0	0	0	0	0	0	nan	0	0	0	0.000000	0.000000	nan	nan	nan	nan
60	G	0	7062821	30	0.000000	398	772	7062821	0	0	0	nan	0	0	0	0	0	0	nan	0	0	0	0.000000	0.000000	nan	nan	nan	nan
61	u	0	7062769	0	nan	398	772	7062769	0	0	0	nan	0	0	0	0	0	0	nan	0	0	0	nan	nan	nan	nan	nan	nan
62	a	0	7062659	0	nan	394	770	7062659	0	0	0	nan	0	0	0	0	0	0	nan	0	0	0	nan	nan	nan	nan	nan	nan
63	a	0	7062581	0	nan	391	770	7062581	0	0	0	nan	0	0	0	0	0	0	nan	0	0	0	nan	nan	nan	nan	nan	nan
64	a	0	7062560	0	nan	382	768	7062560	0	0	0	nan	0	0	0	0	0	0	nan	0	0	0	nan	nan	nan	nan	nan	nan
65	g	0	7062537	0	nan	374	699	7062537	0	0	0	nan	0	0	0	0	0	0	nan	0	0	0	nan	nan	nan	nan	nan	nan
66	g	0	7062526	0	nan	355	683	7062526	0	0	0	nan	0	0	0	0	0	0	nan	0	0	0	nan	nan	nan	nan	nan	nan
67	u	0	7062496	0	nan	350	675	7062496	0	0	0	nan	0	0	0	0	0	0	nan	0	0	0	nan	nan	nan	nan	nan	nan
68	a	0	7062470	0	nan	349	646	7062470	0	0	0	nan	0	0	0	0	0	0	nan	0	0	0	nan	nan	nan	nan	nan	nan
69	a	0	7062443	0	nan	348	646	7062443	0	0	0	nan	0	0	0	0	0	0	nan	0	0	0	nan	nan	nan	nan	nan	nan
70	u	0	7062422	0	nan	345	614	7062422	0	0	0	nan	0	0	0	0	0	0	nan	0	0	0	nan	nan	nan	nan	nan	nan
71	g	0	7062353	0	nan	345	614	7062353	0	0	0	nan	0	0	0	0	0	0	nan	0	0	0	nan	nan	nan	nan	nan	nan
72	a	0	7062283	0	nan	343	614	7062283	0	0	0	nan	0	0	0	0	0	0	nan	0	0	0	nan	nan	nan	nan	nan	nan
73	a	0	7062253	0	nan	343	614	7062253	0	0	0	nan	0	0	0	0	0	0	nan	0	0	0	nan	nan	nan	nan	nan	nan
74	g	0	7062225	0	nan	343	614	7062225	0	0	0	nan	0	0	0	0	0	0	nan	0	0	0	nan	nan	nan	nan	nan	nan
75	g	0	7062170	0	nan	342	610	7062170	0	0	0	nan	0	0	0	0	0	0	nan	0	0	0	nan	nan	nan	nan	nan	nan
76	u	0	7062065	0	nan	342	610	7062065	0	0	0	nan	0	0	0	0	0	0	nan	0	0	0	nan	nan	nan	nan	nan	nan
77	g	0	7061936	0	nan	342	607	7061936	0	0	0	nan	0	0	0	0	0	0	nan	0	0	0	nan	nan	nan	nan	nan	nan
78	a	0	7061825	0	nan	342	607	7061825	0	0	0	nan	0	0	0	0	0	0	nan	0	0	0	nan	nan	nan	nan	nan	nan
79	a	0	7056410	0	nan	340	604	7056410	0	0	0	nan	0	0	0	0	0	0	nan	0	0	0	nan	nan	nan	nan	nan	nan
80	g	0	7053862	0	nan	339	602	7053862	0	0	0	nan	0	0	0	0	0	0	nan	0	0	0	nan	nan	nan	nan	nan	nan