Nucleotide	Sequence	Modified_mutations	Modified_read_depth	Modified_effective_depth	Modified_rate	Modified_off_target_mapped_depth	Modified_low_mapq_mapped_depth	Modified_primer_pair_1_mapped_depth	Untreated_mutations	Untreated_read_depth	Untreated_effective_depth	Untreated_rate	Untreated_off_target_mapped_depth	Untreated_low_mapq_mapped_depth	Untreated_primer_pair_1_mapped_depth	Denatured_mutations	Denatured_read_depth	Denatured_effective_depth	Denatured_rate	Denatured_off_target_mapped_depth	Denatured_low_mapq_mapped_depth	Denatured_primer_pair_1_mapped_depth	Reactivity_profile	Std_err	HQ_profile	HQ_stderr	Norm_profile	Norm_stderr
1	g	0	229593	0	nan	25	0	229593	0	0	0	nan	0	0	0	0	0	0	nan	0	0	0	nan	nan	nan	nan	nan	nan
2	g	0	230078	0	nan	25	0	230078	0	0	0	nan	0	0	0	0	0	0	nan	0	0	0	nan	nan	nan	nan	nan	nan
3	c	0	230214	0	nan	25	0	230214	0	0	0	nan	0	0	0	0	0	0	nan	0	0	0	nan	nan	nan	nan	nan	nan
4	a	0	234315	0	nan	61	0	234315	0	0	0	nan	0	0	0	0	0	0	nan	0	0	0	nan	nan	nan	nan	nan	nan
5	c	0	234414	0	nan	62	0	234414	0	0	0	nan	0	0	0	0	0	0	nan	0	0	0	nan	nan	nan	nan	nan	nan
6	c	0	234436	0	nan	62	0	234436	0	0	0	nan	0	0	0	0	0	0	nan	0	0	0	nan	nan	nan	nan	nan	nan
7	u	0	234440	0	nan	62	0	234440	0	0	0	nan	0	0	0	0	0	0	nan	0	0	0	nan	nan	nan	nan	nan	nan
8	c	0	234442	0	nan	62	0	234442	0	0	0	nan	0	0	0	0	0	0	nan	0	0	0	nan	nan	nan	nan	nan	nan
9	a	0	234442	0	nan	62	0	234442	0	0	0	nan	0	0	0	0	0	0	nan	0	0	0	nan	nan	nan	nan	nan	nan
10	u	0	234517	0	nan	62	0	234517	0	0	0	nan	0	0	0	0	0	0	nan	0	0	0	nan	nan	nan	nan	nan	nan
11	a	0	234591	0	nan	62	0	234591	0	0	0	nan	0	0	0	0	0	0	nan	0	0	0	nan	nan	nan	nan	nan	nan
12	a	0	234602	0	nan	62	0	234602	0	0	0	nan	0	0	0	0	0	0	nan	0	0	0	nan	nan	nan	nan	nan	nan
13	c	0	234607	0	nan	62	0	234607	0	0	0	nan	0	0	0	0	0	0	nan	0	0	0	nan	nan	nan	nan	nan	nan
14	a	0	234608	0	nan	62	0	234608	0	0	0	nan	0	0	0	0	0	0	nan	0	0	0	nan	nan	nan	nan	nan	nan
15	u	0	234615	0	nan	62	0	234615	0	0	0	nan	0	0	0	0	0	0	nan	0	0	0	nan	nan	nan	nan	nan	nan
16	a	0	234618	0	nan	62	0	234618	0	0	0	nan	0	0	0	0	0	0	nan	0	0	0	nan	nan	nan	nan	nan	nan
17	a	0	234621	0	nan	62	0	234621	0	0	0	nan	0	0	0	0	0	0	nan	0	0	0	nan	nan	nan	nan	nan	nan
18	c	0	234623	0	nan	62	0	234623	0	0	0	nan	0	0	0	0	0	0	nan	0	0	0	nan	nan	nan	nan	nan	nan
19	U	0	234625	1	0.000000	62	0	234625	0	0	0	nan	0	0	0	0	0	0	nan	0	0	0	0.000000	0.000000	nan	nan	nan	nan
20	A	0	234641	15	0.000000	62	0	234641	0	0	0	nan	0	0	0	0	0	0	nan	0	0	0	0.000000	0.000000	nan	nan	nan	nan
21	A	0	234647	18	0.000000	62	0	234647	0	0	0	nan	0	0	0	0	0	0	nan	0	0	0	0.000000	0.000000	nan	nan	nan	nan
22	G	0	234654	232725	0.000000	62	0	234654	0	0	0	nan	0	0	0	0	0	0	nan	0	0	0	0.000000	0.000000	0.000000	0.000000	0.000000	0.000000
23	G	2627	234657	232009	0.011323	62	0	234657	0	0	0	nan	0	0	0	0	0	0	nan	0	0	0	0.011323	0.000221	0.011323	0.000221	2.245291	0.043823
24	C	1885	234667	232702	0.008100	62	0	234667	0	0	0	nan	0	0	0	0	0	0	nan	0	0	0	0.008100	0.000187	0.008100	0.000187	0.763881	0.017635
25	A	433	234683	233305	0.001856	62	0	234683	0	0	0	nan	0	0	0	0	0	0	nan	0	0	0	0.001856	0.000089	0.001856	0.000089	0.755700	0.036238
26	G	1044	234691	233570	0.004470	62	0	234691	0	0	0	nan	0	0	0	0	0	0	nan	0	0	0	0.004470	0.000138	0.004470	0.000138	0.886377	0.027365
27	A	537	234697	233649	0.002298	62	0	234696	0	0	0	nan	0	0	0	0	0	0	nan	0	0	0	0.002298	0.000099	0.002298	0.000099	0.935668	0.040309
28	U	1109	234702	233398	0.004752	62	0	234701	0	0	0	nan	0	0	0	0	0	0	nan	0	0	0	0.004752	0.000143	0.004752	0.000143	0.891976	0.026842
29	C	1397	234705	233526	0.005982	62	0	234705	0	0	0	nan	0	0	0	0	0	0	nan	0	0	0	0.005982	0.000160	0.005982	0.000160	0.564140	0.015089
30	U	898	234706	233411	0.003847	62	0	234703	0	0	0	nan	0	0	0	0	0	0	nan	0	0	0	0.003847	0.000128	0.003847	0.000128	0.722102	0.024026
31	G	1073	234709	233391	0.004597	62	0	234706	0	0	0	nan	0	0	0	0	0	0	nan	0	0	0	0.004597	0.000140	0.004597	0.000140	0.911561	0.027761
32	A	348	234710	233602	0.001490	62	0	234707	0	0	0	nan	0	0	0	0	0	0	nan	0	0	0	0.001490	0.000080	0.001490	0.000080	0.606678	0.032573
33	G	1176	234713	233199	0.005043	62	0	234710	0	0	0	nan	0	0	0	0	0	0	nan	0	0	0	0.005043	0.000147	0.005043	0.000147	1.000000	0.029149
34	C	1034	234718	232828	0.004441	62	0	234708	0	0	0	nan	0	0	0	0	0	0	nan	0	0	0	0.004441	0.000138	0.004441	0.000138	0.418814	0.013014
35	U	960	234719	232480	0.004129	62	0	234705	0	0	0	nan	0	0	0	0	0	0	nan	0	0	0	0.004129	0.000133	0.004129	0.000133	0.775035	0.024965
36	U	792	234723	231931	0.003415	62	0	234698	0	0	0	nan	0	0	0	0	0	0	nan	0	0	0	0.003415	0.000121	0.003415	0.000121	0.641014	0.022712
37	G	968	234728	231561	0.004180	62	0	234657	0	0	0	nan	0	0	0	0	0	0	nan	0	0	0	0.004180	0.000134	0.004180	0.000134	0.828872	0.026571
38	G	1040	234730	225765	0.004607	62	0	234656	0	0	0	nan	0	0	0	0	0	0	nan	0	0	0	0.004607	0.000143	0.004607	0.000143	0.913544	0.028356
39	G	1085	234732	225443	0.004813	62	0	234673	0	0	0	nan	0	0	0	0	0	0	nan	0	0	0	0.004813	0.000146	0.004813	0.000146	0.954392	0.028951
40	A	619	234735	226797	0.002729	62	0	234687	0	0	0	nan	0	0	0	0	0	0	nan	0	0	0	0.002729	0.000110	0.002729	0.000110	1.111156	0.044788
41	G	1061	234744	232584	0.004562	61	0	234722	0	0	0	nan	0	0	0	0	0	0	nan	0	0	0	0.004562	0.000140	0.004562	0.000140	0.904620	0.027761
42	C	998	234748	233265	0.004278	29	0	234736	0	0	0	nan	0	0	0	0	0	0	nan	0	0	0	0.004278	0.000135	0.004278	0.000135	0.403442	0.012731
43	U	851	234750	233264	0.003648	29	0	234738	0	0	0	nan	0	0	0	0	0	0	nan	0	0	0	0.003648	0.000125	0.003648	0.000125	0.684749	0.023463
44	C	947	234750	233197	0.004061	29	0	234739	0	0	0	nan	0	0	0	0	0	0	nan	0	0	0	0.004061	0.000132	0.004061	0.000132	0.382978	0.012448
45	U	1377	234751	233264	0.005903	29	0	234737	0	0	0	nan	0	0	0	0	0	0	nan	0	0	0	0.005903	0.000159	0.005903	0.000159	1.108024	0.029845
46	C	1395	234750	233212	0.005982	29	0	234739	0	0	0	nan	0	0	0	0	0	0	nan	0	0	0	0.005982	0.000160	0.005982	0.000160	0.564140	0.015089
47	U	1891	234748	232960	0.008117	29	0	234737	0	0	0	nan	0	0	0	0	0	0	nan	0	0	0	0.008117	0.000187	0.008117	0.000187	1.523604	0.035101
48	G	3551	234748	232030	0.015304	29	0	234742	0	0	0	nan	0	0	0	0	0	0	nan	0	0	0	0.015304	0.000257	0.015304	0.000257	3.034702	0.050962
49	C	6390	234748	232599	0.027472	29	0	234743	0	0	0	nan	0	0	0	0	0	0	nan	0	0	0	0.027472	0.000344	0.027472	0.000344	2.590782	0.032441
50	C	4225	234749	233228	0.018115	29	0	234747	0	0	0	nan	0	0	0	0	0	0	nan	0	0	0	0.018115	0.000279	0.018115	0.000279	1.708358	0.026311
51	A	574	234754	233759	0.002456	29	0	234753	0	0	0	nan	0	0	0	0	0	0	nan	0	0	0	0.002456	0.000102	0.002456	0.000102	1.000000	0.041531
52	A	0	234753	232283	0.000000	29	0	234753	0	0	0	nan	0	0	0	0	0	0	nan	0	0	0	0.000000	0.000000	0.000000	0.000000	0.000000	0.000000
53	U	0	234745	242	0.000000	25	0	234745	0	0	0	nan	0	0	0	0	0	0	nan	0	0	0	0.000000	0.000000	nan	nan	nan	nan
54	C	0	234460	0	nan	23	0	234460	0	0	0	nan	0	0	0	0	0	0	nan	0	0	0	nan	nan	nan	nan	nan	nan
55	C	0	234460	0	nan	23	0	234460	0	0	0	nan	0	0	0	0	0	0	nan	0	0	0	nan	nan	nan	nan	nan	nan
56	a	0	234460	0	nan	23	0	234460	0	0	0	nan	0	0	0	0	0	0	nan	0	0	0	nan	nan	nan	nan	nan	nan
57	c	0	234460	0	nan	23	0	234460	0	0	0	nan	0	0	0	0	0	0	nan	0	0	0	nan	nan	nan	nan	nan	nan
58	u	0	234460	0	nan	23	0	234460	0	0	0	nan	0	0	0	0	0	0	nan	0	0	0	nan	nan	nan	nan	nan	nan
59	a	0	234460	0	nan	23	0	234460	0	0	0	nan	0	0	0	0	0	0	nan	0	0	0	nan	nan	nan	nan	nan	nan
60	a	0	234460	0	nan	23	0	234460	0	0	0	nan	0	0	0	0	0	0	nan	0	0	0	nan	nan	nan	nan	nan	nan
61	c	0	234460	0	nan	13	0	234460	0	0	0	nan	0	0	0	0	0	0	nan	0	0	0	nan	nan	nan	nan	nan	nan
62	c	0	234460	0	nan	12	0	234460	0	0	0	nan	0	0	0	0	0	0	nan	0	0	0	nan	nan	nan	nan	nan	nan
63	u	0	234460	0	nan	0	0	234460	0	0	0	nan	0	0	0	0	0	0	nan	0	0	0	nan	nan	nan	nan	nan	nan
64	c	0	234460	0	nan	0	0	234460	0	0	0	nan	0	0	0	0	0	0	nan	0	0	0	nan	nan	nan	nan	nan	nan
65	a	0	234460	0	nan	0	0	234460	0	0	0	nan	0	0	0	0	0	0	nan	0	0	0	nan	nan	nan	nan	nan	nan
66	c	0	234459	0	nan	0	0	234459	0	0	0	nan	0	0	0	0	0	0	nan	0	0	0	nan	nan	nan	nan	nan	nan
67	u	0	234457	0	nan	0	0	234457	0	0	0	nan	0	0	0	0	0	0	nan	0	0	0	nan	nan	nan	nan	nan	nan
68	c	0	234456	0	nan	0	0	234456	0	0	0	nan	0	0	0	0	0	0	nan	0	0	0	nan	nan	nan	nan	nan	nan
69	a	0	234455	0	nan	0	0	234455	0	0	0	nan	0	0	0	0	0	0	nan	0	0	0	nan	nan	nan	nan	nan	nan
70	c	0	234447	0	nan	0	0	234447	0	0	0	nan	0	0	0	0	0	0	nan	0	0	0	nan	nan	nan	nan	nan	nan
71	a	0	234442	0	nan	0	0	234442	0	0	0	nan	0	0	0	0	0	0	nan	0	0	0	nan	nan	nan	nan	nan	nan
72	a	0	234376	0	nan	0	0	234376	0	0	0	nan	0	0	0	0	0	0	nan	0	0	0	nan	nan	nan	nan	nan	nan
73	u	0	234249	0	nan	0	0	234249	0	0	0	nan	0	0	0	0	0	0	nan	0	0	0	nan	nan	nan	nan	nan	nan
74	c	0	233914	0	nan	0	0	233914	0	0	0	nan	0	0	0	0	0	0	nan	0	0	0	nan	nan	nan	nan	nan	nan