Nucleotide	Sequence	Modified_mutations	Modified_read_depth	Modified_effective_depth	Modified_rate	Modified_off_target_mapped_depth	Modified_low_mapq_mapped_depth	Modified_primer_pair_1_mapped_depth	Untreated_mutations	Untreated_read_depth	Untreated_effective_depth	Untreated_rate	Untreated_off_target_mapped_depth	Untreated_low_mapq_mapped_depth	Untreated_primer_pair_1_mapped_depth	Denatured_mutations	Denatured_read_depth	Denatured_effective_depth	Denatured_rate	Denatured_off_target_mapped_depth	Denatured_low_mapq_mapped_depth	Denatured_primer_pair_1_mapped_depth	Reactivity_profile	Std_err	HQ_profile	HQ_stderr	Norm_profile	Norm_stderr
1	g	0	178824	0	nan	4	2	178824	0	0	0	nan	0	0	0	0	0	0	nan	0	0	0	nan	nan	nan	nan	nan	nan
2	g	0	179180	0	nan	4	2	179180	0	0	0	nan	0	0	0	0	0	0	nan	0	0	0	nan	nan	nan	nan	nan	nan
3	c	0	179273	0	nan	4	2	179273	0	0	0	nan	0	0	0	0	0	0	nan	0	0	0	nan	nan	nan	nan	nan	nan
4	a	0	180327	0	nan	9	2	180327	0	0	0	nan	0	0	0	0	0	0	nan	0	0	0	nan	nan	nan	nan	nan	nan
5	c	0	180372	0	nan	9	2	180372	0	0	0	nan	0	0	0	0	0	0	nan	0	0	0	nan	nan	nan	nan	nan	nan
6	c	0	180377	0	nan	9	2	180377	0	0	0	nan	0	0	0	0	0	0	nan	0	0	0	nan	nan	nan	nan	nan	nan
7	u	0	180377	0	nan	9	2	180377	0	0	0	nan	0	0	0	0	0	0	nan	0	0	0	nan	nan	nan	nan	nan	nan
8	c	0	180380	0	nan	9	2	180380	0	0	0	nan	0	0	0	0	0	0	nan	0	0	0	nan	nan	nan	nan	nan	nan
9	a	0	180383	0	nan	9	2	180383	0	0	0	nan	0	0	0	0	0	0	nan	0	0	0	nan	nan	nan	nan	nan	nan
10	u	0	180399	0	nan	9	2	180399	0	0	0	nan	0	0	0	0	0	0	nan	0	0	0	nan	nan	nan	nan	nan	nan
11	a	0	180409	0	nan	9	2	180409	0	0	0	nan	0	0	0	0	0	0	nan	0	0	0	nan	nan	nan	nan	nan	nan
12	a	0	180419	0	nan	9	2	180419	0	0	0	nan	0	0	0	0	0	0	nan	0	0	0	nan	nan	nan	nan	nan	nan
13	c	0	180422	0	nan	9	2	180422	0	0	0	nan	0	0	0	0	0	0	nan	0	0	0	nan	nan	nan	nan	nan	nan
14	a	0	180424	0	nan	9	2	180424	0	0	0	nan	0	0	0	0	0	0	nan	0	0	0	nan	nan	nan	nan	nan	nan
15	u	0	180427	0	nan	9	2	180427	0	0	0	nan	0	0	0	0	0	0	nan	0	0	0	nan	nan	nan	nan	nan	nan
16	a	0	180429	0	nan	9	2	180429	0	0	0	nan	0	0	0	0	0	0	nan	0	0	0	nan	nan	nan	nan	nan	nan
17	a	0	180431	0	nan	9	2	180431	0	0	0	nan	0	0	0	0	0	0	nan	0	0	0	nan	nan	nan	nan	nan	nan
18	c	0	180435	0	nan	9	2	180435	0	0	0	nan	0	0	0	0	0	0	nan	0	0	0	nan	nan	nan	nan	nan	nan
19	U	0	180436	0	nan	9	2	180436	0	0	0	nan	0	0	0	0	0	0	nan	0	0	0	nan	nan	nan	nan	nan	nan
20	A	0	180445	6	0.000000	9	2	180445	0	0	0	nan	0	0	0	0	0	0	nan	0	0	0	0.000000	0.000000	nan	nan	nan	nan
21	A	0	180452	11	0.000000	9	2	180452	0	0	0	nan	0	0	0	0	0	0	nan	0	0	0	0.000000	0.000000	nan	nan	nan	nan
22	G	0	180455	178732	0.000000	9	2	180455	0	0	0	nan	0	0	0	0	0	0	nan	0	0	0	0.000000	0.000000	0.000000	0.000000	nan	nan
23	G	209	180458	175732	0.001189	9	2	180458	0	0	0	nan	0	0	0	0	0	0	nan	0	0	0	0.001189	0.000082	0.001189	0.000082	nan	nan
24	C	3830	180473	174184	0.021988	9	2	180473	0	0	0	nan	0	0	0	0	0	0	nan	0	0	0	0.021988	0.000355	0.021988	0.000355	1.000000	0.016145
25	A	2147	180487	174713	0.012289	9	2	180487	0	0	0	nan	0	0	0	0	0	0	nan	0	0	0	0.012289	0.000265	0.012289	0.000265	1.012232	0.021828
26	G	140	180496	174086	0.000804	9	2	180496	0	0	0	nan	0	0	0	0	0	0	nan	0	0	0	0.000804	0.000068	0.000804	0.000068	nan	nan
27	A	2168	180498	179305	0.012091	9	2	180497	0	0	0	nan	0	0	0	0	0	0	nan	0	0	0	0.012091	0.000260	0.012091	0.000260	0.995923	0.021416
28	U	1032	180500	179253	0.005757	9	2	180499	0	0	0	nan	0	0	0	0	0	0	nan	0	0	0	0.005757	0.000179	0.005757	0.000179	1.278836	0.039762
29	C	3543	180500	179438	0.019745	9	2	180497	0	0	0	nan	0	0	0	0	0	0	nan	0	0	0	0.019745	0.000332	0.019745	0.000332	0.897990	0.015099
30	U	732	180501	179357	0.004081	9	2	180494	0	0	0	nan	0	0	0	0	0	0	nan	0	0	0	0.004081	0.000151	0.004081	0.000151	0.906536	0.033543
31	G	145	180503	178655	0.000812	9	2	180496	0	0	0	nan	0	0	0	0	0	0	nan	0	0	0	0.000812	0.000067	0.000812	0.000067	nan	nan
32	A	1392	180505	178961	0.007778	9	2	180498	0	0	0	nan	0	0	0	0	0	0	nan	0	0	0	0.007778	0.000208	0.007778	0.000208	0.640666	0.017133
33	G	138	180506	172432	0.000800	9	2	180498	0	0	0	nan	0	0	0	0	0	0	nan	0	0	0	0.000800	0.000068	0.000800	0.000068	nan	nan
34	C	1797	180510	170069	0.010566	9	2	180501	0	0	0	nan	0	0	0	0	0	0	nan	0	0	0	0.010566	0.000249	0.010566	0.000249	0.480535	0.011324
35	C	1860	180512	170169	0.010930	9	2	180499	0	0	0	nan	0	0	0	0	0	0	nan	0	0	0	0.010930	0.000253	0.010930	0.000253	0.497089	0.011506
36	U	676	180515	173283	0.003901	9	2	180490	0	0	0	nan	0	0	0	0	0	0	nan	0	0	0	0.003901	0.000150	0.003901	0.000150	0.866552	0.033320
37	G	284	180550	175729	0.001616	9	2	180522	0	0	0	nan	0	0	0	0	0	0	nan	0	0	0	0.001616	0.000096	0.001616	0.000096	nan	nan
38	G	142	180585	175813	0.000808	9	2	180574	0	0	0	nan	0	0	0	0	0	0	nan	0	0	0	0.000808	0.000068	0.000808	0.000068	nan	nan
39	G	216	180587	176133	0.001226	9	2	180580	0	0	0	nan	0	0	0	0	0	0	nan	0	0	0	0.001226	0.000083	0.001226	0.000083	nan	nan
40	G	143	180588	176670	0.000809	9	2	180582	0	0	0	nan	0	0	0	0	0	0	nan	0	0	0	0.000809	0.000068	0.000809	0.000068	nan	nan
41	G	226	180590	175730	0.001286	9	2	180588	0	0	0	nan	0	0	0	0	0	0	nan	0	0	0	0.001286	0.000086	0.001286	0.000086	nan	nan
42	C	1724	180589	179285	0.009616	9	2	180587	0	0	0	nan	0	0	0	0	0	0	nan	0	0	0	0.009616	0.000232	0.009616	0.000232	0.437329	0.010551
43	U	555	180589	179430	0.003093	9	2	180587	0	0	0	nan	0	0	0	0	0	0	nan	0	0	0	0.003093	0.000131	0.003093	0.000131	0.687066	0.029100
44	C	2129	180589	179532	0.011859	9	2	180587	0	0	0	nan	0	0	0	0	0	0	nan	0	0	0	0.011859	0.000257	0.011859	0.000257	0.539340	0.011688
45	U	833	180589	179454	0.004642	9	2	180588	0	0	0	nan	0	0	0	0	0	0	nan	0	0	0	0.004642	0.000161	0.004642	0.000161	1.031155	0.035764
46	C	3905	180590	179414	0.021765	9	2	180589	0	0	0	nan	0	0	0	0	0	0	nan	0	0	0	0.021765	0.000348	0.021765	0.000348	0.989858	0.015827
47	U	676	180590	179406	0.003768	9	2	180585	0	0	0	nan	0	0	0	0	0	0	nan	0	0	0	0.003768	0.000145	0.003768	0.000145	0.837008	0.032210
48	G	207	180594	177038	0.001169	9	2	180588	0	0	0	nan	0	0	0	0	0	0	nan	0	0	0	0.001169	0.000081	0.001169	0.000081	nan	nan
49	C	4779	180595	178703	0.026743	8	2	180590	0	0	0	nan	0	0	0	0	0	0	nan	0	0	0	0.026743	0.000387	0.026743	0.000387	1.216254	0.017601
50	C	4409	180600	178981	0.024634	8	2	180597	0	0	0	nan	0	0	0	0	0	0	nan	0	0	0	0.024634	0.000371	0.024634	0.000371	1.120338	0.016873
51	A	1689	180608	179478	0.009411	8	2	180608	0	0	0	nan	0	0	0	0	0	0	nan	0	0	0	0.009411	0.000229	0.009411	0.000229	0.775174	0.018862
52	A	0	180610	179760	0.000000	8	2	180610	0	0	0	nan	0	0	0	0	0	0	nan	0	0	0	0.000000	0.000000	0.000000	0.000000	0.000000	0.000000
53	U	0	180602	62	0.000000	4	2	180602	0	0	0	nan	0	0	0	0	0	0	nan	0	0	0	0.000000	0.000000	nan	nan	nan	nan
54	C	0	180517	0	nan	2	2	180517	0	0	0	nan	0	0	0	0	0	0	nan	0	0	0	nan	nan	nan	nan	nan	nan
55	C	0	180517	0	nan	2	2	180517	0	0	0	nan	0	0	0	0	0	0	nan	0	0	0	nan	nan	nan	nan	nan	nan
56	a	0	180517	0	nan	2	2	180517	0	0	0	nan	0	0	0	0	0	0	nan	0	0	0	nan	nan	nan	nan	nan	nan
57	c	0	180517	0	nan	2	2	180517	0	0	0	nan	0	0	0	0	0	0	nan	0	0	0	nan	nan	nan	nan	nan	nan
58	u	0	180517	0	nan	2	2	180517	0	0	0	nan	0	0	0	0	0	0	nan	0	0	0	nan	nan	nan	nan	nan	nan
59	a	0	180517	0	nan	2	2	180517	0	0	0	nan	0	0	0	0	0	0	nan	0	0	0	nan	nan	nan	nan	nan	nan
60	a	0	180517	0	nan	2	2	180517	0	0	0	nan	0	0	0	0	0	0	nan	0	0	0	nan	nan	nan	nan	nan	nan
61	c	0	180517	0	nan	0	2	180517	0	0	0	nan	0	0	0	0	0	0	nan	0	0	0	nan	nan	nan	nan	nan	nan
62	c	0	180517	0	nan	0	2	180517	0	0	0	nan	0	0	0	0	0	0	nan	0	0	0	nan	nan	nan	nan	nan	nan
63	u	0	180517	0	nan	0	2	180517	0	0	0	nan	0	0	0	0	0	0	nan	0	0	0	nan	nan	nan	nan	nan	nan
64	c	0	180517	0	nan	0	2	180517	0	0	0	nan	0	0	0	0	0	0	nan	0	0	0	nan	nan	nan	nan	nan	nan
65	a	0	180517	0	nan	0	2	180517	0	0	0	nan	0	0	0	0	0	0	nan	0	0	0	nan	nan	nan	nan	nan	nan
66	c	0	180517	0	nan	0	2	180517	0	0	0	nan	0	0	0	0	0	0	nan	0	0	0	nan	nan	nan	nan	nan	nan
67	u	0	180516	0	nan	0	2	180516	0	0	0	nan	0	0	0	0	0	0	nan	0	0	0	nan	nan	nan	nan	nan	nan
68	c	0	180515	0	nan	0	2	180515	0	0	0	nan	0	0	0	0	0	0	nan	0	0	0	nan	nan	nan	nan	nan	nan
69	a	0	180511	0	nan	0	2	180511	0	0	0	nan	0	0	0	0	0	0	nan	0	0	0	nan	nan	nan	nan	nan	nan
70	c	0	180504	0	nan	0	2	180504	0	0	0	nan	0	0	0	0	0	0	nan	0	0	0	nan	nan	nan	nan	nan	nan
71	a	0	180498	0	nan	0	2	180498	0	0	0	nan	0	0	0	0	0	0	nan	0	0	0	nan	nan	nan	nan	nan	nan
72	a	0	180437	0	nan	0	2	180437	0	0	0	nan	0	0	0	0	0	0	nan	0	0	0	nan	nan	nan	nan	nan	nan
73	u	0	180344	0	nan	0	2	180344	0	0	0	nan	0	0	0	0	0	0	nan	0	0	0	nan	nan	nan	nan	nan	nan
74	c	0	180106	0	nan	0	2	180106	0	0	0	nan	0	0	0	0	0	0	nan	0	0	0	nan	nan	nan	nan	nan	nan