Nucleotide	Sequence	Modified_mutations	Modified_read_depth	Modified_effective_depth	Modified_rate	Modified_off_target_mapped_depth	Modified_low_mapq_mapped_depth	Modified_primer_pair_1_mapped_depth	Untreated_mutations	Untreated_read_depth	Untreated_effective_depth	Untreated_rate	Untreated_off_target_mapped_depth	Untreated_low_mapq_mapped_depth	Untreated_primer_pair_1_mapped_depth	Denatured_mutations	Denatured_read_depth	Denatured_effective_depth	Denatured_rate	Denatured_off_target_mapped_depth	Denatured_low_mapq_mapped_depth	Denatured_primer_pair_1_mapped_depth	Reactivity_profile	Std_err	HQ_profile	HQ_stderr	Norm_profile	Norm_stderr
1	g	0	43422	0	nan	0	1	43422	0	0	0	nan	0	0	0	0	0	0	nan	0	0	0	nan	nan	nan	nan	nan	nan
2	g	0	43448	0	nan	0	1	43448	0	0	0	nan	0	0	0	0	0	0	nan	0	0	0	nan	nan	nan	nan	nan	nan
3	u	0	43469	0	nan	0	1	43469	0	0	0	nan	0	0	0	0	0	0	nan	0	0	0	nan	nan	nan	nan	nan	nan
4	g	0	43481	0	nan	0	1	43481	0	0	0	nan	0	0	0	0	0	0	nan	0	0	0	nan	nan	nan	nan	nan	nan
5	u	0	43496	0	nan	0	1	43496	0	0	0	nan	0	0	0	0	0	0	nan	0	0	0	nan	nan	nan	nan	nan	nan
6	a	0	43517	0	nan	0	1	43517	0	0	0	nan	0	0	0	0	0	0	nan	0	0	0	nan	nan	nan	nan	nan	nan
7	a	0	43566	0	nan	0	1	43566	0	0	0	nan	0	0	0	0	0	0	nan	0	0	0	nan	nan	nan	nan	nan	nan
8	g	0	43674	0	nan	0	1	43674	0	0	0	nan	0	0	0	0	0	0	nan	0	0	0	nan	nan	nan	nan	nan	nan
9	g	0	45281	0	nan	0	1	45281	0	0	0	nan	0	0	0	0	0	0	nan	0	0	0	nan	nan	nan	nan	nan	nan
10	g	0	184273	0	nan	0	1	184273	0	0	0	nan	0	0	0	0	0	0	nan	0	0	0	nan	nan	nan	nan	nan	nan
11	u	0	192224	0	nan	0	1	192224	0	0	0	nan	0	0	0	0	0	0	nan	0	0	0	nan	nan	nan	nan	nan	nan
12	g	0	192570	0	nan	0	1	192570	0	0	0	nan	0	0	0	0	0	0	nan	0	0	0	nan	nan	nan	nan	nan	nan
13	a	0	192628	0	nan	0	1	192628	0	0	0	nan	0	0	0	0	0	0	nan	0	0	0	nan	nan	nan	nan	nan	nan
14	a	0	192648	0	nan	0	1	192648	0	0	0	nan	0	0	0	0	0	0	nan	0	0	0	nan	nan	nan	nan	nan	nan
15	g	0	192677	0	nan	7	1	192677	0	0	0	nan	0	0	0	0	0	0	nan	0	0	0	nan	nan	nan	nan	nan	nan
16	u	0	192693	0	nan	7	1	192693	0	0	0	nan	0	0	0	0	0	0	nan	0	0	0	nan	nan	nan	nan	nan	nan
17	g	0	192712	0	nan	7	1	192712	0	0	0	nan	0	0	0	0	0	0	nan	0	0	0	nan	nan	nan	nan	nan	nan
18	u	0	192720	0	nan	7	1	192720	0	0	0	nan	0	0	0	0	0	0	nan	0	0	0	nan	nan	nan	nan	nan	nan
19	a	0	192786	0	nan	7	1	192786	0	0	0	nan	0	0	0	0	0	0	nan	0	0	0	nan	nan	nan	nan	nan	nan
20	A	0	192819	17	0.000000	7	1	192819	0	0	0	nan	0	0	0	0	0	0	nan	0	0	0	0.000000	0.000000	nan	nan	nan	nan
21	G	0	192889	47	0.000000	7	1	192889	0	0	0	nan	0	0	0	0	0	0	nan	0	0	0	0.000000	0.000000	nan	nan	nan	nan
22	G	0	192904	48	0.000000	7	1	192904	0	0	0	nan	0	0	0	0	0	0	nan	0	0	0	0.000000	0.000000	nan	nan	nan	nan
23	U	0	192919	190412	0.000000	7	1	192919	0	0	0	nan	0	0	0	0	0	0	nan	0	0	0	0.000000	0.000000	0.000000	0.000000	nan	nan
24	U	194	192927	190494	0.001018	7	1	192927	0	0	0	nan	0	0	0	0	0	0	nan	0	0	0	0.001018	0.000073	0.001018	0.000073	nan	nan
25	G	229	192930	189766	0.001207	7	1	192930	0	0	0	nan	0	0	0	0	0	0	nan	0	0	0	0.001207	0.000080	0.001207	0.000080	nan	nan
26	A	859	192928	186172	0.004614	7	1	192902	0	0	0	nan	0	0	0	0	0	0	nan	0	0	0	0.004614	0.000157	0.004614	0.000157	0.396494	0.013491
27	C	6179	192938	185441	0.033321	7	1	192903	0	0	0	nan	0	0	0	0	0	0	nan	0	0	0	0.033321	0.000424	0.033321	0.000424	1.893239	0.024091
28	C	349	192951	185690	0.001879	7	1	192921	0	0	0	nan	0	0	0	0	0	0	nan	0	0	0	0.001879	0.000101	0.001879	0.000101	0.106761	0.005739
29	U	120	192985	188372	0.000637	7	1	192955	0	0	0	nan	0	0	0	0	0	0	nan	0	0	0	0.000637	0.000058	0.000637	0.000058	nan	nan
30	U	165	193011	189009	0.000873	7	1	192985	0	0	0	nan	0	0	0	0	0	0	nan	0	0	0	0.000873	0.000068	0.000873	0.000068	nan	nan
31	U	200	193029	189755	0.001054	7	1	193005	0	0	0	nan	0	0	0	0	0	0	nan	0	0	0	0.001054	0.000075	0.001054	0.000075	nan	nan
32	U	164	193104	190688	0.000860	7	1	193080	0	0	0	nan	0	0	0	0	0	0	nan	0	0	0	0.000860	0.000067	0.000860	0.000067	nan	nan
33	G	107	193125	189320	0.000565	7	1	193101	0	0	0	nan	0	0	0	0	0	0	nan	0	0	0	0.000565	0.000055	0.000565	0.000055	nan	nan
34	A	1281	193147	189757	0.006751	7	1	193123	0	0	0	nan	0	0	0	0	0	0	nan	0	0	0	0.006751	0.000189	0.006751	0.000189	0.580132	0.016241
35	A	1096	193162	188881	0.005803	7	1	193138	0	0	0	nan	0	0	0	0	0	0	nan	0	0	0	0.005803	0.000175	0.005803	0.000175	0.498668	0.015038
36	U	139	193172	186609	0.000745	7	1	193147	0	0	0	nan	0	0	0	0	0	0	nan	0	0	0	0.000745	0.000063	0.000745	0.000063	nan	nan
37	A	16972	193185	186503	0.091001	7	1	193161	0	0	0	nan	0	0	0	0	0	0	nan	0	0	0	0.091001	0.000699	0.091001	0.000699	7.819971	0.060067
38	G	286	193208	185269	0.001544	7	1	193189	0	0	0	nan	0	0	0	0	0	0	nan	0	0	0	0.001544	0.000091	0.001544	0.000091	nan	nan
39	U	301	193217	190174	0.001583	7	1	193199	0	0	0	nan	0	0	0	0	0	0	nan	0	0	0	0.001583	0.000091	0.001583	0.000091	nan	nan
40	G	418	193242	188787	0.002214	7	1	193225	0	0	0	nan	0	0	0	0	0	0	nan	0	0	0	0.002214	0.000108	0.002214	0.000108	nan	nan
41	A	3239	193262	190076	0.017041	7	2	193246	0	0	0	nan	0	0	0	0	0	0	nan	0	0	0	0.017041	0.000299	0.017041	0.000299	1.464381	0.025694
42	U	268	193295	189901	0.001411	7	2	193280	0	0	0	nan	0	0	0	0	0	0	nan	0	0	0	0.001411	0.000086	0.001411	0.000086	nan	nan
43	U	188	193312	189974	0.000990	7	2	193299	0	0	0	nan	0	0	0	0	0	0	nan	0	0	0	0.000990	0.000072	0.000990	0.000072	nan	nan
44	C	295	193321	190101	0.001552	7	2	193308	0	0	0	nan	0	0	0	0	0	0	nan	0	0	0	0.001552	0.000090	0.001552	0.000090	0.088182	0.005114
45	A	1032	193341	190404	0.005420	7	2	193329	0	0	0	nan	0	0	0	0	0	0	nan	0	0	0	0.005420	0.000169	0.005420	0.000169	0.465756	0.014523
46	G	156	193368	191170	0.000816	7	2	193361	0	0	0	nan	0	0	0	0	0	0	nan	0	0	0	0.000816	0.000065	0.000816	0.000065	nan	nan
47	G	104	193378	190808	0.000545	7	2	193370	0	0	0	nan	0	0	0	0	0	0	nan	0	0	0	0.000545	0.000053	0.000545	0.000053	nan	nan
48	A	525	193379	191138	0.002747	7	2	193371	0	0	0	nan	0	0	0	0	0	0	nan	0	0	0	0.002747	0.000120	0.002747	0.000120	0.236057	0.010312
49	G	202	193433	190105	0.001063	7	2	193431	0	0	0	nan	0	0	0	0	0	0	nan	0	0	0	0.001063	0.000075	0.001063	0.000075	nan	nan
50	G	205	193440	189669	0.001081	7	2	193438	0	0	0	nan	0	0	0	0	0	0	nan	0	0	0	0.001081	0.000075	0.001081	0.000075	nan	nan
51	U	148	193447	190552	0.000777	7	2	193446	0	0	0	nan	0	0	0	0	0	0	nan	0	0	0	0.000777	0.000064	0.000777	0.000064	nan	nan
52	U	193	193453	190051	0.001016	7	2	193452	0	0	0	nan	0	0	0	0	0	0	nan	0	0	0	0.001016	0.000073	0.001016	0.000073	nan	nan
53	A	2029	193453	190614	0.010645	7	2	193452	0	0	0	nan	0	0	0	0	0	0	nan	0	0	0	0.010645	0.000236	0.010645	0.000236	0.914755	0.020280
54	A	2218	193448	190598	0.011637	7	2	193448	0	0	0	nan	0	0	0	0	0	0	nan	0	0	0	0.011637	0.000247	0.011637	0.000247	1.000000	0.021225
55	U	275	193451	191083	0.001439	7	2	193451	0	0	0	nan	0	0	0	0	0	0	nan	0	0	0	0.001439	0.000087	0.001439	0.000087	nan	nan
56	G	262	193452	190599	0.001375	7	2	193452	0	0	0	nan	0	0	0	0	0	0	nan	0	0	0	0.001375	0.000085	0.001375	0.000085	nan	nan
57	G	0	193452	189370	0.000000	7	2	193452	0	0	0	nan	0	0	0	0	0	0	nan	0	0	0	0.000000	0.000000	0.000000	0.000000	nan	nan
58	A	0	193452	0	nan	7	2	193452	0	0	0	nan	0	0	0	0	0	0	nan	0	0	0	nan	nan	nan	nan	nan	nan
59	A	0	193452	0	nan	7	2	193452	0	0	0	nan	0	0	0	0	0	0	nan	0	0	0	nan	nan	nan	nan	nan	nan
60	G	0	193452	0	nan	7	2	193452	0	0	0	nan	0	0	0	0	0	0	nan	0	0	0	nan	nan	nan	nan	nan	nan
61	u	0	193452	0	nan	7	2	193452	0	0	0	nan	0	0	0	0	0	0	nan	0	0	0	nan	nan	nan	nan	nan	nan
62	a	0	193452	0	nan	7	2	193452	0	0	0	nan	0	0	0	0	0	0	nan	0	0	0	nan	nan	nan	nan	nan	nan
63	a	0	193452	0	nan	7	2	193452	0	0	0	nan	0	0	0	0	0	0	nan	0	0	0	nan	nan	nan	nan	nan	nan
64	a	0	193452	0	nan	7	2	193452	0	0	0	nan	0	0	0	0	0	0	nan	0	0	0	nan	nan	nan	nan	nan	nan
65	g	0	193452	0	nan	7	2	193452	0	0	0	nan	0	0	0	0	0	0	nan	0	0	0	nan	nan	nan	nan	nan	nan
66	g	0	193452	0	nan	7	2	193452	0	0	0	nan	0	0	0	0	0	0	nan	0	0	0	nan	nan	nan	nan	nan	nan
67	u	0	193452	0	nan	7	2	193452	0	0	0	nan	0	0	0	0	0	0	nan	0	0	0	nan	nan	nan	nan	nan	nan
68	a	0	193452	0	nan	7	2	193452	0	0	0	nan	0	0	0	0	0	0	nan	0	0	0	nan	nan	nan	nan	nan	nan
69	a	0	193452	0	nan	7	2	193452	0	0	0	nan	0	0	0	0	0	0	nan	0	0	0	nan	nan	nan	nan	nan	nan
70	u	0	193452	0	nan	7	2	193452	0	0	0	nan	0	0	0	0	0	0	nan	0	0	0	nan	nan	nan	nan	nan	nan
71	g	0	193452	0	nan	7	2	193452	0	0	0	nan	0	0	0	0	0	0	nan	0	0	0	nan	nan	nan	nan	nan	nan
72	a	0	193452	0	nan	7	2	193452	0	0	0	nan	0	0	0	0	0	0	nan	0	0	0	nan	nan	nan	nan	nan	nan
73	a	0	193451	0	nan	7	2	193451	0	0	0	nan	0	0	0	0	0	0	nan	0	0	0	nan	nan	nan	nan	nan	nan
74	g	0	193450	0	nan	7	2	193450	0	0	0	nan	0	0	0	0	0	0	nan	0	0	0	nan	nan	nan	nan	nan	nan
75	g	0	193450	0	nan	7	2	193450	0	0	0	nan	0	0	0	0	0	0	nan	0	0	0	nan	nan	nan	nan	nan	nan
76	u	0	193447	0	nan	7	2	193447	0	0	0	nan	0	0	0	0	0	0	nan	0	0	0	nan	nan	nan	nan	nan	nan
77	g	0	193441	0	nan	7	2	193441	0	0	0	nan	0	0	0	0	0	0	nan	0	0	0	nan	nan	nan	nan	nan	nan
78	a	0	193434	0	nan	7	2	193434	0	0	0	nan	0	0	0	0	0	0	nan	0	0	0	nan	nan	nan	nan	nan	nan
79	a	0	193396	0	nan	7	2	193396	0	0	0	nan	0	0	0	0	0	0	nan	0	0	0	nan	nan	nan	nan	nan	nan
80	g	0	193308	0	nan	7	2	193308	0	0	0	nan	0	0	0	0	0	0	nan	0	0	0	nan	nan	nan	nan	nan	nan