Nucleotide	Sequence	Modified_mutations	Modified_read_depth	Modified_effective_depth	Modified_rate	Modified_off_target_mapped_depth	Modified_low_mapq_mapped_depth	Modified_primer_pair_1_mapped_depth	Untreated_mutations	Untreated_read_depth	Untreated_effective_depth	Untreated_rate	Untreated_off_target_mapped_depth	Untreated_low_mapq_mapped_depth	Untreated_primer_pair_1_mapped_depth	Denatured_mutations	Denatured_read_depth	Denatured_effective_depth	Denatured_rate	Denatured_off_target_mapped_depth	Denatured_low_mapq_mapped_depth	Denatured_primer_pair_1_mapped_depth	Reactivity_profile	Std_err	HQ_profile	HQ_stderr	Norm_profile	Norm_stderr
1	g	0	224408	0	nan	25	0	224408	0	0	0	nan	0	0	0	0	0	0	nan	0	0	0	nan	nan	nan	nan	nan	nan
2	g	0	224848	0	nan	25	0	224848	0	0	0	nan	0	0	0	0	0	0	nan	0	0	0	nan	nan	nan	nan	nan	nan
3	c	0	225013	0	nan	25	0	225013	0	0	0	nan	0	0	0	0	0	0	nan	0	0	0	nan	nan	nan	nan	nan	nan
4	a	0	229750	0	nan	55	0	229750	0	0	0	nan	0	0	0	0	0	0	nan	0	0	0	nan	nan	nan	nan	nan	nan
5	c	0	229848	0	nan	55	0	229848	0	0	0	nan	0	0	0	0	0	0	nan	0	0	0	nan	nan	nan	nan	nan	nan
6	c	0	229885	0	nan	55	0	229885	0	0	0	nan	0	0	0	0	0	0	nan	0	0	0	nan	nan	nan	nan	nan	nan
7	u	0	229890	0	nan	55	0	229890	0	0	0	nan	0	0	0	0	0	0	nan	0	0	0	nan	nan	nan	nan	nan	nan
8	c	0	229892	0	nan	55	0	229892	0	0	0	nan	0	0	0	0	0	0	nan	0	0	0	nan	nan	nan	nan	nan	nan
9	a	0	229892	0	nan	55	0	229892	0	0	0	nan	0	0	0	0	0	0	nan	0	0	0	nan	nan	nan	nan	nan	nan
10	u	0	229972	0	nan	55	0	229972	0	0	0	nan	0	0	0	0	0	0	nan	0	0	0	nan	nan	nan	nan	nan	nan
11	a	0	230038	0	nan	55	0	230038	0	0	0	nan	0	0	0	0	0	0	nan	0	0	0	nan	nan	nan	nan	nan	nan
12	a	0	230050	0	nan	55	0	230050	0	0	0	nan	0	0	0	0	0	0	nan	0	0	0	nan	nan	nan	nan	nan	nan
13	c	0	230055	0	nan	55	0	230055	0	0	0	nan	0	0	0	0	0	0	nan	0	0	0	nan	nan	nan	nan	nan	nan
14	a	0	230059	0	nan	55	0	230059	0	0	0	nan	0	0	0	0	0	0	nan	0	0	0	nan	nan	nan	nan	nan	nan
15	u	0	230060	0	nan	55	0	230060	0	0	0	nan	0	0	0	0	0	0	nan	0	0	0	nan	nan	nan	nan	nan	nan
16	a	0	230067	0	nan	55	0	230067	0	0	0	nan	0	0	0	0	0	0	nan	0	0	0	nan	nan	nan	nan	nan	nan
17	a	0	230071	0	nan	55	0	230071	0	0	0	nan	0	0	0	0	0	0	nan	0	0	0	nan	nan	nan	nan	nan	nan
18	c	0	230074	0	nan	55	0	230074	0	0	0	nan	0	0	0	0	0	0	nan	0	0	0	nan	nan	nan	nan	nan	nan
19	U	0	230076	0	nan	55	0	230076	0	0	0	nan	0	0	0	0	0	0	nan	0	0	0	nan	nan	nan	nan	nan	nan
20	A	0	230096	19	0.000000	55	0	230096	0	0	0	nan	0	0	0	0	0	0	nan	0	0	0	0.000000	0.000000	nan	nan	nan	nan
21	A	0	230109	30	0.000000	55	0	230109	0	0	0	nan	0	0	0	0	0	0	nan	0	0	0	0.000000	0.000000	nan	nan	nan	nan
22	G	0	230112	227741	0.000000	55	0	230112	0	0	0	nan	0	0	0	0	0	0	nan	0	0	0	0.000000	0.000000	0.000000	0.000000	nan	nan
23	G	249	230114	226081	0.001101	55	0	230114	0	0	0	nan	0	0	0	0	0	0	nan	0	0	0	0.001101	0.000070	0.001101	0.000070	nan	nan
24	C	6684	230119	226937	0.029453	55	0	230119	0	0	0	nan	0	0	0	0	0	0	nan	0	0	0	0.029453	0.000360	0.029453	0.000360	0.850309	0.010393
25	A	4833	230144	227501	0.021244	55	0	230144	0	0	0	nan	0	0	0	0	0	0	nan	0	0	0	0.021244	0.000306	0.021244	0.000306	0.988645	0.014241
26	G	261	230157	227415	0.001148	55	0	230156	0	0	0	nan	0	0	0	0	0	0	nan	0	0	0	0.001148	0.000071	0.001148	0.000071	nan	nan
27	A	3981	230171	228102	0.017453	55	0	230170	0	0	0	nan	0	0	0	0	0	0	nan	0	0	0	0.017453	0.000277	0.017453	0.000277	0.812221	0.012891
28	U	555	230182	227546	0.002439	55	0	230181	0	0	0	nan	0	0	0	0	0	0	nan	0	0	0	0.002439	0.000104	0.002439	0.000104	1.026947	0.043789
29	C	5944	230186	227985	0.026072	55	0	230183	0	0	0	nan	0	0	0	0	0	0	nan	0	0	0	0.026072	0.000338	0.026072	0.000338	0.752699	0.009758
30	U	527	230188	228010	0.002311	55	0	230183	0	0	0	nan	0	0	0	0	0	0	nan	0	0	0	0.002311	0.000101	0.002311	0.000101	0.973053	0.042526
31	G	269	230193	227827	0.001181	55	0	230185	0	0	0	nan	0	0	0	0	0	0	nan	0	0	0	0.001181	0.000072	0.001181	0.000072	nan	nan
32	A	4902	230197	228123	0.021488	55	0	230191	0	0	0	nan	0	0	0	0	0	0	nan	0	0	0	0.021488	0.000307	0.021488	0.000307	1.000000	0.014287
33	G	248	230201	226537	0.001095	55	0	230194	0	0	0	nan	0	0	0	0	0	0	nan	0	0	0	0.001095	0.000070	0.001095	0.000070	nan	nan
34	C	7112	230205	227153	0.031309	55	0	230193	0	0	0	nan	0	0	0	0	0	0	nan	0	0	0	0.031309	0.000371	0.031309	0.000371	0.903892	0.010711
35	U	641	230206	226902	0.002825	55	0	230193	0	0	0	nan	0	0	0	0	0	0	nan	0	0	0	0.002825	0.000112	0.002825	0.000112	1.189474	0.047158
36	U	465	230208	226948	0.002049	55	0	230182	0	0	0	nan	0	0	0	0	0	0	nan	0	0	0	0.002049	0.000095	0.002049	0.000095	0.862737	0.040000
37	G	293	230208	226280	0.001295	55	0	230151	0	0	0	nan	0	0	0	0	0	0	nan	0	0	0	0.001295	0.000076	0.001295	0.000076	nan	nan
38	G	273	230209	220765	0.001237	55	0	230153	0	0	0	nan	0	0	0	0	0	0	nan	0	0	0	0.001237	0.000075	0.001237	0.000075	nan	nan
39	G	339	230216	220147	0.001540	55	0	230168	0	0	0	nan	0	0	0	0	0	0	nan	0	0	0	0.001540	0.000084	0.001540	0.000084	nan	nan
40	A	5279	230220	221447	0.023839	55	0	230179	0	0	0	nan	0	0	0	0	0	0	nan	0	0	0	0.023839	0.000328	0.023839	0.000328	1.109410	0.015264
41	G	333	230230	225997	0.001473	55	0	230209	0	0	0	nan	0	0	0	0	0	0	nan	0	0	0	0.001473	0.000081	0.001473	0.000081	nan	nan
42	C	7640	230234	227164	0.033632	29	0	230220	0	0	0	nan	0	0	0	0	0	0	nan	0	0	0	0.033632	0.000385	0.033632	0.000385	0.970957	0.011115
43	U	426	230235	227167	0.001875	29	0	230223	0	0	0	nan	0	0	0	0	0	0	nan	0	0	0	0.001875	0.000091	0.001875	0.000091	0.789474	0.038316
44	C	6824	230236	227478	0.029999	29	0	230223	0	0	0	nan	0	0	0	0	0	0	nan	0	0	0	0.029999	0.000363	0.029999	0.000363	0.866072	0.010480
45	U	434	230236	227486	0.001908	29	0	230226	0	0	0	nan	0	0	0	0	0	0	nan	0	0	0	0.001908	0.000092	0.001908	0.000092	0.803368	0.038737
46	C	6893	230235	227526	0.030295	29	0	230223	0	0	0	nan	0	0	0	0	0	0	nan	0	0	0	0.030295	0.000365	0.030295	0.000365	0.874617	0.010538
47	U	453	230239	227476	0.001991	29	0	230228	0	0	0	nan	0	0	0	0	0	0	nan	0	0	0	0.001991	0.000094	0.001991	0.000094	0.838316	0.039579
48	G	279	230241	226420	0.001232	29	0	230232	0	0	0	nan	0	0	0	0	0	0	nan	0	0	0	0.001232	0.000074	0.001232	0.000074	nan	nan
49	C	8556	230242	227214	0.037656	29	0	230233	0	0	0	nan	0	0	0	0	0	0	nan	0	0	0	0.037656	0.000407	0.037656	0.000407	1.087130	0.011750
50	C	8711	230246	227891	0.038224	29	0	230241	0	0	0	nan	0	0	0	0	0	0	nan	0	0	0	0.038224	0.000410	0.038224	0.000410	1.103528	0.011837
51	A	3678	230246	228512	0.016095	29	0	230245	0	0	0	nan	0	0	0	0	0	0	nan	0	0	0	0.016095	0.000265	0.016095	0.000265	0.749023	0.012332
52	A	0	230245	227475	0.000000	29	0	230245	0	0	0	nan	0	0	0	0	0	0	nan	0	0	0	0.000000	0.000000	0.000000	0.000000	0.000000	0.000000
53	U	0	230241	206	0.000000	24	0	230241	0	0	0	nan	0	0	0	0	0	0	nan	0	0	0	0.000000	0.000000	nan	nan	nan	nan
54	C	0	229993	1	0.000000	22	0	229993	0	0	0	nan	0	0	0	0	0	0	nan	0	0	0	0.000000	0.000000	nan	nan	nan	nan
55	C	0	229992	0	nan	22	0	229992	0	0	0	nan	0	0	0	0	0	0	nan	0	0	0	nan	nan	nan	nan	nan	nan
56	a	0	229992	0	nan	22	0	229992	0	0	0	nan	0	0	0	0	0	0	nan	0	0	0	nan	nan	nan	nan	nan	nan
57	c	0	229992	0	nan	22	0	229992	0	0	0	nan	0	0	0	0	0	0	nan	0	0	0	nan	nan	nan	nan	nan	nan
58	u	0	229992	0	nan	22	0	229992	0	0	0	nan	0	0	0	0	0	0	nan	0	0	0	nan	nan	nan	nan	nan	nan
59	a	0	229992	0	nan	22	0	229992	0	0	0	nan	0	0	0	0	0	0	nan	0	0	0	nan	nan	nan	nan	nan	nan
60	a	0	229992	0	nan	22	0	229992	0	0	0	nan	0	0	0	0	0	0	nan	0	0	0	nan	nan	nan	nan	nan	nan
61	c	0	229992	0	nan	13	0	229992	0	0	0	nan	0	0	0	0	0	0	nan	0	0	0	nan	nan	nan	nan	nan	nan
62	c	0	229992	0	nan	12	0	229992	0	0	0	nan	0	0	0	0	0	0	nan	0	0	0	nan	nan	nan	nan	nan	nan
63	u	0	229992	0	nan	0	0	229992	0	0	0	nan	0	0	0	0	0	0	nan	0	0	0	nan	nan	nan	nan	nan	nan
64	c	0	229992	0	nan	0	0	229992	0	0	0	nan	0	0	0	0	0	0	nan	0	0	0	nan	nan	nan	nan	nan	nan
65	a	0	229992	0	nan	0	0	229992	0	0	0	nan	0	0	0	0	0	0	nan	0	0	0	nan	nan	nan	nan	nan	nan
66	c	0	229987	0	nan	0	0	229987	0	0	0	nan	0	0	0	0	0	0	nan	0	0	0	nan	nan	nan	nan	nan	nan
67	u	0	229987	0	nan	0	0	229987	0	0	0	nan	0	0	0	0	0	0	nan	0	0	0	nan	nan	nan	nan	nan	nan
68	c	0	229987	0	nan	0	0	229987	0	0	0	nan	0	0	0	0	0	0	nan	0	0	0	nan	nan	nan	nan	nan	nan
69	a	0	229987	0	nan	0	0	229987	0	0	0	nan	0	0	0	0	0	0	nan	0	0	0	nan	nan	nan	nan	nan	nan
70	c	0	229975	0	nan	0	0	229975	0	0	0	nan	0	0	0	0	0	0	nan	0	0	0	nan	nan	nan	nan	nan	nan
71	a	0	229974	0	nan	0	0	229974	0	0	0	nan	0	0	0	0	0	0	nan	0	0	0	nan	nan	nan	nan	nan	nan
72	a	0	229911	0	nan	0	0	229911	0	0	0	nan	0	0	0	0	0	0	nan	0	0	0	nan	nan	nan	nan	nan	nan
73	u	0	229792	0	nan	0	0	229792	0	0	0	nan	0	0	0	0	0	0	nan	0	0	0	nan	nan	nan	nan	nan	nan
74	c	0	229443	0	nan	0	0	229443	0	0	0	nan	0	0	0	0	0	0	nan	0	0	0	nan	nan	nan	nan	nan	nan