Nucleotide	Sequence	Modified_mutations	Modified_read_depth	Modified_effective_depth	Modified_rate	Modified_off_target_mapped_depth	Modified_low_mapq_mapped_depth	Modified_primer_pair_1_mapped_depth	Untreated_mutations	Untreated_read_depth	Untreated_effective_depth	Untreated_rate	Untreated_off_target_mapped_depth	Untreated_low_mapq_mapped_depth	Untreated_primer_pair_1_mapped_depth	Denatured_mutations	Denatured_read_depth	Denatured_effective_depth	Denatured_rate	Denatured_off_target_mapped_depth	Denatured_low_mapq_mapped_depth	Denatured_primer_pair_1_mapped_depth	Reactivity_profile	Std_err	HQ_profile	HQ_stderr	Norm_profile	Norm_stderr
1	g	0	238077	0	nan	13	2	238077	0	0	0	nan	0	0	0	0	0	0	nan	0	0	0	nan	nan	nan	nan	nan	nan
2	g	0	238585	0	nan	14	2	238585	0	0	0	nan	0	0	0	0	0	0	nan	0	0	0	nan	nan	nan	nan	nan	nan
3	c	0	238757	0	nan	15	2	238757	0	0	0	nan	0	0	0	0	0	0	nan	0	0	0	nan	nan	nan	nan	nan	nan
4	a	0	243796	0	nan	54	2	243796	0	0	0	nan	0	0	0	0	0	0	nan	0	0	0	nan	nan	nan	nan	nan	nan
5	c	0	243909	0	nan	55	2	243909	0	0	0	nan	0	0	0	0	0	0	nan	0	0	0	nan	nan	nan	nan	nan	nan
6	c	0	243928	0	nan	55	2	243928	0	0	0	nan	0	0	0	0	0	0	nan	0	0	0	nan	nan	nan	nan	nan	nan
7	u	0	243934	0	nan	55	2	243934	0	0	0	nan	0	0	0	0	0	0	nan	0	0	0	nan	nan	nan	nan	nan	nan
8	c	0	243935	0	nan	55	2	243935	0	0	0	nan	0	0	0	0	0	0	nan	0	0	0	nan	nan	nan	nan	nan	nan
9	a	0	243936	0	nan	55	2	243936	0	0	0	nan	0	0	0	0	0	0	nan	0	0	0	nan	nan	nan	nan	nan	nan
10	u	0	243997	0	nan	56	2	243997	0	0	0	nan	0	0	0	0	0	0	nan	0	0	0	nan	nan	nan	nan	nan	nan
11	a	0	244055	0	nan	56	2	244055	0	0	0	nan	0	0	0	0	0	0	nan	0	0	0	nan	nan	nan	nan	nan	nan
12	a	0	244069	0	nan	56	2	244069	0	0	0	nan	0	0	0	0	0	0	nan	0	0	0	nan	nan	nan	nan	nan	nan
13	c	0	244076	0	nan	56	2	244076	0	0	0	nan	0	0	0	0	0	0	nan	0	0	0	nan	nan	nan	nan	nan	nan
14	a	0	244077	0	nan	56	2	244077	0	0	0	nan	0	0	0	0	0	0	nan	0	0	0	nan	nan	nan	nan	nan	nan
15	u	0	244079	0	nan	56	2	244079	0	0	0	nan	0	0	0	0	0	0	nan	0	0	0	nan	nan	nan	nan	nan	nan
16	a	0	244086	0	nan	56	2	244086	0	0	0	nan	0	0	0	0	0	0	nan	0	0	0	nan	nan	nan	nan	nan	nan
17	a	0	244088	0	nan	56	2	244088	0	0	0	nan	0	0	0	0	0	0	nan	0	0	0	nan	nan	nan	nan	nan	nan
18	c	0	244095	0	nan	56	2	244095	0	0	0	nan	0	0	0	0	0	0	nan	0	0	0	nan	nan	nan	nan	nan	nan
19	U	0	244095	0	nan	56	2	244095	0	0	0	nan	0	0	0	0	0	0	nan	0	0	0	nan	nan	nan	nan	nan	nan
20	A	0	244117	19	0.000000	56	2	244117	0	0	0	nan	0	0	0	0	0	0	nan	0	0	0	0.000000	0.000000	nan	nan	nan	nan
21	A	0	244123	20	0.000000	56	2	244123	0	0	0	nan	0	0	0	0	0	0	nan	0	0	0	0.000000	0.000000	nan	nan	nan	nan
22	G	0	244131	241894	0.000000	56	2	244131	0	0	0	nan	0	0	0	0	0	0	nan	0	0	0	0.000000	0.000000	0.000000	0.000000	nan	nan
23	G	222	244135	241012	0.000921	56	2	244135	0	0	0	nan	0	0	0	0	0	0	nan	0	0	0	0.000921	0.000062	0.000921	0.000062	nan	nan
24	C	3638	244140	241650	0.015055	56	2	244140	0	0	0	nan	0	0	0	0	0	0	nan	0	0	0	0.015055	0.000250	0.015055	0.000250	0.869992	0.014447
25	A	2860	244164	242299	0.011804	56	2	244164	0	0	0	nan	0	0	0	0	0	0	nan	0	0	0	0.011804	0.000221	0.011804	0.000221	1.000000	0.018722
26	G	180	244176	242418	0.000743	56	2	244176	0	0	0	nan	0	0	0	0	0	0	nan	0	0	0	0.000743	0.000055	0.000743	0.000055	nan	nan
27	A	2387	244193	242743	0.009833	56	2	244192	0	0	0	nan	0	0	0	0	0	0	nan	0	0	0	0.009833	0.000201	0.009833	0.000201	0.833023	0.017028
28	U	429	244206	242336	0.001770	56	2	244204	0	0	0	nan	0	0	0	0	0	0	nan	0	0	0	0.001770	0.000085	0.001770	0.000085	nan	nan
29	C	3197	244207	242750	0.013170	56	2	244202	0	0	0	nan	0	0	0	0	0	0	nan	0	0	0	0.013170	0.000233	0.013170	0.000233	0.761063	0.013465
30	U	429	244210	242609	0.001768	56	2	244206	0	0	0	nan	0	0	0	0	0	0	nan	0	0	0	0.001768	0.000085	0.001768	0.000085	nan	nan
31	G	170	244214	242390	0.000701	56	2	244208	0	0	0	nan	0	0	0	0	0	0	nan	0	0	0	0.000701	0.000054	0.000701	0.000054	nan	nan
32	A	2657	244218	242607	0.010952	56	2	244211	0	0	0	nan	0	0	0	0	0	0	nan	0	0	0	0.010952	0.000212	0.010952	0.000212	0.927821	0.017960
33	G	166	244229	241776	0.000687	56	2	244222	0	0	0	nan	0	0	0	0	0	0	nan	0	0	0	0.000687	0.000053	0.000687	0.000053	nan	nan
34	C	3497	244231	241710	0.014468	56	2	244222	0	0	0	nan	0	0	0	0	0	0	nan	0	0	0	0.014468	0.000245	0.014468	0.000245	0.836071	0.014158
35	U	555	244233	241292	0.002300	56	2	244216	0	0	0	nan	0	0	0	0	0	0	nan	0	0	0	0.002300	0.000098	0.002300	0.000098	nan	nan
36	U	377	244238	241163	0.001563	56	2	244204	0	0	0	nan	0	0	0	0	0	0	nan	0	0	0	0.001563	0.000081	0.001563	0.000081	nan	nan
37	G	209	244251	241065	0.000867	56	2	244186	0	0	0	nan	0	0	0	0	0	0	nan	0	0	0	0.000867	0.000060	0.000867	0.000060	nan	nan
38	G	213	244253	235044	0.000906	56	2	244189	0	0	0	nan	0	0	0	0	0	0	nan	0	0	0	0.000906	0.000062	0.000906	0.000062	nan	nan
39	G	241	244258	234407	0.001028	56	2	244206	0	0	0	nan	0	0	0	0	0	0	nan	0	0	0	0.001028	0.000066	0.001028	0.000066	nan	nan
40	A	3257	244263	235836	0.013810	56	2	244227	0	0	0	nan	0	0	0	0	0	0	nan	0	0	0	0.013810	0.000242	0.013810	0.000242	1.169942	0.020502
41	G	252	244269	241519	0.001043	56	2	244255	0	0	0	nan	0	0	0	0	0	0	nan	0	0	0	0.001043	0.000066	0.001043	0.000066	nan	nan
42	C	3728	244274	242478	0.015375	23	2	244270	0	0	0	nan	0	0	0	0	0	0	nan	0	0	0	0.015375	0.000252	0.015375	0.000252	0.888484	0.014562
43	U	330	244275	242510	0.001361	23	2	244270	0	0	0	nan	0	0	0	0	0	0	nan	0	0	0	0.001361	0.000075	0.001361	0.000075	nan	nan
44	C	3455	244276	242754	0.014233	23	2	244271	0	0	0	nan	0	0	0	0	0	0	nan	0	0	0	0.014233	0.000242	0.014233	0.000242	0.822491	0.013985
45	U	358	244277	242884	0.001474	23	2	244272	0	0	0	nan	0	0	0	0	0	0	nan	0	0	0	0.001474	0.000078	0.001474	0.000078	nan	nan
46	C	4059	244278	243023	0.016702	23	2	244273	0	0	0	nan	0	0	0	0	0	0	nan	0	0	0	0.016702	0.000262	0.016702	0.000262	0.965169	0.015140
47	U	378	244279	242950	0.001556	23	2	244276	0	0	0	nan	0	0	0	0	0	0	nan	0	0	0	0.001556	0.000080	0.001556	0.000080	nan	nan
48	G	286	244281	242158	0.001181	23	2	244279	0	0	0	nan	0	0	0	0	0	0	nan	0	0	0	0.001181	0.000070	0.001181	0.000070	nan	nan
49	C	4664	244282	242259	0.019252	23	2	244280	0	0	0	nan	0	0	0	0	0	0	nan	0	0	0	0.019252	0.000282	0.019252	0.000282	1.112527	0.016296
50	C	4634	244283	242448	0.019113	23	2	244282	0	0	0	nan	0	0	0	0	0	0	nan	0	0	0	0.019113	0.000281	0.019113	0.000281	1.104494	0.016238
51	A	2335	244284	242739	0.009619	23	2	244283	0	0	0	nan	0	0	0	0	0	0	nan	0	0	0	0.009619	0.000199	0.009619	0.000199	0.814893	0.016859
52	A	0	244284	242173	0.000000	23	2	244284	0	0	0	nan	0	0	0	0	0	0	nan	0	0	0	0.000000	0.000000	0.000000	0.000000	0.000000	0.000000
53	U	0	244281	242	0.000000	14	2	244281	0	0	0	nan	0	0	0	0	0	0	nan	0	0	0	0.000000	0.000000	nan	nan	nan	nan
54	C	0	244006	1	0.000000	13	2	244006	0	0	0	nan	0	0	0	0	0	0	nan	0	0	0	0.000000	0.000000	nan	nan	nan	nan
55	C	0	244006	1	0.000000	13	2	244006	0	0	0	nan	0	0	0	0	0	0	nan	0	0	0	0.000000	0.000000	nan	nan	nan	nan
56	a	0	244005	0	nan	13	2	244005	0	0	0	nan	0	0	0	0	0	0	nan	0	0	0	nan	nan	nan	nan	nan	nan
57	c	0	244005	0	nan	13	2	244005	0	0	0	nan	0	0	0	0	0	0	nan	0	0	0	nan	nan	nan	nan	nan	nan
58	u	0	244005	0	nan	13	2	244005	0	0	0	nan	0	0	0	0	0	0	nan	0	0	0	nan	nan	nan	nan	nan	nan
59	a	0	244005	0	nan	13	2	244005	0	0	0	nan	0	0	0	0	0	0	nan	0	0	0	nan	nan	nan	nan	nan	nan
60	a	0	244005	0	nan	13	2	244005	0	0	0	nan	0	0	0	0	0	0	nan	0	0	0	nan	nan	nan	nan	nan	nan
61	c	0	244005	0	nan	7	2	244005	0	0	0	nan	0	0	0	0	0	0	nan	0	0	0	nan	nan	nan	nan	nan	nan
62	c	0	244005	0	nan	6	2	244005	0	0	0	nan	0	0	0	0	0	0	nan	0	0	0	nan	nan	nan	nan	nan	nan
63	u	0	244005	0	nan	0	2	244005	0	0	0	nan	0	0	0	0	0	0	nan	0	0	0	nan	nan	nan	nan	nan	nan
64	c	0	244005	0	nan	0	2	244005	0	0	0	nan	0	0	0	0	0	0	nan	0	0	0	nan	nan	nan	nan	nan	nan
65	a	0	244005	0	nan	0	2	244005	0	0	0	nan	0	0	0	0	0	0	nan	0	0	0	nan	nan	nan	nan	nan	nan
66	c	0	244002	0	nan	0	2	244002	0	0	0	nan	0	0	0	0	0	0	nan	0	0	0	nan	nan	nan	nan	nan	nan
67	u	0	244001	0	nan	0	2	244001	0	0	0	nan	0	0	0	0	0	0	nan	0	0	0	nan	nan	nan	nan	nan	nan
68	c	0	244001	0	nan	0	2	244001	0	0	0	nan	0	0	0	0	0	0	nan	0	0	0	nan	nan	nan	nan	nan	nan
69	a	0	244001	0	nan	0	2	244001	0	0	0	nan	0	0	0	0	0	0	nan	0	0	0	nan	nan	nan	nan	nan	nan
70	c	0	243994	0	nan	0	2	243994	0	0	0	nan	0	0	0	0	0	0	nan	0	0	0	nan	nan	nan	nan	nan	nan
71	a	0	243993	0	nan	0	2	243993	0	0	0	nan	0	0	0	0	0	0	nan	0	0	0	nan	nan	nan	nan	nan	nan
72	a	0	243912	0	nan	0	2	243912	0	0	0	nan	0	0	0	0	0	0	nan	0	0	0	nan	nan	nan	nan	nan	nan
73	u	0	243782	0	nan	0	2	243782	0	0	0	nan	0	0	0	0	0	0	nan	0	0	0	nan	nan	nan	nan	nan	nan
74	c	0	243434	0	nan	0	2	243434	0	0	0	nan	0	0	0	0	0	0	nan	0	0	0	nan	nan	nan	nan	nan	nan