Nucleotide	Sequence	Modified_mutations	Modified_read_depth	Modified_effective_depth	Modified_rate	Modified_off_target_mapped_depth	Modified_low_mapq_mapped_depth	Modified_primer_pair_1_mapped_depth	Untreated_mutations	Untreated_read_depth	Untreated_effective_depth	Untreated_rate	Untreated_off_target_mapped_depth	Untreated_low_mapq_mapped_depth	Untreated_primer_pair_1_mapped_depth	Denatured_mutations	Denatured_read_depth	Denatured_effective_depth	Denatured_rate	Denatured_off_target_mapped_depth	Denatured_low_mapq_mapped_depth	Denatured_primer_pair_1_mapped_depth	Reactivity_profile	Std_err	HQ_profile	HQ_stderr	Norm_profile	Norm_stderr
1	g	0	733920	0	nan	5	14	733920	0	0	0	nan	0	0	0	0	0	0	nan	0	0	0	nan	nan	nan	nan	nan	nan
2	g	0	734437	0	nan	5	14	734437	0	0	0	nan	0	0	0	0	0	0	nan	0	0	0	nan	nan	nan	nan	nan	nan
3	u	0	734649	0	nan	5	14	734649	0	0	0	nan	0	0	0	0	0	0	nan	0	0	0	nan	nan	nan	nan	nan	nan
4	g	0	734775	0	nan	5	14	734775	0	0	0	nan	0	0	0	0	0	0	nan	0	0	0	nan	nan	nan	nan	nan	nan
5	u	0	734861	0	nan	5	14	734861	0	0	0	nan	0	0	0	0	0	0	nan	0	0	0	nan	nan	nan	nan	nan	nan
6	a	0	734868	0	nan	5	14	734868	0	0	0	nan	0	0	0	0	0	0	nan	0	0	0	nan	nan	nan	nan	nan	nan
7	a	0	734873	0	nan	5	14	734873	0	0	0	nan	0	0	0	0	0	0	nan	0	0	0	nan	nan	nan	nan	nan	nan
8	g	0	734891	0	nan	5	14	734891	0	0	0	nan	0	0	0	0	0	0	nan	0	0	0	nan	nan	nan	nan	nan	nan
9	g	0	734991	0	nan	5	14	734991	0	0	0	nan	0	0	0	0	0	0	nan	0	0	0	nan	nan	nan	nan	nan	nan
10	g	0	745486	0	nan	5	14	745486	0	0	0	nan	0	0	0	0	0	0	nan	0	0	0	nan	nan	nan	nan	nan	nan
11	u	0	745717	0	nan	5	14	745717	0	0	0	nan	0	0	0	0	0	0	nan	0	0	0	nan	nan	nan	nan	nan	nan
12	g	0	745782	0	nan	5	14	745782	0	0	0	nan	0	0	0	0	0	0	nan	0	0	0	nan	nan	nan	nan	nan	nan
13	a	0	745791	0	nan	5	14	745791	0	0	0	nan	0	0	0	0	0	0	nan	0	0	0	nan	nan	nan	nan	nan	nan
14	a	0	745794	0	nan	5	14	745794	0	0	0	nan	0	0	0	0	0	0	nan	0	0	0	nan	nan	nan	nan	nan	nan
15	g	0	745802	0	nan	201	14	745802	0	0	0	nan	0	0	0	0	0	0	nan	0	0	0	nan	nan	nan	nan	nan	nan
16	u	0	745807	0	nan	210	14	745807	0	0	0	nan	0	0	0	0	0	0	nan	0	0	0	nan	nan	nan	nan	nan	nan
17	g	0	745811	0	nan	210	14	745811	0	0	0	nan	0	0	0	0	0	0	nan	0	0	0	nan	nan	nan	nan	nan	nan
18	u	0	745813	0	nan	212	14	745813	0	0	0	nan	0	0	0	0	0	0	nan	0	0	0	nan	nan	nan	nan	nan	nan
19	a	0	745827	0	nan	212	14	745827	0	0	0	nan	0	0	0	0	0	0	nan	0	0	0	nan	nan	nan	nan	nan	nan
20	A	0	745848	6	0.000000	220	14	745848	0	0	0	nan	0	0	0	0	0	0	nan	0	0	0	0.000000	0.000000	nan	nan	nan	nan
21	G	0	745870	20	0.000000	237	14	745870	0	0	0	nan	0	0	0	0	0	0	nan	0	0	0	0.000000	0.000000	nan	nan	nan	nan
22	G	0	745894	38	0.000000	237	14	745894	0	0	0	nan	0	0	0	0	0	0	nan	0	0	0	0.000000	0.000000	nan	nan	nan	nan
23	U	0	745902	743899	0.000000	249	14	745902	0	0	0	nan	0	0	0	0	0	0	nan	0	0	0	0.000000	0.000000	0.000000	0.000000	nan	nan
24	U	858	745903	743799	0.001154	249	14	745903	0	0	0	nan	0	0	0	0	0	0	nan	0	0	0	0.001154	0.000039	0.001154	0.000039	nan	nan
25	G	360	745903	742561	0.000485	249	14	745903	0	0	0	nan	0	0	0	0	0	0	nan	0	0	0	0.000485	0.000026	0.000485	0.000026	nan	nan
26	A	14893	745906	743049	0.020043	249	14	745902	0	0	0	nan	0	0	0	0	0	0	nan	0	0	0	0.020043	0.000164	0.020043	0.000164	0.944789	0.007731
27	A	15770	745906	742228	0.021247	249	14	745902	0	0	0	nan	0	0	0	0	0	0	nan	0	0	0	0.021247	0.000169	0.021247	0.000169	1.001544	0.007966
28	C	17228	745907	739690	0.023291	249	14	745903	0	0	0	nan	0	0	0	0	0	0	nan	0	0	0	0.023291	0.000177	0.023291	0.000177	0.895472	0.006805
29	U	870	745910	741225	0.001174	249	14	745905	0	0	0	nan	0	0	0	0	0	0	nan	0	0	0	0.001174	0.000040	0.001174	0.000040	nan	nan
30	U	970	745916	741894	0.001307	249	14	745907	0	0	0	nan	0	0	0	0	0	0	nan	0	0	0	0.001307	0.000042	0.001307	0.000042	nan	nan
31	U	1188	745933	742448	0.001600	249	14	745922	0	0	0	nan	0	0	0	0	0	0	nan	0	0	0	0.001600	0.000046	0.001600	0.000046	nan	nan
32	U	787	745949	743026	0.001059	250	14	745932	0	0	0	nan	0	0	0	0	0	0	nan	0	0	0	0.001059	0.000038	0.001059	0.000038	nan	nan
33	G	239	746098	741374	0.000322	250	14	746075	0	0	0	nan	0	0	0	0	0	0	nan	0	0	0	0.000322	0.000021	0.000322	0.000021	nan	nan
34	A	15672	746183	742185	0.021116	250	14	746153	0	0	0	nan	0	0	0	0	0	0	nan	0	0	0	0.021116	0.000169	0.021116	0.000169	0.995369	0.007966
35	A	13763	746201	741432	0.018563	250	14	746173	0	0	0	nan	0	0	0	0	0	0	nan	0	0	0	0.018563	0.000158	0.018563	0.000158	0.875025	0.007448
36	U	622	746204	741577	0.000839	250	14	746174	0	0	0	nan	0	0	0	0	0	0	nan	0	0	0	0.000839	0.000034	0.000839	0.000034	nan	nan
37	A	14087	746207	742055	0.018984	250	14	746175	0	0	0	nan	0	0	0	0	0	0	nan	0	0	0	0.018984	0.000160	0.018984	0.000160	0.894870	0.007542
38	G	576	746215	739195	0.000779	250	14	746186	0	0	0	nan	0	0	0	0	0	0	nan	0	0	0	0.000779	0.000032	0.000779	0.000032	nan	nan
39	U	924	746218	742806	0.001244	250	14	746189	0	0	0	nan	0	0	0	0	0	0	nan	0	0	0	0.001244	0.000041	0.001244	0.000041	nan	nan
40	G	697	746221	740612	0.000941	250	14	746195	0	0	0	nan	0	0	0	0	0	0	nan	0	0	0	0.000941	0.000036	0.000941	0.000036	nan	nan
41	A	17583	746227	741660	0.023708	250	14	746199	0	0	0	nan	0	0	0	0	0	0	nan	0	0	0	0.023708	0.000179	0.023708	0.000179	1.117551	0.008438
42	U	1231	746234	741226	0.001661	251	14	746205	0	0	0	nan	0	0	0	0	0	0	nan	0	0	0	0.001661	0.000047	0.001661	0.000047	nan	nan
43	U	1063	746241	741525	0.001434	253	14	746215	0	0	0	nan	0	0	0	0	0	0	nan	0	0	0	0.001434	0.000044	0.001434	0.000044	nan	nan
44	C	19924	746250	740240	0.026916	253	14	746224	0	0	0	nan	0	0	0	0	0	0	nan	0	0	0	0.026916	0.000191	0.026916	0.000191	1.034843	0.007343
45	A	16622	746255	740846	0.022437	253	14	746230	0	0	0	nan	0	0	0	0	0	0	nan	0	0	0	0.022437	0.000174	0.022437	0.000174	1.057638	0.008202
46	G	541	746271	739767	0.000731	253	14	746249	0	0	0	nan	0	0	0	0	0	0	nan	0	0	0	0.000731	0.000031	0.000731	0.000031	nan	nan
47	G	474	746277	739917	0.000641	252	14	746257	0	0	0	nan	0	0	0	0	0	0	nan	0	0	0	0.000641	0.000029	0.000641	0.000029	nan	nan
48	A	15496	746278	741546	0.020897	251	14	746256	0	0	0	nan	0	0	0	0	0	0	nan	0	0	0	0.020897	0.000168	0.020897	0.000168	0.985045	0.007919
49	G	523	746286	740527	0.000706	251	14	746270	0	0	0	nan	0	0	0	0	0	0	nan	0	0	0	0.000706	0.000031	0.000706	0.000031	nan	nan
50	G	663	746287	727993	0.000911	252	14	746273	0	0	0	nan	0	0	0	0	0	0	nan	0	0	0	0.000911	0.000035	0.000911	0.000035	nan	nan
51	U	913	746287	729637	0.001251	251	14	746273	0	0	0	nan	0	0	0	0	0	0	nan	0	0	0	0.001251	0.000041	0.001251	0.000041	nan	nan
52	U	907	746289	728801	0.001245	251	14	746276	0	0	0	nan	0	0	0	0	0	0	nan	0	0	0	0.001245	0.000041	0.001245	0.000041	nan	nan
53	A	15240	746282	739964	0.020596	247	14	746241	0	0	0	nan	0	0	0	0	0	0	nan	0	0	0	0.020596	0.000167	0.020596	0.000167	0.970857	0.007872
54	A	13257	745644	738588	0.017949	189	14	744976	0	0	0	nan	0	0	0	0	0	0	nan	0	0	0	0.017949	0.000156	0.017949	0.000156	0.846082	0.007354
55	U	1107	745648	738352	0.001499	189	14	745077	0	0	0	nan	0	0	0	0	0	0	nan	0	0	0	0.001499	0.000045	0.001499	0.000045	nan	nan
56	G	844	745651	738610	0.001143	189	14	745141	0	0	0	nan	0	0	0	0	0	0	nan	0	0	0	0.001143	0.000039	0.001143	0.000039	nan	nan
57	G	0	745673	737633	0.000000	189	14	745614	0	0	0	nan	0	0	0	0	0	0	nan	0	0	0	0.000000	0.000000	0.000000	0.000000	nan	nan
58	A	0	745677	0	nan	189	14	745677	0	0	0	nan	0	0	0	0	0	0	nan	0	0	0	nan	nan	nan	nan	nan	nan
59	A	0	745677	0	nan	188	14	745677	0	0	0	nan	0	0	0	0	0	0	nan	0	0	0	nan	nan	nan	nan	nan	nan
60	G	0	745677	0	nan	188	14	745677	0	0	0	nan	0	0	0	0	0	0	nan	0	0	0	nan	nan	nan	nan	nan	nan
61	u	0	745677	0	nan	188	14	745677	0	0	0	nan	0	0	0	0	0	0	nan	0	0	0	nan	nan	nan	nan	nan	nan
62	a	0	745677	0	nan	188	14	745677	0	0	0	nan	0	0	0	0	0	0	nan	0	0	0	nan	nan	nan	nan	nan	nan
63	a	0	745677	0	nan	187	14	745677	0	0	0	nan	0	0	0	0	0	0	nan	0	0	0	nan	nan	nan	nan	nan	nan
64	a	0	745677	0	nan	186	14	745677	0	0	0	nan	0	0	0	0	0	0	nan	0	0	0	nan	nan	nan	nan	nan	nan
65	g	0	745677	0	nan	183	14	745677	0	0	0	nan	0	0	0	0	0	0	nan	0	0	0	nan	nan	nan	nan	nan	nan
66	g	0	745677	0	nan	183	14	745677	0	0	0	nan	0	0	0	0	0	0	nan	0	0	0	nan	nan	nan	nan	nan	nan
67	u	0	745677	0	nan	181	14	745677	0	0	0	nan	0	0	0	0	0	0	nan	0	0	0	nan	nan	nan	nan	nan	nan
68	a	0	745677	0	nan	181	14	745677	0	0	0	nan	0	0	0	0	0	0	nan	0	0	0	nan	nan	nan	nan	nan	nan
69	a	0	745677	0	nan	181	14	745677	0	0	0	nan	0	0	0	0	0	0	nan	0	0	0	nan	nan	nan	nan	nan	nan
70	u	0	745677	0	nan	181	14	745677	0	0	0	nan	0	0	0	0	0	0	nan	0	0	0	nan	nan	nan	nan	nan	nan
71	g	0	745677	0	nan	181	14	745677	0	0	0	nan	0	0	0	0	0	0	nan	0	0	0	nan	nan	nan	nan	nan	nan
72	a	0	745672	0	nan	181	14	745672	0	0	0	nan	0	0	0	0	0	0	nan	0	0	0	nan	nan	nan	nan	nan	nan
73	a	0	745669	0	nan	181	14	745669	0	0	0	nan	0	0	0	0	0	0	nan	0	0	0	nan	nan	nan	nan	nan	nan
74	g	0	745667	0	nan	181	14	745667	0	0	0	nan	0	0	0	0	0	0	nan	0	0	0	nan	nan	nan	nan	nan	nan
75	g	0	745662	0	nan	181	14	745662	0	0	0	nan	0	0	0	0	0	0	nan	0	0	0	nan	nan	nan	nan	nan	nan
76	u	0	745646	0	nan	181	14	745646	0	0	0	nan	0	0	0	0	0	0	nan	0	0	0	nan	nan	nan	nan	nan	nan
77	g	0	745621	0	nan	181	14	745621	0	0	0	nan	0	0	0	0	0	0	nan	0	0	0	nan	nan	nan	nan	nan	nan
78	a	0	745604	0	nan	181	14	745604	0	0	0	nan	0	0	0	0	0	0	nan	0	0	0	nan	nan	nan	nan	nan	nan
79	a	0	745400	0	nan	181	14	745400	0	0	0	nan	0	0	0	0	0	0	nan	0	0	0	nan	nan	nan	nan	nan	nan
80	g	0	745034	0	nan	181	14	745034	0	0	0	nan	0	0	0	0	0	0	nan	0	0	0	nan	nan	nan	nan	nan	nan