Nucleotide	Sequence	Modified_mutations	Modified_read_depth	Modified_effective_depth	Modified_rate	Modified_off_target_mapped_depth	Modified_low_mapq_mapped_depth	Modified_primer_pair_1_mapped_depth	Untreated_mutations	Untreated_read_depth	Untreated_effective_depth	Untreated_rate	Untreated_off_target_mapped_depth	Untreated_low_mapq_mapped_depth	Untreated_primer_pair_1_mapped_depth	Denatured_mutations	Denatured_read_depth	Denatured_effective_depth	Denatured_rate	Denatured_off_target_mapped_depth	Denatured_low_mapq_mapped_depth	Denatured_primer_pair_1_mapped_depth	Reactivity_profile	Std_err	HQ_profile	HQ_stderr	Norm_profile	Norm_stderr
1	g	0	256427	0	nan	19	0	256427	0	0	0	nan	0	0	0	0	0	0	nan	0	0	0	nan	nan	nan	nan	nan	nan
2	g	0	256897	0	nan	19	0	256897	0	0	0	nan	0	0	0	0	0	0	nan	0	0	0	nan	nan	nan	nan	nan	nan
3	c	0	257157	0	nan	20	0	257157	0	0	0	nan	0	0	0	0	0	0	nan	0	0	0	nan	nan	nan	nan	nan	nan
4	a	0	277759	0	nan	63	0	277759	0	0	0	nan	0	0	0	0	0	0	nan	0	0	0	nan	nan	nan	nan	nan	nan
5	c	0	278220	0	nan	63	0	278220	0	0	0	nan	0	0	0	0	0	0	nan	0	0	0	nan	nan	nan	nan	nan	nan
6	c	0	278314	0	nan	63	0	278314	0	0	0	nan	0	0	0	0	0	0	nan	0	0	0	nan	nan	nan	nan	nan	nan
7	u	0	278325	0	nan	63	0	278325	0	0	0	nan	0	0	0	0	0	0	nan	0	0	0	nan	nan	nan	nan	nan	nan
8	c	0	278328	0	nan	63	0	278328	0	0	0	nan	0	0	0	0	0	0	nan	0	0	0	nan	nan	nan	nan	nan	nan
9	a	0	278330	0	nan	63	0	278330	0	0	0	nan	0	0	0	0	0	0	nan	0	0	0	nan	nan	nan	nan	nan	nan
10	u	0	278350	0	nan	63	0	278350	0	0	0	nan	0	0	0	0	0	0	nan	0	0	0	nan	nan	nan	nan	nan	nan
11	a	0	278384	0	nan	63	0	278384	0	0	0	nan	0	0	0	0	0	0	nan	0	0	0	nan	nan	nan	nan	nan	nan
12	a	0	278401	0	nan	63	0	278401	0	0	0	nan	0	0	0	0	0	0	nan	0	0	0	nan	nan	nan	nan	nan	nan
13	c	0	278409	0	nan	63	0	278409	0	0	0	nan	0	0	0	0	0	0	nan	0	0	0	nan	nan	nan	nan	nan	nan
14	a	0	278414	0	nan	63	0	278414	0	0	0	nan	0	0	0	0	0	0	nan	0	0	0	nan	nan	nan	nan	nan	nan
15	u	0	278416	0	nan	63	0	278416	0	0	0	nan	0	0	0	0	0	0	nan	0	0	0	nan	nan	nan	nan	nan	nan
16	a	0	278427	0	nan	63	0	278427	0	0	0	nan	0	0	0	0	0	0	nan	0	0	0	nan	nan	nan	nan	nan	nan
17	a	0	278440	0	nan	63	0	278440	0	0	0	nan	0	0	0	0	0	0	nan	0	0	0	nan	nan	nan	nan	nan	nan
18	c	0	278446	0	nan	63	0	278446	0	0	0	nan	0	0	0	0	0	0	nan	0	0	0	nan	nan	nan	nan	nan	nan
19	U	0	278451	4	0.000000	63	0	278451	0	0	0	nan	0	0	0	0	0	0	nan	0	0	0	0.000000	0.000000	nan	nan	nan	nan
20	A	0	278473	20	0.000000	63	0	278473	0	0	0	nan	0	0	0	0	0	0	nan	0	0	0	0.000000	0.000000	nan	nan	nan	nan
21	A	0	278486	30	0.000000	63	0	278486	0	0	0	nan	0	0	0	0	0	0	nan	0	0	0	0.000000	0.000000	nan	nan	nan	nan
22	G	0	278504	273224	0.000000	63	0	278504	0	0	0	nan	0	0	0	0	0	0	nan	0	0	0	0.000000	0.000000	0.000000	0.000000	nan	nan
23	G	328	278524	266821	0.001229	63	0	278524	0	0	0	nan	0	0	0	0	0	0	nan	0	0	0	0.001229	0.000068	0.001229	0.000068	nan	nan
24	C	10076	278558	272156	0.037023	63	0	278558	0	0	0	nan	0	0	0	0	0	0	nan	0	0	0	0.037023	0.000369	0.037023	0.000369	1.000000	0.009967
25	A	4684	278607	274427	0.017068	63	0	278607	0	0	0	nan	0	0	0	0	0	0	nan	0	0	0	0.017068	0.000249	0.017068	0.000249	0.993018	0.014487
26	G	205	278648	273467	0.000750	63	0	278648	0	0	0	nan	0	0	0	0	0	0	nan	0	0	0	0.000750	0.000052	0.000750	0.000052	nan	nan
27	A	4237	278733	274952	0.015410	63	0	278732	0	0	0	nan	0	0	0	0	0	0	nan	0	0	0	0.015410	0.000237	0.015410	0.000237	0.896556	0.013789
28	U	1517	278743	274158	0.005533	63	0	278741	0	0	0	nan	0	0	0	0	0	0	nan	0	0	0	0.005533	0.000142	0.005533	0.000142	1.049059	0.026923
29	C	6501	278754	274517	0.023682	63	0	278751	0	0	0	nan	0	0	0	0	0	0	nan	0	0	0	0.023682	0.000294	0.023682	0.000294	0.639656	0.007941
30	U	1235	278771	274553	0.004498	63	0	278768	0	0	0	nan	0	0	0	0	0	0	nan	0	0	0	0.004498	0.000128	0.004498	0.000128	0.852823	0.024269
31	G	219	278774	272554	0.000804	63	0	278766	0	0	0	nan	0	0	0	0	0	0	nan	0	0	0	0.000804	0.000054	0.000804	0.000054	nan	nan
32	A	4702	278779	273568	0.017188	63	0	278764	0	0	0	nan	0	0	0	0	0	0	nan	0	0	0	0.017188	0.000251	0.017188	0.000251	1.000000	0.014603
33	G	266	278802	266744	0.000997	63	0	278767	0	0	0	nan	0	0	0	0	0	0	nan	0	0	0	0.000997	0.000061	0.000997	0.000061	nan	nan
34	C	6561	278812	267621	0.024516	63	0	278736	0	0	0	nan	0	0	0	0	0	0	nan	0	0	0	0.024516	0.000303	0.024516	0.000303	0.662183	0.008184
35	C	6062	278826	268164	0.022606	63	0	278688	0	0	0	nan	0	0	0	0	0	0	nan	0	0	0	0.022606	0.000290	0.022606	0.000290	0.610593	0.007833
36	U	1590	278900	268785	0.005916	63	0	278764	0	0	0	nan	0	0	0	0	0	0	nan	0	0	0	0.005916	0.000148	0.005916	0.000148	1.121676	0.028061
37	G	213	278928	268043	0.000795	63	0	278457	0	0	0	nan	0	0	0	0	0	0	nan	0	0	0	0.000795	0.000054	0.000795	0.000054	nan	nan
38	G	177	278942	266895	0.000663	63	0	278472	0	0	0	nan	0	0	0	0	0	0	nan	0	0	0	0.000663	0.000050	0.000663	0.000050	nan	nan
39	G	209	278990	266487	0.000784	63	0	278561	0	0	0	nan	0	0	0	0	0	0	nan	0	0	0	0.000784	0.000054	0.000784	0.000054	nan	nan
40	A	4898	279042	269157	0.018198	63	0	278679	0	0	0	nan	0	0	0	0	0	0	nan	0	0	0	0.018198	0.000260	0.018198	0.000260	1.058762	0.015127
41	G	328	279138	266106	0.001233	62	0	278961	0	0	0	nan	0	0	0	0	0	0	nan	0	0	0	0.001233	0.000068	0.001233	0.000068	nan	nan
42	C	7624	279221	274183	0.027806	36	0	279177	0	0	0	nan	0	0	0	0	0	0	nan	0	0	0	0.027806	0.000318	0.027806	0.000318	0.751047	0.008589
43	U	947	279226	275490	0.003438	34	0	279205	0	0	0	nan	0	0	0	0	0	0	nan	0	0	0	0.003438	0.000112	0.003438	0.000112	0.651846	0.021235
44	C	6074	279230	275748	0.022027	29	0	279212	0	0	0	nan	0	0	0	0	0	0	nan	0	0	0	0.022027	0.000283	0.022027	0.000283	0.594954	0.007644
45	U	1225	279233	275421	0.004448	29	0	279213	0	0	0	nan	0	0	0	0	0	0	nan	0	0	0	0.004448	0.000127	0.004448	0.000127	0.843343	0.024079
46	C	8182	279234	275156	0.029736	27	0	279208	0	0	0	nan	0	0	0	0	0	0	nan	0	0	0	0.029736	0.000329	0.029736	0.000329	0.803176	0.008886
47	U	1114	279236	274922	0.004052	27	0	279218	0	0	0	nan	0	0	0	0	0	0	nan	0	0	0	0.004052	0.000121	0.004052	0.000121	0.768261	0.022942
48	G	369	279238	270512	0.001364	27	0	279226	0	0	0	nan	0	0	0	0	0	0	nan	0	0	0	0.001364	0.000071	0.001364	0.000071	nan	nan
49	C	13566	279242	273761	0.049554	26	0	279229	0	0	0	nan	0	0	0	0	0	0	nan	0	0	0	0.049554	0.000425	0.049554	0.000425	1.338465	0.011479
50	C	11147	279247	274970	0.040539	26	0	279239	0	0	0	nan	0	0	0	0	0	0	nan	0	0	0	0.040539	0.000384	0.040539	0.000384	1.094968	0.010372
51	A	2709	279255	276163	0.009809	26	0	279255	0	0	0	nan	0	0	0	0	0	0	nan	0	0	0	0.009809	0.000188	0.009809	0.000188	0.570689	0.010938
52	A	0	279251	276225	0.000000	26	0	279251	0	0	0	nan	0	0	0	0	0	0	nan	0	0	0	0.000000	0.000000	0.000000	0.000000	0.000000	0.000000
53	U	0	279239	150	0.000000	18	0	279239	0	0	0	nan	0	0	0	0	0	0	nan	0	0	0	0.000000	0.000000	nan	nan	nan	nan
54	C	0	279050	4	0.000000	16	0	279050	0	0	0	nan	0	0	0	0	0	0	nan	0	0	0	0.000000	0.000000	nan	nan	nan	nan
55	C	0	279047	1	0.000000	16	0	279047	0	0	0	nan	0	0	0	0	0	0	nan	0	0	0	0.000000	0.000000	nan	nan	nan	nan
56	a	0	279046	0	nan	16	0	279046	0	0	0	nan	0	0	0	0	0	0	nan	0	0	0	nan	nan	nan	nan	nan	nan
57	c	0	279046	0	nan	15	0	279046	0	0	0	nan	0	0	0	0	0	0	nan	0	0	0	nan	nan	nan	nan	nan	nan
58	u	0	279046	0	nan	15	0	279046	0	0	0	nan	0	0	0	0	0	0	nan	0	0	0	nan	nan	nan	nan	nan	nan
59	a	0	279046	0	nan	15	0	279046	0	0	0	nan	0	0	0	0	0	0	nan	0	0	0	nan	nan	nan	nan	nan	nan
60	a	0	279046	0	nan	15	0	279046	0	0	0	nan	0	0	0	0	0	0	nan	0	0	0	nan	nan	nan	nan	nan	nan
61	c	0	279046	0	nan	6	0	279046	0	0	0	nan	0	0	0	0	0	0	nan	0	0	0	nan	nan	nan	nan	nan	nan
62	c	0	279045	0	nan	6	0	279045	0	0	0	nan	0	0	0	0	0	0	nan	0	0	0	nan	nan	nan	nan	nan	nan
63	u	0	279045	0	nan	0	0	279045	0	0	0	nan	0	0	0	0	0	0	nan	0	0	0	nan	nan	nan	nan	nan	nan
64	c	0	279045	0	nan	0	0	279045	0	0	0	nan	0	0	0	0	0	0	nan	0	0	0	nan	nan	nan	nan	nan	nan
65	a	0	279045	0	nan	0	0	279045	0	0	0	nan	0	0	0	0	0	0	nan	0	0	0	nan	nan	nan	nan	nan	nan
66	c	0	279043	0	nan	0	0	279043	0	0	0	nan	0	0	0	0	0	0	nan	0	0	0	nan	nan	nan	nan	nan	nan
67	u	0	279043	0	nan	0	0	279043	0	0	0	nan	0	0	0	0	0	0	nan	0	0	0	nan	nan	nan	nan	nan	nan
68	c	0	279043	0	nan	0	0	279043	0	0	0	nan	0	0	0	0	0	0	nan	0	0	0	nan	nan	nan	nan	nan	nan
69	a	0	279041	0	nan	0	0	279041	0	0	0	nan	0	0	0	0	0	0	nan	0	0	0	nan	nan	nan	nan	nan	nan
70	c	0	279030	0	nan	0	0	279030	0	0	0	nan	0	0	0	0	0	0	nan	0	0	0	nan	nan	nan	nan	nan	nan
71	a	0	279020	0	nan	0	0	279020	0	0	0	nan	0	0	0	0	0	0	nan	0	0	0	nan	nan	nan	nan	nan	nan
72	a	0	278941	0	nan	0	0	278941	0	0	0	nan	0	0	0	0	0	0	nan	0	0	0	nan	nan	nan	nan	nan	nan
73	u	0	278797	0	nan	0	0	278797	0	0	0	nan	0	0	0	0	0	0	nan	0	0	0	nan	nan	nan	nan	nan	nan
74	c	0	278449	0	nan	0	0	278449	0	0	0	nan	0	0	0	0	0	0	nan	0	0	0	nan	nan	nan	nan	nan	nan