Nucleotide	Sequence	Modified_mutations	Modified_read_depth	Modified_effective_depth	Modified_rate	Modified_off_target_mapped_depth	Modified_low_mapq_mapped_depth	Modified_primer_pair_1_mapped_depth	Untreated_mutations	Untreated_read_depth	Untreated_effective_depth	Untreated_rate	Untreated_off_target_mapped_depth	Untreated_low_mapq_mapped_depth	Untreated_primer_pair_1_mapped_depth	Denatured_mutations	Denatured_read_depth	Denatured_effective_depth	Denatured_rate	Denatured_off_target_mapped_depth	Denatured_low_mapq_mapped_depth	Denatured_primer_pair_1_mapped_depth	Reactivity_profile	Std_err	HQ_profile	HQ_stderr	Norm_profile	Norm_stderr
1	g	0	174743	0	nan	1	3	174743	0	0	0	nan	0	0	0	0	0	0	nan	0	0	0	nan	nan	nan	nan	nan	nan
2	g	0	174887	0	nan	1	3	174887	0	0	0	nan	0	0	0	0	0	0	nan	0	0	0	nan	nan	nan	nan	nan	nan
3	u	0	174941	0	nan	1	3	174941	0	0	0	nan	0	0	0	0	0	0	nan	0	0	0	nan	nan	nan	nan	nan	nan
4	g	0	174963	0	nan	1	3	174963	0	0	0	nan	0	0	0	0	0	0	nan	0	0	0	nan	nan	nan	nan	nan	nan
5	u	0	174974	0	nan	1	3	174974	0	0	0	nan	0	0	0	0	0	0	nan	0	0	0	nan	nan	nan	nan	nan	nan
6	a	0	174975	0	nan	1	3	174975	0	0	0	nan	0	0	0	0	0	0	nan	0	0	0	nan	nan	nan	nan	nan	nan
7	a	0	174975	0	nan	1	3	174975	0	0	0	nan	0	0	0	0	0	0	nan	0	0	0	nan	nan	nan	nan	nan	nan
8	g	0	174976	0	nan	1	3	174976	0	0	0	nan	0	0	0	0	0	0	nan	0	0	0	nan	nan	nan	nan	nan	nan
9	g	0	174982	0	nan	1	3	174982	0	0	0	nan	0	0	0	0	0	0	nan	0	0	0	nan	nan	nan	nan	nan	nan
10	g	0	175930	0	nan	2	3	175930	0	0	0	nan	0	0	0	0	0	0	nan	0	0	0	nan	nan	nan	nan	nan	nan
11	u	0	175940	0	nan	2	3	175940	0	0	0	nan	0	0	0	0	0	0	nan	0	0	0	nan	nan	nan	nan	nan	nan
12	g	0	175950	0	nan	2	3	175950	0	0	0	nan	0	0	0	0	0	0	nan	0	0	0	nan	nan	nan	nan	nan	nan
13	a	0	175953	0	nan	2	3	175953	0	0	0	nan	0	0	0	0	0	0	nan	0	0	0	nan	nan	nan	nan	nan	nan
14	a	0	175953	0	nan	2	3	175953	0	0	0	nan	0	0	0	0	0	0	nan	0	0	0	nan	nan	nan	nan	nan	nan
15	g	0	175954	0	nan	22	3	175954	0	0	0	nan	0	0	0	0	0	0	nan	0	0	0	nan	nan	nan	nan	nan	nan
16	u	0	175956	0	nan	22	3	175956	0	0	0	nan	0	0	0	0	0	0	nan	0	0	0	nan	nan	nan	nan	nan	nan
17	g	0	175958	0	nan	22	3	175958	0	0	0	nan	0	0	0	0	0	0	nan	0	0	0	nan	nan	nan	nan	nan	nan
18	u	0	175958	0	nan	22	3	175958	0	0	0	nan	0	0	0	0	0	0	nan	0	0	0	nan	nan	nan	nan	nan	nan
19	a	0	175962	0	nan	22	3	175962	0	0	0	nan	0	0	0	0	0	0	nan	0	0	0	nan	nan	nan	nan	nan	nan
20	A	0	175965	2	0.000000	22	3	175965	0	0	0	nan	0	0	0	0	0	0	nan	0	0	0	0.000000	0.000000	nan	nan	nan	nan
21	G	0	175973	10	0.000000	22	3	175973	0	0	0	nan	0	0	0	0	0	0	nan	0	0	0	0.000000	0.000000	nan	nan	nan	nan
22	G	0	175979	17	0.000000	22	3	175979	0	0	0	nan	0	0	0	0	0	0	nan	0	0	0	0.000000	0.000000	nan	nan	nan	nan
23	U	0	175982	175752	0.000000	22	3	175982	0	0	0	nan	0	0	0	0	0	0	nan	0	0	0	0.000000	0.000000	0.000000	0.000000	0.000000	0.000000
24	U	298	175989	175753	0.001696	22	3	175989	0	0	0	nan	0	0	0	0	0	0	nan	0	0	0	0.001696	0.000098	0.001696	0.000098	0.675428	0.039028
25	G	89	175990	175214	0.000508	22	3	175990	0	0	0	nan	0	0	0	0	0	0	nan	0	0	0	0.000508	0.000054	0.000508	0.000054	nan	nan
26	A	3288	175990	175402	0.018746	22	3	175990	0	0	0	nan	0	0	0	0	0	0	nan	0	0	0	0.018746	0.000327	0.018746	0.000327	0.963458	0.016806
27	A	3173	175990	175330	0.018097	22	3	175990	0	0	0	nan	0	0	0	0	0	0	nan	0	0	0	0.018097	0.000321	0.018097	0.000321	0.930102	0.016498
28	C	3992	175991	174871	0.022828	21	3	175991	0	0	0	nan	0	0	0	0	0	0	nan	0	0	0	0.022828	0.000361	0.022828	0.000361	0.917413	0.014508
29	U	289	175993	175373	0.001648	21	3	175992	0	0	0	nan	0	0	0	0	0	0	nan	0	0	0	0.001648	0.000097	0.001648	0.000097	0.656312	0.038630
30	U	349	175995	175558	0.001988	21	3	175993	0	0	0	nan	0	0	0	0	0	0	nan	0	0	0	0.001988	0.000106	0.001988	0.000106	0.791716	0.042214
31	U	398	175995	175610	0.002266	21	3	175991	0	0	0	nan	0	0	0	0	0	0	nan	0	0	0	0.002266	0.000114	0.002266	0.000114	0.902429	0.045400
32	U	244	176000	175574	0.001390	21	3	175973	0	0	0	nan	0	0	0	0	0	0	nan	0	0	0	0.001390	0.000089	0.001390	0.000089	0.553564	0.035444
33	G	127	176007	175010	0.000726	21	3	175971	0	0	0	nan	0	0	0	0	0	0	nan	0	0	0	0.000726	0.000064	0.000726	0.000064	nan	nan
34	A	3434	176014	175283	0.019591	21	3	175975	0	0	0	nan	0	0	0	0	0	0	nan	0	0	0	0.019591	0.000334	0.019591	0.000334	1.006887	0.017166
35	A	2905	176015	175210	0.016580	21	3	175976	0	0	0	nan	0	0	0	0	0	0	nan	0	0	0	0.016580	0.000308	0.016580	0.000308	0.852135	0.015830
36	U	253	176017	175166	0.001444	21	3	175979	0	0	0	nan	0	0	0	0	0	0	nan	0	0	0	0.001444	0.000091	0.001444	0.000091	0.575070	0.036241
37	A	2982	176023	175257	0.017015	21	3	175984	0	0	0	nan	0	0	0	0	0	0	nan	0	0	0	0.017015	0.000312	0.017015	0.000312	0.874492	0.016035
38	G	119	176034	174427	0.000682	21	3	176021	0	0	0	nan	0	0	0	0	0	0	nan	0	0	0	0.000682	0.000063	0.000682	0.000063	nan	nan
39	U	336	176035	175425	0.001915	21	3	176022	0	0	0	nan	0	0	0	0	0	0	nan	0	0	0	0.001915	0.000104	0.001915	0.000104	0.762644	0.041418
40	G	166	176038	174891	0.000949	21	3	176024	0	0	0	nan	0	0	0	0	0	0	nan	0	0	0	0.000949	0.000074	0.000949	0.000074	nan	nan
41	A	3899	176038	175160	0.022260	21	3	176027	0	0	0	nan	0	0	0	0	0	0	nan	0	0	0	0.022260	0.000356	0.022260	0.000356	1.144061	0.018297
42	U	490	176038	175163	0.002797	21	3	176031	0	0	0	nan	0	0	0	0	0	0	nan	0	0	0	0.002797	0.000126	0.002797	0.000126	1.113899	0.050179
43	U	431	176039	175233	0.002460	21	3	176032	0	0	0	nan	0	0	0	0	0	0	nan	0	0	0	0.002460	0.000118	0.002460	0.000118	0.979689	0.046993
44	C	4475	176057	175024	0.025568	21	3	176052	0	0	0	nan	0	0	0	0	0	0	nan	0	0	0	0.025568	0.000382	0.025568	0.000382	1.027529	0.015352
45	A	3556	176075	175102	0.020308	21	3	176069	0	0	0	nan	0	0	0	0	0	0	nan	0	0	0	0.020308	0.000341	0.020308	0.000341	1.043737	0.017526
46	G	133	176101	174680	0.000761	21	3	176099	0	0	0	nan	0	0	0	0	0	0	nan	0	0	0	0.000761	0.000066	0.000761	0.000066	nan	nan
47	G	122	176104	174709	0.000698	21	3	176102	0	0	0	nan	0	0	0	0	0	0	nan	0	0	0	0.000698	0.000063	0.000698	0.000063	nan	nan
48	A	3339	176105	175233	0.019055	21	3	176103	0	0	0	nan	0	0	0	0	0	0	nan	0	0	0	0.019055	0.000330	0.019055	0.000330	0.979339	0.016960
49	G	135	176106	174933	0.000772	21	3	176105	0	0	0	nan	0	0	0	0	0	0	nan	0	0	0	0.000772	0.000066	0.000772	0.000066	nan	nan
50	G	170	176107	174918	0.000972	21	3	176106	0	0	0	nan	0	0	0	0	0	0	nan	0	0	0	0.000972	0.000075	0.000972	0.000075	nan	nan
51	U	349	176110	175357	0.001990	21	3	176109	0	0	0	nan	0	0	0	0	0	0	nan	0	0	0	0.001990	0.000107	0.001990	0.000107	0.792513	0.042613
52	U	310	176110	175156	0.001770	21	3	176109	0	0	0	nan	0	0	0	0	0	0	nan	0	0	0	0.001770	0.000101	0.001770	0.000101	0.704898	0.040223
53	A	3109	176109	174743	0.017792	22	3	176106	0	0	0	nan	0	0	0	0	0	0	nan	0	0	0	0.017792	0.000319	0.017792	0.000319	0.914427	0.016395
54	A	2734	175990	174517	0.015666	22	3	175979	0	0	0	nan	0	0	0	0	0	0	nan	0	0	0	0.015666	0.000300	0.015666	0.000300	0.805160	0.015419
55	U	438	175991	174427	0.002511	22	3	175982	0	0	0	nan	0	0	0	0	0	0	nan	0	0	0	0.002511	0.000120	0.002511	0.000120	1.000000	0.047790
56	G	236	176003	174328	0.001354	22	3	175998	0	0	0	nan	0	0	0	0	0	0	nan	0	0	0	0.001354	0.000088	0.001354	0.000088	nan	nan
57	G	0	176034	174177	0.000000	22	3	176031	0	0	0	nan	0	0	0	0	0	0	nan	0	0	0	0.000000	0.000000	0.000000	0.000000	nan	nan
58	A	0	176045	0	nan	22	3	176045	0	0	0	nan	0	0	0	0	0	0	nan	0	0	0	nan	nan	nan	nan	nan	nan
59	A	0	176045	0	nan	22	3	176045	0	0	0	nan	0	0	0	0	0	0	nan	0	0	0	nan	nan	nan	nan	nan	nan
60	G	0	176045	0	nan	22	3	176045	0	0	0	nan	0	0	0	0	0	0	nan	0	0	0	nan	nan	nan	nan	nan	nan
61	u	0	176045	0	nan	22	3	176045	0	0	0	nan	0	0	0	0	0	0	nan	0	0	0	nan	nan	nan	nan	nan	nan
62	a	0	176045	0	nan	22	3	176045	0	0	0	nan	0	0	0	0	0	0	nan	0	0	0	nan	nan	nan	nan	nan	nan
63	a	0	176045	0	nan	22	3	176045	0	0	0	nan	0	0	0	0	0	0	nan	0	0	0	nan	nan	nan	nan	nan	nan
64	a	0	176045	0	nan	21	3	176045	0	0	0	nan	0	0	0	0	0	0	nan	0	0	0	nan	nan	nan	nan	nan	nan
65	g	0	176045	0	nan	21	3	176045	0	0	0	nan	0	0	0	0	0	0	nan	0	0	0	nan	nan	nan	nan	nan	nan
66	g	0	176045	0	nan	21	3	176045	0	0	0	nan	0	0	0	0	0	0	nan	0	0	0	nan	nan	nan	nan	nan	nan
67	u	0	176045	0	nan	21	3	176045	0	0	0	nan	0	0	0	0	0	0	nan	0	0	0	nan	nan	nan	nan	nan	nan
68	a	0	176045	0	nan	21	3	176045	0	0	0	nan	0	0	0	0	0	0	nan	0	0	0	nan	nan	nan	nan	nan	nan
69	a	0	176045	0	nan	21	3	176045	0	0	0	nan	0	0	0	0	0	0	nan	0	0	0	nan	nan	nan	nan	nan	nan
70	u	0	176045	0	nan	21	3	176045	0	0	0	nan	0	0	0	0	0	0	nan	0	0	0	nan	nan	nan	nan	nan	nan
71	g	0	176045	0	nan	21	3	176045	0	0	0	nan	0	0	0	0	0	0	nan	0	0	0	nan	nan	nan	nan	nan	nan
72	a	0	176045	0	nan	21	3	176045	0	0	0	nan	0	0	0	0	0	0	nan	0	0	0	nan	nan	nan	nan	nan	nan
73	a	0	176045	0	nan	21	3	176045	0	0	0	nan	0	0	0	0	0	0	nan	0	0	0	nan	nan	nan	nan	nan	nan
74	g	0	176043	0	nan	21	3	176043	0	0	0	nan	0	0	0	0	0	0	nan	0	0	0	nan	nan	nan	nan	nan	nan
75	g	0	176041	0	nan	21	3	176041	0	0	0	nan	0	0	0	0	0	0	nan	0	0	0	nan	nan	nan	nan	nan	nan
76	u	0	176037	0	nan	21	3	176037	0	0	0	nan	0	0	0	0	0	0	nan	0	0	0	nan	nan	nan	nan	nan	nan
77	g	0	176032	0	nan	21	3	176032	0	0	0	nan	0	0	0	0	0	0	nan	0	0	0	nan	nan	nan	nan	nan	nan
78	a	0	176030	0	nan	21	3	176030	0	0	0	nan	0	0	0	0	0	0	nan	0	0	0	nan	nan	nan	nan	nan	nan
79	a	0	176000	0	nan	21	3	176000	0	0	0	nan	0	0	0	0	0	0	nan	0	0	0	nan	nan	nan	nan	nan	nan
80	g	0	175922	0	nan	21	3	175922	0	0	0	nan	0	0	0	0	0	0	nan	0	0	0	nan	nan	nan	nan	nan	nan