Nucleotide	Sequence	Modified_mutations	Modified_read_depth	Modified_effective_depth	Modified_rate	Modified_off_target_mapped_depth	Modified_low_mapq_mapped_depth	Modified_primer_pair_1_mapped_depth	Untreated_mutations	Untreated_read_depth	Untreated_effective_depth	Untreated_rate	Untreated_off_target_mapped_depth	Untreated_low_mapq_mapped_depth	Untreated_primer_pair_1_mapped_depth	Denatured_mutations	Denatured_read_depth	Denatured_effective_depth	Denatured_rate	Denatured_off_target_mapped_depth	Denatured_low_mapq_mapped_depth	Denatured_primer_pair_1_mapped_depth	Reactivity_profile	Std_err	HQ_profile	HQ_stderr	Norm_profile	Norm_stderr
1	g	0	5586949	0	nan	26	632	5586949	0	0	0	nan	0	0	0	0	0	0	nan	0	0	0	nan	nan	nan	nan	nan	nan
2	g	0	5643014	0	nan	27	652	5643014	0	0	0	nan	0	0	0	0	0	0	nan	0	0	0	nan	nan	nan	nan	nan	nan
3	u	0	5651582	0	nan	27	663	5651582	0	0	0	nan	0	0	0	0	0	0	nan	0	0	0	nan	nan	nan	nan	nan	nan
4	g	0	5657073	0	nan	27	680	5657073	0	0	0	nan	0	0	0	0	0	0	nan	0	0	0	nan	nan	nan	nan	nan	nan
5	u	0	5665389	0	nan	27	684	5665389	0	0	0	nan	0	0	0	0	0	0	nan	0	0	0	nan	nan	nan	nan	nan	nan
6	a	0	5669443	0	nan	27	694	5669443	0	0	0	nan	0	0	0	0	0	0	nan	0	0	0	nan	nan	nan	nan	nan	nan
7	a	0	5670356	0	nan	27	694	5670356	0	0	0	nan	0	0	0	0	0	0	nan	0	0	0	nan	nan	nan	nan	nan	nan
8	g	0	5670941	0	nan	27	697	5670941	0	0	0	nan	0	0	0	0	0	0	nan	0	0	0	nan	nan	nan	nan	nan	nan
9	g	0	5671630	0	nan	27	698	5671630	0	0	0	nan	0	0	0	0	0	0	nan	0	0	0	nan	nan	nan	nan	nan	nan
10	g	0	5672987	0	nan	27	709	5672987	0	0	0	nan	0	0	0	0	0	0	nan	0	0	0	nan	nan	nan	nan	nan	nan
11	u	0	5676038	0	nan	27	713	5676038	0	0	0	nan	0	0	0	0	0	0	nan	0	0	0	nan	nan	nan	nan	nan	nan
12	g	0	5688422	0	nan	51	727	5688422	0	0	0	nan	0	0	0	0	0	0	nan	0	0	0	nan	nan	nan	nan	nan	nan
13	a	0	5700007	0	nan	56	735	5700007	0	0	0	nan	0	0	0	0	0	0	nan	0	0	0	nan	nan	nan	nan	nan	nan
14	a	0	5706798	0	nan	65	736	5706798	0	0	0	nan	0	0	0	0	0	0	nan	0	0	0	nan	nan	nan	nan	nan	nan
15	g	0	5710601	0	nan	446	736	5710601	0	0	0	nan	0	0	0	0	0	0	nan	0	0	0	nan	nan	nan	nan	nan	nan
16	u	0	5715331	0	nan	446	736	5715331	0	0	0	nan	0	0	0	0	0	0	nan	0	0	0	nan	nan	nan	nan	nan	nan
17	g	0	5717181	0	nan	446	741	5717181	0	0	0	nan	0	0	0	0	0	0	nan	0	0	0	nan	nan	nan	nan	nan	nan
18	u	0	5718740	0	nan	446	744	5718740	0	0	0	nan	0	0	0	0	0	0	nan	0	0	0	nan	nan	nan	nan	nan	nan
19	a	0	5719906	0	nan	448	784	5719906	0	0	0	nan	0	0	0	0	0	0	nan	0	0	0	nan	nan	nan	nan	nan	nan
20	A	0	5721392	636	0.000000	448	784	5721392	0	0	0	nan	0	0	0	0	0	0	nan	0	0	0	0.000000	0.000000	nan	nan	nan	nan
21	G	0	5722500	821	0.000000	448	784	5722500	0	0	0	nan	0	0	0	0	0	0	nan	0	0	0	0.000000	0.000000	nan	nan	nan	nan
22	G	0	5723190	781	0.000000	448	784	5723190	0	0	0	nan	0	0	0	0	0	0	nan	0	0	0	0.000000	0.000000	nan	nan	nan	nan
23	U	0	5724868	5212797	0.000000	449	784	5724868	0	0	0	nan	0	0	0	0	0	0	nan	0	0	0	0.000000	0.000000	0.000000	0.000000	0.000000	0.000000
24	U	14466	5725956	5248376	0.002756	449	784	5725956	0	0	0	nan	0	0	0	0	0	0	nan	0	0	0	0.002756	0.000023	0.002756	0.000023	0.786754	0.006566
25	G	8525	5729925	5190317	0.001642	450	784	5729925	0	0	0	nan	0	0	0	0	0	0	nan	0	0	0	0.001642	0.000018	0.001642	0.000018	0.737646	0.008086
26	A	31636	5735545	5312984	0.005954	450	784	5735500	0	0	0	nan	0	0	0	0	0	0	nan	0	0	0	0.005954	0.000033	0.005954	0.000033	1.000000	0.005542
27	C	11949	5737813	5136316	0.002326	450	784	5737708	0	0	0	nan	0	0	0	0	0	0	nan	0	0	0	0.002326	0.000021	0.002326	0.000021	0.858619	0.007752
28	C	15893	5738876	5140754	0.003092	450	784	5738746	0	0	0	nan	0	0	0	0	0	0	nan	0	0	0	0.003092	0.000025	0.003092	0.000025	1.141381	0.009228
29	U	18982	5741648	5111323	0.003714	450	784	5741501	0	0	0	nan	0	0	0	0	0	0	nan	0	0	0	0.003714	0.000027	0.003714	0.000027	1.060234	0.007708
30	U	9213	5746658	5186212	0.001776	450	784	5746496	0	0	0	nan	0	0	0	0	0	0	nan	0	0	0	0.001776	0.000019	0.001776	0.000019	0.506994	0.005424
31	U	9693	5751810	5198812	0.001864	450	784	5751628	0	0	0	nan	0	0	0	0	0	0	nan	0	0	0	0.001864	0.000019	0.001864	0.000019	0.532115	0.005424
32	U	11401	5756468	5251722	0.002171	450	784	5756256	0	0	0	nan	0	0	0	0	0	0	nan	0	0	0	0.002171	0.000020	0.002171	0.000020	0.619754	0.005709
33	G	2709	5785012	5300326	0.000511	451	784	5784799	0	0	0	nan	0	0	0	0	0	0	nan	0	0	0	0.000511	0.000010	0.000511	0.000010	0.229560	0.004492
34	A	22931	5796369	5585700	0.004105	451	784	5796163	0	0	0	nan	0	0	0	0	0	0	nan	0	0	0	0.004105	0.000027	0.004105	0.000027	0.689452	0.004535
35	A	21250	5799177	5539710	0.003836	451	784	5798971	0	0	0	nan	0	0	0	0	0	0	nan	0	0	0	0.003836	0.000026	0.003836	0.000026	0.644273	0.004367
36	U	4219	5800084	5475800	0.000770	451	784	5799876	0	0	0	nan	0	0	0	0	0	0	nan	0	0	0	0.000770	0.000012	0.000770	0.000012	0.219812	0.003426
37	A	589895	5800609	5218585	0.113037	452	784	5800354	0	0	0	nan	0	0	0	0	0	0	nan	0	0	0	0.113037	0.000147	0.113037	0.000147	18.985052	0.024689
38	G	13140	5801816	5139956	0.002556	457	784	5801584	0	0	0	nan	0	0	0	0	0	0	nan	0	0	0	0.002556	0.000022	0.002556	0.000022	1.148248	0.009883
39	U	13173	5802749	5231951	0.002518	457	784	5802510	0	0	0	nan	0	0	0	0	0	0	nan	0	0	0	0.002518	0.000022	0.002518	0.000022	0.718812	0.006280
40	G	11377	5803571	5377604	0.002116	457	784	5803316	0	0	0	nan	0	0	0	0	0	0	nan	0	0	0	0.002116	0.000020	0.002116	0.000020	0.950584	0.008985
41	A	100211	5807713	5387778	0.018600	457	784	5807449	0	0	0	nan	0	0	0	0	0	0	nan	0	0	0	0.018600	0.000059	0.018600	0.000059	3.123950	0.009909
42	U	16123	5808711	5374089	0.003000	459	784	5808455	0	0	0	nan	0	0	0	0	0	0	nan	0	0	0	0.003000	0.000024	0.003000	0.000024	0.856409	0.006851
43	U	9131	5810990	5336838	0.001711	461	784	5810712	0	0	0	nan	0	0	0	0	0	0	nan	0	0	0	0.001711	0.000018	0.001711	0.000018	0.488438	0.005138
44	C	11230	5814633	5341271	0.002102	460	784	5814332	0	0	0	nan	0	0	0	0	0	0	nan	0	0	0	0.002102	0.000020	0.002102	0.000020	0.775932	0.007383
45	A	24420	5817298	5351738	0.004563	458	784	5816965	0	0	0	nan	0	0	0	0	0	0	nan	0	0	0	0.004563	0.000029	0.004563	0.000029	0.766376	0.004871
46	G	5559	5819396	5228995	0.001063	458	784	5819068	0	0	0	nan	0	0	0	0	0	0	nan	0	0	0	0.001063	0.000014	0.001063	0.000014	0.477538	0.006289
47	G	9803	5823580	5285135	0.001855	458	784	5823250	0	0	0	nan	0	0	0	0	0	0	nan	0	0	0	0.001855	0.000019	0.001855	0.000019	0.833333	0.008535
48	A	10830	5830532	5215862	0.002076	459	784	5830196	0	0	0	nan	0	0	0	0	0	0	nan	0	0	0	0.002076	0.000020	0.002076	0.000020	0.348673	0.003359
49	G	18952	5831866	5250711	0.003609	458	784	5831544	0	0	0	nan	0	0	0	0	0	0	nan	0	0	0	0.003609	0.000026	0.003609	0.000026	1.621294	0.011680
50	G	5515	5841050	5110497	0.001079	460	784	5840760	0	0	0	nan	0	0	0	0	0	0	nan	0	0	0	0.001079	0.000015	0.001079	0.000015	0.484726	0.006739
51	U	18402	5844378	5253358	0.003503	460	784	5844131	0	0	0	nan	0	0	0	0	0	0	nan	0	0	0	0.003503	0.000026	0.003503	0.000026	1.000000	0.007422
52	U	15568	5850572	5253173	0.002964	461	784	5850385	0	0	0	nan	0	0	0	0	0	0	nan	0	0	0	0.002964	0.000024	0.002964	0.000024	0.846132	0.006851
53	A	13100	5855189	5460825	0.002399	459	784	5855023	0	0	0	nan	0	0	0	0	0	0	nan	0	0	0	0.002399	0.000021	0.002399	0.000021	0.402922	0.003527
54	A	24536	5857843	5579360	0.004398	460	784	5857718	0	0	0	nan	0	0	0	0	0	0	nan	0	0	0	0.004398	0.000028	0.004398	0.000028	0.738663	0.004703
55	U	12116	5858642	5514896	0.002197	460	784	5858543	0	0	0	nan	0	0	0	0	0	0	nan	0	0	0	0.002197	0.000020	0.002197	0.000020	0.627177	0.005709
56	G	8268	5859368	5333053	0.001550	460	784	5859278	0	0	0	nan	0	0	0	0	0	0	nan	0	0	0	0.001550	0.000017	0.001550	0.000017	0.696316	0.007637
57	G	0	5860194	5360219	0.000000	460	784	5860132	0	0	0	nan	0	0	0	0	0	0	nan	0	0	0	0.000000	0.000000	0.000000	0.000000	0.000000	0.000000
58	A	0	5861967	62	0.000000	459	784	5861967	0	0	0	nan	0	0	0	0	0	0	nan	0	0	0	0.000000	0.000000	nan	nan	nan	nan
59	A	0	5861892	33	0.000000	458	784	5861892	0	0	0	nan	0	0	0	0	0	0	nan	0	0	0	0.000000	0.000000	nan	nan	nan	nan
60	G	0	5861839	16	0.000000	457	784	5861839	0	0	0	nan	0	0	0	0	0	0	nan	0	0	0	0.000000	0.000000	nan	nan	nan	nan
61	u	0	5861803	0	nan	457	784	5861803	0	0	0	nan	0	0	0	0	0	0	nan	0	0	0	nan	nan	nan	nan	nan	nan
62	a	0	5861690	0	nan	455	782	5861690	0	0	0	nan	0	0	0	0	0	0	nan	0	0	0	nan	nan	nan	nan	nan	nan
63	a	0	5861644	0	nan	452	782	5861644	0	0	0	nan	0	0	0	0	0	0	nan	0	0	0	nan	nan	nan	nan	nan	nan
64	a	0	5861620	0	nan	450	782	5861620	0	0	0	nan	0	0	0	0	0	0	nan	0	0	0	nan	nan	nan	nan	nan	nan
65	g	0	5861593	0	nan	443	733	5861593	0	0	0	nan	0	0	0	0	0	0	nan	0	0	0	nan	nan	nan	nan	nan	nan
66	g	0	5861573	0	nan	435	724	5861573	0	0	0	nan	0	0	0	0	0	0	nan	0	0	0	nan	nan	nan	nan	nan	nan
67	u	0	5861538	0	nan	433	723	5861538	0	0	0	nan	0	0	0	0	0	0	nan	0	0	0	nan	nan	nan	nan	nan	nan
68	a	0	5861508	0	nan	430	701	5861508	0	0	0	nan	0	0	0	0	0	0	nan	0	0	0	nan	nan	nan	nan	nan	nan
69	a	0	5861477	0	nan	430	700	5861477	0	0	0	nan	0	0	0	0	0	0	nan	0	0	0	nan	nan	nan	nan	nan	nan
70	u	0	5861457	0	nan	427	698	5861457	0	0	0	nan	0	0	0	0	0	0	nan	0	0	0	nan	nan	nan	nan	nan	nan
71	g	0	5861397	0	nan	427	698	5861397	0	0	0	nan	0	0	0	0	0	0	nan	0	0	0	nan	nan	nan	nan	nan	nan
72	a	0	5861342	0	nan	425	696	5861342	0	0	0	nan	0	0	0	0	0	0	nan	0	0	0	nan	nan	nan	nan	nan	nan
73	a	0	5861330	0	nan	425	696	5861330	0	0	0	nan	0	0	0	0	0	0	nan	0	0	0	nan	nan	nan	nan	nan	nan
74	g	0	5861309	0	nan	425	696	5861309	0	0	0	nan	0	0	0	0	0	0	nan	0	0	0	nan	nan	nan	nan	nan	nan
75	g	0	5861257	0	nan	425	692	5861257	0	0	0	nan	0	0	0	0	0	0	nan	0	0	0	nan	nan	nan	nan	nan	nan
76	u	0	5861150	0	nan	425	692	5861150	0	0	0	nan	0	0	0	0	0	0	nan	0	0	0	nan	nan	nan	nan	nan	nan
77	g	0	5861048	0	nan	425	685	5861048	0	0	0	nan	0	0	0	0	0	0	nan	0	0	0	nan	nan	nan	nan	nan	nan
78	a	0	5860964	0	nan	425	684	5860964	0	0	0	nan	0	0	0	0	0	0	nan	0	0	0	nan	nan	nan	nan	nan	nan
79	a	0	5856917	0	nan	417	682	5856917	0	0	0	nan	0	0	0	0	0	0	nan	0	0	0	nan	nan	nan	nan	nan	nan
80	g	0	5854517	0	nan	417	669	5854517	0	0	0	nan	0	0	0	0	0	0	nan	0	0	0	nan	nan	nan	nan	nan	nan