Nucleotide	Sequence	Modified_mutations	Modified_read_depth	Modified_effective_depth	Modified_rate	Modified_off_target_mapped_depth	Modified_low_mapq_mapped_depth	Modified_primer_pair_1_mapped_depth	Untreated_mutations	Untreated_read_depth	Untreated_effective_depth	Untreated_rate	Untreated_off_target_mapped_depth	Untreated_low_mapq_mapped_depth	Untreated_primer_pair_1_mapped_depth	Denatured_mutations	Denatured_read_depth	Denatured_effective_depth	Denatured_rate	Denatured_off_target_mapped_depth	Denatured_low_mapq_mapped_depth	Denatured_primer_pair_1_mapped_depth	Reactivity_profile	Std_err	HQ_profile	HQ_stderr	Norm_profile	Norm_stderr
1	g	0	212635	0	nan	8	0	212635	0	0	0	nan	0	0	0	0	0	0	nan	0	0	0	nan	nan	nan	nan	nan	nan
2	g	0	213081	0	nan	8	0	213081	0	0	0	nan	0	0	0	0	0	0	nan	0	0	0	nan	nan	nan	nan	nan	nan
3	c	0	213209	0	nan	9	0	213209	0	0	0	nan	0	0	0	0	0	0	nan	0	0	0	nan	nan	nan	nan	nan	nan
4	a	0	214738	0	nan	12	0	214738	0	0	0	nan	0	0	0	0	0	0	nan	0	0	0	nan	nan	nan	nan	nan	nan
5	c	0	214789	0	nan	12	0	214789	0	0	0	nan	0	0	0	0	0	0	nan	0	0	0	nan	nan	nan	nan	nan	nan
6	c	0	214804	0	nan	12	0	214804	0	0	0	nan	0	0	0	0	0	0	nan	0	0	0	nan	nan	nan	nan	nan	nan
7	u	0	214805	0	nan	12	0	214805	0	0	0	nan	0	0	0	0	0	0	nan	0	0	0	nan	nan	nan	nan	nan	nan
8	c	0	214808	0	nan	12	0	214808	0	0	0	nan	0	0	0	0	0	0	nan	0	0	0	nan	nan	nan	nan	nan	nan
9	a	0	214808	0	nan	12	0	214808	0	0	0	nan	0	0	0	0	0	0	nan	0	0	0	nan	nan	nan	nan	nan	nan
10	u	0	214824	0	nan	12	0	214824	0	0	0	nan	0	0	0	0	0	0	nan	0	0	0	nan	nan	nan	nan	nan	nan
11	a	0	214841	0	nan	12	0	214841	0	0	0	nan	0	0	0	0	0	0	nan	0	0	0	nan	nan	nan	nan	nan	nan
12	a	0	214862	0	nan	12	0	214862	0	0	0	nan	0	0	0	0	0	0	nan	0	0	0	nan	nan	nan	nan	nan	nan
13	c	0	214867	0	nan	12	0	214867	0	0	0	nan	0	0	0	0	0	0	nan	0	0	0	nan	nan	nan	nan	nan	nan
14	a	0	214870	0	nan	12	0	214870	0	0	0	nan	0	0	0	0	0	0	nan	0	0	0	nan	nan	nan	nan	nan	nan
15	u	0	214872	0	nan	12	0	214872	0	0	0	nan	0	0	0	0	0	0	nan	0	0	0	nan	nan	nan	nan	nan	nan
16	a	0	214878	0	nan	12	0	214878	0	0	0	nan	0	0	0	0	0	0	nan	0	0	0	nan	nan	nan	nan	nan	nan
17	a	0	214880	0	nan	12	0	214880	0	0	0	nan	0	0	0	0	0	0	nan	0	0	0	nan	nan	nan	nan	nan	nan
18	c	0	214887	0	nan	12	0	214887	0	0	0	nan	0	0	0	0	0	0	nan	0	0	0	nan	nan	nan	nan	nan	nan
19	U	0	214890	2	0.000000	12	0	214890	0	0	0	nan	0	0	0	0	0	0	nan	0	0	0	0.000000	0.000000	nan	nan	nan	nan
20	A	0	214902	8	0.000000	12	0	214902	0	0	0	nan	0	0	0	0	0	0	nan	0	0	0	0.000000	0.000000	nan	nan	nan	nan
21	A	0	214906	9	0.000000	12	0	214906	0	0	0	nan	0	0	0	0	0	0	nan	0	0	0	0.000000	0.000000	nan	nan	nan	nan
22	G	0	214917	212213	0.000000	12	0	214917	0	0	0	nan	0	0	0	0	0	0	nan	0	0	0	0.000000	0.000000	0.000000	0.000000	0.000000	0.000000
23	G	392	214920	199189	0.001968	12	0	214920	0	0	0	nan	0	0	0	0	0	0	nan	0	0	0	0.001968	0.000099	0.001968	0.000099	0.785002	0.039489
24	C	1874	214935	205446	0.009122	12	0	214935	0	0	0	nan	0	0	0	0	0	0	nan	0	0	0	0.009122	0.000211	0.009122	0.000211	1.630676	0.037719
25	A	2779	214955	206083	0.013485	12	0	214955	0	0	0	nan	0	0	0	0	0	0	nan	0	0	0	0.013485	0.000256	0.013485	0.000256	0.451177	0.008565
26	G	345	214966	203254	0.001697	12	0	214966	0	0	0	nan	0	0	0	0	0	0	nan	0	0	0	0.001697	0.000091	0.001697	0.000091	0.676905	0.036298
27	A	6267	214975	211129	0.029683	12	0	214973	0	0	0	nan	0	0	0	0	0	0	nan	0	0	0	0.029683	0.000375	0.029683	0.000375	0.993124	0.012547
28	U	1248	214977	210826	0.005920	12	0	214976	0	0	0	nan	0	0	0	0	0	0	nan	0	0	0	0.005920	0.000168	0.005920	0.000168	1.193970	0.033883
29	C	12026	214977	211410	0.056885	12	0	214972	0	0	0	nan	0	0	0	0	0	0	nan	0	0	0	0.056885	0.000519	0.056885	0.000519	10.168931	0.092778
30	U	1069	214977	211322	0.005059	12	0	214968	0	0	0	nan	0	0	0	0	0	0	nan	0	0	0	0.005059	0.000155	0.005059	0.000155	1.020320	0.031261
31	G	315	214981	208112	0.001514	12	0	214971	0	0	0	nan	0	0	0	0	0	0	nan	0	0	0	0.001514	0.000085	0.001514	0.000085	0.603909	0.033905
32	A	1934	214981	211055	0.009163	12	0	214970	0	0	0	nan	0	0	0	0	0	0	nan	0	0	0	0.009163	0.000208	0.009163	0.000208	0.306573	0.006959
33	G	391	214983	196327	0.001992	12	0	214971	0	0	0	nan	0	0	0	0	0	0	nan	0	0	0	0.001992	0.000101	0.001992	0.000101	0.794575	0.040287
34	C	929	214983	201632	0.004607	12	0	214971	0	0	0	nan	0	0	0	0	0	0	nan	0	0	0	0.004607	0.000151	0.004607	0.000151	0.823561	0.026993
35	C	751	214986	201836	0.003721	12	0	214964	0	0	0	nan	0	0	0	0	0	0	nan	0	0	0	0.003721	0.000136	0.003721	0.000136	0.665177	0.024312
36	U	919	214993	205050	0.004482	12	0	214952	0	0	0	nan	0	0	0	0	0	0	nan	0	0	0	0.004482	0.000148	0.004482	0.000148	0.903948	0.029849
37	G	512	215026	205086	0.002497	12	0	214973	0	0	0	nan	0	0	0	0	0	0	nan	0	0	0	0.002497	0.000110	0.002497	0.000110	0.996011	0.043877
38	G	261	215059	205858	0.001268	12	0	215030	0	0	0	nan	0	0	0	0	0	0	nan	0	0	0	0.001268	0.000078	0.001268	0.000078	0.505784	0.031113
39	G	511	215065	205702	0.002484	12	0	215039	0	0	0	nan	0	0	0	0	0	0	nan	0	0	0	0.002484	0.000110	0.002484	0.000110	0.990826	0.043877
40	G	539	215068	206213	0.002614	12	0	215044	0	0	0	nan	0	0	0	0	0	0	nan	0	0	0	0.002614	0.000113	0.002614	0.000113	1.042680	0.045074
41	G	505	215071	201446	0.002507	12	0	215056	0	0	0	nan	0	0	0	0	0	0	nan	0	0	0	0.002507	0.000112	0.002507	0.000112	1.000000	0.044675
42	C	732	215072	213582	0.003427	12	0	215062	0	0	0	nan	0	0	0	0	0	0	nan	0	0	0	0.003427	0.000127	0.003427	0.000127	0.612621	0.022703
43	U	772	215073	213906	0.003609	12	0	215063	0	0	0	nan	0	0	0	0	0	0	nan	0	0	0	0.003609	0.000130	0.003609	0.000130	0.727878	0.026219
44	C	575	215075	214050	0.002686	12	0	215067	0	0	0	nan	0	0	0	0	0	0	nan	0	0	0	0.002686	0.000112	0.002686	0.000112	0.480157	0.020021
45	U	997	215075	214121	0.004656	12	0	215068	0	0	0	nan	0	0	0	0	0	0	nan	0	0	0	0.004656	0.000147	0.004656	0.000147	0.939041	0.029648
46	C	1054	215075	214147	0.004922	12	0	215068	0	0	0	nan	0	0	0	0	0	0	nan	0	0	0	0.004922	0.000152	0.004922	0.000152	0.879871	0.027172
47	U	883	215079	213937	0.004127	12	0	215068	0	0	0	nan	0	0	0	0	0	0	nan	0	0	0	0.004127	0.000139	0.004127	0.000139	0.832350	0.028034
48	G	517	215082	208207	0.002483	12	0	215071	0	0	0	nan	0	0	0	0	0	0	nan	0	0	0	0.002483	0.000109	0.002483	0.000109	0.990427	0.043478
49	C	1191	215089	212888	0.005594	11	0	215080	0	0	0	nan	0	0	0	0	0	0	nan	0	0	0	0.005594	0.000162	0.005594	0.000162	1.000000	0.028960
50	C	1139	215091	212425	0.005362	11	0	215084	0	0	0	nan	0	0	0	0	0	0	nan	0	0	0	0.005362	0.000159	0.005362	0.000159	0.958527	0.028423
51	A	6502	215094	213142	0.030505	11	0	215093	0	0	0	nan	0	0	0	0	0	0	nan	0	0	0	0.030505	0.000378	0.030505	0.000378	1.020627	0.012647
52	A	0	215092	213448	0.000000	11	0	215092	0	0	0	nan	0	0	0	0	0	0	nan	0	0	0	0.000000	0.000000	0.000000	0.000000	0.000000	0.000000
53	U	0	215081	69	0.000000	9	0	215081	0	0	0	nan	0	0	0	0	0	0	nan	0	0	0	0.000000	0.000000	nan	nan	nan	nan
54	C	0	214987	0	nan	7	0	214987	0	0	0	nan	0	0	0	0	0	0	nan	0	0	0	nan	nan	nan	nan	nan	nan
55	C	0	214987	0	nan	7	0	214987	0	0	0	nan	0	0	0	0	0	0	nan	0	0	0	nan	nan	nan	nan	nan	nan
56	a	0	214987	0	nan	7	0	214987	0	0	0	nan	0	0	0	0	0	0	nan	0	0	0	nan	nan	nan	nan	nan	nan
57	c	0	214987	0	nan	7	0	214987	0	0	0	nan	0	0	0	0	0	0	nan	0	0	0	nan	nan	nan	nan	nan	nan
58	u	0	214987	0	nan	7	0	214987	0	0	0	nan	0	0	0	0	0	0	nan	0	0	0	nan	nan	nan	nan	nan	nan
59	a	0	214987	0	nan	7	0	214987	0	0	0	nan	0	0	0	0	0	0	nan	0	0	0	nan	nan	nan	nan	nan	nan
60	a	0	214987	0	nan	7	0	214987	0	0	0	nan	0	0	0	0	0	0	nan	0	0	0	nan	nan	nan	nan	nan	nan
61	c	0	214987	0	nan	0	0	214987	0	0	0	nan	0	0	0	0	0	0	nan	0	0	0	nan	nan	nan	nan	nan	nan
62	c	0	214987	0	nan	0	0	214987	0	0	0	nan	0	0	0	0	0	0	nan	0	0	0	nan	nan	nan	nan	nan	nan
63	u	0	214987	0	nan	0	0	214987	0	0	0	nan	0	0	0	0	0	0	nan	0	0	0	nan	nan	nan	nan	nan	nan
64	c	0	214987	0	nan	0	0	214987	0	0	0	nan	0	0	0	0	0	0	nan	0	0	0	nan	nan	nan	nan	nan	nan
65	a	0	214987	0	nan	0	0	214987	0	0	0	nan	0	0	0	0	0	0	nan	0	0	0	nan	nan	nan	nan	nan	nan
66	c	0	214987	0	nan	0	0	214987	0	0	0	nan	0	0	0	0	0	0	nan	0	0	0	nan	nan	nan	nan	nan	nan
67	u	0	214987	0	nan	0	0	214987	0	0	0	nan	0	0	0	0	0	0	nan	0	0	0	nan	nan	nan	nan	nan	nan
68	c	0	214987	0	nan	0	0	214987	0	0	0	nan	0	0	0	0	0	0	nan	0	0	0	nan	nan	nan	nan	nan	nan
69	a	0	214987	0	nan	0	0	214987	0	0	0	nan	0	0	0	0	0	0	nan	0	0	0	nan	nan	nan	nan	nan	nan
70	c	0	214974	0	nan	0	0	214974	0	0	0	nan	0	0	0	0	0	0	nan	0	0	0	nan	nan	nan	nan	nan	nan
71	a	0	214969	0	nan	0	0	214969	0	0	0	nan	0	0	0	0	0	0	nan	0	0	0	nan	nan	nan	nan	nan	nan
72	a	0	214906	0	nan	0	0	214906	0	0	0	nan	0	0	0	0	0	0	nan	0	0	0	nan	nan	nan	nan	nan	nan
73	u	0	214801	0	nan	0	0	214801	0	0	0	nan	0	0	0	0	0	0	nan	0	0	0	nan	nan	nan	nan	nan	nan
74	c	0	214530	0	nan	0	0	214530	0	0	0	nan	0	0	0	0	0	0	nan	0	0	0	nan	nan	nan	nan	nan	nan