Nucleotide	Sequence	Modified_mutations	Modified_read_depth	Modified_effective_depth	Modified_rate	Modified_off_target_mapped_depth	Modified_low_mapq_mapped_depth	Modified_primer_pair_1_mapped_depth	Untreated_mutations	Untreated_read_depth	Untreated_effective_depth	Untreated_rate	Untreated_off_target_mapped_depth	Untreated_low_mapq_mapped_depth	Untreated_primer_pair_1_mapped_depth	Denatured_mutations	Denatured_read_depth	Denatured_effective_depth	Denatured_rate	Denatured_off_target_mapped_depth	Denatured_low_mapq_mapped_depth	Denatured_primer_pair_1_mapped_depth	Reactivity_profile	Std_err	HQ_profile	HQ_stderr	Norm_profile	Norm_stderr
1	g	0	450082	0	nan	3	8	450082	0	0	0	nan	0	0	0	0	0	0	nan	0	0	0	nan	nan	nan	nan	nan	nan
2	g	0	450394	0	nan	3	8	450394	0	0	0	nan	0	0	0	0	0	0	nan	0	0	0	nan	nan	nan	nan	nan	nan
3	u	0	450533	0	nan	3	8	450533	0	0	0	nan	0	0	0	0	0	0	nan	0	0	0	nan	nan	nan	nan	nan	nan
4	g	0	450616	0	nan	3	8	450616	0	0	0	nan	0	0	0	0	0	0	nan	0	0	0	nan	nan	nan	nan	nan	nan
5	u	0	450671	0	nan	3	8	450671	0	0	0	nan	0	0	0	0	0	0	nan	0	0	0	nan	nan	nan	nan	nan	nan
6	a	0	450675	0	nan	3	8	450675	0	0	0	nan	0	0	0	0	0	0	nan	0	0	0	nan	nan	nan	nan	nan	nan
7	a	0	450678	0	nan	3	8	450678	0	0	0	nan	0	0	0	0	0	0	nan	0	0	0	nan	nan	nan	nan	nan	nan
8	g	0	450691	0	nan	3	8	450691	0	0	0	nan	0	0	0	0	0	0	nan	0	0	0	nan	nan	nan	nan	nan	nan
9	g	0	450758	0	nan	3	8	450758	0	0	0	nan	0	0	0	0	0	0	nan	0	0	0	nan	nan	nan	nan	nan	nan
10	g	0	457356	0	nan	3	8	457356	0	0	0	nan	0	0	0	0	0	0	nan	0	0	0	nan	nan	nan	nan	nan	nan
11	u	0	457486	0	nan	3	8	457486	0	0	0	nan	0	0	0	0	0	0	nan	0	0	0	nan	nan	nan	nan	nan	nan
12	g	0	457528	0	nan	3	8	457528	0	0	0	nan	0	0	0	0	0	0	nan	0	0	0	nan	nan	nan	nan	nan	nan
13	a	0	457534	0	nan	3	8	457534	0	0	0	nan	0	0	0	0	0	0	nan	0	0	0	nan	nan	nan	nan	nan	nan
14	a	0	457536	0	nan	3	8	457536	0	0	0	nan	0	0	0	0	0	0	nan	0	0	0	nan	nan	nan	nan	nan	nan
15	g	0	457542	0	nan	146	8	457542	0	0	0	nan	0	0	0	0	0	0	nan	0	0	0	nan	nan	nan	nan	nan	nan
16	u	0	457545	0	nan	150	8	457545	0	0	0	nan	0	0	0	0	0	0	nan	0	0	0	nan	nan	nan	nan	nan	nan
17	g	0	457547	0	nan	150	8	457547	0	0	0	nan	0	0	0	0	0	0	nan	0	0	0	nan	nan	nan	nan	nan	nan
18	u	0	457548	0	nan	151	8	457548	0	0	0	nan	0	0	0	0	0	0	nan	0	0	0	nan	nan	nan	nan	nan	nan
19	a	0	457557	0	nan	151	8	457557	0	0	0	nan	0	0	0	0	0	0	nan	0	0	0	nan	nan	nan	nan	nan	nan
20	A	0	457569	1	0.000000	157	8	457569	0	0	0	nan	0	0	0	0	0	0	nan	0	0	0	0.000000	0.000000	nan	nan	nan	nan
21	G	0	457587	13	0.000000	167	8	457587	0	0	0	nan	0	0	0	0	0	0	nan	0	0	0	0.000000	0.000000	nan	nan	nan	nan
22	G	0	457598	20	0.000000	167	8	457598	0	0	0	nan	0	0	0	0	0	0	nan	0	0	0	0.000000	0.000000	nan	nan	nan	nan
23	U	0	457604	456330	0.000000	175	8	457604	0	0	0	nan	0	0	0	0	0	0	nan	0	0	0	0.000000	0.000000	0.000000	0.000000	nan	nan
24	U	596	457604	456250	0.001306	175	8	457604	0	0	0	nan	0	0	0	0	0	0	nan	0	0	0	0.001306	0.000054	0.001306	0.000054	nan	nan
25	G	258	457604	455140	0.000567	175	8	457604	0	0	0	nan	0	0	0	0	0	0	nan	0	0	0	0.000567	0.000035	0.000567	0.000035	nan	nan
26	A	12932	457605	455470	0.028393	175	8	457604	0	0	0	nan	0	0	0	0	0	0	nan	0	0	0	0.028393	0.000250	0.028393	0.000250	0.943603	0.008308
27	A	13706	457605	454870	0.030132	175	8	457604	0	0	0	nan	0	0	0	0	0	0	nan	0	0	0	0.030132	0.000257	0.030132	0.000257	1.001396	0.008541
28	C	14667	457607	452794	0.032392	175	8	457606	0	0	0	nan	0	0	0	0	0	0	nan	0	0	0	0.032392	0.000267	0.032392	0.000267	0.881715	0.007268
29	U	570	457608	454278	0.001255	175	8	457606	0	0	0	nan	0	0	0	0	0	0	nan	0	0	0	0.001255	0.000053	0.001255	0.000053	nan	nan
30	U	659	457611	454795	0.001449	175	8	457607	0	0	0	nan	0	0	0	0	0	0	nan	0	0	0	0.001449	0.000056	0.001449	0.000056	nan	nan
31	U	795	457622	455133	0.001747	175	8	457618	0	0	0	nan	0	0	0	0	0	0	nan	0	0	0	0.001747	0.000062	0.001747	0.000062	nan	nan
32	U	545	457629	455455	0.001197	175	8	457622	0	0	0	nan	0	0	0	0	0	0	nan	0	0	0	0.001197	0.000051	0.001197	0.000051	nan	nan
33	G	158	457733	454000	0.000348	175	8	457723	0	0	0	nan	0	0	0	0	0	0	nan	0	0	0	0.000348	0.000028	0.000348	0.000028	nan	nan
34	A	13548	457792	454693	0.029796	175	8	457775	0	0	0	nan	0	0	0	0	0	0	nan	0	0	0	0.029796	0.000256	0.029796	0.000256	0.990229	0.008508
35	A	11849	457806	454146	0.026091	175	8	457790	0	0	0	nan	0	0	0	0	0	0	nan	0	0	0	0.026091	0.000240	0.026091	0.000240	0.867099	0.007976
36	U	421	457808	454280	0.000927	175	8	457790	0	0	0	nan	0	0	0	0	0	0	nan	0	0	0	0.000927	0.000045	0.000927	0.000045	nan	nan
37	A	12023	457810	454547	0.026451	175	8	457790	0	0	0	nan	0	0	0	0	0	0	nan	0	0	0	0.026451	0.000241	0.026451	0.000241	0.879063	0.008009
38	G	404	457812	452256	0.000893	175	8	457796	0	0	0	nan	0	0	0	0	0	0	nan	0	0	0	0.000893	0.000044	0.000893	0.000044	nan	nan
39	U	630	457815	455164	0.001384	175	8	457798	0	0	0	nan	0	0	0	0	0	0	nan	0	0	0	0.001384	0.000055	0.001384	0.000055	nan	nan
40	G	476	457817	453445	0.001050	175	8	457801	0	0	0	nan	0	0	0	0	0	0	nan	0	0	0	0.001050	0.000048	0.001050	0.000048	nan	nan
41	A	15103	457821	454234	0.033249	175	8	457803	0	0	0	nan	0	0	0	0	0	0	nan	0	0	0	0.033249	0.000271	0.033249	0.000271	1.104985	0.009006
42	U	823	457825	453976	0.001813	175	8	457806	0	0	0	nan	0	0	0	0	0	0	nan	0	0	0	0.001813	0.000063	0.001813	0.000063	nan	nan
43	U	706	457829	454156	0.001555	176	8	457812	0	0	0	nan	0	0	0	0	0	0	nan	0	0	0	0.001555	0.000059	0.001555	0.000059	nan	nan
44	C	17295	457836	452914	0.038186	176	8	457817	0	0	0	nan	0	0	0	0	0	0	nan	0	0	0	0.038186	0.000290	0.038186	0.000290	1.039428	0.007894
45	A	14446	457836	453318	0.031867	176	8	457817	0	0	0	nan	0	0	0	0	0	0	nan	0	0	0	0.031867	0.000265	0.031867	0.000265	1.059056	0.008807
46	G	411	457846	452481	0.000908	176	8	457829	0	0	0	nan	0	0	0	0	0	0	nan	0	0	0	0.000908	0.000045	0.000908	0.000045	nan	nan
47	G	352	457848	452636	0.000778	175	8	457832	0	0	0	nan	0	0	0	0	0	0	nan	0	0	0	0.000778	0.000041	0.000778	0.000041	nan	nan
48	A	13604	457848	454014	0.029964	175	8	457832	0	0	0	nan	0	0	0	0	0	0	nan	0	0	0	0.029964	0.000257	0.029964	0.000257	0.995813	0.008541
49	G	391	457852	453203	0.000863	175	8	457840	0	0	0	nan	0	0	0	0	0	0	nan	0	0	0	0.000863	0.000044	0.000863	0.000044	nan	nan
50	G	465	457853	446251	0.001042	175	8	457843	0	0	0	nan	0	0	0	0	0	0	nan	0	0	0	0.001042	0.000048	0.001042	0.000048	nan	nan
51	U	605	457855	447727	0.001351	174	8	457845	0	0	0	nan	0	0	0	0	0	0	nan	0	0	0	0.001351	0.000055	0.001351	0.000055	nan	nan
52	U	645	457854	447045	0.001443	174	8	457844	0	0	0	nan	0	0	0	0	0	0	nan	0	0	0	0.001443	0.000057	0.001443	0.000057	nan	nan
53	A	13447	457848	452965	0.029687	171	8	457818	0	0	0	nan	0	0	0	0	0	0	nan	0	0	0	0.029687	0.000256	0.029687	0.000256	0.986607	0.008508
54	A	11645	457583	452600	0.025729	139	8	457202	0	0	0	nan	0	0	0	0	0	0	nan	0	0	0	0.025729	0.000238	0.025729	0.000238	0.855068	0.007910
55	U	763	457585	452602	0.001686	139	8	457259	0	0	0	nan	0	0	0	0	0	0	nan	0	0	0	0.001686	0.000061	0.001686	0.000061	nan	nan
56	G	614	457587	452796	0.001356	139	8	457295	0	0	0	nan	0	0	0	0	0	0	nan	0	0	0	0.001356	0.000055	0.001356	0.000055	nan	nan
57	G	0	457601	451928	0.000000	139	8	457568	0	0	0	nan	0	0	0	0	0	0	nan	0	0	0	0.000000	0.000000	0.000000	0.000000	nan	nan
58	A	0	457602	0	nan	139	8	457602	0	0	0	nan	0	0	0	0	0	0	nan	0	0	0	nan	nan	nan	nan	nan	nan
59	A	0	457602	0	nan	139	8	457602	0	0	0	nan	0	0	0	0	0	0	nan	0	0	0	nan	nan	nan	nan	nan	nan
60	G	0	457602	0	nan	139	8	457602	0	0	0	nan	0	0	0	0	0	0	nan	0	0	0	nan	nan	nan	nan	nan	nan
61	u	0	457602	0	nan	139	8	457602	0	0	0	nan	0	0	0	0	0	0	nan	0	0	0	nan	nan	nan	nan	nan	nan
62	a	0	457602	0	nan	139	8	457602	0	0	0	nan	0	0	0	0	0	0	nan	0	0	0	nan	nan	nan	nan	nan	nan
63	a	0	457602	0	nan	139	8	457602	0	0	0	nan	0	0	0	0	0	0	nan	0	0	0	nan	nan	nan	nan	nan	nan
64	a	0	457602	0	nan	138	8	457602	0	0	0	nan	0	0	0	0	0	0	nan	0	0	0	nan	nan	nan	nan	nan	nan
65	g	0	457602	0	nan	135	8	457602	0	0	0	nan	0	0	0	0	0	0	nan	0	0	0	nan	nan	nan	nan	nan	nan
66	g	0	457602	0	nan	135	8	457602	0	0	0	nan	0	0	0	0	0	0	nan	0	0	0	nan	nan	nan	nan	nan	nan
67	u	0	457602	0	nan	134	8	457602	0	0	0	nan	0	0	0	0	0	0	nan	0	0	0	nan	nan	nan	nan	nan	nan
68	a	0	457602	0	nan	134	8	457602	0	0	0	nan	0	0	0	0	0	0	nan	0	0	0	nan	nan	nan	nan	nan	nan
69	a	0	457602	0	nan	134	8	457602	0	0	0	nan	0	0	0	0	0	0	nan	0	0	0	nan	nan	nan	nan	nan	nan
70	u	0	457602	0	nan	134	8	457602	0	0	0	nan	0	0	0	0	0	0	nan	0	0	0	nan	nan	nan	nan	nan	nan
71	g	0	457602	0	nan	134	8	457602	0	0	0	nan	0	0	0	0	0	0	nan	0	0	0	nan	nan	nan	nan	nan	nan
72	a	0	457602	0	nan	134	8	457602	0	0	0	nan	0	0	0	0	0	0	nan	0	0	0	nan	nan	nan	nan	nan	nan
73	a	0	457602	0	nan	134	8	457602	0	0	0	nan	0	0	0	0	0	0	nan	0	0	0	nan	nan	nan	nan	nan	nan
74	g	0	457601	0	nan	134	8	457601	0	0	0	nan	0	0	0	0	0	0	nan	0	0	0	nan	nan	nan	nan	nan	nan
75	g	0	457598	0	nan	134	8	457598	0	0	0	nan	0	0	0	0	0	0	nan	0	0	0	nan	nan	nan	nan	nan	nan
76	u	0	457590	0	nan	134	8	457590	0	0	0	nan	0	0	0	0	0	0	nan	0	0	0	nan	nan	nan	nan	nan	nan
77	g	0	457580	0	nan	134	8	457580	0	0	0	nan	0	0	0	0	0	0	nan	0	0	0	nan	nan	nan	nan	nan	nan
78	a	0	457572	0	nan	134	8	457572	0	0	0	nan	0	0	0	0	0	0	nan	0	0	0	nan	nan	nan	nan	nan	nan
79	a	0	457438	0	nan	134	8	457438	0	0	0	nan	0	0	0	0	0	0	nan	0	0	0	nan	nan	nan	nan	nan	nan
80	g	0	457221	0	nan	134	8	457221	0	0	0	nan	0	0	0	0	0	0	nan	0	0	0	nan	nan	nan	nan	nan	nan