Nucleotide	Sequence	Modified_mutations	Modified_read_depth	Modified_effective_depth	Modified_rate	Modified_off_target_mapped_depth	Modified_low_mapq_mapped_depth	Modified_primer_pair_1_mapped_depth	Untreated_mutations	Untreated_read_depth	Untreated_effective_depth	Untreated_rate	Untreated_off_target_mapped_depth	Untreated_low_mapq_mapped_depth	Untreated_primer_pair_1_mapped_depth	Denatured_mutations	Denatured_read_depth	Denatured_effective_depth	Denatured_rate	Denatured_off_target_mapped_depth	Denatured_low_mapq_mapped_depth	Denatured_primer_pair_1_mapped_depth	Reactivity_profile	Std_err	HQ_profile	HQ_stderr	Norm_profile	Norm_stderr
1	g	0	685618	0	nan	4	27	685618	0	0	0	nan	0	0	0	0	0	0	nan	0	0	0	nan	nan	nan	nan	nan	nan
2	g	0	687007	0	nan	4	27	687007	0	0	0	nan	0	0	0	0	0	0	nan	0	0	0	nan	nan	nan	nan	nan	nan
3	u	0	687407	0	nan	4	27	687407	0	0	0	nan	0	0	0	0	0	0	nan	0	0	0	nan	nan	nan	nan	nan	nan
4	g	0	687585	0	nan	4	27	687585	0	0	0	nan	0	0	0	0	0	0	nan	0	0	0	nan	nan	nan	nan	nan	nan
5	u	0	687836	0	nan	4	27	687836	0	0	0	nan	0	0	0	0	0	0	nan	0	0	0	nan	nan	nan	nan	nan	nan
6	a	0	687848	0	nan	4	27	687848	0	0	0	nan	0	0	0	0	0	0	nan	0	0	0	nan	nan	nan	nan	nan	nan
7	a	0	687867	0	nan	4	27	687867	0	0	0	nan	0	0	0	0	0	0	nan	0	0	0	nan	nan	nan	nan	nan	nan
8	g	0	687898	0	nan	4	27	687898	0	0	0	nan	0	0	0	0	0	0	nan	0	0	0	nan	nan	nan	nan	nan	nan
9	g	0	688071	0	nan	4	27	688071	0	0	0	nan	0	0	0	0	0	0	nan	0	0	0	nan	nan	nan	nan	nan	nan
10	g	0	713046	0	nan	4	27	713046	0	0	0	nan	0	0	0	0	0	0	nan	0	0	0	nan	nan	nan	nan	nan	nan
11	u	0	713401	0	nan	4	27	713401	0	0	0	nan	0	0	0	0	0	0	nan	0	0	0	nan	nan	nan	nan	nan	nan
12	g	0	713657	0	nan	4	27	713657	0	0	0	nan	0	0	0	0	0	0	nan	0	0	0	nan	nan	nan	nan	nan	nan
13	a	0	713676	0	nan	11	27	713676	0	0	0	nan	0	0	0	0	0	0	nan	0	0	0	nan	nan	nan	nan	nan	nan
14	a	0	713694	0	nan	19	27	713694	0	0	0	nan	0	0	0	0	0	0	nan	0	0	0	nan	nan	nan	nan	nan	nan
15	g	0	713700	0	nan	91	27	713700	0	0	0	nan	0	0	0	0	0	0	nan	0	0	0	nan	nan	nan	nan	nan	nan
16	u	0	713789	0	nan	93	27	713789	0	0	0	nan	0	0	0	0	0	0	nan	0	0	0	nan	nan	nan	nan	nan	nan
17	g	0	713824	0	nan	94	27	713824	0	0	0	nan	0	0	0	0	0	0	nan	0	0	0	nan	nan	nan	nan	nan	nan
18	u	0	713911	0	nan	96	27	713911	0	0	0	nan	0	0	0	0	0	0	nan	0	0	0	nan	nan	nan	nan	nan	nan
19	a	0	714020	0	nan	100	27	714020	0	0	0	nan	0	0	0	0	0	0	nan	0	0	0	nan	nan	nan	nan	nan	nan
20	A	0	714104	56	0.000000	103	27	714104	0	0	0	nan	0	0	0	0	0	0	nan	0	0	0	0.000000	0.000000	nan	nan	nan	nan
21	G	0	714182	103	0.000000	106	27	714182	0	0	0	nan	0	0	0	0	0	0	nan	0	0	0	0.000000	0.000000	nan	nan	nan	nan
22	G	0	714221	116	0.000000	107	27	714221	0	0	0	nan	0	0	0	0	0	0	nan	0	0	0	0.000000	0.000000	nan	nan	nan	nan
23	U	0	714296	711475	0.000000	116	27	714296	0	0	0	nan	0	0	0	0	0	0	nan	0	0	0	0.000000	0.000000	0.000000	0.000000	0.000000	0.000000
24	U	1283	714356	710665	0.001805	118	27	714356	0	0	0	nan	0	0	0	0	0	0	nan	0	0	0	0.001805	0.000050	0.001805	0.000050	0.846226	0.023441
25	G	1166	714378	708088	0.001647	119	27	714378	0	0	0	nan	0	0	0	0	0	0	nan	0	0	0	0.001647	0.000048	0.001647	0.000048	nan	nan
26	A	18061	714389	705771	0.025590	119	27	714369	0	0	0	nan	0	0	0	0	0	0	nan	0	0	0	0.025590	0.000190	0.025590	0.000190	1.046497	0.007770
27	A	16555	714418	705212	0.023475	121	27	714389	0	0	0	nan	0	0	0	0	0	0	nan	0	0	0	0.023475	0.000182	0.023475	0.000182	0.960005	0.007443
28	C	15032	714476	702417	0.021400	123	27	714433	0	0	0	nan	0	0	0	0	0	0	nan	0	0	0	0.021400	0.000175	0.021400	0.000175	1.041629	0.008518
29	U	769	714544	707336	0.001087	123	27	714499	0	0	0	nan	0	0	0	0	0	0	nan	0	0	0	0.001087	0.000039	0.001087	0.000039	0.509611	0.018284
30	U	1127	714664	708525	0.001591	123	27	714611	0	0	0	nan	0	0	0	0	0	0	nan	0	0	0	0.001591	0.000047	0.001591	0.000047	0.745898	0.022035
31	U	1513	714763	709221	0.002133	123	27	714708	0	0	0	nan	0	0	0	0	0	0	nan	0	0	0	0.002133	0.000055	0.002133	0.000055	1.000000	0.025785
32	U	1055	714896	709699	0.001487	128	27	714822	0	0	0	nan	0	0	0	0	0	0	nan	0	0	0	0.001487	0.000046	0.001487	0.000046	0.697140	0.021566
33	G	1120	715041	707176	0.001584	128	27	714964	0	0	0	nan	0	0	0	0	0	0	nan	0	0	0	0.001584	0.000047	0.001584	0.000047	nan	nan
34	A	11654	715128	708883	0.016440	129	27	715056	0	0	0	nan	0	0	0	0	0	0	nan	0	0	0	0.016440	0.000152	0.016440	0.000152	0.672310	0.006216
35	A	8842	715220	708190	0.012485	134	27	715153	0	0	0	nan	0	0	0	0	0	0	nan	0	0	0	0.012485	0.000133	0.012485	0.000133	0.510571	0.005439
36	U	842	715297	707935	0.001189	134	27	715222	0	0	0	nan	0	0	0	0	0	0	nan	0	0	0	0.001189	0.000041	0.001189	0.000041	0.557431	0.019222
37	A	19610	715345	708030	0.027697	142	27	715267	0	0	0	nan	0	0	0	0	0	0	nan	0	0	0	0.027697	0.000198	0.027697	0.000198	1.132663	0.008097
38	G	1033	715485	705041	0.001465	142	27	715405	0	0	0	nan	0	0	0	0	0	0	nan	0	0	0	0.001465	0.000046	0.001465	0.000046	nan	nan
39	U	1317	715651	710162	0.001855	143	27	715574	0	0	0	nan	0	0	0	0	0	0	nan	0	0	0	0.001855	0.000051	0.001855	0.000051	0.869667	0.023910
40	G	1549	715715	708025	0.002188	143	27	715642	0	0	0	nan	0	0	0	0	0	0	nan	0	0	0	0.002188	0.000056	0.002188	0.000056	nan	nan
41	A	13422	715875	709192	0.018926	146	27	715810	0	0	0	nan	0	0	0	0	0	0	nan	0	0	0	0.018926	0.000163	0.018926	0.000163	0.773975	0.006666
42	U	1636	715987	708855	0.002308	152	27	715938	0	0	0	nan	0	0	0	0	0	0	nan	0	0	0	0.002308	0.000057	0.002308	0.000057	1.082044	0.026723
43	U	1406	716102	709070	0.001983	152	28	716054	0	0	0	nan	0	0	0	0	0	0	nan	0	0	0	0.001983	0.000053	0.001983	0.000053	0.929677	0.024848
44	C	12726	716195	707830	0.017979	152	28	716153	0	0	0	nan	0	0	0	0	0	0	nan	0	0	0	0.017979	0.000159	0.017979	0.000159	0.875114	0.007739
45	A	12526	716296	708479	0.017680	152	28	716257	0	0	0	nan	0	0	0	0	0	0	nan	0	0	0	0.017680	0.000158	0.017680	0.000158	0.723020	0.006461
46	G	1658	716404	707861	0.002342	153	28	716374	0	0	0	nan	0	0	0	0	0	0	nan	0	0	0	0.002342	0.000058	0.002342	0.000058	nan	nan
47	G	1373	716522	708440	0.001938	154	28	716497	0	0	0	nan	0	0	0	0	0	0	nan	0	0	0	0.001938	0.000052	0.001938	0.000052	nan	nan
48	A	12934	716553	709897	0.018220	156	28	716528	0	0	0	nan	0	0	0	0	0	0	nan	0	0	0	0.018220	0.000160	0.018220	0.000160	0.745103	0.006543
49	G	760	716587	708547	0.001073	156	28	716574	0	0	0	nan	0	0	0	0	0	0	nan	0	0	0	0.001073	0.000039	0.001073	0.000039	nan	nan
50	G	752	716609	707849	0.001062	155	28	716600	0	0	0	nan	0	0	0	0	0	0	nan	0	0	0	0.001062	0.000039	0.001062	0.000039	nan	nan
51	U	1142	716625	709833	0.001609	161	28	716620	0	0	0	nan	0	0	0	0	0	0	nan	0	0	0	0.001609	0.000048	0.001609	0.000048	0.754337	0.022504
52	U	1382	716637	708539	0.001950	161	28	716632	0	0	0	nan	0	0	0	0	0	0	nan	0	0	0	0.001950	0.000052	0.001950	0.000052	0.914205	0.024379
53	A	17567	716650	708959	0.024779	166	28	716641	0	0	0	nan	0	0	0	0	0	0	nan	0	0	0	0.024779	0.000187	0.024779	0.000187	1.013332	0.007647
54	A	15496	716233	709831	0.021831	156	28	716209	0	0	0	nan	0	0	0	0	0	0	nan	0	0	0	0.021831	0.000175	0.021831	0.000175	0.892774	0.007157
55	U	1371	716255	710687	0.001929	154	28	716241	0	0	0	nan	0	0	0	0	0	0	nan	0	0	0	0.001929	0.000052	0.001929	0.000052	0.904360	0.024379
56	G	1419	716271	710797	0.001996	151	28	716261	0	0	0	nan	0	0	0	0	0	0	nan	0	0	0	0.001996	0.000053	0.001996	0.000053	nan	nan
57	G	0	716293	711278	0.000000	151	28	716290	0	0	0	nan	0	0	0	0	0	0	nan	0	0	0	0.000000	0.000000	0.000000	0.000000	nan	nan
58	A	0	716298	0	nan	151	28	716298	0	0	0	nan	0	0	0	0	0	0	nan	0	0	0	nan	nan	nan	nan	nan	nan
59	A	0	716298	0	nan	151	28	716298	0	0	0	nan	0	0	0	0	0	0	nan	0	0	0	nan	nan	nan	nan	nan	nan
60	G	0	716298	0	nan	151	28	716298	0	0	0	nan	0	0	0	0	0	0	nan	0	0	0	nan	nan	nan	nan	nan	nan
61	u	0	716298	0	nan	151	28	716298	0	0	0	nan	0	0	0	0	0	0	nan	0	0	0	nan	nan	nan	nan	nan	nan
62	a	0	716298	0	nan	150	28	716298	0	0	0	nan	0	0	0	0	0	0	nan	0	0	0	nan	nan	nan	nan	nan	nan
63	a	0	716298	0	nan	150	28	716298	0	0	0	nan	0	0	0	0	0	0	nan	0	0	0	nan	nan	nan	nan	nan	nan
64	a	0	716298	0	nan	148	28	716298	0	0	0	nan	0	0	0	0	0	0	nan	0	0	0	nan	nan	nan	nan	nan	nan
65	g	0	716298	0	nan	148	28	716298	0	0	0	nan	0	0	0	0	0	0	nan	0	0	0	nan	nan	nan	nan	nan	nan
66	g	0	716298	0	nan	148	28	716298	0	0	0	nan	0	0	0	0	0	0	nan	0	0	0	nan	nan	nan	nan	nan	nan
67	u	0	716298	0	nan	147	28	716298	0	0	0	nan	0	0	0	0	0	0	nan	0	0	0	nan	nan	nan	nan	nan	nan
68	a	0	716298	0	nan	146	28	716298	0	0	0	nan	0	0	0	0	0	0	nan	0	0	0	nan	nan	nan	nan	nan	nan
69	a	0	716298	0	nan	146	28	716298	0	0	0	nan	0	0	0	0	0	0	nan	0	0	0	nan	nan	nan	nan	nan	nan
70	u	0	716298	0	nan	144	28	716298	0	0	0	nan	0	0	0	0	0	0	nan	0	0	0	nan	nan	nan	nan	nan	nan
71	g	0	716295	0	nan	143	28	716295	0	0	0	nan	0	0	0	0	0	0	nan	0	0	0	nan	nan	nan	nan	nan	nan
72	a	0	716292	0	nan	143	28	716292	0	0	0	nan	0	0	0	0	0	0	nan	0	0	0	nan	nan	nan	nan	nan	nan
73	a	0	716285	0	nan	142	28	716285	0	0	0	nan	0	0	0	0	0	0	nan	0	0	0	nan	nan	nan	nan	nan	nan
74	g	0	716281	0	nan	142	28	716281	0	0	0	nan	0	0	0	0	0	0	nan	0	0	0	nan	nan	nan	nan	nan	nan
75	g	0	716264	0	nan	142	28	716264	0	0	0	nan	0	0	0	0	0	0	nan	0	0	0	nan	nan	nan	nan	nan	nan
76	u	0	716240	0	nan	142	28	716240	0	0	0	nan	0	0	0	0	0	0	nan	0	0	0	nan	nan	nan	nan	nan	nan
77	g	0	716202	0	nan	142	28	716202	0	0	0	nan	0	0	0	0	0	0	nan	0	0	0	nan	nan	nan	nan	nan	nan
78	a	0	716121	0	nan	142	28	716121	0	0	0	nan	0	0	0	0	0	0	nan	0	0	0	nan	nan	nan	nan	nan	nan
79	a	0	715893	0	nan	142	28	715893	0	0	0	nan	0	0	0	0	0	0	nan	0	0	0	nan	nan	nan	nan	nan	nan
80	g	0	715312	0	nan	142	28	715312	0	0	0	nan	0	0	0	0	0	0	nan	0	0	0	nan	nan	nan	nan	nan	nan