Nucleotide	Sequence	Modified_mutations	Modified_read_depth	Modified_effective_depth	Modified_rate	Modified_off_target_mapped_depth	Modified_low_mapq_mapped_depth	Modified_primer_pair_1_mapped_depth	Untreated_mutations	Untreated_read_depth	Untreated_effective_depth	Untreated_rate	Untreated_off_target_mapped_depth	Untreated_low_mapq_mapped_depth	Untreated_primer_pair_1_mapped_depth	Denatured_mutations	Denatured_read_depth	Denatured_effective_depth	Denatured_rate	Denatured_off_target_mapped_depth	Denatured_low_mapq_mapped_depth	Denatured_primer_pair_1_mapped_depth	Reactivity_profile	Std_err	HQ_profile	HQ_stderr	Norm_profile	Norm_stderr
1	g	0	183030	0	nan	0	2	183030	0	0	0	nan	0	0	0	0	0	0	nan	0	0	0	nan	nan	nan	nan	nan	nan
2	g	0	183176	0	nan	0	2	183176	0	0	0	nan	0	0	0	0	0	0	nan	0	0	0	nan	nan	nan	nan	nan	nan
3	u	0	183250	0	nan	0	2	183250	0	0	0	nan	0	0	0	0	0	0	nan	0	0	0	nan	nan	nan	nan	nan	nan
4	g	0	183270	0	nan	0	2	183270	0	0	0	nan	0	0	0	0	0	0	nan	0	0	0	nan	nan	nan	nan	nan	nan
5	u	0	183285	0	nan	0	2	183285	0	0	0	nan	0	0	0	0	0	0	nan	0	0	0	nan	nan	nan	nan	nan	nan
6	a	0	183285	0	nan	0	2	183285	0	0	0	nan	0	0	0	0	0	0	nan	0	0	0	nan	nan	nan	nan	nan	nan
7	a	0	183285	0	nan	0	2	183285	0	0	0	nan	0	0	0	0	0	0	nan	0	0	0	nan	nan	nan	nan	nan	nan
8	g	0	183287	0	nan	0	2	183287	0	0	0	nan	0	0	0	0	0	0	nan	0	0	0	nan	nan	nan	nan	nan	nan
9	g	0	183297	0	nan	0	2	183297	0	0	0	nan	0	0	0	0	0	0	nan	0	0	0	nan	nan	nan	nan	nan	nan
10	g	0	184301	0	nan	0	2	184301	0	0	0	nan	0	0	0	0	0	0	nan	0	0	0	nan	nan	nan	nan	nan	nan
11	u	0	184317	0	nan	0	2	184317	0	0	0	nan	0	0	0	0	0	0	nan	0	0	0	nan	nan	nan	nan	nan	nan
12	g	0	184328	0	nan	0	2	184328	0	0	0	nan	0	0	0	0	0	0	nan	0	0	0	nan	nan	nan	nan	nan	nan
13	a	0	184330	0	nan	0	2	184330	0	0	0	nan	0	0	0	0	0	0	nan	0	0	0	nan	nan	nan	nan	nan	nan
14	a	0	184330	0	nan	0	2	184330	0	0	0	nan	0	0	0	0	0	0	nan	0	0	0	nan	nan	nan	nan	nan	nan
15	g	0	184330	0	nan	14	2	184330	0	0	0	nan	0	0	0	0	0	0	nan	0	0	0	nan	nan	nan	nan	nan	nan
16	u	0	184331	0	nan	14	2	184331	0	0	0	nan	0	0	0	0	0	0	nan	0	0	0	nan	nan	nan	nan	nan	nan
17	g	0	184332	0	nan	14	2	184332	0	0	0	nan	0	0	0	0	0	0	nan	0	0	0	nan	nan	nan	nan	nan	nan
18	u	0	184334	0	nan	14	2	184334	0	0	0	nan	0	0	0	0	0	0	nan	0	0	0	nan	nan	nan	nan	nan	nan
19	a	0	184341	0	nan	14	2	184341	0	0	0	nan	0	0	0	0	0	0	nan	0	0	0	nan	nan	nan	nan	nan	nan
20	A	0	184348	7	0.000000	14	2	184348	0	0	0	nan	0	0	0	0	0	0	nan	0	0	0	0.000000	0.000000	nan	nan	nan	nan
21	G	0	184355	13	0.000000	14	2	184355	0	0	0	nan	0	0	0	0	0	0	nan	0	0	0	0.000000	0.000000	nan	nan	nan	nan
22	G	0	184361	17	0.000000	14	2	184361	0	0	0	nan	0	0	0	0	0	0	nan	0	0	0	0.000000	0.000000	nan	nan	nan	nan
23	U	0	184363	184147	0.000000	14	2	184363	0	0	0	nan	0	0	0	0	0	0	nan	0	0	0	0.000000	0.000000	0.000000	0.000000	0.000000	0.000000
24	U	368	184374	184136	0.001999	14	2	184374	0	0	0	nan	0	0	0	0	0	0	nan	0	0	0	0.001999	0.000104	0.001999	0.000104	0.620230	0.032268
25	G	87	184375	183696	0.000474	14	2	184375	0	0	0	nan	0	0	0	0	0	0	nan	0	0	0	0.000474	0.000051	0.000474	0.000051	nan	nan
26	A	1808	184375	183911	0.009831	14	2	184375	0	0	0	nan	0	0	0	0	0	0	nan	0	0	0	0.009831	0.000231	0.009831	0.000231	0.885436	0.020805
27	A	1673	184375	183846	0.009100	14	2	184375	0	0	0	nan	0	0	0	0	0	0	nan	0	0	0	0.009100	0.000222	0.009100	0.000222	0.819598	0.019995
28	C	2412	184375	183576	0.013139	14	2	184375	0	0	0	nan	0	0	0	0	0	0	nan	0	0	0	0.013139	0.000268	0.013139	0.000268	0.928354	0.018936
29	U	330	184377	183826	0.001795	14	2	184377	0	0	0	nan	0	0	0	0	0	0	nan	0	0	0	0.001795	0.000099	0.001795	0.000099	0.556935	0.030717
30	U	442	184377	183958	0.002403	14	2	184377	0	0	0	nan	0	0	0	0	0	0	nan	0	0	0	0.002403	0.000114	0.002403	0.000114	0.745579	0.035371
31	U	593	184380	184018	0.003223	14	2	184378	0	0	0	nan	0	0	0	0	0	0	nan	0	0	0	0.003223	0.000132	0.003223	0.000132	1.000000	0.040956
32	U	280	184383	184017	0.001522	14	2	184362	0	0	0	nan	0	0	0	0	0	0	nan	0	0	0	0.001522	0.000091	0.001522	0.000091	0.472231	0.028235
33	G	147	184391	183485	0.000801	14	2	184356	0	0	0	nan	0	0	0	0	0	0	nan	0	0	0	0.000801	0.000066	0.000801	0.000066	nan	nan
34	A	1961	184395	183825	0.010668	14	2	184356	0	0	0	nan	0	0	0	0	0	0	nan	0	0	0	0.010668	0.000241	0.010668	0.000241	0.960821	0.021706
35	A	1644	184396	183762	0.008946	14	2	184356	0	0	0	nan	0	0	0	0	0	0	nan	0	0	0	0.008946	0.000221	0.008946	0.000221	0.805728	0.019905
36	U	286	184397	183696	0.001557	14	2	184357	0	0	0	nan	0	0	0	0	0	0	nan	0	0	0	0.001557	0.000092	0.001557	0.000092	0.483090	0.028545
37	A	1653	184398	183723	0.008997	14	2	184362	0	0	0	nan	0	0	0	0	0	0	nan	0	0	0	0.008997	0.000221	0.008997	0.000221	0.810322	0.019905
38	G	125	184418	182834	0.000684	14	2	184407	0	0	0	nan	0	0	0	0	0	0	nan	0	0	0	0.000684	0.000061	0.000684	0.000061	nan	nan
39	U	431	184419	183873	0.002344	14	2	184409	0	0	0	nan	0	0	0	0	0	0	nan	0	0	0	0.002344	0.000113	0.002344	0.000113	0.727273	0.035061
40	G	136	184420	183396	0.000742	14	2	184409	0	0	0	nan	0	0	0	0	0	0	nan	0	0	0	0.000742	0.000064	0.000742	0.000064	nan	nan
41	A	2323	184421	183678	0.012647	14	2	184411	0	0	0	nan	0	0	0	0	0	0	nan	0	0	0	0.012647	0.000262	0.012647	0.000262	1.139062	0.023597
42	U	650	184425	183628	0.003540	14	2	184415	0	0	0	nan	0	0	0	0	0	0	nan	0	0	0	0.003540	0.000139	0.003540	0.000139	1.098356	0.043128
43	U	542	184426	183726	0.002950	14	2	184417	0	0	0	nan	0	0	0	0	0	0	nan	0	0	0	0.002950	0.000127	0.002950	0.000127	0.915296	0.039404
44	C	2662	184441	183701	0.014491	14	2	184433	0	0	0	nan	0	0	0	0	0	0	nan	0	0	0	0.014491	0.000281	0.014491	0.000281	1.023882	0.019854
45	A	2096	184457	183792	0.011404	15	2	184451	0	0	0	nan	0	0	0	0	0	0	nan	0	0	0	0.011404	0.000249	0.011404	0.000249	1.027110	0.022426
46	G	129	184473	183161	0.000704	15	2	184467	0	0	0	nan	0	0	0	0	0	0	nan	0	0	0	0.000704	0.000062	0.000704	0.000062	nan	nan
47	G	100	184476	183263	0.000546	15	2	184471	0	0	0	nan	0	0	0	0	0	0	nan	0	0	0	0.000546	0.000055	0.000546	0.000055	nan	nan
48	A	2068	184477	183854	0.011248	15	2	184472	0	0	0	nan	0	0	0	0	0	0	nan	0	0	0	0.011248	0.000247	0.011248	0.000247	1.013060	0.022246
49	G	147	184481	183395	0.000802	15	2	184477	0	0	0	nan	0	0	0	0	0	0	nan	0	0	0	0.000802	0.000066	0.000802	0.000066	nan	nan
50	G	146	184482	183370	0.000796	15	2	184478	0	0	0	nan	0	0	0	0	0	0	nan	0	0	0	0.000796	0.000066	0.000796	0.000066	nan	nan
51	U	469	184487	183841	0.002551	15	2	184483	0	0	0	nan	0	0	0	0	0	0	nan	0	0	0	0.002551	0.000118	0.002551	0.000118	0.791499	0.036612
52	U	351	184487	183651	0.001911	15	2	184484	0	0	0	nan	0	0	0	0	0	0	nan	0	0	0	0.001911	0.000102	0.001911	0.000102	0.592926	0.031648
53	A	1910	184486	183276	0.010421	15	2	184482	0	0	0	nan	0	0	0	0	0	0	nan	0	0	0	0.010421	0.000238	0.010421	0.000238	0.938575	0.021436
54	A	1563	184356	182892	0.008546	15	2	184339	0	0	0	nan	0	0	0	0	0	0	nan	0	0	0	0.008546	0.000216	0.008546	0.000216	0.769702	0.019454
55	U	441	184355	182811	0.002412	15	2	184346	0	0	0	nan	0	0	0	0	0	0	nan	0	0	0	0.002412	0.000115	0.002412	0.000115	0.748371	0.035681
56	G	169	184369	182498	0.000926	15	2	184363	0	0	0	nan	0	0	0	0	0	0	nan	0	0	0	0.000926	0.000071	0.000926	0.000071	nan	nan
57	G	0	184388	182669	0.000000	15	2	184387	0	0	0	nan	0	0	0	0	0	0	nan	0	0	0	0.000000	0.000000	0.000000	0.000000	nan	nan
58	A	0	184399	0	nan	15	2	184399	0	0	0	nan	0	0	0	0	0	0	nan	0	0	0	nan	nan	nan	nan	nan	nan
59	A	0	184399	0	nan	15	2	184399	0	0	0	nan	0	0	0	0	0	0	nan	0	0	0	nan	nan	nan	nan	nan	nan
60	G	0	184399	0	nan	15	2	184399	0	0	0	nan	0	0	0	0	0	0	nan	0	0	0	nan	nan	nan	nan	nan	nan
61	u	0	184399	0	nan	15	2	184399	0	0	0	nan	0	0	0	0	0	0	nan	0	0	0	nan	nan	nan	nan	nan	nan
62	a	0	184399	0	nan	15	2	184399	0	0	0	nan	0	0	0	0	0	0	nan	0	0	0	nan	nan	nan	nan	nan	nan
63	a	0	184399	0	nan	15	2	184399	0	0	0	nan	0	0	0	0	0	0	nan	0	0	0	nan	nan	nan	nan	nan	nan
64	a	0	184399	0	nan	15	2	184399	0	0	0	nan	0	0	0	0	0	0	nan	0	0	0	nan	nan	nan	nan	nan	nan
65	g	0	184399	0	nan	15	2	184399	0	0	0	nan	0	0	0	0	0	0	nan	0	0	0	nan	nan	nan	nan	nan	nan
66	g	0	184399	0	nan	15	2	184399	0	0	0	nan	0	0	0	0	0	0	nan	0	0	0	nan	nan	nan	nan	nan	nan
67	u	0	184399	0	nan	15	2	184399	0	0	0	nan	0	0	0	0	0	0	nan	0	0	0	nan	nan	nan	nan	nan	nan
68	a	0	184399	0	nan	15	2	184399	0	0	0	nan	0	0	0	0	0	0	nan	0	0	0	nan	nan	nan	nan	nan	nan
69	a	0	184399	0	nan	15	2	184399	0	0	0	nan	0	0	0	0	0	0	nan	0	0	0	nan	nan	nan	nan	nan	nan
70	u	0	184399	0	nan	15	2	184399	0	0	0	nan	0	0	0	0	0	0	nan	0	0	0	nan	nan	nan	nan	nan	nan
71	g	0	184399	0	nan	15	2	184399	0	0	0	nan	0	0	0	0	0	0	nan	0	0	0	nan	nan	nan	nan	nan	nan
72	a	0	184399	0	nan	15	2	184399	0	0	0	nan	0	0	0	0	0	0	nan	0	0	0	nan	nan	nan	nan	nan	nan
73	a	0	184399	0	nan	15	2	184399	0	0	0	nan	0	0	0	0	0	0	nan	0	0	0	nan	nan	nan	nan	nan	nan
74	g	0	184398	0	nan	15	2	184398	0	0	0	nan	0	0	0	0	0	0	nan	0	0	0	nan	nan	nan	nan	nan	nan
75	g	0	184398	0	nan	15	2	184398	0	0	0	nan	0	0	0	0	0	0	nan	0	0	0	nan	nan	nan	nan	nan	nan
76	u	0	184394	0	nan	15	2	184394	0	0	0	nan	0	0	0	0	0	0	nan	0	0	0	nan	nan	nan	nan	nan	nan
77	g	0	184392	0	nan	15	2	184392	0	0	0	nan	0	0	0	0	0	0	nan	0	0	0	nan	nan	nan	nan	nan	nan
78	a	0	184390	0	nan	15	2	184390	0	0	0	nan	0	0	0	0	0	0	nan	0	0	0	nan	nan	nan	nan	nan	nan
79	a	0	184357	0	nan	15	2	184357	0	0	0	nan	0	0	0	0	0	0	nan	0	0	0	nan	nan	nan	nan	nan	nan
80	g	0	184293	0	nan	15	2	184293	0	0	0	nan	0	0	0	0	0	0	nan	0	0	0	nan	nan	nan	nan	nan	nan