Nucleotide	Sequence	Modified_mutations	Modified_read_depth	Modified_effective_depth	Modified_rate	Modified_off_target_mapped_depth	Modified_low_mapq_mapped_depth	Modified_primer_pair_1_mapped_depth	Untreated_mutations	Untreated_read_depth	Untreated_effective_depth	Untreated_rate	Untreated_off_target_mapped_depth	Untreated_low_mapq_mapped_depth	Untreated_primer_pair_1_mapped_depth	Denatured_mutations	Denatured_read_depth	Denatured_effective_depth	Denatured_rate	Denatured_off_target_mapped_depth	Denatured_low_mapq_mapped_depth	Denatured_primer_pair_1_mapped_depth	Reactivity_profile	Std_err	HQ_profile	HQ_stderr	Norm_profile	Norm_stderr
1	g	0	5235803	0	nan	105	2200	5235803	0	0	0	nan	0	0	0	0	0	0	nan	0	0	0	nan	nan	nan	nan	nan	nan
2	g	0	5263001	0	nan	105	2212	5263001	0	0	0	nan	0	0	0	0	0	0	nan	0	0	0	nan	nan	nan	nan	nan	nan
3	u	0	5271704	0	nan	105	2222	5271704	0	0	0	nan	0	0	0	0	0	0	nan	0	0	0	nan	nan	nan	nan	nan	nan
4	g	0	5277609	0	nan	105	2258	5277609	0	0	0	nan	0	0	0	0	0	0	nan	0	0	0	nan	nan	nan	nan	nan	nan
5	u	0	5286760	0	nan	105	2276	5286760	0	0	0	nan	0	0	0	0	0	0	nan	0	0	0	nan	nan	nan	nan	nan	nan
6	a	0	5289898	0	nan	105	2480	5289898	0	0	0	nan	0	0	0	0	0	0	nan	0	0	0	nan	nan	nan	nan	nan	nan
7	a	0	5290800	0	nan	105	2484	5290800	0	0	0	nan	0	0	0	0	0	0	nan	0	0	0	nan	nan	nan	nan	nan	nan
8	g	0	5291196	0	nan	105	2484	5291196	0	0	0	nan	0	0	0	0	0	0	nan	0	0	0	nan	nan	nan	nan	nan	nan
9	g	0	5291698	0	nan	105	2488	5291698	0	0	0	nan	0	0	0	0	0	0	nan	0	0	0	nan	nan	nan	nan	nan	nan
10	g	0	5292807	0	nan	105	2524	5292807	0	0	0	nan	0	0	0	0	0	0	nan	0	0	0	nan	nan	nan	nan	nan	nan
11	u	0	5295040	0	nan	105	2534	5295040	0	0	0	nan	0	0	0	0	0	0	nan	0	0	0	nan	nan	nan	nan	nan	nan
12	g	0	5304575	0	nan	136	2749	5304575	0	0	0	nan	0	0	0	0	0	0	nan	0	0	0	nan	nan	nan	nan	nan	nan
13	a	0	5320065	0	nan	137	2784	5320065	0	0	0	nan	0	0	0	0	0	0	nan	0	0	0	nan	nan	nan	nan	nan	nan
14	a	0	5328364	0	nan	149	2790	5328364	0	0	0	nan	0	0	0	0	0	0	nan	0	0	0	nan	nan	nan	nan	nan	nan
15	g	0	5332263	0	nan	320	2792	5332263	0	0	0	nan	0	0	0	0	0	0	nan	0	0	0	nan	nan	nan	nan	nan	nan
16	u	0	5341341	0	nan	320	2792	5341341	0	0	0	nan	0	0	0	0	0	0	nan	0	0	0	nan	nan	nan	nan	nan	nan
17	g	0	5344268	0	nan	324	2851	5344268	0	0	0	nan	0	0	0	0	0	0	nan	0	0	0	nan	nan	nan	nan	nan	nan
18	u	0	5346414	0	nan	325	2861	5346414	0	0	0	nan	0	0	0	0	0	0	nan	0	0	0	nan	nan	nan	nan	nan	nan
19	a	0	5348182	0	nan	329	3130	5348182	0	0	0	nan	0	0	0	0	0	0	nan	0	0	0	nan	nan	nan	nan	nan	nan
20	A	0	5349996	745	0.000000	329	3131	5349996	0	0	0	nan	0	0	0	0	0	0	nan	0	0	0	0.000000	0.000000	nan	nan	nan	nan
21	G	0	5350988	759	0.000000	329	3131	5350988	0	0	0	nan	0	0	0	0	0	0	nan	0	0	0	0.000000	0.000000	nan	nan	nan	nan
22	G	0	5351640	684	0.000000	329	3131	5351640	0	0	0	nan	0	0	0	0	0	0	nan	0	0	0	0.000000	0.000000	nan	nan	nan	nan
23	U	0	5353064	4830968	0.000000	330	3131	5353064	0	0	0	nan	0	0	0	0	0	0	nan	0	0	0	0.000000	0.000000	0.000000	0.000000	0.000000	0.000000
24	U	10896	5354093	4871852	0.002237	330	3131	5354093	0	0	0	nan	0	0	0	0	0	0	nan	0	0	0	0.002237	0.000021	0.002237	0.000021	0.720219	0.006761
25	G	6138	5357714	4826928	0.001272	330	3131	5357714	0	0	0	nan	0	0	0	0	0	0	nan	0	0	0	0.001272	0.000016	0.001272	0.000016	nan	nan
26	A	48781	5363709	4943923	0.009867	330	3131	5363645	0	0	0	nan	0	0	0	0	0	0	nan	0	0	0	0.009867	0.000045	0.009867	0.000045	0.708734	0.003232
27	C	25129	5366315	4774479	0.005263	330	3131	5366198	0	0	0	nan	0	0	0	0	0	0	nan	0	0	0	0.005263	0.000033	0.005263	0.000033	1.003336	0.006291
28	C	23423	5367385	4781334	0.004899	330	3131	5367246	0	0	0	nan	0	0	0	0	0	0	nan	0	0	0	0.004899	0.000032	0.004899	0.000032	0.933943	0.006100
29	U	16858	5370087	4757914	0.003543	330	3131	5369942	0	0	0	nan	0	0	0	0	0	0	nan	0	0	0	0.003543	0.000027	0.003543	0.000027	1.140695	0.008693
30	U	7021	5374808	4834451	0.001452	330	3131	5374649	0	0	0	nan	0	0	0	0	0	0	nan	0	0	0	0.001452	0.000017	0.001452	0.000017	0.467482	0.005473
31	U	7808	5379500	4846278	0.001611	330	3131	5379311	0	0	0	nan	0	0	0	0	0	0	nan	0	0	0	0.001611	0.000018	0.001611	0.000018	0.518674	0.005795
32	U	10151	5383727	4898537	0.002072	332	3131	5383514	0	0	0	nan	0	0	0	0	0	0	nan	0	0	0	0.002072	0.000021	0.002072	0.000021	0.667096	0.006761
33	G	2082	5409624	4963308	0.000419	332	3131	5409391	0	0	0	nan	0	0	0	0	0	0	nan	0	0	0	0.000419	0.000009	0.000419	0.000009	nan	nan
34	A	36069	5419216	5255450	0.006863	332	3131	5418991	0	0	0	nan	0	0	0	0	0	0	nan	0	0	0	0.006863	0.000036	0.006863	0.000036	0.492961	0.002586
35	A	36337	5421813	5246249	0.006926	332	3131	5421577	0	0	0	nan	0	0	0	0	0	0	nan	0	0	0	0.006926	0.000036	0.006926	0.000036	0.497486	0.002586
36	U	3695	5422666	5220390	0.000708	332	3131	5422422	0	0	0	nan	0	0	0	0	0	0	nan	0	0	0	0.000708	0.000012	0.000708	0.000012	0.227946	0.003863
37	A	245966	5423172	5061658	0.048594	332	3131	5422901	0	0	0	nan	0	0	0	0	0	0	nan	0	0	0	0.048594	0.000098	0.048594	0.000098	3.490447	0.007039
38	G	6794	5423720	4986043	0.001363	340	3131	5423453	0	0	0	nan	0	0	0	0	0	0	nan	0	0	0	0.001363	0.000017	0.001363	0.000017	nan	nan
39	U	9106	5424119	4986707	0.001826	340	3131	5423850	0	0	0	nan	0	0	0	0	0	0	nan	0	0	0	0.001826	0.000019	0.001826	0.000019	0.587894	0.006117
40	G	9389	5424609	5053449	0.001858	344	3131	5424328	0	0	0	nan	0	0	0	0	0	0	nan	0	0	0	0.001858	0.000019	0.001858	0.000019	nan	nan
41	A	72795	5426748	5036091	0.014455	344	3131	5426440	0	0	0	nan	0	0	0	0	0	0	nan	0	0	0	0.014455	0.000054	0.014455	0.000054	1.038285	0.003879
42	U	13964	5427466	5001124	0.002792	344	3131	5427162	0	0	0	nan	0	0	0	0	0	0	nan	0	0	0	0.002792	0.000024	0.002792	0.000024	0.898905	0.007727
43	U	6898	5429005	4961966	0.001390	345	3131	5428683	0	0	0	nan	0	0	0	0	0	0	nan	0	0	0	0.001390	0.000017	0.001390	0.000017	0.447521	0.005473
44	C	25929	5431886	4959207	0.005228	345	3131	5431531	0	0	0	nan	0	0	0	0	0	0	nan	0	0	0	0.005228	0.000032	0.005228	0.000032	0.996664	0.006100
45	A	35517	5434212	4977912	0.007135	347	3132	5433835	0	0	0	nan	0	0	0	0	0	0	nan	0	0	0	0.007135	0.000038	0.007135	0.000038	0.512498	0.002729
46	G	3623	5436054	4870494	0.000744	344	3132	5435681	0	0	0	nan	0	0	0	0	0	0	nan	0	0	0	0.000744	0.000012	0.000744	0.000012	nan	nan
47	G	8207	5439734	4917885	0.001669	347	3132	5439359	0	0	0	nan	0	0	0	0	0	0	nan	0	0	0	0.001669	0.000018	0.001669	0.000018	nan	nan
48	A	24396	5446342	4832725	0.005048	352	3132	5445949	0	0	0	nan	0	0	0	0	0	0	nan	0	0	0	0.005048	0.000032	0.005048	0.000032	0.362592	0.002299
49	G	15030	5447737	4878529	0.003081	352	3132	5447370	0	0	0	nan	0	0	0	0	0	0	nan	0	0	0	0.003081	0.000025	0.003081	0.000025	nan	nan
50	G	3383	5457132	4756329	0.000711	370	3132	5456805	0	0	0	nan	0	0	0	0	0	0	nan	0	0	0	0.000711	0.000012	0.000711	0.000012	nan	nan
51	U	15103	5461074	4862336	0.003106	370	3132	5460785	0	0	0	nan	0	0	0	0	0	0	nan	0	0	0	0.003106	0.000025	0.003106	0.000025	1.000000	0.008049
52	U	12734	5468860	4864690	0.002618	373	3132	5468630	0	0	0	nan	0	0	0	0	0	0	nan	0	0	0	0.002618	0.000023	0.002618	0.000023	0.842885	0.007405
53	A	53961	5473683	5058138	0.010668	375	3132	5473470	0	0	0	nan	0	0	0	0	0	0	nan	0	0	0	0.010668	0.000046	0.010668	0.000046	0.766269	0.003304
54	A	72150	5477790	5182502	0.013922	377	3132	5477648	0	0	0	nan	0	0	0	0	0	0	nan	0	0	0	0.013922	0.000052	0.013922	0.000052	1.000000	0.003735
55	U	9170	5478929	5128451	0.001788	377	3132	5478833	0	0	0	nan	0	0	0	0	0	0	nan	0	0	0	0.001788	0.000019	0.001788	0.000019	0.575660	0.006117
56	G	7126	5479898	4972009	0.001433	377	3132	5479825	0	0	0	nan	0	0	0	0	0	0	nan	0	0	0	0.001433	0.000017	0.001433	0.000017	nan	nan
57	G	0	5480789	4990377	0.000000	377	3132	5480745	0	0	0	nan	0	0	0	0	0	0	nan	0	0	0	0.000000	0.000000	0.000000	0.000000	nan	nan
58	A	0	5482849	41	0.000000	377	3132	5482849	0	0	0	nan	0	0	0	0	0	0	nan	0	0	0	0.000000	0.000000	nan	nan	nan	nan
59	A	0	5482806	28	0.000000	377	3132	5482806	0	0	0	nan	0	0	0	0	0	0	nan	0	0	0	0.000000	0.000000	nan	nan	nan	nan
60	G	0	5482767	13	0.000000	375	3132	5482767	0	0	0	nan	0	0	0	0	0	0	nan	0	0	0	0.000000	0.000000	nan	nan	nan	nan
61	u	0	5482736	0	nan	371	3131	5482736	0	0	0	nan	0	0	0	0	0	0	nan	0	0	0	nan	nan	nan	nan	nan	nan
62	a	0	5482658	0	nan	366	3128	5482658	0	0	0	nan	0	0	0	0	0	0	nan	0	0	0	nan	nan	nan	nan	nan	nan
63	a	0	5482611	0	nan	363	3123	5482611	0	0	0	nan	0	0	0	0	0	0	nan	0	0	0	nan	nan	nan	nan	nan	nan
64	a	0	5482588	0	nan	359	3116	5482588	0	0	0	nan	0	0	0	0	0	0	nan	0	0	0	nan	nan	nan	nan	nan	nan
65	g	0	5482573	0	nan	330	2377	5482573	0	0	0	nan	0	0	0	0	0	0	nan	0	0	0	nan	nan	nan	nan	nan	nan
66	g	0	5482558	0	nan	294	2310	5482558	0	0	0	nan	0	0	0	0	0	0	nan	0	0	0	nan	nan	nan	nan	nan	nan
67	u	0	5482537	0	nan	277	2296	5482537	0	0	0	nan	0	0	0	0	0	0	nan	0	0	0	nan	nan	nan	nan	nan	nan
68	a	0	5482518	0	nan	270	2033	5482518	0	0	0	nan	0	0	0	0	0	0	nan	0	0	0	nan	nan	nan	nan	nan	nan
69	a	0	5482497	0	nan	267	2026	5482497	0	0	0	nan	0	0	0	0	0	0	nan	0	0	0	nan	nan	nan	nan	nan	nan
70	u	0	5482483	0	nan	267	1979	5482483	0	0	0	nan	0	0	0	0	0	0	nan	0	0	0	nan	nan	nan	nan	nan	nan
71	g	0	5482432	0	nan	267	1976	5482432	0	0	0	nan	0	0	0	0	0	0	nan	0	0	0	nan	nan	nan	nan	nan	nan
72	a	0	5482377	0	nan	267	1970	5482377	0	0	0	nan	0	0	0	0	0	0	nan	0	0	0	nan	nan	nan	nan	nan	nan
73	a	0	5482326	0	nan	267	1968	5482326	0	0	0	nan	0	0	0	0	0	0	nan	0	0	0	nan	nan	nan	nan	nan	nan
74	g	0	5482310	0	nan	267	1968	5482310	0	0	0	nan	0	0	0	0	0	0	nan	0	0	0	nan	nan	nan	nan	nan	nan
75	g	0	5482280	0	nan	267	1968	5482280	0	0	0	nan	0	0	0	0	0	0	nan	0	0	0	nan	nan	nan	nan	nan	nan
76	u	0	5482180	0	nan	267	1965	5482180	0	0	0	nan	0	0	0	0	0	0	nan	0	0	0	nan	nan	nan	nan	nan	nan
77	g	0	5482100	0	nan	267	1943	5482100	0	0	0	nan	0	0	0	0	0	0	nan	0	0	0	nan	nan	nan	nan	nan	nan
78	a	0	5482015	0	nan	267	1937	5482015	0	0	0	nan	0	0	0	0	0	0	nan	0	0	0	nan	nan	nan	nan	nan	nan
79	a	0	5478195	0	nan	265	1928	5478195	0	0	0	nan	0	0	0	0	0	0	nan	0	0	0	nan	nan	nan	nan	nan	nan
80	g	0	5476092	0	nan	265	1901	5476092	0	0	0	nan	0	0	0	0	0	0	nan	0	0	0	nan	nan	nan	nan	nan	nan