Nucleotide	Sequence	Modified_mutations	Modified_read_depth	Modified_effective_depth	Modified_rate	Modified_off_target_mapped_depth	Modified_low_mapq_mapped_depth	Modified_primer_pair_1_mapped_depth	Untreated_mutations	Untreated_read_depth	Untreated_effective_depth	Untreated_rate	Untreated_off_target_mapped_depth	Untreated_low_mapq_mapped_depth	Untreated_primer_pair_1_mapped_depth	Denatured_mutations	Denatured_read_depth	Denatured_effective_depth	Denatured_rate	Denatured_off_target_mapped_depth	Denatured_low_mapq_mapped_depth	Denatured_primer_pair_1_mapped_depth	Reactivity_profile	Std_err	HQ_profile	HQ_stderr	Norm_profile	Norm_stderr
1	g	0	439945	0	nan	0	14	439945	0	0	0	nan	0	0	0	0	0	0	nan	0	0	0	nan	nan	nan	nan	nan	nan
2	g	0	440204	0	nan	0	14	440204	0	0	0	nan	0	0	0	0	0	0	nan	0	0	0	nan	nan	nan	nan	nan	nan
3	u	0	440380	0	nan	0	14	440380	0	0	0	nan	0	0	0	0	0	0	nan	0	0	0	nan	nan	nan	nan	nan	nan
4	g	0	440431	0	nan	0	14	440431	0	0	0	nan	0	0	0	0	0	0	nan	0	0	0	nan	nan	nan	nan	nan	nan
5	u	0	440497	0	nan	0	14	440497	0	0	0	nan	0	0	0	0	0	0	nan	0	0	0	nan	nan	nan	nan	nan	nan
6	a	0	440501	0	nan	0	14	440501	0	0	0	nan	0	0	0	0	0	0	nan	0	0	0	nan	nan	nan	nan	nan	nan
7	a	0	440506	0	nan	0	14	440506	0	0	0	nan	0	0	0	0	0	0	nan	0	0	0	nan	nan	nan	nan	nan	nan
8	g	0	440525	0	nan	0	14	440525	0	0	0	nan	0	0	0	0	0	0	nan	0	0	0	nan	nan	nan	nan	nan	nan
9	g	0	440879	0	nan	0	14	440879	0	0	0	nan	0	0	0	0	0	0	nan	0	0	0	nan	nan	nan	nan	nan	nan
10	g	0	526939	0	nan	0	14	526939	0	0	0	nan	0	0	0	0	0	0	nan	0	0	0	nan	nan	nan	nan	nan	nan
11	u	0	527433	0	nan	0	14	527433	0	0	0	nan	0	0	0	0	0	0	nan	0	0	0	nan	nan	nan	nan	nan	nan
12	g	0	527922	0	nan	0	14	527922	0	0	0	nan	0	0	0	0	0	0	nan	0	0	0	nan	nan	nan	nan	nan	nan
13	a	0	527963	0	nan	0	14	527963	0	0	0	nan	0	0	0	0	0	0	nan	0	0	0	nan	nan	nan	nan	nan	nan
14	a	0	527966	0	nan	0	14	527966	0	0	0	nan	0	0	0	0	0	0	nan	0	0	0	nan	nan	nan	nan	nan	nan
15	g	0	527967	0	nan	3	14	527967	0	0	0	nan	0	0	0	0	0	0	nan	0	0	0	nan	nan	nan	nan	nan	nan
16	u	0	527987	0	nan	3	14	527987	0	0	0	nan	0	0	0	0	0	0	nan	0	0	0	nan	nan	nan	nan	nan	nan
17	g	0	528033	0	nan	3	14	528033	0	0	0	nan	0	0	0	0	0	0	nan	0	0	0	nan	nan	nan	nan	nan	nan
18	u	0	528136	0	nan	3	14	528136	0	0	0	nan	0	0	0	0	0	0	nan	0	0	0	nan	nan	nan	nan	nan	nan
19	a	0	528288	0	nan	4	14	528288	0	0	0	nan	0	0	0	0	0	0	nan	0	0	0	nan	nan	nan	nan	nan	nan
20	A	0	528596	304	0.000000	4	14	528596	0	0	0	nan	0	0	0	0	0	0	nan	0	0	0	0.000000	0.000000	nan	nan	nan	nan
21	G	0	528876	578	0.000000	4	14	528876	0	0	0	nan	0	0	0	0	0	0	nan	0	0	0	0.000000	0.000000	nan	nan	nan	nan
22	G	0	529102	794	0.000000	4	14	529102	0	0	0	nan	0	0	0	0	0	0	nan	0	0	0	0.000000	0.000000	nan	nan	nan	nan
23	U	0	529132	527804	0.000000	5	14	529132	0	0	0	nan	0	0	0	0	0	0	nan	0	0	0	0.000000	0.000000	0.000000	0.000000	nan	nan
24	U	454	529134	527718	0.000860	5	14	529134	0	0	0	nan	0	0	0	0	0	0	nan	0	0	0	0.000860	0.000040	0.000860	0.000040	nan	nan
25	G	281	529138	527673	0.000533	5	14	529138	0	0	0	nan	0	0	0	0	0	0	nan	0	0	0	0.000533	0.000032	0.000533	0.000032	nan	nan
26	A	260	529140	516411	0.000503	5	14	529139	0	0	0	nan	0	0	0	0	0	0	nan	0	0	0	0.000503	0.000031	0.000503	0.000031	nan	nan
27	C	4664	529140	515975	0.009039	5	14	529138	0	0	0	nan	0	0	0	0	0	0	nan	0	0	0	0.009039	0.000132	0.009039	0.000132	1.270459	0.018553
28	C	373	529143	515563	0.000723	5	14	529141	0	0	0	nan	0	0	0	0	0	0	nan	0	0	0	0.000723	0.000037	0.000723	0.000037	0.101620	0.005200
29	U	405	529152	525930	0.000770	5	14	529149	0	0	0	nan	0	0	0	0	0	0	nan	0	0	0	0.000770	0.000038	0.000770	0.000038	nan	nan
30	U	582	529169	526526	0.001105	5	14	529167	0	0	0	nan	0	0	0	0	0	0	nan	0	0	0	0.001105	0.000046	0.001105	0.000046	nan	nan
31	U	762	529197	527367	0.001445	6	14	529196	0	0	0	nan	0	0	0	0	0	0	nan	0	0	0	0.001445	0.000052	0.001445	0.000052	nan	nan
32	U	374	529308	528252	0.000708	6	14	529306	0	0	0	nan	0	0	0	0	0	0	nan	0	0	0	0.000708	0.000037	0.000708	0.000037	nan	nan
33	G	182	529402	528268	0.000345	6	14	529399	0	0	0	nan	0	0	0	0	0	0	nan	0	0	0	0.000345	0.000026	0.000345	0.000026	nan	nan
34	A	245	529450	528529	0.000464	6	14	529445	0	0	0	nan	0	0	0	0	0	0	nan	0	0	0	0.000464	0.000030	0.000464	0.000030	nan	nan
35	A	236	529452	528001	0.000447	6	14	529447	0	0	0	nan	0	0	0	0	0	0	nan	0	0	0	0.000447	0.000029	0.000447	0.000029	nan	nan
36	U	334	529454	527923	0.000633	6	14	529450	0	0	0	nan	0	0	0	0	0	0	nan	0	0	0	0.000633	0.000035	0.000633	0.000035	nan	nan
37	A	309	529455	528103	0.000585	6	14	529450	0	0	0	nan	0	0	0	0	0	0	nan	0	0	0	0.000585	0.000033	0.000585	0.000033	nan	nan
38	G	245	529456	527559	0.000464	6	14	529452	0	0	0	nan	0	0	0	0	0	0	nan	0	0	0	0.000464	0.000030	0.000464	0.000030	nan	nan
39	U	471	529460	528270	0.000892	6	14	529456	0	0	0	nan	0	0	0	0	0	0	nan	0	0	0	0.000892	0.000041	0.000892	0.000041	nan	nan
40	G	309	529464	527822	0.000585	6	14	529460	0	0	0	nan	0	0	0	0	0	0	nan	0	0	0	0.000585	0.000033	0.000585	0.000033	nan	nan
41	A	545	529467	528001	0.001032	6	15	529463	0	0	0	nan	0	0	0	0	0	0	nan	0	0	0	0.001032	0.000044	0.001032	0.000044	nan	nan
42	U	877	529479	527399	0.001663	6	15	529476	0	0	0	nan	0	0	0	0	0	0	nan	0	0	0	0.001663	0.000056	0.001663	0.000056	nan	nan
43	U	696	529483	527383	0.001320	6	15	529480	0	0	0	nan	0	0	0	0	0	0	nan	0	0	0	0.001320	0.000050	0.001320	0.000050	nan	nan
44	C	708	529487	527644	0.001342	6	15	529483	0	0	0	nan	0	0	0	0	0	0	nan	0	0	0	0.001342	0.000050	0.001342	0.000050	0.188622	0.007028
45	A	348	529494	528262	0.000659	6	15	529491	0	0	0	nan	0	0	0	0	0	0	nan	0	0	0	0.000659	0.000035	0.000659	0.000035	nan	nan
46	G	268	529515	528317	0.000507	6	15	529513	0	0	0	nan	0	0	0	0	0	0	nan	0	0	0	0.000507	0.000031	0.000507	0.000031	nan	nan
47	G	233	529517	528522	0.000441	6	15	529514	0	0	0	nan	0	0	0	0	0	0	nan	0	0	0	0.000441	0.000029	0.000441	0.000029	nan	nan
48	A	252	529519	528699	0.000477	6	15	529516	0	0	0	nan	0	0	0	0	0	0	nan	0	0	0	0.000477	0.000030	0.000477	0.000030	nan	nan
49	G	214	529528	528505	0.000405	6	15	529526	0	0	0	nan	0	0	0	0	0	0	nan	0	0	0	0.000405	0.000028	0.000405	0.000028	nan	nan
50	G	238	529532	528043	0.000451	6	15	529530	0	0	0	nan	0	0	0	0	0	0	nan	0	0	0	0.000451	0.000029	0.000451	0.000029	nan	nan
51	U	538	529534	527785	0.001019	6	15	529532	0	0	0	nan	0	0	0	0	0	0	nan	0	0	0	0.001019	0.000044	0.001019	0.000044	nan	nan
52	U	588	529539	527621	0.001114	6	15	529537	0	0	0	nan	0	0	0	0	0	0	nan	0	0	0	0.001114	0.000046	0.001114	0.000046	nan	nan
53	A	173	529539	527952	0.000328	6	15	529537	0	0	0	nan	0	0	0	0	0	0	nan	0	0	0	0.000328	0.000025	0.000328	0.000025	nan	nan
54	A	215	529354	527306	0.000408	5	15	529348	0	0	0	nan	0	0	0	0	0	0	nan	0	0	0	0.000408	0.000028	0.000408	0.000028	nan	nan
55	U	539	529356	527189	0.001022	6	15	529351	0	0	0	nan	0	0	0	0	0	0	nan	0	0	0	0.001022	0.000044	0.001022	0.000044	nan	nan
56	G	281	529358	527274	0.000533	6	15	529355	0	0	0	nan	0	0	0	0	0	0	nan	0	0	0	0.000533	0.000032	0.000533	0.000032	nan	nan
57	G	0	529359	527725	0.000000	6	15	529359	0	0	0	nan	0	0	0	0	0	0	nan	0	0	0	0.000000	0.000000	0.000000	0.000000	nan	nan
58	A	0	529360	0	nan	6	15	529360	0	0	0	nan	0	0	0	0	0	0	nan	0	0	0	nan	nan	nan	nan	nan	nan
59	A	0	529360	0	nan	6	15	529360	0	0	0	nan	0	0	0	0	0	0	nan	0	0	0	nan	nan	nan	nan	nan	nan
60	G	0	529360	0	nan	6	15	529360	0	0	0	nan	0	0	0	0	0	0	nan	0	0	0	nan	nan	nan	nan	nan	nan
61	u	0	529360	0	nan	6	15	529360	0	0	0	nan	0	0	0	0	0	0	nan	0	0	0	nan	nan	nan	nan	nan	nan
62	a	0	529360	0	nan	6	15	529360	0	0	0	nan	0	0	0	0	0	0	nan	0	0	0	nan	nan	nan	nan	nan	nan
63	a	0	529360	0	nan	6	15	529360	0	0	0	nan	0	0	0	0	0	0	nan	0	0	0	nan	nan	nan	nan	nan	nan
64	a	0	529360	0	nan	6	15	529360	0	0	0	nan	0	0	0	0	0	0	nan	0	0	0	nan	nan	nan	nan	nan	nan
65	g	0	529360	0	nan	6	15	529360	0	0	0	nan	0	0	0	0	0	0	nan	0	0	0	nan	nan	nan	nan	nan	nan
66	g	0	529360	0	nan	6	15	529360	0	0	0	nan	0	0	0	0	0	0	nan	0	0	0	nan	nan	nan	nan	nan	nan
67	u	0	529360	0	nan	6	15	529360	0	0	0	nan	0	0	0	0	0	0	nan	0	0	0	nan	nan	nan	nan	nan	nan
68	a	0	529360	0	nan	6	15	529360	0	0	0	nan	0	0	0	0	0	0	nan	0	0	0	nan	nan	nan	nan	nan	nan
69	a	0	529360	0	nan	6	15	529360	0	0	0	nan	0	0	0	0	0	0	nan	0	0	0	nan	nan	nan	nan	nan	nan
70	u	0	529360	0	nan	6	15	529360	0	0	0	nan	0	0	0	0	0	0	nan	0	0	0	nan	nan	nan	nan	nan	nan
71	g	0	529360	0	nan	6	15	529360	0	0	0	nan	0	0	0	0	0	0	nan	0	0	0	nan	nan	nan	nan	nan	nan
72	a	0	529360	0	nan	6	15	529360	0	0	0	nan	0	0	0	0	0	0	nan	0	0	0	nan	nan	nan	nan	nan	nan
73	a	0	529360	0	nan	6	15	529360	0	0	0	nan	0	0	0	0	0	0	nan	0	0	0	nan	nan	nan	nan	nan	nan
74	g	0	529360	0	nan	6	15	529360	0	0	0	nan	0	0	0	0	0	0	nan	0	0	0	nan	nan	nan	nan	nan	nan
75	g	0	529359	0	nan	6	15	529359	0	0	0	nan	0	0	0	0	0	0	nan	0	0	0	nan	nan	nan	nan	nan	nan
76	u	0	529351	0	nan	6	15	529351	0	0	0	nan	0	0	0	0	0	0	nan	0	0	0	nan	nan	nan	nan	nan	nan
77	g	0	529347	0	nan	6	15	529347	0	0	0	nan	0	0	0	0	0	0	nan	0	0	0	nan	nan	nan	nan	nan	nan
78	a	0	529339	0	nan	6	15	529339	0	0	0	nan	0	0	0	0	0	0	nan	0	0	0	nan	nan	nan	nan	nan	nan
79	a	0	529239	0	nan	6	15	529239	0	0	0	nan	0	0	0	0	0	0	nan	0	0	0	nan	nan	nan	nan	nan	nan
80	g	0	529024	0	nan	6	15	529024	0	0	0	nan	0	0	0	0	0	0	nan	0	0	0	nan	nan	nan	nan	nan	nan