Nucleotide	Sequence	Modified_mutations	Modified_read_depth	Modified_effective_depth	Modified_rate	Modified_off_target_mapped_depth	Modified_low_mapq_mapped_depth	Modified_primer_pair_1_mapped_depth	Untreated_mutations	Untreated_read_depth	Untreated_effective_depth	Untreated_rate	Untreated_off_target_mapped_depth	Untreated_low_mapq_mapped_depth	Untreated_primer_pair_1_mapped_depth	Denatured_mutations	Denatured_read_depth	Denatured_effective_depth	Denatured_rate	Denatured_off_target_mapped_depth	Denatured_low_mapq_mapped_depth	Denatured_primer_pair_1_mapped_depth	Reactivity_profile	Std_err	HQ_profile	HQ_stderr	Norm_profile	Norm_stderr
1	g	0	229099	0	nan	5	0	229099	0	0	0	nan	0	0	0	0	0	0	nan	0	0	0	nan	nan	nan	nan	nan	nan
2	g	0	229617	0	nan	5	0	229617	0	0	0	nan	0	0	0	0	0	0	nan	0	0	0	nan	nan	nan	nan	nan	nan
3	c	0	229753	0	nan	5	0	229753	0	0	0	nan	0	0	0	0	0	0	nan	0	0	0	nan	nan	nan	nan	nan	nan
4	a	0	231345	0	nan	8	0	231345	0	0	0	nan	0	0	0	0	0	0	nan	0	0	0	nan	nan	nan	nan	nan	nan
5	c	0	231398	0	nan	8	0	231398	0	0	0	nan	0	0	0	0	0	0	nan	0	0	0	nan	nan	nan	nan	nan	nan
6	c	0	231409	0	nan	8	0	231409	0	0	0	nan	0	0	0	0	0	0	nan	0	0	0	nan	nan	nan	nan	nan	nan
7	u	0	231409	0	nan	8	0	231409	0	0	0	nan	0	0	0	0	0	0	nan	0	0	0	nan	nan	nan	nan	nan	nan
8	c	0	231411	0	nan	8	0	231411	0	0	0	nan	0	0	0	0	0	0	nan	0	0	0	nan	nan	nan	nan	nan	nan
9	a	0	231413	0	nan	8	0	231413	0	0	0	nan	0	0	0	0	0	0	nan	0	0	0	nan	nan	nan	nan	nan	nan
10	u	0	231441	0	nan	8	0	231441	0	0	0	nan	0	0	0	0	0	0	nan	0	0	0	nan	nan	nan	nan	nan	nan
11	a	0	231456	0	nan	8	0	231456	0	0	0	nan	0	0	0	0	0	0	nan	0	0	0	nan	nan	nan	nan	nan	nan
12	a	0	231461	0	nan	8	0	231461	0	0	0	nan	0	0	0	0	0	0	nan	0	0	0	nan	nan	nan	nan	nan	nan
13	c	0	231464	0	nan	8	0	231464	0	0	0	nan	0	0	0	0	0	0	nan	0	0	0	nan	nan	nan	nan	nan	nan
14	a	0	231467	0	nan	8	0	231467	0	0	0	nan	0	0	0	0	0	0	nan	0	0	0	nan	nan	nan	nan	nan	nan
15	u	0	231467	0	nan	8	0	231467	0	0	0	nan	0	0	0	0	0	0	nan	0	0	0	nan	nan	nan	nan	nan	nan
16	a	0	231468	0	nan	8	0	231468	0	0	0	nan	0	0	0	0	0	0	nan	0	0	0	nan	nan	nan	nan	nan	nan
17	a	0	231471	0	nan	8	0	231471	0	0	0	nan	0	0	0	0	0	0	nan	0	0	0	nan	nan	nan	nan	nan	nan
18	c	0	231475	0	nan	8	0	231475	0	0	0	nan	0	0	0	0	0	0	nan	0	0	0	nan	nan	nan	nan	nan	nan
19	U	0	231479	1	0.000000	8	0	231479	0	0	0	nan	0	0	0	0	0	0	nan	0	0	0	0.000000	0.000000	nan	nan	nan	nan
20	A	0	231491	7	0.000000	8	0	231491	0	0	0	nan	0	0	0	0	0	0	nan	0	0	0	0.000000	0.000000	nan	nan	nan	nan
21	A	0	231497	9	0.000000	8	0	231497	0	0	0	nan	0	0	0	0	0	0	nan	0	0	0	0.000000	0.000000	nan	nan	nan	nan
22	G	0	231501	228764	0.000000	8	0	231501	0	0	0	nan	0	0	0	0	0	0	nan	0	0	0	0.000000	0.000000	0.000000	0.000000	0.000000	0.000000
23	G	704	231504	214739	0.003278	8	0	231504	0	0	0	nan	0	0	0	0	0	0	nan	0	0	0	0.003278	0.000124	0.003278	0.000124	1.045948	0.039566
24	C	2321	231517	221700	0.010469	8	0	231517	0	0	0	nan	0	0	0	0	0	0	nan	0	0	0	0.010469	0.000217	0.010469	0.000217	1.157819	0.023999
25	A	3080	231545	222299	0.013855	8	0	231545	0	0	0	nan	0	0	0	0	0	0	nan	0	0	0	0.013855	0.000250	0.013855	0.000250	0.488876	0.008821
26	G	512	231555	219249	0.002335	8	0	231552	0	0	0	nan	0	0	0	0	0	0	nan	0	0	0	0.002335	0.000103	0.002335	0.000103	0.745054	0.032865
27	A	6634	231561	227473	0.029164	8	0	231557	0	0	0	nan	0	0	0	0	0	0	nan	0	0	0	0.029164	0.000358	0.029164	0.000358	1.029057	0.012632
28	U	1386	231567	227168	0.006101	8	0	231562	0	0	0	nan	0	0	0	0	0	0	nan	0	0	0	0.006101	0.000164	0.006101	0.000164	1.176210	0.031618
29	C	12265	231567	227747	0.053854	8	0	231560	0	0	0	nan	0	0	0	0	0	0	nan	0	0	0	0.053854	0.000486	0.053854	0.000486	5.955983	0.053749
30	U	1181	231567	227704	0.005187	8	0	231559	0	0	0	nan	0	0	0	0	0	0	nan	0	0	0	0.005187	0.000151	0.005187	0.000151	1.000000	0.029111
31	G	481	231571	224397	0.002144	8	0	231563	0	0	0	nan	0	0	0	0	0	0	nan	0	0	0	0.002144	0.000098	0.002144	0.000098	0.684110	0.031270
32	A	2211	231572	227454	0.009721	8	0	231564	0	0	0	nan	0	0	0	0	0	0	nan	0	0	0	0.009721	0.000207	0.009721	0.000207	0.343007	0.007304
33	G	537	231573	210908	0.002546	8	0	231564	0	0	0	nan	0	0	0	0	0	0	nan	0	0	0	0.002546	0.000110	0.002546	0.000110	0.812380	0.035099
34	C	1168	231575	217171	0.005378	8	0	231565	0	0	0	nan	0	0	0	0	0	0	nan	0	0	0	0.005378	0.000157	0.005378	0.000157	0.594780	0.017363
35	C	863	231577	217348	0.003971	8	0	231559	0	0	0	nan	0	0	0	0	0	0	nan	0	0	0	0.003971	0.000135	0.003971	0.000135	0.439173	0.014930
36	U	943	231578	221126	0.004265	8	0	231543	0	0	0	nan	0	0	0	0	0	0	nan	0	0	0	0.004265	0.000139	0.004265	0.000139	0.822248	0.026798
37	G	571	231605	221562	0.002577	8	0	231557	0	0	0	nan	0	0	0	0	0	0	nan	0	0	0	0.002577	0.000108	0.002577	0.000108	0.822272	0.034461
38	G	314	231649	222569	0.001411	8	0	231633	0	0	0	nan	0	0	0	0	0	0	nan	0	0	0	0.001411	0.000080	0.001411	0.000080	0.450223	0.025526
39	G	517	231651	222221	0.002327	8	0	231637	0	0	0	nan	0	0	0	0	0	0	nan	0	0	0	0.002327	0.000102	0.002327	0.000102	0.742502	0.032546
40	G	573	231651	222155	0.002579	8	0	231637	0	0	0	nan	0	0	0	0	0	0	nan	0	0	0	0.002579	0.000108	0.002579	0.000108	0.822910	0.034461
41	G	679	231652	216632	0.003134	8	0	231642	0	0	0	nan	0	0	0	0	0	0	nan	0	0	0	0.003134	0.000120	0.003134	0.000120	1.000000	0.038290
42	C	964	231652	229963	0.004192	8	0	231644	0	0	0	nan	0	0	0	0	0	0	nan	0	0	0	0.004192	0.000135	0.004192	0.000135	0.463614	0.014930
43	U	1007	231652	230376	0.004371	8	0	231645	0	0	0	nan	0	0	0	0	0	0	nan	0	0	0	0.004371	0.000138	0.004371	0.000138	0.842684	0.026605
44	C	710	231653	230515	0.003080	8	0	231646	0	0	0	nan	0	0	0	0	0	0	nan	0	0	0	0.003080	0.000116	0.003080	0.000116	0.340633	0.012829
45	U	1196	231653	230594	0.005187	8	0	231644	0	0	0	nan	0	0	0	0	0	0	nan	0	0	0	0.005187	0.000150	0.005187	0.000150	1.000000	0.028918
46	C	1180	231653	230542	0.005118	8	0	231645	0	0	0	nan	0	0	0	0	0	0	nan	0	0	0	0.005118	0.000149	0.005118	0.000149	0.566025	0.016479
47	U	1187	231656	230313	0.005154	8	0	231643	0	0	0	nan	0	0	0	0	0	0	nan	0	0	0	0.005154	0.000150	0.005154	0.000150	0.993638	0.028918
48	G	661	231651	224502	0.002944	8	0	231637	0	0	0	nan	0	0	0	0	0	0	nan	0	0	0	0.002944	0.000115	0.002944	0.000115	0.939375	0.036694
49	C	1994	231658	229298	0.008696	7	0	231648	0	0	0	nan	0	0	0	0	0	0	nan	0	0	0	0.008696	0.000195	0.008696	0.000195	0.961734	0.021566
50	C	2070	231659	228939	0.009042	7	0	231654	0	0	0	nan	0	0	0	0	0	0	nan	0	0	0	0.009042	0.000199	0.009042	0.000199	1.000000	0.022008
51	A	6446	231667	229670	0.028066	7	0	231665	0	0	0	nan	0	0	0	0	0	0	nan	0	0	0	0.028066	0.000350	0.028066	0.000350	0.990314	0.012350
52	A	0	231667	229866	0.000000	7	0	231667	0	0	0	nan	0	0	0	0	0	0	nan	0	0	0	0.000000	0.000000	0.000000	0.000000	0.000000	0.000000
53	U	0	231651	69	0.000000	5	0	231651	0	0	0	nan	0	0	0	0	0	0	nan	0	0	0	0.000000	0.000000	nan	nan	nan	nan
54	C	0	231541	0	nan	5	0	231541	0	0	0	nan	0	0	0	0	0	0	nan	0	0	0	nan	nan	nan	nan	nan	nan
55	C	0	231541	0	nan	5	0	231541	0	0	0	nan	0	0	0	0	0	0	nan	0	0	0	nan	nan	nan	nan	nan	nan
56	a	0	231541	0	nan	5	0	231541	0	0	0	nan	0	0	0	0	0	0	nan	0	0	0	nan	nan	nan	nan	nan	nan
57	c	0	231541	0	nan	5	0	231541	0	0	0	nan	0	0	0	0	0	0	nan	0	0	0	nan	nan	nan	nan	nan	nan
58	u	0	231541	0	nan	5	0	231541	0	0	0	nan	0	0	0	0	0	0	nan	0	0	0	nan	nan	nan	nan	nan	nan
59	a	0	231541	0	nan	5	0	231541	0	0	0	nan	0	0	0	0	0	0	nan	0	0	0	nan	nan	nan	nan	nan	nan
60	a	0	231541	0	nan	5	0	231541	0	0	0	nan	0	0	0	0	0	0	nan	0	0	0	nan	nan	nan	nan	nan	nan
61	c	0	231541	0	nan	0	0	231541	0	0	0	nan	0	0	0	0	0	0	nan	0	0	0	nan	nan	nan	nan	nan	nan
62	c	0	231541	0	nan	0	0	231541	0	0	0	nan	0	0	0	0	0	0	nan	0	0	0	nan	nan	nan	nan	nan	nan
63	u	0	231541	0	nan	0	0	231541	0	0	0	nan	0	0	0	0	0	0	nan	0	0	0	nan	nan	nan	nan	nan	nan
64	c	0	231541	0	nan	0	0	231541	0	0	0	nan	0	0	0	0	0	0	nan	0	0	0	nan	nan	nan	nan	nan	nan
65	a	0	231541	0	nan	0	0	231541	0	0	0	nan	0	0	0	0	0	0	nan	0	0	0	nan	nan	nan	nan	nan	nan
66	c	0	231541	0	nan	0	0	231541	0	0	0	nan	0	0	0	0	0	0	nan	0	0	0	nan	nan	nan	nan	nan	nan
67	u	0	231539	0	nan	0	0	231539	0	0	0	nan	0	0	0	0	0	0	nan	0	0	0	nan	nan	nan	nan	nan	nan
68	c	0	231539	0	nan	0	0	231539	0	0	0	nan	0	0	0	0	0	0	nan	0	0	0	nan	nan	nan	nan	nan	nan
69	a	0	231533	0	nan	0	0	231533	0	0	0	nan	0	0	0	0	0	0	nan	0	0	0	nan	nan	nan	nan	nan	nan
70	c	0	231518	0	nan	0	0	231518	0	0	0	nan	0	0	0	0	0	0	nan	0	0	0	nan	nan	nan	nan	nan	nan
71	a	0	231508	0	nan	0	0	231508	0	0	0	nan	0	0	0	0	0	0	nan	0	0	0	nan	nan	nan	nan	nan	nan
72	a	0	231446	0	nan	0	0	231446	0	0	0	nan	0	0	0	0	0	0	nan	0	0	0	nan	nan	nan	nan	nan	nan
73	u	0	231346	0	nan	0	0	231346	0	0	0	nan	0	0	0	0	0	0	nan	0	0	0	nan	nan	nan	nan	nan	nan
74	c	0	231069	0	nan	0	0	231069	0	0	0	nan	0	0	0	0	0	0	nan	0	0	0	nan	nan	nan	nan	nan	nan