Nucleotide	Sequence	Modified_mutations	Modified_read_depth	Modified_effective_depth	Modified_rate	Modified_off_target_mapped_depth	Modified_low_mapq_mapped_depth	Modified_primer_pair_1_mapped_depth	Untreated_mutations	Untreated_read_depth	Untreated_effective_depth	Untreated_rate	Untreated_off_target_mapped_depth	Untreated_low_mapq_mapped_depth	Untreated_primer_pair_1_mapped_depth	Denatured_mutations	Denatured_read_depth	Denatured_effective_depth	Denatured_rate	Denatured_off_target_mapped_depth	Denatured_low_mapq_mapped_depth	Denatured_primer_pair_1_mapped_depth	Reactivity_profile	Std_err	HQ_profile	HQ_stderr	Norm_profile	Norm_stderr
1	g	0	180033	0	nan	18	0	180033	0	0	0	nan	0	0	0	0	0	0	nan	0	0	0	nan	nan	nan	nan	nan	nan
2	g	0	195523	0	nan	47	0	195523	0	0	0	nan	0	0	0	0	0	0	nan	0	0	0	nan	nan	nan	nan	nan	nan
3	c	0	195985	0	nan	48	0	195985	0	0	0	nan	0	0	0	0	0	0	nan	0	0	0	nan	nan	nan	nan	nan	nan
4	a	0	196096	0	nan	48	0	196096	0	0	0	nan	0	0	0	0	0	0	nan	0	0	0	nan	nan	nan	nan	nan	nan
5	c	0	196112	0	nan	48	0	196112	0	0	0	nan	0	0	0	0	0	0	nan	0	0	0	nan	nan	nan	nan	nan	nan
6	c	0	196121	0	nan	48	0	196121	0	0	0	nan	0	0	0	0	0	0	nan	0	0	0	nan	nan	nan	nan	nan	nan
7	u	0	196123	0	nan	48	0	196123	0	0	0	nan	0	0	0	0	0	0	nan	0	0	0	nan	nan	nan	nan	nan	nan
8	c	0	196138	0	nan	48	0	196138	0	0	0	nan	0	0	0	0	0	0	nan	0	0	0	nan	nan	nan	nan	nan	nan
9	a	0	196152	0	nan	48	0	196152	0	0	0	nan	0	0	0	0	0	0	nan	0	0	0	nan	nan	nan	nan	nan	nan
10	u	0	196168	0	nan	48	0	196168	0	0	0	nan	0	0	0	0	0	0	nan	0	0	0	nan	nan	nan	nan	nan	nan
11	a	0	196198	0	nan	48	0	196198	0	0	0	nan	0	0	0	0	0	0	nan	0	0	0	nan	nan	nan	nan	nan	nan
12	a	0	196220	0	nan	48	0	196220	0	0	0	nan	0	0	0	0	0	0	nan	0	0	0	nan	nan	nan	nan	nan	nan
13	c	0	196230	0	nan	48	0	196230	0	0	0	nan	0	0	0	0	0	0	nan	0	0	0	nan	nan	nan	nan	nan	nan
14	a	0	196235	0	nan	48	0	196235	0	0	0	nan	0	0	0	0	0	0	nan	0	0	0	nan	nan	nan	nan	nan	nan
15	u	0	196240	0	nan	48	0	196240	0	0	0	nan	0	0	0	0	0	0	nan	0	0	0	nan	nan	nan	nan	nan	nan
16	a	0	196243	0	nan	48	0	196243	0	0	0	nan	0	0	0	0	0	0	nan	0	0	0	nan	nan	nan	nan	nan	nan
17	a	0	196244	0	nan	48	0	196244	0	0	0	nan	0	0	0	0	0	0	nan	0	0	0	nan	nan	nan	nan	nan	nan
18	c	0	196250	0	nan	48	0	196250	0	0	0	nan	0	0	0	0	0	0	nan	0	0	0	nan	nan	nan	nan	nan	nan
19	U	0	196256	4	0.000000	48	0	196256	0	0	0	nan	0	0	0	0	0	0	nan	0	0	0	0.000000	0.000000	nan	nan	nan	nan
20	A	0	196279	15	0.000000	48	0	196279	0	0	0	nan	0	0	0	0	0	0	nan	0	0	0	0.000000	0.000000	nan	nan	nan	nan
21	A	0	196294	21	0.000000	48	0	196294	0	0	0	nan	0	0	0	0	0	0	nan	0	0	0	0.000000	0.000000	nan	nan	nan	nan
22	G	0	196314	191310	0.000000	48	0	196314	0	0	0	nan	0	0	0	0	0	0	nan	0	0	0	0.000000	0.000000	0.000000	0.000000	nan	nan
23	G	245	196322	187470	0.001307	48	0	196322	0	0	0	nan	0	0	0	0	0	0	nan	0	0	0	0.001307	0.000083	0.001307	0.000083	nan	nan
24	C	5137	196362	190454	0.026972	48	0	196362	0	0	0	nan	0	0	0	0	0	0	nan	0	0	0	0.026972	0.000376	0.026972	0.000376	0.998667	0.013922
25	A	3264	196440	192963	0.016915	48	0	196440	0	0	0	nan	0	0	0	0	0	0	nan	0	0	0	0.016915	0.000296	0.016915	0.000296	0.976377	0.017086
26	G	188	196468	192604	0.000976	48	0	196467	0	0	0	nan	0	0	0	0	0	0	nan	0	0	0	0.000976	0.000071	0.000976	0.000071	nan	nan
27	A	3480	196471	193685	0.017967	48	0	196469	0	0	0	nan	0	0	0	0	0	0	nan	0	0	0	0.017967	0.000305	0.017967	0.000305	1.037101	0.017605
28	U	1110	196480	192908	0.005754	48	0	196472	0	0	0	nan	0	0	0	0	0	0	nan	0	0	0	0.005754	0.000173	0.005754	0.000173	1.115657	0.033543
29	C	5123	196484	193165	0.026521	48	0	196472	0	0	0	nan	0	0	0	0	0	0	nan	0	0	0	0.026521	0.000371	0.026521	0.000371	0.981968	0.013737
30	U	813	196491	193089	0.004210	48	0	196476	0	0	0	nan	0	0	0	0	0	0	nan	0	0	0	0.004210	0.000148	0.004210	0.000148	0.816287	0.028696
31	G	179	196497	192312	0.000931	48	0	196473	0	0	0	nan	0	0	0	0	0	0	nan	0	0	0	0.000931	0.000070	0.000931	0.000070	nan	nan
32	A	3301	196498	192926	0.017110	48	0	196469	0	0	0	nan	0	0	0	0	0	0	nan	0	0	0	0.017110	0.000298	0.017110	0.000298	0.987633	0.017201
33	G	198	196500	189486	0.001045	48	0	196457	0	0	0	nan	0	0	0	0	0	0	nan	0	0	0	0.001045	0.000074	0.001045	0.000074	nan	nan
34	C	4848	196507	188355	0.025739	37	0	196446	0	0	0	nan	0	0	0	0	0	0	nan	0	0	0	0.025739	0.000370	0.025739	0.000370	0.953014	0.013700
35	U	971	196527	188177	0.005160	37	0	196424	0	0	0	nan	0	0	0	0	0	0	nan	0	0	0	0.005160	0.000166	0.005160	0.000166	1.000485	0.032186
36	U	970	196533	188159	0.005155	36	0	196413	0	0	0	nan	0	0	0	0	0	0	nan	0	0	0	0.005155	0.000166	0.005155	0.000166	0.999515	0.032186
37	C	5105	196559	189020	0.027008	36	0	196208	0	0	0	nan	0	0	0	0	0	0	nan	0	0	0	0.027008	0.000378	0.027008	0.000378	1.000000	0.013996
38	G	170	196612	188687	0.000901	36	0	196280	0	0	0	nan	0	0	0	0	0	0	nan	0	0	0	0.000901	0.000069	0.000901	0.000069	nan	nan
39	G	190	196919	189889	0.001001	36	0	196749	0	0	0	nan	0	0	0	0	0	0	nan	0	0	0	0.001001	0.000073	0.001001	0.000073	nan	nan
40	C	3730	197102	194168	0.019210	28	0	197074	0	0	0	nan	0	0	0	0	0	0	nan	0	0	0	0.019210	0.000315	0.019210	0.000315	0.711271	0.011663
41	U	654	197130	194323	0.003366	28	0	197118	0	0	0	nan	0	0	0	0	0	0	nan	0	0	0	0.003366	0.000132	0.003366	0.000132	0.652642	0.025594
42	C	4246	197130	194620	0.021817	24	0	197122	0	0	0	nan	0	0	0	0	0	0	nan	0	0	0	0.021817	0.000335	0.021817	0.000335	0.807798	0.012404
43	U	986	197132	194689	0.005064	24	0	197127	0	0	0	nan	0	0	0	0	0	0	nan	0	0	0	0.005064	0.000161	0.005064	0.000161	0.981871	0.031217
44	C	5094	197133	194811	0.026148	23	0	197128	0	0	0	nan	0	0	0	0	0	0	nan	0	0	0	0.026148	0.000366	0.026148	0.000366	0.968158	0.013552
45	U	741	197133	194598	0.003808	23	0	197122	0	0	0	nan	0	0	0	0	0	0	nan	0	0	0	0.003808	0.000140	0.003808	0.000140	0.738342	0.027145
46	G	263	197132	191619	0.001373	23	0	197116	0	0	0	nan	0	0	0	0	0	0	nan	0	0	0	0.001373	0.000085	0.001373	0.000085	nan	nan
47	C	6916	197134	193442	0.035752	23	0	197119	0	0	0	nan	0	0	0	0	0	0	nan	0	0	0	0.035752	0.000430	0.035752	0.000430	1.323756	0.015921
48	C	6695	197133	193998	0.034511	23	0	197122	0	0	0	nan	0	0	0	0	0	0	nan	0	0	0	0.034511	0.000422	0.034511	0.000422	1.277807	0.015625
49	A	3001	197142	194838	0.015403	23	0	197140	0	0	0	nan	0	0	0	0	0	0	nan	0	0	0	0.015403	0.000281	0.015403	0.000281	0.889101	0.016220
50	A	0	197142	195576	0.000000	23	0	197142	0	0	0	nan	0	0	0	0	0	0	nan	0	0	0	0.000000	0.000000	0.000000	0.000000	0.000000	0.000000
51	U	0	197141	102	0.000000	19	0	197141	0	0	0	nan	0	0	0	0	0	0	nan	0	0	0	0.000000	0.000000	nan	nan	nan	nan
52	C	0	197141	106	0.000000	19	0	197141	0	0	0	nan	0	0	0	0	0	0	nan	0	0	0	0.000000	0.000000	nan	nan	nan	nan
53	C	0	197137	115	0.000000	19	0	197137	0	0	0	nan	0	0	0	0	0	0	nan	0	0	0	0.000000	0.000000	nan	nan	nan	nan
54	a	0	196991	0	nan	19	0	196991	0	0	0	nan	0	0	0	0	0	0	nan	0	0	0	nan	nan	nan	nan	nan	nan
55	c	0	196989	0	nan	19	0	196989	0	0	0	nan	0	0	0	0	0	0	nan	0	0	0	nan	nan	nan	nan	nan	nan
56	u	0	196987	0	nan	19	0	196987	0	0	0	nan	0	0	0	0	0	0	nan	0	0	0	nan	nan	nan	nan	nan	nan
57	a	0	196986	0	nan	19	0	196986	0	0	0	nan	0	0	0	0	0	0	nan	0	0	0	nan	nan	nan	nan	nan	nan
58	a	0	196986	0	nan	19	0	196986	0	0	0	nan	0	0	0	0	0	0	nan	0	0	0	nan	nan	nan	nan	nan	nan
59	c	0	196986	0	nan	9	0	196986	0	0	0	nan	0	0	0	0	0	0	nan	0	0	0	nan	nan	nan	nan	nan	nan
60	c	0	196986	0	nan	9	0	196986	0	0	0	nan	0	0	0	0	0	0	nan	0	0	0	nan	nan	nan	nan	nan	nan
61	u	0	196986	0	nan	0	0	196986	0	0	0	nan	0	0	0	0	0	0	nan	0	0	0	nan	nan	nan	nan	nan	nan
62	c	0	196986	0	nan	0	0	196986	0	0	0	nan	0	0	0	0	0	0	nan	0	0	0	nan	nan	nan	nan	nan	nan
63	a	0	196986	0	nan	0	0	196986	0	0	0	nan	0	0	0	0	0	0	nan	0	0	0	nan	nan	nan	nan	nan	nan
64	c	0	196983	0	nan	0	0	196983	0	0	0	nan	0	0	0	0	0	0	nan	0	0	0	nan	nan	nan	nan	nan	nan
65	u	0	196982	0	nan	0	0	196982	0	0	0	nan	0	0	0	0	0	0	nan	0	0	0	nan	nan	nan	nan	nan	nan
66	c	0	196982	0	nan	0	0	196982	0	0	0	nan	0	0	0	0	0	0	nan	0	0	0	nan	nan	nan	nan	nan	nan
67	a	0	196980	0	nan	0	0	196980	0	0	0	nan	0	0	0	0	0	0	nan	0	0	0	nan	nan	nan	nan	nan	nan
68	c	0	196970	0	nan	0	0	196970	0	0	0	nan	0	0	0	0	0	0	nan	0	0	0	nan	nan	nan	nan	nan	nan
69	a	0	196964	0	nan	0	0	196964	0	0	0	nan	0	0	0	0	0	0	nan	0	0	0	nan	nan	nan	nan	nan	nan
70	a	0	196916	0	nan	0	0	196916	0	0	0	nan	0	0	0	0	0	0	nan	0	0	0	nan	nan	nan	nan	nan	nan
71	u	0	196819	0	nan	0	0	196819	0	0	0	nan	0	0	0	0	0	0	nan	0	0	0	nan	nan	nan	nan	nan	nan
72	c	0	196588	0	nan	0	0	196588	0	0	0	nan	0	0	0	0	0	0	nan	0	0	0	nan	nan	nan	nan	nan	nan