Nucleotide	Sequence	Modified_mutations	Modified_read_depth	Modified_effective_depth	Modified_rate	Modified_off_target_mapped_depth	Modified_low_mapq_mapped_depth	Modified_primer_pair_1_mapped_depth	Untreated_mutations	Untreated_read_depth	Untreated_effective_depth	Untreated_rate	Untreated_off_target_mapped_depth	Untreated_low_mapq_mapped_depth	Untreated_primer_pair_1_mapped_depth	Denatured_mutations	Denatured_read_depth	Denatured_effective_depth	Denatured_rate	Denatured_off_target_mapped_depth	Denatured_low_mapq_mapped_depth	Denatured_primer_pair_1_mapped_depth	Reactivity_profile	Std_err	HQ_profile	HQ_stderr	Norm_profile	Norm_stderr
1	g	0	36776	0	nan	13	2	36776	0	0	0	nan	0	0	0	0	0	0	nan	0	0	0	nan	nan	nan	nan	nan	nan
2	g	0	36810	0	nan	13	2	36810	0	0	0	nan	0	0	0	0	0	0	nan	0	0	0	nan	nan	nan	nan	nan	nan
3	u	0	36834	0	nan	13	2	36834	0	0	0	nan	0	0	0	0	0	0	nan	0	0	0	nan	nan	nan	nan	nan	nan
4	g	0	36864	0	nan	13	2	36864	0	0	0	nan	0	0	0	0	0	0	nan	0	0	0	nan	nan	nan	nan	nan	nan
5	u	0	36898	0	nan	13	2	36898	0	0	0	nan	0	0	0	0	0	0	nan	0	0	0	nan	nan	nan	nan	nan	nan
6	a	0	36946	0	nan	13	2	36946	0	0	0	nan	0	0	0	0	0	0	nan	0	0	0	nan	nan	nan	nan	nan	nan
7	a	0	37081	0	nan	13	2	37081	0	0	0	nan	0	0	0	0	0	0	nan	0	0	0	nan	nan	nan	nan	nan	nan
8	g	0	37410	0	nan	13	2	37410	0	0	0	nan	0	0	0	0	0	0	nan	0	0	0	nan	nan	nan	nan	nan	nan
9	g	0	39875	0	nan	13	2	39875	0	0	0	nan	0	0	0	0	0	0	nan	0	0	0	nan	nan	nan	nan	nan	nan
10	g	0	223033	0	nan	13	2	223033	0	0	0	nan	0	0	0	0	0	0	nan	0	0	0	nan	nan	nan	nan	nan	nan
11	u	0	231735	0	nan	13	2	231735	0	0	0	nan	0	0	0	0	0	0	nan	0	0	0	nan	nan	nan	nan	nan	nan
12	g	0	232092	0	nan	13	2	232092	0	0	0	nan	0	0	0	0	0	0	nan	0	0	0	nan	nan	nan	nan	nan	nan
13	a	0	232125	0	nan	13	2	232125	0	0	0	nan	0	0	0	0	0	0	nan	0	0	0	nan	nan	nan	nan	nan	nan
14	a	0	232146	0	nan	13	2	232146	0	0	0	nan	0	0	0	0	0	0	nan	0	0	0	nan	nan	nan	nan	nan	nan
15	g	0	232218	0	nan	34	2	232218	0	0	0	nan	0	0	0	0	0	0	nan	0	0	0	nan	nan	nan	nan	nan	nan
16	u	0	232237	0	nan	34	2	232237	0	0	0	nan	0	0	0	0	0	0	nan	0	0	0	nan	nan	nan	nan	nan	nan
17	g	0	232262	0	nan	34	2	232262	0	0	0	nan	0	0	0	0	0	0	nan	0	0	0	nan	nan	nan	nan	nan	nan
18	u	0	232270	0	nan	34	2	232270	0	0	0	nan	0	0	0	0	0	0	nan	0	0	0	nan	nan	nan	nan	nan	nan
19	a	0	232361	0	nan	34	2	232361	0	0	0	nan	0	0	0	0	0	0	nan	0	0	0	nan	nan	nan	nan	nan	nan
20	A	0	232402	17	0.000000	34	2	232402	0	0	0	nan	0	0	0	0	0	0	nan	0	0	0	0.000000	0.000000	nan	nan	nan	nan
21	G	0	232471	42	0.000000	34	2	232471	0	0	0	nan	0	0	0	0	0	0	nan	0	0	0	0.000000	0.000000	nan	nan	nan	nan
22	G	0	232490	42	0.000000	34	2	232490	0	0	0	nan	0	0	0	0	0	0	nan	0	0	0	0.000000	0.000000	nan	nan	nan	nan
23	U	0	232512	222912	0.000000	34	2	232512	0	0	0	nan	0	0	0	0	0	0	nan	0	0	0	0.000000	0.000000	0.000000	0.000000	nan	nan
24	U	191	232530	228945	0.000834	34	2	232530	0	0	0	nan	0	0	0	0	0	0	nan	0	0	0	0.000834	0.000060	0.000834	0.000060	nan	nan
25	G	194	232549	227819	0.000852	34	2	232549	0	0	0	nan	0	0	0	0	0	0	nan	0	0	0	0.000852	0.000061	0.000852	0.000061	nan	nan
26	A	9645	232556	226070	0.042664	34	2	232556	0	0	0	nan	0	0	0	0	0	0	nan	0	0	0	0.042664	0.000434	0.042664	0.000434	1.022664	0.010403
27	A	10578	232563	224391	0.047141	34	2	232563	0	0	0	nan	0	0	0	0	0	0	nan	0	0	0	0.047141	0.000458	0.047141	0.000458	1.129978	0.010978
28	C	11853	232572	223365	0.053066	34	2	232572	0	0	0	nan	0	0	0	0	0	0	nan	0	0	0	0.053066	0.000487	0.053066	0.000487	1.101903	0.010112
29	U	140	232591	225877	0.000620	34	2	232591	0	0	0	nan	0	0	0	0	0	0	nan	0	0	0	0.000620	0.000052	0.000620	0.000052	nan	nan
30	U	167	232607	227116	0.000735	34	2	232603	0	0	0	nan	0	0	0	0	0	0	nan	0	0	0	0.000735	0.000057	0.000735	0.000057	nan	nan
31	U	154	232632	227995	0.000675	34	2	232628	0	0	0	nan	0	0	0	0	0	0	nan	0	0	0	0.000675	0.000054	0.000675	0.000054	nan	nan
32	U	202	232665	228886	0.000883	34	2	232661	0	0	0	nan	0	0	0	0	0	0	nan	0	0	0	0.000883	0.000062	0.000883	0.000062	nan	nan
33	G	279	232701	227978	0.001224	34	2	232698	0	0	0	nan	0	0	0	0	0	0	nan	0	0	0	0.001224	0.000073	0.001224	0.000073	nan	nan
34	A	8189	232706	227706	0.035963	34	2	232702	0	0	0	nan	0	0	0	0	0	0	nan	0	0	0	0.035963	0.000397	0.035963	0.000397	0.862040	0.009516
35	A	6985	232715	226263	0.030871	34	2	232711	0	0	0	nan	0	0	0	0	0	0	nan	0	0	0	0.030871	0.000369	0.030871	0.000369	0.739983	0.008845
36	U	181	232720	225668	0.000802	34	2	232717	0	0	0	nan	0	0	0	0	0	0	nan	0	0	0	0.000802	0.000060	0.000802	0.000060	nan	nan
37	A	12228	232720	226456	0.053997	34	2	232717	0	0	0	nan	0	0	0	0	0	0	nan	0	0	0	0.053997	0.000488	0.053997	0.000488	1.294318	0.011697
38	G	288	232739	226252	0.001273	34	2	232736	0	0	0	nan	0	0	0	0	0	0	nan	0	0	0	0.001273	0.000075	0.001273	0.000075	nan	nan
39	U	238	232752	228938	0.001040	35	2	232749	0	0	0	nan	0	0	0	0	0	0	nan	0	0	0	0.001040	0.000067	0.001040	0.000067	nan	nan
40	G	382	232766	226563	0.001686	35	2	232763	0	0	0	nan	0	0	0	0	0	0	nan	0	0	0	0.001686	0.000086	0.001686	0.000086	nan	nan
41	A	8536	232779	226731	0.037648	35	2	232776	0	0	0	nan	0	0	0	0	0	0	nan	0	0	0	0.037648	0.000407	0.037648	0.000407	0.902429	0.009756
42	U	201	232807	225552	0.000891	33	2	232803	0	0	0	nan	0	0	0	0	0	0	nan	0	0	0	0.000891	0.000063	0.000891	0.000063	nan	nan
43	U	186	232838	226007	0.000823	33	2	232835	0	0	0	nan	0	0	0	0	0	0	nan	0	0	0	0.000823	0.000060	0.000823	0.000060	nan	nan
44	C	7516	232859	224785	0.033436	33	2	232857	0	0	0	nan	0	0	0	0	0	0	nan	0	0	0	0.033436	0.000386	0.033436	0.000386	0.694291	0.008015
45	A	7620	232895	226080	0.033705	33	3	232893	0	0	0	nan	0	0	0	0	0	0	nan	0	0	0	0.033705	0.000386	0.033705	0.000386	0.807915	0.009252
46	G	265	232958	227354	0.001166	33	3	232956	0	0	0	nan	0	0	0	0	0	0	nan	0	0	0	0.001166	0.000072	0.001166	0.000072	nan	nan
47	G	238	232978	227054	0.001048	32	3	232976	0	0	0	nan	0	0	0	0	0	0	nan	0	0	0	0.001048	0.000068	0.001048	0.000068	nan	nan
48	A	6987	232984	222469	0.031407	32	3	232982	0	0	0	nan	0	0	0	0	0	0	nan	0	0	0	0.031407	0.000376	0.031407	0.000376	0.752831	0.009013
49	G	261	233068	222245	0.001174	32	3	233067	0	0	0	nan	0	0	0	0	0	0	nan	0	0	0	0.001174	0.000073	0.001174	0.000073	nan	nan
50	G	346	233089	223534	0.001548	31	3	233089	0	0	0	nan	0	0	0	0	0	0	nan	0	0	0	0.001548	0.000083	0.001548	0.000083	nan	nan
51	U	158	233099	223341	0.000707	31	3	233099	0	0	0	nan	0	0	0	0	0	0	nan	0	0	0	0.000707	0.000056	0.000707	0.000056	nan	nan
52	U	189	233101	226690	0.000834	29	3	233101	0	0	0	nan	0	0	0	0	0	0	nan	0	0	0	0.000834	0.000061	0.000834	0.000061	nan	nan
53	A	8796	233102	226224	0.038882	27	3	233100	0	0	0	nan	0	0	0	0	0	0	nan	0	0	0	0.038882	0.000415	0.038882	0.000415	0.932009	0.009948
54	A	7446	233099	227332	0.032754	27	3	233095	0	0	0	nan	0	0	0	0	0	0	nan	0	0	0	0.032754	0.000380	0.032754	0.000380	0.785119	0.009109
55	U	273	233104	229150	0.001191	27	3	233101	0	0	0	nan	0	0	0	0	0	0	nan	0	0	0	0.001191	0.000072	0.001191	0.000072	nan	nan
56	G	330	233111	230058	0.001434	27	3	233109	0	0	0	nan	0	0	0	0	0	0	nan	0	0	0	0.001434	0.000079	0.001434	0.000079	nan	nan
57	G	0	233117	228413	0.000000	27	3	233116	0	0	0	nan	0	0	0	0	0	0	nan	0	0	0	0.000000	0.000000	0.000000	0.000000	nan	nan
58	A	0	233119	0	nan	27	3	233119	0	0	0	nan	0	0	0	0	0	0	nan	0	0	0	nan	nan	nan	nan	nan	nan
59	A	0	233119	0	nan	27	3	233119	0	0	0	nan	0	0	0	0	0	0	nan	0	0	0	nan	nan	nan	nan	nan	nan
60	G	0	233119	0	nan	27	3	233119	0	0	0	nan	0	0	0	0	0	0	nan	0	0	0	nan	nan	nan	nan	nan	nan
61	u	0	233119	0	nan	27	3	233119	0	0	0	nan	0	0	0	0	0	0	nan	0	0	0	nan	nan	nan	nan	nan	nan
62	a	0	233119	0	nan	27	3	233119	0	0	0	nan	0	0	0	0	0	0	nan	0	0	0	nan	nan	nan	nan	nan	nan
63	a	0	233119	0	nan	27	3	233119	0	0	0	nan	0	0	0	0	0	0	nan	0	0	0	nan	nan	nan	nan	nan	nan
64	a	0	233119	0	nan	27	3	233119	0	0	0	nan	0	0	0	0	0	0	nan	0	0	0	nan	nan	nan	nan	nan	nan
65	g	0	233119	0	nan	27	3	233119	0	0	0	nan	0	0	0	0	0	0	nan	0	0	0	nan	nan	nan	nan	nan	nan
66	g	0	233119	0	nan	26	3	233119	0	0	0	nan	0	0	0	0	0	0	nan	0	0	0	nan	nan	nan	nan	nan	nan
67	u	0	233119	0	nan	26	3	233119	0	0	0	nan	0	0	0	0	0	0	nan	0	0	0	nan	nan	nan	nan	nan	nan
68	a	0	233119	0	nan	22	3	233119	0	0	0	nan	0	0	0	0	0	0	nan	0	0	0	nan	nan	nan	nan	nan	nan
69	a	0	233119	0	nan	22	3	233119	0	0	0	nan	0	0	0	0	0	0	nan	0	0	0	nan	nan	nan	nan	nan	nan
70	u	0	233119	0	nan	22	3	233119	0	0	0	nan	0	0	0	0	0	0	nan	0	0	0	nan	nan	nan	nan	nan	nan
71	g	0	233119	0	nan	22	3	233119	0	0	0	nan	0	0	0	0	0	0	nan	0	0	0	nan	nan	nan	nan	nan	nan
72	a	0	233119	0	nan	22	3	233119	0	0	0	nan	0	0	0	0	0	0	nan	0	0	0	nan	nan	nan	nan	nan	nan
73	a	0	233119	0	nan	22	3	233119	0	0	0	nan	0	0	0	0	0	0	nan	0	0	0	nan	nan	nan	nan	nan	nan
74	g	0	233118	0	nan	22	3	233118	0	0	0	nan	0	0	0	0	0	0	nan	0	0	0	nan	nan	nan	nan	nan	nan
75	g	0	233118	0	nan	22	3	233118	0	0	0	nan	0	0	0	0	0	0	nan	0	0	0	nan	nan	nan	nan	nan	nan
76	u	0	233112	0	nan	22	3	233112	0	0	0	nan	0	0	0	0	0	0	nan	0	0	0	nan	nan	nan	nan	nan	nan
77	g	0	233108	0	nan	22	3	233108	0	0	0	nan	0	0	0	0	0	0	nan	0	0	0	nan	nan	nan	nan	nan	nan
78	a	0	233096	0	nan	22	3	233096	0	0	0	nan	0	0	0	0	0	0	nan	0	0	0	nan	nan	nan	nan	nan	nan
79	a	0	233064	0	nan	21	3	233064	0	0	0	nan	0	0	0	0	0	0	nan	0	0	0	nan	nan	nan	nan	nan	nan
80	g	0	232900	0	nan	21	3	232900	0	0	0	nan	0	0	0	0	0	0	nan	0	0	0	nan	nan	nan	nan	nan	nan