Nucleotide	Sequence	Modified_mutations	Modified_read_depth	Modified_effective_depth	Modified_rate	Modified_off_target_mapped_depth	Modified_low_mapq_mapped_depth	Modified_primer_pair_1_mapped_depth	Untreated_mutations	Untreated_read_depth	Untreated_effective_depth	Untreated_rate	Untreated_off_target_mapped_depth	Untreated_low_mapq_mapped_depth	Untreated_primer_pair_1_mapped_depth	Denatured_mutations	Denatured_read_depth	Denatured_effective_depth	Denatured_rate	Denatured_off_target_mapped_depth	Denatured_low_mapq_mapped_depth	Denatured_primer_pair_1_mapped_depth	Reactivity_profile	Std_err	HQ_profile	HQ_stderr	Norm_profile	Norm_stderr
1	g	0	54334	0	nan	1	5	54334	0	0	0	nan	0	0	0	0	0	0	nan	0	0	0	nan	nan	nan	nan	nan	nan
2	g	0	54374	0	nan	1	5	54374	0	0	0	nan	0	0	0	0	0	0	nan	0	0	0	nan	nan	nan	nan	nan	nan
3	u	0	54398	0	nan	1	5	54398	0	0	0	nan	0	0	0	0	0	0	nan	0	0	0	nan	nan	nan	nan	nan	nan
4	g	0	54413	0	nan	1	5	54413	0	0	0	nan	0	0	0	0	0	0	nan	0	0	0	nan	nan	nan	nan	nan	nan
5	u	0	54430	0	nan	1	5	54430	0	0	0	nan	0	0	0	0	0	0	nan	0	0	0	nan	nan	nan	nan	nan	nan
6	a	0	54445	0	nan	1	5	54445	0	0	0	nan	0	0	0	0	0	0	nan	0	0	0	nan	nan	nan	nan	nan	nan
7	a	0	54482	0	nan	1	5	54482	0	0	0	nan	0	0	0	0	0	0	nan	0	0	0	nan	nan	nan	nan	nan	nan
8	g	0	54597	0	nan	1	5	54597	0	0	0	nan	0	0	0	0	0	0	nan	0	0	0	nan	nan	nan	nan	nan	nan
9	g	0	56433	0	nan	1	5	56433	0	0	0	nan	0	0	0	0	0	0	nan	0	0	0	nan	nan	nan	nan	nan	nan
10	g	0	229539	0	nan	1	5	229539	0	0	0	nan	0	0	0	0	0	0	nan	0	0	0	nan	nan	nan	nan	nan	nan
11	u	0	238904	0	nan	1	5	238904	0	0	0	nan	0	0	0	0	0	0	nan	0	0	0	nan	nan	nan	nan	nan	nan
12	g	0	239219	0	nan	1	5	239219	0	0	0	nan	0	0	0	0	0	0	nan	0	0	0	nan	nan	nan	nan	nan	nan
13	a	0	239272	0	nan	1	5	239272	0	0	0	nan	0	0	0	0	0	0	nan	0	0	0	nan	nan	nan	nan	nan	nan
14	a	0	239284	0	nan	1	5	239284	0	0	0	nan	0	0	0	0	0	0	nan	0	0	0	nan	nan	nan	nan	nan	nan
15	g	0	239308	0	nan	8	5	239308	0	0	0	nan	0	0	0	0	0	0	nan	0	0	0	nan	nan	nan	nan	nan	nan
16	u	0	239317	0	nan	8	5	239317	0	0	0	nan	0	0	0	0	0	0	nan	0	0	0	nan	nan	nan	nan	nan	nan
17	g	0	239341	0	nan	8	5	239341	0	0	0	nan	0	0	0	0	0	0	nan	0	0	0	nan	nan	nan	nan	nan	nan
18	u	0	239346	0	nan	8	5	239346	0	0	0	nan	0	0	0	0	0	0	nan	0	0	0	nan	nan	nan	nan	nan	nan
19	a	0	239436	0	nan	8	5	239436	0	0	0	nan	0	0	0	0	0	0	nan	0	0	0	nan	nan	nan	nan	nan	nan
20	A	0	239476	22	0.000000	8	5	239476	0	0	0	nan	0	0	0	0	0	0	nan	0	0	0	0.000000	0.000000	nan	nan	nan	nan
21	G	0	239565	55	0.000000	8	5	239565	0	0	0	nan	0	0	0	0	0	0	nan	0	0	0	0.000000	0.000000	nan	nan	nan	nan
22	G	0	239575	52	0.000000	8	5	239575	0	0	0	nan	0	0	0	0	0	0	nan	0	0	0	0.000000	0.000000	nan	nan	nan	nan
23	U	0	239592	236636	0.000000	8	5	239592	0	0	0	nan	0	0	0	0	0	0	nan	0	0	0	0.000000	0.000000	0.000000	0.000000	nan	nan
24	U	271	239596	236721	0.001145	8	5	239596	0	0	0	nan	0	0	0	0	0	0	nan	0	0	0	0.001145	0.000070	0.001145	0.000070	nan	nan
25	G	277	239601	235624	0.001176	8	5	239601	0	0	0	nan	0	0	0	0	0	0	nan	0	0	0	0.001176	0.000071	0.001176	0.000071	nan	nan
26	A	940	239595	231389	0.004062	8	2	239565	0	0	0	nan	0	0	0	0	0	0	nan	0	0	0	0.004062	0.000133	0.004062	0.000133	0.408200	0.013365
27	C	8252	239605	230571	0.035789	8	2	239569	0	0	0	nan	0	0	0	0	0	0	nan	0	0	0	0.035789	0.000394	0.035789	0.000394	1.905089	0.020973
28	C	412	239617	231038	0.001783	8	2	239583	0	0	0	nan	0	0	0	0	0	0	nan	0	0	0	0.001783	0.000088	0.001783	0.000088	0.094911	0.004684
29	U	197	239661	234200	0.000841	8	2	239628	0	0	0	nan	0	0	0	0	0	0	nan	0	0	0	0.000841	0.000060	0.000841	0.000060	nan	nan
30	U	220	239699	234939	0.000936	8	2	239671	0	0	0	nan	0	0	0	0	0	0	nan	0	0	0	0.000936	0.000063	0.000936	0.000063	nan	nan
31	U	257	239720	235834	0.001090	8	2	239693	0	0	0	nan	0	0	0	0	0	0	nan	0	0	0	0.001090	0.000068	0.001090	0.000068	nan	nan
32	U	216	239785	236898	0.000912	8	2	239759	0	0	0	nan	0	0	0	0	0	0	nan	0	0	0	0.000912	0.000062	0.000912	0.000062	nan	nan
33	G	138	239828	235294	0.000587	8	3	239803	0	0	0	nan	0	0	0	0	0	0	nan	0	0	0	0.000587	0.000050	0.000587	0.000050	nan	nan
34	A	1407	239850	235915	0.005964	8	3	239824	0	0	0	nan	0	0	0	0	0	0	nan	0	0	0	0.005964	0.000159	0.005964	0.000159	0.599337	0.015978
35	A	1254	239862	235004	0.005336	8	3	239836	0	0	0	nan	0	0	0	0	0	0	nan	0	0	0	0.005336	0.000151	0.005336	0.000151	0.536228	0.015174
36	U	166	239876	233140	0.000712	8	3	239851	0	0	0	nan	0	0	0	0	0	0	nan	0	0	0	0.000712	0.000055	0.000712	0.000055	nan	nan
37	A	18220	239897	233157	0.078145	8	3	239871	0	0	0	nan	0	0	0	0	0	0	nan	0	0	0	0.078145	0.000579	0.078145	0.000579	7.852980	0.058185
38	G	301	239922	231640	0.001299	8	3	239896	0	0	0	nan	0	0	0	0	0	0	nan	0	0	0	0.001299	0.000075	0.001299	0.000075	nan	nan
39	U	408	239946	236674	0.001724	8	5	239921	0	0	0	nan	0	0	0	0	0	0	nan	0	0	0	0.001724	0.000085	0.001724	0.000085	nan	nan
40	G	477	239970	234944	0.002030	8	5	239947	0	0	0	nan	0	0	0	0	0	0	nan	0	0	0	0.002030	0.000093	0.002030	0.000093	nan	nan
41	A	3610	239984	236163	0.015286	8	5	239962	0	0	0	nan	0	0	0	0	0	0	nan	0	0	0	0.015286	0.000254	0.015286	0.000254	1.536127	0.025525
42	U	373	240023	235431	0.001584	7	5	240003	0	0	0	nan	0	0	0	0	0	0	nan	0	0	0	0.001584	0.000082	0.001584	0.000082	nan	nan
43	U	290	240046	235707	0.001230	7	5	240029	0	0	0	nan	0	0	0	0	0	0	nan	0	0	0	0.001230	0.000072	0.001230	0.000072	nan	nan
44	C	372	240069	235908	0.001577	7	5	240052	0	0	0	nan	0	0	0	0	0	0	nan	0	0	0	0.001577	0.000082	0.001577	0.000082	0.083945	0.004365
45	A	1087	240098	236773	0.004591	7	5	240084	0	0	0	nan	0	0	0	0	0	0	nan	0	0	0	0.004591	0.000139	0.004591	0.000139	0.461361	0.013968
46	G	171	240128	237643	0.000720	7	5	240115	0	0	0	nan	0	0	0	0	0	0	nan	0	0	0	0.000720	0.000055	0.000720	0.000055	nan	nan
47	G	144	240142	237132	0.000607	7	5	240130	0	0	0	nan	0	0	0	0	0	0	nan	0	0	0	0.000607	0.000051	0.000607	0.000051	nan	nan
48	A	579	240148	237536	0.002438	7	5	240138	0	0	0	nan	0	0	0	0	0	0	nan	0	0	0	0.002438	0.000101	0.002438	0.000101	0.245001	0.010150
49	G	284	240202	236478	0.001201	7	5	240199	0	0	0	nan	0	0	0	0	0	0	nan	0	0	0	0.001201	0.000071	0.001201	0.000071	nan	nan
50	G	250	240208	235951	0.001060	7	5	240206	0	0	0	nan	0	0	0	0	0	0	nan	0	0	0	0.001060	0.000067	0.001060	0.000067	nan	nan
51	U	193	240213	236945	0.000815	7	5	240211	0	0	0	nan	0	0	0	0	0	0	nan	0	0	0	0.000815	0.000059	0.000815	0.000059	nan	nan
52	U	241	240217	236308	0.001020	7	5	240216	0	0	0	nan	0	0	0	0	0	0	nan	0	0	0	0.001020	0.000066	0.001020	0.000066	nan	nan
53	A	2091	240223	236992	0.008823	7	5	240222	0	0	0	nan	0	0	0	0	0	0	nan	0	0	0	0.008823	0.000193	0.008823	0.000193	0.886645	0.019395
54	A	2358	240219	236950	0.009951	7	5	240215	0	0	0	nan	0	0	0	0	0	0	nan	0	0	0	0.009951	0.000205	0.009951	0.000205	1.000000	0.020601
55	U	368	240220	237421	0.001550	7	5	240216	0	0	0	nan	0	0	0	0	0	0	nan	0	0	0	0.001550	0.000081	0.001550	0.000081	nan	nan
56	G	352	240226	236963	0.001485	7	5	240224	0	0	0	nan	0	0	0	0	0	0	nan	0	0	0	0.001485	0.000079	0.001485	0.000079	nan	nan
57	G	0	240226	235578	0.000000	7	5	240226	0	0	0	nan	0	0	0	0	0	0	nan	0	0	0	0.000000	0.000000	0.000000	0.000000	nan	nan
58	A	0	240226	0	nan	6	5	240226	0	0	0	nan	0	0	0	0	0	0	nan	0	0	0	nan	nan	nan	nan	nan	nan
59	A	0	240226	0	nan	6	5	240226	0	0	0	nan	0	0	0	0	0	0	nan	0	0	0	nan	nan	nan	nan	nan	nan
60	G	0	240226	0	nan	6	5	240226	0	0	0	nan	0	0	0	0	0	0	nan	0	0	0	nan	nan	nan	nan	nan	nan
61	u	0	240226	0	nan	6	5	240226	0	0	0	nan	0	0	0	0	0	0	nan	0	0	0	nan	nan	nan	nan	nan	nan
62	a	0	240226	0	nan	6	5	240226	0	0	0	nan	0	0	0	0	0	0	nan	0	0	0	nan	nan	nan	nan	nan	nan
63	a	0	240226	0	nan	6	5	240226	0	0	0	nan	0	0	0	0	0	0	nan	0	0	0	nan	nan	nan	nan	nan	nan
64	a	0	240226	0	nan	6	5	240226	0	0	0	nan	0	0	0	0	0	0	nan	0	0	0	nan	nan	nan	nan	nan	nan
65	g	0	240226	0	nan	6	5	240226	0	0	0	nan	0	0	0	0	0	0	nan	0	0	0	nan	nan	nan	nan	nan	nan
66	g	0	240226	0	nan	6	5	240226	0	0	0	nan	0	0	0	0	0	0	nan	0	0	0	nan	nan	nan	nan	nan	nan
67	u	0	240226	0	nan	6	5	240226	0	0	0	nan	0	0	0	0	0	0	nan	0	0	0	nan	nan	nan	nan	nan	nan
68	a	0	240226	0	nan	6	5	240226	0	0	0	nan	0	0	0	0	0	0	nan	0	0	0	nan	nan	nan	nan	nan	nan
69	a	0	240226	0	nan	6	5	240226	0	0	0	nan	0	0	0	0	0	0	nan	0	0	0	nan	nan	nan	nan	nan	nan
70	u	0	240226	0	nan	6	5	240226	0	0	0	nan	0	0	0	0	0	0	nan	0	0	0	nan	nan	nan	nan	nan	nan
71	g	0	240226	0	nan	6	5	240226	0	0	0	nan	0	0	0	0	0	0	nan	0	0	0	nan	nan	nan	nan	nan	nan
72	a	0	240226	0	nan	6	5	240226	0	0	0	nan	0	0	0	0	0	0	nan	0	0	0	nan	nan	nan	nan	nan	nan
73	a	0	240226	0	nan	6	5	240226	0	0	0	nan	0	0	0	0	0	0	nan	0	0	0	nan	nan	nan	nan	nan	nan
74	g	0	240226	0	nan	6	5	240226	0	0	0	nan	0	0	0	0	0	0	nan	0	0	0	nan	nan	nan	nan	nan	nan
75	g	0	240224	0	nan	6	5	240224	0	0	0	nan	0	0	0	0	0	0	nan	0	0	0	nan	nan	nan	nan	nan	nan
76	u	0	240218	0	nan	6	5	240218	0	0	0	nan	0	0	0	0	0	0	nan	0	0	0	nan	nan	nan	nan	nan	nan
77	g	0	240211	0	nan	6	5	240211	0	0	0	nan	0	0	0	0	0	0	nan	0	0	0	nan	nan	nan	nan	nan	nan
78	a	0	240210	0	nan	6	5	240210	0	0	0	nan	0	0	0	0	0	0	nan	0	0	0	nan	nan	nan	nan	nan	nan
79	a	0	240161	0	nan	6	5	240161	0	0	0	nan	0	0	0	0	0	0	nan	0	0	0	nan	nan	nan	nan	nan	nan
80	g	0	240081	0	nan	6	5	240081	0	0	0	nan	0	0	0	0	0	0	nan	0	0	0	nan	nan	nan	nan	nan	nan