Nucleotide	Sequence	Modified_mutations	Modified_read_depth	Modified_effective_depth	Modified_rate	Modified_off_target_mapped_depth	Modified_low_mapq_mapped_depth	Modified_primer_pair_1_mapped_depth	Untreated_mutations	Untreated_read_depth	Untreated_effective_depth	Untreated_rate	Untreated_off_target_mapped_depth	Untreated_low_mapq_mapped_depth	Untreated_primer_pair_1_mapped_depth	Denatured_mutations	Denatured_read_depth	Denatured_effective_depth	Denatured_rate	Denatured_off_target_mapped_depth	Denatured_low_mapq_mapped_depth	Denatured_primer_pair_1_mapped_depth	Reactivity_profile	Std_err	HQ_profile	HQ_stderr	Norm_profile	Norm_stderr
1	g	0	55605	0	nan	1	0	55605	0	0	0	nan	0	0	0	0	0	0	nan	0	0	0	nan	nan	nan	nan	nan	nan
2	g	0	55636	0	nan	1	0	55636	0	0	0	nan	0	0	0	0	0	0	nan	0	0	0	nan	nan	nan	nan	nan	nan
3	u	0	55659	0	nan	1	0	55659	0	0	0	nan	0	0	0	0	0	0	nan	0	0	0	nan	nan	nan	nan	nan	nan
4	g	0	55687	0	nan	1	0	55687	0	0	0	nan	0	0	0	0	0	0	nan	0	0	0	nan	nan	nan	nan	nan	nan
5	u	0	55721	0	nan	1	0	55721	0	0	0	nan	0	0	0	0	0	0	nan	0	0	0	nan	nan	nan	nan	nan	nan
6	a	0	55751	0	nan	1	0	55751	0	0	0	nan	0	0	0	0	0	0	nan	0	0	0	nan	nan	nan	nan	nan	nan
7	a	0	55822	0	nan	1	0	55822	0	0	0	nan	0	0	0	0	0	0	nan	0	0	0	nan	nan	nan	nan	nan	nan
8	g	0	56013	0	nan	1	0	56013	0	0	0	nan	0	0	0	0	0	0	nan	0	0	0	nan	nan	nan	nan	nan	nan
9	g	0	58229	0	nan	1	0	58229	0	0	0	nan	0	0	0	0	0	0	nan	0	0	0	nan	nan	nan	nan	nan	nan
10	g	0	231442	0	nan	1	0	231442	0	0	0	nan	0	0	0	0	0	0	nan	0	0	0	nan	nan	nan	nan	nan	nan
11	u	0	243419	0	nan	1	0	243419	0	0	0	nan	0	0	0	0	0	0	nan	0	0	0	nan	nan	nan	nan	nan	nan
12	g	0	243979	0	nan	1	0	243979	0	0	0	nan	0	0	0	0	0	0	nan	0	0	0	nan	nan	nan	nan	nan	nan
13	a	0	244043	0	nan	1	0	244043	0	0	0	nan	0	0	0	0	0	0	nan	0	0	0	nan	nan	nan	nan	nan	nan
14	a	0	244064	0	nan	1	0	244064	0	0	0	nan	0	0	0	0	0	0	nan	0	0	0	nan	nan	nan	nan	nan	nan
15	g	0	244093	0	nan	1	0	244093	0	0	0	nan	0	0	0	0	0	0	nan	0	0	0	nan	nan	nan	nan	nan	nan
16	u	0	244101	0	nan	1	0	244101	0	0	0	nan	0	0	0	0	0	0	nan	0	0	0	nan	nan	nan	nan	nan	nan
17	g	0	244140	0	nan	1	0	244140	0	0	0	nan	0	0	0	0	0	0	nan	0	0	0	nan	nan	nan	nan	nan	nan
18	u	0	244147	0	nan	1	0	244147	0	0	0	nan	0	0	0	0	0	0	nan	0	0	0	nan	nan	nan	nan	nan	nan
19	a	0	244248	0	nan	1	0	244248	0	0	0	nan	0	0	0	0	0	0	nan	0	0	0	nan	nan	nan	nan	nan	nan
20	A	0	244308	25	0.000000	1	0	244308	0	0	0	nan	0	0	0	0	0	0	nan	0	0	0	0.000000	0.000000	nan	nan	nan	nan
21	G	0	244395	62	0.000000	1	0	244395	0	0	0	nan	0	0	0	0	0	0	nan	0	0	0	0.000000	0.000000	nan	nan	nan	nan
22	G	0	244416	71	0.000000	1	0	244416	0	0	0	nan	0	0	0	0	0	0	nan	0	0	0	0.000000	0.000000	nan	nan	nan	nan
23	U	0	244429	241374	0.000000	1	0	244429	0	0	0	nan	0	0	0	0	0	0	nan	0	0	0	0.000000	0.000000	0.000000	0.000000	nan	nan
24	U	385	244433	241256	0.001596	1	0	244433	0	0	0	nan	0	0	0	0	0	0	nan	0	0	0	0.001596	0.000081	0.001596	0.000081	nan	nan
25	G	554	244439	239337	0.002315	1	0	244439	0	0	0	nan	0	0	0	0	0	0	nan	0	0	0	0.002315	0.000098	0.002315	0.000098	0.933091	0.039500
26	A	5951	244435	233940	0.025438	1	0	244389	0	0	0	nan	0	0	0	0	0	0	nan	0	0	0	0.025438	0.000330	0.025438	0.000330	0.784349	0.010175
27	C	13269	244442	232595	0.057048	1	0	244387	0	0	0	nan	0	0	0	0	0	0	nan	0	0	0	0.057048	0.000495	0.057048	0.000495	1.312172	0.011386
28	C	4332	244460	234199	0.018497	1	0	244410	0	0	0	nan	0	0	0	0	0	0	nan	0	0	0	0.018497	0.000281	0.018497	0.000281	0.425453	0.006463
29	U	194	244536	238301	0.000814	1	0	244490	0	0	0	nan	0	0	0	0	0	0	nan	0	0	0	0.000814	0.000058	0.000814	0.000058	nan	nan
30	U	271	244561	239326	0.001132	1	0	244518	0	0	0	nan	0	0	0	0	0	0	nan	0	0	0	0.001132	0.000069	0.001132	0.000069	nan	nan
31	U	334	244587	240181	0.001391	1	0	244545	0	0	0	nan	0	0	0	0	0	0	nan	0	0	0	0.001391	0.000076	0.001391	0.000076	nan	nan
32	U	282	244630	241215	0.001169	1	0	244588	0	0	0	nan	0	0	0	0	0	0	nan	0	0	0	0.001169	0.000070	0.001169	0.000070	nan	nan
33	G	555	244673	238840	0.002324	1	0	244632	0	0	0	nan	0	0	0	0	0	0	nan	0	0	0	0.002324	0.000099	0.002324	0.000099	0.936719	0.039903
34	A	6138	244696	238557	0.025730	1	0	244654	0	0	0	nan	0	0	0	0	0	0	nan	0	0	0	0.025730	0.000328	0.025730	0.000328	0.793352	0.010113
35	A	5277	244715	237448	0.022224	1	0	244674	0	0	0	nan	0	0	0	0	0	0	nan	0	0	0	0.022224	0.000306	0.022224	0.000306	0.685249	0.009435
36	U	259	244731	236196	0.001097	1	0	244690	0	0	0	nan	0	0	0	0	0	0	nan	0	0	0	0.001097	0.000068	0.001097	0.000068	nan	nan
37	A	12473	244752	237027	0.052623	1	0	244711	0	0	0	nan	0	0	0	0	0	0	nan	0	0	0	0.052623	0.000471	0.052623	0.000471	1.622564	0.014523
38	G	423	244781	235507	0.001796	1	0	244742	0	0	0	nan	0	0	0	0	0	0	nan	0	0	0	0.001796	0.000087	0.001796	0.000087	0.723902	0.035067
39	U	447	244802	240211	0.001861	1	0	244766	0	0	0	nan	0	0	0	0	0	0	nan	0	0	0	0.001861	0.000088	0.001861	0.000088	nan	nan
40	G	716	244829	237963	0.003009	1	0	244795	0	0	0	nan	0	0	0	0	0	0	nan	0	0	0	0.003009	0.000112	0.003009	0.000112	1.212817	0.045143
41	A	7917	244858	239182	0.033100	1	0	244827	0	0	0	nan	0	0	0	0	0	0	nan	0	0	0	0.033100	0.000372	0.033100	0.000372	1.020597	0.011470
42	U	415	244921	238395	0.001741	1	0	244899	0	0	0	nan	0	0	0	0	0	0	nan	0	0	0	0.001741	0.000085	0.001741	0.000085	nan	nan
43	U	418	244949	238566	0.001752	1	0	244928	0	0	0	nan	0	0	0	0	0	0	nan	0	0	0	0.001752	0.000086	0.001752	0.000086	nan	nan
44	C	7104	244968	237561	0.029904	1	0	244949	0	0	0	nan	0	0	0	0	0	0	nan	0	0	0	0.029904	0.000355	0.029904	0.000355	0.687828	0.008165
45	A	6312	244987	238576	0.026457	1	0	244972	0	0	0	nan	0	0	0	0	0	0	nan	0	0	0	0.026457	0.000333	0.026457	0.000333	0.815768	0.010268
46	G	542	245046	239902	0.002259	1	0	245033	0	0	0	nan	0	0	0	0	0	0	nan	0	0	0	0.002259	0.000097	0.002259	0.000097	0.910520	0.039097
47	G	474	245058	239608	0.001978	1	0	245046	0	0	0	nan	0	0	0	0	0	0	nan	0	0	0	0.001978	0.000091	0.001978	0.000091	0.797259	0.036679
48	A	5199	245062	240357	0.021630	1	0	245050	0	0	0	nan	0	0	0	0	0	0	nan	0	0	0	0.021630	0.000300	0.021630	0.000300	0.666934	0.009250
49	G	1065	245128	239463	0.004447	1	0	245123	0	0	0	nan	0	0	0	0	0	0	nan	0	0	0	0.004447	0.000136	0.004447	0.000136	1.792422	0.054817
50	G	449	245146	239823	0.001872	1	0	245143	0	0	0	nan	0	0	0	0	0	0	nan	0	0	0	0.001872	0.000088	0.001872	0.000088	0.754534	0.035470
51	U	215	245156	240695	0.000893	1	0	245154	0	0	0	nan	0	0	0	0	0	0	nan	0	0	0	0.000893	0.000061	0.000893	0.000061	nan	nan
52	U	385	245164	239604	0.001607	1	0	245162	0	0	0	nan	0	0	0	0	0	0	nan	0	0	0	0.001607	0.000082	0.001607	0.000082	nan	nan
53	A	7778	245168	239827	0.032432	1	0	245166	0	0	0	nan	0	0	0	0	0	0	nan	0	0	0	0.032432	0.000368	0.032432	0.000368	1.000000	0.011347
54	A	6743	245165	240321	0.028058	1	0	245162	0	0	0	nan	0	0	0	0	0	0	nan	0	0	0	0.028058	0.000342	0.028058	0.000342	0.865133	0.010545
55	U	575	245167	241456	0.002381	0	0	245164	0	0	0	nan	0	0	0	0	0	0	nan	0	0	0	0.002381	0.000099	0.002381	0.000099	nan	nan
56	G	600	245167	241850	0.002481	0	0	245166	0	0	0	nan	0	0	0	0	0	0	nan	0	0	0	0.002481	0.000101	0.002481	0.000101	1.000000	0.040709
57	G	0	245167	240161	0.000000	0	0	245167	0	0	0	nan	0	0	0	0	0	0	nan	0	0	0	0.000000	0.000000	0.000000	0.000000	0.000000	0.000000
58	A	0	245168	0	nan	0	0	245168	0	0	0	nan	0	0	0	0	0	0	nan	0	0	0	nan	nan	nan	nan	nan	nan
59	A	0	245168	0	nan	0	0	245168	0	0	0	nan	0	0	0	0	0	0	nan	0	0	0	nan	nan	nan	nan	nan	nan
60	G	0	245168	0	nan	0	0	245168	0	0	0	nan	0	0	0	0	0	0	nan	0	0	0	nan	nan	nan	nan	nan	nan
61	u	0	245168	0	nan	0	0	245168	0	0	0	nan	0	0	0	0	0	0	nan	0	0	0	nan	nan	nan	nan	nan	nan
62	a	0	245168	0	nan	0	0	245168	0	0	0	nan	0	0	0	0	0	0	nan	0	0	0	nan	nan	nan	nan	nan	nan
63	a	0	245168	0	nan	0	0	245168	0	0	0	nan	0	0	0	0	0	0	nan	0	0	0	nan	nan	nan	nan	nan	nan
64	a	0	245168	0	nan	0	0	245168	0	0	0	nan	0	0	0	0	0	0	nan	0	0	0	nan	nan	nan	nan	nan	nan
65	g	0	245168	0	nan	0	0	245168	0	0	0	nan	0	0	0	0	0	0	nan	0	0	0	nan	nan	nan	nan	nan	nan
66	g	0	245168	0	nan	0	0	245168	0	0	0	nan	0	0	0	0	0	0	nan	0	0	0	nan	nan	nan	nan	nan	nan
67	u	0	245168	0	nan	0	0	245168	0	0	0	nan	0	0	0	0	0	0	nan	0	0	0	nan	nan	nan	nan	nan	nan
68	a	0	245168	0	nan	0	0	245168	0	0	0	nan	0	0	0	0	0	0	nan	0	0	0	nan	nan	nan	nan	nan	nan
69	a	0	245168	0	nan	0	0	245168	0	0	0	nan	0	0	0	0	0	0	nan	0	0	0	nan	nan	nan	nan	nan	nan
70	u	0	245168	0	nan	0	0	245168	0	0	0	nan	0	0	0	0	0	0	nan	0	0	0	nan	nan	nan	nan	nan	nan
71	g	0	245168	0	nan	0	0	245168	0	0	0	nan	0	0	0	0	0	0	nan	0	0	0	nan	nan	nan	nan	nan	nan
72	a	0	245168	0	nan	0	0	245168	0	0	0	nan	0	0	0	0	0	0	nan	0	0	0	nan	nan	nan	nan	nan	nan
73	a	0	245168	0	nan	0	0	245168	0	0	0	nan	0	0	0	0	0	0	nan	0	0	0	nan	nan	nan	nan	nan	nan
74	g	0	245168	0	nan	0	0	245168	0	0	0	nan	0	0	0	0	0	0	nan	0	0	0	nan	nan	nan	nan	nan	nan
75	g	0	245168	0	nan	0	0	245168	0	0	0	nan	0	0	0	0	0	0	nan	0	0	0	nan	nan	nan	nan	nan	nan
76	u	0	245161	0	nan	0	0	245161	0	0	0	nan	0	0	0	0	0	0	nan	0	0	0	nan	nan	nan	nan	nan	nan
77	g	0	245157	0	nan	0	0	245157	0	0	0	nan	0	0	0	0	0	0	nan	0	0	0	nan	nan	nan	nan	nan	nan
78	a	0	245153	0	nan	0	0	245153	0	0	0	nan	0	0	0	0	0	0	nan	0	0	0	nan	nan	nan	nan	nan	nan
79	a	0	245110	0	nan	0	0	245110	0	0	0	nan	0	0	0	0	0	0	nan	0	0	0	nan	nan	nan	nan	nan	nan
80	g	0	245016	0	nan	0	0	245016	0	0	0	nan	0	0	0	0	0	0	nan	0	0	0	nan	nan	nan	nan	nan	nan