Nucleotide	Sequence	Modified_mutations	Modified_read_depth	Modified_effective_depth	Modified_rate	Modified_off_target_mapped_depth	Modified_low_mapq_mapped_depth	Modified_primer_pair_1_mapped_depth	Untreated_mutations	Untreated_read_depth	Untreated_effective_depth	Untreated_rate	Untreated_off_target_mapped_depth	Untreated_low_mapq_mapped_depth	Untreated_primer_pair_1_mapped_depth	Denatured_mutations	Denatured_read_depth	Denatured_effective_depth	Denatured_rate	Denatured_off_target_mapped_depth	Denatured_low_mapq_mapped_depth	Denatured_primer_pair_1_mapped_depth	Reactivity_profile	Std_err	HQ_profile	HQ_stderr	Norm_profile	Norm_stderr
1	g	0	200844	0	nan	19	0	200844	0	0	0	nan	0	0	0	0	0	0	nan	0	0	0	nan	nan	nan	nan	nan	nan
2	g	0	201230	0	nan	19	0	201230	0	0	0	nan	0	0	0	0	0	0	nan	0	0	0	nan	nan	nan	nan	nan	nan
3	c	0	201363	0	nan	19	0	201363	0	0	0	nan	0	0	0	0	0	0	nan	0	0	0	nan	nan	nan	nan	nan	nan
4	a	0	205475	0	nan	42	0	205475	0	0	0	nan	0	0	0	0	0	0	nan	0	0	0	nan	nan	nan	nan	nan	nan
5	c	0	205571	0	nan	43	0	205571	0	0	0	nan	0	0	0	0	0	0	nan	0	0	0	nan	nan	nan	nan	nan	nan
6	c	0	205597	0	nan	43	0	205597	0	0	0	nan	0	0	0	0	0	0	nan	0	0	0	nan	nan	nan	nan	nan	nan
7	u	0	205597	0	nan	43	0	205597	0	0	0	nan	0	0	0	0	0	0	nan	0	0	0	nan	nan	nan	nan	nan	nan
8	c	0	205603	0	nan	43	0	205603	0	0	0	nan	0	0	0	0	0	0	nan	0	0	0	nan	nan	nan	nan	nan	nan
9	a	0	205603	0	nan	43	0	205603	0	0	0	nan	0	0	0	0	0	0	nan	0	0	0	nan	nan	nan	nan	nan	nan
10	u	0	205632	0	nan	43	0	205632	0	0	0	nan	0	0	0	0	0	0	nan	0	0	0	nan	nan	nan	nan	nan	nan
11	a	0	205677	0	nan	43	0	205677	0	0	0	nan	0	0	0	0	0	0	nan	0	0	0	nan	nan	nan	nan	nan	nan
12	a	0	205686	0	nan	43	0	205686	0	0	0	nan	0	0	0	0	0	0	nan	0	0	0	nan	nan	nan	nan	nan	nan
13	c	0	205691	0	nan	43	0	205691	0	0	0	nan	0	0	0	0	0	0	nan	0	0	0	nan	nan	nan	nan	nan	nan
14	a	0	205693	0	nan	43	0	205693	0	0	0	nan	0	0	0	0	0	0	nan	0	0	0	nan	nan	nan	nan	nan	nan
15	u	0	205694	0	nan	43	0	205694	0	0	0	nan	0	0	0	0	0	0	nan	0	0	0	nan	nan	nan	nan	nan	nan
16	a	0	205701	0	nan	43	0	205701	0	0	0	nan	0	0	0	0	0	0	nan	0	0	0	nan	nan	nan	nan	nan	nan
17	a	0	205703	0	nan	43	0	205703	0	0	0	nan	0	0	0	0	0	0	nan	0	0	0	nan	nan	nan	nan	nan	nan
18	c	0	205708	0	nan	43	0	205708	0	0	0	nan	0	0	0	0	0	0	nan	0	0	0	nan	nan	nan	nan	nan	nan
19	U	0	205709	0	nan	43	0	205709	0	0	0	nan	0	0	0	0	0	0	nan	0	0	0	nan	nan	nan	nan	nan	nan
20	A	0	205730	18	0.000000	43	0	205730	0	0	0	nan	0	0	0	0	0	0	nan	0	0	0	0.000000	0.000000	nan	nan	nan	nan
21	A	0	205737	23	0.000000	43	0	205737	0	0	0	nan	0	0	0	0	0	0	nan	0	0	0	0.000000	0.000000	nan	nan	nan	nan
22	G	0	205743	203624	0.000000	43	0	205743	0	0	0	nan	0	0	0	0	0	0	nan	0	0	0	0.000000	0.000000	0.000000	0.000000	nan	nan
23	G	178	205743	201889	0.000882	43	0	205743	0	0	0	nan	0	0	0	0	0	0	nan	0	0	0	0.000882	0.000066	0.000882	0.000066	nan	nan
24	C	513	205750	203869	0.002516	43	0	205750	0	0	0	nan	0	0	0	0	0	0	nan	0	0	0	0.002516	0.000111	0.002516	0.000111	1.140784	0.050329
25	A	1195	205764	204421	0.005846	43	0	205764	0	0	0	nan	0	0	0	0	0	0	nan	0	0	0	0.005846	0.000169	0.005846	0.000169	0.234168	0.006769
26	G	185	205772	203833	0.000908	43	0	205772	0	0	0	nan	0	0	0	0	0	0	nan	0	0	0	0.000908	0.000067	0.000908	0.000067	nan	nan
27	A	5094	205781	204049	0.024965	43	0	205781	0	0	0	nan	0	0	0	0	0	0	nan	0	0	0	0.024965	0.000350	0.024965	0.000350	1.000000	0.014020
28	U	282	205784	203349	0.001387	43	0	205784	0	0	0	nan	0	0	0	0	0	0	nan	0	0	0	0.001387	0.000083	0.001387	0.000083	nan	nan
29	C	8844	205786	204065	0.043339	43	0	205785	0	0	0	nan	0	0	0	0	0	0	nan	0	0	0	0.043339	0.000461	0.043339	0.000461	19.650419	0.209023
30	U	407	205786	204028	0.001995	43	0	205784	0	0	0	nan	0	0	0	0	0	0	nan	0	0	0	0.001995	0.000099	0.001995	0.000099	nan	nan
31	G	212	205789	203930	0.001040	43	0	205785	0	0	0	nan	0	0	0	0	0	0	nan	0	0	0	0.001040	0.000071	0.001040	0.000071	nan	nan
32	A	862	205795	204483	0.004216	43	0	205789	0	0	0	nan	0	0	0	0	0	0	nan	0	0	0	0.004216	0.000144	0.004216	0.000144	0.168876	0.005768
33	G	243	205802	203108	0.001196	43	0	205793	0	0	0	nan	0	0	0	0	0	0	nan	0	0	0	0.001196	0.000077	0.001196	0.000077	nan	nan
34	C	364	205802	203987	0.001784	43	0	205791	0	0	0	nan	0	0	0	0	0	0	nan	0	0	0	0.001784	0.000094	0.001784	0.000094	0.808887	0.042621
35	U	307	205803	203648	0.001508	43	0	205782	0	0	0	nan	0	0	0	0	0	0	nan	0	0	0	0.001508	0.000086	0.001508	0.000086	nan	nan
36	U	352	205808	203127	0.001733	43	0	205778	0	0	0	nan	0	0	0	0	0	0	nan	0	0	0	0.001733	0.000092	0.001733	0.000092	nan	nan
37	G	240	205813	202527	0.001185	43	0	205756	0	0	0	nan	0	0	0	0	0	0	nan	0	0	0	0.001185	0.000076	0.001185	0.000076	nan	nan
38	G	216	205816	197474	0.001094	43	0	205760	0	0	0	nan	0	0	0	0	0	0	nan	0	0	0	0.001094	0.000074	0.001094	0.000074	nan	nan
39	G	261	205817	197106	0.001324	43	0	205765	0	0	0	nan	0	0	0	0	0	0	nan	0	0	0	0.001324	0.000082	0.001324	0.000082	nan	nan
40	A	2576	205820	198645	0.012968	43	0	205779	0	0	0	nan	0	0	0	0	0	0	nan	0	0	0	0.012968	0.000256	0.012968	0.000256	0.519447	0.010254
41	G	415	205823	202694	0.002047	43	0	205802	0	0	0	nan	0	0	0	0	0	0	nan	0	0	0	0.002047	0.000101	0.002047	0.000101	nan	nan
42	C	166	205830	204778	0.000811	26	0	205820	0	0	0	nan	0	0	0	0	0	0	nan	0	0	0	0.000811	0.000063	0.000811	0.000063	0.367717	0.028565
43	U	210	205833	205050	0.001024	26	0	205824	0	0	0	nan	0	0	0	0	0	0	nan	0	0	0	0.001024	0.000071	0.001024	0.000071	nan	nan
44	C	240	205833	205164	0.001170	26	0	205825	0	0	0	nan	0	0	0	0	0	0	nan	0	0	0	0.001170	0.000076	0.001170	0.000076	0.530492	0.034459
45	U	226	205834	205302	0.001101	26	0	205824	0	0	0	nan	0	0	0	0	0	0	nan	0	0	0	0.001101	0.000073	0.001101	0.000073	nan	nan
46	C	389	205835	205325	0.001895	26	0	205826	0	0	0	nan	0	0	0	0	0	0	nan	0	0	0	0.001895	0.000096	0.001895	0.000096	0.859216	0.043528
47	U	228	205837	205259	0.001111	26	0	205829	0	0	0	nan	0	0	0	0	0	0	nan	0	0	0	0.001111	0.000074	0.001111	0.000074	nan	nan
48	G	227	205837	204228	0.001112	26	0	205829	0	0	0	nan	0	0	0	0	0	0	nan	0	0	0	0.001112	0.000074	0.001112	0.000074	nan	nan
49	C	305	205837	204606	0.001491	26	0	205830	0	0	0	nan	0	0	0	0	0	0	nan	0	0	0	0.001491	0.000085	0.001491	0.000085	0.676037	0.038540
50	C	343	205839	204034	0.001681	26	0	205834	0	0	0	nan	0	0	0	0	0	0	nan	0	0	0	0.001681	0.000091	0.001681	0.000091	0.762185	0.041260
51	A	7552	205840	203886	0.037040	26	0	205836	0	0	0	nan	0	0	0	0	0	0	nan	0	0	0	0.037040	0.000426	0.037040	0.000426	1.483677	0.017064
52	A	0	205836	203122	0.000000	26	0	205836	0	0	0	nan	0	0	0	0	0	0	nan	0	0	0	0.000000	0.000000	0.000000	0.000000	0.000000	0.000000
53	U	0	205832	191	0.000000	20	0	205832	0	0	0	nan	0	0	0	0	0	0	nan	0	0	0	0.000000	0.000000	nan	nan	nan	nan
54	C	0	205611	1	0.000000	14	0	205611	0	0	0	nan	0	0	0	0	0	0	nan	0	0	0	0.000000	0.000000	nan	nan	nan	nan
55	C	0	205610	0	nan	14	0	205610	0	0	0	nan	0	0	0	0	0	0	nan	0	0	0	nan	nan	nan	nan	nan	nan
56	a	0	205610	0	nan	14	0	205610	0	0	0	nan	0	0	0	0	0	0	nan	0	0	0	nan	nan	nan	nan	nan	nan
57	c	0	205610	0	nan	14	0	205610	0	0	0	nan	0	0	0	0	0	0	nan	0	0	0	nan	nan	nan	nan	nan	nan
58	u	0	205610	0	nan	14	0	205610	0	0	0	nan	0	0	0	0	0	0	nan	0	0	0	nan	nan	nan	nan	nan	nan
59	a	0	205610	0	nan	14	0	205610	0	0	0	nan	0	0	0	0	0	0	nan	0	0	0	nan	nan	nan	nan	nan	nan
60	a	0	205610	0	nan	14	0	205610	0	0	0	nan	0	0	0	0	0	0	nan	0	0	0	nan	nan	nan	nan	nan	nan
61	c	0	205610	0	nan	6	0	205610	0	0	0	nan	0	0	0	0	0	0	nan	0	0	0	nan	nan	nan	nan	nan	nan
62	c	0	205610	0	nan	6	0	205610	0	0	0	nan	0	0	0	0	0	0	nan	0	0	0	nan	nan	nan	nan	nan	nan
63	u	0	205610	0	nan	0	0	205610	0	0	0	nan	0	0	0	0	0	0	nan	0	0	0	nan	nan	nan	nan	nan	nan
64	c	0	205610	0	nan	0	0	205610	0	0	0	nan	0	0	0	0	0	0	nan	0	0	0	nan	nan	nan	nan	nan	nan
65	a	0	205610	0	nan	0	0	205610	0	0	0	nan	0	0	0	0	0	0	nan	0	0	0	nan	nan	nan	nan	nan	nan
66	c	0	205606	0	nan	0	0	205606	0	0	0	nan	0	0	0	0	0	0	nan	0	0	0	nan	nan	nan	nan	nan	nan
67	u	0	205606	0	nan	0	0	205606	0	0	0	nan	0	0	0	0	0	0	nan	0	0	0	nan	nan	nan	nan	nan	nan
68	c	0	205606	0	nan	0	0	205606	0	0	0	nan	0	0	0	0	0	0	nan	0	0	0	nan	nan	nan	nan	nan	nan
69	a	0	205606	0	nan	0	0	205606	0	0	0	nan	0	0	0	0	0	0	nan	0	0	0	nan	nan	nan	nan	nan	nan
70	c	0	205599	0	nan	0	0	205599	0	0	0	nan	0	0	0	0	0	0	nan	0	0	0	nan	nan	nan	nan	nan	nan
71	a	0	205598	0	nan	0	0	205598	0	0	0	nan	0	0	0	0	0	0	nan	0	0	0	nan	nan	nan	nan	nan	nan
72	a	0	205545	0	nan	0	0	205545	0	0	0	nan	0	0	0	0	0	0	nan	0	0	0	nan	nan	nan	nan	nan	nan
73	u	0	205436	0	nan	0	0	205436	0	0	0	nan	0	0	0	0	0	0	nan	0	0	0	nan	nan	nan	nan	nan	nan
74	c	0	205163	0	nan	0	0	205163	0	0	0	nan	0	0	0	0	0	0	nan	0	0	0	nan	nan	nan	nan	nan	nan