Nucleotide	Sequence	Modified_mutations	Modified_read_depth	Modified_effective_depth	Modified_rate	Modified_off_target_mapped_depth	Modified_low_mapq_mapped_depth	Modified_primer_pair_1_mapped_depth	Untreated_mutations	Untreated_read_depth	Untreated_effective_depth	Untreated_rate	Untreated_off_target_mapped_depth	Untreated_low_mapq_mapped_depth	Untreated_primer_pair_1_mapped_depth	Denatured_mutations	Denatured_read_depth	Denatured_effective_depth	Denatured_rate	Denatured_off_target_mapped_depth	Denatured_low_mapq_mapped_depth	Denatured_primer_pair_1_mapped_depth	Reactivity_profile	Std_err	HQ_profile	HQ_stderr	Norm_profile	Norm_stderr
1	g	0	1100362	0	nan	6	25	1100362	0	0	0	nan	0	0	0	0	0	0	nan	0	0	0	nan	nan	nan	nan	nan	nan
2	g	0	1101037	0	nan	6	25	1101037	0	0	0	nan	0	0	0	0	0	0	nan	0	0	0	nan	nan	nan	nan	nan	nan
3	u	0	1101329	0	nan	6	25	1101329	0	0	0	nan	0	0	0	0	0	0	nan	0	0	0	nan	nan	nan	nan	nan	nan
4	g	0	1101462	0	nan	6	25	1101462	0	0	0	nan	0	0	0	0	0	0	nan	0	0	0	nan	nan	nan	nan	nan	nan
5	u	0	1101554	0	nan	6	25	1101554	0	0	0	nan	0	0	0	0	0	0	nan	0	0	0	nan	nan	nan	nan	nan	nan
6	a	0	1101558	0	nan	6	25	1101558	0	0	0	nan	0	0	0	0	0	0	nan	0	0	0	nan	nan	nan	nan	nan	nan
7	a	0	1101562	0	nan	6	25	1101562	0	0	0	nan	0	0	0	0	0	0	nan	0	0	0	nan	nan	nan	nan	nan	nan
8	g	0	1101571	0	nan	6	25	1101571	0	0	0	nan	0	0	0	0	0	0	nan	0	0	0	nan	nan	nan	nan	nan	nan
9	g	0	1101672	0	nan	6	25	1101672	0	0	0	nan	0	0	0	0	0	0	nan	0	0	0	nan	nan	nan	nan	nan	nan
10	g	0	1118820	0	nan	6	25	1118820	0	0	0	nan	0	0	0	0	0	0	nan	0	0	0	nan	nan	nan	nan	nan	nan
11	u	0	1118964	0	nan	6	25	1118964	0	0	0	nan	0	0	0	0	0	0	nan	0	0	0	nan	nan	nan	nan	nan	nan
12	g	0	1119078	0	nan	6	25	1119078	0	0	0	nan	0	0	0	0	0	0	nan	0	0	0	nan	nan	nan	nan	nan	nan
13	a	0	1119088	0	nan	12	25	1119088	0	0	0	nan	0	0	0	0	0	0	nan	0	0	0	nan	nan	nan	nan	nan	nan
14	a	0	1119088	0	nan	12	25	1119088	0	0	0	nan	0	0	0	0	0	0	nan	0	0	0	nan	nan	nan	nan	nan	nan
15	g	0	1119090	0	nan	134	25	1119090	0	0	0	nan	0	0	0	0	0	0	nan	0	0	0	nan	nan	nan	nan	nan	nan
16	u	0	1119092	0	nan	149	25	1119092	0	0	0	nan	0	0	0	0	0	0	nan	0	0	0	nan	nan	nan	nan	nan	nan
17	g	0	1119093	0	nan	149	26	1119093	0	0	0	nan	0	0	0	0	0	0	nan	0	0	0	nan	nan	nan	nan	nan	nan
18	u	0	1119097	0	nan	162	26	1119097	0	0	0	nan	0	0	0	0	0	0	nan	0	0	0	nan	nan	nan	nan	nan	nan
19	a	0	1119111	0	nan	162	26	1119111	0	0	0	nan	0	0	0	0	0	0	nan	0	0	0	nan	nan	nan	nan	nan	nan
20	A	0	1119141	17	0.000000	171	26	1119141	0	0	0	nan	0	0	0	0	0	0	nan	0	0	0	0.000000	0.000000	nan	nan	nan	nan
21	G	0	1119159	29	0.000000	195	26	1119159	0	0	0	nan	0	0	0	0	0	0	nan	0	0	0	0.000000	0.000000	nan	nan	nan	nan
22	G	0	1119166	29	0.000000	195	26	1119166	0	0	0	nan	0	0	0	0	0	0	nan	0	0	0	0.000000	0.000000	nan	nan	nan	nan
23	U	0	1119173	1116571	0.000000	213	26	1119173	0	0	0	nan	0	0	0	0	0	0	nan	0	0	0	0.000000	0.000000	0.000000	0.000000	nan	nan
24	U	837	1119176	1116527	0.000750	213	26	1119176	0	0	0	nan	0	0	0	0	0	0	nan	0	0	0	0.000750	0.000026	0.000750	0.000026	nan	nan
25	G	555	1119179	1116528	0.000497	213	26	1119179	0	0	0	nan	0	0	0	0	0	0	nan	0	0	0	0.000497	0.000021	0.000497	0.000021	nan	nan
26	A	482	1119182	1117081	0.000431	213	26	1119180	0	0	0	nan	0	0	0	0	0	0	nan	0	0	0	0.000431	0.000020	0.000431	0.000020	nan	nan
27	A	770	1119185	1116414	0.000690	213	26	1119181	0	0	0	nan	0	0	0	0	0	0	nan	0	0	0	0.000690	0.000025	0.000690	0.000025	nan	nan
28	C	1470	1119187	1115786	0.001317	213	26	1119181	0	0	0	nan	0	0	0	0	0	0	nan	0	0	0	0.001317	0.000034	0.001317	0.000034	nan	nan
29	U	1155	1119191	1114605	0.001036	213	26	1119183	0	0	0	nan	0	0	0	0	0	0	nan	0	0	0	0.001036	0.000030	0.001036	0.000030	nan	nan
30	U	1143	1119196	1115137	0.001025	212	26	1119187	0	0	0	nan	0	0	0	0	0	0	nan	0	0	0	0.001025	0.000030	0.001025	0.000030	nan	nan
31	U	1513	1119209	1115849	0.001356	212	26	1119201	0	0	0	nan	0	0	0	0	0	0	nan	0	0	0	0.001356	0.000035	0.001356	0.000035	nan	nan
32	U	735	1119234	1116924	0.000658	212	26	1119225	0	0	0	nan	0	0	0	0	0	0	nan	0	0	0	0.000658	0.000024	0.000658	0.000024	nan	nan
33	G	652	1119409	1116951	0.000584	212	26	1119396	0	0	0	nan	0	0	0	0	0	0	nan	0	0	0	0.000584	0.000023	0.000584	0.000023	nan	nan
34	A	599	1119531	1117208	0.000536	212	26	1119515	0	0	0	nan	0	0	0	0	0	0	nan	0	0	0	0.000536	0.000022	0.000536	0.000022	nan	nan
35	A	622	1119542	1116369	0.000557	212	26	1119522	0	0	0	nan	0	0	0	0	0	0	nan	0	0	0	0.000557	0.000022	0.000557	0.000022	nan	nan
36	U	729	1119546	1116580	0.000653	212	26	1119522	0	0	0	nan	0	0	0	0	0	0	nan	0	0	0	0.000653	0.000024	0.000653	0.000024	nan	nan
37	A	753	1119549	1117055	0.000674	212	26	1119522	0	0	0	nan	0	0	0	0	0	0	nan	0	0	0	0.000674	0.000025	0.000674	0.000025	nan	nan
38	G	734	1119566	1116199	0.000658	212	26	1119541	0	0	0	nan	0	0	0	0	0	0	nan	0	0	0	0.000658	0.000024	0.000658	0.000024	nan	nan
39	U	1055	1119569	1117295	0.000944	212	26	1119542	0	0	0	nan	0	0	0	0	0	0	nan	0	0	0	0.000944	0.000029	0.000944	0.000029	nan	nan
40	G	1042	1119573	1116274	0.000933	212	26	1119549	0	0	0	nan	0	0	0	0	0	0	nan	0	0	0	0.000933	0.000029	0.000933	0.000029	nan	nan
41	A	1117	1119575	1116733	0.001000	212	26	1119550	0	0	0	nan	0	0	0	0	0	0	nan	0	0	0	0.001000	0.000030	0.001000	0.000030	nan	nan
42	U	1793	1119583	1116049	0.001607	213	26	1119558	0	0	0	nan	0	0	0	0	0	0	nan	0	0	0	0.001607	0.000038	0.001607	0.000038	nan	nan
43	U	1284	1119590	1116332	0.001150	215	26	1119562	0	0	0	nan	0	0	0	0	0	0	nan	0	0	0	0.001150	0.000032	0.001150	0.000032	nan	nan
44	C	1695	1119608	1116706	0.001518	215	26	1119583	0	0	0	nan	0	0	0	0	0	0	nan	0	0	0	0.001518	0.000037	0.001518	0.000037	nan	nan
45	A	926	1119622	1117406	0.000829	215	26	1119598	0	0	0	nan	0	0	0	0	0	0	nan	0	0	0	0.000829	0.000027	0.000829	0.000027	nan	nan
46	G	748	1119648	1116879	0.000670	215	26	1119625	0	0	0	nan	0	0	0	0	0	0	nan	0	0	0	0.000670	0.000024	0.000670	0.000024	nan	nan
47	G	672	1119653	1116988	0.000602	215	26	1119632	0	0	0	nan	0	0	0	0	0	0	nan	0	0	0	0.000602	0.000023	0.000602	0.000023	nan	nan
48	A	669	1119657	1117325	0.000599	215	26	1119637	0	0	0	nan	0	0	0	0	0	0	nan	0	0	0	0.000599	0.000023	0.000599	0.000023	nan	nan
49	G	753	1119667	1116878	0.000674	215	26	1119649	0	0	0	nan	0	0	0	0	0	0	nan	0	0	0	0.000674	0.000025	0.000674	0.000025	nan	nan
50	G	828	1119671	1094356	0.000757	215	26	1119653	0	0	0	nan	0	0	0	0	0	0	nan	0	0	0	0.000757	0.000026	0.000757	0.000026	nan	nan
51	U	1047	1119682	1094070	0.000957	215	26	1119665	0	0	0	nan	0	0	0	0	0	0	nan	0	0	0	0.000957	0.000030	0.000957	0.000030	nan	nan
52	U	978	1119685	1093750	0.000894	215	26	1119669	0	0	0	nan	0	0	0	0	0	0	nan	0	0	0	0.000894	0.000029	0.000894	0.000029	nan	nan
53	A	542	1119687	1115680	0.000486	213	26	1119658	0	0	0	nan	0	0	0	0	0	0	nan	0	0	0	0.000486	0.000021	0.000486	0.000021	nan	nan
54	A	519	1118786	1112054	0.000467	114	26	1117774	0	0	0	nan	0	0	0	0	0	0	nan	0	0	0	0.000467	0.000020	0.000467	0.000020	nan	nan
55	U	1054	1118785	1110811	0.000949	113	26	1117909	0	0	0	nan	0	0	0	0	0	0	nan	0	0	0	0.000949	0.000029	0.000949	0.000029	nan	nan
56	G	1080	1118794	1110858	0.000972	112	26	1118007	0	0	0	nan	0	0	0	0	0	0	nan	0	0	0	0.000972	0.000030	0.000972	0.000030	nan	nan
57	G	0	1118829	1111134	0.000000	112	26	1118752	0	0	0	nan	0	0	0	0	0	0	nan	0	0	0	0.000000	0.000000	0.000000	0.000000	nan	nan
58	A	0	1118838	0	nan	112	26	1118838	0	0	0	nan	0	0	0	0	0	0	nan	0	0	0	nan	nan	nan	nan	nan	nan
59	A	0	1118838	0	nan	112	26	1118838	0	0	0	nan	0	0	0	0	0	0	nan	0	0	0	nan	nan	nan	nan	nan	nan
60	G	0	1118838	0	nan	112	26	1118838	0	0	0	nan	0	0	0	0	0	0	nan	0	0	0	nan	nan	nan	nan	nan	nan
61	u	0	1118838	0	nan	112	26	1118838	0	0	0	nan	0	0	0	0	0	0	nan	0	0	0	nan	nan	nan	nan	nan	nan
62	a	0	1118838	0	nan	110	26	1118838	0	0	0	nan	0	0	0	0	0	0	nan	0	0	0	nan	nan	nan	nan	nan	nan
63	a	0	1118838	0	nan	110	26	1118838	0	0	0	nan	0	0	0	0	0	0	nan	0	0	0	nan	nan	nan	nan	nan	nan
64	a	0	1118838	0	nan	110	26	1118838	0	0	0	nan	0	0	0	0	0	0	nan	0	0	0	nan	nan	nan	nan	nan	nan
65	g	0	1118838	0	nan	108	26	1118838	0	0	0	nan	0	0	0	0	0	0	nan	0	0	0	nan	nan	nan	nan	nan	nan
66	g	0	1118838	0	nan	108	26	1118838	0	0	0	nan	0	0	0	0	0	0	nan	0	0	0	nan	nan	nan	nan	nan	nan
67	u	0	1118838	0	nan	107	26	1118838	0	0	0	nan	0	0	0	0	0	0	nan	0	0	0	nan	nan	nan	nan	nan	nan
68	a	0	1118838	0	nan	107	26	1118838	0	0	0	nan	0	0	0	0	0	0	nan	0	0	0	nan	nan	nan	nan	nan	nan
69	a	0	1118837	0	nan	107	26	1118837	0	0	0	nan	0	0	0	0	0	0	nan	0	0	0	nan	nan	nan	nan	nan	nan
70	u	0	1118837	0	nan	106	26	1118837	0	0	0	nan	0	0	0	0	0	0	nan	0	0	0	nan	nan	nan	nan	nan	nan
71	g	0	1118834	0	nan	106	26	1118834	0	0	0	nan	0	0	0	0	0	0	nan	0	0	0	nan	nan	nan	nan	nan	nan
72	a	0	1118828	0	nan	106	26	1118828	0	0	0	nan	0	0	0	0	0	0	nan	0	0	0	nan	nan	nan	nan	nan	nan
73	a	0	1118828	0	nan	106	26	1118828	0	0	0	nan	0	0	0	0	0	0	nan	0	0	0	nan	nan	nan	nan	nan	nan
74	g	0	1118828	0	nan	106	26	1118828	0	0	0	nan	0	0	0	0	0	0	nan	0	0	0	nan	nan	nan	nan	nan	nan
75	g	0	1118823	0	nan	106	26	1118823	0	0	0	nan	0	0	0	0	0	0	nan	0	0	0	nan	nan	nan	nan	nan	nan
76	u	0	1118800	0	nan	106	26	1118800	0	0	0	nan	0	0	0	0	0	0	nan	0	0	0	nan	nan	nan	nan	nan	nan
77	g	0	1118768	0	nan	106	26	1118768	0	0	0	nan	0	0	0	0	0	0	nan	0	0	0	nan	nan	nan	nan	nan	nan
78	a	0	1118752	0	nan	106	26	1118752	0	0	0	nan	0	0	0	0	0	0	nan	0	0	0	nan	nan	nan	nan	nan	nan
79	a	0	1118512	0	nan	106	26	1118512	0	0	0	nan	0	0	0	0	0	0	nan	0	0	0	nan	nan	nan	nan	nan	nan
80	g	0	1118044	0	nan	106	26	1118044	0	0	0	nan	0	0	0	0	0	0	nan	0	0	0	nan	nan	nan	nan	nan	nan