Nucleotide	Sequence	Modified_mutations	Modified_read_depth	Modified_effective_depth	Modified_rate	Modified_off_target_mapped_depth	Modified_low_mapq_mapped_depth	Modified_primer_pair_1_mapped_depth	Untreated_mutations	Untreated_read_depth	Untreated_effective_depth	Untreated_rate	Untreated_off_target_mapped_depth	Untreated_low_mapq_mapped_depth	Untreated_primer_pair_1_mapped_depth	Denatured_mutations	Denatured_read_depth	Denatured_effective_depth	Denatured_rate	Denatured_off_target_mapped_depth	Denatured_low_mapq_mapped_depth	Denatured_primer_pair_1_mapped_depth	Reactivity_profile	Std_err	HQ_profile	HQ_stderr	Norm_profile	Norm_stderr
1	g	0	5577261	0	nan	51	825	5577261	0	0	0	nan	0	0	0	0	0	0	nan	0	0	0	nan	nan	nan	nan	nan	nan
2	g	0	5632105	0	nan	51	832	5632105	0	0	0	nan	0	0	0	0	0	0	nan	0	0	0	nan	nan	nan	nan	nan	nan
3	u	0	5640322	0	nan	51	838	5640322	0	0	0	nan	0	0	0	0	0	0	nan	0	0	0	nan	nan	nan	nan	nan	nan
4	g	0	5645278	0	nan	51	860	5645278	0	0	0	nan	0	0	0	0	0	0	nan	0	0	0	nan	nan	nan	nan	nan	nan
5	u	0	5654627	0	nan	51	865	5654627	0	0	0	nan	0	0	0	0	0	0	nan	0	0	0	nan	nan	nan	nan	nan	nan
6	a	0	5658509	0	nan	51	972	5658509	0	0	0	nan	0	0	0	0	0	0	nan	0	0	0	nan	nan	nan	nan	nan	nan
7	a	0	5659444	0	nan	51	973	5659444	0	0	0	nan	0	0	0	0	0	0	nan	0	0	0	nan	nan	nan	nan	nan	nan
8	g	0	5660027	0	nan	51	973	5660027	0	0	0	nan	0	0	0	0	0	0	nan	0	0	0	nan	nan	nan	nan	nan	nan
9	g	0	5660664	0	nan	51	973	5660664	0	0	0	nan	0	0	0	0	0	0	nan	0	0	0	nan	nan	nan	nan	nan	nan
10	g	0	5662058	0	nan	51	993	5662058	0	0	0	nan	0	0	0	0	0	0	nan	0	0	0	nan	nan	nan	nan	nan	nan
11	u	0	5664687	0	nan	51	998	5664687	0	0	0	nan	0	0	0	0	0	0	nan	0	0	0	nan	nan	nan	nan	nan	nan
12	g	0	5675764	0	nan	69	1029	5675764	0	0	0	nan	0	0	0	0	0	0	nan	0	0	0	nan	nan	nan	nan	nan	nan
13	a	0	5684948	0	nan	77	1037	5684948	0	0	0	nan	0	0	0	0	0	0	nan	0	0	0	nan	nan	nan	nan	nan	nan
14	a	0	5690245	0	nan	101	1040	5690245	0	0	0	nan	0	0	0	0	0	0	nan	0	0	0	nan	nan	nan	nan	nan	nan
15	g	0	5692920	0	nan	288	1043	5692920	0	0	0	nan	0	0	0	0	0	0	nan	0	0	0	nan	nan	nan	nan	nan	nan
16	u	0	5695811	0	nan	290	1044	5695811	0	0	0	nan	0	0	0	0	0	0	nan	0	0	0	nan	nan	nan	nan	nan	nan
17	g	0	5697127	0	nan	290	1056	5697127	0	0	0	nan	0	0	0	0	0	0	nan	0	0	0	nan	nan	nan	nan	nan	nan
18	u	0	5698327	0	nan	290	1061	5698327	0	0	0	nan	0	0	0	0	0	0	nan	0	0	0	nan	nan	nan	nan	nan	nan
19	a	0	5699315	0	nan	290	1115	5699315	0	0	0	nan	0	0	0	0	0	0	nan	0	0	0	nan	nan	nan	nan	nan	nan
20	A	0	5700592	566	0.000000	290	1115	5700592	0	0	0	nan	0	0	0	0	0	0	nan	0	0	0	0.000000	0.000000	nan	nan	nan	nan
21	G	0	5701438	659	0.000000	290	1115	5701438	0	0	0	nan	0	0	0	0	0	0	nan	0	0	0	0.000000	0.000000	nan	nan	nan	nan
22	G	0	5702040	641	0.000000	290	1115	5702040	0	0	0	nan	0	0	0	0	0	0	nan	0	0	0	0.000000	0.000000	nan	nan	nan	nan
23	U	0	5703384	5152256	0.000000	290	1116	5703384	0	0	0	nan	0	0	0	0	0	0	nan	0	0	0	0.000000	0.000000	0.000000	0.000000	0.000000	0.000000
24	U	11769	5704358	5193868	0.002266	290	1116	5704358	0	0	0	nan	0	0	0	0	0	0	nan	0	0	0	0.002266	0.000021	0.002266	0.000021	0.678037	0.006284
25	G	5857	5708100	5152979	0.001137	290	1116	5708100	0	0	0	nan	0	0	0	0	0	0	nan	0	0	0	0.001137	0.000015	0.001137	0.000015	nan	nan
26	A	45516	5713982	5274102	0.008630	290	1116	5713924	0	0	0	nan	0	0	0	0	0	0	nan	0	0	0	0.008630	0.000040	0.008630	0.000040	0.720067	0.003338
27	C	26466	5716413	5078803	0.005211	290	1116	5716316	0	0	0	nan	0	0	0	0	0	0	nan	0	0	0	0.005211	0.000032	0.005211	0.000032	0.992571	0.006095
28	C	23847	5717453	5072066	0.004702	290	1116	5717338	0	0	0	nan	0	0	0	0	0	0	nan	0	0	0	0.004702	0.000030	0.004702	0.000030	0.895619	0.005714
29	U	18263	5720214	5045002	0.003620	290	1116	5720084	0	0	0	nan	0	0	0	0	0	0	nan	0	0	0	0.003620	0.000027	0.003620	0.000027	1.083184	0.008079
30	U	7899	5725322	5127203	0.001541	290	1116	5725183	0	0	0	nan	0	0	0	0	0	0	nan	0	0	0	0.001541	0.000017	0.001541	0.000017	0.461101	0.005087
31	U	8888	5730202	5138639	0.001730	290	1116	5730038	0	0	0	nan	0	0	0	0	0	0	nan	0	0	0	0.001730	0.000018	0.001730	0.000018	0.517654	0.005386
32	U	11272	5734886	5192532	0.002171	291	1116	5734706	0	0	0	nan	0	0	0	0	0	0	nan	0	0	0	0.002171	0.000020	0.002171	0.000020	0.649611	0.005984
33	G	2206	5764116	5266972	0.000419	291	1116	5763930	0	0	0	nan	0	0	0	0	0	0	nan	0	0	0	0.000419	0.000009	0.000419	0.000009	nan	nan
34	A	32692	5776316	5592588	0.005846	291	1116	5776131	0	0	0	nan	0	0	0	0	0	0	nan	0	0	0	0.005846	0.000032	0.005846	0.000032	0.487776	0.002670
35	A	33351	5779430	5583995	0.005973	291	1116	5779238	0	0	0	nan	0	0	0	0	0	0	nan	0	0	0	0.005973	0.000033	0.005973	0.000033	0.498373	0.002753
36	U	4176	5780403	5556098	0.000752	291	1116	5780206	0	0	0	nan	0	0	0	0	0	0	nan	0	0	0	0.000752	0.000012	0.000752	0.000012	0.225015	0.003591
37	A	222775	5781028	5367477	0.041505	291	1116	5780804	0	0	0	nan	0	0	0	0	0	0	nan	0	0	0	0.041505	0.000088	0.041505	0.000088	3.463079	0.007343
38	G	6449	5781567	5291304	0.001219	297	1116	5781347	0	0	0	nan	0	0	0	0	0	0	nan	0	0	0	0.001219	0.000015	0.001219	0.000015	nan	nan
39	U	10109	5781997	5302680	0.001906	297	1116	5781772	0	0	0	nan	0	0	0	0	0	0	nan	0	0	0	0.001906	0.000019	0.001906	0.000019	0.570317	0.005685
40	G	7992	5782543	5403360	0.001479	297	1116	5782304	0	0	0	nan	0	0	0	0	0	0	nan	0	0	0	0.001479	0.000017	0.001479	0.000017	nan	nan
41	A	64508	5784960	5382592	0.011985	297	1116	5784717	0	0	0	nan	0	0	0	0	0	0	nan	0	0	0	0.011985	0.000047	0.011985	0.000047	1.000000	0.003922
42	U	15522	5785648	5347917	0.002902	298	1116	5785413	0	0	0	nan	0	0	0	0	0	0	nan	0	0	0	0.002902	0.000023	0.002902	0.000023	0.868342	0.006882
43	U	8008	5787266	5293590	0.001513	298	1116	5787016	0	0	0	nan	0	0	0	0	0	0	nan	0	0	0	0.001513	0.000017	0.001513	0.000017	0.452723	0.005087
44	C	27968	5789938	5287519	0.005289	298	1116	5789675	0	0	0	nan	0	0	0	0	0	0	nan	0	0	0	0.005289	0.000032	0.005289	0.000032	1.007429	0.006095
45	A	33670	5791954	5293552	0.006361	295	1116	5791675	0	0	0	nan	0	0	0	0	0	0	nan	0	0	0	0.006361	0.000035	0.006361	0.000035	0.530747	0.002920
46	G	3545	5793560	5174857	0.000685	294	1116	5793294	0	0	0	nan	0	0	0	0	0	0	nan	0	0	0	0.000685	0.000012	0.000685	0.000012	nan	nan
47	G	8875	5797294	5229888	0.001697	293	1116	5797027	0	0	0	nan	0	0	0	0	0	0	nan	0	0	0	0.001697	0.000018	0.001697	0.000018	nan	nan
48	A	22582	5804008	5147752	0.004387	297	1116	5803746	0	0	0	nan	0	0	0	0	0	0	nan	0	0	0	0.004387	0.000029	0.004387	0.000029	0.366041	0.002420
49	G	15119	5805427	5211437	0.002901	298	1116	5805191	0	0	0	nan	0	0	0	0	0	0	nan	0	0	0	0.002901	0.000024	0.002901	0.000024	nan	nan
50	G	3245	5815486	5073013	0.000640	303	1116	5815265	0	0	0	nan	0	0	0	0	0	0	nan	0	0	0	0.000640	0.000011	0.000640	0.000011	nan	nan
51	U	17356	5819237	5193627	0.003342	302	1116	5819058	0	0	0	nan	0	0	0	0	0	0	nan	0	0	0	0.003342	0.000025	0.003342	0.000025	1.000000	0.007481
52	U	14394	5825747	5188856	0.002774	304	1116	5825597	0	0	0	nan	0	0	0	0	0	0	nan	0	0	0	0.002774	0.000023	0.002774	0.000023	0.830042	0.006882
53	A	50279	5830220	5393399	0.009322	303	1116	5830077	0	0	0	nan	0	0	0	0	0	0	nan	0	0	0	0.009322	0.000042	0.009322	0.000042	0.777806	0.003504
54	A	70436	5833690	5527204	0.012744	303	1116	5833581	0	0	0	nan	0	0	0	0	0	0	nan	0	0	0	0.012744	0.000048	0.012744	0.000048	1.063329	0.004005
55	U	10257	5834653	5469440	0.001875	303	1116	5834573	0	0	0	nan	0	0	0	0	0	0	nan	0	0	0	0.001875	0.000019	0.001875	0.000019	0.561041	0.005685
56	G	6074	5835540	5297041	0.001147	302	1116	5835478	0	0	0	nan	0	0	0	0	0	0	nan	0	0	0	0.001147	0.000015	0.001147	0.000015	nan	nan
57	G	0	5836501	5323083	0.000000	302	1116	5836461	0	0	0	nan	0	0	0	0	0	0	nan	0	0	0	0.000000	0.000000	0.000000	0.000000	nan	nan
58	A	0	5838498	35	0.000000	302	1116	5838498	0	0	0	nan	0	0	0	0	0	0	nan	0	0	0	0.000000	0.000000	nan	nan	nan	nan
59	A	0	5838458	23	0.000000	302	1116	5838458	0	0	0	nan	0	0	0	0	0	0	nan	0	0	0	0.000000	0.000000	nan	nan	nan	nan
60	G	0	5838420	9	0.000000	302	1116	5838420	0	0	0	nan	0	0	0	0	0	0	nan	0	0	0	0.000000	0.000000	nan	nan	nan	nan
61	u	0	5838399	0	nan	300	1116	5838399	0	0	0	nan	0	0	0	0	0	0	nan	0	0	0	nan	nan	nan	nan	nan	nan
62	a	0	5838327	0	nan	299	1116	5838327	0	0	0	nan	0	0	0	0	0	0	nan	0	0	0	nan	nan	nan	nan	nan	nan
63	a	0	5838287	0	nan	295	1116	5838287	0	0	0	nan	0	0	0	0	0	0	nan	0	0	0	nan	nan	nan	nan	nan	nan
64	a	0	5838269	0	nan	285	1112	5838269	0	0	0	nan	0	0	0	0	0	0	nan	0	0	0	nan	nan	nan	nan	nan	nan
65	g	0	5838254	0	nan	264	955	5838254	0	0	0	nan	0	0	0	0	0	0	nan	0	0	0	nan	nan	nan	nan	nan	nan
66	g	0	5838241	0	nan	254	935	5838241	0	0	0	nan	0	0	0	0	0	0	nan	0	0	0	nan	nan	nan	nan	nan	nan
67	u	0	5838216	0	nan	247	926	5838216	0	0	0	nan	0	0	0	0	0	0	nan	0	0	0	nan	nan	nan	nan	nan	nan
68	a	0	5838188	0	nan	247	875	5838188	0	0	0	nan	0	0	0	0	0	0	nan	0	0	0	nan	nan	nan	nan	nan	nan
69	a	0	5838169	0	nan	247	873	5838169	0	0	0	nan	0	0	0	0	0	0	nan	0	0	0	nan	nan	nan	nan	nan	nan
70	u	0	5838155	0	nan	247	852	5838155	0	0	0	nan	0	0	0	0	0	0	nan	0	0	0	nan	nan	nan	nan	nan	nan
71	g	0	5838108	0	nan	246	852	5838108	0	0	0	nan	0	0	0	0	0	0	nan	0	0	0	nan	nan	nan	nan	nan	nan
72	a	0	5838079	0	nan	245	851	5838079	0	0	0	nan	0	0	0	0	0	0	nan	0	0	0	nan	nan	nan	nan	nan	nan
73	a	0	5838064	0	nan	245	851	5838064	0	0	0	nan	0	0	0	0	0	0	nan	0	0	0	nan	nan	nan	nan	nan	nan
74	g	0	5838055	0	nan	245	846	5838055	0	0	0	nan	0	0	0	0	0	0	nan	0	0	0	nan	nan	nan	nan	nan	nan
75	g	0	5838006	0	nan	245	844	5838006	0	0	0	nan	0	0	0	0	0	0	nan	0	0	0	nan	nan	nan	nan	nan	nan
76	u	0	5837912	0	nan	245	844	5837912	0	0	0	nan	0	0	0	0	0	0	nan	0	0	0	nan	nan	nan	nan	nan	nan
77	g	0	5837832	0	nan	245	837	5837832	0	0	0	nan	0	0	0	0	0	0	nan	0	0	0	nan	nan	nan	nan	nan	nan
78	a	0	5837742	0	nan	245	836	5837742	0	0	0	nan	0	0	0	0	0	0	nan	0	0	0	nan	nan	nan	nan	nan	nan
79	a	0	5833565	0	nan	236	831	5833565	0	0	0	nan	0	0	0	0	0	0	nan	0	0	0	nan	nan	nan	nan	nan	nan
80	g	0	5831226	0	nan	236	828	5831226	0	0	0	nan	0	0	0	0	0	0	nan	0	0	0	nan	nan	nan	nan	nan	nan