Nucleotide	Sequence	Modified_mutations	Modified_read_depth	Modified_effective_depth	Modified_rate	Modified_off_target_mapped_depth	Modified_low_mapq_mapped_depth	Modified_primer_pair_1_mapped_depth	Untreated_mutations	Untreated_read_depth	Untreated_effective_depth	Untreated_rate	Untreated_off_target_mapped_depth	Untreated_low_mapq_mapped_depth	Untreated_primer_pair_1_mapped_depth	Denatured_mutations	Denatured_read_depth	Denatured_effective_depth	Denatured_rate	Denatured_off_target_mapped_depth	Denatured_low_mapq_mapped_depth	Denatured_primer_pair_1_mapped_depth	Reactivity_profile	Std_err	HQ_profile	HQ_stderr	Norm_profile	Norm_stderr
1	g	0	194705	0	nan	6	0	194705	0	0	0	nan	0	0	0	0	0	0	nan	0	0	0	nan	nan	nan	nan	nan	nan
2	g	0	195111	0	nan	6	0	195111	0	0	0	nan	0	0	0	0	0	0	nan	0	0	0	nan	nan	nan	nan	nan	nan
3	c	0	195199	0	nan	8	0	195199	0	0	0	nan	0	0	0	0	0	0	nan	0	0	0	nan	nan	nan	nan	nan	nan
4	a	0	195214	0	nan	8	0	195214	0	0	0	nan	0	0	0	0	0	0	nan	0	0	0	nan	nan	nan	nan	nan	nan
5	c	0	195230	0	nan	8	0	195230	0	0	0	nan	0	0	0	0	0	0	nan	0	0	0	nan	nan	nan	nan	nan	nan
6	c	0	196672	0	nan	8	0	196672	0	0	0	nan	0	0	0	0	0	0	nan	0	0	0	nan	nan	nan	nan	nan	nan
7	u	0	196753	0	nan	8	0	196753	0	0	0	nan	0	0	0	0	0	0	nan	0	0	0	nan	nan	nan	nan	nan	nan
8	c	0	196762	0	nan	8	0	196762	0	0	0	nan	0	0	0	0	0	0	nan	0	0	0	nan	nan	nan	nan	nan	nan
9	a	0	196764	0	nan	8	0	196764	0	0	0	nan	0	0	0	0	0	0	nan	0	0	0	nan	nan	nan	nan	nan	nan
10	u	0	196765	0	nan	8	0	196765	0	0	0	nan	0	0	0	0	0	0	nan	0	0	0	nan	nan	nan	nan	nan	nan
11	a	0	196766	0	nan	8	0	196766	0	0	0	nan	0	0	0	0	0	0	nan	0	0	0	nan	nan	nan	nan	nan	nan
12	a	0	196771	0	nan	8	0	196771	0	0	0	nan	0	0	0	0	0	0	nan	0	0	0	nan	nan	nan	nan	nan	nan
13	c	0	196777	0	nan	8	0	196777	0	0	0	nan	0	0	0	0	0	0	nan	0	0	0	nan	nan	nan	nan	nan	nan
14	a	0	196780	0	nan	8	0	196780	0	0	0	nan	0	0	0	0	0	0	nan	0	0	0	nan	nan	nan	nan	nan	nan
15	u	0	196782	0	nan	8	0	196782	0	0	0	nan	0	0	0	0	0	0	nan	0	0	0	nan	nan	nan	nan	nan	nan
16	a	0	196790	0	nan	8	0	196790	0	0	0	nan	0	0	0	0	0	0	nan	0	0	0	nan	nan	nan	nan	nan	nan
17	a	0	196793	0	nan	8	0	196793	0	0	0	nan	0	0	0	0	0	0	nan	0	0	0	nan	nan	nan	nan	nan	nan
18	c	0	196794	0	nan	8	0	196794	0	0	0	nan	0	0	0	0	0	0	nan	0	0	0	nan	nan	nan	nan	nan	nan
19	U	0	196797	3	0.000000	8	0	196797	0	0	0	nan	0	0	0	0	0	0	nan	0	0	0	0.000000	0.000000	nan	nan	nan	nan
20	A	0	196803	6	0.000000	8	0	196803	0	0	0	nan	0	0	0	0	0	0	nan	0	0	0	0.000000	0.000000	nan	nan	nan	nan
21	A	0	196809	11	0.000000	8	0	196809	0	0	0	nan	0	0	0	0	0	0	nan	0	0	0	0.000000	0.000000	nan	nan	nan	nan
22	G	0	196815	194702	0.000000	8	0	196815	0	0	0	nan	0	0	0	0	0	0	nan	0	0	0	0.000000	0.000000	0.000000	0.000000	nan	nan
23	G	185	196817	191628	0.000965	8	0	196817	0	0	0	nan	0	0	0	0	0	0	nan	0	0	0	0.000965	0.000071	0.000965	0.000071	nan	nan
24	C	4797	196823	194436	0.024671	8	0	196823	0	0	0	nan	0	0	0	0	0	0	nan	0	0	0	0.024671	0.000356	0.024671	0.000356	0.892502	0.012879
25	A	3151	196829	195066	0.016154	8	0	196829	0	0	0	nan	0	0	0	0	0	0	nan	0	0	0	0.016154	0.000288	0.016154	0.000288	0.895405	0.015964
26	G	194	196833	189753	0.001022	8	0	196833	0	0	0	nan	0	0	0	0	0	0	nan	0	0	0	0.001022	0.000073	0.001022	0.000073	nan	nan
27	A	2709	196847	190471	0.014223	8	0	196847	0	0	0	nan	0	0	0	0	0	0	nan	0	0	0	0.014223	0.000273	0.014223	0.000273	0.788371	0.015132
28	U	950	196847	190298	0.004992	8	0	196847	0	0	0	nan	0	0	0	0	0	0	nan	0	0	0	0.004992	0.000162	0.004992	0.000162	1.118781	0.036307
29	C	4430	196849	195021	0.022716	8	0	196842	0	0	0	nan	0	0	0	0	0	0	nan	0	0	0	0.022716	0.000341	0.022716	0.000341	0.821778	0.012336
30	U	734	196853	194952	0.003765	8	0	196847	0	0	0	nan	0	0	0	0	0	0	nan	0	0	0	0.003765	0.000139	0.003765	0.000139	0.843792	0.031152
31	G	190	196854	193862	0.000980	8	0	196845	0	0	0	nan	0	0	0	0	0	0	nan	0	0	0	0.000980	0.000071	0.000980	0.000071	nan	nan
32	A	3618	196854	194343	0.018617	8	0	196845	0	0	0	nan	0	0	0	0	0	0	nan	0	0	0	0.018617	0.000310	0.018617	0.000310	1.031927	0.017183
33	G	188	196856	191541	0.000982	8	0	196849	0	0	0	nan	0	0	0	0	0	0	nan	0	0	0	0.000982	0.000072	0.000982	0.000072	nan	nan
34	C	4575	196857	189266	0.024172	8	0	196849	0	0	0	nan	0	0	0	0	0	0	nan	0	0	0	0.024172	0.000357	0.024172	0.000357	0.874451	0.012915
35	C	4227	196861	181004	0.023353	8	0	196853	0	0	0	nan	0	0	0	0	0	0	nan	0	0	0	0.023353	0.000359	0.023353	0.000359	0.844822	0.012987
36	U	711	196871	180810	0.003932	8	0	196862	0	0	0	nan	0	0	0	0	0	0	nan	0	0	0	0.003932	0.000147	0.003932	0.000147	0.881219	0.032945
37	U	992	196888	184268	0.005383	8	0	196875	0	0	0	nan	0	0	0	0	0	0	nan	0	0	0	0.005383	0.000171	0.005383	0.000171	1.206410	0.038324
38	C	4973	196889	192756	0.025799	8	0	196863	0	0	0	nan	0	0	0	0	0	0	nan	0	0	0	0.025799	0.000366	0.025799	0.000366	0.933309	0.013240
39	G	129	196934	192389	0.000671	8	0	196911	0	0	0	nan	0	0	0	0	0	0	nan	0	0	0	0.000671	0.000059	0.000671	0.000059	nan	nan
40	G	159	196960	193224	0.000823	8	0	196947	0	0	0	nan	0	0	0	0	0	0	nan	0	0	0	0.000823	0.000065	0.000823	0.000065	nan	nan
41	G	133	196962	192213	0.000692	8	0	196957	0	0	0	nan	0	0	0	0	0	0	nan	0	0	0	0.000692	0.000060	0.000692	0.000060	nan	nan
42	A	3481	196965	192950	0.018041	8	0	196961	0	0	0	nan	0	0	0	0	0	0	nan	0	0	0	0.018041	0.000306	0.018041	0.000306	1.000000	0.016961
43	G	190	196968	191698	0.000991	8	0	196967	0	0	0	nan	0	0	0	0	0	0	nan	0	0	0	0.000991	0.000072	0.000991	0.000072	nan	nan
44	C	4769	196969	194907	0.024468	8	0	196968	0	0	0	nan	0	0	0	0	0	0	nan	0	0	0	0.024468	0.000354	0.024468	0.000354	0.885159	0.012806
45	U	579	196969	195136	0.002967	8	0	196968	0	0	0	nan	0	0	0	0	0	0	nan	0	0	0	0.002967	0.000123	0.002967	0.000123	0.664948	0.027566
46	C	4587	196969	195275	0.023490	8	0	196968	0	0	0	nan	0	0	0	0	0	0	nan	0	0	0	0.023490	0.000347	0.023490	0.000347	0.849778	0.012553
47	U	715	196968	195133	0.003664	8	0	196963	0	0	0	nan	0	0	0	0	0	0	nan	0	0	0	0.003664	0.000137	0.003664	0.000137	0.821156	0.030704
48	C	5514	196966	195140	0.028257	8	0	196958	0	0	0	nan	0	0	0	0	0	0	nan	0	0	0	0.028257	0.000381	0.028257	0.000381	1.022230	0.013783
49	U	623	196967	195169	0.003192	8	0	196961	0	0	0	nan	0	0	0	0	0	0	nan	0	0	0	0.003192	0.000128	0.003192	0.000128	0.715374	0.028687
50	G	212	196972	193276	0.001097	8	0	196965	0	0	0	nan	0	0	0	0	0	0	nan	0	0	0	0.001097	0.000075	0.001097	0.000075	nan	nan
51	C	5534	196973	194620	0.028435	8	0	196965	0	0	0	nan	0	0	0	0	0	0	nan	0	0	0	0.028435	0.000382	0.028435	0.000382	1.028670	0.013819
52	C	5618	196976	194969	0.028815	8	0	196971	0	0	0	nan	0	0	0	0	0	0	nan	0	0	0	0.028815	0.000384	0.028815	0.000384	1.042417	0.013892
53	A	2578	196979	195202	0.013207	8	0	196976	0	0	0	nan	0	0	0	0	0	0	nan	0	0	0	0.013207	0.000260	0.013207	0.000260	0.732055	0.014412
54	A	0	196893	194975	0.000000	8	0	196893	0	0	0	nan	0	0	0	0	0	0	nan	0	0	0	0.000000	0.000000	0.000000	0.000000	0.000000	0.000000
55	U	0	196893	0	nan	5	0	196893	0	0	0	nan	0	0	0	0	0	0	nan	0	0	0	nan	nan	nan	nan	nan	nan
56	C	0	196893	0	nan	5	0	196893	0	0	0	nan	0	0	0	0	0	0	nan	0	0	0	nan	nan	nan	nan	nan	nan
57	C	0	196893	0	nan	5	0	196893	0	0	0	nan	0	0	0	0	0	0	nan	0	0	0	nan	nan	nan	nan	nan	nan
58	a	0	196893	0	nan	5	0	196893	0	0	0	nan	0	0	0	0	0	0	nan	0	0	0	nan	nan	nan	nan	nan	nan
59	c	0	196893	0	nan	5	0	196893	0	0	0	nan	0	0	0	0	0	0	nan	0	0	0	nan	nan	nan	nan	nan	nan
60	u	0	196893	0	nan	5	0	196893	0	0	0	nan	0	0	0	0	0	0	nan	0	0	0	nan	nan	nan	nan	nan	nan
61	a	0	196893	0	nan	5	0	196893	0	0	0	nan	0	0	0	0	0	0	nan	0	0	0	nan	nan	nan	nan	nan	nan
62	a	0	196893	0	nan	5	0	196893	0	0	0	nan	0	0	0	0	0	0	nan	0	0	0	nan	nan	nan	nan	nan	nan
63	c	0	196893	0	nan	0	0	196893	0	0	0	nan	0	0	0	0	0	0	nan	0	0	0	nan	nan	nan	nan	nan	nan
64	c	0	196893	0	nan	0	0	196893	0	0	0	nan	0	0	0	0	0	0	nan	0	0	0	nan	nan	nan	nan	nan	nan
65	u	0	196893	0	nan	0	0	196893	0	0	0	nan	0	0	0	0	0	0	nan	0	0	0	nan	nan	nan	nan	nan	nan
66	c	0	196893	0	nan	0	0	196893	0	0	0	nan	0	0	0	0	0	0	nan	0	0	0	nan	nan	nan	nan	nan	nan
67	a	0	196893	0	nan	0	0	196893	0	0	0	nan	0	0	0	0	0	0	nan	0	0	0	nan	nan	nan	nan	nan	nan
68	c	0	196893	0	nan	0	0	196893	0	0	0	nan	0	0	0	0	0	0	nan	0	0	0	nan	nan	nan	nan	nan	nan
69	u	0	196893	0	nan	0	0	196893	0	0	0	nan	0	0	0	0	0	0	nan	0	0	0	nan	nan	nan	nan	nan	nan
70	c	0	196893	0	nan	0	0	196893	0	0	0	nan	0	0	0	0	0	0	nan	0	0	0	nan	nan	nan	nan	nan	nan
71	a	0	196889	0	nan	0	0	196889	0	0	0	nan	0	0	0	0	0	0	nan	0	0	0	nan	nan	nan	nan	nan	nan
72	c	0	196877	0	nan	0	0	196877	0	0	0	nan	0	0	0	0	0	0	nan	0	0	0	nan	nan	nan	nan	nan	nan
73	a	0	196869	0	nan	0	0	196869	0	0	0	nan	0	0	0	0	0	0	nan	0	0	0	nan	nan	nan	nan	nan	nan
74	a	0	196803	0	nan	0	0	196803	0	0	0	nan	0	0	0	0	0	0	nan	0	0	0	nan	nan	nan	nan	nan	nan
75	u	0	196696	0	nan	0	0	196696	0	0	0	nan	0	0	0	0	0	0	nan	0	0	0	nan	nan	nan	nan	nan	nan
76	c	0	196445	0	nan	0	0	196445	0	0	0	nan	0	0	0	0	0	0	nan	0	0	0	nan	nan	nan	nan	nan	nan