Nucleotide	Sequence	Modified_mutations	Modified_read_depth	Modified_effective_depth	Modified_rate	Modified_off_target_mapped_depth	Modified_low_mapq_mapped_depth	Modified_primer_pair_1_mapped_depth	Untreated_mutations	Untreated_read_depth	Untreated_effective_depth	Untreated_rate	Untreated_off_target_mapped_depth	Untreated_low_mapq_mapped_depth	Untreated_primer_pair_1_mapped_depth	Denatured_mutations	Denatured_read_depth	Denatured_effective_depth	Denatured_rate	Denatured_off_target_mapped_depth	Denatured_low_mapq_mapped_depth	Denatured_primer_pair_1_mapped_depth	Reactivity_profile	Std_err	HQ_profile	HQ_stderr	Norm_profile	Norm_stderr
1	g	0	265231	0	nan	30	0	265231	0	0	0	nan	0	0	0	0	0	0	nan	0	0	0	nan	nan	nan	nan	nan	nan
2	g	0	265821	0	nan	30	0	265821	0	0	0	nan	0	0	0	0	0	0	nan	0	0	0	nan	nan	nan	nan	nan	nan
3	c	0	266017	0	nan	30	0	266017	0	0	0	nan	0	0	0	0	0	0	nan	0	0	0	nan	nan	nan	nan	nan	nan
4	a	0	272353	0	nan	57	0	272353	0	0	0	nan	0	0	0	0	0	0	nan	0	0	0	nan	nan	nan	nan	nan	nan
5	c	0	272475	0	nan	57	0	272475	0	0	0	nan	0	0	0	0	0	0	nan	0	0	0	nan	nan	nan	nan	nan	nan
6	c	0	272514	0	nan	57	0	272514	0	0	0	nan	0	0	0	0	0	0	nan	0	0	0	nan	nan	nan	nan	nan	nan
7	u	0	272520	0	nan	57	0	272520	0	0	0	nan	0	0	0	0	0	0	nan	0	0	0	nan	nan	nan	nan	nan	nan
8	c	0	272523	0	nan	57	0	272523	0	0	0	nan	0	0	0	0	0	0	nan	0	0	0	nan	nan	nan	nan	nan	nan
9	a	0	272524	0	nan	57	0	272524	0	0	0	nan	0	0	0	0	0	0	nan	0	0	0	nan	nan	nan	nan	nan	nan
10	u	0	272661	0	nan	57	0	272661	0	0	0	nan	0	0	0	0	0	0	nan	0	0	0	nan	nan	nan	nan	nan	nan
11	a	0	272807	0	nan	57	0	272807	0	0	0	nan	0	0	0	0	0	0	nan	0	0	0	nan	nan	nan	nan	nan	nan
12	a	0	272811	0	nan	57	0	272811	0	0	0	nan	0	0	0	0	0	0	nan	0	0	0	nan	nan	nan	nan	nan	nan
13	c	0	272814	0	nan	57	0	272814	0	0	0	nan	0	0	0	0	0	0	nan	0	0	0	nan	nan	nan	nan	nan	nan
14	a	0	272816	0	nan	57	0	272816	0	0	0	nan	0	0	0	0	0	0	nan	0	0	0	nan	nan	nan	nan	nan	nan
15	u	0	272819	0	nan	57	0	272819	0	0	0	nan	0	0	0	0	0	0	nan	0	0	0	nan	nan	nan	nan	nan	nan
16	a	0	272827	0	nan	57	0	272827	0	0	0	nan	0	0	0	0	0	0	nan	0	0	0	nan	nan	nan	nan	nan	nan
17	a	0	272832	0	nan	57	0	272832	0	0	0	nan	0	0	0	0	0	0	nan	0	0	0	nan	nan	nan	nan	nan	nan
18	c	0	272837	0	nan	57	0	272837	0	0	0	nan	0	0	0	0	0	0	nan	0	0	0	nan	nan	nan	nan	nan	nan
19	U	0	272841	1	0.000000	57	0	272841	0	0	0	nan	0	0	0	0	0	0	nan	0	0	0	0.000000	0.000000	nan	nan	nan	nan
20	A	0	272885	42	0.000000	57	0	272885	0	0	0	nan	0	0	0	0	0	0	nan	0	0	0	0.000000	0.000000	nan	nan	nan	nan
21	A	0	272896	52	0.000000	57	0	272896	0	0	0	nan	0	0	0	0	0	0	nan	0	0	0	0.000000	0.000000	nan	nan	nan	nan
22	G	0	272913	269952	0.000000	57	0	272913	0	0	0	nan	0	0	0	0	0	0	nan	0	0	0	0.000000	0.000000	0.000000	0.000000	nan	nan
23	G	282	272917	267993	0.001052	57	0	272917	0	0	0	nan	0	0	0	0	0	0	nan	0	0	0	0.001052	0.000063	0.001052	0.000063	nan	nan
24	C	9058	272926	268460	0.033741	57	0	272926	0	0	0	nan	0	0	0	0	0	0	nan	0	0	0	0.033741	0.000355	0.033741	0.000355	0.949949	0.009995
25	A	6642	272952	269058	0.024686	58	0	272952	0	0	0	nan	0	0	0	0	0	0	nan	0	0	0	0.024686	0.000303	0.024686	0.000303	1.000000	0.012274
26	G	343	272961	269079	0.001275	58	0	272960	0	0	0	nan	0	0	0	0	0	0	nan	0	0	0	0.001275	0.000069	0.001275	0.000069	nan	nan
27	A	5724	272972	269872	0.021210	59	0	272970	0	0	0	nan	0	0	0	0	0	0	nan	0	0	0	0.021210	0.000280	0.021210	0.000280	0.859191	0.011342
28	U	498	272980	269117	0.001850	59	0	272976	0	0	0	nan	0	0	0	0	0	0	nan	0	0	0	0.001850	0.000083	0.001850	0.000083	nan	nan
29	C	8070	272985	269926	0.029897	59	0	272981	0	0	0	nan	0	0	0	0	0	0	nan	0	0	0	0.029897	0.000333	0.029897	0.000333	0.841724	0.009375
30	U	561	272989	269900	0.002079	59	0	272984	0	0	0	nan	0	0	0	0	0	0	nan	0	0	0	0.002079	0.000088	0.002079	0.000088	nan	nan
31	G	307	272996	269433	0.001139	59	0	272991	0	0	0	nan	0	0	0	0	0	0	nan	0	0	0	0.001139	0.000065	0.001139	0.000065	nan	nan
32	A	6076	273007	269946	0.022508	59	0	273003	0	0	0	nan	0	0	0	0	0	0	nan	0	0	0	0.022508	0.000289	0.022508	0.000289	0.911772	0.011707
33	G	268	273024	268052	0.001000	59	0	273020	0	0	0	nan	0	0	0	0	0	0	nan	0	0	0	0.001000	0.000061	0.001000	0.000061	nan	nan
34	C	8321	273026	268648	0.030974	59	0	273006	0	0	0	nan	0	0	0	0	0	0	nan	0	0	0	0.030974	0.000340	0.030974	0.000340	0.872046	0.009572
35	U	734	273048	268409	0.002735	59	0	273023	0	0	0	nan	0	0	0	0	0	0	nan	0	0	0	0.002735	0.000101	0.002735	0.000101	nan	nan
36	U	498	273056	268585	0.001854	59	0	273020	0	0	0	nan	0	0	0	0	0	0	nan	0	0	0	0.001854	0.000083	0.001854	0.000083	nan	nan
37	G	394	273063	268358	0.001468	59	0	272997	0	0	0	nan	0	0	0	0	0	0	nan	0	0	0	0.001468	0.000074	0.001468	0.000074	nan	nan
38	G	326	273064	261818	0.001245	59	0	273000	0	0	0	nan	0	0	0	0	0	0	nan	0	0	0	0.001245	0.000069	0.001245	0.000069	nan	nan
39	G	385	273070	260916	0.001476	59	0	273012	0	0	0	nan	0	0	0	0	0	0	nan	0	0	0	0.001476	0.000075	0.001476	0.000075	nan	nan
40	A	6950	273073	262174	0.026509	59	0	273029	0	0	0	nan	0	0	0	0	0	0	nan	0	0	0	0.026509	0.000318	0.026509	0.000318	1.073848	0.012882
41	G	416	273078	267678	0.001554	59	0	273053	0	0	0	nan	0	0	0	0	0	0	nan	0	0	0	0.001554	0.000076	0.001554	0.000076	nan	nan
42	C	8790	273083	269112	0.032663	37	0	273068	0	0	0	nan	0	0	0	0	0	0	nan	0	0	0	0.032663	0.000348	0.032663	0.000348	0.919599	0.009798
43	U	370	273085	269163	0.001375	37	0	273072	0	0	0	nan	0	0	0	0	0	0	nan	0	0	0	0.001375	0.000071	0.001375	0.000071	nan	nan
44	C	8228	273086	269644	0.030514	37	0	273075	0	0	0	nan	0	0	0	0	0	0	nan	0	0	0	0.030514	0.000336	0.030514	0.000336	0.859096	0.009460
45	U	448	273089	269640	0.001661	37	0	273080	0	0	0	nan	0	0	0	0	0	0	nan	0	0	0	0.001661	0.000078	0.001661	0.000078	nan	nan
46	C	9224	273087	269861	0.034181	37	0	273076	0	0	0	nan	0	0	0	0	0	0	nan	0	0	0	0.034181	0.000356	0.034181	0.000356	0.962337	0.010023
47	U	468	273090	269763	0.001735	37	0	273080	0	0	0	nan	0	0	0	0	0	0	nan	0	0	0	0.001735	0.000080	0.001735	0.000080	nan	nan
48	G	373	273091	268405	0.001390	37	0	273083	0	0	0	nan	0	0	0	0	0	0	nan	0	0	0	0.001390	0.000072	0.001390	0.000072	nan	nan
49	C	10632	273094	268947	0.039532	36	0	273086	0	0	0	nan	0	0	0	0	0	0	nan	0	0	0	0.039532	0.000383	0.039532	0.000383	1.112990	0.010783
50	C	10758	273097	269860	0.039865	36	0	273094	0	0	0	nan	0	0	0	0	0	0	nan	0	0	0	0.039865	0.000384	0.039865	0.000384	1.122365	0.010811
51	A	5398	273105	270577	0.019950	36	0	273103	0	0	0	nan	0	0	0	0	0	0	nan	0	0	0	0.019950	0.000272	0.019950	0.000272	0.808150	0.011018
52	A	0	273104	270108	0.000000	36	0	273104	0	0	0	nan	0	0	0	0	0	0	nan	0	0	0	0.000000	0.000000	0.000000	0.000000	0.000000	0.000000
53	U	0	273102	227	0.000000	32	0	273102	0	0	0	nan	0	0	0	0	0	0	nan	0	0	0	0.000000	0.000000	nan	nan	nan	nan
54	C	0	272812	0	nan	28	0	272812	0	0	0	nan	0	0	0	0	0	0	nan	0	0	0	nan	nan	nan	nan	nan	nan
55	C	0	272812	0	nan	28	0	272812	0	0	0	nan	0	0	0	0	0	0	nan	0	0	0	nan	nan	nan	nan	nan	nan
56	a	0	272812	0	nan	28	0	272812	0	0	0	nan	0	0	0	0	0	0	nan	0	0	0	nan	nan	nan	nan	nan	nan
57	c	0	272812	0	nan	28	0	272812	0	0	0	nan	0	0	0	0	0	0	nan	0	0	0	nan	nan	nan	nan	nan	nan
58	u	0	272812	0	nan	28	0	272812	0	0	0	nan	0	0	0	0	0	0	nan	0	0	0	nan	nan	nan	nan	nan	nan
59	a	0	272812	0	nan	28	0	272812	0	0	0	nan	0	0	0	0	0	0	nan	0	0	0	nan	nan	nan	nan	nan	nan
60	a	0	272812	0	nan	28	0	272812	0	0	0	nan	0	0	0	0	0	0	nan	0	0	0	nan	nan	nan	nan	nan	nan
61	c	0	272812	0	nan	14	0	272812	0	0	0	nan	0	0	0	0	0	0	nan	0	0	0	nan	nan	nan	nan	nan	nan
62	c	0	272812	0	nan	14	0	272812	0	0	0	nan	0	0	0	0	0	0	nan	0	0	0	nan	nan	nan	nan	nan	nan
63	u	0	272812	0	nan	0	0	272812	0	0	0	nan	0	0	0	0	0	0	nan	0	0	0	nan	nan	nan	nan	nan	nan
64	c	0	272812	0	nan	0	0	272812	0	0	0	nan	0	0	0	0	0	0	nan	0	0	0	nan	nan	nan	nan	nan	nan
65	a	0	272812	0	nan	0	0	272812	0	0	0	nan	0	0	0	0	0	0	nan	0	0	0	nan	nan	nan	nan	nan	nan
66	c	0	272810	0	nan	0	0	272810	0	0	0	nan	0	0	0	0	0	0	nan	0	0	0	nan	nan	nan	nan	nan	nan
67	u	0	272809	0	nan	0	0	272809	0	0	0	nan	0	0	0	0	0	0	nan	0	0	0	nan	nan	nan	nan	nan	nan
68	c	0	272808	0	nan	0	0	272808	0	0	0	nan	0	0	0	0	0	0	nan	0	0	0	nan	nan	nan	nan	nan	nan
69	a	0	272808	0	nan	0	0	272808	0	0	0	nan	0	0	0	0	0	0	nan	0	0	0	nan	nan	nan	nan	nan	nan
70	c	0	272797	0	nan	0	0	272797	0	0	0	nan	0	0	0	0	0	0	nan	0	0	0	nan	nan	nan	nan	nan	nan
71	a	0	272791	0	nan	0	0	272791	0	0	0	nan	0	0	0	0	0	0	nan	0	0	0	nan	nan	nan	nan	nan	nan
72	a	0	272711	0	nan	0	0	272711	0	0	0	nan	0	0	0	0	0	0	nan	0	0	0	nan	nan	nan	nan	nan	nan
73	u	0	272579	0	nan	0	0	272579	0	0	0	nan	0	0	0	0	0	0	nan	0	0	0	nan	nan	nan	nan	nan	nan
74	c	0	272189	0	nan	0	0	272189	0	0	0	nan	0	0	0	0	0	0	nan	0	0	0	nan	nan	nan	nan	nan	nan