Nucleotide	Sequence	Modified_mutations	Modified_read_depth	Modified_effective_depth	Modified_rate	Modified_off_target_mapped_depth	Modified_low_mapq_mapped_depth	Modified_primer_pair_1_mapped_depth	Untreated_mutations	Untreated_read_depth	Untreated_effective_depth	Untreated_rate	Untreated_off_target_mapped_depth	Untreated_low_mapq_mapped_depth	Untreated_primer_pair_1_mapped_depth	Denatured_mutations	Denatured_read_depth	Denatured_effective_depth	Denatured_rate	Denatured_off_target_mapped_depth	Denatured_low_mapq_mapped_depth	Denatured_primer_pair_1_mapped_depth	Reactivity_profile	Std_err	HQ_profile	HQ_stderr	Norm_profile	Norm_stderr
1	g	0	166254	0	nan	1	1	166254	0	0	0	nan	0	0	0	0	0	0	nan	0	0	0	nan	nan	nan	nan	nan	nan
2	g	0	166382	0	nan	1	1	166382	0	0	0	nan	0	0	0	0	0	0	nan	0	0	0	nan	nan	nan	nan	nan	nan
3	u	0	166438	0	nan	1	1	166438	0	0	0	nan	0	0	0	0	0	0	nan	0	0	0	nan	nan	nan	nan	nan	nan
4	g	0	166452	0	nan	1	1	166452	0	0	0	nan	0	0	0	0	0	0	nan	0	0	0	nan	nan	nan	nan	nan	nan
5	u	0	166459	0	nan	1	1	166459	0	0	0	nan	0	0	0	0	0	0	nan	0	0	0	nan	nan	nan	nan	nan	nan
6	a	0	166459	0	nan	1	1	166459	0	0	0	nan	0	0	0	0	0	0	nan	0	0	0	nan	nan	nan	nan	nan	nan
7	a	0	166459	0	nan	1	1	166459	0	0	0	nan	0	0	0	0	0	0	nan	0	0	0	nan	nan	nan	nan	nan	nan
8	g	0	166459	0	nan	1	1	166459	0	0	0	nan	0	0	0	0	0	0	nan	0	0	0	nan	nan	nan	nan	nan	nan
9	g	0	166470	0	nan	1	1	166470	0	0	0	nan	0	0	0	0	0	0	nan	0	0	0	nan	nan	nan	nan	nan	nan
10	g	0	167387	0	nan	2	1	167387	0	0	0	nan	0	0	0	0	0	0	nan	0	0	0	nan	nan	nan	nan	nan	nan
11	u	0	167399	0	nan	2	1	167399	0	0	0	nan	0	0	0	0	0	0	nan	0	0	0	nan	nan	nan	nan	nan	nan
12	g	0	167422	0	nan	2	1	167422	0	0	0	nan	0	0	0	0	0	0	nan	0	0	0	nan	nan	nan	nan	nan	nan
13	a	0	167425	0	nan	2	1	167425	0	0	0	nan	0	0	0	0	0	0	nan	0	0	0	nan	nan	nan	nan	nan	nan
14	a	0	167425	0	nan	2	1	167425	0	0	0	nan	0	0	0	0	0	0	nan	0	0	0	nan	nan	nan	nan	nan	nan
15	g	0	167426	0	nan	26	1	167426	0	0	0	nan	0	0	0	0	0	0	nan	0	0	0	nan	nan	nan	nan	nan	nan
16	u	0	167426	0	nan	26	1	167426	0	0	0	nan	0	0	0	0	0	0	nan	0	0	0	nan	nan	nan	nan	nan	nan
17	g	0	167426	0	nan	26	1	167426	0	0	0	nan	0	0	0	0	0	0	nan	0	0	0	nan	nan	nan	nan	nan	nan
18	u	0	167426	0	nan	26	1	167426	0	0	0	nan	0	0	0	0	0	0	nan	0	0	0	nan	nan	nan	nan	nan	nan
19	a	0	167426	0	nan	26	1	167426	0	0	0	nan	0	0	0	0	0	0	nan	0	0	0	nan	nan	nan	nan	nan	nan
20	A	0	167427	1	0.000000	26	1	167427	0	0	0	nan	0	0	0	0	0	0	nan	0	0	0	0.000000	0.000000	nan	nan	nan	nan
21	G	0	167430	2	0.000000	26	1	167430	0	0	0	nan	0	0	0	0	0	0	nan	0	0	0	0.000000	0.000000	nan	nan	nan	nan
22	G	0	167431	3	0.000000	26	1	167431	0	0	0	nan	0	0	0	0	0	0	nan	0	0	0	0.000000	0.000000	nan	nan	nan	nan
23	U	0	167434	167207	0.000000	26	1	167434	0	0	0	nan	0	0	0	0	0	0	nan	0	0	0	0.000000	0.000000	0.000000	0.000000	nan	nan
24	U	246	167444	167180	0.001471	26	1	167444	0	0	0	nan	0	0	0	0	0	0	nan	0	0	0	0.001471	0.000094	0.001471	0.000094	nan	nan
25	G	129	167444	166368	0.000775	26	1	167444	0	0	0	nan	0	0	0	0	0	0	nan	0	0	0	0.000775	0.000068	0.000775	0.000068	nan	nan
26	A	5853	167444	166731	0.035104	26	1	167444	0	0	0	nan	0	0	0	0	0	0	nan	0	0	0	0.035104	0.000459	0.035104	0.000459	1.099336	0.014374
27	A	5490	167445	166631	0.032947	26	1	167445	0	0	0	nan	0	0	0	0	0	0	nan	0	0	0	0.032947	0.000445	0.032947	0.000445	1.031786	0.013936
28	C	3827	167445	166174	0.023030	26	1	167445	0	0	0	nan	0	0	0	0	0	0	nan	0	0	0	0.023030	0.000372	0.023030	0.000372	1.168932	0.018882
29	U	199	167444	166743	0.001193	26	1	167444	0	0	0	nan	0	0	0	0	0	0	nan	0	0	0	0.001193	0.000085	0.001193	0.000085	nan	nan
30	U	271	167444	166915	0.001624	26	1	167444	0	0	0	nan	0	0	0	0	0	0	nan	0	0	0	0.001624	0.000099	0.001624	0.000099	nan	nan
31	U	279	167448	166983	0.001671	26	1	167447	0	0	0	nan	0	0	0	0	0	0	nan	0	0	0	0.001671	0.000100	0.001671	0.000100	nan	nan
32	U	207	167449	166927	0.001240	26	1	167418	0	0	0	nan	0	0	0	0	0	0	nan	0	0	0	0.001240	0.000086	0.001240	0.000086	nan	nan
33	G	125	167456	166010	0.000753	26	1	167420	0	0	0	nan	0	0	0	0	0	0	nan	0	0	0	0.000753	0.000067	0.000753	0.000067	nan	nan
34	A	2561	167463	166645	0.015368	26	1	167421	0	0	0	nan	0	0	0	0	0	0	nan	0	0	0	0.015368	0.000304	0.015368	0.000304	0.481273	0.009520
35	A	2083	167463	166572	0.012505	26	1	167422	0	0	0	nan	0	0	0	0	0	0	nan	0	0	0	0.012505	0.000274	0.012505	0.000274	0.391613	0.008581
36	U	141	167464	166369	0.000848	26	1	167423	0	0	0	nan	0	0	0	0	0	0	nan	0	0	0	0.000848	0.000071	0.000848	0.000071	nan	nan
37	A	8697	167466	166292	0.052300	26	1	167425	0	0	0	nan	0	0	0	0	0	0	nan	0	0	0	0.052300	0.000561	0.052300	0.000561	1.637855	0.017569
38	G	174	167483	164646	0.001057	26	1	167462	0	0	0	nan	0	0	0	0	0	0	nan	0	0	0	0.001057	0.000080	0.001057	0.000080	nan	nan
39	U	329	167483	166720	0.001973	26	1	167464	0	0	0	nan	0	0	0	0	0	0	nan	0	0	0	0.001973	0.000109	0.001973	0.000109	nan	nan
40	G	243	167489	166100	0.001463	26	1	167469	0	0	0	nan	0	0	0	0	0	0	nan	0	0	0	0.001463	0.000094	0.001463	0.000094	nan	nan
41	A	2960	167491	166702	0.017756	26	1	167473	0	0	0	nan	0	0	0	0	0	0	nan	0	0	0	0.017756	0.000326	0.017756	0.000326	0.556057	0.010209
42	U	342	167496	166747	0.002051	26	1	167482	0	0	0	nan	0	0	0	0	0	0	nan	0	0	0	0.002051	0.000111	0.002051	0.000111	nan	nan
43	U	264	167496	166843	0.001582	26	1	167482	0	0	0	nan	0	0	0	0	0	0	nan	0	0	0	0.001582	0.000097	0.001582	0.000097	nan	nan
44	C	1620	167505	166711	0.009717	26	1	167497	0	0	0	nan	0	0	0	0	0	0	nan	0	0	0	0.009717	0.000241	0.009717	0.000241	0.493205	0.012232
45	A	2278	167525	166680	0.013667	26	1	167515	0	0	0	nan	0	0	0	0	0	0	nan	0	0	0	0.013667	0.000286	0.013667	0.000286	0.428003	0.008957
46	G	146	167538	166056	0.000879	26	1	167531	0	0	0	nan	0	0	0	0	0	0	nan	0	0	0	0.000879	0.000073	0.000879	0.000073	nan	nan
47	G	126	167545	166058	0.000759	26	1	167538	0	0	0	nan	0	0	0	0	0	0	nan	0	0	0	0.000759	0.000068	0.000759	0.000068	nan	nan
48	A	1993	167546	166675	0.011957	26	1	167539	0	0	0	nan	0	0	0	0	0	0	nan	0	0	0	0.011957	0.000268	0.011957	0.000268	0.374452	0.008393
49	G	172	167549	165980	0.001036	26	1	167543	0	0	0	nan	0	0	0	0	0	0	nan	0	0	0	0.001036	0.000079	0.001036	0.000079	nan	nan
50	G	233	167550	165893	0.001405	26	1	167546	0	0	0	nan	0	0	0	0	0	0	nan	0	0	0	0.001405	0.000092	0.001405	0.000092	nan	nan
51	U	240	167557	166717	0.001440	26	1	167554	0	0	0	nan	0	0	0	0	0	0	nan	0	0	0	0.001440	0.000093	0.001440	0.000093	nan	nan
52	U	232	167559	166472	0.001394	26	1	167555	0	0	0	nan	0	0	0	0	0	0	nan	0	0	0	0.001394	0.000091	0.001394	0.000091	nan	nan
53	A	4793	167558	165925	0.028887	26	1	167553	0	0	0	nan	0	0	0	0	0	0	nan	0	0	0	0.028887	0.000417	0.028887	0.000417	0.904641	0.013059
54	A	3804	167442	165760	0.022949	26	1	167430	0	0	0	nan	0	0	0	0	0	0	nan	0	0	0	0.022949	0.000372	0.022949	0.000372	0.718683	0.011650
55	U	315	167443	165744	0.001901	26	1	167439	0	0	0	nan	0	0	0	0	0	0	nan	0	0	0	0.001901	0.000107	0.001901	0.000107	nan	nan
56	G	226	167452	165513	0.001365	26	1	167449	0	0	0	nan	0	0	0	0	0	0	nan	0	0	0	0.001365	0.000091	0.001365	0.000091	nan	nan
57	G	0	167471	165213	0.000000	26	1	167471	0	0	0	nan	0	0	0	0	0	0	nan	0	0	0	0.000000	0.000000	0.000000	0.000000	nan	nan
58	A	0	167480	0	nan	26	1	167480	0	0	0	nan	0	0	0	0	0	0	nan	0	0	0	nan	nan	nan	nan	nan	nan
59	A	0	167480	0	nan	26	1	167480	0	0	0	nan	0	0	0	0	0	0	nan	0	0	0	nan	nan	nan	nan	nan	nan
60	G	0	167480	0	nan	26	1	167480	0	0	0	nan	0	0	0	0	0	0	nan	0	0	0	nan	nan	nan	nan	nan	nan
61	u	0	167480	0	nan	26	1	167480	0	0	0	nan	0	0	0	0	0	0	nan	0	0	0	nan	nan	nan	nan	nan	nan
62	a	0	167480	0	nan	26	1	167480	0	0	0	nan	0	0	0	0	0	0	nan	0	0	0	nan	nan	nan	nan	nan	nan
63	a	0	167480	0	nan	26	1	167480	0	0	0	nan	0	0	0	0	0	0	nan	0	0	0	nan	nan	nan	nan	nan	nan
64	a	0	167480	0	nan	25	1	167480	0	0	0	nan	0	0	0	0	0	0	nan	0	0	0	nan	nan	nan	nan	nan	nan
65	g	0	167480	0	nan	25	1	167480	0	0	0	nan	0	0	0	0	0	0	nan	0	0	0	nan	nan	nan	nan	nan	nan
66	g	0	167480	0	nan	25	1	167480	0	0	0	nan	0	0	0	0	0	0	nan	0	0	0	nan	nan	nan	nan	nan	nan
67	u	0	167480	0	nan	25	1	167480	0	0	0	nan	0	0	0	0	0	0	nan	0	0	0	nan	nan	nan	nan	nan	nan
68	a	0	167480	0	nan	24	1	167480	0	0	0	nan	0	0	0	0	0	0	nan	0	0	0	nan	nan	nan	nan	nan	nan
69	a	0	167480	0	nan	24	1	167480	0	0	0	nan	0	0	0	0	0	0	nan	0	0	0	nan	nan	nan	nan	nan	nan
70	u	0	167480	0	nan	24	1	167480	0	0	0	nan	0	0	0	0	0	0	nan	0	0	0	nan	nan	nan	nan	nan	nan
71	g	0	167479	0	nan	24	1	167479	0	0	0	nan	0	0	0	0	0	0	nan	0	0	0	nan	nan	nan	nan	nan	nan
72	a	0	167479	0	nan	24	1	167479	0	0	0	nan	0	0	0	0	0	0	nan	0	0	0	nan	nan	nan	nan	nan	nan
73	a	0	167479	0	nan	24	1	167479	0	0	0	nan	0	0	0	0	0	0	nan	0	0	0	nan	nan	nan	nan	nan	nan
74	g	0	167479	0	nan	24	1	167479	0	0	0	nan	0	0	0	0	0	0	nan	0	0	0	nan	nan	nan	nan	nan	nan
75	g	0	167479	0	nan	24	1	167479	0	0	0	nan	0	0	0	0	0	0	nan	0	0	0	nan	nan	nan	nan	nan	nan
76	u	0	167474	0	nan	24	1	167474	0	0	0	nan	0	0	0	0	0	0	nan	0	0	0	nan	nan	nan	nan	nan	nan
77	g	0	167472	0	nan	24	1	167472	0	0	0	nan	0	0	0	0	0	0	nan	0	0	0	nan	nan	nan	nan	nan	nan
78	a	0	167468	0	nan	24	1	167468	0	0	0	nan	0	0	0	0	0	0	nan	0	0	0	nan	nan	nan	nan	nan	nan
79	a	0	167441	0	nan	24	1	167441	0	0	0	nan	0	0	0	0	0	0	nan	0	0	0	nan	nan	nan	nan	nan	nan
80	g	0	167367	0	nan	24	1	167367	0	0	0	nan	0	0	0	0	0	0	nan	0	0	0	nan	nan	nan	nan	nan	nan