Nucleotide	Sequence	Modified_mutations	Modified_read_depth	Modified_effective_depth	Modified_rate	Modified_off_target_mapped_depth	Modified_low_mapq_mapped_depth	Modified_primer_pair_1_mapped_depth	Untreated_mutations	Untreated_read_depth	Untreated_effective_depth	Untreated_rate	Untreated_off_target_mapped_depth	Untreated_low_mapq_mapped_depth	Untreated_primer_pair_1_mapped_depth	Denatured_mutations	Denatured_read_depth	Denatured_effective_depth	Denatured_rate	Denatured_off_target_mapped_depth	Denatured_low_mapq_mapped_depth	Denatured_primer_pair_1_mapped_depth	Reactivity_profile	Std_err	HQ_profile	HQ_stderr	Norm_profile	Norm_stderr
1	g	0	35306	0	nan	9	1	35306	0	0	0	nan	0	0	0	0	0	0	nan	0	0	0	nan	nan	nan	nan	nan	nan
2	g	0	35342	0	nan	9	1	35342	0	0	0	nan	0	0	0	0	0	0	nan	0	0	0	nan	nan	nan	nan	nan	nan
3	u	0	35364	0	nan	9	1	35364	0	0	0	nan	0	0	0	0	0	0	nan	0	0	0	nan	nan	nan	nan	nan	nan
4	g	0	35401	0	nan	9	1	35401	0	0	0	nan	0	0	0	0	0	0	nan	0	0	0	nan	nan	nan	nan	nan	nan
5	u	0	35439	0	nan	9	1	35439	0	0	0	nan	0	0	0	0	0	0	nan	0	0	0	nan	nan	nan	nan	nan	nan
6	a	0	35474	0	nan	9	1	35474	0	0	0	nan	0	0	0	0	0	0	nan	0	0	0	nan	nan	nan	nan	nan	nan
7	a	0	35589	0	nan	9	1	35589	0	0	0	nan	0	0	0	0	0	0	nan	0	0	0	nan	nan	nan	nan	nan	nan
8	g	0	35916	0	nan	9	1	35916	0	0	0	nan	0	0	0	0	0	0	nan	0	0	0	nan	nan	nan	nan	nan	nan
9	g	0	38241	0	nan	9	1	38241	0	0	0	nan	0	0	0	0	0	0	nan	0	0	0	nan	nan	nan	nan	nan	nan
10	g	0	219119	0	nan	9	1	219119	0	0	0	nan	0	0	0	0	0	0	nan	0	0	0	nan	nan	nan	nan	nan	nan
11	u	0	227126	0	nan	9	1	227126	0	0	0	nan	0	0	0	0	0	0	nan	0	0	0	nan	nan	nan	nan	nan	nan
12	g	0	227414	0	nan	9	1	227414	0	0	0	nan	0	0	0	0	0	0	nan	0	0	0	nan	nan	nan	nan	nan	nan
13	a	0	227437	0	nan	9	1	227437	0	0	0	nan	0	0	0	0	0	0	nan	0	0	0	nan	nan	nan	nan	nan	nan
14	a	0	227454	0	nan	9	1	227454	0	0	0	nan	0	0	0	0	0	0	nan	0	0	0	nan	nan	nan	nan	nan	nan
15	g	0	227507	0	nan	17	1	227507	0	0	0	nan	0	0	0	0	0	0	nan	0	0	0	nan	nan	nan	nan	nan	nan
16	u	0	227524	0	nan	17	1	227524	0	0	0	nan	0	0	0	0	0	0	nan	0	0	0	nan	nan	nan	nan	nan	nan
17	g	0	227539	0	nan	17	1	227539	0	0	0	nan	0	0	0	0	0	0	nan	0	0	0	nan	nan	nan	nan	nan	nan
18	u	0	227543	0	nan	17	1	227543	0	0	0	nan	0	0	0	0	0	0	nan	0	0	0	nan	nan	nan	nan	nan	nan
19	a	0	227621	0	nan	17	1	227621	0	0	0	nan	0	0	0	0	0	0	nan	0	0	0	nan	nan	nan	nan	nan	nan
20	A	0	227650	15	0.000000	17	1	227650	0	0	0	nan	0	0	0	0	0	0	nan	0	0	0	0.000000	0.000000	nan	nan	nan	nan
21	G	0	227693	31	0.000000	17	1	227693	0	0	0	nan	0	0	0	0	0	0	nan	0	0	0	0.000000	0.000000	nan	nan	nan	nan
22	G	0	227715	40	0.000000	17	1	227715	0	0	0	nan	0	0	0	0	0	0	nan	0	0	0	0.000000	0.000000	nan	nan	nan	nan
23	U	0	227731	218153	0.000000	17	1	227731	0	0	0	nan	0	0	0	0	0	0	nan	0	0	0	0.000000	0.000000	0.000000	0.000000	nan	nan
24	U	243	227746	224129	0.001084	17	1	227746	0	0	0	nan	0	0	0	0	0	0	nan	0	0	0	0.001084	0.000070	0.001084	0.000070	nan	nan
25	G	382	227760	223302	0.001711	17	1	227760	0	0	0	nan	0	0	0	0	0	0	nan	0	0	0	0.001711	0.000088	0.001711	0.000088	0.577066	0.029680
26	A	7758	227768	221576	0.035013	17	1	227768	0	0	0	nan	0	0	0	0	0	0	nan	0	0	0	0.035013	0.000398	0.035013	0.000398	0.909358	0.010337
27	A	8772	227773	219769	0.039915	17	1	227773	0	0	0	nan	0	0	0	0	0	0	nan	0	0	0	0.039915	0.000426	0.039915	0.000426	1.036672	0.011064
28	C	11179	227780	219018	0.051041	17	1	227780	0	0	0	nan	0	0	0	0	0	0	nan	0	0	0	0.051041	0.000483	0.051041	0.000483	1.052517	0.009960
29	U	171	227809	221304	0.000773	17	1	227809	0	0	0	nan	0	0	0	0	0	0	nan	0	0	0	0.000773	0.000059	0.000773	0.000059	nan	nan
30	U	193	227836	222459	0.000868	17	1	227829	0	0	0	nan	0	0	0	0	0	0	nan	0	0	0	0.000868	0.000062	0.000868	0.000062	nan	nan
31	U	235	227857	223225	0.001053	17	1	227850	0	0	0	nan	0	0	0	0	0	0	nan	0	0	0	0.001053	0.000069	0.001053	0.000069	nan	nan
32	U	251	227892	224066	0.001120	17	1	227885	0	0	0	nan	0	0	0	0	0	0	nan	0	0	0	0.001120	0.000071	0.001120	0.000071	nan	nan
33	G	465	227927	223459	0.002081	17	1	227920	0	0	0	nan	0	0	0	0	0	0	nan	0	0	0	0.002081	0.000097	0.002081	0.000097	0.701855	0.032715
34	A	8404	227938	222888	0.037705	17	1	227931	0	0	0	nan	0	0	0	0	0	0	nan	0	0	0	0.037705	0.000411	0.037705	0.000411	0.979274	0.010674
35	A	7362	227947	221580	0.033225	17	2	227940	0	0	0	nan	0	0	0	0	0	0	nan	0	0	0	0.033225	0.000387	0.033225	0.000387	0.862920	0.010051
36	U	252	227953	221245	0.001139	17	2	227946	0	0	0	nan	0	0	0	0	0	0	nan	0	0	0	0.001139	0.000072	0.001139	0.000072	nan	nan
37	A	8866	227962	222258	0.039891	17	2	227955	0	0	0	nan	0	0	0	0	0	0	nan	0	0	0	0.039891	0.000424	0.039891	0.000424	1.036049	0.011012
38	G	384	227978	222132	0.001729	17	2	227971	0	0	0	nan	0	0	0	0	0	0	nan	0	0	0	0.001729	0.000088	0.001729	0.000088	0.583137	0.029680
39	U	265	227986	224287	0.001182	17	2	227978	0	0	0	nan	0	0	0	0	0	0	nan	0	0	0	0.001182	0.000073	0.001182	0.000073	nan	nan
40	G	667	227998	221871	0.003006	17	2	227991	0	0	0	nan	0	0	0	0	0	0	nan	0	0	0	0.003006	0.000116	0.003006	0.000116	1.013828	0.039123
41	A	8602	228015	221881	0.038769	17	2	228008	0	0	0	nan	0	0	0	0	0	0	nan	0	0	0	0.038769	0.000418	0.038769	0.000418	1.006909	0.010856
42	U	273	228064	220340	0.001239	12	2	228059	0	0	0	nan	0	0	0	0	0	0	nan	0	0	0	0.001239	0.000075	0.001239	0.000075	nan	nan
43	U	301	228092	220829	0.001363	12	2	228087	0	0	0	nan	0	0	0	0	0	0	nan	0	0	0	0.001363	0.000079	0.001363	0.000079	nan	nan
44	C	8964	228121	219413	0.040854	11	2	228117	0	0	0	nan	0	0	0	0	0	0	nan	0	0	0	0.040854	0.000432	0.040854	0.000432	0.842450	0.008908
45	A	7875	228159	221098	0.035618	11	3	228154	0	0	0	nan	0	0	0	0	0	0	nan	0	0	0	0.035618	0.000401	0.035618	0.000401	0.925071	0.010415
46	G	579	228218	222520	0.002602	11	3	228215	0	0	0	nan	0	0	0	0	0	0	nan	0	0	0	0.002602	0.000108	0.002602	0.000108	0.877572	0.036425
47	G	489	228235	222061	0.002202	11	3	228233	0	0	0	nan	0	0	0	0	0	0	nan	0	0	0	0.002202	0.000100	0.002202	0.000100	0.742664	0.033727
48	A	7311	228242	217629	0.033594	11	3	228240	0	0	0	nan	0	0	0	0	0	0	nan	0	0	0	0.033594	0.000393	0.033594	0.000393	0.872503	0.010207
49	G	655	228320	217631	0.003010	11	3	228319	0	0	0	nan	0	0	0	0	0	0	nan	0	0	0	0.003010	0.000118	0.003010	0.000118	1.015177	0.039798
50	G	432	228341	219023	0.001972	11	3	228340	0	0	0	nan	0	0	0	0	0	0	nan	0	0	0	0.001972	0.000095	0.001972	0.000095	0.665093	0.032040
51	U	196	228349	218521	0.000897	11	3	228348	0	0	0	nan	0	0	0	0	0	0	nan	0	0	0	0.000897	0.000064	0.000897	0.000064	nan	nan
52	U	300	228358	221961	0.001352	11	3	228358	0	0	0	nan	0	0	0	0	0	0	nan	0	0	0	0.001352	0.000078	0.001352	0.000078	nan	nan
53	A	7506	228359	221606	0.033871	10	3	228356	0	0	0	nan	0	0	0	0	0	0	nan	0	0	0	0.033871	0.000391	0.033871	0.000391	0.879698	0.010155
54	A	6697	228350	222785	0.030060	10	3	228345	0	0	0	nan	0	0	0	0	0	0	nan	0	0	0	0.030060	0.000367	0.030060	0.000367	0.780718	0.009532
55	U	427	228357	224348	0.001903	10	3	228353	0	0	0	nan	0	0	0	0	0	0	nan	0	0	0	0.001903	0.000092	0.001903	0.000092	nan	nan
56	G	668	228363	225310	0.002965	10	3	228362	0	0	0	nan	0	0	0	0	0	0	nan	0	0	0	0.002965	0.000115	0.002965	0.000115	1.000000	0.038786
57	G	0	228370	224041	0.000000	10	3	228370	0	0	0	nan	0	0	0	0	0	0	nan	0	0	0	0.000000	0.000000	0.000000	0.000000	0.000000	0.000000
58	A	0	228371	0	nan	10	3	228371	0	0	0	nan	0	0	0	0	0	0	nan	0	0	0	nan	nan	nan	nan	nan	nan
59	A	0	228371	0	nan	10	3	228371	0	0	0	nan	0	0	0	0	0	0	nan	0	0	0	nan	nan	nan	nan	nan	nan
60	G	0	228371	0	nan	10	3	228371	0	0	0	nan	0	0	0	0	0	0	nan	0	0	0	nan	nan	nan	nan	nan	nan
61	u	0	228371	0	nan	10	3	228371	0	0	0	nan	0	0	0	0	0	0	nan	0	0	0	nan	nan	nan	nan	nan	nan
62	a	0	228371	0	nan	10	3	228371	0	0	0	nan	0	0	0	0	0	0	nan	0	0	0	nan	nan	nan	nan	nan	nan
63	a	0	228371	0	nan	10	3	228371	0	0	0	nan	0	0	0	0	0	0	nan	0	0	0	nan	nan	nan	nan	nan	nan
64	a	0	228371	0	nan	10	3	228371	0	0	0	nan	0	0	0	0	0	0	nan	0	0	0	nan	nan	nan	nan	nan	nan
65	g	0	228371	0	nan	10	3	228371	0	0	0	nan	0	0	0	0	0	0	nan	0	0	0	nan	nan	nan	nan	nan	nan
66	g	0	228371	0	nan	9	3	228371	0	0	0	nan	0	0	0	0	0	0	nan	0	0	0	nan	nan	nan	nan	nan	nan
67	u	0	228371	0	nan	8	3	228371	0	0	0	nan	0	0	0	0	0	0	nan	0	0	0	nan	nan	nan	nan	nan	nan
68	a	0	228371	0	nan	7	3	228371	0	0	0	nan	0	0	0	0	0	0	nan	0	0	0	nan	nan	nan	nan	nan	nan
69	a	0	228371	0	nan	7	3	228371	0	0	0	nan	0	0	0	0	0	0	nan	0	0	0	nan	nan	nan	nan	nan	nan
70	u	0	228371	0	nan	7	3	228371	0	0	0	nan	0	0	0	0	0	0	nan	0	0	0	nan	nan	nan	nan	nan	nan
71	g	0	228369	0	nan	7	3	228369	0	0	0	nan	0	0	0	0	0	0	nan	0	0	0	nan	nan	nan	nan	nan	nan
72	a	0	228365	0	nan	7	3	228365	0	0	0	nan	0	0	0	0	0	0	nan	0	0	0	nan	nan	nan	nan	nan	nan
73	a	0	228365	0	nan	7	3	228365	0	0	0	nan	0	0	0	0	0	0	nan	0	0	0	nan	nan	nan	nan	nan	nan
74	g	0	228365	0	nan	7	3	228365	0	0	0	nan	0	0	0	0	0	0	nan	0	0	0	nan	nan	nan	nan	nan	nan
75	g	0	228365	0	nan	7	3	228365	0	0	0	nan	0	0	0	0	0	0	nan	0	0	0	nan	nan	nan	nan	nan	nan
76	u	0	228362	0	nan	7	3	228362	0	0	0	nan	0	0	0	0	0	0	nan	0	0	0	nan	nan	nan	nan	nan	nan
77	g	0	228359	0	nan	7	3	228359	0	0	0	nan	0	0	0	0	0	0	nan	0	0	0	nan	nan	nan	nan	nan	nan
78	a	0	228353	0	nan	7	3	228353	0	0	0	nan	0	0	0	0	0	0	nan	0	0	0	nan	nan	nan	nan	nan	nan
79	a	0	228318	0	nan	7	3	228318	0	0	0	nan	0	0	0	0	0	0	nan	0	0	0	nan	nan	nan	nan	nan	nan
80	g	0	228181	0	nan	7	3	228181	0	0	0	nan	0	0	0	0	0	0	nan	0	0	0	nan	nan	nan	nan	nan	nan