Nucleotide	Sequence	Modified_mutations	Modified_read_depth	Modified_effective_depth	Modified_rate	Modified_off_target_mapped_depth	Modified_low_mapq_mapped_depth	Modified_primer_pair_1_mapped_depth	Untreated_mutations	Untreated_read_depth	Untreated_effective_depth	Untreated_rate	Untreated_off_target_mapped_depth	Untreated_low_mapq_mapped_depth	Untreated_primer_pair_1_mapped_depth	Denatured_mutations	Denatured_read_depth	Denatured_effective_depth	Denatured_rate	Denatured_off_target_mapped_depth	Denatured_low_mapq_mapped_depth	Denatured_primer_pair_1_mapped_depth	Reactivity_profile	Std_err	HQ_profile	HQ_stderr	Norm_profile	Norm_stderr
1	g	0	434348	0	nan	1	2	434348	0	0	0	nan	0	0	0	0	0	0	nan	0	0	0	nan	nan	nan	nan	nan	nan
2	g	0	435181	0	nan	1	2	435181	0	0	0	nan	0	0	0	0	0	0	nan	0	0	0	nan	nan	nan	nan	nan	nan
3	u	0	435404	0	nan	1	2	435404	0	0	0	nan	0	0	0	0	0	0	nan	0	0	0	nan	nan	nan	nan	nan	nan
4	g	0	435510	0	nan	1	2	435510	0	0	0	nan	0	0	0	0	0	0	nan	0	0	0	nan	nan	nan	nan	nan	nan
5	u	0	435673	0	nan	1	2	435673	0	0	0	nan	0	0	0	0	0	0	nan	0	0	0	nan	nan	nan	nan	nan	nan
6	a	0	435680	0	nan	1	2	435680	0	0	0	nan	0	0	0	0	0	0	nan	0	0	0	nan	nan	nan	nan	nan	nan
7	a	0	435690	0	nan	1	2	435690	0	0	0	nan	0	0	0	0	0	0	nan	0	0	0	nan	nan	nan	nan	nan	nan
8	g	0	435695	0	nan	1	2	435695	0	0	0	nan	0	0	0	0	0	0	nan	0	0	0	nan	nan	nan	nan	nan	nan
9	g	0	435742	0	nan	1	2	435742	0	0	0	nan	0	0	0	0	0	0	nan	0	0	0	nan	nan	nan	nan	nan	nan
10	g	0	449959	0	nan	1	2	449959	0	0	0	nan	0	0	0	0	0	0	nan	0	0	0	nan	nan	nan	nan	nan	nan
11	u	0	450066	0	nan	1	2	450066	0	0	0	nan	0	0	0	0	0	0	nan	0	0	0	nan	nan	nan	nan	nan	nan
12	g	0	450239	0	nan	1	2	450239	0	0	0	nan	0	0	0	0	0	0	nan	0	0	0	nan	nan	nan	nan	nan	nan
13	a	0	450250	0	nan	1	2	450250	0	0	0	nan	0	0	0	0	0	0	nan	0	0	0	nan	nan	nan	nan	nan	nan
14	a	0	450255	0	nan	2	2	450255	0	0	0	nan	0	0	0	0	0	0	nan	0	0	0	nan	nan	nan	nan	nan	nan
15	g	0	450255	0	nan	9	2	450255	0	0	0	nan	0	0	0	0	0	0	nan	0	0	0	nan	nan	nan	nan	nan	nan
16	u	0	450297	0	nan	10	2	450297	0	0	0	nan	0	0	0	0	0	0	nan	0	0	0	nan	nan	nan	nan	nan	nan
17	g	0	450327	0	nan	11	2	450327	0	0	0	nan	0	0	0	0	0	0	nan	0	0	0	nan	nan	nan	nan	nan	nan
18	u	0	450374	0	nan	12	2	450374	0	0	0	nan	0	0	0	0	0	0	nan	0	0	0	nan	nan	nan	nan	nan	nan
19	a	0	450426	0	nan	14	2	450426	0	0	0	nan	0	0	0	0	0	0	nan	0	0	0	nan	nan	nan	nan	nan	nan
20	A	0	450463	27	0.000000	14	2	450463	0	0	0	nan	0	0	0	0	0	0	nan	0	0	0	0.000000	0.000000	nan	nan	nan	nan
21	G	0	450492	44	0.000000	16	2	450492	0	0	0	nan	0	0	0	0	0	0	nan	0	0	0	0.000000	0.000000	nan	nan	nan	nan
22	G	0	450519	55	0.000000	16	2	450519	0	0	0	nan	0	0	0	0	0	0	nan	0	0	0	0.000000	0.000000	nan	nan	nan	nan
23	U	0	450540	449076	0.000000	22	2	450540	0	0	0	nan	0	0	0	0	0	0	nan	0	0	0	0.000000	0.000000	0.000000	0.000000	nan	nan
24	U	487	450553	448679	0.001085	22	2	450553	0	0	0	nan	0	0	0	0	0	0	nan	0	0	0	0.001085	0.000049	0.001085	0.000049	nan	nan
25	G	233	450565	448168	0.000520	22	2	450565	0	0	0	nan	0	0	0	0	0	0	nan	0	0	0	0.000520	0.000034	0.000520	0.000034	nan	nan
26	A	138	450571	446627	0.000309	23	2	450562	0	0	0	nan	0	0	0	0	0	0	nan	0	0	0	0.000309	0.000026	0.000309	0.000026	nan	nan
27	A	563	450584	446491	0.001261	25	2	450568	0	0	0	nan	0	0	0	0	0	0	nan	0	0	0	0.001261	0.000053	0.001261	0.000053	nan	nan
28	C	260	450617	446279	0.000583	25	2	450596	0	0	0	nan	0	0	0	0	0	0	nan	0	0	0	0.000583	0.000036	0.000583	0.000036	nan	nan
29	U	424	450682	447831	0.000947	26	2	450659	0	0	0	nan	0	0	0	0	0	0	nan	0	0	0	0.000947	0.000046	0.000947	0.000046	nan	nan
30	U	519	450806	448321	0.001158	26	2	450780	0	0	0	nan	0	0	0	0	0	0	nan	0	0	0	0.001158	0.000051	0.001158	0.000051	nan	nan
31	U	621	450861	448654	0.001384	26	2	450834	0	0	0	nan	0	0	0	0	0	0	nan	0	0	0	0.001384	0.000056	0.001384	0.000056	nan	nan
32	U	413	450916	449006	0.000920	27	2	450887	0	0	0	nan	0	0	0	0	0	0	nan	0	0	0	0.000920	0.000045	0.000920	0.000045	nan	nan
33	G	213	450998	448651	0.000475	27	2	450972	0	0	0	nan	0	0	0	0	0	0	nan	0	0	0	0.000475	0.000033	0.000475	0.000033	nan	nan
34	A	211	451043	449185	0.000470	28	2	451019	0	0	0	nan	0	0	0	0	0	0	nan	0	0	0	0.000470	0.000032	0.000470	0.000032	nan	nan
35	A	220	451076	448979	0.000490	29	2	451056	0	0	0	nan	0	0	0	0	0	0	nan	0	0	0	0.000490	0.000033	0.000490	0.000033	nan	nan
36	U	303	451104	449184	0.000675	29	2	451084	0	0	0	nan	0	0	0	0	0	0	nan	0	0	0	0.000675	0.000039	0.000675	0.000039	nan	nan
37	A	233	451127	449290	0.000519	29	2	451104	0	0	0	nan	0	0	0	0	0	0	nan	0	0	0	0.000519	0.000034	0.000519	0.000034	nan	nan
38	G	331	451185	448941	0.000737	29	2	451163	0	0	0	nan	0	0	0	0	0	0	nan	0	0	0	0.000737	0.000041	0.000737	0.000041	nan	nan
39	U	407	451251	449975	0.000904	29	2	451232	0	0	0	nan	0	0	0	0	0	0	nan	0	0	0	0.000904	0.000045	0.000904	0.000045	nan	nan
40	G	446	451280	449699	0.000992	29	2	451263	0	0	0	nan	0	0	0	0	0	0	nan	0	0	0	0.000992	0.000047	0.000992	0.000047	nan	nan
41	A	368	451407	449538	0.000819	30	2	451390	0	0	0	nan	0	0	0	0	0	0	nan	0	0	0	0.000819	0.000043	0.000819	0.000043	nan	nan
42	U	787	451462	448992	0.001753	30	2	451450	0	0	0	nan	0	0	0	0	0	0	nan	0	0	0	0.001753	0.000062	0.001753	0.000062	nan	nan
43	U	605	451548	449003	0.001347	31	2	451536	0	0	0	nan	0	0	0	0	0	0	nan	0	0	0	0.001347	0.000055	0.001347	0.000055	nan	nan
44	C	545	451600	449359	0.001213	32	2	451590	0	0	0	nan	0	0	0	0	0	0	nan	0	0	0	0.001213	0.000052	0.001213	0.000052	nan	nan
45	A	369	451650	449899	0.000820	31	2	451641	0	0	0	nan	0	0	0	0	0	0	nan	0	0	0	0.000820	0.000043	0.000820	0.000043	nan	nan
46	G	287	451688	450017	0.000638	31	2	451682	0	0	0	nan	0	0	0	0	0	0	nan	0	0	0	0.000638	0.000038	0.000638	0.000038	nan	nan
47	G	261	451807	450567	0.000579	31	2	451802	0	0	0	nan	0	0	0	0	0	0	nan	0	0	0	0.000579	0.000036	0.000579	0.000036	nan	nan
48	A	225	451842	450798	0.000499	31	2	451838	0	0	0	nan	0	0	0	0	0	0	nan	0	0	0	0.000499	0.000033	0.000499	0.000033	nan	nan
49	G	162	451859	450520	0.000360	31	2	451858	0	0	0	nan	0	0	0	0	0	0	nan	0	0	0	0.000360	0.000028	0.000360	0.000028	nan	nan
50	G	221	451866	449699	0.000491	32	2	451866	0	0	0	nan	0	0	0	0	0	0	nan	0	0	0	0.000491	0.000033	0.000491	0.000033	nan	nan
51	U	474	451879	449550	0.001054	32	2	451879	0	0	0	nan	0	0	0	0	0	0	nan	0	0	0	0.001054	0.000048	0.001054	0.000048	nan	nan
52	U	351	451893	449278	0.000781	32	2	451893	0	0	0	nan	0	0	0	0	0	0	nan	0	0	0	0.000781	0.000042	0.000781	0.000042	nan	nan
53	A	156	451910	449818	0.000347	34	2	451910	0	0	0	nan	0	0	0	0	0	0	nan	0	0	0	0.000347	0.000028	0.000347	0.000028	nan	nan
54	A	220	451843	449634	0.000489	28	2	451834	0	0	0	nan	0	0	0	0	0	0	nan	0	0	0	0.000489	0.000033	0.000489	0.000033	nan	nan
55	U	391	451899	449524	0.000870	28	2	451891	0	0	0	nan	0	0	0	0	0	0	nan	0	0	0	0.000870	0.000044	0.000870	0.000044	nan	nan
56	G	320	451923	449479	0.000712	26	2	451917	0	0	0	nan	0	0	0	0	0	0	nan	0	0	0	0.000712	0.000040	0.000712	0.000040	nan	nan
57	G	0	451942	448770	0.000000	26	2	451940	0	0	0	nan	0	0	0	0	0	0	nan	0	0	0	0.000000	0.000000	0.000000	0.000000	nan	nan
58	A	0	451950	0	nan	26	2	451950	0	0	0	nan	0	0	0	0	0	0	nan	0	0	0	nan	nan	nan	nan	nan	nan
59	A	0	451950	0	nan	26	2	451950	0	0	0	nan	0	0	0	0	0	0	nan	0	0	0	nan	nan	nan	nan	nan	nan
60	G	0	451950	0	nan	26	2	451950	0	0	0	nan	0	0	0	0	0	0	nan	0	0	0	nan	nan	nan	nan	nan	nan
61	u	0	451950	0	nan	26	2	451950	0	0	0	nan	0	0	0	0	0	0	nan	0	0	0	nan	nan	nan	nan	nan	nan
62	a	0	451950	0	nan	26	2	451950	0	0	0	nan	0	0	0	0	0	0	nan	0	0	0	nan	nan	nan	nan	nan	nan
63	a	0	451950	0	nan	26	2	451950	0	0	0	nan	0	0	0	0	0	0	nan	0	0	0	nan	nan	nan	nan	nan	nan
64	a	0	451950	0	nan	26	2	451950	0	0	0	nan	0	0	0	0	0	0	nan	0	0	0	nan	nan	nan	nan	nan	nan
65	g	0	451950	0	nan	26	2	451950	0	0	0	nan	0	0	0	0	0	0	nan	0	0	0	nan	nan	nan	nan	nan	nan
66	g	0	451950	0	nan	26	2	451950	0	0	0	nan	0	0	0	0	0	0	nan	0	0	0	nan	nan	nan	nan	nan	nan
67	u	0	451950	0	nan	26	2	451950	0	0	0	nan	0	0	0	0	0	0	nan	0	0	0	nan	nan	nan	nan	nan	nan
68	a	0	451950	0	nan	25	2	451950	0	0	0	nan	0	0	0	0	0	0	nan	0	0	0	nan	nan	nan	nan	nan	nan
69	a	0	451950	0	nan	25	2	451950	0	0	0	nan	0	0	0	0	0	0	nan	0	0	0	nan	nan	nan	nan	nan	nan
70	u	0	451950	0	nan	25	2	451950	0	0	0	nan	0	0	0	0	0	0	nan	0	0	0	nan	nan	nan	nan	nan	nan
71	g	0	451949	0	nan	25	2	451949	0	0	0	nan	0	0	0	0	0	0	nan	0	0	0	nan	nan	nan	nan	nan	nan
72	a	0	451947	0	nan	25	2	451947	0	0	0	nan	0	0	0	0	0	0	nan	0	0	0	nan	nan	nan	nan	nan	nan
73	a	0	451947	0	nan	25	2	451947	0	0	0	nan	0	0	0	0	0	0	nan	0	0	0	nan	nan	nan	nan	nan	nan
74	g	0	451944	0	nan	25	2	451944	0	0	0	nan	0	0	0	0	0	0	nan	0	0	0	nan	nan	nan	nan	nan	nan
75	g	0	451936	0	nan	25	2	451936	0	0	0	nan	0	0	0	0	0	0	nan	0	0	0	nan	nan	nan	nan	nan	nan
76	u	0	451926	0	nan	25	2	451926	0	0	0	nan	0	0	0	0	0	0	nan	0	0	0	nan	nan	nan	nan	nan	nan
77	g	0	451924	0	nan	25	2	451924	0	0	0	nan	0	0	0	0	0	0	nan	0	0	0	nan	nan	nan	nan	nan	nan
78	a	0	451914	0	nan	25	2	451914	0	0	0	nan	0	0	0	0	0	0	nan	0	0	0	nan	nan	nan	nan	nan	nan
79	a	0	451809	0	nan	25	2	451809	0	0	0	nan	0	0	0	0	0	0	nan	0	0	0	nan	nan	nan	nan	nan	nan
80	g	0	451523	0	nan	25	2	451523	0	0	0	nan	0	0	0	0	0	0	nan	0	0	0	nan	nan	nan	nan	nan	nan