Nucleotide	Sequence	Modified_mutations	Modified_read_depth	Modified_effective_depth	Modified_rate	Modified_off_target_mapped_depth	Modified_low_mapq_mapped_depth	Modified_primer_pair_1_mapped_depth	Untreated_mutations	Untreated_read_depth	Untreated_effective_depth	Untreated_rate	Untreated_off_target_mapped_depth	Untreated_low_mapq_mapped_depth	Untreated_primer_pair_1_mapped_depth	Denatured_mutations	Denatured_read_depth	Denatured_effective_depth	Denatured_rate	Denatured_off_target_mapped_depth	Denatured_low_mapq_mapped_depth	Denatured_primer_pair_1_mapped_depth	Reactivity_profile	Std_err	HQ_profile	HQ_stderr	Norm_profile	Norm_stderr
1	g	0	884570	0	nan	0	50	884570	0	0	0	nan	0	0	0	0	0	0	nan	0	0	0	nan	nan	nan	nan	nan	nan
2	g	0	885204	0	nan	0	50	885204	0	0	0	nan	0	0	0	0	0	0	nan	0	0	0	nan	nan	nan	nan	nan	nan
3	u	0	885481	0	nan	0	50	885481	0	0	0	nan	0	0	0	0	0	0	nan	0	0	0	nan	nan	nan	nan	nan	nan
4	g	0	885553	0	nan	0	50	885553	0	0	0	nan	0	0	0	0	0	0	nan	0	0	0	nan	nan	nan	nan	nan	nan
5	u	0	885685	0	nan	0	50	885685	0	0	0	nan	0	0	0	0	0	0	nan	0	0	0	nan	nan	nan	nan	nan	nan
6	a	0	885694	0	nan	0	50	885694	0	0	0	nan	0	0	0	0	0	0	nan	0	0	0	nan	nan	nan	nan	nan	nan
7	a	0	885726	0	nan	0	50	885726	0	0	0	nan	0	0	0	0	0	0	nan	0	0	0	nan	nan	nan	nan	nan	nan
8	g	0	885813	0	nan	0	50	885813	0	0	0	nan	0	0	0	0	0	0	nan	0	0	0	nan	nan	nan	nan	nan	nan
9	g	0	887062	0	nan	0	50	887062	0	0	0	nan	0	0	0	0	0	0	nan	0	0	0	nan	nan	nan	nan	nan	nan
10	g	0	1057352	0	nan	0	50	1057352	0	0	0	nan	0	0	0	0	0	0	nan	0	0	0	nan	nan	nan	nan	nan	nan
11	u	0	1059103	0	nan	0	50	1059103	0	0	0	nan	0	0	0	0	0	0	nan	0	0	0	nan	nan	nan	nan	nan	nan
12	g	0	1059948	0	nan	0	50	1059948	0	0	0	nan	0	0	0	0	0	0	nan	0	0	0	nan	nan	nan	nan	nan	nan
13	a	0	1060048	0	nan	0	50	1060048	0	0	0	nan	0	0	0	0	0	0	nan	0	0	0	nan	nan	nan	nan	nan	nan
14	a	0	1060055	0	nan	0	50	1060055	0	0	0	nan	0	0	0	0	0	0	nan	0	0	0	nan	nan	nan	nan	nan	nan
15	g	0	1060063	0	nan	8	50	1060063	0	0	0	nan	0	0	0	0	0	0	nan	0	0	0	nan	nan	nan	nan	nan	nan
16	u	0	1060113	0	nan	8	50	1060113	0	0	0	nan	0	0	0	0	0	0	nan	0	0	0	nan	nan	nan	nan	nan	nan
17	g	0	1060202	0	nan	8	50	1060202	0	0	0	nan	0	0	0	0	0	0	nan	0	0	0	nan	nan	nan	nan	nan	nan
18	u	0	1060356	0	nan	8	50	1060356	0	0	0	nan	0	0	0	0	0	0	nan	0	0	0	nan	nan	nan	nan	nan	nan
19	a	0	1060651	0	nan	8	50	1060651	0	0	0	nan	0	0	0	0	0	0	nan	0	0	0	nan	nan	nan	nan	nan	nan
20	A	0	1061218	550	0.000000	9	50	1061218	0	0	0	nan	0	0	0	0	0	0	nan	0	0	0	0.000000	0.000000	nan	nan	nan	nan
21	G	0	1061825	1115	0.000000	9	50	1061825	0	0	0	nan	0	0	0	0	0	0	nan	0	0	0	0.000000	0.000000	nan	nan	nan	nan
22	G	0	1062289	1541	0.000000	9	50	1062289	0	0	0	nan	0	0	0	0	0	0	nan	0	0	0	0.000000	0.000000	nan	nan	nan	nan
23	U	0	1062349	1059911	0.000000	9	50	1062349	0	0	0	nan	0	0	0	0	0	0	nan	0	0	0	0.000000	0.000000	0.000000	0.000000	nan	nan
24	U	1074	1062355	1059897	0.001013	9	50	1062355	0	0	0	nan	0	0	0	0	0	0	nan	0	0	0	0.001013	0.000031	0.001013	0.000031	nan	nan
25	G	544	1062358	1058603	0.000514	9	50	1062358	0	0	0	nan	0	0	0	0	0	0	nan	0	0	0	0.000514	0.000022	0.000514	0.000022	nan	nan
26	A	10095	1062358	1052587	0.009591	9	50	1062356	0	0	0	nan	0	0	0	0	0	0	nan	0	0	0	0.009591	0.000095	0.009591	0.000095	0.995640	0.009862
27	A	11585	1062359	1051822	0.011014	9	50	1062356	0	0	0	nan	0	0	0	0	0	0	nan	0	0	0	0.011014	0.000102	0.011014	0.000102	1.143361	0.010589
28	C	1030	1062363	1050981	0.000980	10	50	1062359	0	0	0	nan	0	0	0	0	0	0	nan	0	0	0	0.000980	0.000031	0.000980	0.000031	nan	nan
29	U	936	1062370	1056820	0.000886	10	50	1062366	0	0	0	nan	0	0	0	0	0	0	nan	0	0	0	0.000886	0.000029	0.000886	0.000029	nan	nan
30	U	1011	1062401	1057231	0.000956	10	50	1062394	0	0	0	nan	0	0	0	0	0	0	nan	0	0	0	0.000956	0.000030	0.000956	0.000030	nan	nan
31	U	1244	1062432	1058528	0.001175	10	50	1062424	0	0	0	nan	0	0	0	0	0	0	nan	0	0	0	0.001175	0.000033	0.001175	0.000033	nan	nan
32	U	912	1062496	1059761	0.000861	10	50	1062486	0	0	0	nan	0	0	0	0	0	0	nan	0	0	0	0.000861	0.000028	0.000861	0.000028	nan	nan
33	G	414	1062667	1058139	0.000391	10	50	1062654	0	0	0	nan	0	0	0	0	0	0	nan	0	0	0	0.000391	0.000019	0.000391	0.000019	nan	nan
34	A	2676	1062758	1059571	0.002526	10	50	1062745	0	0	0	nan	0	0	0	0	0	0	nan	0	0	0	0.002526	0.000049	0.002526	0.000049	0.262224	0.005087
35	A	2473	1062764	1058616	0.002336	10	50	1062752	0	0	0	nan	0	0	0	0	0	0	nan	0	0	0	0.002336	0.000047	0.002336	0.000047	0.242500	0.004879
36	U	687	1062768	1056142	0.000650	10	50	1062754	0	0	0	nan	0	0	0	0	0	0	nan	0	0	0	0.000650	0.000025	0.000650	0.000025	nan	nan
37	A	44312	1062770	1055775	0.041971	10	50	1062756	0	0	0	nan	0	0	0	0	0	0	nan	0	0	0	0.041971	0.000199	0.041971	0.000199	4.357002	0.020658
38	G	714	1062786	1051624	0.000679	10	51	1062773	0	0	0	nan	0	0	0	0	0	0	nan	0	0	0	0.000679	0.000025	0.000679	0.000025	nan	nan
39	U	1368	1062792	1058948	0.001292	11	51	1062778	0	0	0	nan	0	0	0	0	0	0	nan	0	0	0	0.001292	0.000035	0.001292	0.000035	nan	nan
40	G	1112	1062807	1056986	0.001052	11	51	1062793	0	0	0	nan	0	0	0	0	0	0	nan	0	0	0	0.001052	0.000032	0.001052	0.000032	nan	nan
41	A	8491	1062816	1058982	0.008018	11	51	1062805	0	0	0	nan	0	0	0	0	0	0	nan	0	0	0	0.008018	0.000087	0.008018	0.000087	0.832347	0.009031
42	U	1556	1062832	1057917	0.001471	11	51	1062823	0	0	0	nan	0	0	0	0	0	0	nan	0	0	0	0.001471	0.000037	0.001471	0.000037	nan	nan
43	U	1180	1062856	1058350	0.001115	11	51	1062847	0	0	0	nan	0	0	0	0	0	0	nan	0	0	0	0.001115	0.000032	0.001115	0.000032	nan	nan
44	C	1595	1062864	1058665	0.001507	11	51	1062856	0	0	0	nan	0	0	0	0	0	0	nan	0	0	0	0.001507	0.000038	0.001507	0.000038	nan	nan
45	A	2648	1062889	1059937	0.002498	11	54	1062880	0	0	0	nan	0	0	0	0	0	0	nan	0	0	0	0.002498	0.000049	0.002498	0.000049	0.259317	0.005087
46	G	588	1062947	1059319	0.000555	11	54	1062940	0	0	0	nan	0	0	0	0	0	0	nan	0	0	0	0.000555	0.000023	0.000555	0.000023	nan	nan
47	G	590	1062953	1059792	0.000557	11	54	1062947	0	0	0	nan	0	0	0	0	0	0	nan	0	0	0	0.000557	0.000023	0.000557	0.000023	nan	nan
48	A	1542	1062957	1060798	0.001454	12	54	1062952	0	0	0	nan	0	0	0	0	0	0	nan	0	0	0	0.001454	0.000037	0.001454	0.000037	0.150939	0.003841
49	G	478	1062979	1059150	0.000451	13	54	1062977	0	0	0	nan	0	0	0	0	0	0	nan	0	0	0	0.000451	0.000021	0.000451	0.000021	nan	nan
50	G	740	1062992	1058573	0.000699	13	54	1062991	0	0	0	nan	0	0	0	0	0	0	nan	0	0	0	0.000699	0.000026	0.000699	0.000026	nan	nan
51	U	1061	1062997	1059675	0.001001	13	54	1062996	0	0	0	nan	0	0	0	0	0	0	nan	0	0	0	0.001001	0.000031	0.001001	0.000031	nan	nan
52	U	1037	1062999	1058778	0.000979	13	54	1062999	0	0	0	nan	0	0	0	0	0	0	nan	0	0	0	0.000979	0.000030	0.000979	0.000030	nan	nan
53	A	10205	1062998	1057793	0.009647	13	54	1062996	0	0	0	nan	0	0	0	0	0	0	nan	0	0	0	0.009647	0.000096	0.009647	0.000096	1.001453	0.009966
54	A	9499	1062272	1056688	0.008989	13	54	1062265	0	0	0	nan	0	0	0	0	0	0	nan	0	0	0	0.008989	0.000092	0.008989	0.000092	0.933146	0.009551
55	U	1601	1062276	1056794	0.001515	13	54	1062272	0	0	0	nan	0	0	0	0	0	0	nan	0	0	0	0.001515	0.000038	0.001515	0.000038	nan	nan
56	G	940	1062282	1057166	0.000889	12	54	1062281	0	0	0	nan	0	0	0	0	0	0	nan	0	0	0	0.000889	0.000029	0.000889	0.000029	nan	nan
57	G	0	1062285	1058559	0.000000	12	54	1062284	0	0	0	nan	0	0	0	0	0	0	nan	0	0	0	0.000000	0.000000	0.000000	0.000000	nan	nan
58	A	0	1062286	0	nan	12	54	1062286	0	0	0	nan	0	0	0	0	0	0	nan	0	0	0	nan	nan	nan	nan	nan	nan
59	A	0	1062286	0	nan	12	54	1062286	0	0	0	nan	0	0	0	0	0	0	nan	0	0	0	nan	nan	nan	nan	nan	nan
60	G	0	1062286	0	nan	12	54	1062286	0	0	0	nan	0	0	0	0	0	0	nan	0	0	0	nan	nan	nan	nan	nan	nan
61	u	0	1062286	0	nan	12	54	1062286	0	0	0	nan	0	0	0	0	0	0	nan	0	0	0	nan	nan	nan	nan	nan	nan
62	a	0	1062286	0	nan	12	54	1062286	0	0	0	nan	0	0	0	0	0	0	nan	0	0	0	nan	nan	nan	nan	nan	nan
63	a	0	1062286	0	nan	12	54	1062286	0	0	0	nan	0	0	0	0	0	0	nan	0	0	0	nan	nan	nan	nan	nan	nan
64	a	0	1062286	0	nan	12	54	1062286	0	0	0	nan	0	0	0	0	0	0	nan	0	0	0	nan	nan	nan	nan	nan	nan
65	g	0	1062286	0	nan	12	54	1062286	0	0	0	nan	0	0	0	0	0	0	nan	0	0	0	nan	nan	nan	nan	nan	nan
66	g	0	1062286	0	nan	12	54	1062286	0	0	0	nan	0	0	0	0	0	0	nan	0	0	0	nan	nan	nan	nan	nan	nan
67	u	0	1062286	0	nan	12	54	1062286	0	0	0	nan	0	0	0	0	0	0	nan	0	0	0	nan	nan	nan	nan	nan	nan
68	a	0	1062286	0	nan	12	54	1062286	0	0	0	nan	0	0	0	0	0	0	nan	0	0	0	nan	nan	nan	nan	nan	nan
69	a	0	1062286	0	nan	12	54	1062286	0	0	0	nan	0	0	0	0	0	0	nan	0	0	0	nan	nan	nan	nan	nan	nan
70	u	0	1062286	0	nan	12	54	1062286	0	0	0	nan	0	0	0	0	0	0	nan	0	0	0	nan	nan	nan	nan	nan	nan
71	g	0	1062285	0	nan	12	54	1062285	0	0	0	nan	0	0	0	0	0	0	nan	0	0	0	nan	nan	nan	nan	nan	nan
72	a	0	1062273	0	nan	12	54	1062273	0	0	0	nan	0	0	0	0	0	0	nan	0	0	0	nan	nan	nan	nan	nan	nan
73	a	0	1062269	0	nan	12	54	1062269	0	0	0	nan	0	0	0	0	0	0	nan	0	0	0	nan	nan	nan	nan	nan	nan
74	g	0	1062268	0	nan	12	54	1062268	0	0	0	nan	0	0	0	0	0	0	nan	0	0	0	nan	nan	nan	nan	nan	nan
75	g	0	1062263	0	nan	12	54	1062263	0	0	0	nan	0	0	0	0	0	0	nan	0	0	0	nan	nan	nan	nan	nan	nan
76	u	0	1062244	0	nan	12	54	1062244	0	0	0	nan	0	0	0	0	0	0	nan	0	0	0	nan	nan	nan	nan	nan	nan
77	g	0	1062232	0	nan	12	54	1062232	0	0	0	nan	0	0	0	0	0	0	nan	0	0	0	nan	nan	nan	nan	nan	nan
78	a	0	1062184	0	nan	12	54	1062184	0	0	0	nan	0	0	0	0	0	0	nan	0	0	0	nan	nan	nan	nan	nan	nan
79	a	0	1061985	0	nan	12	54	1061985	0	0	0	nan	0	0	0	0	0	0	nan	0	0	0	nan	nan	nan	nan	nan	nan
80	g	0	1061366	0	nan	12	54	1061366	0	0	0	nan	0	0	0	0	0	0	nan	0	0	0	nan	nan	nan	nan	nan	nan