Nucleotide	Sequence	Modified_mutations	Modified_read_depth	Modified_effective_depth	Modified_rate	Modified_off_target_mapped_depth	Modified_low_mapq_mapped_depth	Modified_primer_pair_1_mapped_depth	Untreated_mutations	Untreated_read_depth	Untreated_effective_depth	Untreated_rate	Untreated_off_target_mapped_depth	Untreated_low_mapq_mapped_depth	Untreated_primer_pair_1_mapped_depth	Denatured_mutations	Denatured_read_depth	Denatured_effective_depth	Denatured_rate	Denatured_off_target_mapped_depth	Denatured_low_mapq_mapped_depth	Denatured_primer_pair_1_mapped_depth	Reactivity_profile	Std_err	HQ_profile	HQ_stderr	Norm_profile	Norm_stderr
1	g	0	89637	0	nan	10	2	89637	0	0	0	nan	0	0	0	0	0	0	nan	0	0	0	nan	nan	nan	nan	nan	nan
2	g	0	89706	0	nan	10	2	89706	0	0	0	nan	0	0	0	0	0	0	nan	0	0	0	nan	nan	nan	nan	nan	nan
3	a	0	89745	0	nan	10	2	89745	0	0	0	nan	0	0	0	0	0	0	nan	0	0	0	nan	nan	nan	nan	nan	nan
4	u	0	89749	0	nan	10	2	89749	0	0	0	nan	0	0	0	0	0	0	nan	0	0	0	nan	nan	nan	nan	nan	nan
5	a	0	89760	0	nan	10	2	89760	0	0	0	nan	0	0	0	0	0	0	nan	0	0	0	nan	nan	nan	nan	nan	nan
6	a	0	89761	0	nan	10	2	89761	0	0	0	nan	0	0	0	0	0	0	nan	0	0	0	nan	nan	nan	nan	nan	nan
7	u	0	89763	0	nan	10	2	89763	0	0	0	nan	0	0	0	0	0	0	nan	0	0	0	nan	nan	nan	nan	nan	nan
8	c	0	89766	0	nan	10	2	89766	0	0	0	nan	0	0	0	0	0	0	nan	0	0	0	nan	nan	nan	nan	nan	nan
9	c	0	89766	0	nan	10	2	89766	0	0	0	nan	0	0	0	0	0	0	nan	0	0	0	nan	nan	nan	nan	nan	nan
10	a	0	89766	0	nan	10	2	89766	0	0	0	nan	0	0	0	0	0	0	nan	0	0	0	nan	nan	nan	nan	nan	nan
11	a	0	89766	0	nan	10	2	89766	0	0	0	nan	0	0	0	0	0	0	nan	0	0	0	nan	nan	nan	nan	nan	nan
12	a	0	89766	0	nan	10	2	89766	0	0	0	nan	0	0	0	0	0	0	nan	0	0	0	nan	nan	nan	nan	nan	nan
13	a	0	89766	0	nan	10	2	89766	0	0	0	nan	0	0	0	0	0	0	nan	0	0	0	nan	nan	nan	nan	nan	nan
14	c	0	89766	0	nan	10	2	89766	0	0	0	nan	0	0	0	0	0	0	nan	0	0	0	nan	nan	nan	nan	nan	nan
15	a	0	89766	0	nan	10	2	89766	0	0	0	nan	0	0	0	0	0	0	nan	0	0	0	nan	nan	nan	nan	nan	nan
16	a	0	89766	0	nan	10	2	89766	0	0	0	nan	0	0	0	0	0	0	nan	0	0	0	nan	nan	nan	nan	nan	nan
17	c	0	89766	0	nan	10	2	89766	0	0	0	nan	0	0	0	0	0	0	nan	0	0	0	nan	nan	nan	nan	nan	nan
18	a	0	89766	0	nan	10	2	89766	0	0	0	nan	0	0	0	0	0	0	nan	0	0	0	nan	nan	nan	nan	nan	nan
19	a	0	89766	0	nan	10	2	89766	0	0	0	nan	0	0	0	0	0	0	nan	0	0	0	nan	nan	nan	nan	nan	nan
20	c	0	89766	0	nan	10	2	89766	0	0	0	nan	0	0	0	0	0	0	nan	0	0	0	nan	nan	nan	nan	nan	nan
21	c	0	89766	0	nan	10	2	89766	0	0	0	nan	0	0	0	0	0	0	nan	0	0	0	nan	nan	nan	nan	nan	nan
22	A	0	89766	0	nan	10	2	89766	0	0	0	nan	0	0	0	0	0	0	nan	0	0	0	nan	nan	nan	nan	nan	nan
23	A	0	89766	0	nan	10	2	89766	0	0	0	nan	0	0	0	0	0	0	nan	0	0	0	nan	nan	nan	nan	nan	nan
24	A	0	89766	0	nan	10	2	89766	0	0	0	nan	0	0	0	0	0	0	nan	0	0	0	nan	nan	nan	nan	nan	nan
25	G	0	89766	75291	0.000000	10	2	89766	0	0	0	nan	0	0	0	0	0	0	nan	0	0	0	0.000000	0.000000	0.000000	0.000000	nan	nan
26	G	44	89765	67797	0.000649	10	2	89764	0	0	0	nan	0	0	0	0	0	0	nan	0	0	0	0.000649	0.000098	0.000649	0.000098	nan	nan
27	A	782	89764	67012	0.011670	10	2	89760	0	0	0	nan	0	0	0	0	0	0	nan	0	0	0	0.011670	0.000417	0.011670	0.000417	0.733409	0.026207
28	A	494	89762	66186	0.007464	10	2	89756	0	0	0	nan	0	0	0	0	0	0	nan	0	0	0	0.007464	0.000336	0.007464	0.000336	0.469080	0.021116
29	U	192	89762	80286	0.002391	10	2	89752	0	0	0	nan	0	0	0	0	0	0	nan	0	0	0	0.002391	0.000173	0.002391	0.000173	0.766715	0.055475
30	U	155	89756	82053	0.001889	10	2	89715	0	0	0	nan	0	0	0	0	0	0	nan	0	0	0	0.001889	0.000152	0.001889	0.000152	0.605740	0.048741
31	G	39	89756	83781	0.000465	10	2	89704	0	0	0	nan	0	0	0	0	0	0	nan	0	0	0	0.000465	0.000075	0.000465	0.000075	nan	nan
32	C	619	89755	84513	0.007324	10	2	89692	0	0	0	nan	0	0	0	0	0	0	nan	0	0	0	0.007324	0.000294	0.007324	0.000294	0.787696	0.031620
33	G	45	89755	83470	0.000539	10	2	89676	0	0	0	nan	0	0	0	0	0	0	nan	0	0	0	0.000539	0.000080	0.000539	0.000080	nan	nan
34	G	27	89754	83560	0.000323	10	2	89653	0	0	0	nan	0	0	0	0	0	0	nan	0	0	0	0.000323	0.000062	0.000323	0.000062	nan	nan
35	G	23	89752	74744	0.000308	10	2	89634	0	0	0	nan	0	0	0	0	0	0	nan	0	0	0	0.000308	0.000064	0.000308	0.000064	nan	nan
36	A	371	89751	70331	0.005275	10	2	89611	0	0	0	nan	0	0	0	0	0	0	nan	0	0	0	0.005275	0.000274	0.005275	0.000274	0.331511	0.017220
37	A	1079	89750	67254	0.016044	10	2	89582	0	0	0	nan	0	0	0	0	0	0	nan	0	0	0	0.016044	0.000488	0.016044	0.000488	1.008296	0.030669
38	A	1177	89750	74590	0.015780	10	2	89568	0	0	0	nan	0	0	0	0	0	0	nan	0	0	0	0.015780	0.000460	0.015780	0.000460	0.991704	0.028909
39	G	49	89750	79280	0.000618	10	2	89563	0	0	0	nan	0	0	0	0	0	0	nan	0	0	0	0.000618	0.000088	0.000618	0.000088	nan	nan
40	G	28	89750	81690	0.000343	10	2	89557	0	0	0	nan	0	0	0	0	0	0	nan	0	0	0	0.000343	0.000065	0.000343	0.000065	nan	nan
41	G	31	89749	81508	0.000380	10	2	89555	0	0	0	nan	0	0	0	0	0	0	nan	0	0	0	0.000380	0.000068	0.000380	0.000068	nan	nan
42	G	52	89748	82864	0.000628	10	2	89538	0	0	0	nan	0	0	0	0	0	0	nan	0	0	0	0.000628	0.000087	0.000628	0.000087	nan	nan
43	U	113	89748	84081	0.001344	10	2	89529	0	0	0	nan	0	0	0	0	0	0	nan	0	0	0	0.001344	0.000126	0.001344	0.000126	0.430976	0.040404
44	C	245	89748	78271	0.003130	10	2	89513	0	0	0	nan	0	0	0	0	0	0	nan	0	0	0	0.003130	0.000200	0.003130	0.000200	0.336632	0.021510
45	A	780	89748	72447	0.010766	10	2	89492	0	0	0	nan	0	0	0	0	0	0	nan	0	0	0	0.010766	0.000386	0.010766	0.000386	0.676596	0.024258
46	A	365	89748	73086	0.004994	10	2	89484	0	0	0	nan	0	0	0	0	0	0	nan	0	0	0	0.004994	0.000261	0.004994	0.000261	0.313851	0.016403
47	C	1028	89748	76829	0.013380	10	2	89481	0	0	0	nan	0	0	0	0	0	0	nan	0	0	0	0.013380	0.000417	0.013380	0.000417	1.439019	0.044848
48	A	1042	89748	82640	0.012609	10	2	89473	0	0	0	nan	0	0	0	0	0	0	nan	0	0	0	0.012609	0.000391	0.012609	0.000391	0.792421	0.024573
49	G	44	89748	82297	0.000535	10	2	89469	0	0	0	nan	0	0	0	0	0	0	nan	0	0	0	0.000535	0.000081	0.000535	0.000081	nan	nan
50	C	61	89748	80617	0.000757	10	2	89461	0	0	0	nan	0	0	0	0	0	0	nan	0	0	0	0.000757	0.000097	0.000757	0.000097	0.081415	0.010432
51	C	76	89747	80285	0.000947	10	2	89452	0	0	0	nan	0	0	0	0	0	0	nan	0	0	0	0.000947	0.000109	0.000947	0.000109	0.101850	0.011723
52	G	60	89747	77945	0.000770	10	2	89446	0	0	0	nan	0	0	0	0	0	0	nan	0	0	0	0.000770	0.000099	0.000770	0.000099	nan	nan
53	U	276	89748	80871	0.003413	10	2	89443	0	0	0	nan	0	0	0	0	0	0	nan	0	0	0	0.003413	0.000205	0.003413	0.000205	1.094436	0.065737
54	U	150	89748	80031	0.001874	10	2	89437	0	0	0	nan	0	0	0	0	0	0	nan	0	0	0	0.001874	0.000153	0.001874	0.000153	0.600930	0.049062
55	C	127	89745	82590	0.001538	10	2	89432	0	0	0	nan	0	0	0	0	0	0	nan	0	0	0	0.001538	0.000136	0.001538	0.000136	0.165412	0.014627
56	A	171	89744	83023	0.002060	10	2	89420	0	0	0	nan	0	0	0	0	0	0	nan	0	0	0	0.002060	0.000158	0.002060	0.000158	0.129462	0.009930
57	G	47	89744	84324	0.000557	10	2	89420	0	0	0	nan	0	0	0	0	0	0	nan	0	0	0	0.000557	0.000081	0.000557	0.000081	nan	nan
58	U	59	89742	83448	0.000707	10	2	89417	0	0	0	nan	0	0	0	0	0	0	nan	0	0	0	0.000707	0.000092	0.000707	0.000092	0.226712	0.029501
59	A	276	89743	83160	0.003319	10	2	89417	0	0	0	nan	0	0	0	0	0	0	nan	0	0	0	0.003319	0.000200	0.003319	0.000200	0.208585	0.012569
60	C	124	89743	83751	0.001481	10	2	89417	0	0	0	nan	0	0	0	0	0	0	nan	0	0	0	0.001481	0.000133	0.001481	0.000133	0.159282	0.014304
61	C	94	89743	84298	0.001115	10	2	89415	0	0	0	nan	0	0	0	0	0	0	nan	0	0	0	0.001115	0.000115	0.001115	0.000115	0.119918	0.012368
62	A	1696	89743	82544	0.020547	10	2	89407	0	0	0	nan	0	0	0	0	0	0	nan	0	0	0	0.020547	0.000499	0.020547	0.000499	1.291290	0.031360
63	A	1158	89743	82484	0.014039	10	2	89400	0	0	0	nan	0	0	0	0	0	0	nan	0	0	0	0.014039	0.000413	0.014039	0.000413	0.882290	0.025955
64	G	22	89743	83727	0.000263	10	2	89397	0	0	0	nan	0	0	0	0	0	0	nan	0	0	0	0.000263	0.000056	0.000263	0.000056	nan	nan
65	U	71	89742	78768	0.000901	9	2	89387	0	0	0	nan	0	0	0	0	0	0	nan	0	0	0	0.000901	0.000107	0.000901	0.000107	0.288921	0.034311
66	C	66	89746	79324	0.000832	9	2	89383	0	0	0	nan	0	0	0	0	0	0	nan	0	0	0	0.000832	0.000102	0.000832	0.000102	0.089482	0.010970
67	U	81	90703	79900	0.001014	9	2	90642	0	0	0	nan	0	0	0	0	0	0	nan	0	0	0	0.001014	0.000113	0.001014	0.000113	0.325156	0.036235
68	C	50	90726	87724	0.000570	9	2	90665	0	0	0	nan	0	0	0	0	0	0	nan	0	0	0	0.000570	0.000081	0.000570	0.000081	0.061304	0.008712
69	A	292	90730	86783	0.003365	9	2	90669	0	0	0	nan	0	0	0	0	0	0	nan	0	0	0	0.003365	0.000197	0.003365	0.000197	0.211476	0.012381
70	G	47	90731	86193	0.000545	9	2	90668	0	0	0	nan	0	0	0	0	0	0	nan	0	0	0	0.000545	0.000080	0.000545	0.000080	nan	nan
71	G	46	90730	86216	0.000534	9	2	90666	0	0	0	nan	0	0	0	0	0	0	nan	0	0	0	0.000534	0.000079	0.000534	0.000079	nan	nan
72	G	35	90732	86937	0.000403	9	2	90667	0	0	0	nan	0	0	0	0	0	0	nan	0	0	0	0.000403	0.000068	0.000403	0.000068	nan	nan
73	G	34	90733	89243	0.000381	9	2	90670	0	0	0	nan	0	0	0	0	0	0	nan	0	0	0	0.000381	0.000065	0.000381	0.000065	nan	nan
74	A	384	90732	89312	0.004300	9	2	90668	0	0	0	nan	0	0	0	0	0	0	nan	0	0	0	0.004300	0.000219	0.004300	0.000219	0.270236	0.013763
75	A	395	90734	89702	0.004403	9	2	90670	0	0	0	nan	0	0	0	0	0	0	nan	0	0	0	0.004403	0.000222	0.004403	0.000222	0.276709	0.013952
76	A	581	90736	89576	0.006486	9	2	90672	0	0	0	nan	0	0	0	0	0	0	nan	0	0	0	0.006486	0.000269	0.006486	0.000269	0.407617	0.016905
77	C	84	90735	89591	0.000938	9	2	90670	0	0	0	nan	0	0	0	0	0	0	nan	0	0	0	0.000938	0.000102	0.000938	0.000102	0.100882	0.010970
78	U	80	90735	89358	0.000895	9	2	90670	0	0	0	nan	0	0	0	0	0	0	nan	0	0	0	0.000895	0.000100	0.000895	0.000100	0.286997	0.032067
79	U	150	90735	89370	0.001678	9	2	90669	0	0	0	nan	0	0	0	0	0	0	nan	0	0	0	0.001678	0.000137	0.001678	0.000137	0.538079	0.043931
80	U	113	90733	87966	0.001285	9	2	90660	0	0	0	nan	0	0	0	0	0	0	nan	0	0	0	0.001285	0.000121	0.001285	0.000121	0.412057	0.038801
81	G	39	90726	87848	0.000444	9	2	90646	0	0	0	nan	0	0	0	0	0	0	nan	0	0	0	0.000444	0.000071	0.000444	0.000071	nan	nan
82	A	147	90727	87957	0.001671	9	2	90638	0	0	0	nan	0	0	0	0	0	0	nan	0	0	0	0.001671	0.000138	0.001671	0.000138	0.105015	0.008673
83	G	30	90730	89527	0.000335	9	2	90640	0	0	0	nan	0	0	0	0	0	0	nan	0	0	0	0.000335	0.000061	0.000335	0.000061	nan	nan
84	A	135	90730	89730	0.001505	9	2	90641	0	0	0	nan	0	0	0	0	0	0	nan	0	0	0	0.001505	0.000129	0.001505	0.000129	0.094583	0.008107
85	U	77	90731	89652	0.000859	9	2	90639	0	0	0	nan	0	0	0	0	0	0	nan	0	0	0	0.000859	0.000098	0.000859	0.000098	0.275453	0.031425
86	G	30	90728	89700	0.000334	9	2	90633	0	0	0	nan	0	0	0	0	0	0	nan	0	0	0	0.000334	0.000061	0.000334	0.000061	nan	nan
87	G	51	90726	89634	0.000569	9	2	90629	0	0	0	nan	0	0	0	0	0	0	nan	0	0	0	0.000569	0.000080	0.000569	0.000080	nan	nan
88	C	121	90725	81869	0.001478	9	2	90627	0	0	0	nan	0	0	0	0	0	0	nan	0	0	0	0.001478	0.000134	0.001478	0.000134	0.158959	0.014412
89	C	85	90725	81787	0.001039	9	2	90627	0	0	0	nan	0	0	0	0	0	0	nan	0	0	0	0.001039	0.000113	0.001039	0.000113	0.111744	0.012153
90	U	104	90726	81642	0.001274	9	2	90629	0	0	0	nan	0	0	0	0	0	0	nan	0	0	0	0.001274	0.000125	0.001274	0.000125	0.408530	0.040083
91	U	150	90726	89538	0.001675	9	2	90627	0	0	0	nan	0	0	0	0	0	0	nan	0	0	0	0.001675	0.000137	0.001675	0.000137	0.537117	0.043931
92	G	81	90726	89275	0.000907	9	2	90628	0	0	0	nan	0	0	0	0	0	0	nan	0	0	0	0.000907	0.000101	0.000907	0.000101	nan	nan
93	C	2262	90727	89353	0.025315	9	2	90630	0	0	0	nan	0	0	0	0	0	0	nan	0	0	0	0.025315	0.000532	0.025315	0.000532	2.722629	0.057217
94	A	705	90729	89312	0.007894	9	2	90631	0	0	0	nan	0	0	0	0	0	0	nan	0	0	0	0.007894	0.000297	0.007894	0.000297	0.496104	0.018665
95	A	973	90729	89457	0.010877	9	2	90632	0	0	0	nan	0	0	0	0	0	0	nan	0	0	0	0.010877	0.000349	0.010877	0.000349	0.683572	0.021933
96	A	1037	90729	89758	0.011553	9	2	90632	0	0	0	nan	0	0	0	0	0	0	nan	0	0	0	0.011553	0.000359	0.011553	0.000359	0.726056	0.022562
97	G	36	90730	89761	0.000401	9	2	90633	0	0	0	nan	0	0	0	0	0	0	nan	0	0	0	0.000401	0.000067	0.000401	0.000067	nan	nan
98	G	28	90730	89909	0.000311	9	2	90631	0	0	0	nan	0	0	0	0	0	0	nan	0	0	0	0.000311	0.000059	0.000311	0.000059	nan	nan
99	G	37	90730	89738	0.000412	9	2	90631	0	0	0	nan	0	0	0	0	0	0	nan	0	0	0	0.000412	0.000068	0.000412	0.000068	nan	nan
100	U	80	90730	89835	0.000891	9	2	90631	0	0	0	nan	0	0	0	0	0	0	nan	0	0	0	0.000891	0.000100	0.000891	0.000100	0.285714	0.032067
101	A	545	90731	89745	0.006073	9	2	90632	0	0	0	nan	0	0	0	0	0	0	nan	0	0	0	0.006073	0.000260	0.006073	0.000260	0.381662	0.016340
102	U	289	90731	89851	0.003216	9	2	90633	0	0	0	nan	0	0	0	0	0	0	nan	0	0	0	0.003216	0.000189	0.003216	0.000189	1.031265	0.060606
103	G	29	90730	89365	0.000325	9	2	90631	0	0	0	nan	0	0	0	0	0	0	nan	0	0	0	0.000325	0.000060	0.000325	0.000060	nan	nan
104	G	33	90730	89318	0.000369	9	2	90628	0	0	0	nan	0	0	0	0	0	0	nan	0	0	0	0.000369	0.000064	0.000369	0.000064	nan	nan
105	U	63	90731	89283	0.000706	9	2	90630	0	0	0	nan	0	0	0	0	0	0	nan	0	0	0	0.000706	0.000089	0.000706	0.000089	0.226391	0.028539
106	A	767	90730	89582	0.008562	9	2	90627	0	0	0	nan	0	0	0	0	0	0	nan	0	0	0	0.008562	0.000309	0.008562	0.000309	0.538084	0.019419
107	A	216	90732	89476	0.002414	9	2	90627	0	0	0	nan	0	0	0	0	0	0	nan	0	0	0	0.002414	0.000164	0.002414	0.000164	0.151709	0.010307
108	U	117	90733	89242	0.001311	9	2	90628	0	0	0	nan	0	0	0	0	0	0	nan	0	0	0	0.001311	0.000121	0.001311	0.000121	0.420394	0.038801
109	A	77	90735	89230	0.000863	9	2	90631	0	0	0	nan	0	0	0	0	0	0	nan	0	0	0	0.000863	0.000098	0.000863	0.000098	0.054236	0.006159
110	A	321	90738	89478	0.003587	9	2	90633	0	0	0	nan	0	0	0	0	0	0	nan	0	0	0	0.003587	0.000200	0.003587	0.000200	0.225427	0.012569
111	G	50	90738	89658	0.000558	9	2	90635	0	0	0	nan	0	0	0	0	0	0	nan	0	0	0	0.000558	0.000079	0.000558	0.000079	nan	nan
112	C	55	90737	89972	0.000611	9	2	90634	0	0	0	nan	0	0	0	0	0	0	nan	0	0	0	0.000611	0.000082	0.000611	0.000082	0.065713	0.008819
113	U	111	90737	89857	0.001235	9	2	90634	0	0	0	nan	0	0	0	0	0	0	nan	0	0	0	0.001235	0.000117	0.001235	0.000117	0.396024	0.037518
114	G	28	90737	89699	0.000312	9	2	90632	0	0	0	nan	0	0	0	0	0	0	nan	0	0	0	0.000312	0.000059	0.000312	0.000059	nan	nan
115	A	229	90738	89606	0.002556	9	2	90633	0	0	0	nan	0	0	0	0	0	0	nan	0	0	0	0.002556	0.000169	0.002556	0.000169	0.160633	0.010621
116	C	96	90739	89659	0.001071	9	2	90635	0	0	0	nan	0	0	0	0	0	0	nan	0	0	0	0.001071	0.000109	0.001071	0.000109	0.115186	0.011723
117	G	22	90739	89266	0.000246	9	2	90635	0	0	0	nan	0	0	0	0	0	0	nan	0	0	0	0.000246	0.000053	0.000246	0.000053	nan	nan
118	G	18	90741	89511	0.000201	9	2	90637	0	0	0	nan	0	0	0	0	0	0	nan	0	0	0	0.000201	0.000047	0.000201	0.000047	nan	nan
119	A	216	90741	89432	0.002415	9	2	90638	0	0	0	nan	0	0	0	0	0	0	nan	0	0	0	0.002415	0.000164	0.002415	0.000164	0.151772	0.010307
120	C	134	90742	89824	0.001492	9	2	90639	0	0	0	nan	0	0	0	0	0	0	nan	0	0	0	0.001492	0.000129	0.001492	0.000129	0.160465	0.013874
121	A	2932	90741	89763	0.032664	9	2	90638	0	0	0	nan	0	0	0	0	0	0	nan	0	0	0	0.032664	0.000603	0.032664	0.000603	2.052790	0.037896
122	U	275	90740	89833	0.003061	9	2	90636	0	0	0	nan	0	0	0	0	0	0	nan	0	0	0	0.003061	0.000185	0.003061	0.000185	0.981562	0.059323
123	G	35	90741	89639	0.000390	9	2	90638	0	0	0	nan	0	0	0	0	0	0	nan	0	0	0	0.000390	0.000066	0.000390	0.000066	nan	nan
124	G	22	90741	89612	0.000246	9	2	90638	0	0	0	nan	0	0	0	0	0	0	nan	0	0	0	0.000246	0.000052	0.000246	0.000052	nan	nan
125	U	85	90741	88188	0.000964	9	2	90640	0	0	0	nan	0	0	0	0	0	0	nan	0	0	0	0.000964	0.000105	0.000964	0.000105	0.309123	0.033670
126	C	81	90741	88175	0.000919	9	2	90640	0	0	0	nan	0	0	0	0	0	0	nan	0	0	0	0.000919	0.000102	0.000919	0.000102	0.098838	0.010970
127	C	68	90742	88184	0.000771	9	2	90642	0	0	0	nan	0	0	0	0	0	0	nan	0	0	0	0.000771	0.000094	0.000771	0.000094	0.082921	0.010110
128	U	98	90736	89308	0.001097	9	2	90633	0	0	0	nan	0	0	0	0	0	0	nan	0	0	0	0.001097	0.000111	0.001097	0.000111	0.351772	0.035594
129	A	628	90437	88682	0.007081	9	0	90169	0	0	0	nan	0	0	0	0	0	0	nan	0	0	0	0.007081	0.000283	0.007081	0.000283	0.445010	0.017785
130	A	2518	90433	88487	0.028456	9	0	90172	0	0	0	nan	0	0	0	0	0	0	nan	0	0	0	0.028456	0.000567	0.028456	0.000567	1.788336	0.035633
131	C	214	90434	88442	0.002420	9	0	90179	0	0	0	nan	0	0	0	0	0	0	nan	0	0	0	0.002420	0.000165	0.002420	0.000165	0.260271	0.017746
132	C	54	90434	88365	0.000611	9	0	90181	0	0	0	nan	0	0	0	0	0	0	nan	0	0	0	0.000611	0.000083	0.000611	0.000083	0.065713	0.008927
133	A	630	90435	88357	0.007130	9	0	90184	0	0	0	nan	0	0	0	0	0	0	nan	0	0	0	0.007130	0.000284	0.007130	0.000284	0.448089	0.017848
134	C	112	90435	88244	0.001269	5	0	90184	0	0	0	nan	0	0	0	0	0	0	nan	0	0	0	0.001269	0.000120	0.001269	0.000120	0.136481	0.012906
135	G	62	90437	87845	0.000706	5	0	90192	0	0	0	nan	0	0	0	0	0	0	nan	0	0	0	0.000706	0.000090	0.000706	0.000090	nan	nan
136	C	72	90437	87874	0.000819	5	0	90195	0	0	0	nan	0	0	0	0	0	0	nan	0	0	0	0.000819	0.000097	0.000819	0.000097	0.088083	0.010432
137	A	148	90438	87931	0.001683	5	0	90201	0	0	0	nan	0	0	0	0	0	0	nan	0	0	0	0.001683	0.000138	0.001683	0.000138	0.105769	0.008673
138	G	36	90439	87786	0.000410	4	0	90204	0	0	0	nan	0	0	0	0	0	0	nan	0	0	0	0.000410	0.000068	0.000410	0.000068	nan	nan
139	C	365	90438	88053	0.004145	4	0	90204	0	0	0	nan	0	0	0	0	0	0	nan	0	0	0	0.004145	0.000217	0.004145	0.000217	0.445795	0.023338
140	C	173	90439	87882	0.001969	4	0	90209	0	0	0	nan	0	0	0	0	0	0	nan	0	0	0	0.001969	0.000150	0.001969	0.000150	0.211766	0.016133
141	A	587	90441	87661	0.006696	4	0	90212	0	0	0	nan	0	0	0	0	0	0	nan	0	0	0	0.006696	0.000276	0.006696	0.000276	0.420814	0.017345
142	A	722	90441	87457	0.008255	4	0	90216	0	0	0	nan	0	0	0	0	0	0	nan	0	0	0	0.008255	0.000307	0.008255	0.000307	0.518791	0.019294
143	G	43	90441	86949	0.000495	4	0	90218	0	0	0	nan	0	0	0	0	0	0	nan	0	0	0	0.000495	0.000075	0.000495	0.000075	nan	nan
144	U	108	90441	87163	0.001239	4	0	90220	0	0	0	nan	0	0	0	0	0	0	nan	0	0	0	0.001239	0.000119	0.001239	0.000119	0.397306	0.038159
145	C	78	90441	87490	0.000892	4	0	90222	0	0	0	nan	0	0	0	0	0	0	nan	0	0	0	0.000892	0.000101	0.000892	0.000101	0.095935	0.010863
146	C	95	90441	86118	0.001103	4	0	90227	0	0	0	nan	0	0	0	0	0	0	nan	0	0	0	0.001103	0.000113	0.001103	0.000113	0.118628	0.012153
147	U	96	90441	86122	0.001115	4	0	90228	0	0	0	nan	0	0	0	0	0	0	nan	0	0	0	0.001115	0.000114	0.001115	0.000114	0.357544	0.036556
148	A	169	90442	85628	0.001974	4	0	90234	0	0	0	nan	0	0	0	0	0	0	nan	0	0	0	0.001974	0.000152	0.001974	0.000152	0.124057	0.009553
149	A	676	90445	86107	0.007851	4	0	90244	0	0	0	nan	0	0	0	0	0	0	nan	0	0	0	0.007851	0.000302	0.007851	0.000302	0.493401	0.018979
150	G	42	90446	85219	0.000493	4	0	90246	0	0	0	nan	0	0	0	0	0	0	nan	0	0	0	0.000493	0.000076	0.000493	0.000076	nan	nan
151	U	111	90447	85898	0.001292	4	0	90249	0	0	0	nan	0	0	0	0	0	0	nan	0	0	0	0.001292	0.000123	0.001292	0.000123	0.414302	0.039442
152	C	147	90449	87294	0.001684	4	0	90253	0	0	0	nan	0	0	0	0	0	0	nan	0	0	0	0.001684	0.000139	0.001684	0.000139	0.181114	0.014949
153	A	225	90449	87767	0.002564	4	0	90263	0	0	0	nan	0	0	0	0	0	0	nan	0	0	0	0.002564	0.000171	0.002564	0.000171	0.161136	0.010747
154	A	326	90450	87494	0.003726	4	0	90267	0	0	0	nan	0	0	0	0	0	0	nan	0	0	0	0.003726	0.000206	0.003726	0.000206	0.234163	0.012946
155	C	210	90450	87315	0.002405	4	0	90267	0	0	0	nan	0	0	0	0	0	0	nan	0	0	0	0.002405	0.000166	0.002405	0.000166	0.258658	0.017853
156	A	180	90450	87645	0.002054	4	0	90275	0	0	0	nan	0	0	0	0	0	0	nan	0	0	0	0.002054	0.000153	0.002054	0.000153	0.129085	0.009615
157	G	42	90453	87520	0.000480	4	0	90279	0	0	0	nan	0	0	0	0	0	0	nan	0	0	0	0.000480	0.000074	0.000480	0.000074	nan	nan
158	A	608	90453	87027	0.006986	4	0	90279	0	0	0	nan	0	0	0	0	0	0	nan	0	0	0	0.006986	0.000283	0.006986	0.000283	0.439040	0.017785
159	U	276	90454	86898	0.003176	4	0	90283	0	0	0	nan	0	0	0	0	0	0	nan	0	0	0	0.003176	0.000191	0.003176	0.000191	1.018438	0.061247
160	C	830	90454	86377	0.009609	4	0	90288	0	0	0	nan	0	0	0	0	0	0	nan	0	0	0	0.009609	0.000334	0.009609	0.000334	1.033448	0.035922
161	U	193	90455	86047	0.002243	4	0	90295	0	0	0	nan	0	0	0	0	0	0	nan	0	0	0	0.002243	0.000161	0.002243	0.000161	0.719256	0.051627
162	U	164	90458	86131	0.001904	4	0	90301	0	0	0	nan	0	0	0	0	0	0	nan	0	0	0	0.001904	0.000149	0.001904	0.000149	0.610550	0.047779
163	C	48	90459	86508	0.000555	4	0	90308	0	0	0	nan	0	0	0	0	0	0	nan	0	0	0	0.000555	0.000080	0.000555	0.000080	0.059690	0.008604
164	U	65	90461	85284	0.000762	4	0	90323	0	0	0	nan	0	0	0	0	0	0	nan	0	0	0	0.000762	0.000095	0.000762	0.000095	0.244348	0.030463
165	G	33	90466	83597	0.000395	4	0	90340	0	0	0	nan	0	0	0	0	0	0	nan	0	0	0	0.000395	0.000069	0.000395	0.000069	nan	nan
166	U	120	90469	83940	0.001430	4	0	90345	0	0	0	nan	0	0	0	0	0	0	nan	0	0	0	0.001430	0.000131	0.001430	0.000131	0.458554	0.042007
167	U	78	90471	86371	0.000903	4	0	90352	0	0	0	nan	0	0	0	0	0	0	nan	0	0	0	0.000903	0.000102	0.000903	0.000102	0.289562	0.032708
168	G	21	90476	87930	0.000239	4	0	90374	0	0	0	nan	0	0	0	0	0	0	nan	0	0	0	0.000239	0.000052	0.000239	0.000052	nan	nan
169	A	101	90481	87699	0.001152	4	0	90387	0	0	0	nan	0	0	0	0	0	0	nan	0	0	0	0.001152	0.000115	0.001152	0.000115	0.072398	0.007227
170	U	71	90483	87005	0.000816	4	0	90393	0	0	0	nan	0	0	0	0	0	0	nan	0	0	0	0.000816	0.000097	0.000816	0.000097	0.261664	0.031105
171	A	163	90488	85669	0.001903	4	0	90403	0	0	0	nan	0	0	0	0	0	0	nan	0	0	0	0.001903	0.000149	0.001903	0.000149	0.119595	0.009364
172	U	167	90489	86409	0.001933	4	0	90406	0	0	0	nan	0	0	0	0	0	0	nan	0	0	0	0.001933	0.000150	0.001933	0.000150	0.619849	0.048100
173	G	25	90490	87111	0.000287	4	0	90412	0	0	0	nan	0	0	0	0	0	0	nan	0	0	0	0.000287	0.000057	0.000287	0.000057	nan	nan
174	G	24	90495	88283	0.000272	4	0	90427	0	0	0	nan	0	0	0	0	0	0	nan	0	0	0	0.000272	0.000055	0.000272	0.000055	nan	nan
175	A	175	90495	83210	0.002103	4	0	90428	0	0	0	nan	0	0	0	0	0	0	nan	0	0	0	0.002103	0.000159	0.002103	0.000159	0.132164	0.009992
176	U	65	90495	83208	0.000781	4	0	90429	0	0	0	nan	0	0	0	0	0	0	nan	0	0	0	0.000781	0.000097	0.000781	0.000097	0.250441	0.031105
177	G	35	90496	83094	0.000421	4	0	90431	0	0	0	nan	0	0	0	0	0	0	nan	0	0	0	0.000421	0.000071	0.000421	0.000071	nan	nan
178	C	785	90497	87350	0.008987	4	0	90432	0	0	0	nan	0	0	0	0	0	0	nan	0	0	0	0.008987	0.000321	0.008987	0.000321	0.966552	0.034524
179	A	378	90497	87334	0.004328	4	0	90434	0	0	0	nan	0	0	0	0	0	0	nan	0	0	0	0.004328	0.000223	0.004328	0.000223	0.271996	0.014015
180	G	57	90498	84371	0.000676	4	0	90438	0	0	0	nan	0	0	0	0	0	0	nan	0	0	0	0.000676	0.000089	0.000676	0.000089	nan	nan
181	U	105	90499	82766	0.001269	2	0	90441	0	0	0	nan	0	0	0	0	0	0	nan	0	0	0	0.001269	0.000124	0.001269	0.000124	0.406926	0.039763
182	U	120	90500	81805	0.001467	2	0	90449	0	0	0	nan	0	0	0	0	0	0	nan	0	0	0	0.001467	0.000134	0.001467	0.000134	0.470418	0.042969
183	C	247	90502	84780	0.002913	2	2	90455	0	0	0	nan	0	0	0	0	0	0	nan	0	0	0	0.002913	0.000185	0.002913	0.000185	0.313293	0.019897
184	A	357	90505	86981	0.004104	2	2	90468	0	0	0	nan	0	0	0	0	0	0	nan	0	0	0	0.004104	0.000217	0.004104	0.000217	0.257919	0.013638
185	A	727	90505	87184	0.008339	2	2	90477	0	0	0	nan	0	0	0	0	0	0	nan	0	0	0	0.008339	0.000309	0.008339	0.000309	0.524070	0.019419
186	C	288	90510	86259	0.003339	2	2	90484	0	0	0	nan	0	0	0	0	0	0	nan	0	0	0	0.003339	0.000197	0.003339	0.000197	0.359109	0.021187
187	C	120	90515	86192	0.001392	2	2	90499	0	0	0	nan	0	0	0	0	0	0	nan	0	0	0	0.001392	0.000127	0.001392	0.000127	0.149710	0.013659
188	A	168	90520	86421	0.001944	2	2	90513	0	0	0	nan	0	0	0	0	0	0	nan	0	0	0	0.001944	0.000150	0.001944	0.000150	0.122172	0.009427
189	A	189	90524	86252	0.002191	2	2	90519	0	0	0	nan	0	0	0	0	0	0	nan	0	0	0	0.002191	0.000159	0.002191	0.000159	0.137695	0.009992
190	A	0	90525	82460	0.000000	2	2	90525	0	0	0	nan	0	0	0	0	0	0	nan	0	0	0	0.000000	0.000000	0.000000	0.000000	0.000000	0.000000
191	U	0	90525	0	nan	2	2	90525	0	0	0	nan	0	0	0	0	0	0	nan	0	0	0	nan	nan	nan	nan	nan	nan
192	C	0	90525	0	nan	2	2	90525	0	0	0	nan	0	0	0	0	0	0	nan	0	0	0	nan	nan	nan	nan	nan	nan
193	A	0	90525	0	nan	2	2	90525	0	0	0	nan	0	0	0	0	0	0	nan	0	0	0	nan	nan	nan	nan	nan	nan
194	c	0	90525	0	nan	2	2	90525	0	0	0	nan	0	0	0	0	0	0	nan	0	0	0	nan	nan	nan	nan	nan	nan
195	c	0	90525	0	nan	2	2	90525	0	0	0	nan	0	0	0	0	0	0	nan	0	0	0	nan	nan	nan	nan	nan	nan
196	a	0	90525	0	nan	2	2	90525	0	0	0	nan	0	0	0	0	0	0	nan	0	0	0	nan	nan	nan	nan	nan	nan
197	a	0	90525	0	nan	2	2	90525	0	0	0	nan	0	0	0	0	0	0	nan	0	0	0	nan	nan	nan	nan	nan	nan
198	a	0	90525	0	nan	2	2	90525	0	0	0	nan	0	0	0	0	0	0	nan	0	0	0	nan	nan	nan	nan	nan	nan
199	c	0	90525	0	nan	2	2	90525	0	0	0	nan	0	0	0	0	0	0	nan	0	0	0	nan	nan	nan	nan	nan	nan
200	c	0	90525	0	nan	0	2	90525	0	0	0	nan	0	0	0	0	0	0	nan	0	0	0	nan	nan	nan	nan	nan	nan
201	a	0	90525	0	nan	0	2	90525	0	0	0	nan	0	0	0	0	0	0	nan	0	0	0	nan	nan	nan	nan	nan	nan
202	a	0	90525	0	nan	0	2	90525	0	0	0	nan	0	0	0	0	0	0	nan	0	0	0	nan	nan	nan	nan	nan	nan
203	a	0	90525	0	nan	0	2	90525	0	0	0	nan	0	0	0	0	0	0	nan	0	0	0	nan	nan	nan	nan	nan	nan
204	g	0	90525	0	nan	0	2	90525	0	0	0	nan	0	0	0	0	0	0	nan	0	0	0	nan	nan	nan	nan	nan	nan
205	a	0	90525	0	nan	0	2	90525	0	0	0	nan	0	0	0	0	0	0	nan	0	0	0	nan	nan	nan	nan	nan	nan
206	a	0	90525	0	nan	0	2	90525	0	0	0	nan	0	0	0	0	0	0	nan	0	0	0	nan	nan	nan	nan	nan	nan
207	a	0	90524	0	nan	0	2	90524	0	0	0	nan	0	0	0	0	0	0	nan	0	0	0	nan	nan	nan	nan	nan	nan
208	c	0	90523	0	nan	0	2	90523	0	0	0	nan	0	0	0	0	0	0	nan	0	0	0	nan	nan	nan	nan	nan	nan
209	a	0	90520	0	nan	0	2	90520	0	0	0	nan	0	0	0	0	0	0	nan	0	0	0	nan	nan	nan	nan	nan	nan
210	a	0	90500	0	nan	0	2	90500	0	0	0	nan	0	0	0	0	0	0	nan	0	0	0	nan	nan	nan	nan	nan	nan
211	c	0	90480	0	nan	0	2	90480	0	0	0	nan	0	0	0	0	0	0	nan	0	0	0	nan	nan	nan	nan	nan	nan
212	c	0	90419	0	nan	0	2	90419	0	0	0	nan	0	0	0	0	0	0	nan	0	0	0	nan	nan	nan	nan	nan	nan