Nucleotide	Sequence	Modified_mutations	Modified_read_depth	Modified_effective_depth	Modified_rate	Modified_off_target_mapped_depth	Modified_low_mapq_mapped_depth	Modified_primer_pair_1_mapped_depth	Untreated_mutations	Untreated_read_depth	Untreated_effective_depth	Untreated_rate	Untreated_off_target_mapped_depth	Untreated_low_mapq_mapped_depth	Untreated_primer_pair_1_mapped_depth	Denatured_mutations	Denatured_read_depth	Denatured_effective_depth	Denatured_rate	Denatured_off_target_mapped_depth	Denatured_low_mapq_mapped_depth	Denatured_primer_pair_1_mapped_depth	Reactivity_profile	Std_err	HQ_profile	HQ_stderr	Norm_profile	Norm_stderr
1	g	0	183893	0	nan	0	6	183893	0	0	0	nan	0	0	0	0	0	0	nan	0	0	0	nan	nan	nan	nan	nan	nan
2	g	0	184037	0	nan	0	6	184037	0	0	0	nan	0	0	0	0	0	0	nan	0	0	0	nan	nan	nan	nan	nan	nan
3	u	0	184130	0	nan	0	6	184130	0	0	0	nan	0	0	0	0	0	0	nan	0	0	0	nan	nan	nan	nan	nan	nan
4	g	0	184148	0	nan	0	6	184148	0	0	0	nan	0	0	0	0	0	0	nan	0	0	0	nan	nan	nan	nan	nan	nan
5	u	0	184163	0	nan	0	6	184163	0	0	0	nan	0	0	0	0	0	0	nan	0	0	0	nan	nan	nan	nan	nan	nan
6	a	0	184163	0	nan	0	6	184163	0	0	0	nan	0	0	0	0	0	0	nan	0	0	0	nan	nan	nan	nan	nan	nan
7	a	0	184166	0	nan	0	6	184166	0	0	0	nan	0	0	0	0	0	0	nan	0	0	0	nan	nan	nan	nan	nan	nan
8	g	0	184167	0	nan	0	6	184167	0	0	0	nan	0	0	0	0	0	0	nan	0	0	0	nan	nan	nan	nan	nan	nan
9	g	0	184167	0	nan	0	6	184167	0	0	0	nan	0	0	0	0	0	0	nan	0	0	0	nan	nan	nan	nan	nan	nan
10	g	0	184168	0	nan	0	6	184168	0	0	0	nan	0	0	0	0	0	0	nan	0	0	0	nan	nan	nan	nan	nan	nan
11	u	0	184169	0	nan	0	6	184169	0	0	0	nan	0	0	0	0	0	0	nan	0	0	0	nan	nan	nan	nan	nan	nan
12	g	0	184169	0	nan	0	6	184169	0	0	0	nan	0	0	0	0	0	0	nan	0	0	0	nan	nan	nan	nan	nan	nan
13	a	0	184170	0	nan	1	6	184170	0	0	0	nan	0	0	0	0	0	0	nan	0	0	0	nan	nan	nan	nan	nan	nan
14	a	0	184171	0	nan	1	6	184171	0	0	0	nan	0	0	0	0	0	0	nan	0	0	0	nan	nan	nan	nan	nan	nan
15	g	0	184171	0	nan	14	6	184171	0	0	0	nan	0	0	0	0	0	0	nan	0	0	0	nan	nan	nan	nan	nan	nan
16	u	0	184171	0	nan	14	6	184171	0	0	0	nan	0	0	0	0	0	0	nan	0	0	0	nan	nan	nan	nan	nan	nan
17	g	0	184171	0	nan	14	6	184171	0	0	0	nan	0	0	0	0	0	0	nan	0	0	0	nan	nan	nan	nan	nan	nan
18	u	0	184171	0	nan	14	6	184171	0	0	0	nan	0	0	0	0	0	0	nan	0	0	0	nan	nan	nan	nan	nan	nan
19	a	0	184171	0	nan	14	6	184171	0	0	0	nan	0	0	0	0	0	0	nan	0	0	0	nan	nan	nan	nan	nan	nan
20	A	0	184171	0	nan	14	6	184171	0	0	0	nan	0	0	0	0	0	0	nan	0	0	0	nan	nan	nan	nan	nan	nan
21	G	0	184172	0	nan	14	6	184172	0	0	0	nan	0	0	0	0	0	0	nan	0	0	0	nan	nan	nan	nan	nan	nan
22	G	0	184172	0	nan	14	6	184172	0	0	0	nan	0	0	0	0	0	0	nan	0	0	0	nan	nan	nan	nan	nan	nan
23	U	0	184172	183928	0.000000	14	6	184172	0	0	0	nan	0	0	0	0	0	0	nan	0	0	0	0.000000	0.000000	0.000000	0.000000	nan	nan
24	U	162	184172	183909	0.000881	14	6	184172	0	0	0	nan	0	0	0	0	0	0	nan	0	0	0	0.000881	0.000069	0.000881	0.000069	nan	nan
25	G	104	184172	183804	0.000566	14	6	184172	0	0	0	nan	0	0	0	0	0	0	nan	0	0	0	0.000566	0.000055	0.000566	0.000055	nan	nan
26	A	289	184172	183980	0.001571	14	6	184172	0	0	0	nan	0	0	0	0	0	0	nan	0	0	0	0.001571	0.000092	0.001571	0.000092	0.696674	0.040798
27	A	311	184172	183958	0.001691	14	6	184172	0	0	0	nan	0	0	0	0	0	0	nan	0	0	0	0.001691	0.000096	0.001691	0.000096	0.749889	0.042572
28	C	438	184172	183911	0.002382	14	6	184172	0	0	0	nan	0	0	0	0	0	0	nan	0	0	0	0.002382	0.000114	0.002382	0.000114	0.773502	0.037019
29	U	187	184172	183824	0.001017	14	6	184172	0	0	0	nan	0	0	0	0	0	0	nan	0	0	0	0.001017	0.000074	0.001017	0.000074	nan	nan
30	U	207	184173	183876	0.001126	14	6	184173	0	0	0	nan	0	0	0	0	0	0	nan	0	0	0	0.001126	0.000078	0.001126	0.000078	nan	nan
31	U	255	184172	183854	0.001387	14	6	184172	0	0	0	nan	0	0	0	0	0	0	nan	0	0	0	0.001387	0.000087	0.001387	0.000087	nan	nan
32	U	184	184174	183908	0.001001	14	6	184173	0	0	0	nan	0	0	0	0	0	0	nan	0	0	0	0.001001	0.000074	0.001001	0.000074	nan	nan
33	G	113	184175	183803	0.000615	14	6	184175	0	0	0	nan	0	0	0	0	0	0	nan	0	0	0	0.000615	0.000058	0.000615	0.000058	nan	nan
34	A	363	184173	183950	0.001973	14	6	184173	0	0	0	nan	0	0	0	0	0	0	nan	0	0	0	0.001973	0.000104	0.001973	0.000104	0.874945	0.046120
35	A	375	184173	183870	0.002039	14	6	184173	0	0	0	nan	0	0	0	0	0	0	nan	0	0	0	0.002039	0.000105	0.002039	0.000105	0.904213	0.046563
36	U	183	184173	183874	0.000995	14	6	184173	0	0	0	nan	0	0	0	0	0	0	nan	0	0	0	0.000995	0.000074	0.000995	0.000074	nan	nan
37	A	433	184173	183927	0.002354	14	6	184173	0	0	0	nan	0	0	0	0	0	0	nan	0	0	0	0.002354	0.000113	0.002354	0.000113	1.043902	0.050111
38	G	98	184173	183736	0.000533	14	6	184173	0	0	0	nan	0	0	0	0	0	0	nan	0	0	0	0.000533	0.000054	0.000533	0.000054	nan	nan
39	U	264	184173	183929	0.001435	14	6	184173	0	0	0	nan	0	0	0	0	0	0	nan	0	0	0	0.001435	0.000088	0.001435	0.000088	nan	nan
40	G	176	184173	183781	0.000958	14	6	184173	0	0	0	nan	0	0	0	0	0	0	nan	0	0	0	0.000958	0.000072	0.000958	0.000072	nan	nan
41	A	451	184173	183882	0.002453	14	6	184173	0	0	0	nan	0	0	0	0	0	0	nan	0	0	0	0.002453	0.000115	0.002453	0.000115	1.087805	0.050998
42	U	322	184174	183826	0.001752	14	6	184174	0	0	0	nan	0	0	0	0	0	0	nan	0	0	0	0.001752	0.000098	0.001752	0.000098	nan	nan
43	U	311	184173	183903	0.001691	15	6	184173	0	0	0	nan	0	0	0	0	0	0	nan	0	0	0	0.001691	0.000096	0.001691	0.000096	nan	nan
44	C	609	184174	183890	0.003312	15	6	184174	0	0	0	nan	0	0	0	0	0	0	nan	0	0	0	0.003312	0.000134	0.003312	0.000134	1.075499	0.043514
45	A	428	184175	183903	0.002327	15	6	184175	0	0	0	nan	0	0	0	0	0	0	nan	0	0	0	0.002327	0.000112	0.002327	0.000112	1.031929	0.049667
46	G	135	184177	183706	0.000735	15	6	184177	0	0	0	nan	0	0	0	0	0	0	nan	0	0	0	0.000735	0.000063	0.000735	0.000063	nan	nan
47	G	101	184177	183814	0.000549	15	6	184177	0	0	0	nan	0	0	0	0	0	0	nan	0	0	0	0.000549	0.000055	0.000549	0.000055	nan	nan
48	A	321	184177	183888	0.001746	15	6	184177	0	0	0	nan	0	0	0	0	0	0	nan	0	0	0	0.001746	0.000097	0.001746	0.000097	0.774279	0.043016
49	G	117	184178	183798	0.000637	15	6	184178	0	0	0	nan	0	0	0	0	0	0	nan	0	0	0	0.000637	0.000059	0.000637	0.000059	nan	nan
50	G	104	184178	183782	0.000566	15	6	184178	0	0	0	nan	0	0	0	0	0	0	nan	0	0	0	0.000566	0.000055	0.000566	0.000055	nan	nan
51	U	166	184179	183706	0.000904	15	6	184179	0	0	0	nan	0	0	0	0	0	0	nan	0	0	0	0.000904	0.000070	0.000904	0.000070	nan	nan
52	U	145	184179	183758	0.000789	16	6	184179	0	0	0	nan	0	0	0	0	0	0	nan	0	0	0	0.000789	0.000066	0.000789	0.000066	nan	nan
53	A	242	184179	183772	0.001317	16	6	184179	0	0	0	nan	0	0	0	0	0	0	nan	0	0	0	0.001317	0.000085	0.001317	0.000085	0.584035	0.037694
54	A	266	184179	162366	0.001638	16	6	184179	0	0	0	nan	0	0	0	0	0	0	nan	0	0	0	0.001638	0.000100	0.001638	0.000100	0.726386	0.044346
55	U	276	184179	162282	0.001701	16	6	184179	0	0	0	nan	0	0	0	0	0	0	nan	0	0	0	0.001701	0.000102	0.001701	0.000102	nan	nan
56	G	212	184179	162228	0.001307	16	6	184179	0	0	0	nan	0	0	0	0	0	0	nan	0	0	0	0.001307	0.000090	0.001307	0.000090	nan	nan
57	G	0	184181	183834	0.000000	16	6	184181	0	0	0	nan	0	0	0	0	0	0	nan	0	0	0	0.000000	0.000000	0.000000	0.000000	nan	nan
58	A	0	184182	0	nan	16	6	184182	0	0	0	nan	0	0	0	0	0	0	nan	0	0	0	nan	nan	nan	nan	nan	nan
59	A	0	184182	0	nan	16	6	184182	0	0	0	nan	0	0	0	0	0	0	nan	0	0	0	nan	nan	nan	nan	nan	nan
60	G	0	184182	0	nan	16	6	184182	0	0	0	nan	0	0	0	0	0	0	nan	0	0	0	nan	nan	nan	nan	nan	nan
61	u	0	184182	0	nan	16	6	184182	0	0	0	nan	0	0	0	0	0	0	nan	0	0	0	nan	nan	nan	nan	nan	nan
62	a	0	184182	0	nan	16	6	184182	0	0	0	nan	0	0	0	0	0	0	nan	0	0	0	nan	nan	nan	nan	nan	nan
63	a	0	184182	0	nan	16	6	184182	0	0	0	nan	0	0	0	0	0	0	nan	0	0	0	nan	nan	nan	nan	nan	nan
64	a	0	184182	0	nan	16	6	184182	0	0	0	nan	0	0	0	0	0	0	nan	0	0	0	nan	nan	nan	nan	nan	nan
65	g	0	184182	0	nan	16	6	184182	0	0	0	nan	0	0	0	0	0	0	nan	0	0	0	nan	nan	nan	nan	nan	nan
66	g	0	184182	0	nan	16	6	184182	0	0	0	nan	0	0	0	0	0	0	nan	0	0	0	nan	nan	nan	nan	nan	nan
67	u	0	184181	0	nan	16	6	184181	0	0	0	nan	0	0	0	0	0	0	nan	0	0	0	nan	nan	nan	nan	nan	nan
68	a	0	184181	0	nan	16	6	184181	0	0	0	nan	0	0	0	0	0	0	nan	0	0	0	nan	nan	nan	nan	nan	nan
69	a	0	184181	0	nan	16	6	184181	0	0	0	nan	0	0	0	0	0	0	nan	0	0	0	nan	nan	nan	nan	nan	nan
70	u	0	184181	0	nan	16	6	184181	0	0	0	nan	0	0	0	0	0	0	nan	0	0	0	nan	nan	nan	nan	nan	nan
71	g	0	184181	0	nan	16	6	184181	0	0	0	nan	0	0	0	0	0	0	nan	0	0	0	nan	nan	nan	nan	nan	nan
72	a	0	184180	0	nan	16	6	184180	0	0	0	nan	0	0	0	0	0	0	nan	0	0	0	nan	nan	nan	nan	nan	nan
73	a	0	184180	0	nan	16	6	184180	0	0	0	nan	0	0	0	0	0	0	nan	0	0	0	nan	nan	nan	nan	nan	nan
74	g	0	184180	0	nan	16	6	184180	0	0	0	nan	0	0	0	0	0	0	nan	0	0	0	nan	nan	nan	nan	nan	nan
75	g	0	184179	0	nan	16	6	184179	0	0	0	nan	0	0	0	0	0	0	nan	0	0	0	nan	nan	nan	nan	nan	nan
76	u	0	184161	0	nan	16	6	184161	0	0	0	nan	0	0	0	0	0	0	nan	0	0	0	nan	nan	nan	nan	nan	nan
77	g	0	184157	0	nan	16	6	184157	0	0	0	nan	0	0	0	0	0	0	nan	0	0	0	nan	nan	nan	nan	nan	nan
78	a	0	184150	0	nan	16	6	184150	0	0	0	nan	0	0	0	0	0	0	nan	0	0	0	nan	nan	nan	nan	nan	nan
79	a	0	183942	0	nan	16	6	183942	0	0	0	nan	0	0	0	0	0	0	nan	0	0	0	nan	nan	nan	nan	nan	nan
80	g	0	183843	0	nan	16	6	183843	0	0	0	nan	0	0	0	0	0	0	nan	0	0	0	nan	nan	nan	nan	nan	nan