Nucleotide	Sequence	Modified_mutations	Modified_read_depth	Modified_effective_depth	Modified_rate	Modified_off_target_mapped_depth	Modified_low_mapq_mapped_depth	Modified_primer_pair_1_mapped_depth	Untreated_mutations	Untreated_read_depth	Untreated_effective_depth	Untreated_rate	Untreated_off_target_mapped_depth	Untreated_low_mapq_mapped_depth	Untreated_primer_pair_1_mapped_depth	Denatured_mutations	Denatured_read_depth	Denatured_effective_depth	Denatured_rate	Denatured_off_target_mapped_depth	Denatured_low_mapq_mapped_depth	Denatured_primer_pair_1_mapped_depth	Reactivity_profile	Std_err	HQ_profile	HQ_stderr	Norm_profile	Norm_stderr
1	g	0	537188	0	nan	0	2	537188	0	0	0	nan	0	0	0	0	0	0	nan	0	0	0	nan	nan	nan	nan	nan	nan
2	g	0	537475	0	nan	0	2	537475	0	0	0	nan	0	0	0	0	0	0	nan	0	0	0	nan	nan	nan	nan	nan	nan
3	u	0	537664	0	nan	0	2	537664	0	0	0	nan	0	0	0	0	0	0	nan	0	0	0	nan	nan	nan	nan	nan	nan
4	g	0	537724	0	nan	0	2	537724	0	0	0	nan	0	0	0	0	0	0	nan	0	0	0	nan	nan	nan	nan	nan	nan
5	u	0	537803	0	nan	0	2	537803	0	0	0	nan	0	0	0	0	0	0	nan	0	0	0	nan	nan	nan	nan	nan	nan
6	a	0	537811	0	nan	0	2	537811	0	0	0	nan	0	0	0	0	0	0	nan	0	0	0	nan	nan	nan	nan	nan	nan
7	a	0	537817	0	nan	0	2	537817	0	0	0	nan	0	0	0	0	0	0	nan	0	0	0	nan	nan	nan	nan	nan	nan
8	g	0	537839	0	nan	0	2	537839	0	0	0	nan	0	0	0	0	0	0	nan	0	0	0	nan	nan	nan	nan	nan	nan
9	g	0	538256	0	nan	0	2	538256	0	0	0	nan	0	0	0	0	0	0	nan	0	0	0	nan	nan	nan	nan	nan	nan
10	g	0	641818	0	nan	0	2	641818	0	0	0	nan	0	0	0	0	0	0	nan	0	0	0	nan	nan	nan	nan	nan	nan
11	u	0	642477	0	nan	0	2	642477	0	0	0	nan	0	0	0	0	0	0	nan	0	0	0	nan	nan	nan	nan	nan	nan
12	g	0	643399	0	nan	0	2	643399	0	0	0	nan	0	0	0	0	0	0	nan	0	0	0	nan	nan	nan	nan	nan	nan
13	a	0	643449	0	nan	0	2	643449	0	0	0	nan	0	0	0	0	0	0	nan	0	0	0	nan	nan	nan	nan	nan	nan
14	a	0	643452	0	nan	0	2	643452	0	0	0	nan	0	0	0	0	0	0	nan	0	0	0	nan	nan	nan	nan	nan	nan
15	g	0	643454	0	nan	5	2	643454	0	0	0	nan	0	0	0	0	0	0	nan	0	0	0	nan	nan	nan	nan	nan	nan
16	u	0	643488	0	nan	5	2	643488	0	0	0	nan	0	0	0	0	0	0	nan	0	0	0	nan	nan	nan	nan	nan	nan
17	g	0	643534	0	nan	5	2	643534	0	0	0	nan	0	0	0	0	0	0	nan	0	0	0	nan	nan	nan	nan	nan	nan
18	u	0	643650	0	nan	5	2	643650	0	0	0	nan	0	0	0	0	0	0	nan	0	0	0	nan	nan	nan	nan	nan	nan
19	a	0	643826	0	nan	5	2	643826	0	0	0	nan	0	0	0	0	0	0	nan	0	0	0	nan	nan	nan	nan	nan	nan
20	A	0	644169	338	0.000000	5	2	644169	0	0	0	nan	0	0	0	0	0	0	nan	0	0	0	0.000000	0.000000	nan	nan	nan	nan
21	G	0	644530	688	0.000000	5	2	644530	0	0	0	nan	0	0	0	0	0	0	nan	0	0	0	0.000000	0.000000	nan	nan	nan	nan
22	G	0	644842	986	0.000000	5	2	644842	0	0	0	nan	0	0	0	0	0	0	nan	0	0	0	0.000000	0.000000	nan	nan	nan	nan
23	U	0	644880	643581	0.000000	6	2	644880	0	0	0	nan	0	0	0	0	0	0	nan	0	0	0	0.000000	0.000000	0.000000	0.000000	nan	nan
24	U	576	644881	643374	0.000895	6	2	644881	0	0	0	nan	0	0	0	0	0	0	nan	0	0	0	0.000895	0.000037	0.000895	0.000037	nan	nan
25	G	297	644881	643409	0.000462	6	2	644881	0	0	0	nan	0	0	0	0	0	0	nan	0	0	0	0.000462	0.000027	0.000462	0.000027	nan	nan
26	A	255	644882	639350	0.000399	6	2	644882	0	0	0	nan	0	0	0	0	0	0	nan	0	0	0	0.000399	0.000025	0.000399	0.000025	0.081913	0.005132
27	A	3111	644883	638724	0.004871	6	2	644883	0	0	0	nan	0	0	0	0	0	0	nan	0	0	0	0.004871	0.000087	0.004871	0.000087	1.000000	0.017861
28	C	786	644884	637935	0.001232	6	2	644882	0	0	0	nan	0	0	0	0	0	0	nan	0	0	0	0.001232	0.000044	0.001232	0.000044	nan	nan
29	U	637	644887	641387	0.000993	6	2	644884	0	0	0	nan	0	0	0	0	0	0	nan	0	0	0	0.000993	0.000039	0.000993	0.000039	nan	nan
30	U	636	644897	641619	0.000991	6	2	644894	0	0	0	nan	0	0	0	0	0	0	nan	0	0	0	0.000991	0.000039	0.000991	0.000039	nan	nan
31	U	908	644916	642418	0.001413	6	2	644910	0	0	0	nan	0	0	0	0	0	0	nan	0	0	0	0.001413	0.000047	0.001413	0.000047	nan	nan
32	U	556	644961	643391	0.000864	6	2	644955	0	0	0	nan	0	0	0	0	0	0	nan	0	0	0	0.000864	0.000037	0.000864	0.000037	nan	nan
33	G	279	645094	643538	0.000434	6	2	645086	0	0	0	nan	0	0	0	0	0	0	nan	0	0	0	0.000434	0.000026	0.000434	0.000026	nan	nan
34	A	396	645186	643953	0.000615	6	2	645178	0	0	0	nan	0	0	0	0	0	0	nan	0	0	0	0.000615	0.000031	0.000615	0.000031	0.126257	0.006364
35	A	390	645189	643273	0.000606	6	2	645180	0	0	0	nan	0	0	0	0	0	0	nan	0	0	0	0.000606	0.000031	0.000606	0.000031	0.124410	0.006364
36	U	429	645189	643235	0.000667	6	2	645180	0	0	0	nan	0	0	0	0	0	0	nan	0	0	0	0.000667	0.000032	0.000667	0.000032	nan	nan
37	A	388	645190	643455	0.000603	6	2	645179	0	0	0	nan	0	0	0	0	0	0	nan	0	0	0	0.000603	0.000031	0.000603	0.000031	0.123794	0.006364
38	G	401	645201	642923	0.000624	6	2	645191	0	0	0	nan	0	0	0	0	0	0	nan	0	0	0	0.000624	0.000031	0.000624	0.000031	nan	nan
39	U	573	645204	643728	0.000890	6	2	645193	0	0	0	nan	0	0	0	0	0	0	nan	0	0	0	0.000890	0.000037	0.000890	0.000037	nan	nan
40	G	501	645212	643331	0.000779	6	2	645203	0	0	0	nan	0	0	0	0	0	0	nan	0	0	0	0.000779	0.000035	0.000779	0.000035	nan	nan
41	A	594	645217	643745	0.000923	6	2	645208	0	0	0	nan	0	0	0	0	0	0	nan	0	0	0	0.000923	0.000038	0.000923	0.000038	0.189489	0.007801
42	U	1071	645225	643156	0.001665	6	2	645218	0	0	0	nan	0	0	0	0	0	0	nan	0	0	0	0.001665	0.000051	0.001665	0.000051	nan	nan
43	U	735	645238	643118	0.001143	6	2	645228	0	0	0	nan	0	0	0	0	0	0	nan	0	0	0	0.001143	0.000042	0.001143	0.000042	nan	nan
44	C	1031	645244	643384	0.001602	6	3	645237	0	0	0	nan	0	0	0	0	0	0	nan	0	0	0	0.001602	0.000050	0.001602	0.000050	nan	nan
45	A	570	645251	643980	0.000885	6	4	645244	0	0	0	nan	0	0	0	0	0	0	nan	0	0	0	0.000885	0.000037	0.000885	0.000037	0.181688	0.007596
46	G	428	645268	644131	0.000664	6	4	645262	0	0	0	nan	0	0	0	0	0	0	nan	0	0	0	0.000664	0.000032	0.000664	0.000032	nan	nan
47	G	337	645272	644292	0.000523	6	4	645268	0	0	0	nan	0	0	0	0	0	0	nan	0	0	0	0.000523	0.000028	0.000523	0.000028	nan	nan
48	A	333	645275	644491	0.000517	6	4	645271	0	0	0	nan	0	0	0	0	0	0	nan	0	0	0	0.000517	0.000028	0.000517	0.000028	0.106138	0.005748
49	G	296	645293	644221	0.000459	6	4	645290	0	0	0	nan	0	0	0	0	0	0	nan	0	0	0	0.000459	0.000027	0.000459	0.000027	nan	nan
50	G	295	645296	644007	0.000458	6	4	645293	0	0	0	nan	0	0	0	0	0	0	nan	0	0	0	0.000458	0.000027	0.000458	0.000027	nan	nan
51	U	626	645296	643707	0.000972	6	4	645293	0	0	0	nan	0	0	0	0	0	0	nan	0	0	0	0.000972	0.000039	0.000972	0.000039	nan	nan
52	U	632	645298	643620	0.000982	6	4	645295	0	0	0	nan	0	0	0	0	0	0	nan	0	0	0	0.000982	0.000039	0.000982	0.000039	nan	nan
53	A	320	645297	643662	0.000497	6	4	645294	0	0	0	nan	0	0	0	0	0	0	nan	0	0	0	0.000497	0.000028	0.000497	0.000028	0.102032	0.005748
54	A	369	645070	643024	0.000574	5	4	645065	0	0	0	nan	0	0	0	0	0	0	nan	0	0	0	0.000574	0.000030	0.000574	0.000030	0.117840	0.006159
55	U	721	645070	642719	0.001122	5	4	645066	0	0	0	nan	0	0	0	0	0	0	nan	0	0	0	0.001122	0.000042	0.001122	0.000042	nan	nan
56	G	484	645071	642869	0.000753	5	4	645069	0	0	0	nan	0	0	0	0	0	0	nan	0	0	0	0.000753	0.000034	0.000753	0.000034	nan	nan
57	G	0	645072	643041	0.000000	5	4	645072	0	0	0	nan	0	0	0	0	0	0	nan	0	0	0	0.000000	0.000000	0.000000	0.000000	nan	nan
58	A	0	645073	0	nan	5	4	645073	0	0	0	nan	0	0	0	0	0	0	nan	0	0	0	nan	nan	nan	nan	nan	nan
59	A	0	645073	0	nan	5	4	645073	0	0	0	nan	0	0	0	0	0	0	nan	0	0	0	nan	nan	nan	nan	nan	nan
60	G	0	645073	0	nan	5	4	645073	0	0	0	nan	0	0	0	0	0	0	nan	0	0	0	nan	nan	nan	nan	nan	nan
61	u	0	645073	0	nan	5	4	645073	0	0	0	nan	0	0	0	0	0	0	nan	0	0	0	nan	nan	nan	nan	nan	nan
62	a	0	645073	0	nan	5	4	645073	0	0	0	nan	0	0	0	0	0	0	nan	0	0	0	nan	nan	nan	nan	nan	nan
63	a	0	645073	0	nan	5	4	645073	0	0	0	nan	0	0	0	0	0	0	nan	0	0	0	nan	nan	nan	nan	nan	nan
64	a	0	645073	0	nan	5	4	645073	0	0	0	nan	0	0	0	0	0	0	nan	0	0	0	nan	nan	nan	nan	nan	nan
65	g	0	645073	0	nan	5	4	645073	0	0	0	nan	0	0	0	0	0	0	nan	0	0	0	nan	nan	nan	nan	nan	nan
66	g	0	645073	0	nan	5	4	645073	0	0	0	nan	0	0	0	0	0	0	nan	0	0	0	nan	nan	nan	nan	nan	nan
67	u	0	645073	0	nan	5	4	645073	0	0	0	nan	0	0	0	0	0	0	nan	0	0	0	nan	nan	nan	nan	nan	nan
68	a	0	645073	0	nan	5	4	645073	0	0	0	nan	0	0	0	0	0	0	nan	0	0	0	nan	nan	nan	nan	nan	nan
69	a	0	645073	0	nan	5	4	645073	0	0	0	nan	0	0	0	0	0	0	nan	0	0	0	nan	nan	nan	nan	nan	nan
70	u	0	645073	0	nan	5	4	645073	0	0	0	nan	0	0	0	0	0	0	nan	0	0	0	nan	nan	nan	nan	nan	nan
71	g	0	645073	0	nan	5	4	645073	0	0	0	nan	0	0	0	0	0	0	nan	0	0	0	nan	nan	nan	nan	nan	nan
72	a	0	645073	0	nan	5	4	645073	0	0	0	nan	0	0	0	0	0	0	nan	0	0	0	nan	nan	nan	nan	nan	nan
73	a	0	645073	0	nan	5	4	645073	0	0	0	nan	0	0	0	0	0	0	nan	0	0	0	nan	nan	nan	nan	nan	nan
74	g	0	645073	0	nan	5	4	645073	0	0	0	nan	0	0	0	0	0	0	nan	0	0	0	nan	nan	nan	nan	nan	nan
75	g	0	645072	0	nan	5	4	645072	0	0	0	nan	0	0	0	0	0	0	nan	0	0	0	nan	nan	nan	nan	nan	nan
76	u	0	645068	0	nan	5	4	645068	0	0	0	nan	0	0	0	0	0	0	nan	0	0	0	nan	nan	nan	nan	nan	nan
77	g	0	645067	0	nan	5	4	645067	0	0	0	nan	0	0	0	0	0	0	nan	0	0	0	nan	nan	nan	nan	nan	nan
78	a	0	645060	0	nan	5	4	645060	0	0	0	nan	0	0	0	0	0	0	nan	0	0	0	nan	nan	nan	nan	nan	nan
79	a	0	644931	0	nan	5	4	644931	0	0	0	nan	0	0	0	0	0	0	nan	0	0	0	nan	nan	nan	nan	nan	nan
80	g	0	644698	0	nan	5	4	644698	0	0	0	nan	0	0	0	0	0	0	nan	0	0	0	nan	nan	nan	nan	nan	nan