Nucleotide	Sequence	Modified_mutations	Modified_read_depth	Modified_effective_depth	Modified_rate	Modified_off_target_mapped_depth	Modified_low_mapq_mapped_depth	Modified_primer_pair_1_mapped_depth	Untreated_mutations	Untreated_read_depth	Untreated_effective_depth	Untreated_rate	Untreated_off_target_mapped_depth	Untreated_low_mapq_mapped_depth	Untreated_primer_pair_1_mapped_depth	Denatured_mutations	Denatured_read_depth	Denatured_effective_depth	Denatured_rate	Denatured_off_target_mapped_depth	Denatured_low_mapq_mapped_depth	Denatured_primer_pair_1_mapped_depth	Reactivity_profile	Std_err	HQ_profile	HQ_stderr	Norm_profile	Norm_stderr
1	g	0	173099	0	nan	13	0	173099	0	0	0	nan	0	0	0	0	0	0	nan	0	0	0	nan	nan	nan	nan	nan	nan
2	g	0	173406	0	nan	13	0	173406	0	0	0	nan	0	0	0	0	0	0	nan	0	0	0	nan	nan	nan	nan	nan	nan
3	c	0	173509	0	nan	13	0	173509	0	0	0	nan	0	0	0	0	0	0	nan	0	0	0	nan	nan	nan	nan	nan	nan
4	a	0	176815	0	nan	38	0	176815	0	0	0	nan	0	0	0	0	0	0	nan	0	0	0	nan	nan	nan	nan	nan	nan
5	c	0	176894	0	nan	38	0	176894	0	0	0	nan	0	0	0	0	0	0	nan	0	0	0	nan	nan	nan	nan	nan	nan
6	c	0	176914	0	nan	38	0	176914	0	0	0	nan	0	0	0	0	0	0	nan	0	0	0	nan	nan	nan	nan	nan	nan
7	u	0	176921	0	nan	38	0	176921	0	0	0	nan	0	0	0	0	0	0	nan	0	0	0	nan	nan	nan	nan	nan	nan
8	c	0	176922	0	nan	38	0	176922	0	0	0	nan	0	0	0	0	0	0	nan	0	0	0	nan	nan	nan	nan	nan	nan
9	a	0	176923	0	nan	38	0	176923	0	0	0	nan	0	0	0	0	0	0	nan	0	0	0	nan	nan	nan	nan	nan	nan
10	u	0	176946	0	nan	38	0	176946	0	0	0	nan	0	0	0	0	0	0	nan	0	0	0	nan	nan	nan	nan	nan	nan
11	a	0	176953	0	nan	38	0	176953	0	0	0	nan	0	0	0	0	0	0	nan	0	0	0	nan	nan	nan	nan	nan	nan
12	a	0	176958	0	nan	38	0	176958	0	0	0	nan	0	0	0	0	0	0	nan	0	0	0	nan	nan	nan	nan	nan	nan
13	c	0	176961	0	nan	38	0	176961	0	0	0	nan	0	0	0	0	0	0	nan	0	0	0	nan	nan	nan	nan	nan	nan
14	a	0	176962	0	nan	38	0	176962	0	0	0	nan	0	0	0	0	0	0	nan	0	0	0	nan	nan	nan	nan	nan	nan
15	u	0	176962	0	nan	38	0	176962	0	0	0	nan	0	0	0	0	0	0	nan	0	0	0	nan	nan	nan	nan	nan	nan
16	a	0	176965	0	nan	38	0	176965	0	0	0	nan	0	0	0	0	0	0	nan	0	0	0	nan	nan	nan	nan	nan	nan
17	a	0	176969	0	nan	38	0	176969	0	0	0	nan	0	0	0	0	0	0	nan	0	0	0	nan	nan	nan	nan	nan	nan
18	c	0	176972	0	nan	38	0	176972	0	0	0	nan	0	0	0	0	0	0	nan	0	0	0	nan	nan	nan	nan	nan	nan
19	U	0	176975	2	0.000000	38	0	176975	0	0	0	nan	0	0	0	0	0	0	nan	0	0	0	0.000000	0.000000	nan	nan	nan	nan
20	A	0	176980	3	0.000000	38	0	176980	0	0	0	nan	0	0	0	0	0	0	nan	0	0	0	0.000000	0.000000	nan	nan	nan	nan
21	A	0	176988	9	0.000000	38	0	176988	0	0	0	nan	0	0	0	0	0	0	nan	0	0	0	0.000000	0.000000	nan	nan	nan	nan
22	G	0	176992	175444	0.000000	38	0	176992	0	0	0	nan	0	0	0	0	0	0	nan	0	0	0	0.000000	0.000000	0.000000	0.000000	nan	nan
23	G	124	176995	174973	0.000709	38	0	176995	0	0	0	nan	0	0	0	0	0	0	nan	0	0	0	0.000709	0.000064	0.000709	0.000064	nan	nan
24	C	225	177002	175721	0.001280	38	0	177002	0	0	0	nan	0	0	0	0	0	0	nan	0	0	0	0.001280	0.000085	0.001280	0.000085	nan	nan
25	A	407	177014	176180	0.002310	38	0	177014	0	0	0	nan	0	0	0	0	0	0	nan	0	0	0	0.002310	0.000115	0.002310	0.000115	0.266068	0.013246
26	G	97	177019	176095	0.000551	38	0	177018	0	0	0	nan	0	0	0	0	0	0	nan	0	0	0	0.000551	0.000056	0.000551	0.000056	nan	nan
27	A	1529	177029	176120	0.008682	38	0	177028	0	0	0	nan	0	0	0	0	0	0	nan	0	0	0	0.008682	0.000222	0.008682	0.000222	1.000000	0.025570
28	U	213	177040	175836	0.001211	38	0	177037	0	0	0	nan	0	0	0	0	0	0	nan	0	0	0	0.001211	0.000083	0.001211	0.000083	nan	nan
29	C	2529	177042	176026	0.014367	38	0	177038	0	0	0	nan	0	0	0	0	0	0	nan	0	0	0	0.014367	0.000286	0.014367	0.000286	nan	nan
30	U	258	177045	176036	0.001466	38	0	177041	0	0	0	nan	0	0	0	0	0	0	nan	0	0	0	0.001466	0.000091	0.001466	0.000091	nan	nan
31	G	120	177047	175976	0.000682	38	0	177045	0	0	0	nan	0	0	0	0	0	0	nan	0	0	0	0.000682	0.000062	0.000682	0.000062	nan	nan
32	A	313	177047	176208	0.001776	38	0	177045	0	0	0	nan	0	0	0	0	0	0	nan	0	0	0	0.001776	0.000100	0.001776	0.000100	0.204561	0.011518
33	G	106	177052	175709	0.000603	38	0	177048	0	0	0	nan	0	0	0	0	0	0	nan	0	0	0	0.000603	0.000059	0.000603	0.000059	nan	nan
34	C	209	177055	175514	0.001191	38	0	177047	0	0	0	nan	0	0	0	0	0	0	nan	0	0	0	0.001191	0.000082	0.001191	0.000082	nan	nan
35	U	334	177056	175051	0.001908	38	0	177045	0	0	0	nan	0	0	0	0	0	0	nan	0	0	0	0.001908	0.000104	0.001908	0.000104	nan	nan
36	U	219	177058	174542	0.001255	38	0	177030	0	0	0	nan	0	0	0	0	0	0	nan	0	0	0	0.001255	0.000085	0.001255	0.000085	nan	nan
37	G	134	177059	174682	0.000767	38	0	177012	0	0	0	nan	0	0	0	0	0	0	nan	0	0	0	0.000767	0.000066	0.000767	0.000066	nan	nan
38	G	143	177061	170234	0.000840	38	0	177016	0	0	0	nan	0	0	0	0	0	0	nan	0	0	0	0.000840	0.000070	0.000840	0.000070	nan	nan
39	G	133	177065	169761	0.000783	38	0	177027	0	0	0	nan	0	0	0	0	0	0	nan	0	0	0	0.000783	0.000068	0.000783	0.000068	nan	nan
40	A	1059	177067	170914	0.006196	38	0	177037	0	0	0	nan	0	0	0	0	0	0	nan	0	0	0	0.006196	0.000190	0.006196	0.000190	0.713660	0.021884
41	G	219	177072	175104	0.001251	38	0	177056	0	0	0	nan	0	0	0	0	0	0	nan	0	0	0	0.001251	0.000085	0.001251	0.000085	nan	nan
42	C	124	177075	176176	0.000704	17	0	177066	0	0	0	nan	0	0	0	0	0	0	nan	0	0	0	0.000704	0.000063	0.000704	0.000063	nan	nan
43	U	152	177078	176352	0.000862	17	0	177072	0	0	0	nan	0	0	0	0	0	0	nan	0	0	0	0.000862	0.000070	0.000862	0.000070	nan	nan
44	C	127	177079	176450	0.000720	17	0	177073	0	0	0	nan	0	0	0	0	0	0	nan	0	0	0	0.000720	0.000064	0.000720	0.000064	nan	nan
45	U	168	177079	176570	0.000951	17	0	177074	0	0	0	nan	0	0	0	0	0	0	nan	0	0	0	0.000951	0.000073	0.000951	0.000073	nan	nan
46	C	201	177078	176585	0.001138	17	0	177070	0	0	0	nan	0	0	0	0	0	0	nan	0	0	0	0.001138	0.000080	0.001138	0.000080	nan	nan
47	U	196	177076	176482	0.001111	17	0	177069	0	0	0	nan	0	0	0	0	0	0	nan	0	0	0	0.001111	0.000079	0.001111	0.000079	nan	nan
48	G	100	177077	175952	0.000568	17	0	177070	0	0	0	nan	0	0	0	0	0	0	nan	0	0	0	0.000568	0.000057	0.000568	0.000057	nan	nan
49	C	220	177077	175919	0.001251	17	0	177072	0	0	0	nan	0	0	0	0	0	0	nan	0	0	0	0.001251	0.000084	0.001251	0.000084	nan	nan
50	C	214	177077	175836	0.001217	17	0	177073	0	0	0	nan	0	0	0	0	0	0	nan	0	0	0	0.001217	0.000083	0.001217	0.000083	nan	nan
51	A	2411	177079	176010	0.013698	17	0	177077	0	0	0	nan	0	0	0	0	0	0	nan	0	0	0	0.013698	0.000279	0.013698	0.000279	1.577747	0.032135
52	A	0	177078	175355	0.000000	17	0	177078	0	0	0	nan	0	0	0	0	0	0	nan	0	0	0	0.000000	0.000000	0.000000	0.000000	0.000000	0.000000
53	U	0	177072	159	0.000000	13	0	177072	0	0	0	nan	0	0	0	0	0	0	nan	0	0	0	0.000000	0.000000	nan	nan	nan	nan
54	C	0	176882	1	0.000000	13	0	176882	0	0	0	nan	0	0	0	0	0	0	nan	0	0	0	0.000000	0.000000	nan	nan	nan	nan
55	C	0	176880	0	nan	13	0	176880	0	0	0	nan	0	0	0	0	0	0	nan	0	0	0	nan	nan	nan	nan	nan	nan
56	a	0	176880	0	nan	13	0	176880	0	0	0	nan	0	0	0	0	0	0	nan	0	0	0	nan	nan	nan	nan	nan	nan
57	c	0	176880	0	nan	13	0	176880	0	0	0	nan	0	0	0	0	0	0	nan	0	0	0	nan	nan	nan	nan	nan	nan
58	u	0	176880	0	nan	13	0	176880	0	0	0	nan	0	0	0	0	0	0	nan	0	0	0	nan	nan	nan	nan	nan	nan
59	a	0	176880	0	nan	13	0	176880	0	0	0	nan	0	0	0	0	0	0	nan	0	0	0	nan	nan	nan	nan	nan	nan
60	a	0	176880	0	nan	13	0	176880	0	0	0	nan	0	0	0	0	0	0	nan	0	0	0	nan	nan	nan	nan	nan	nan
61	c	0	176880	0	nan	7	0	176880	0	0	0	nan	0	0	0	0	0	0	nan	0	0	0	nan	nan	nan	nan	nan	nan
62	c	0	176880	0	nan	6	0	176880	0	0	0	nan	0	0	0	0	0	0	nan	0	0	0	nan	nan	nan	nan	nan	nan
63	u	0	176880	0	nan	0	0	176880	0	0	0	nan	0	0	0	0	0	0	nan	0	0	0	nan	nan	nan	nan	nan	nan
64	c	0	176880	0	nan	0	0	176880	0	0	0	nan	0	0	0	0	0	0	nan	0	0	0	nan	nan	nan	nan	nan	nan
65	a	0	176880	0	nan	0	0	176880	0	0	0	nan	0	0	0	0	0	0	nan	0	0	0	nan	nan	nan	nan	nan	nan
66	c	0	176877	0	nan	0	0	176877	0	0	0	nan	0	0	0	0	0	0	nan	0	0	0	nan	nan	nan	nan	nan	nan
67	u	0	176876	0	nan	0	0	176876	0	0	0	nan	0	0	0	0	0	0	nan	0	0	0	nan	nan	nan	nan	nan	nan
68	c	0	176876	0	nan	0	0	176876	0	0	0	nan	0	0	0	0	0	0	nan	0	0	0	nan	nan	nan	nan	nan	nan
69	a	0	176875	0	nan	0	0	176875	0	0	0	nan	0	0	0	0	0	0	nan	0	0	0	nan	nan	nan	nan	nan	nan
70	c	0	176864	0	nan	0	0	176864	0	0	0	nan	0	0	0	0	0	0	nan	0	0	0	nan	nan	nan	nan	nan	nan
71	a	0	176863	0	nan	0	0	176863	0	0	0	nan	0	0	0	0	0	0	nan	0	0	0	nan	nan	nan	nan	nan	nan
72	a	0	176818	0	nan	0	0	176818	0	0	0	nan	0	0	0	0	0	0	nan	0	0	0	nan	nan	nan	nan	nan	nan
73	u	0	176726	0	nan	0	0	176726	0	0	0	nan	0	0	0	0	0	0	nan	0	0	0	nan	nan	nan	nan	nan	nan
74	c	0	176460	0	nan	0	0	176460	0	0	0	nan	0	0	0	0	0	0	nan	0	0	0	nan	nan	nan	nan	nan	nan