Nucleotide	Sequence	Modified_mutations	Modified_read_depth	Modified_effective_depth	Modified_rate	Modified_off_target_mapped_depth	Modified_low_mapq_mapped_depth	Modified_primer_pair_1_mapped_depth	Untreated_mutations	Untreated_read_depth	Untreated_effective_depth	Untreated_rate	Untreated_off_target_mapped_depth	Untreated_low_mapq_mapped_depth	Untreated_primer_pair_1_mapped_depth	Denatured_mutations	Denatured_read_depth	Denatured_effective_depth	Denatured_rate	Denatured_off_target_mapped_depth	Denatured_low_mapq_mapped_depth	Denatured_primer_pair_1_mapped_depth	Reactivity_profile	Std_err	HQ_profile	HQ_stderr	Norm_profile	Norm_stderr
1	g	0	5340142	0	nan	1	495	5340142	0	0	0	nan	0	0	0	0	0	0	nan	0	0	0	nan	nan	nan	nan	nan	nan
2	g	0	5447904	0	nan	1	497	5447904	0	0	0	nan	0	0	0	0	0	0	nan	0	0	0	nan	nan	nan	nan	nan	nan
3	u	0	5484796	0	nan	1	502	5484796	0	0	0	nan	0	0	0	0	0	0	nan	0	0	0	nan	nan	nan	nan	nan	nan
4	g	0	5495371	0	nan	1	512	5495371	0	0	0	nan	0	0	0	0	0	0	nan	0	0	0	nan	nan	nan	nan	nan	nan
5	u	0	5501775	0	nan	1	515	5501775	0	0	0	nan	0	0	0	0	0	0	nan	0	0	0	nan	nan	nan	nan	nan	nan
6	a	0	5509952	0	nan	1	520	5509952	0	0	0	nan	0	0	0	0	0	0	nan	0	0	0	nan	nan	nan	nan	nan	nan
7	a	0	5513071	0	nan	1	521	5513071	0	0	0	nan	0	0	0	0	0	0	nan	0	0	0	nan	nan	nan	nan	nan	nan
8	g	0	5514613	0	nan	1	522	5514613	0	0	0	nan	0	0	0	0	0	0	nan	0	0	0	nan	nan	nan	nan	nan	nan
9	g	0	5516819	0	nan	1	527	5516819	0	0	0	nan	0	0	0	0	0	0	nan	0	0	0	nan	nan	nan	nan	nan	nan
10	g	0	5520653	0	nan	1	527	5520653	0	0	0	nan	0	0	0	0	0	0	nan	0	0	0	nan	nan	nan	nan	nan	nan
11	u	0	5526465	0	nan	1	527	5526465	0	0	0	nan	0	0	0	0	0	0	nan	0	0	0	nan	nan	nan	nan	nan	nan
12	g	0	5540605	0	nan	90	532	5540605	0	0	0	nan	0	0	0	0	0	0	nan	0	0	0	nan	nan	nan	nan	nan	nan
13	a	0	5556637	0	nan	94	532	5556637	0	0	0	nan	0	0	0	0	0	0	nan	0	0	0	nan	nan	nan	nan	nan	nan
14	a	0	5573377	0	nan	139	533	5573377	0	0	0	nan	0	0	0	0	0	0	nan	0	0	0	nan	nan	nan	nan	nan	nan
15	g	0	5586031	0	nan	387	533	5586031	0	0	0	nan	0	0	0	0	0	0	nan	0	0	0	nan	nan	nan	nan	nan	nan
16	u	0	5600409	0	nan	393	533	5600409	0	0	0	nan	0	0	0	0	0	0	nan	0	0	0	nan	nan	nan	nan	nan	nan
17	g	0	5607179	0	nan	397	535	5607179	0	0	0	nan	0	0	0	0	0	0	nan	0	0	0	nan	nan	nan	nan	nan	nan
18	u	0	5611698	0	nan	401	541	5611698	0	0	0	nan	0	0	0	0	0	0	nan	0	0	0	nan	nan	nan	nan	nan	nan
19	a	0	5615215	0	nan	401	548	5615215	0	0	0	nan	0	0	0	0	0	0	nan	0	0	0	nan	nan	nan	nan	nan	nan
20	A	0	5616536	319	0.000000	401	548	5616536	0	0	0	nan	0	0	0	0	0	0	nan	0	0	0	0.000000	0.000000	nan	nan	nan	nan
21	G	0	5617096	284	0.000000	401	549	5617096	0	0	0	nan	0	0	0	0	0	0	nan	0	0	0	0.000000	0.000000	nan	nan	nan	nan
22	G	0	5617880	458	0.000000	401	549	5617880	0	0	0	nan	0	0	0	0	0	0	nan	0	0	0	0.000000	0.000000	nan	nan	nan	nan
23	U	0	5620250	4780922	0.000000	401	549	5620250	0	0	0	nan	0	0	0	0	0	0	nan	0	0	0	0.000000	0.000000	0.000000	0.000000	0.000000	0.000000
24	U	9806	5622181	4868168	0.002014	401	549	5622181	0	0	0	nan	0	0	0	0	0	0	nan	0	0	0	0.002014	0.000020	0.002014	0.000020	0.551328	0.005475
25	G	3207	5630337	4941768	0.000649	401	549	5630337	0	0	0	nan	0	0	0	0	0	0	nan	0	0	0	0.000649	0.000011	0.000649	0.000011	0.172756	0.002928
26	A	8861	5647265	5122097	0.001730	401	549	5647173	0	0	0	nan	0	0	0	0	0	0	nan	0	0	0	0.001730	0.000018	0.001730	0.000018	0.567585	0.005906
27	A	16453	5651799	4981263	0.003303	401	549	5651657	0	0	0	nan	0	0	0	0	0	0	nan	0	0	0	0.003303	0.000026	0.003303	0.000026	1.083661	0.008530
28	C	19692	5652615	4814054	0.004091	401	549	5652420	0	0	0	nan	0	0	0	0	0	0	nan	0	0	0	0.004091	0.000029	0.004091	0.000029	1.207943	0.008563
29	U	13278	5654338	4732321	0.002806	402	549	5654133	0	0	0	nan	0	0	0	0	0	0	nan	0	0	0	0.002806	0.000024	0.002806	0.000024	0.768136	0.006570
30	U	6527	5656507	4733874	0.001379	403	549	5656286	0	0	0	nan	0	0	0	0	0	0	nan	0	0	0	0.001379	0.000017	0.001379	0.000017	0.377498	0.004654
31	U	5723	5659240	4650026	0.001231	403	549	5658995	0	0	0	nan	0	0	0	0	0	0	nan	0	0	0	0.001231	0.000016	0.001231	0.000016	0.336983	0.004380
32	U	19970	5662702	4698238	0.004251	403	549	5662436	0	0	0	nan	0	0	0	0	0	0	nan	0	0	0	0.004251	0.000030	0.004251	0.000030	1.163701	0.008212
33	G	3623	5706527	4807208	0.000754	403	549	5706237	0	0	0	nan	0	0	0	0	0	0	nan	0	0	0	0.000754	0.000013	0.000754	0.000013	0.200705	0.003460
34	A	2094	5755043	5275056	0.000397	403	549	5754809	0	0	0	nan	0	0	0	0	0	0	nan	0	0	0	0.000397	0.000009	0.000397	0.000009	0.130249	0.002953
35	A	12282	5774059	5336408	0.002302	403	549	5773830	0	0	0	nan	0	0	0	0	0	0	nan	0	0	0	0.002302	0.000021	0.002302	0.000021	0.755249	0.006890
36	U	2922	5777180	5299674	0.000551	403	549	5776950	0	0	0	nan	0	0	0	0	0	0	nan	0	0	0	0.000551	0.000010	0.000551	0.000010	0.150835	0.002737
37	A	8016	5780429	4994976	0.001605	403	549	5780200	0	0	0	nan	0	0	0	0	0	0	nan	0	0	0	0.001605	0.000018	0.001605	0.000018	0.526575	0.005906
38	G	5653	5781143	4908844	0.001152	418	549	5780918	0	0	0	nan	0	0	0	0	0	0	nan	0	0	0	0.001152	0.000015	0.001152	0.000015	0.306648	0.003993
39	U	4905	5783136	4796456	0.001023	419	549	5782911	0	0	0	nan	0	0	0	0	0	0	nan	0	0	0	0.001023	0.000015	0.001023	0.000015	0.280044	0.004106
40	G	5394	5785714	4901934	0.001100	419	549	5785485	0	0	0	nan	0	0	0	0	0	0	nan	0	0	0	0.001100	0.000015	0.001100	0.000015	0.292806	0.003993
41	A	14949	5801340	4903964	0.003048	419	549	5801125	0	0	0	nan	0	0	0	0	0	0	nan	0	0	0	0.003048	0.000025	0.003048	0.000025	1.000000	0.008202
42	U	16479	5805618	4865898	0.003387	419	549	5805402	0	0	0	nan	0	0	0	0	0	0	nan	0	0	0	0.003387	0.000026	0.003387	0.000026	0.927183	0.007117
43	U	7292	5813783	4863610	0.001499	420	549	5813563	0	0	0	nan	0	0	0	0	0	0	nan	0	0	0	0.001499	0.000018	0.001499	0.000018	0.410348	0.004927
44	C	6272	5832912	4924945	0.001274	420	549	5832697	0	0	0	nan	0	0	0	0	0	0	nan	0	0	0	0.001274	0.000016	0.001274	0.000016	0.376172	0.004724
45	A	4930	5846397	4941592	0.000998	419	549	5846170	0	0	0	nan	0	0	0	0	0	0	nan	0	0	0	0.000998	0.000014	0.000998	0.000014	0.327428	0.004593
46	G	3219	5852354	4751836	0.000677	419	549	5852134	0	0	0	nan	0	0	0	0	0	0	nan	0	0	0	0.000677	0.000012	0.000677	0.000012	0.180209	0.003194
47	G	10208	5866044	4812325	0.002121	419	549	5865827	0	0	0	nan	0	0	0	0	0	0	nan	0	0	0	0.002121	0.000021	0.002121	0.000021	0.564584	0.005590
48	A	2423	5892740	4668538	0.000519	419	549	5892522	0	0	0	nan	0	0	0	0	0	0	nan	0	0	0	0.000519	0.000011	0.000519	0.000011	0.170276	0.003609
49	G	41840	5897286	4828937	0.008664	418	549	5897095	0	0	0	nan	0	0	0	0	0	0	nan	0	0	0	0.008664	0.000042	0.008664	0.000042	2.306249	0.011180
50	G	2792	5918360	4647642	0.000601	416	549	5918222	0	0	0	nan	0	0	0	0	0	0	nan	0	0	0	0.000601	0.000011	0.000601	0.000011	0.159979	0.002928
51	U	17902	5925660	4900041	0.003653	416	549	5925559	0	0	0	nan	0	0	0	0	0	0	nan	0	0	0	0.003653	0.000027	0.003653	0.000027	1.000000	0.007391
52	U	10933	5938535	4910426	0.002226	415	549	5938456	0	0	0	nan	0	0	0	0	0	0	nan	0	0	0	0.002226	0.000021	0.002226	0.000021	0.609362	0.005749
53	A	2192	5950786	5314886	0.000412	415	549	5950724	0	0	0	nan	0	0	0	0	0	0	nan	0	0	0	0.000412	0.000009	0.000412	0.000009	0.135171	0.002953
54	A	2713	5957312	5341498	0.000508	415	549	5957264	0	0	0	nan	0	0	0	0	0	0	nan	0	0	0	0.000508	0.000010	0.000508	0.000010	0.166667	0.003281
55	U	12109	5958087	5105101	0.002372	414	549	5958043	0	0	0	nan	0	0	0	0	0	0	nan	0	0	0	0.002372	0.000022	0.002372	0.000022	0.649329	0.006022
56	G	3991	5960000	4743348	0.000841	413	549	5959963	0	0	0	nan	0	0	0	0	0	0	nan	0	0	0	0.000841	0.000013	0.000841	0.000013	0.223864	0.003460
57	G	0	5961729	4850365	0.000000	413	549	5961716	0	0	0	nan	0	0	0	0	0	0	nan	0	0	0	0.000000	0.000000	0.000000	0.000000	0.000000	0.000000
58	A	0	5965163	46	0.000000	410	549	5965163	0	0	0	nan	0	0	0	0	0	0	nan	0	0	0	0.000000	0.000000	nan	nan	nan	nan
59	A	0	5965116	60	0.000000	410	549	5965116	0	0	0	nan	0	0	0	0	0	0	nan	0	0	0	0.000000	0.000000	nan	nan	nan	nan
60	G	0	5965040	33	0.000000	407	549	5965040	0	0	0	nan	0	0	0	0	0	0	nan	0	0	0	0.000000	0.000000	nan	nan	nan	nan
61	u	0	5964974	0	nan	407	549	5964974	0	0	0	nan	0	0	0	0	0	0	nan	0	0	0	nan	nan	nan	nan	nan	nan
62	a	0	5964827	0	nan	404	549	5964827	0	0	0	nan	0	0	0	0	0	0	nan	0	0	0	nan	nan	nan	nan	nan	nan
63	a	0	5964769	0	nan	402	549	5964769	0	0	0	nan	0	0	0	0	0	0	nan	0	0	0	nan	nan	nan	nan	nan	nan
64	a	0	5964753	0	nan	399	549	5964753	0	0	0	nan	0	0	0	0	0	0	nan	0	0	0	nan	nan	nan	nan	nan	nan
65	g	0	5964736	0	nan	399	545	5964736	0	0	0	nan	0	0	0	0	0	0	nan	0	0	0	nan	nan	nan	nan	nan	nan
66	g	0	5964722	0	nan	399	543	5964722	0	0	0	nan	0	0	0	0	0	0	nan	0	0	0	nan	nan	nan	nan	nan	nan
67	u	0	5964709	0	nan	399	543	5964709	0	0	0	nan	0	0	0	0	0	0	nan	0	0	0	nan	nan	nan	nan	nan	nan
68	a	0	5964686	0	nan	399	543	5964686	0	0	0	nan	0	0	0	0	0	0	nan	0	0	0	nan	nan	nan	nan	nan	nan
69	a	0	5964663	0	nan	399	543	5964663	0	0	0	nan	0	0	0	0	0	0	nan	0	0	0	nan	nan	nan	nan	nan	nan
70	u	0	5964639	0	nan	399	543	5964639	0	0	0	nan	0	0	0	0	0	0	nan	0	0	0	nan	nan	nan	nan	nan	nan
71	g	0	5964566	0	nan	397	540	5964566	0	0	0	nan	0	0	0	0	0	0	nan	0	0	0	nan	nan	nan	nan	nan	nan
72	a	0	5964432	0	nan	387	537	5964432	0	0	0	nan	0	0	0	0	0	0	nan	0	0	0	nan	nan	nan	nan	nan	nan
73	a	0	5964409	0	nan	385	537	5964409	0	0	0	nan	0	0	0	0	0	0	nan	0	0	0	nan	nan	nan	nan	nan	nan
74	g	0	5964362	0	nan	385	531	5964362	0	0	0	nan	0	0	0	0	0	0	nan	0	0	0	nan	nan	nan	nan	nan	nan
75	g	0	5964305	0	nan	384	531	5964305	0	0	0	nan	0	0	0	0	0	0	nan	0	0	0	nan	nan	nan	nan	nan	nan
76	u	0	5964198	0	nan	384	527	5964198	0	0	0	nan	0	0	0	0	0	0	nan	0	0	0	nan	nan	nan	nan	nan	nan
77	g	0	5964091	0	nan	384	523	5964091	0	0	0	nan	0	0	0	0	0	0	nan	0	0	0	nan	nan	nan	nan	nan	nan
78	a	0	5963964	0	nan	363	523	5963964	0	0	0	nan	0	0	0	0	0	0	nan	0	0	0	nan	nan	nan	nan	nan	nan
79	a	0	5960731	0	nan	356	520	5960731	0	0	0	nan	0	0	0	0	0	0	nan	0	0	0	nan	nan	nan	nan	nan	nan
80	g	0	5958317	0	nan	352	516	5958317	0	0	0	nan	0	0	0	0	0	0	nan	0	0	0	nan	nan	nan	nan	nan	nan