Nucleotide	Sequence	Modified_mutations	Modified_read_depth	Modified_effective_depth	Modified_rate	Modified_off_target_mapped_depth	Modified_low_mapq_mapped_depth	Modified_primer_pair_1_mapped_depth	Untreated_mutations	Untreated_read_depth	Untreated_effective_depth	Untreated_rate	Untreated_off_target_mapped_depth	Untreated_low_mapq_mapped_depth	Untreated_primer_pair_1_mapped_depth	Denatured_mutations	Denatured_read_depth	Denatured_effective_depth	Denatured_rate	Denatured_off_target_mapped_depth	Denatured_low_mapq_mapped_depth	Denatured_primer_pair_1_mapped_depth	Reactivity_profile	Std_err	HQ_profile	HQ_stderr	Norm_profile	Norm_stderr
1	g	0	39573	0	nan	2	1	39573	0	0	0	nan	0	0	0	0	0	0	nan	0	0	0	nan	nan	nan	nan	nan	nan
2	g	0	39604	0	nan	2	1	39604	0	0	0	nan	0	0	0	0	0	0	nan	0	0	0	nan	nan	nan	nan	nan	nan
3	u	0	39627	0	nan	2	1	39627	0	0	0	nan	0	0	0	0	0	0	nan	0	0	0	nan	nan	nan	nan	nan	nan
4	g	0	39640	0	nan	2	1	39640	0	0	0	nan	0	0	0	0	0	0	nan	0	0	0	nan	nan	nan	nan	nan	nan
5	u	0	39648	0	nan	2	1	39648	0	0	0	nan	0	0	0	0	0	0	nan	0	0	0	nan	nan	nan	nan	nan	nan
6	a	0	39677	0	nan	2	1	39677	0	0	0	nan	0	0	0	0	0	0	nan	0	0	0	nan	nan	nan	nan	nan	nan
7	a	0	39741	0	nan	2	1	39741	0	0	0	nan	0	0	0	0	0	0	nan	0	0	0	nan	nan	nan	nan	nan	nan
8	g	0	39899	0	nan	2	1	39899	0	0	0	nan	0	0	0	0	0	0	nan	0	0	0	nan	nan	nan	nan	nan	nan
9	g	0	41770	0	nan	2	1	41770	0	0	0	nan	0	0	0	0	0	0	nan	0	0	0	nan	nan	nan	nan	nan	nan
10	g	0	245158	0	nan	2	1	245158	0	0	0	nan	0	0	0	0	0	0	nan	0	0	0	nan	nan	nan	nan	nan	nan
11	u	0	253549	0	nan	2	1	253549	0	0	0	nan	0	0	0	0	0	0	nan	0	0	0	nan	nan	nan	nan	nan	nan
12	g	0	253787	0	nan	2	1	253787	0	0	0	nan	0	0	0	0	0	0	nan	0	0	0	nan	nan	nan	nan	nan	nan
13	a	0	253813	0	nan	2	1	253813	0	0	0	nan	0	0	0	0	0	0	nan	0	0	0	nan	nan	nan	nan	nan	nan
14	a	0	253824	0	nan	2	1	253824	0	0	0	nan	0	0	0	0	0	0	nan	0	0	0	nan	nan	nan	nan	nan	nan
15	g	0	253875	0	nan	6	1	253875	0	0	0	nan	0	0	0	0	0	0	nan	0	0	0	nan	nan	nan	nan	nan	nan
16	u	0	253900	0	nan	6	1	253900	0	0	0	nan	0	0	0	0	0	0	nan	0	0	0	nan	nan	nan	nan	nan	nan
17	g	0	253917	0	nan	6	1	253917	0	0	0	nan	0	0	0	0	0	0	nan	0	0	0	nan	nan	nan	nan	nan	nan
18	u	0	253927	0	nan	6	1	253927	0	0	0	nan	0	0	0	0	0	0	nan	0	0	0	nan	nan	nan	nan	nan	nan
19	a	0	254000	0	nan	6	1	254000	0	0	0	nan	0	0	0	0	0	0	nan	0	0	0	nan	nan	nan	nan	nan	nan
20	A	0	254027	10	0.000000	6	1	254027	0	0	0	nan	0	0	0	0	0	0	nan	0	0	0	0.000000	0.000000	nan	nan	nan	nan
21	G	0	254086	33	0.000000	6	1	254086	0	0	0	nan	0	0	0	0	0	0	nan	0	0	0	0.000000	0.000000	nan	nan	nan	nan
22	G	0	254101	33	0.000000	6	1	254101	0	0	0	nan	0	0	0	0	0	0	nan	0	0	0	0.000000	0.000000	nan	nan	nan	nan
23	U	0	254114	243281	0.000000	6	1	254114	0	0	0	nan	0	0	0	0	0	0	nan	0	0	0	0.000000	0.000000	0.000000	0.000000	nan	nan
24	U	201	254126	250102	0.000804	6	1	254126	0	0	0	nan	0	0	0	0	0	0	nan	0	0	0	0.000804	0.000057	0.000804	0.000057	nan	nan
25	G	214	254134	249963	0.000856	6	1	254134	0	0	0	nan	0	0	0	0	0	0	nan	0	0	0	0.000856	0.000059	0.000856	0.000059	nan	nan
26	A	6155	254144	247782	0.024840	6	1	254144	0	0	0	nan	0	0	0	0	0	0	nan	0	0	0	0.024840	0.000317	0.024840	0.000317	1.090765	0.013920
27	A	6523	254151	246669	0.026444	6	1	254151	0	0	0	nan	0	0	0	0	0	0	nan	0	0	0	0.026444	0.000327	0.026444	0.000327	1.161200	0.014359
28	C	3934	254161	245506	0.016024	6	1	254161	0	0	0	nan	0	0	0	0	0	0	nan	0	0	0	0.016024	0.000255	0.016024	0.000255	1.237255	0.019689
29	U	192	254176	247193	0.000777	6	1	254175	0	0	0	nan	0	0	0	0	0	0	nan	0	0	0	0.000777	0.000056	0.000777	0.000056	nan	nan
30	U	132	254202	247554	0.000533	6	1	254198	0	0	0	nan	0	0	0	0	0	0	nan	0	0	0	0.000533	0.000046	0.000533	0.000046	nan	nan
31	U	140	254234	249569	0.000561	6	1	254231	0	0	0	nan	0	0	0	0	0	0	nan	0	0	0	0.000561	0.000047	0.000561	0.000047	nan	nan
32	U	164	254279	251042	0.000653	6	1	254276	0	0	0	nan	0	0	0	0	0	0	nan	0	0	0	0.000653	0.000051	0.000653	0.000051	nan	nan
33	G	337	254341	250427	0.001346	6	1	254337	0	0	0	nan	0	0	0	0	0	0	nan	0	0	0	0.001346	0.000073	0.001346	0.000073	nan	nan
34	A	2582	254355	250392	0.010312	6	1	254351	0	0	0	nan	0	0	0	0	0	0	nan	0	0	0	0.010312	0.000203	0.010312	0.000203	0.452817	0.008914
35	A	2084	254359	248895	0.008373	6	1	254354	0	0	0	nan	0	0	0	0	0	0	nan	0	0	0	0.008373	0.000183	0.008373	0.000183	0.367672	0.008036
36	U	145	254361	247946	0.000585	6	1	254356	0	0	0	nan	0	0	0	0	0	0	nan	0	0	0	0.000585	0.000049	0.000585	0.000049	nan	nan
37	A	14890	254365	248505	0.059918	6	1	254360	0	0	0	nan	0	0	0	0	0	0	nan	0	0	0	0.059918	0.000491	0.059918	0.000491	2.631098	0.021561
38	G	293	254384	248420	0.001179	6	1	254379	0	0	0	nan	0	0	0	0	0	0	nan	0	0	0	0.001179	0.000069	0.001179	0.000069	nan	nan
39	U	248	254394	251451	0.000986	6	1	254389	0	0	0	nan	0	0	0	0	0	0	nan	0	0	0	0.000986	0.000063	0.000986	0.000063	nan	nan
40	G	403	254417	249598	0.001615	6	1	254415	0	0	0	nan	0	0	0	0	0	0	nan	0	0	0	0.001615	0.000080	0.001615	0.000080	nan	nan
41	A	3781	254432	249729	0.015140	6	1	254430	0	0	0	nan	0	0	0	0	0	0	nan	0	0	0	0.015140	0.000246	0.015140	0.000246	0.664822	0.010802
42	U	183	254463	247713	0.000739	6	1	254461	0	0	0	nan	0	0	0	0	0	0	nan	0	0	0	0.000739	0.000055	0.000739	0.000055	nan	nan
43	U	167	254488	248173	0.000673	6	1	254486	0	0	0	nan	0	0	0	0	0	0	nan	0	0	0	0.000673	0.000052	0.000673	0.000052	nan	nan
44	C	929	254523	248884	0.003733	6	1	254521	0	0	0	nan	0	0	0	0	0	0	nan	0	0	0	0.003733	0.000122	0.003733	0.000122	0.288235	0.009420
45	A	1624	254557	251069	0.006468	6	1	254555	0	0	0	nan	0	0	0	0	0	0	nan	0	0	0	0.006468	0.000161	0.006468	0.000161	0.284021	0.007070
46	G	195	254608	252360	0.000773	6	1	254607	0	0	0	nan	0	0	0	0	0	0	nan	0	0	0	0.000773	0.000055	0.000773	0.000055	nan	nan
47	G	263	254623	251587	0.001045	6	1	254622	0	0	0	nan	0	0	0	0	0	0	nan	0	0	0	0.001045	0.000064	0.001045	0.000064	nan	nan
48	A	1216	254632	245476	0.004954	6	1	254630	0	0	0	nan	0	0	0	0	0	0	nan	0	0	0	0.004954	0.000142	0.004954	0.000142	0.217538	0.006235
49	G	247	254694	245200	0.001007	6	1	254692	0	0	0	nan	0	0	0	0	0	0	nan	0	0	0	0.001007	0.000064	0.001007	0.000064	nan	nan
50	G	354	254710	245301	0.001443	6	1	254709	0	0	0	nan	0	0	0	0	0	0	nan	0	0	0	0.001443	0.000077	0.001443	0.000077	nan	nan
51	U	136	254721	244552	0.000556	6	1	254720	0	0	0	nan	0	0	0	0	0	0	nan	0	0	0	0.000556	0.000048	0.000556	0.000048	nan	nan
52	U	165	254729	249784	0.000661	6	1	254728	0	0	0	nan	0	0	0	0	0	0	nan	0	0	0	0.000661	0.000051	0.000661	0.000051	nan	nan
53	A	4140	254730	249824	0.016572	6	1	254729	0	0	0	nan	0	0	0	0	0	0	nan	0	0	0	0.016572	0.000258	0.016572	0.000258	0.727704	0.011329
54	A	4043	254725	250628	0.016131	6	1	254723	0	0	0	nan	0	0	0	0	0	0	nan	0	0	0	0.016131	0.000254	0.016131	0.000254	0.708339	0.011154
55	U	236	254730	251571	0.000938	6	1	254729	0	0	0	nan	0	0	0	0	0	0	nan	0	0	0	0.000938	0.000061	0.000938	0.000061	nan	nan
56	G	344	254740	252023	0.001365	6	1	254740	0	0	0	nan	0	0	0	0	0	0	nan	0	0	0	0.001365	0.000074	0.001365	0.000074	nan	nan
57	G	0	254742	250319	0.000000	6	1	254742	0	0	0	nan	0	0	0	0	0	0	nan	0	0	0	0.000000	0.000000	0.000000	0.000000	nan	nan
58	A	0	254744	0	nan	6	1	254744	0	0	0	nan	0	0	0	0	0	0	nan	0	0	0	nan	nan	nan	nan	nan	nan
59	A	0	254744	0	nan	6	1	254744	0	0	0	nan	0	0	0	0	0	0	nan	0	0	0	nan	nan	nan	nan	nan	nan
60	G	0	254744	0	nan	6	1	254744	0	0	0	nan	0	0	0	0	0	0	nan	0	0	0	nan	nan	nan	nan	nan	nan
61	u	0	254744	0	nan	6	1	254744	0	0	0	nan	0	0	0	0	0	0	nan	0	0	0	nan	nan	nan	nan	nan	nan
62	a	0	254744	0	nan	6	1	254744	0	0	0	nan	0	0	0	0	0	0	nan	0	0	0	nan	nan	nan	nan	nan	nan
63	a	0	254744	0	nan	6	1	254744	0	0	0	nan	0	0	0	0	0	0	nan	0	0	0	nan	nan	nan	nan	nan	nan
64	a	0	254744	0	nan	6	1	254744	0	0	0	nan	0	0	0	0	0	0	nan	0	0	0	nan	nan	nan	nan	nan	nan
65	g	0	254744	0	nan	6	1	254744	0	0	0	nan	0	0	0	0	0	0	nan	0	0	0	nan	nan	nan	nan	nan	nan
66	g	0	254744	0	nan	6	1	254744	0	0	0	nan	0	0	0	0	0	0	nan	0	0	0	nan	nan	nan	nan	nan	nan
67	u	0	254744	0	nan	5	1	254744	0	0	0	nan	0	0	0	0	0	0	nan	0	0	0	nan	nan	nan	nan	nan	nan
68	a	0	254744	0	nan	4	1	254744	0	0	0	nan	0	0	0	0	0	0	nan	0	0	0	nan	nan	nan	nan	nan	nan
69	a	0	254744	0	nan	4	1	254744	0	0	0	nan	0	0	0	0	0	0	nan	0	0	0	nan	nan	nan	nan	nan	nan
70	u	0	254744	0	nan	4	1	254744	0	0	0	nan	0	0	0	0	0	0	nan	0	0	0	nan	nan	nan	nan	nan	nan
71	g	0	254743	0	nan	4	1	254743	0	0	0	nan	0	0	0	0	0	0	nan	0	0	0	nan	nan	nan	nan	nan	nan
72	a	0	254742	0	nan	4	1	254742	0	0	0	nan	0	0	0	0	0	0	nan	0	0	0	nan	nan	nan	nan	nan	nan
73	a	0	254742	0	nan	4	1	254742	0	0	0	nan	0	0	0	0	0	0	nan	0	0	0	nan	nan	nan	nan	nan	nan
74	g	0	254742	0	nan	4	1	254742	0	0	0	nan	0	0	0	0	0	0	nan	0	0	0	nan	nan	nan	nan	nan	nan
75	g	0	254740	0	nan	4	1	254740	0	0	0	nan	0	0	0	0	0	0	nan	0	0	0	nan	nan	nan	nan	nan	nan
76	u	0	254739	0	nan	4	1	254739	0	0	0	nan	0	0	0	0	0	0	nan	0	0	0	nan	nan	nan	nan	nan	nan
77	g	0	254732	0	nan	4	1	254732	0	0	0	nan	0	0	0	0	0	0	nan	0	0	0	nan	nan	nan	nan	nan	nan
78	a	0	254718	0	nan	4	1	254718	0	0	0	nan	0	0	0	0	0	0	nan	0	0	0	nan	nan	nan	nan	nan	nan
79	a	0	254685	0	nan	4	1	254685	0	0	0	nan	0	0	0	0	0	0	nan	0	0	0	nan	nan	nan	nan	nan	nan
80	g	0	254548	0	nan	4	1	254548	0	0	0	nan	0	0	0	0	0	0	nan	0	0	0	nan	nan	nan	nan	nan	nan