Nucleotide	Sequence	Modified_mutations	Modified_read_depth	Modified_effective_depth	Modified_rate	Modified_off_target_mapped_depth	Modified_low_mapq_mapped_depth	Modified_primer_pair_1_mapped_depth	Untreated_mutations	Untreated_read_depth	Untreated_effective_depth	Untreated_rate	Untreated_off_target_mapped_depth	Untreated_low_mapq_mapped_depth	Untreated_primer_pair_1_mapped_depth	Denatured_mutations	Denatured_read_depth	Denatured_effective_depth	Denatured_rate	Denatured_off_target_mapped_depth	Denatured_low_mapq_mapped_depth	Denatured_primer_pair_1_mapped_depth	Reactivity_profile	Std_err	HQ_profile	HQ_stderr	Norm_profile	Norm_stderr
1	g	0	54801	0	nan	0	0	54801	0	0	0	nan	0	0	0	0	0	0	nan	0	0	0	nan	nan	nan	nan	nan	nan
2	g	0	54835	0	nan	0	0	54835	0	0	0	nan	0	0	0	0	0	0	nan	0	0	0	nan	nan	nan	nan	nan	nan
3	u	0	54854	0	nan	0	0	54854	0	0	0	nan	0	0	0	0	0	0	nan	0	0	0	nan	nan	nan	nan	nan	nan
4	g	0	54864	0	nan	0	0	54864	0	0	0	nan	0	0	0	0	0	0	nan	0	0	0	nan	nan	nan	nan	nan	nan
5	u	0	54877	0	nan	0	0	54877	0	0	0	nan	0	0	0	0	0	0	nan	0	0	0	nan	nan	nan	nan	nan	nan
6	a	0	54901	0	nan	0	0	54901	0	0	0	nan	0	0	0	0	0	0	nan	0	0	0	nan	nan	nan	nan	nan	nan
7	a	0	54952	0	nan	0	0	54952	0	0	0	nan	0	0	0	0	0	0	nan	0	0	0	nan	nan	nan	nan	nan	nan
8	g	0	55122	0	nan	0	0	55122	0	0	0	nan	0	0	0	0	0	0	nan	0	0	0	nan	nan	nan	nan	nan	nan
9	g	0	57099	0	nan	0	0	57099	0	0	0	nan	0	0	0	0	0	0	nan	0	0	0	nan	nan	nan	nan	nan	nan
10	g	0	232247	0	nan	0	0	232247	0	0	0	nan	0	0	0	0	0	0	nan	0	0	0	nan	nan	nan	nan	nan	nan
11	u	0	242219	0	nan	0	0	242219	0	0	0	nan	0	0	0	0	0	0	nan	0	0	0	nan	nan	nan	nan	nan	nan
12	g	0	242563	0	nan	0	0	242563	0	0	0	nan	0	0	0	0	0	0	nan	0	0	0	nan	nan	nan	nan	nan	nan
13	a	0	242635	0	nan	0	0	242635	0	0	0	nan	0	0	0	0	0	0	nan	0	0	0	nan	nan	nan	nan	nan	nan
14	a	0	242652	0	nan	0	0	242652	0	0	0	nan	0	0	0	0	0	0	nan	0	0	0	nan	nan	nan	nan	nan	nan
15	g	0	242697	0	nan	6	0	242697	0	0	0	nan	0	0	0	0	0	0	nan	0	0	0	nan	nan	nan	nan	nan	nan
16	u	0	242705	0	nan	6	0	242705	0	0	0	nan	0	0	0	0	0	0	nan	0	0	0	nan	nan	nan	nan	nan	nan
17	g	0	242721	0	nan	6	0	242721	0	0	0	nan	0	0	0	0	0	0	nan	0	0	0	nan	nan	nan	nan	nan	nan
18	u	0	242728	0	nan	6	0	242728	0	0	0	nan	0	0	0	0	0	0	nan	0	0	0	nan	nan	nan	nan	nan	nan
19	a	0	242818	0	nan	6	0	242818	0	0	0	nan	0	0	0	0	0	0	nan	0	0	0	nan	nan	nan	nan	nan	nan
20	A	0	242850	19	0.000000	6	0	242850	0	0	0	nan	0	0	0	0	0	0	nan	0	0	0	0.000000	0.000000	nan	nan	nan	nan
21	G	0	242932	65	0.000000	6	0	242932	0	0	0	nan	0	0	0	0	0	0	nan	0	0	0	0.000000	0.000000	nan	nan	nan	nan
22	G	0	242945	66	0.000000	6	0	242945	0	0	0	nan	0	0	0	0	0	0	nan	0	0	0	0.000000	0.000000	nan	nan	nan	nan
23	U	0	242957	240002	0.000000	6	0	242957	0	0	0	nan	0	0	0	0	0	0	nan	0	0	0	0.000000	0.000000	0.000000	0.000000	nan	nan
24	U	258	242961	240165	0.001074	6	0	242961	0	0	0	nan	0	0	0	0	0	0	nan	0	0	0	0.001074	0.000067	0.001074	0.000067	nan	nan
25	G	310	242966	238999	0.001297	6	0	242966	0	0	0	nan	0	0	0	0	0	0	nan	0	0	0	0.001297	0.000074	0.001297	0.000074	nan	nan
26	A	1045	242961	234817	0.004450	6	0	242926	0	0	0	nan	0	0	0	0	0	0	nan	0	0	0	0.004450	0.000138	0.004450	0.000138	0.479268	0.014863
27	C	7666	242974	234152	0.032739	6	0	242935	0	0	0	nan	0	0	0	0	0	0	nan	0	0	0	0.032739	0.000374	0.032739	0.000374	1.900557	0.021711
28	C	402	242994	234726	0.001713	6	0	242957	0	0	0	nan	0	0	0	0	0	0	nan	0	0	0	0.001713	0.000085	0.001713	0.000085	0.099443	0.004934
29	U	155	243020	237945	0.000651	6	0	242986	0	0	0	nan	0	0	0	0	0	0	nan	0	0	0	0.000651	0.000052	0.000651	0.000052	nan	nan
30	U	217	243041	238659	0.000909	6	0	243010	0	0	0	nan	0	0	0	0	0	0	nan	0	0	0	0.000909	0.000062	0.000909	0.000062	nan	nan
31	U	251	243062	239427	0.001048	6	0	243033	0	0	0	nan	0	0	0	0	0	0	nan	0	0	0	0.001048	0.000066	0.001048	0.000066	nan	nan
32	U	250	243120	240286	0.001040	6	0	243097	0	0	0	nan	0	0	0	0	0	0	nan	0	0	0	0.001040	0.000066	0.001040	0.000066	nan	nan
33	G	186	243149	238441	0.000780	6	0	243127	0	0	0	nan	0	0	0	0	0	0	nan	0	0	0	0.000780	0.000057	0.000780	0.000057	nan	nan
34	A	1593	243171	239097	0.006663	6	0	243150	0	0	0	nan	0	0	0	0	0	0	nan	0	0	0	0.006663	0.000167	0.006663	0.000167	0.717609	0.017986
35	A	1431	243182	238057	0.006011	6	0	243161	0	0	0	nan	0	0	0	0	0	0	nan	0	0	0	0.006011	0.000159	0.006011	0.000159	0.647388	0.017124
36	U	195	243194	235139	0.000829	6	0	243173	0	0	0	nan	0	0	0	0	0	0	nan	0	0	0	0.000829	0.000059	0.000829	0.000059	nan	nan
37	A	24402	243208	234845	0.103907	6	0	243187	0	0	0	nan	0	0	0	0	0	0	nan	0	0	0	0.103907	0.000665	0.103907	0.000665	11.190845	0.071621
38	G	372	243230	233050	0.001596	6	0	243211	0	0	0	nan	0	0	0	0	0	0	nan	0	0	0	0.001596	0.000083	0.001596	0.000083	nan	nan
39	U	410	243241	239304	0.001713	6	0	243222	0	0	0	nan	0	0	0	0	0	0	nan	0	0	0	0.001713	0.000085	0.001713	0.000085	nan	nan
40	G	511	243267	237577	0.002151	6	0	243249	0	0	0	nan	0	0	0	0	0	0	nan	0	0	0	0.002151	0.000095	0.002151	0.000095	nan	nan
41	A	4835	243290	239310	0.020204	6	0	243272	0	0	0	nan	0	0	0	0	0	0	nan	0	0	0	0.020204	0.000291	0.020204	0.000291	2.175983	0.031341
42	U	400	243318	238683	0.001676	6	0	243302	0	0	0	nan	0	0	0	0	0	0	nan	0	0	0	0.001676	0.000084	0.001676	0.000084	nan	nan
43	U	301	243343	239020	0.001259	6	0	243328	0	0	0	nan	0	0	0	0	0	0	nan	0	0	0	0.001259	0.000073	0.001259	0.000073	nan	nan
44	C	332	243357	239173	0.001388	6	0	243342	0	0	0	nan	0	0	0	0	0	0	nan	0	0	0	0.001388	0.000076	0.001388	0.000076	0.080576	0.004412
45	A	1338	243380	240002	0.005575	6	0	243368	0	0	0	nan	0	0	0	0	0	0	nan	0	0	0	0.005575	0.000152	0.005575	0.000152	0.600431	0.016370
46	G	219	243403	240702	0.000910	6	0	243391	0	0	0	nan	0	0	0	0	0	0	nan	0	0	0	0.000910	0.000061	0.000910	0.000061	nan	nan
47	G	160	243412	240281	0.000666	6	0	243401	0	0	0	nan	0	0	0	0	0	0	nan	0	0	0	0.000666	0.000053	0.000666	0.000053	nan	nan
48	A	631	243416	240704	0.002621	6	0	243406	0	0	0	nan	0	0	0	0	0	0	nan	0	0	0	0.002621	0.000104	0.002621	0.000104	0.282283	0.011201
49	G	344	243467	239048	0.001439	6	0	243465	0	0	0	nan	0	0	0	0	0	0	nan	0	0	0	0.001439	0.000078	0.001439	0.000078	nan	nan
50	G	305	243475	238722	0.001278	6	0	243473	0	0	0	nan	0	0	0	0	0	0	nan	0	0	0	0.001278	0.000073	0.001278	0.000073	nan	nan
51	U	170	243478	240234	0.000708	6	0	243477	0	0	0	nan	0	0	0	0	0	0	nan	0	0	0	0.000708	0.000054	0.000708	0.000054	nan	nan
52	U	209	243480	239681	0.000872	6	0	243479	0	0	0	nan	0	0	0	0	0	0	nan	0	0	0	0.000872	0.000060	0.000872	0.000060	nan	nan
53	A	1708	243483	240325	0.007107	6	0	243482	0	0	0	nan	0	0	0	0	0	0	nan	0	0	0	0.007107	0.000172	0.007107	0.000172	0.765428	0.018525
54	A	2231	243473	240292	0.009285	6	0	243472	0	0	0	nan	0	0	0	0	0	0	nan	0	0	0	0.009285	0.000197	0.009285	0.000197	1.000000	0.021217
55	U	361	243474	240832	0.001499	6	0	243473	0	0	0	nan	0	0	0	0	0	0	nan	0	0	0	0.001499	0.000079	0.001499	0.000079	nan	nan
56	G	342	243476	239933	0.001425	6	0	243475	0	0	0	nan	0	0	0	0	0	0	nan	0	0	0	0.001425	0.000077	0.001425	0.000077	nan	nan
57	G	0	243478	238265	0.000000	6	0	243478	0	0	0	nan	0	0	0	0	0	0	nan	0	0	0	0.000000	0.000000	0.000000	0.000000	nan	nan
58	A	0	243479	0	nan	6	0	243479	0	0	0	nan	0	0	0	0	0	0	nan	0	0	0	nan	nan	nan	nan	nan	nan
59	A	0	243479	0	nan	6	0	243479	0	0	0	nan	0	0	0	0	0	0	nan	0	0	0	nan	nan	nan	nan	nan	nan
60	G	0	243479	0	nan	6	0	243479	0	0	0	nan	0	0	0	0	0	0	nan	0	0	0	nan	nan	nan	nan	nan	nan
61	u	0	243479	0	nan	6	0	243479	0	0	0	nan	0	0	0	0	0	0	nan	0	0	0	nan	nan	nan	nan	nan	nan
62	a	0	243479	0	nan	6	0	243479	0	0	0	nan	0	0	0	0	0	0	nan	0	0	0	nan	nan	nan	nan	nan	nan
63	a	0	243479	0	nan	6	0	243479	0	0	0	nan	0	0	0	0	0	0	nan	0	0	0	nan	nan	nan	nan	nan	nan
64	a	0	243479	0	nan	6	0	243479	0	0	0	nan	0	0	0	0	0	0	nan	0	0	0	nan	nan	nan	nan	nan	nan
65	g	0	243479	0	nan	6	0	243479	0	0	0	nan	0	0	0	0	0	0	nan	0	0	0	nan	nan	nan	nan	nan	nan
66	g	0	243479	0	nan	6	0	243479	0	0	0	nan	0	0	0	0	0	0	nan	0	0	0	nan	nan	nan	nan	nan	nan
67	u	0	243479	0	nan	6	0	243479	0	0	0	nan	0	0	0	0	0	0	nan	0	0	0	nan	nan	nan	nan	nan	nan
68	a	0	243479	0	nan	6	0	243479	0	0	0	nan	0	0	0	0	0	0	nan	0	0	0	nan	nan	nan	nan	nan	nan
69	a	0	243479	0	nan	6	0	243479	0	0	0	nan	0	0	0	0	0	0	nan	0	0	0	nan	nan	nan	nan	nan	nan
70	u	0	243479	0	nan	6	0	243479	0	0	0	nan	0	0	0	0	0	0	nan	0	0	0	nan	nan	nan	nan	nan	nan
71	g	0	243479	0	nan	6	0	243479	0	0	0	nan	0	0	0	0	0	0	nan	0	0	0	nan	nan	nan	nan	nan	nan
72	a	0	243479	0	nan	6	0	243479	0	0	0	nan	0	0	0	0	0	0	nan	0	0	0	nan	nan	nan	nan	nan	nan
73	a	0	243479	0	nan	6	0	243479	0	0	0	nan	0	0	0	0	0	0	nan	0	0	0	nan	nan	nan	nan	nan	nan
74	g	0	243479	0	nan	6	0	243479	0	0	0	nan	0	0	0	0	0	0	nan	0	0	0	nan	nan	nan	nan	nan	nan
75	g	0	243479	0	nan	6	0	243479	0	0	0	nan	0	0	0	0	0	0	nan	0	0	0	nan	nan	nan	nan	nan	nan
76	u	0	243473	0	nan	6	0	243473	0	0	0	nan	0	0	0	0	0	0	nan	0	0	0	nan	nan	nan	nan	nan	nan
77	g	0	243468	0	nan	6	0	243468	0	0	0	nan	0	0	0	0	0	0	nan	0	0	0	nan	nan	nan	nan	nan	nan
78	a	0	243466	0	nan	6	0	243466	0	0	0	nan	0	0	0	0	0	0	nan	0	0	0	nan	nan	nan	nan	nan	nan
79	a	0	243419	0	nan	6	0	243419	0	0	0	nan	0	0	0	0	0	0	nan	0	0	0	nan	nan	nan	nan	nan	nan
80	g	0	243313	0	nan	6	0	243313	0	0	0	nan	0	0	0	0	0	0	nan	0	0	0	nan	nan	nan	nan	nan	nan