Nucleotide	Sequence	Modified_mutations	Modified_read_depth	Modified_effective_depth	Modified_rate	Modified_off_target_mapped_depth	Modified_low_mapq_mapped_depth	Modified_primer_pair_1_mapped_depth	Untreated_mutations	Untreated_read_depth	Untreated_effective_depth	Untreated_rate	Untreated_off_target_mapped_depth	Untreated_low_mapq_mapped_depth	Untreated_primer_pair_1_mapped_depth	Denatured_mutations	Denatured_read_depth	Denatured_effective_depth	Denatured_rate	Denatured_off_target_mapped_depth	Denatured_low_mapq_mapped_depth	Denatured_primer_pair_1_mapped_depth	Reactivity_profile	Std_err	HQ_profile	HQ_stderr	Norm_profile	Norm_stderr
1	g	0	301770	0	nan	26	0	301770	0	0	0	nan	0	0	0	0	0	0	nan	0	0	0	nan	nan	nan	nan	nan	nan
2	g	0	302390	0	nan	26	0	302390	0	0	0	nan	0	0	0	0	0	0	nan	0	0	0	nan	nan	nan	nan	nan	nan
3	c	0	302619	0	nan	27	0	302619	0	0	0	nan	0	0	0	0	0	0	nan	0	0	0	nan	nan	nan	nan	nan	nan
4	a	0	309364	0	nan	66	0	309364	0	0	0	nan	0	0	0	0	0	0	nan	0	0	0	nan	nan	nan	nan	nan	nan
5	c	0	309517	0	nan	66	0	309517	0	0	0	nan	0	0	0	0	0	0	nan	0	0	0	nan	nan	nan	nan	nan	nan
6	c	0	309560	0	nan	66	0	309560	0	0	0	nan	0	0	0	0	0	0	nan	0	0	0	nan	nan	nan	nan	nan	nan
7	u	0	309562	0	nan	66	0	309562	0	0	0	nan	0	0	0	0	0	0	nan	0	0	0	nan	nan	nan	nan	nan	nan
8	c	0	309565	0	nan	66	0	309565	0	0	0	nan	0	0	0	0	0	0	nan	0	0	0	nan	nan	nan	nan	nan	nan
9	a	0	309568	0	nan	66	0	309568	0	0	0	nan	0	0	0	0	0	0	nan	0	0	0	nan	nan	nan	nan	nan	nan
10	u	0	309620	0	nan	66	0	309620	0	0	0	nan	0	0	0	0	0	0	nan	0	0	0	nan	nan	nan	nan	nan	nan
11	a	0	309685	0	nan	66	0	309685	0	0	0	nan	0	0	0	0	0	0	nan	0	0	0	nan	nan	nan	nan	nan	nan
12	a	0	309700	0	nan	66	0	309700	0	0	0	nan	0	0	0	0	0	0	nan	0	0	0	nan	nan	nan	nan	nan	nan
13	c	0	309706	0	nan	66	0	309706	0	0	0	nan	0	0	0	0	0	0	nan	0	0	0	nan	nan	nan	nan	nan	nan
14	a	0	309710	0	nan	67	0	309710	0	0	0	nan	0	0	0	0	0	0	nan	0	0	0	nan	nan	nan	nan	nan	nan
15	u	0	309714	0	nan	67	0	309714	0	0	0	nan	0	0	0	0	0	0	nan	0	0	0	nan	nan	nan	nan	nan	nan
16	a	0	309720	0	nan	67	0	309720	0	0	0	nan	0	0	0	0	0	0	nan	0	0	0	nan	nan	nan	nan	nan	nan
17	a	0	309724	0	nan	67	0	309724	0	0	0	nan	0	0	0	0	0	0	nan	0	0	0	nan	nan	nan	nan	nan	nan
18	c	0	309727	0	nan	67	0	309727	0	0	0	nan	0	0	0	0	0	0	nan	0	0	0	nan	nan	nan	nan	nan	nan
19	U	0	309731	1	0.000000	67	0	309731	0	0	0	nan	0	0	0	0	0	0	nan	0	0	0	0.000000	0.000000	nan	nan	nan	nan
20	A	0	309746	12	0.000000	67	0	309746	0	0	0	nan	0	0	0	0	0	0	nan	0	0	0	0.000000	0.000000	nan	nan	nan	nan
21	A	0	309754	19	0.000000	67	0	309754	0	0	0	nan	0	0	0	0	0	0	nan	0	0	0	0.000000	0.000000	nan	nan	nan	nan
22	G	0	309759	306722	0.000000	67	0	309759	0	0	0	nan	0	0	0	0	0	0	nan	0	0	0	0.000000	0.000000	0.000000	0.000000	nan	nan
23	G	368	309767	305179	0.001206	67	0	309767	0	0	0	nan	0	0	0	0	0	0	nan	0	0	0	0.001206	0.000063	0.001206	0.000063	nan	nan
24	C	7342	309775	306091	0.023986	67	0	309775	0	0	0	nan	0	0	0	0	0	0	nan	0	0	0	0.023986	0.000280	0.023986	0.000280	0.949048	0.011079
25	A	5193	309792	306813	0.016926	67	0	309792	0	0	0	nan	0	0	0	0	0	0	nan	0	0	0	0.016926	0.000235	0.016926	0.000235	1.000000	0.013884
26	G	364	309805	306849	0.001186	67	0	309805	0	0	0	nan	0	0	0	0	0	0	nan	0	0	0	0.001186	0.000062	0.001186	0.000062	nan	nan
27	A	4872	309824	307525	0.015843	67	0	309823	0	0	0	nan	0	0	0	0	0	0	nan	0	0	0	0.015843	0.000227	0.015843	0.000227	0.936016	0.013411
28	U	538	309840	306884	0.001753	67	0	309839	0	0	0	nan	0	0	0	0	0	0	nan	0	0	0	0.001753	0.000076	0.001753	0.000076	nan	nan
29	C	6606	309842	307523	0.021481	67	0	309841	0	0	0	nan	0	0	0	0	0	0	nan	0	0	0	0.021481	0.000264	0.021481	0.000264	0.849933	0.010446
30	U	580	309845	307295	0.001887	67	0	309844	0	0	0	nan	0	0	0	0	0	0	nan	0	0	0	0.001887	0.000078	0.001887	0.000078	nan	nan
31	G	301	309851	307097	0.000980	67	0	309849	0	0	0	nan	0	0	0	0	0	0	nan	0	0	0	0.000980	0.000056	0.000980	0.000056	nan	nan
32	A	4955	309853	307469	0.016115	67	0	309850	0	0	0	nan	0	0	0	0	0	0	nan	0	0	0	0.016115	0.000229	0.016115	0.000229	0.952086	0.013529
33	G	306	309861	306204	0.000999	67	0	309858	0	0	0	nan	0	0	0	0	0	0	nan	0	0	0	0.000999	0.000057	0.000999	0.000057	nan	nan
34	C	6602	309865	306325	0.021552	67	0	309854	0	0	0	nan	0	0	0	0	0	0	nan	0	0	0	0.021552	0.000265	0.021552	0.000265	0.852742	0.010485
35	U	749	309873	305858	0.002449	67	0	309857	0	0	0	nan	0	0	0	0	0	0	nan	0	0	0	0.002449	0.000089	0.002449	0.000089	nan	nan
36	U	557	309875	305620	0.001823	67	0	309847	0	0	0	nan	0	0	0	0	0	0	nan	0	0	0	0.001823	0.000077	0.001823	0.000077	nan	nan
37	G	370	309886	305311	0.001212	67	0	309810	0	0	0	nan	0	0	0	0	0	0	nan	0	0	0	0.001212	0.000063	0.001212	0.000063	nan	nan
38	G	380	309888	297798	0.001276	67	0	309819	0	0	0	nan	0	0	0	0	0	0	nan	0	0	0	0.001276	0.000065	0.001276	0.000065	nan	nan
39	G	389	309892	296899	0.001310	67	0	309838	0	0	0	nan	0	0	0	0	0	0	nan	0	0	0	0.001310	0.000066	0.001310	0.000066	nan	nan
40	A	5965	309893	298545	0.019980	67	0	309855	0	0	0	nan	0	0	0	0	0	0	nan	0	0	0	0.019980	0.000259	0.019980	0.000259	1.180432	0.015302
41	G	451	309896	305241	0.001478	67	0	309883	0	0	0	nan	0	0	0	0	0	0	nan	0	0	0	0.001478	0.000070	0.001478	0.000070	nan	nan
42	C	7121	309899	306690	0.023219	32	0	309889	0	0	0	nan	0	0	0	0	0	0	nan	0	0	0	0.023219	0.000275	0.023219	0.000275	0.918700	0.010881
43	U	418	309900	306720	0.001363	32	0	309892	0	0	0	nan	0	0	0	0	0	0	nan	0	0	0	0.001363	0.000067	0.001363	0.000067	nan	nan
44	C	6643	309900	307100	0.021631	32	0	309892	0	0	0	nan	0	0	0	0	0	0	nan	0	0	0	0.021631	0.000265	0.021631	0.000265	0.855868	0.010485
45	U	483	309900	307201	0.001572	32	0	309891	0	0	0	nan	0	0	0	0	0	0	nan	0	0	0	0.001572	0.000072	0.001572	0.000072	nan	nan
46	C	7441	309900	307513	0.024197	32	0	309893	0	0	0	nan	0	0	0	0	0	0	nan	0	0	0	0.024197	0.000281	0.024197	0.000281	0.957397	0.011118
47	U	510	309904	307412	0.001659	32	0	309895	0	0	0	nan	0	0	0	0	0	0	nan	0	0	0	0.001659	0.000073	0.001659	0.000073	nan	nan
48	G	469	309902	306107	0.001532	32	0	309894	0	0	0	nan	0	0	0	0	0	0	nan	0	0	0	0.001532	0.000071	0.001532	0.000071	nan	nan
49	C	8734	309905	306409	0.028504	32	0	309900	0	0	0	nan	0	0	0	0	0	0	nan	0	0	0	0.028504	0.000305	0.028504	0.000305	1.127810	0.012068
50	C	9043	309908	306934	0.029462	32	0	309904	0	0	0	nan	0	0	0	0	0	0	nan	0	0	0	0.029462	0.000310	0.029462	0.000310	1.165715	0.012266
51	A	4447	309911	307540	0.014460	32	0	309908	0	0	0	nan	0	0	0	0	0	0	nan	0	0	0	0.014460	0.000217	0.014460	0.000217	0.854307	0.012821
52	A	0	309910	306256	0.000000	32	0	309910	0	0	0	nan	0	0	0	0	0	0	nan	0	0	0	0.000000	0.000000	0.000000	0.000000	0.000000	0.000000
53	U	0	309905	291	0.000000	26	0	309905	0	0	0	nan	0	0	0	0	0	0	nan	0	0	0	0.000000	0.000000	nan	nan	nan	nan
54	C	0	309558	2	0.000000	25	0	309558	0	0	0	nan	0	0	0	0	0	0	nan	0	0	0	0.000000	0.000000	nan	nan	nan	nan
55	C	0	309556	0	nan	25	0	309556	0	0	0	nan	0	0	0	0	0	0	nan	0	0	0	nan	nan	nan	nan	nan	nan
56	a	0	309556	0	nan	25	0	309556	0	0	0	nan	0	0	0	0	0	0	nan	0	0	0	nan	nan	nan	nan	nan	nan
57	c	0	309556	0	nan	25	0	309556	0	0	0	nan	0	0	0	0	0	0	nan	0	0	0	nan	nan	nan	nan	nan	nan
58	u	0	309556	0	nan	25	0	309556	0	0	0	nan	0	0	0	0	0	0	nan	0	0	0	nan	nan	nan	nan	nan	nan
59	a	0	309556	0	nan	25	0	309556	0	0	0	nan	0	0	0	0	0	0	nan	0	0	0	nan	nan	nan	nan	nan	nan
60	a	0	309556	0	nan	25	0	309556	0	0	0	nan	0	0	0	0	0	0	nan	0	0	0	nan	nan	nan	nan	nan	nan
61	c	0	309556	0	nan	10	0	309556	0	0	0	nan	0	0	0	0	0	0	nan	0	0	0	nan	nan	nan	nan	nan	nan
62	c	0	309556	0	nan	10	0	309556	0	0	0	nan	0	0	0	0	0	0	nan	0	0	0	nan	nan	nan	nan	nan	nan
63	u	0	309556	0	nan	1	0	309556	0	0	0	nan	0	0	0	0	0	0	nan	0	0	0	nan	nan	nan	nan	nan	nan
64	c	0	309556	0	nan	1	0	309556	0	0	0	nan	0	0	0	0	0	0	nan	0	0	0	nan	nan	nan	nan	nan	nan
65	a	0	309556	0	nan	1	0	309556	0	0	0	nan	0	0	0	0	0	0	nan	0	0	0	nan	nan	nan	nan	nan	nan
66	c	0	309552	0	nan	1	0	309552	0	0	0	nan	0	0	0	0	0	0	nan	0	0	0	nan	nan	nan	nan	nan	nan
67	u	0	309551	0	nan	1	0	309551	0	0	0	nan	0	0	0	0	0	0	nan	0	0	0	nan	nan	nan	nan	nan	nan
68	c	0	309551	0	nan	1	0	309551	0	0	0	nan	0	0	0	0	0	0	nan	0	0	0	nan	nan	nan	nan	nan	nan
69	a	0	309551	0	nan	1	0	309551	0	0	0	nan	0	0	0	0	0	0	nan	0	0	0	nan	nan	nan	nan	nan	nan
70	c	0	309540	0	nan	1	0	309540	0	0	0	nan	0	0	0	0	0	0	nan	0	0	0	nan	nan	nan	nan	nan	nan
71	a	0	309537	0	nan	1	0	309537	0	0	0	nan	0	0	0	0	0	0	nan	0	0	0	nan	nan	nan	nan	nan	nan
72	a	0	309436	0	nan	1	0	309436	0	0	0	nan	0	0	0	0	0	0	nan	0	0	0	nan	nan	nan	nan	nan	nan
73	u	0	309295	0	nan	1	0	309295	0	0	0	nan	0	0	0	0	0	0	nan	0	0	0	nan	nan	nan	nan	nan	nan
74	c	0	308853	0	nan	1	0	308853	0	0	0	nan	0	0	0	0	0	0	nan	0	0	0	nan	nan	nan	nan	nan	nan