Nucleotide	Sequence	Modified_mutations	Modified_read_depth	Modified_effective_depth	Modified_rate	Modified_off_target_mapped_depth	Modified_low_mapq_mapped_depth	Modified_primer_pair_1_mapped_depth	Untreated_mutations	Untreated_read_depth	Untreated_effective_depth	Untreated_rate	Untreated_off_target_mapped_depth	Untreated_low_mapq_mapped_depth	Untreated_primer_pair_1_mapped_depth	Denatured_mutations	Denatured_read_depth	Denatured_effective_depth	Denatured_rate	Denatured_off_target_mapped_depth	Denatured_low_mapq_mapped_depth	Denatured_primer_pair_1_mapped_depth	Reactivity_profile	Std_err	HQ_profile	HQ_stderr	Norm_profile	Norm_stderr
1	g	0	754518	0	nan	4	8	754518	0	0	0	nan	0	0	0	0	0	0	nan	0	0	0	nan	nan	nan	nan	nan	nan
2	g	0	755767	0	nan	4	8	755767	0	0	0	nan	0	0	0	0	0	0	nan	0	0	0	nan	nan	nan	nan	nan	nan
3	u	0	756153	0	nan	4	8	756153	0	0	0	nan	0	0	0	0	0	0	nan	0	0	0	nan	nan	nan	nan	nan	nan
4	g	0	756372	0	nan	4	8	756372	0	0	0	nan	0	0	0	0	0	0	nan	0	0	0	nan	nan	nan	nan	nan	nan
5	u	0	756617	0	nan	4	8	756617	0	0	0	nan	0	0	0	0	0	0	nan	0	0	0	nan	nan	nan	nan	nan	nan
6	a	0	756657	0	nan	4	8	756657	0	0	0	nan	0	0	0	0	0	0	nan	0	0	0	nan	nan	nan	nan	nan	nan
7	a	0	756694	0	nan	4	8	756694	0	0	0	nan	0	0	0	0	0	0	nan	0	0	0	nan	nan	nan	nan	nan	nan
8	g	0	756714	0	nan	4	8	756714	0	0	0	nan	0	0	0	0	0	0	nan	0	0	0	nan	nan	nan	nan	nan	nan
9	g	0	756804	0	nan	4	8	756804	0	0	0	nan	0	0	0	0	0	0	nan	0	0	0	nan	nan	nan	nan	nan	nan
10	g	0	780240	0	nan	4	8	780240	0	0	0	nan	0	0	0	0	0	0	nan	0	0	0	nan	nan	nan	nan	nan	nan
11	u	0	780445	0	nan	4	8	780445	0	0	0	nan	0	0	0	0	0	0	nan	0	0	0	nan	nan	nan	nan	nan	nan
12	g	0	780694	0	nan	5	8	780694	0	0	0	nan	0	0	0	0	0	0	nan	0	0	0	nan	nan	nan	nan	nan	nan
13	a	0	780717	0	nan	36	8	780717	0	0	0	nan	0	0	0	0	0	0	nan	0	0	0	nan	nan	nan	nan	nan	nan
14	a	0	780728	0	nan	68	8	780728	0	0	0	nan	0	0	0	0	0	0	nan	0	0	0	nan	nan	nan	nan	nan	nan
15	g	0	780732	0	nan	99	8	780732	0	0	0	nan	0	0	0	0	0	0	nan	0	0	0	nan	nan	nan	nan	nan	nan
16	u	0	780855	0	nan	107	8	780855	0	0	0	nan	0	0	0	0	0	0	nan	0	0	0	nan	nan	nan	nan	nan	nan
17	g	0	780923	0	nan	108	8	780923	0	0	0	nan	0	0	0	0	0	0	nan	0	0	0	nan	nan	nan	nan	nan	nan
18	u	0	781060	0	nan	115	8	781060	0	0	0	nan	0	0	0	0	0	0	nan	0	0	0	nan	nan	nan	nan	nan	nan
19	a	0	781213	0	nan	142	8	781213	0	0	0	nan	0	0	0	0	0	0	nan	0	0	0	nan	nan	nan	nan	nan	nan
20	A	0	781306	77	0.000000	163	8	781306	0	0	0	nan	0	0	0	0	0	0	nan	0	0	0	0.000000	0.000000	nan	nan	nan	nan
21	G	0	781379	117	0.000000	177	8	781379	0	0	0	nan	0	0	0	0	0	0	nan	0	0	0	0.000000	0.000000	nan	nan	nan	nan
22	G	0	781441	152	0.000000	180	8	781441	0	0	0	nan	0	0	0	0	0	0	nan	0	0	0	0.000000	0.000000	nan	nan	nan	nan
23	U	0	781518	778735	0.000000	195	8	781518	0	0	0	nan	0	0	0	0	0	0	nan	0	0	0	0.000000	0.000000	0.000000	0.000000	nan	nan
24	U	771	781584	778050	0.000991	198	8	781584	0	0	0	nan	0	0	0	0	0	0	nan	0	0	0	0.000991	0.000036	0.000991	0.000036	nan	nan
25	G	401	781609	777111	0.000516	198	8	781609	0	0	0	nan	0	0	0	0	0	0	nan	0	0	0	0.000516	0.000026	0.000516	0.000026	nan	nan
26	A	1517	781644	773916	0.001960	199	8	781621	0	0	0	nan	0	0	0	0	0	0	nan	0	0	0	0.001960	0.000050	0.001960	0.000050	0.866969	0.022117
27	A	2682	781676	773594	0.003467	207	8	781643	0	0	0	nan	0	0	0	0	0	0	nan	0	0	0	0.003467	0.000067	0.003467	0.000067	1.533562	0.029636
28	C	1404	781734	772985	0.001816	212	8	781694	0	0	0	nan	0	0	0	0	0	0	nan	0	0	0	0.001816	0.000048	0.001816	0.000048	0.814624	0.021532
29	U	703	781810	776198	0.000906	218	8	781765	0	0	0	nan	0	0	0	0	0	0	nan	0	0	0	0.000906	0.000034	0.000906	0.000034	nan	nan
30	U	940	781954	777004	0.001210	220	8	781902	0	0	0	nan	0	0	0	0	0	0	nan	0	0	0	0.001210	0.000039	0.001210	0.000039	nan	nan
31	U	1151	782091	777772	0.001480	225	8	782036	0	0	0	nan	0	0	0	0	0	0	nan	0	0	0	0.001480	0.000044	0.001480	0.000044	nan	nan
32	U	699	782235	778619	0.000898	240	8	782171	0	0	0	nan	0	0	0	0	0	0	nan	0	0	0	0.000898	0.000034	0.000898	0.000034	nan	nan
33	G	559	782430	778006	0.000719	244	8	782377	0	0	0	nan	0	0	0	0	0	0	nan	0	0	0	0.000719	0.000030	0.000719	0.000030	nan	nan
34	A	974	782553	778842	0.001251	246	8	782504	0	0	0	nan	0	0	0	0	0	0	nan	0	0	0	0.001251	0.000040	0.001251	0.000040	0.553356	0.017693
35	A	936	782632	778431	0.001202	260	8	782580	0	0	0	nan	0	0	0	0	0	0	nan	0	0	0	0.001202	0.000039	0.001202	0.000039	0.531682	0.017251
36	U	556	782696	778787	0.000714	260	8	782640	0	0	0	nan	0	0	0	0	0	0	nan	0	0	0	0.000714	0.000030	0.000714	0.000030	nan	nan
37	A	2091	782776	779084	0.002684	288	8	782719	0	0	0	nan	0	0	0	0	0	0	nan	0	0	0	0.002684	0.000059	0.002684	0.000059	1.187217	0.026098
38	G	552	782939	778592	0.000709	288	8	782885	0	0	0	nan	0	0	0	0	0	0	nan	0	0	0	0.000709	0.000030	0.000709	0.000030	nan	nan
39	U	766	783109	780451	0.000981	293	8	783059	0	0	0	nan	0	0	0	0	0	0	nan	0	0	0	0.000981	0.000035	0.000981	0.000035	nan	nan
40	G	664	783195	779723	0.000852	294	8	783150	0	0	0	nan	0	0	0	0	0	0	nan	0	0	0	0.000852	0.000033	0.000852	0.000033	nan	nan
41	A	1841	783413	779906	0.002361	305	8	783374	0	0	0	nan	0	0	0	0	0	0	nan	0	0	0	0.002361	0.000055	0.002361	0.000055	1.044344	0.024328
42	U	1388	783546	779542	0.001781	324	8	783510	0	0	0	nan	0	0	0	0	0	0	nan	0	0	0	0.001781	0.000048	0.001781	0.000048	nan	nan
43	U	1041	783702	779546	0.001335	325	8	783669	0	0	0	nan	0	0	0	0	0	0	nan	0	0	0	0.001335	0.000041	0.001335	0.000041	nan	nan
44	C	1846	783824	780010	0.002367	327	8	783793	0	0	0	nan	0	0	0	0	0	0	nan	0	0	0	0.002367	0.000055	0.002367	0.000055	1.061792	0.024672
45	A	1274	783952	780526	0.001632	328	9	783927	0	0	0	nan	0	0	0	0	0	0	nan	0	0	0	0.001632	0.000046	0.001632	0.000046	0.721884	0.020347
46	G	628	784060	780919	0.000804	328	9	784037	0	0	0	nan	0	0	0	0	0	0	nan	0	0	0	0.000804	0.000032	0.000804	0.000032	nan	nan
47	G	491	784172	781337	0.000628	328	9	784150	0	0	0	nan	0	0	0	0	0	0	nan	0	0	0	0.000628	0.000028	0.000628	0.000028	nan	nan
48	A	1108	784212	781792	0.001417	336	9	784192	0	0	0	nan	0	0	0	0	0	0	nan	0	0	0	0.001417	0.000043	0.001417	0.000043	0.626783	0.019020
49	G	337	784250	781241	0.000431	336	9	784234	0	0	0	nan	0	0	0	0	0	0	nan	0	0	0	0.000431	0.000023	0.000431	0.000023	nan	nan
50	G	443	784293	780382	0.000568	338	9	784282	0	0	0	nan	0	0	0	0	0	0	nan	0	0	0	0.000568	0.000027	0.000568	0.000027	nan	nan
51	U	882	784311	780329	0.001130	349	9	784303	0	0	0	nan	0	0	0	0	0	0	nan	0	0	0	0.001130	0.000038	0.001130	0.000038	nan	nan
52	U	680	784333	779782	0.000872	349	9	784327	0	0	0	nan	0	0	0	0	0	0	nan	0	0	0	0.000872	0.000033	0.000872	0.000033	nan	nan
53	A	1397	784390	780466	0.001790	357	9	784386	0	0	0	nan	0	0	0	0	0	0	nan	0	0	0	0.001790	0.000048	0.001790	0.000048	0.791773	0.021232
54	A	1302	783916	779691	0.001670	343	9	783899	0	0	0	nan	0	0	0	0	0	0	nan	0	0	0	0.001670	0.000046	0.001670	0.000046	0.738693	0.020347
55	U	757	783956	779616	0.000971	342	9	783944	0	0	0	nan	0	0	0	0	0	0	nan	0	0	0	0.000971	0.000035	0.000971	0.000035	nan	nan
56	G	668	783974	779723	0.000857	338	9	783971	0	0	0	nan	0	0	0	0	0	0	nan	0	0	0	0.000857	0.000033	0.000857	0.000033	nan	nan
57	G	0	783992	779216	0.000000	338	9	783990	0	0	0	nan	0	0	0	0	0	0	nan	0	0	0	0.000000	0.000000	0.000000	0.000000	nan	nan
58	A	0	784013	0	nan	338	9	784013	0	0	0	nan	0	0	0	0	0	0	nan	0	0	0	nan	nan	nan	nan	nan	nan
59	A	0	784013	0	nan	338	9	784013	0	0	0	nan	0	0	0	0	0	0	nan	0	0	0	nan	nan	nan	nan	nan	nan
60	G	0	784013	0	nan	338	9	784013	0	0	0	nan	0	0	0	0	0	0	nan	0	0	0	nan	nan	nan	nan	nan	nan
61	u	0	784013	0	nan	338	9	784013	0	0	0	nan	0	0	0	0	0	0	nan	0	0	0	nan	nan	nan	nan	nan	nan
62	a	0	784013	0	nan	338	9	784013	0	0	0	nan	0	0	0	0	0	0	nan	0	0	0	nan	nan	nan	nan	nan	nan
63	a	0	784013	0	nan	338	9	784013	0	0	0	nan	0	0	0	0	0	0	nan	0	0	0	nan	nan	nan	nan	nan	nan
64	a	0	784013	0	nan	338	9	784013	0	0	0	nan	0	0	0	0	0	0	nan	0	0	0	nan	nan	nan	nan	nan	nan
65	g	0	784013	0	nan	337	9	784013	0	0	0	nan	0	0	0	0	0	0	nan	0	0	0	nan	nan	nan	nan	nan	nan
66	g	0	784013	0	nan	337	9	784013	0	0	0	nan	0	0	0	0	0	0	nan	0	0	0	nan	nan	nan	nan	nan	nan
67	u	0	784013	0	nan	336	9	784013	0	0	0	nan	0	0	0	0	0	0	nan	0	0	0	nan	nan	nan	nan	nan	nan
68	a	0	784013	0	nan	335	9	784013	0	0	0	nan	0	0	0	0	0	0	nan	0	0	0	nan	nan	nan	nan	nan	nan
69	a	0	784013	0	nan	333	9	784013	0	0	0	nan	0	0	0	0	0	0	nan	0	0	0	nan	nan	nan	nan	nan	nan
70	u	0	784013	0	nan	333	9	784013	0	0	0	nan	0	0	0	0	0	0	nan	0	0	0	nan	nan	nan	nan	nan	nan
71	g	0	784006	0	nan	333	9	784006	0	0	0	nan	0	0	0	0	0	0	nan	0	0	0	nan	nan	nan	nan	nan	nan
72	a	0	783997	0	nan	333	9	783997	0	0	0	nan	0	0	0	0	0	0	nan	0	0	0	nan	nan	nan	nan	nan	nan
73	a	0	783989	0	nan	332	9	783989	0	0	0	nan	0	0	0	0	0	0	nan	0	0	0	nan	nan	nan	nan	nan	nan
74	g	0	783981	0	nan	332	9	783981	0	0	0	nan	0	0	0	0	0	0	nan	0	0	0	nan	nan	nan	nan	nan	nan
75	g	0	783962	0	nan	332	9	783962	0	0	0	nan	0	0	0	0	0	0	nan	0	0	0	nan	nan	nan	nan	nan	nan
76	u	0	783925	0	nan	332	9	783925	0	0	0	nan	0	0	0	0	0	0	nan	0	0	0	nan	nan	nan	nan	nan	nan
77	g	0	783896	0	nan	331	9	783896	0	0	0	nan	0	0	0	0	0	0	nan	0	0	0	nan	nan	nan	nan	nan	nan
78	a	0	783811	0	nan	331	9	783811	0	0	0	nan	0	0	0	0	0	0	nan	0	0	0	nan	nan	nan	nan	nan	nan
79	a	0	783568	0	nan	331	9	783568	0	0	0	nan	0	0	0	0	0	0	nan	0	0	0	nan	nan	nan	nan	nan	nan
80	g	0	782968	0	nan	331	8	782968	0	0	0	nan	0	0	0	0	0	0	nan	0	0	0	nan	nan	nan	nan	nan	nan