Nucleotide	Sequence	Modified_mutations	Modified_read_depth	Modified_effective_depth	Modified_rate	Modified_off_target_mapped_depth	Modified_low_mapq_mapped_depth	Modified_primer_pair_1_mapped_depth	Untreated_mutations	Untreated_read_depth	Untreated_effective_depth	Untreated_rate	Untreated_off_target_mapped_depth	Untreated_low_mapq_mapped_depth	Untreated_primer_pair_1_mapped_depth	Denatured_mutations	Denatured_read_depth	Denatured_effective_depth	Denatured_rate	Denatured_off_target_mapped_depth	Denatured_low_mapq_mapped_depth	Denatured_primer_pair_1_mapped_depth	Reactivity_profile	Std_err	HQ_profile	HQ_stderr	Norm_profile	Norm_stderr
1	g	0	4637954	0	nan	69	1158	4637954	0	0	0	nan	0	0	0	0	0	0	nan	0	0	0	nan	nan	nan	nan	nan	nan
2	g	0	4722864	0	nan	69	1167	4722864	0	0	0	nan	0	0	0	0	0	0	nan	0	0	0	nan	nan	nan	nan	nan	nan
3	u	0	4765570	0	nan	69	1174	4765570	0	0	0	nan	0	0	0	0	0	0	nan	0	0	0	nan	nan	nan	nan	nan	nan
4	g	0	4776497	0	nan	69	1191	4776497	0	0	0	nan	0	0	0	0	0	0	nan	0	0	0	nan	nan	nan	nan	nan	nan
5	u	0	4784223	0	nan	69	1195	4784223	0	0	0	nan	0	0	0	0	0	0	nan	0	0	0	nan	nan	nan	nan	nan	nan
6	a	0	4790943	0	nan	69	1243	4790943	0	0	0	nan	0	0	0	0	0	0	nan	0	0	0	nan	nan	nan	nan	nan	nan
7	a	0	4794361	0	nan	69	1244	4794361	0	0	0	nan	0	0	0	0	0	0	nan	0	0	0	nan	nan	nan	nan	nan	nan
8	g	0	4796114	0	nan	69	1244	4796114	0	0	0	nan	0	0	0	0	0	0	nan	0	0	0	nan	nan	nan	nan	nan	nan
9	g	0	4798295	0	nan	69	1246	4798295	0	0	0	nan	0	0	0	0	0	0	nan	0	0	0	nan	nan	nan	nan	nan	nan
10	g	0	4801653	0	nan	69	1271	4801653	0	0	0	nan	0	0	0	0	0	0	nan	0	0	0	nan	nan	nan	nan	nan	nan
11	u	0	4807676	0	nan	69	1274	4807676	0	0	0	nan	0	0	0	0	0	0	nan	0	0	0	nan	nan	nan	nan	nan	nan
12	g	0	4825277	0	nan	238	1401	4825277	0	0	0	nan	0	0	0	0	0	0	nan	0	0	0	nan	nan	nan	nan	nan	nan
13	a	0	4856625	0	nan	251	1432	4856625	0	0	0	nan	0	0	0	0	0	0	nan	0	0	0	nan	nan	nan	nan	nan	nan
14	a	0	4893050	0	nan	285	1438	4893050	0	0	0	nan	0	0	0	0	0	0	nan	0	0	0	nan	nan	nan	nan	nan	nan
15	g	0	4918616	0	nan	379	1440	4918616	0	0	0	nan	0	0	0	0	0	0	nan	0	0	0	nan	nan	nan	nan	nan	nan
16	u	0	4945321	0	nan	385	1441	4945321	0	0	0	nan	0	0	0	0	0	0	nan	0	0	0	nan	nan	nan	nan	nan	nan
17	g	0	4958183	0	nan	389	1469	4958183	0	0	0	nan	0	0	0	0	0	0	nan	0	0	0	nan	nan	nan	nan	nan	nan
18	u	0	4965237	0	nan	390	1475	4965237	0	0	0	nan	0	0	0	0	0	0	nan	0	0	0	nan	nan	nan	nan	nan	nan
19	a	0	4970586	0	nan	390	1572	4970586	0	0	0	nan	0	0	0	0	0	0	nan	0	0	0	nan	nan	nan	nan	nan	nan
20	A	0	4972559	407	0.000000	390	1572	4972559	0	0	0	nan	0	0	0	0	0	0	nan	0	0	0	0.000000	0.000000	nan	nan	nan	nan
21	G	0	4973307	355	0.000000	390	1572	4973307	0	0	0	nan	0	0	0	0	0	0	nan	0	0	0	0.000000	0.000000	nan	nan	nan	nan
22	G	0	4974410	605	0.000000	390	1572	4974410	0	0	0	nan	0	0	0	0	0	0	nan	0	0	0	0.000000	0.000000	nan	nan	nan	nan
23	U	0	4977105	3999312	0.000000	390	1572	4977105	0	0	0	nan	0	0	0	0	0	0	nan	0	0	0	0.000000	0.000000	0.000000	0.000000	0.000000	0.000000
24	U	22272	4978412	3979070	0.005597	390	1572	4978412	0	0	0	nan	0	0	0	0	0	0	nan	0	0	0	0.005597	0.000038	0.005597	0.000038	1.000000	0.006789
25	G	3184	4986858	3998722	0.000796	390	1572	4986858	0	0	0	nan	0	0	0	0	0	0	nan	0	0	0	0.000796	0.000014	0.000796	0.000014	0.136278	0.002397
26	A	3182	5021655	4306802	0.000739	390	1572	5021636	0	0	0	nan	0	0	0	0	0	0	nan	0	0	0	0.000739	0.000013	0.000739	0.000013	nan	nan
27	C	24266	5030748	4230431	0.005736	390	1572	5030717	0	0	0	nan	0	0	0	0	0	0	nan	0	0	0	0.005736	0.000037	0.005736	0.000037	0.757928	0.004889
28	C	38268	5031849	4071020	0.009400	390	1572	5031774	0	0	0	nan	0	0	0	0	0	0	nan	0	0	0	0.009400	0.000048	0.009400	0.000048	1.242072	0.006342
29	U	10848	5036322	3943222	0.002751	390	1572	5036241	0	0	0	nan	0	0	0	0	0	0	nan	0	0	0	0.002751	0.000026	0.002751	0.000026	0.491513	0.004645
30	U	6530	5042405	4004629	0.001631	391	1572	5042301	0	0	0	nan	0	0	0	0	0	0	nan	0	0	0	0.001631	0.000020	0.001631	0.000020	0.291406	0.003573
31	U	5384	5049855	4005965	0.001344	391	1572	5049720	0	0	0	nan	0	0	0	0	0	0	nan	0	0	0	0.001344	0.000018	0.001344	0.000018	0.240129	0.003216
32	U	21416	5056627	4221797	0.005073	392	1572	5056480	0	0	0	nan	0	0	0	0	0	0	nan	0	0	0	0.005073	0.000035	0.005073	0.000035	0.906378	0.006253
33	G	1363	5117861	4370692	0.000312	394	1572	5117700	0	0	0	nan	0	0	0	0	0	0	nan	0	0	0	0.000312	0.000008	0.000312	0.000008	0.053416	0.001370
34	A	1784	5155160	4830173	0.000369	394	1572	5155035	0	0	0	nan	0	0	0	0	0	0	nan	0	0	0	0.000369	0.000009	0.000369	0.000009	nan	nan
35	A	5496	5167104	4813674	0.001142	394	1572	5166986	0	0	0	nan	0	0	0	0	0	0	nan	0	0	0	0.001142	0.000015	0.001142	0.000015	nan	nan
36	U	2718	5168466	4814478	0.000565	394	1572	5168346	0	0	0	nan	0	0	0	0	0	0	nan	0	0	0	0.000565	0.000011	0.000565	0.000011	0.100947	0.001965
37	A	7027	5171033	4598110	0.001528	394	1572	5170914	0	0	0	nan	0	0	0	0	0	0	nan	0	0	0	0.001528	0.000018	0.001528	0.000018	nan	nan
38	G	3687	5171438	4465172	0.000826	405	1572	5171316	0	0	0	nan	0	0	0	0	0	0	nan	0	0	0	0.000826	0.000014	0.000826	0.000014	0.141414	0.002397
39	U	6130	5172178	4367614	0.001404	405	1572	5172049	0	0	0	nan	0	0	0	0	0	0	nan	0	0	0	0.001404	0.000018	0.001404	0.000018	0.250849	0.003216
40	G	4538	5173904	4437010	0.001023	408	1572	5173773	0	0	0	nan	0	0	0	0	0	0	nan	0	0	0	0.001023	0.000015	0.001023	0.000015	0.175141	0.002568
41	A	8833	5179507	4409472	0.002003	409	1572	5179379	0	0	0	nan	0	0	0	0	0	0	nan	0	0	0	0.002003	0.000021	0.002003	0.000021	nan	nan
42	U	20723	5180619	4271077	0.004852	411	1572	5180490	0	0	0	nan	0	0	0	0	0	0	nan	0	0	0	0.004852	0.000034	0.004852	0.000034	0.866893	0.006075
43	U	8337	5183672	4224799	0.001973	416	1572	5183538	0	0	0	nan	0	0	0	0	0	0	nan	0	0	0	0.001973	0.000022	0.001973	0.000022	0.352510	0.003931
44	C	6858	5192505	4281490	0.001602	417	1572	5192378	0	0	0	nan	0	0	0	0	0	0	nan	0	0	0	0.001602	0.000019	0.001602	0.000019	0.211681	0.002511
45	A	4953	5199340	4346812	0.001139	415	1572	5199205	0	0	0	nan	0	0	0	0	0	0	nan	0	0	0	0.001139	0.000016	0.001139	0.000016	nan	nan
46	G	2457	5203744	4191482	0.000586	412	1572	5203610	0	0	0	nan	0	0	0	0	0	0	nan	0	0	0	0.000586	0.000012	0.000586	0.000012	0.100325	0.002054
47	G	10411	5215109	4261348	0.002443	409	1572	5214976	0	0	0	nan	0	0	0	0	0	0	nan	0	0	0	0.002443	0.000024	0.002443	0.000024	0.418250	0.004109
48	A	1895	5232811	4056601	0.000467	420	1572	5232690	0	0	0	nan	0	0	0	0	0	0	nan	0	0	0	0.000467	0.000011	0.000467	0.000011	nan	nan
49	G	38008	5235737	4113686	0.009239	428	1572	5235632	0	0	0	nan	0	0	0	0	0	0	nan	0	0	0	0.009239	0.000047	0.009239	0.000047	1.581750	0.008047
50	G	746	5249052	3972535	0.000188	437	1572	5248980	0	0	0	nan	0	0	0	0	0	0	nan	0	0	0	0.000188	0.000007	0.000188	0.000007	0.032186	0.001198
51	U	26854	5259051	4218185	0.006366	437	1572	5259007	0	0	0	nan	0	0	0	0	0	0	nan	0	0	0	0.006366	0.000039	0.006366	0.000039	1.137395	0.006968
52	U	16242	5277080	4333578	0.003748	445	1572	5277046	0	0	0	nan	0	0	0	0	0	0	nan	0	0	0	0.003748	0.000029	0.003748	0.000029	0.669644	0.005181
53	A	1899	5291497	4705352	0.000404	444	1572	5291468	0	0	0	nan	0	0	0	0	0	0	nan	0	0	0	0.000404	0.000009	0.000404	0.000009	nan	nan
54	A	2226	5300560	4745287	0.000469	443	1572	5300538	0	0	0	nan	0	0	0	0	0	0	nan	0	0	0	0.000469	0.000010	0.000469	0.000010	nan	nan
55	U	18520	5301976	4669273	0.003966	443	1572	5301959	0	0	0	nan	0	0	0	0	0	0	nan	0	0	0	0.003966	0.000029	0.003966	0.000029	0.708594	0.005181
56	G	2468	5304718	4472351	0.000552	439	1572	5304707	0	0	0	nan	0	0	0	0	0	0	nan	0	0	0	0.000552	0.000011	0.000552	0.000011	0.094504	0.001883
57	G	0	5306269	4674483	0.000000	439	1572	5306266	0	0	0	nan	0	0	0	0	0	0	nan	0	0	0	0.000000	0.000000	0.000000	0.000000	0.000000	0.000000
58	A	0	5308156	77	0.000000	439	1572	5308156	0	0	0	nan	0	0	0	0	0	0	nan	0	0	0	0.000000	0.000000	nan	nan	nan	nan
59	A	0	5308096	85	0.000000	439	1572	5308096	0	0	0	nan	0	0	0	0	0	0	nan	0	0	0	0.000000	0.000000	nan	nan	nan	nan
60	G	0	5308018	52	0.000000	439	1572	5308018	0	0	0	nan	0	0	0	0	0	0	nan	0	0	0	0.000000	0.000000	nan	nan	nan	nan
61	u	0	5307930	0	nan	439	1572	5307930	0	0	0	nan	0	0	0	0	0	0	nan	0	0	0	nan	nan	nan	nan	nan	nan
62	a	0	5307768	0	nan	433	1570	5307768	0	0	0	nan	0	0	0	0	0	0	nan	0	0	0	nan	nan	nan	nan	nan	nan
63	a	0	5307665	0	nan	426	1570	5307665	0	0	0	nan	0	0	0	0	0	0	nan	0	0	0	nan	nan	nan	nan	nan	nan
64	a	0	5307627	0	nan	420	1568	5307627	0	0	0	nan	0	0	0	0	0	0	nan	0	0	0	nan	nan	nan	nan	nan	nan
65	g	0	5307599	0	nan	393	1135	5307599	0	0	0	nan	0	0	0	0	0	0	nan	0	0	0	nan	nan	nan	nan	nan	nan
66	g	0	5307587	0	nan	371	1098	5307587	0	0	0	nan	0	0	0	0	0	0	nan	0	0	0	nan	nan	nan	nan	nan	nan
67	u	0	5307567	0	nan	362	1093	5307567	0	0	0	nan	0	0	0	0	0	0	nan	0	0	0	nan	nan	nan	nan	nan	nan
68	a	0	5307556	0	nan	359	1003	5307556	0	0	0	nan	0	0	0	0	0	0	nan	0	0	0	nan	nan	nan	nan	nan	nan
69	a	0	5307546	0	nan	355	1000	5307546	0	0	0	nan	0	0	0	0	0	0	nan	0	0	0	nan	nan	nan	nan	nan	nan
70	u	0	5307525	0	nan	351	969	5307525	0	0	0	nan	0	0	0	0	0	0	nan	0	0	0	nan	nan	nan	nan	nan	nan
71	g	0	5307437	0	nan	346	964	5307437	0	0	0	nan	0	0	0	0	0	0	nan	0	0	0	nan	nan	nan	nan	nan	nan
72	a	0	5307305	0	nan	338	960	5307305	0	0	0	nan	0	0	0	0	0	0	nan	0	0	0	nan	nan	nan	nan	nan	nan
73	a	0	5307254	0	nan	334	959	5307254	0	0	0	nan	0	0	0	0	0	0	nan	0	0	0	nan	nan	nan	nan	nan	nan
74	g	0	5307223	0	nan	334	955	5307223	0	0	0	nan	0	0	0	0	0	0	nan	0	0	0	nan	nan	nan	nan	nan	nan
75	g	0	5307186	0	nan	332	955	5307186	0	0	0	nan	0	0	0	0	0	0	nan	0	0	0	nan	nan	nan	nan	nan	nan
76	u	0	5307142	0	nan	331	955	5307142	0	0	0	nan	0	0	0	0	0	0	nan	0	0	0	nan	nan	nan	nan	nan	nan
77	g	0	5307097	0	nan	330	944	5307097	0	0	0	nan	0	0	0	0	0	0	nan	0	0	0	nan	nan	nan	nan	nan	nan
78	a	0	5306991	0	nan	325	942	5306991	0	0	0	nan	0	0	0	0	0	0	nan	0	0	0	nan	nan	nan	nan	nan	nan
79	a	0	5304202	0	nan	323	935	5304202	0	0	0	nan	0	0	0	0	0	0	nan	0	0	0	nan	nan	nan	nan	nan	nan
80	g	0	5302257	0	nan	319	926	5302257	0	0	0	nan	0	0	0	0	0	0	nan	0	0	0	nan	nan	nan	nan	nan	nan