Nucleotide	Sequence	Modified_mutations	Modified_read_depth	Modified_effective_depth	Modified_rate	Modified_off_target_mapped_depth	Modified_low_mapq_mapped_depth	Modified_primer_pair_1_mapped_depth	Untreated_mutations	Untreated_read_depth	Untreated_effective_depth	Untreated_rate	Untreated_off_target_mapped_depth	Untreated_low_mapq_mapped_depth	Untreated_primer_pair_1_mapped_depth	Denatured_mutations	Denatured_read_depth	Denatured_effective_depth	Denatured_rate	Denatured_off_target_mapped_depth	Denatured_low_mapq_mapped_depth	Denatured_primer_pair_1_mapped_depth	Reactivity_profile	Std_err	HQ_profile	HQ_stderr	Norm_profile	Norm_stderr
1	g	0	45034	0	nan	0	1	45034	0	0	0	nan	0	0	0	0	0	0	nan	0	0	0	nan	nan	nan	nan	nan	nan
2	g	0	45064	0	nan	0	1	45064	0	0	0	nan	0	0	0	0	0	0	nan	0	0	0	nan	nan	nan	nan	nan	nan
3	u	0	45086	0	nan	0	1	45086	0	0	0	nan	0	0	0	0	0	0	nan	0	0	0	nan	nan	nan	nan	nan	nan
4	g	0	45096	0	nan	0	1	45096	0	0	0	nan	0	0	0	0	0	0	nan	0	0	0	nan	nan	nan	nan	nan	nan
5	u	0	45105	0	nan	0	1	45105	0	0	0	nan	0	0	0	0	0	0	nan	0	0	0	nan	nan	nan	nan	nan	nan
6	a	0	45120	0	nan	0	1	45120	0	0	0	nan	0	0	0	0	0	0	nan	0	0	0	nan	nan	nan	nan	nan	nan
7	a	0	45149	0	nan	0	1	45149	0	0	0	nan	0	0	0	0	0	0	nan	0	0	0	nan	nan	nan	nan	nan	nan
8	g	0	45243	0	nan	0	1	45243	0	0	0	nan	0	0	0	0	0	0	nan	0	0	0	nan	nan	nan	nan	nan	nan
9	g	0	46588	0	nan	0	1	46588	0	0	0	nan	0	0	0	0	0	0	nan	0	0	0	nan	nan	nan	nan	nan	nan
10	g	0	188980	0	nan	0	1	188980	0	0	0	nan	0	0	0	0	0	0	nan	0	0	0	nan	nan	nan	nan	nan	nan
11	u	0	196704	0	nan	0	1	196704	0	0	0	nan	0	0	0	0	0	0	nan	0	0	0	nan	nan	nan	nan	nan	nan
12	g	0	196948	0	nan	0	1	196948	0	0	0	nan	0	0	0	0	0	0	nan	0	0	0	nan	nan	nan	nan	nan	nan
13	a	0	196974	0	nan	0	1	196974	0	0	0	nan	0	0	0	0	0	0	nan	0	0	0	nan	nan	nan	nan	nan	nan
14	a	0	196979	0	nan	0	1	196979	0	0	0	nan	0	0	0	0	0	0	nan	0	0	0	nan	nan	nan	nan	nan	nan
15	g	0	197005	0	nan	1	1	197005	0	0	0	nan	0	0	0	0	0	0	nan	0	0	0	nan	nan	nan	nan	nan	nan
16	u	0	197014	0	nan	1	1	197014	0	0	0	nan	0	0	0	0	0	0	nan	0	0	0	nan	nan	nan	nan	nan	nan
17	g	0	197029	0	nan	1	1	197029	0	0	0	nan	0	0	0	0	0	0	nan	0	0	0	nan	nan	nan	nan	nan	nan
18	u	0	197035	0	nan	1	1	197035	0	0	0	nan	0	0	0	0	0	0	nan	0	0	0	nan	nan	nan	nan	nan	nan
19	a	0	197099	0	nan	1	1	197099	0	0	0	nan	0	0	0	0	0	0	nan	0	0	0	nan	nan	nan	nan	nan	nan
20	A	0	197121	10	0.000000	1	2	197121	0	0	0	nan	0	0	0	0	0	0	nan	0	0	0	0.000000	0.000000	nan	nan	nan	nan
21	G	0	197190	37	0.000000	1	2	197190	0	0	0	nan	0	0	0	0	0	0	nan	0	0	0	0.000000	0.000000	nan	nan	nan	nan
22	G	0	197196	36	0.000000	1	2	197196	0	0	0	nan	0	0	0	0	0	0	nan	0	0	0	0.000000	0.000000	nan	nan	nan	nan
23	U	0	197207	194815	0.000000	1	2	197207	0	0	0	nan	0	0	0	0	0	0	nan	0	0	0	0.000000	0.000000	0.000000	0.000000	nan	nan
24	U	220	197213	194840	0.001129	1	2	197213	0	0	0	nan	0	0	0	0	0	0	nan	0	0	0	0.001129	0.000076	0.001129	0.000076	nan	nan
25	G	164	197215	194245	0.000844	1	2	197215	0	0	0	nan	0	0	0	0	0	0	nan	0	0	0	0.000844	0.000066	0.000844	0.000066	nan	nan
26	A	1064	197213	190726	0.005579	1	2	197194	0	0	0	nan	0	0	0	0	0	0	nan	0	0	0	0.005579	0.000171	0.005579	0.000171	0.420390	0.012885
27	C	5003	197228	189968	0.026336	1	2	197203	0	0	0	nan	0	0	0	0	0	0	nan	0	0	0	0.026336	0.000372	0.026336	0.000372	1.827873	0.025819
28	C	407	197246	190246	0.002139	1	2	197221	0	0	0	nan	0	0	0	0	0	0	nan	0	0	0	0.002139	0.000106	0.002139	0.000106	0.148459	0.007357
29	U	147	197280	192649	0.000763	1	2	197258	0	0	0	nan	0	0	0	0	0	0	nan	0	0	0	0.000763	0.000063	0.000763	0.000063	nan	nan
30	U	156	197305	193339	0.000807	1	2	197284	0	0	0	nan	0	0	0	0	0	0	nan	0	0	0	0.000807	0.000065	0.000807	0.000065	nan	nan
31	U	205	197321	194173	0.001056	1	2	197301	0	0	0	nan	0	0	0	0	0	0	nan	0	0	0	0.001056	0.000074	0.001056	0.000074	nan	nan
32	U	147	197369	195299	0.000753	1	2	197350	0	0	0	nan	0	0	0	0	0	0	nan	0	0	0	0.000753	0.000062	0.000753	0.000062	nan	nan
33	G	84	197393	194193	0.000433	1	2	197374	0	0	0	nan	0	0	0	0	0	0	nan	0	0	0	0.000433	0.000047	0.000433	0.000047	nan	nan
34	A	1111	197413	194482	0.005713	1	2	197394	0	0	0	nan	0	0	0	0	0	0	nan	0	0	0	0.005713	0.000171	0.005713	0.000171	0.430488	0.012885
35	A	1086	197421	193487	0.005613	1	2	197402	0	0	0	nan	0	0	0	0	0	0	nan	0	0	0	0.005613	0.000170	0.005613	0.000170	0.422952	0.012810
36	U	138	197431	192235	0.000718	1	2	197412	0	0	0	nan	0	0	0	0	0	0	nan	0	0	0	0.000718	0.000061	0.000718	0.000061	nan	nan
37	A	10225	197440	192412	0.053141	1	2	197422	0	0	0	nan	0	0	0	0	0	0	nan	0	0	0	0.053141	0.000526	0.053141	0.000526	4.004295	0.039635
38	G	226	197453	191484	0.001180	1	2	197438	0	0	0	nan	0	0	0	0	0	0	nan	0	0	0	0.001180	0.000079	0.001180	0.000079	nan	nan
39	U	268	197460	194900	0.001375	1	2	197445	0	0	0	nan	0	0	0	0	0	0	nan	0	0	0	0.001375	0.000084	0.001375	0.000084	nan	nan
40	G	321	197481	193690	0.001657	1	2	197468	0	0	0	nan	0	0	0	0	0	0	nan	0	0	0	0.001657	0.000093	0.001657	0.000093	nan	nan
41	A	2619	197495	194574	0.013460	1	2	197483	0	0	0	nan	0	0	0	0	0	0	nan	0	0	0	0.013460	0.000263	0.013460	0.000263	1.014242	0.019818
42	U	308	197516	193795	0.001589	1	2	197505	0	0	0	nan	0	0	0	0	0	0	nan	0	0	0	0.001589	0.000091	0.001589	0.000091	nan	nan
43	U	239	197540	193742	0.001234	1	3	197531	0	0	0	nan	0	0	0	0	0	0	nan	0	0	0	0.001234	0.000080	0.001234	0.000080	nan	nan
44	C	481	197552	193954	0.002480	1	4	197543	0	0	0	nan	0	0	0	0	0	0	nan	0	0	0	0.002480	0.000113	0.002480	0.000113	0.172127	0.007843
45	A	1043	197581	194844	0.005353	1	4	197574	0	0	0	nan	0	0	0	0	0	0	nan	0	0	0	0.005353	0.000166	0.005353	0.000166	0.403361	0.012508
46	G	110	197599	195758	0.000562	1	4	197593	0	0	0	nan	0	0	0	0	0	0	nan	0	0	0	0.000562	0.000054	0.000562	0.000054	nan	nan
47	G	102	197605	195384	0.000522	1	4	197600	0	0	0	nan	0	0	0	0	0	0	nan	0	0	0	0.000522	0.000052	0.000522	0.000052	nan	nan
48	A	601	197606	195668	0.003072	1	4	197601	0	0	0	nan	0	0	0	0	0	0	nan	0	0	0	0.003072	0.000125	0.003072	0.000125	0.231482	0.009419
49	G	137	197655	195049	0.000702	1	4	197653	0	0	0	nan	0	0	0	0	0	0	nan	0	0	0	0.000702	0.000060	0.000702	0.000060	nan	nan
50	G	141	197667	194524	0.000725	1	4	197667	0	0	0	nan	0	0	0	0	0	0	nan	0	0	0	0.000725	0.000061	0.000725	0.000061	nan	nan
51	U	140	197669	194927	0.000718	1	4	197669	0	0	0	nan	0	0	0	0	0	0	nan	0	0	0	0.000718	0.000061	0.000718	0.000061	nan	nan
52	U	187	197676	194319	0.000962	1	4	197676	0	0	0	nan	0	0	0	0	0	0	nan	0	0	0	0.000962	0.000070	0.000962	0.000070	nan	nan
53	A	2480	197677	194855	0.012727	1	4	197677	0	0	0	nan	0	0	0	0	0	0	nan	0	0	0	0.012727	0.000256	0.012727	0.000256	0.959008	0.019290
54	A	2586	197676	194858	0.013271	1	4	197675	0	0	0	nan	0	0	0	0	0	0	nan	0	0	0	0.013271	0.000261	0.013271	0.000261	1.000000	0.019667
55	U	299	197677	195416	0.001530	1	4	197677	0	0	0	nan	0	0	0	0	0	0	nan	0	0	0	0.001530	0.000088	0.001530	0.000088	nan	nan
56	G	208	197681	195297	0.001065	1	4	197681	0	0	0	nan	0	0	0	0	0	0	nan	0	0	0	0.001065	0.000074	0.001065	0.000074	nan	nan
57	G	0	197682	194265	0.000000	1	4	197682	0	0	0	nan	0	0	0	0	0	0	nan	0	0	0	0.000000	0.000000	0.000000	0.000000	nan	nan
58	A	0	197682	0	nan	1	4	197682	0	0	0	nan	0	0	0	0	0	0	nan	0	0	0	nan	nan	nan	nan	nan	nan
59	A	0	197682	0	nan	1	4	197682	0	0	0	nan	0	0	0	0	0	0	nan	0	0	0	nan	nan	nan	nan	nan	nan
60	G	0	197682	0	nan	1	4	197682	0	0	0	nan	0	0	0	0	0	0	nan	0	0	0	nan	nan	nan	nan	nan	nan
61	u	0	197682	0	nan	1	4	197682	0	0	0	nan	0	0	0	0	0	0	nan	0	0	0	nan	nan	nan	nan	nan	nan
62	a	0	197682	0	nan	1	4	197682	0	0	0	nan	0	0	0	0	0	0	nan	0	0	0	nan	nan	nan	nan	nan	nan
63	a	0	197682	0	nan	1	4	197682	0	0	0	nan	0	0	0	0	0	0	nan	0	0	0	nan	nan	nan	nan	nan	nan
64	a	0	197682	0	nan	1	4	197682	0	0	0	nan	0	0	0	0	0	0	nan	0	0	0	nan	nan	nan	nan	nan	nan
65	g	0	197682	0	nan	1	4	197682	0	0	0	nan	0	0	0	0	0	0	nan	0	0	0	nan	nan	nan	nan	nan	nan
66	g	0	197682	0	nan	1	4	197682	0	0	0	nan	0	0	0	0	0	0	nan	0	0	0	nan	nan	nan	nan	nan	nan
67	u	0	197682	0	nan	1	4	197682	0	0	0	nan	0	0	0	0	0	0	nan	0	0	0	nan	nan	nan	nan	nan	nan
68	a	0	197682	0	nan	1	4	197682	0	0	0	nan	0	0	0	0	0	0	nan	0	0	0	nan	nan	nan	nan	nan	nan
69	a	0	197682	0	nan	1	4	197682	0	0	0	nan	0	0	0	0	0	0	nan	0	0	0	nan	nan	nan	nan	nan	nan
70	u	0	197682	0	nan	1	4	197682	0	0	0	nan	0	0	0	0	0	0	nan	0	0	0	nan	nan	nan	nan	nan	nan
71	g	0	197682	0	nan	1	4	197682	0	0	0	nan	0	0	0	0	0	0	nan	0	0	0	nan	nan	nan	nan	nan	nan
72	a	0	197682	0	nan	1	4	197682	0	0	0	nan	0	0	0	0	0	0	nan	0	0	0	nan	nan	nan	nan	nan	nan
73	a	0	197682	0	nan	1	4	197682	0	0	0	nan	0	0	0	0	0	0	nan	0	0	0	nan	nan	nan	nan	nan	nan
74	g	0	197682	0	nan	1	4	197682	0	0	0	nan	0	0	0	0	0	0	nan	0	0	0	nan	nan	nan	nan	nan	nan
75	g	0	197680	0	nan	1	4	197680	0	0	0	nan	0	0	0	0	0	0	nan	0	0	0	nan	nan	nan	nan	nan	nan
76	u	0	197675	0	nan	1	4	197675	0	0	0	nan	0	0	0	0	0	0	nan	0	0	0	nan	nan	nan	nan	nan	nan
77	g	0	197669	0	nan	1	4	197669	0	0	0	nan	0	0	0	0	0	0	nan	0	0	0	nan	nan	nan	nan	nan	nan
78	a	0	197668	0	nan	1	4	197668	0	0	0	nan	0	0	0	0	0	0	nan	0	0	0	nan	nan	nan	nan	nan	nan
79	a	0	197632	0	nan	1	4	197632	0	0	0	nan	0	0	0	0	0	0	nan	0	0	0	nan	nan	nan	nan	nan	nan
80	g	0	197543	0	nan	1	4	197543	0	0	0	nan	0	0	0	0	0	0	nan	0	0	0	nan	nan	nan	nan	nan	nan