Nucleotide	Sequence	Modified_mutations	Modified_read_depth	Modified_effective_depth	Modified_rate	Modified_off_target_mapped_depth	Modified_low_mapq_mapped_depth	Modified_primer_pair_1_mapped_depth	Untreated_mutations	Untreated_read_depth	Untreated_effective_depth	Untreated_rate	Untreated_off_target_mapped_depth	Untreated_low_mapq_mapped_depth	Untreated_primer_pair_1_mapped_depth	Denatured_mutations	Denatured_read_depth	Denatured_effective_depth	Denatured_rate	Denatured_off_target_mapped_depth	Denatured_low_mapq_mapped_depth	Denatured_primer_pair_1_mapped_depth	Reactivity_profile	Std_err	HQ_profile	HQ_stderr	Norm_profile	Norm_stderr
1	g	0	185422	0	nan	20	1	185422	0	0	0	nan	0	0	0	0	0	0	nan	0	0	0	nan	nan	nan	nan	nan	nan
2	g	0	199636	0	nan	52	1	199636	0	0	0	nan	0	0	0	0	0	0	nan	0	0	0	nan	nan	nan	nan	nan	nan
3	c	0	200050	0	nan	52	1	200050	0	0	0	nan	0	0	0	0	0	0	nan	0	0	0	nan	nan	nan	nan	nan	nan
4	a	0	200135	0	nan	52	1	200135	0	0	0	nan	0	0	0	0	0	0	nan	0	0	0	nan	nan	nan	nan	nan	nan
5	c	0	200157	0	nan	52	1	200157	0	0	0	nan	0	0	0	0	0	0	nan	0	0	0	nan	nan	nan	nan	nan	nan
6	c	0	200165	0	nan	52	1	200165	0	0	0	nan	0	0	0	0	0	0	nan	0	0	0	nan	nan	nan	nan	nan	nan
7	u	0	200166	0	nan	52	1	200166	0	0	0	nan	0	0	0	0	0	0	nan	0	0	0	nan	nan	nan	nan	nan	nan
8	c	0	200178	0	nan	52	1	200178	0	0	0	nan	0	0	0	0	0	0	nan	0	0	0	nan	nan	nan	nan	nan	nan
9	a	0	200191	0	nan	52	1	200191	0	0	0	nan	0	0	0	0	0	0	nan	0	0	0	nan	nan	nan	nan	nan	nan
10	u	0	200201	0	nan	52	1	200201	0	0	0	nan	0	0	0	0	0	0	nan	0	0	0	nan	nan	nan	nan	nan	nan
11	a	0	200221	0	nan	52	1	200221	0	0	0	nan	0	0	0	0	0	0	nan	0	0	0	nan	nan	nan	nan	nan	nan
12	a	0	200250	0	nan	52	1	200250	0	0	0	nan	0	0	0	0	0	0	nan	0	0	0	nan	nan	nan	nan	nan	nan
13	c	0	200258	0	nan	52	1	200258	0	0	0	nan	0	0	0	0	0	0	nan	0	0	0	nan	nan	nan	nan	nan	nan
14	a	0	200261	0	nan	52	1	200261	0	0	0	nan	0	0	0	0	0	0	nan	0	0	0	nan	nan	nan	nan	nan	nan
15	u	0	200267	0	nan	52	1	200267	0	0	0	nan	0	0	0	0	0	0	nan	0	0	0	nan	nan	nan	nan	nan	nan
16	a	0	200276	0	nan	52	2	200276	0	0	0	nan	0	0	0	0	0	0	nan	0	0	0	nan	nan	nan	nan	nan	nan
17	a	0	200278	0	nan	52	2	200278	0	0	0	nan	0	0	0	0	0	0	nan	0	0	0	nan	nan	nan	nan	nan	nan
18	c	0	200285	0	nan	52	2	200285	0	0	0	nan	0	0	0	0	0	0	nan	0	0	0	nan	nan	nan	nan	nan	nan
19	U	0	200289	3	0.000000	52	3	200289	0	0	0	nan	0	0	0	0	0	0	nan	0	0	0	0.000000	0.000000	nan	nan	nan	nan
20	A	0	200305	12	0.000000	52	3	200305	0	0	0	nan	0	0	0	0	0	0	nan	0	0	0	0.000000	0.000000	nan	nan	nan	nan
21	A	0	200311	15	0.000000	52	3	200311	0	0	0	nan	0	0	0	0	0	0	nan	0	0	0	0.000000	0.000000	nan	nan	nan	nan
22	G	0	200320	196148	0.000000	52	3	200320	0	0	0	nan	0	0	0	0	0	0	nan	0	0	0	0.000000	0.000000	0.000000	0.000000	0.000000	0.000000
23	G	719	200336	190207	0.003780	52	3	200336	0	0	0	nan	0	0	0	0	0	0	nan	0	0	0	0.003780	0.000141	0.003780	0.000141	1.600339	0.059695
24	C	1616	200405	195630	0.008260	52	3	200405	0	0	0	nan	0	0	0	0	0	0	nan	0	0	0	0.008260	0.000205	0.008260	0.000205	0.830819	0.020620
25	A	2649	200508	197670	0.013401	52	3	200508	0	0	0	nan	0	0	0	0	0	0	nan	0	0	0	0.013401	0.000260	0.013401	0.000260	0.783719	0.015205
26	G	517	200521	196466	0.002631	52	3	200521	0	0	0	nan	0	0	0	0	0	0	nan	0	0	0	0.002631	0.000116	0.002631	0.000116	1.113887	0.049111
27	A	3677	200534	197752	0.018594	52	3	200533	0	0	0	nan	0	0	0	0	0	0	nan	0	0	0	0.018594	0.000307	0.018594	0.000307	1.087416	0.017954
28	U	1420	200545	196922	0.007211	52	3	200540	0	0	0	nan	0	0	0	0	0	0	nan	0	0	0	0.007211	0.000191	0.007211	0.000191	1.192689	0.031591
29	C	7046	200550	197131	0.035743	52	3	200539	0	0	0	nan	0	0	0	0	0	0	nan	0	0	0	0.035743	0.000426	0.035743	0.000426	3.595152	0.042849
30	U	1116	200556	197238	0.005658	52	3	200543	0	0	0	nan	0	0	0	0	0	0	nan	0	0	0	0.005658	0.000169	0.005658	0.000169	0.935825	0.027952
31	G	308	200566	195949	0.001572	52	3	200548	0	0	0	nan	0	0	0	0	0	0	nan	0	0	0	0.001572	0.000090	0.001572	0.000090	0.665538	0.038103
32	A	1024	200569	197619	0.005182	52	3	200549	0	0	0	nan	0	0	0	0	0	0	nan	0	0	0	0.005182	0.000162	0.005182	0.000162	0.303054	0.009474
33	G	303	200574	192308	0.001576	52	3	200543	0	0	0	nan	0	0	0	0	0	0	nan	0	0	0	0.001576	0.000091	0.001576	0.000091	0.667231	0.038527
34	C	1225	200584	193527	0.006330	41	3	200537	0	0	0	nan	0	0	0	0	0	0	nan	0	0	0	0.006330	0.000181	0.006330	0.000181	0.636693	0.018206
35	U	1059	200606	193307	0.005478	41	3	200530	0	0	0	nan	0	0	0	0	0	0	nan	0	0	0	0.005478	0.000168	0.005478	0.000168	0.906054	0.027787
36	U	1243	200612	193195	0.006434	41	3	200521	0	0	0	nan	0	0	0	0	0	0	nan	0	0	0	0.006434	0.000182	0.006434	0.000182	1.064175	0.030103
37	C	5633	200642	194251	0.028999	41	3	200387	0	0	0	nan	0	0	0	0	0	0	nan	0	0	0	0.028999	0.000386	0.028999	0.000386	2.916818	0.038825
38	G	346	200706	193632	0.001787	41	3	200466	0	0	0	nan	0	0	0	0	0	0	nan	0	0	0	0.001787	0.000096	0.001787	0.000096	0.756562	0.040644
39	G	308	201038	195016	0.001579	41	3	200930	0	0	0	nan	0	0	0	0	0	0	nan	0	0	0	0.001579	0.000090	0.001579	0.000090	0.668501	0.038103
40	C	489	201241	199695	0.002449	36	3	201225	0	0	0	nan	0	0	0	0	0	0	nan	0	0	0	0.002449	0.000111	0.002449	0.000111	0.246329	0.011165
41	U	635	201254	199894	0.003177	35	3	201249	0	0	0	nan	0	0	0	0	0	0	nan	0	0	0	0.003177	0.000126	0.003177	0.000126	0.525471	0.020840
42	C	371	201256	200066	0.001854	34	3	201252	0	0	0	nan	0	0	0	0	0	0	nan	0	0	0	0.001854	0.000096	0.001854	0.000096	0.186482	0.009656
43	U	884	201257	200153	0.004417	34	3	201254	0	0	0	nan	0	0	0	0	0	0	nan	0	0	0	0.004417	0.000149	0.004417	0.000149	0.730566	0.024644
44	C	992	201260	200032	0.004959	32	3	201258	0	0	0	nan	0	0	0	0	0	0	nan	0	0	0	0.004959	0.000157	0.004959	0.000157	0.498793	0.015792
45	U	817	201262	199801	0.004089	32	3	201256	0	0	0	nan	0	0	0	0	0	0	nan	0	0	0	0.004089	0.000143	0.004089	0.000143	0.676315	0.023652
46	G	412	201259	196841	0.002093	32	3	201248	0	0	0	nan	0	0	0	0	0	0	nan	0	0	0	0.002093	0.000103	0.002093	0.000103	0.886113	0.043607
47	C	1710	201260	198784	0.008602	32	3	201251	0	0	0	nan	0	0	0	0	0	0	nan	0	0	0	0.008602	0.000208	0.008602	0.000208	0.865218	0.020921
48	C	1975	201264	198649	0.009942	32	3	201256	0	0	0	nan	0	0	0	0	0	0	nan	0	0	0	0.009942	0.000224	0.009942	0.000224	1.000000	0.022531
49	A	3308	201267	199264	0.016601	32	3	201267	0	0	0	nan	0	0	0	0	0	0	nan	0	0	0	0.016601	0.000289	0.016601	0.000289	0.970861	0.016901
50	A	0	201269	199776	0.000000	32	3	201269	0	0	0	nan	0	0	0	0	0	0	nan	0	0	0	0.000000	0.000000	0.000000	0.000000	0.000000	0.000000
51	U	0	201269	125	0.000000	21	3	201269	0	0	0	nan	0	0	0	0	0	0	nan	0	0	0	0.000000	0.000000	nan	nan	nan	nan
52	C	0	201269	122	0.000000	20	3	201269	0	0	0	nan	0	0	0	0	0	0	nan	0	0	0	0.000000	0.000000	nan	nan	nan	nan
53	C	0	201266	132	0.000000	20	3	201266	0	0	0	nan	0	0	0	0	0	0	nan	0	0	0	0.000000	0.000000	nan	nan	nan	nan
54	a	0	201107	0	nan	20	3	201107	0	0	0	nan	0	0	0	0	0	0	nan	0	0	0	nan	nan	nan	nan	nan	nan
55	c	0	201107	0	nan	20	3	201107	0	0	0	nan	0	0	0	0	0	0	nan	0	0	0	nan	nan	nan	nan	nan	nan
56	u	0	201098	0	nan	19	3	201098	0	0	0	nan	0	0	0	0	0	0	nan	0	0	0	nan	nan	nan	nan	nan	nan
57	a	0	201096	0	nan	19	3	201096	0	0	0	nan	0	0	0	0	0	0	nan	0	0	0	nan	nan	nan	nan	nan	nan
58	a	0	201096	0	nan	19	3	201096	0	0	0	nan	0	0	0	0	0	0	nan	0	0	0	nan	nan	nan	nan	nan	nan
59	c	0	201096	0	nan	7	3	201096	0	0	0	nan	0	0	0	0	0	0	nan	0	0	0	nan	nan	nan	nan	nan	nan
60	c	0	201096	0	nan	7	3	201096	0	0	0	nan	0	0	0	0	0	0	nan	0	0	0	nan	nan	nan	nan	nan	nan
61	u	0	201096	0	nan	0	3	201096	0	0	0	nan	0	0	0	0	0	0	nan	0	0	0	nan	nan	nan	nan	nan	nan
62	c	0	201096	0	nan	0	3	201096	0	0	0	nan	0	0	0	0	0	0	nan	0	0	0	nan	nan	nan	nan	nan	nan
63	a	0	201096	0	nan	0	3	201096	0	0	0	nan	0	0	0	0	0	0	nan	0	0	0	nan	nan	nan	nan	nan	nan
64	c	0	201095	0	nan	0	3	201095	0	0	0	nan	0	0	0	0	0	0	nan	0	0	0	nan	nan	nan	nan	nan	nan
65	u	0	201094	0	nan	0	3	201094	0	0	0	nan	0	0	0	0	0	0	nan	0	0	0	nan	nan	nan	nan	nan	nan
66	c	0	201094	0	nan	0	3	201094	0	0	0	nan	0	0	0	0	0	0	nan	0	0	0	nan	nan	nan	nan	nan	nan
67	a	0	201091	0	nan	0	3	201091	0	0	0	nan	0	0	0	0	0	0	nan	0	0	0	nan	nan	nan	nan	nan	nan
68	c	0	201085	0	nan	0	3	201085	0	0	0	nan	0	0	0	0	0	0	nan	0	0	0	nan	nan	nan	nan	nan	nan
69	a	0	201068	0	nan	0	3	201068	0	0	0	nan	0	0	0	0	0	0	nan	0	0	0	nan	nan	nan	nan	nan	nan
70	a	0	201008	0	nan	0	3	201008	0	0	0	nan	0	0	0	0	0	0	nan	0	0	0	nan	nan	nan	nan	nan	nan
71	u	0	200910	0	nan	0	3	200910	0	0	0	nan	0	0	0	0	0	0	nan	0	0	0	nan	nan	nan	nan	nan	nan
72	c	0	200678	0	nan	0	3	200678	0	0	0	nan	0	0	0	0	0	0	nan	0	0	0	nan	nan	nan	nan	nan	nan