80
i	j	-log10(Probability)
20	29	7.92555
20	30	10.2621
20	31	12.1619
20	32	12.9744
20	42	15.0888
20	43	14.5286
20	51	8.43826
20	52	6.69507
21	28	7.78825
21	29	10.0752
21	30	11.8272
21	31	12.6161
21	32	13.3227
21	42	14.4065
21	43	12.7931
21	44	12.5891
21	51	7.44607
21	52	6.42101
22	27	7.72709
22	28	10.0128
22	29	11.7875
22	30	12.2616
22	31	12.7217
22	36	12.3047
22	39	14.8043
22	42	12.5077
22	43	12.6405
22	51	7.21505
22	55	0.047011
23	34	12.5372
23	35	12.2829
23	38	14.1045
23	41	12.4447
23	46	12.0605
23	47	13.4998
23	48	12.3965
23	49	10.6042
23	50	9.86429
23	54	0.0133596
23	57	4.44229
23	58	4.4785
23	59	4.91539
23	60	5.38099
24	33	12.4817
24	34	12.2877
24	37	13.889
24	40	12.457
24	45	11.906
24	46	13.6692
24	47	12.6384
24	48	10.9271
24	49	10.4346
24	53	0.00295596
24	56	4.75753
24	57	4.63188
24	58	5.15358
24	59	5.6594
25	31	12.8245
25	32	12.4536
25	36	13.989
25	39	13.0616
25	43	14.5253
25	44	11.8804
25	52	0.000780904
25	55	5.74749
26	30	12.7212
26	31	12.4992
26	39	12.1961
26	42	14.0403
26	43	11.9168
26	51	0.000244017
27	38	12.283
27	47	9.32444
27	50	8.88388e-06
27	57	9.18813
27	60	10.1422
28	38	11.7851
28	46	9.25063
28	47	8.43977
28	49	1.03293e-05
28	50	6.42548
28	56	9.29733
28	57	11.1023
28	60	10.7721
29	35	11.5921
29	37	11.4148
29	38	10.7325
29	41	10.7429
29	45	9.37737
29	46	7.92934
29	47	5.76227
29	48	0.000277116
29	49	6.24903
29	50	10.7235
29	54	11.1495
29	56	11.2633
29	57	13.0154
29	58	12.4074
29	59	10.7805
29	60	12.3156
30	34	11.1282
30	37	9.97968
30	38	9.75256
30	40	10.339
30	41	8.86923
30	45	8.02624
30	46	5.29164
30	47	0.00134388
30	48	5.29065
30	49	9.48247
30	50	11.4376
30	53	11.2722
30	54	11.0418
30	56	12.6737
30	57	12.2121
30	58	10.8025
30	59	11.6969
30	60	12.0302
31	37	9.1625
31	38	8.98854
31	40	8.57121
31	41	8.13623
31	45	5.34107
31	46	0.00362207
31	47	5.26343
31	48	7.91721
31	49	10.7417
31	50	11.7155
31	53	11.145
31	54	11.052
31	56	12.2137
31	57	10.8714
31	58	11.336
31	59	11.4131
31	60	11.4094
32	37	8.86087
32	40	8.04141
32	45	0.000827331
32	46	5.76123
32	47	7.90492
32	48	9.78581
32	49	12.2502
32	53	11.0481
32	56	11.3727
32	57	11.3812
32	58	11.4517
32	59	11.3852
33	39	8.05091
33	43	6.01452
33	44	1.99995e-05
33	52	11.0577
33	55	12.1444
34	42	4.55007
34	43	0.000666136
34	51	11.0857
34	52	11.8799
35	42	0.0184381
35	51	11.7907
35	55	11.7387
36	41	0.0673707
36	50	11.7559
36	53	12.2264
36	54	11.7726
36	56	11.0997
36	60	14.0367
37	43	5.57749
37	52	12.1989
37	55	11.0747
38	42	4.94615
38	51	12.3072
38	55	11.8161
39	45	7.6951
39	50	12.6545
39	53	10.5424
39	54	11.8837
39	56	14.0186
39	60	12.2361
40	44	7.63037
40	52	10.4637
40	55	14.2471
41	51	10.4606
41	55	12.6409
42	48	11.3419
42	49	12.5774
42	50	10.4982
42	54	12.6022
42	57	13.8128
42	58	10.3136
42	59	11.4541
42	60	13.539
43	47	11.02
43	48	11.9553
43	49	10.6367
43	50	11.3375
43	53	12.6577
43	56	14.1903
43	57	10.2547
43	58	11.3607
43	59	13.7451
44	49	11.1103
44	56	10.231
44	57	11.3828
45	52	12.1929
45	55	10.2454
46	51	11.6312
46	52	11.8988
47	51	11.7382
51	57	7.48137
51	58	6.65705
51	59	7.07787
51	60	6.91548
52	56	6.96017
52	57	6.19844
52	58	6.39993
52	59	6.23519
55	60	3.61179
