Nucleotide	Sequence	Modified_mutations	Modified_read_depth	Modified_effective_depth	Modified_rate	Modified_off_target_mapped_depth	Modified_low_mapq_mapped_depth	Modified_primer_pair_1_mapped_depth	Untreated_mutations	Untreated_read_depth	Untreated_effective_depth	Untreated_rate	Untreated_off_target_mapped_depth	Untreated_low_mapq_mapped_depth	Untreated_primer_pair_1_mapped_depth	Denatured_mutations	Denatured_read_depth	Denatured_effective_depth	Denatured_rate	Denatured_off_target_mapped_depth	Denatured_low_mapq_mapped_depth	Denatured_primer_pair_1_mapped_depth	Reactivity_profile	Std_err	HQ_profile	HQ_stderr	Norm_profile	Norm_stderr
1	g	0	5555843	0	nan	102	1156	5555843	0	0	0	nan	0	0	0	0	0	0	nan	0	0	0	nan	nan	nan	nan	nan	nan
2	g	0	5602821	0	nan	102	1160	5602821	0	0	0	nan	0	0	0	0	0	0	nan	0	0	0	nan	nan	nan	nan	nan	nan
3	u	0	5612253	0	nan	102	1167	5612253	0	0	0	nan	0	0	0	0	0	0	nan	0	0	0	nan	nan	nan	nan	nan	nan
4	g	0	5618000	0	nan	102	1194	5618000	0	0	0	nan	0	0	0	0	0	0	nan	0	0	0	nan	nan	nan	nan	nan	nan
5	u	0	5627291	0	nan	102	1207	5627291	0	0	0	nan	0	0	0	0	0	0	nan	0	0	0	nan	nan	nan	nan	nan	nan
6	a	0	5630848	0	nan	102	1307	5630848	0	0	0	nan	0	0	0	0	0	0	nan	0	0	0	nan	nan	nan	nan	nan	nan
7	a	0	5631796	0	nan	102	1313	5631796	0	0	0	nan	0	0	0	0	0	0	nan	0	0	0	nan	nan	nan	nan	nan	nan
8	g	0	5632284	0	nan	102	1314	5632284	0	0	0	nan	0	0	0	0	0	0	nan	0	0	0	nan	nan	nan	nan	nan	nan
9	g	0	5632821	0	nan	102	1317	5632821	0	0	0	nan	0	0	0	0	0	0	nan	0	0	0	nan	nan	nan	nan	nan	nan
10	g	0	5633964	0	nan	102	1340	5633964	0	0	0	nan	0	0	0	0	0	0	nan	0	0	0	nan	nan	nan	nan	nan	nan
11	u	0	5636516	0	nan	102	1341	5636516	0	0	0	nan	0	0	0	0	0	0	nan	0	0	0	nan	nan	nan	nan	nan	nan
12	g	0	5646856	0	nan	150	1436	5646856	0	0	0	nan	0	0	0	0	0	0	nan	0	0	0	nan	nan	nan	nan	nan	nan
13	a	0	5659937	0	nan	154	1455	5659937	0	0	0	nan	0	0	0	0	0	0	nan	0	0	0	nan	nan	nan	nan	nan	nan
14	a	0	5667192	0	nan	165	1455	5667192	0	0	0	nan	0	0	0	0	0	0	nan	0	0	0	nan	nan	nan	nan	nan	nan
15	g	0	5670782	0	nan	388	1459	5670782	0	0	0	nan	0	0	0	0	0	0	nan	0	0	0	nan	nan	nan	nan	nan	nan
16	u	0	5675791	0	nan	388	1460	5675791	0	0	0	nan	0	0	0	0	0	0	nan	0	0	0	nan	nan	nan	nan	nan	nan
17	g	0	5677613	0	nan	388	1493	5677613	0	0	0	nan	0	0	0	0	0	0	nan	0	0	0	nan	nan	nan	nan	nan	nan
18	u	0	5678989	0	nan	388	1506	5678989	0	0	0	nan	0	0	0	0	0	0	nan	0	0	0	nan	nan	nan	nan	nan	nan
19	a	0	5680213	0	nan	392	1630	5680213	0	0	0	nan	0	0	0	0	0	0	nan	0	0	0	nan	nan	nan	nan	nan	nan
20	A	0	5681628	575	0.000000	392	1631	5681628	0	0	0	nan	0	0	0	0	0	0	nan	0	0	0	0.000000	0.000000	nan	nan	nan	nan
21	G	0	5682637	720	0.000000	392	1631	5682637	0	0	0	nan	0	0	0	0	0	0	nan	0	0	0	0.000000	0.000000	nan	nan	nan	nan
22	G	0	5683266	684	0.000000	392	1631	5683266	0	0	0	nan	0	0	0	0	0	0	nan	0	0	0	0.000000	0.000000	nan	nan	nan	nan
23	U	0	5684668	5149087	0.000000	392	1631	5684668	0	0	0	nan	0	0	0	0	0	0	nan	0	0	0	0.000000	0.000000	0.000000	0.000000	0.000000	0.000000
24	U	11594	5685583	5183660	0.002237	392	1631	5685583	0	0	0	nan	0	0	0	0	0	0	nan	0	0	0	0.002237	0.000021	0.002237	0.000021	0.673390	0.006321
25	G	6614	5689048	5133296	0.001288	392	1631	5689048	0	0	0	nan	0	0	0	0	0	0	nan	0	0	0	0.001288	0.000016	0.001288	0.000016	nan	nan
26	A	39346	5694240	5256806	0.007485	392	1631	5694200	0	0	0	nan	0	0	0	0	0	0	nan	0	0	0	0.007485	0.000038	0.007485	0.000038	0.597653	0.003034
27	C	13852	5696489	5074244	0.002730	392	1631	5696423	0	0	0	nan	0	0	0	0	0	0	nan	0	0	0	0.002730	0.000023	0.002730	0.000023	0.845070	0.007120
28	C	17091	5697538	5075566	0.003367	392	1631	5697449	0	0	0	nan	0	0	0	0	0	0	nan	0	0	0	0.003367	0.000026	0.003367	0.000026	1.042254	0.008048
29	U	18337	5700298	5046212	0.003634	392	1631	5700194	0	0	0	nan	0	0	0	0	0	0	nan	0	0	0	0.003634	0.000027	0.003634	0.000027	1.093919	0.008128
30	U	8041	5705334	5125307	0.001569	392	1631	5705220	0	0	0	nan	0	0	0	0	0	0	nan	0	0	0	0.001569	0.000017	0.001569	0.000017	0.472306	0.005117
31	U	8734	5710308	5136107	0.001701	392	1631	5710169	0	0	0	nan	0	0	0	0	0	0	nan	0	0	0	0.001701	0.000018	0.001701	0.000018	0.512041	0.005418
32	U	11458	5715074	5192906	0.002206	392	1631	5714916	0	0	0	nan	0	0	0	0	0	0	nan	0	0	0	0.002206	0.000021	0.002206	0.000021	0.664058	0.006321
33	G	2391	5743797	5255682	0.000455	393	1631	5743614	0	0	0	nan	0	0	0	0	0	0	nan	0	0	0	0.000455	0.000009	0.000455	0.000009	nan	nan
34	A	30156	5754712	5566422	0.005417	393	1631	5754544	0	0	0	nan	0	0	0	0	0	0	nan	0	0	0	0.005417	0.000031	0.005417	0.000031	0.432530	0.002475
35	A	32019	5757565	5542698	0.005777	393	1631	5757378	0	0	0	nan	0	0	0	0	0	0	nan	0	0	0	0.005777	0.000032	0.005777	0.000032	0.461274	0.002555
36	U	3957	5758581	5508928	0.000718	393	1631	5758394	0	0	0	nan	0	0	0	0	0	0	nan	0	0	0	0.000718	0.000011	0.000718	0.000011	0.216135	0.003311
37	A	295591	5759091	5290520	0.055872	394	1631	5758865	0	0	0	nan	0	0	0	0	0	0	nan	0	0	0	0.055872	0.000103	0.055872	0.000103	4.461195	0.008224
38	G	9296	5759753	5210668	0.001784	402	1631	5759545	0	0	0	nan	0	0	0	0	0	0	nan	0	0	0	0.001784	0.000019	0.001784	0.000019	nan	nan
39	U	10188	5760359	5240909	0.001944	402	1631	5760136	0	0	0	nan	0	0	0	0	0	0	nan	0	0	0	0.001944	0.000019	0.001944	0.000019	0.585190	0.005719
40	G	10006	5761038	5357265	0.001868	402	1631	5760803	0	0	0	nan	0	0	0	0	0	0	nan	0	0	0	0.001868	0.000019	0.001868	0.000019	nan	nan
41	A	72596	5763939	5351920	0.013564	402	1631	5763696	0	0	0	nan	0	0	0	0	0	0	nan	0	0	0	0.013564	0.000050	0.013564	0.000050	1.083041	0.003992
42	U	15076	5764824	5324211	0.002832	402	1631	5764588	0	0	0	nan	0	0	0	0	0	0	nan	0	0	0	0.002832	0.000023	0.002832	0.000023	0.852498	0.006924
43	U	7984	5766718	5279575	0.001512	403	1631	5766473	0	0	0	nan	0	0	0	0	0	0	nan	0	0	0	0.001512	0.000017	0.001512	0.000017	0.455148	0.005117
44	C	16332	5769840	5279432	0.003094	403	1631	5769574	0	0	0	nan	0	0	0	0	0	0	nan	0	0	0	0.003094	0.000024	0.003094	0.000024	0.957746	0.007429
45	A	29323	5772126	5292370	0.005541	404	1631	5771838	0	0	0	nan	0	0	0	0	0	0	nan	0	0	0	0.005541	0.000032	0.005541	0.000032	0.442431	0.002555
46	G	4017	5773958	5170859	0.000777	404	1631	5773675	0	0	0	nan	0	0	0	0	0	0	nan	0	0	0	0.000777	0.000012	0.000777	0.000012	nan	nan
47	G	9230	5777870	5224869	0.001767	404	1631	5777583	0	0	0	nan	0	0	0	0	0	0	nan	0	0	0	0.001767	0.000018	0.001767	0.000018	nan	nan
48	A	15497	5784596	5142785	0.003013	407	1631	5784302	0	0	0	nan	0	0	0	0	0	0	nan	0	0	0	0.003013	0.000024	0.003013	0.000024	0.240578	0.001916
49	G	15716	5785915	5204765	0.003020	407	1631	5785640	0	0	0	nan	0	0	0	0	0	0	nan	0	0	0	0.003020	0.000024	0.003020	0.000024	nan	nan
50	G	3840	5795362	5061131	0.000759	417	1631	5795125	0	0	0	nan	0	0	0	0	0	0	nan	0	0	0	0.000759	0.000012	0.000759	0.000012	nan	nan
51	U	17202	5798698	5178947	0.003322	418	1631	5798511	0	0	0	nan	0	0	0	0	0	0	nan	0	0	0	0.003322	0.000025	0.003322	0.000025	1.000000	0.007526
52	U	14270	5804912	5172175	0.002759	426	1631	5804764	0	0	0	nan	0	0	0	0	0	0	nan	0	0	0	0.002759	0.000023	0.002759	0.000023	0.830524	0.006924
53	A	47663	5809182	5373148	0.008871	424	1631	5809039	0	0	0	nan	0	0	0	0	0	0	nan	0	0	0	0.008871	0.000041	0.008871	0.000041	0.708320	0.003274
54	A	68938	5812206	5504396	0.012524	424	1631	5812100	0	0	0	nan	0	0	0	0	0	0	nan	0	0	0	0.012524	0.000048	0.012524	0.000048	1.000000	0.003833
55	U	9987	5813172	5448940	0.001833	424	1631	5813078	0	0	0	nan	0	0	0	0	0	0	nan	0	0	0	0.001833	0.000018	0.001833	0.000018	0.551776	0.005418
56	G	7701	5814083	5281839	0.001458	422	1631	5814011	0	0	0	nan	0	0	0	0	0	0	nan	0	0	0	0.001458	0.000017	0.001458	0.000017	nan	nan
57	G	0	5814993	5305999	0.000000	422	1631	5814945	0	0	0	nan	0	0	0	0	0	0	nan	0	0	0	0.000000	0.000000	0.000000	0.000000	nan	nan
58	A	0	5817124	50	0.000000	422	1631	5817124	0	0	0	nan	0	0	0	0	0	0	nan	0	0	0	0.000000	0.000000	nan	nan	nan	nan
59	A	0	5817048	38	0.000000	422	1631	5817048	0	0	0	nan	0	0	0	0	0	0	nan	0	0	0	0.000000	0.000000	nan	nan	nan	nan
60	G	0	5816990	16	0.000000	422	1631	5816990	0	0	0	nan	0	0	0	0	0	0	nan	0	0	0	0.000000	0.000000	nan	nan	nan	nan
61	u	0	5816955	0	nan	422	1631	5816955	0	0	0	nan	0	0	0	0	0	0	nan	0	0	0	nan	nan	nan	nan	nan	nan
62	a	0	5816828	0	nan	417	1631	5816828	0	0	0	nan	0	0	0	0	0	0	nan	0	0	0	nan	nan	nan	nan	nan	nan
63	a	0	5816762	0	nan	415	1626	5816762	0	0	0	nan	0	0	0	0	0	0	nan	0	0	0	nan	nan	nan	nan	nan	nan
64	a	0	5816739	0	nan	411	1623	5816739	0	0	0	nan	0	0	0	0	0	0	nan	0	0	0	nan	nan	nan	nan	nan	nan
65	g	0	5816717	0	nan	364	1307	5816717	0	0	0	nan	0	0	0	0	0	0	nan	0	0	0	nan	nan	nan	nan	nan	nan
66	g	0	5816697	0	nan	330	1284	5816697	0	0	0	nan	0	0	0	0	0	0	nan	0	0	0	nan	nan	nan	nan	nan	nan
67	u	0	5816655	0	nan	319	1279	5816655	0	0	0	nan	0	0	0	0	0	0	nan	0	0	0	nan	nan	nan	nan	nan	nan
68	a	0	5816625	0	nan	317	1186	5816625	0	0	0	nan	0	0	0	0	0	0	nan	0	0	0	nan	nan	nan	nan	nan	nan
69	a	0	5816598	0	nan	315	1179	5816598	0	0	0	nan	0	0	0	0	0	0	nan	0	0	0	nan	nan	nan	nan	nan	nan
70	u	0	5816583	0	nan	315	1133	5816583	0	0	0	nan	0	0	0	0	0	0	nan	0	0	0	nan	nan	nan	nan	nan	nan
71	g	0	5816510	0	nan	314	1129	5816510	0	0	0	nan	0	0	0	0	0	0	nan	0	0	0	nan	nan	nan	nan	nan	nan
72	a	0	5816458	0	nan	313	1129	5816458	0	0	0	nan	0	0	0	0	0	0	nan	0	0	0	nan	nan	nan	nan	nan	nan
73	a	0	5816421	0	nan	312	1129	5816421	0	0	0	nan	0	0	0	0	0	0	nan	0	0	0	nan	nan	nan	nan	nan	nan
74	g	0	5816403	0	nan	312	1129	5816403	0	0	0	nan	0	0	0	0	0	0	nan	0	0	0	nan	nan	nan	nan	nan	nan
75	g	0	5816369	0	nan	312	1127	5816369	0	0	0	nan	0	0	0	0	0	0	nan	0	0	0	nan	nan	nan	nan	nan	nan
76	u	0	5816289	0	nan	312	1126	5816289	0	0	0	nan	0	0	0	0	0	0	nan	0	0	0	nan	nan	nan	nan	nan	nan
77	g	0	5816221	0	nan	312	1110	5816221	0	0	0	nan	0	0	0	0	0	0	nan	0	0	0	nan	nan	nan	nan	nan	nan
78	a	0	5816155	0	nan	311	1107	5816155	0	0	0	nan	0	0	0	0	0	0	nan	0	0	0	nan	nan	nan	nan	nan	nan
79	a	0	5811934	0	nan	308	1098	5811934	0	0	0	nan	0	0	0	0	0	0	nan	0	0	0	nan	nan	nan	nan	nan	nan
80	g	0	5809769	0	nan	307	1085	5809769	0	0	0	nan	0	0	0	0	0	0	nan	0	0	0	nan	nan	nan	nan	nan	nan