Nucleotide	Sequence	Modified_mutations	Modified_read_depth	Modified_effective_depth	Modified_rate	Modified_off_target_mapped_depth	Modified_low_mapq_mapped_depth	Modified_primer_pair_1_mapped_depth	Untreated_mutations	Untreated_read_depth	Untreated_effective_depth	Untreated_rate	Untreated_off_target_mapped_depth	Untreated_low_mapq_mapped_depth	Untreated_primer_pair_1_mapped_depth	Denatured_mutations	Denatured_read_depth	Denatured_effective_depth	Denatured_rate	Denatured_off_target_mapped_depth	Denatured_low_mapq_mapped_depth	Denatured_primer_pair_1_mapped_depth	Reactivity_profile	Std_err	HQ_profile	HQ_stderr
1	g	0	1658	0	nan	229	0	1658	0	0	0	nan	0	0	0	0	0	0	nan	0	0	0	nan	nan	nan	nan
2	g	0	1659	0	nan	229	0	1659	0	0	0	nan	0	0	0	0	0	0	nan	0	0	0	nan	nan	nan	nan
3	a	0	1659	0	nan	229	0	1659	0	0	0	nan	0	0	0	0	0	0	nan	0	0	0	nan	nan	nan	nan
4	u	0	1659	0	nan	229	0	1659	0	0	0	nan	0	0	0	0	0	0	nan	0	0	0	nan	nan	nan	nan
5	a	0	1659	0	nan	229	0	1659	0	0	0	nan	0	0	0	0	0	0	nan	0	0	0	nan	nan	nan	nan
6	a	0	1659	0	nan	229	0	1659	0	0	0	nan	0	0	0	0	0	0	nan	0	0	0	nan	nan	nan	nan
7	u	0	1659	0	nan	229	0	1659	0	0	0	nan	0	0	0	0	0	0	nan	0	0	0	nan	nan	nan	nan
8	c	0	1659	0	nan	229	0	1659	0	0	0	nan	0	0	0	0	0	0	nan	0	0	0	nan	nan	nan	nan
9	c	0	1659	0	nan	229	0	1659	0	0	0	nan	0	0	0	0	0	0	nan	0	0	0	nan	nan	nan	nan
10	a	0	1659	0	nan	229	0	1659	0	0	0	nan	0	0	0	0	0	0	nan	0	0	0	nan	nan	nan	nan
11	a	0	1659	0	nan	229	0	1659	0	0	0	nan	0	0	0	0	0	0	nan	0	0	0	nan	nan	nan	nan
12	a	0	1659	0	nan	229	0	1659	0	0	0	nan	0	0	0	0	0	0	nan	0	0	0	nan	nan	nan	nan
13	a	0	1659	0	nan	229	0	1659	0	0	0	nan	0	0	0	0	0	0	nan	0	0	0	nan	nan	nan	nan
14	c	0	1659	0	nan	229	0	1659	0	0	0	nan	0	0	0	0	0	0	nan	0	0	0	nan	nan	nan	nan
15	a	0	1659	0	nan	229	0	1659	0	0	0	nan	0	0	0	0	0	0	nan	0	0	0	nan	nan	nan	nan
16	a	0	1659	0	nan	229	0	1659	0	0	0	nan	0	0	0	0	0	0	nan	0	0	0	nan	nan	nan	nan
17	c	0	1659	0	nan	229	0	1659	0	0	0	nan	0	0	0	0	0	0	nan	0	0	0	nan	nan	nan	nan
18	a	0	1659	0	nan	229	0	1659	0	0	0	nan	0	0	0	0	0	0	nan	0	0	0	nan	nan	nan	nan
19	a	0	1659	0	nan	229	0	1659	0	0	0	nan	0	0	0	0	0	0	nan	0	0	0	nan	nan	nan	nan
20	c	0	1659	0	nan	229	0	1659	0	0	0	nan	0	0	0	0	0	0	nan	0	0	0	nan	nan	nan	nan
21	c	0	1659	0	nan	229	0	1659	0	0	0	nan	0	0	0	0	0	0	nan	0	0	0	nan	nan	nan	nan
22	A	0	1659	0	nan	229	0	1659	0	0	0	nan	0	0	0	0	0	0	nan	0	0	0	nan	nan	nan	nan
23	A	0	1659	0	nan	229	0	1659	0	0	0	nan	0	0	0	0	0	0	nan	0	0	0	nan	nan	nan	nan
24	A	0	1659	0	nan	229	0	1659	0	0	0	nan	0	0	0	0	0	0	nan	0	0	0	nan	nan	nan	nan
25	G	0	1659	1440	0.000000	229	0	1659	0	0	0	nan	0	0	0	0	0	0	nan	0	0	0	0.000000	0.000000	nan	nan
26	G	2	1659	1300	0.001538	229	0	1659	0	0	0	nan	0	0	0	0	0	0	nan	0	0	0	0.001538	0.001088	nan	nan
27	A	48	1659	1281	0.037471	229	0	1659	0	0	0	nan	0	0	0	0	0	0	nan	0	0	0	0.037471	0.005408	nan	nan
28	A	18	1659	1280	0.014063	229	0	1659	0	0	0	nan	0	0	0	0	0	0	nan	0	0	0	0.014063	0.003315	nan	nan
29	U	1	1659	1512	0.000661	229	0	1659	0	0	0	nan	0	0	0	0	0	0	nan	0	0	0	0.000661	0.000661	nan	nan
30	U	2	1659	1527	0.001310	229	0	1659	0	0	0	nan	0	0	0	0	0	0	nan	0	0	0	0.001310	0.000926	nan	nan
31	G	2	1659	1543	0.001296	229	0	1659	0	0	0	nan	0	0	0	0	0	0	nan	0	0	0	0.001296	0.000917	nan	nan
32	C	2	1659	1561	0.001281	229	0	1659	0	0	0	nan	0	0	0	0	0	0	nan	0	0	0	0.001281	0.000906	nan	nan
33	G	2	1659	1522	0.001314	229	0	1659	0	0	0	nan	0	0	0	0	0	0	nan	0	0	0	0.001314	0.000929	nan	nan
34	G	9	1659	1543	0.005833	229	0	1656	0	0	0	nan	0	0	0	0	0	0	nan	0	0	0	0.005833	0.001944	nan	nan
35	G	0	1659	1381	0.000000	229	0	1655	0	0	0	nan	0	0	0	0	0	0	nan	0	0	0	0.000000	0.000000	nan	nan
36	A	6	1659	1326	0.004525	229	0	1655	0	0	0	nan	0	0	0	0	0	0	nan	0	0	0	0.004525	0.001847	nan	nan
37	A	52	1659	1280	0.040625	229	0	1655	0	0	0	nan	0	0	0	0	0	0	nan	0	0	0	0.040625	0.005634	nan	nan
38	A	58	1659	1411	0.041106	229	0	1655	0	0	0	nan	0	0	0	0	0	0	nan	0	0	0	0.041106	0.005397	nan	nan
39	G	1	1659	1492	0.000670	229	0	1655	0	0	0	nan	0	0	0	0	0	0	nan	0	0	0	0.000670	0.000670	nan	nan
40	G	1	1659	1539	0.000650	229	0	1655	0	0	0	nan	0	0	0	0	0	0	nan	0	0	0	0.000650	0.000650	nan	nan
41	G	5	1659	1520	0.003289	229	0	1655	0	0	0	nan	0	0	0	0	0	0	nan	0	0	0	0.003289	0.001471	nan	nan
42	G	2	1659	1538	0.001300	229	0	1655	0	0	0	nan	0	0	0	0	0	0	nan	0	0	0	0.001300	0.000920	nan	nan
43	U	3	1659	1542	0.001946	229	0	1655	0	0	0	nan	0	0	0	0	0	0	nan	0	0	0	0.001946	0.001123	nan	nan
44	C	1	1659	1429	0.000700	229	0	1654	0	0	0	nan	0	0	0	0	0	0	nan	0	0	0	0.000700	0.000700	nan	nan
45	A	25	1659	1333	0.018755	229	0	1654	0	0	0	nan	0	0	0	0	0	0	nan	0	0	0	0.018755	0.003751	nan	nan
46	A	2	1659	1354	0.001477	229	0	1654	0	0	0	nan	0	0	0	0	0	0	nan	0	0	0	0.001477	0.001044	nan	nan
47	C	7	1659	1432	0.004888	229	0	1654	0	0	0	nan	0	0	0	0	0	0	nan	0	0	0	0.004888	0.001848	nan	nan
48	A	50	1659	1528	0.032723	229	0	1654	0	0	0	nan	0	0	0	0	0	0	nan	0	0	0	0.032723	0.004628	nan	nan
49	G	1	1659	1516	0.000660	229	0	1654	0	0	0	nan	0	0	0	0	0	0	nan	0	0	0	0.000660	0.000660	nan	nan
50	C	3	1659	1484	0.002022	229	0	1654	0	0	0	nan	0	0	0	0	0	0	nan	0	0	0	0.002022	0.001167	nan	nan
51	C	0	1659	1489	0.000000	229	0	1654	0	0	0	nan	0	0	0	0	0	0	nan	0	0	0	0.000000	0.000000	nan	nan
52	G	1	1659	1456	0.000687	229	0	1654	0	0	0	nan	0	0	0	0	0	0	nan	0	0	0	0.000687	0.000687	nan	nan
53	U	15	1659	1504	0.009973	229	0	1654	0	0	0	nan	0	0	0	0	0	0	nan	0	0	0	0.009973	0.002575	nan	nan
54	U	4	1659	1484	0.002695	229	0	1654	0	0	0	nan	0	0	0	0	0	0	nan	0	0	0	0.002695	0.001348	nan	nan
55	C	3	1659	1532	0.001958	229	0	1654	0	0	0	nan	0	0	0	0	0	0	nan	0	0	0	0.001958	0.001131	nan	nan
56	A	7	1659	1543	0.004537	229	0	1654	0	0	0	nan	0	0	0	0	0	0	nan	0	0	0	0.004537	0.001715	nan	nan
57	G	2	1659	1557	0.001285	229	0	1654	0	0	0	nan	0	0	0	0	0	0	nan	0	0	0	0.001285	0.000908	nan	nan
58	U	2	1659	1536	0.001302	229	0	1654	0	0	0	nan	0	0	0	0	0	0	nan	0	0	0	0.001302	0.000921	nan	nan
59	A	0	1659	1520	0.000000	232	0	1654	0	0	0	nan	0	0	0	0	0	0	nan	0	0	0	0.000000	0.000000	nan	nan
60	C	3	1659	1537	0.001952	232	0	1654	0	0	0	nan	0	0	0	0	0	0	nan	0	0	0	0.001952	0.001127	nan	nan
61	C	0	1659	1546	0.000000	232	0	1654	0	0	0	nan	0	0	0	0	0	0	nan	0	0	0	0.000000	0.000000	nan	nan
62	A	83	1659	1504	0.055186	232	0	1654	0	0	0	nan	0	0	0	0	0	0	nan	0	0	0	0.055186	0.006057	nan	nan
63	A	39	1659	1508	0.025862	232	0	1654	0	0	0	nan	0	0	0	0	0	0	nan	0	0	0	0.025862	0.004141	nan	nan
64	G	0	1659	1538	0.000000	232	0	1654	0	0	0	nan	0	0	0	0	0	0	nan	0	0	0	0.000000	0.000000	nan	nan
65	U	5	1659	1442	0.003467	232	0	1654	0	0	0	nan	0	0	0	0	0	0	nan	0	0	0	0.003467	0.001551	nan	nan
66	C	4	1659	1445	0.002768	232	0	1654	0	0	0	nan	0	0	0	0	0	0	nan	0	0	0	0.002768	0.001384	nan	nan
67	U	1	1659	1066	0.000938	232	0	1654	0	0	0	nan	0	0	0	0	0	0	nan	0	0	0	0.000938	0.000938	nan	nan
68	C	5	1659	1120	0.004464	232	0	1654	0	0	0	nan	0	0	0	0	0	0	nan	0	0	0	0.004464	0.001996	nan	nan
69	A	6	1659	1106	0.005425	232	0	1654	0	0	0	nan	0	0	0	0	0	0	nan	0	0	0	0.005425	0.002215	nan	nan
70	G	2	1659	1472	0.001359	232	0	1654	0	0	0	nan	0	0	0	0	0	0	nan	0	0	0	0.001359	0.000961	nan	nan
71	G	10	1659	1545	0.006472	232	0	1654	0	0	0	nan	0	0	0	0	0	0	nan	0	0	0	0.006472	0.002047	nan	nan
72	G	1	1659	1568	0.000638	232	0	1654	0	0	0	nan	0	0	0	0	0	0	nan	0	0	0	0.000638	0.000638	nan	nan
73	G	0	1659	1562	0.000000	232	0	1654	0	0	0	nan	0	0	0	0	0	0	nan	0	0	0	0.000000	0.000000	nan	nan
74	A	7	1659	1516	0.004617	232	0	1654	0	0	0	nan	0	0	0	0	0	0	nan	0	0	0	0.004617	0.001745	nan	nan
75	A	2	1659	1487	0.001345	232	0	1653	0	0	0	nan	0	0	0	0	0	0	nan	0	0	0	0.001345	0.000951	nan	nan
76	A	14	1659	1478	0.009472	232	0	1653	0	0	0	nan	0	0	0	0	0	0	nan	0	0	0	0.009472	0.002532	nan	nan
77	C	8	1659	1501	0.005330	232	0	1653	0	0	0	nan	0	0	0	0	0	0	nan	0	0	0	0.005330	0.001884	nan	nan
78	U	5	1659	1444	0.003463	232	0	1653	0	0	0	nan	0	0	0	0	0	0	nan	0	0	0	0.003463	0.001549	nan	nan
79	U	4	1659	1466	0.002729	232	0	1652	0	0	0	nan	0	0	0	0	0	0	nan	0	0	0	0.002729	0.001364	nan	nan
80	U	5	1659	1481	0.003376	232	0	1652	0	0	0	nan	0	0	0	0	0	0	nan	0	0	0	0.003376	0.001510	nan	nan
81	G	2	1659	1477	0.001354	232	0	1650	0	0	0	nan	0	0	0	0	0	0	nan	0	0	0	0.001354	0.000957	nan	nan
82	A	7	1659	1488	0.004704	232	0	1650	0	0	0	nan	0	0	0	0	0	0	nan	0	0	0	0.004704	0.001778	nan	nan
83	G	3	1659	1454	0.002063	232	0	1649	0	0	0	nan	0	0	0	0	0	0	nan	0	0	0	0.002063	0.001191	nan	nan
84	A	3	1659	1543	0.001944	232	0	1648	0	0	0	nan	0	0	0	0	0	0	nan	0	0	0	0.001944	0.001123	nan	nan
85	U	7	1659	1549	0.004519	232	0	1648	0	0	0	nan	0	0	0	0	0	0	nan	0	0	0	0.004519	0.001708	nan	nan
86	G	2	1659	1590	0.001258	232	0	1648	0	0	0	nan	0	0	0	0	0	0	nan	0	0	0	0.001258	0.000889	nan	nan
87	G	0	1659	1556	0.000000	232	0	1648	0	0	0	nan	0	0	0	0	0	0	nan	0	0	0	0.000000	0.000000	nan	nan
88	C	0	1659	862	0.000000	232	0	1648	0	0	0	nan	0	0	0	0	0	0	nan	0	0	0	0.000000	0.000000	nan	nan
89	C	17	1659	859	0.019790	232	0	1648	0	0	0	nan	0	0	0	0	0	0	nan	0	0	0	0.019790	0.004800	nan	nan
90	U	5	1659	866	0.005774	232	0	1648	0	0	0	nan	0	0	0	0	0	0	nan	0	0	0	0.005774	0.002582	nan	nan
91	U	2	1659	1528	0.001309	232	0	1648	0	0	0	nan	0	0	0	0	0	0	nan	0	0	0	0.001309	0.000926	nan	nan
92	G	1	1659	1488	0.000672	232	0	1648	0	0	0	nan	0	0	0	0	0	0	nan	0	0	0	0.000672	0.000672	nan	nan
93	C	143	1659	1442	0.099168	232	0	1648	0	0	0	nan	0	0	0	0	0	0	nan	0	0	0	0.099168	0.008293	nan	nan
94	A	42	1659	1334	0.031484	232	0	1648	0	0	0	nan	0	0	0	0	0	0	nan	0	0	0	0.031484	0.004858	nan	nan
95	A	51	1659	1384	0.036850	232	0	1648	0	0	0	nan	0	0	0	0	0	0	nan	0	0	0	0.036850	0.005160	nan	nan
96	A	45	1678	1487	0.030262	232	0	1673	0	0	0	nan	0	0	0	0	0	0	nan	0	0	0	0.030262	0.004511	nan	nan
97	G	4	1680	1648	0.002427	232	0	1677	0	0	0	nan	0	0	0	0	0	0	nan	0	0	0	0.002427	0.001214	nan	nan
98	G	2	1680	1654	0.001209	232	0	1677	0	0	0	nan	0	0	0	0	0	0	nan	0	0	0	0.001209	0.000855	nan	nan
99	G	1	1680	1651	0.000606	232	0	1677	0	0	0	nan	0	0	0	0	0	0	nan	0	0	0	0.000606	0.000606	nan	nan
100	U	6	1680	1660	0.003614	232	0	1677	0	0	0	nan	0	0	0	0	0	0	nan	0	0	0	0.003614	0.001476	nan	nan
101	A	30	1680	1656	0.018116	232	0	1677	0	0	0	nan	0	0	0	0	0	0	nan	0	0	0	0.018116	0.003308	nan	nan
102	U	13	1680	1660	0.007831	232	0	1677	0	0	0	nan	0	0	0	0	0	0	nan	0	0	0	0.007831	0.002172	nan	nan
103	G	14	1680	1638	0.008547	232	0	1677	0	0	0	nan	0	0	0	0	0	0	nan	0	0	0	0.008547	0.002284	nan	nan
104	G	2	1680	1636	0.001222	232	0	1677	0	0	0	nan	0	0	0	0	0	0	nan	0	0	0	0.001222	0.000864	nan	nan
105	U	0	1680	1639	0.000000	232	0	1677	0	0	0	nan	0	0	0	0	0	0	nan	0	0	0	0.000000	0.000000	nan	nan
106	A	33	1680	1665	0.019820	232	0	1677	0	0	0	nan	0	0	0	0	0	0	nan	0	0	0	0.019820	0.003450	nan	nan
107	A	9	1680	1658	0.005428	232	0	1677	0	0	0	nan	0	0	0	0	0	0	nan	0	0	0	0.005428	0.001809	nan	nan
108	U	14	1680	1658	0.008444	232	0	1677	0	0	0	nan	0	0	0	0	0	0	nan	0	0	0	0.008444	0.002257	nan	nan
109	A	2	1680	1656	0.001208	232	0	1677	0	0	0	nan	0	0	0	0	0	0	nan	0	0	0	0.001208	0.000854	nan	nan
110	A	11	1680	1655	0.006647	232	0	1677	0	0	0	nan	0	0	0	0	0	0	nan	0	0	0	0.006647	0.002004	nan	nan
111	G	14	1680	1650	0.008485	232	0	1677	0	0	0	nan	0	0	0	0	0	0	nan	0	0	0	0.008485	0.002268	nan	nan
112	C	1	1680	1655	0.000604	232	0	1677	0	0	0	nan	0	0	0	0	0	0	nan	0	0	0	0.000604	0.000604	nan	nan
113	U	5	1680	1662	0.003008	232	0	1677	0	0	0	nan	0	0	0	0	0	0	nan	0	0	0	0.003008	0.001345	nan	nan
114	G	3	1681	1656	0.001812	232	0	1678	0	0	0	nan	0	0	0	0	0	0	nan	0	0	0	0.001812	0.001046	nan	nan
115	A	13	1681	1659	0.007836	232	0	1678	0	0	0	nan	0	0	0	0	0	0	nan	0	0	0	0.007836	0.002173	nan	nan
116	C	5	1681	1659	0.003014	232	0	1678	0	0	0	nan	0	0	0	0	0	0	nan	0	0	0	0.003014	0.001348	nan	nan
117	G	4	1681	1653	0.002420	232	0	1678	0	0	0	nan	0	0	0	0	0	0	nan	0	0	0	0.002420	0.001210	nan	nan
118	G	7	1681	1647	0.004250	232	0	1678	0	0	0	nan	0	0	0	0	0	0	nan	0	0	0	0.004250	0.001606	nan	nan
119	A	4	1681	1650	0.002424	232	0	1678	0	0	0	nan	0	0	0	0	0	0	nan	0	0	0	0.002424	0.001212	nan	nan
120	C	2	1681	1657	0.001207	232	0	1678	0	0	0	nan	0	0	0	0	0	0	nan	0	0	0	0.001207	0.000853	nan	nan
121	A	189	1681	1656	0.114130	232	0	1678	0	0	0	nan	0	0	0	0	0	0	nan	0	0	0	0.114130	0.008302	nan	nan
122	U	12	1681	1659	0.007233	232	0	1678	0	0	0	nan	0	0	0	0	0	0	nan	0	0	0	0.007233	0.002088	nan	nan
123	G	6	1681	1642	0.003654	232	0	1678	0	0	0	nan	0	0	0	0	0	0	nan	0	0	0	0.003654	0.001492	nan	nan
124	G	0	1681	1653	0.000000	232	0	1678	0	0	0	nan	0	0	0	0	0	0	nan	0	0	0	0.000000	0.000000	nan	nan
125	U	7	1681	1650	0.004242	232	0	1678	0	0	0	nan	0	0	0	0	0	0	nan	0	0	0	0.004242	0.001603	nan	nan
126	C	4	1681	1653	0.002420	232	0	1678	0	0	0	nan	0	0	0	0	0	0	nan	0	0	0	0.002420	0.001210	nan	nan
127	C	2	1681	1652	0.001211	232	0	1678	0	0	0	nan	0	0	0	0	0	0	nan	0	0	0	0.001211	0.000856	nan	nan
128	U	3	1680	1650	0.001818	232	0	1677	0	0	0	nan	0	0	0	0	0	0	nan	0	0	0	0.001818	0.001050	nan	nan
129	A	31	1668	1617	0.019171	231	0	1653	0	0	0	nan	0	0	0	0	0	0	nan	0	0	0	0.019171	0.003443	nan	nan
130	A	205	1668	1610	0.127329	231	0	1652	0	0	0	nan	0	0	0	0	0	0	nan	0	0	0	0.127329	0.008893	nan	nan
131	C	11	1668	1597	0.006888	231	0	1652	0	0	0	nan	0	0	0	0	0	0	nan	0	0	0	0.006888	0.002077	nan	nan
132	C	8	1668	1597	0.005009	231	0	1652	0	0	0	nan	0	0	0	0	0	0	nan	0	0	0	0.005009	0.001771	nan	nan
133	A	44	1668	1590	0.027673	231	0	1652	0	0	0	nan	0	0	0	0	0	0	nan	0	0	0	0.027673	0.004172	nan	nan
134	C	3	1668	1569	0.001912	231	0	1652	0	0	0	nan	0	0	0	0	0	0	nan	0	0	0	0.001912	0.001104	nan	nan
135	G	1	1668	1551	0.000645	231	0	1652	0	0	0	nan	0	0	0	0	0	0	nan	0	0	0	0.000645	0.000645	nan	nan
136	C	2	1668	1572	0.001272	231	0	1652	0	0	0	nan	0	0	0	0	0	0	nan	0	0	0	0.001272	0.000900	nan	nan
137	A	6	1668	1591	0.003771	231	0	1652	0	0	0	nan	0	0	0	0	0	0	nan	0	0	0	0.003771	0.001540	nan	nan
138	G	3	1668	1584	0.001894	231	0	1652	0	0	0	nan	0	0	0	0	0	0	nan	0	0	0	0.001894	0.001093	nan	nan
139	C	23	1668	1591	0.014456	231	0	1652	0	0	0	nan	0	0	0	0	0	0	nan	0	0	0	0.014456	0.003014	nan	nan
140	C	6	1668	1594	0.003764	231	0	1652	0	0	0	nan	0	0	0	0	0	0	nan	0	0	0	0.003764	0.001537	nan	nan
141	A	73	1668	1578	0.046261	231	0	1652	0	0	0	nan	0	0	0	0	0	0	nan	0	0	0	0.046261	0.005414	nan	nan
142	A	143	1668	1566	0.091315	231	0	1652	0	0	0	nan	0	0	0	0	0	0	nan	0	0	0	0.091315	0.007636	nan	nan
143	G	1	1668	1560	0.000641	231	0	1652	0	0	0	nan	0	0	0	0	0	0	nan	0	0	0	0.000641	0.000641	nan	nan
144	U	3	1668	1577	0.001902	231	0	1652	0	0	0	nan	0	0	0	0	0	0	nan	0	0	0	0.001902	0.001098	nan	nan
145	C	3	1668	1601	0.001874	231	0	1652	0	0	0	nan	0	0	0	0	0	0	nan	0	0	0	0.001874	0.001082	nan	nan
146	C	1	1668	1536	0.000651	231	0	1653	0	0	0	nan	0	0	0	0	0	0	nan	0	0	0	0.000651	0.000651	nan	nan
147	U	2	1668	1523	0.001313	231	0	1653	0	0	0	nan	0	0	0	0	0	0	nan	0	0	0	0.001313	0.000929	nan	nan
148	A	3	1668	1518	0.001976	231	0	1653	0	0	0	nan	0	0	0	0	0	0	nan	0	0	0	0.001976	0.001141	nan	nan
149	A	30	1668	1553	0.019317	231	0	1653	0	0	0	nan	0	0	0	0	0	0	nan	0	0	0	0.019317	0.003527	nan	nan
150	G	2	1668	1531	0.001306	231	0	1653	0	0	0	nan	0	0	0	0	0	0	nan	0	0	0	0.001306	0.000924	nan	nan
151	U	2	1668	1527	0.001310	231	0	1653	0	0	0	nan	0	0	0	0	0	0	nan	0	0	0	0.001310	0.000926	nan	nan
152	C	2	1668	1567	0.001276	231	0	1653	0	0	0	nan	0	0	0	0	0	0	nan	0	0	0	0.001276	0.000902	nan	nan
153	A	7	1669	1584	0.004419	232	0	1654	0	0	0	nan	0	0	0	0	0	0	nan	0	0	0	0.004419	0.001670	nan	nan
154	A	0	1669	1590	0.000000	232	0	1654	0	0	0	nan	0	0	0	0	0	0	nan	0	0	0	0.000000	0.000000	nan	nan
155	C	1	1669	1545	0.000647	232	0	1654	0	0	0	nan	0	0	0	0	0	0	nan	0	0	0	0.000647	0.000647	nan	nan
156	A	5	1669	1419	0.003524	232	0	1654	0	0	0	nan	0	0	0	0	0	0	nan	0	0	0	0.003524	0.001576	nan	nan
157	G	4	1669	1394	0.002869	232	0	1654	0	0	0	nan	0	0	0	0	0	0	nan	0	0	0	0.002869	0.001435	nan	nan
158	A	28	1669	1379	0.020305	232	0	1654	0	0	0	nan	0	0	0	0	0	0	nan	0	0	0	0.020305	0.003837	nan	nan
159	U	8	1669	1508	0.005305	232	0	1654	0	0	0	nan	0	0	0	0	0	0	nan	0	0	0	0.005305	0.001876	nan	nan
160	C	89	1669	1527	0.058284	232	0	1655	0	0	0	nan	0	0	0	0	0	0	nan	0	0	0	0.058284	0.006178	nan	nan
161	U	9	1669	1541	0.005840	232	0	1655	0	0	0	nan	0	0	0	0	0	0	nan	0	0	0	0.005840	0.001947	nan	nan
162	U	4	1669	1552	0.002577	232	0	1655	0	0	0	nan	0	0	0	0	0	0	nan	0	0	0	0.002577	0.001289	nan	nan
163	C	10	1669	1550	0.006452	232	0	1655	0	0	0	nan	0	0	0	0	0	0	nan	0	0	0	0.006452	0.002040	nan	nan
164	U	0	1669	1547	0.000000	232	0	1655	0	0	0	nan	0	0	0	0	0	0	nan	0	0	0	0.000000	0.000000	nan	nan
165	G	1	1669	1390	0.000719	232	0	1655	0	0	0	nan	0	0	0	0	0	0	nan	0	0	0	0.000719	0.000719	nan	nan
166	U	0	1669	1394	0.000000	232	0	1655	0	0	0	nan	0	0	0	0	0	0	nan	0	0	0	0.000000	0.000000	nan	nan
167	U	1	1669	1424	0.000702	232	0	1655	0	0	0	nan	0	0	0	0	0	0	nan	0	0	0	0.000702	0.000702	nan	nan
168	G	7	1670	1576	0.004442	232	0	1656	0	0	0	nan	0	0	0	0	0	0	nan	0	0	0	0.004442	0.001679	nan	nan
169	A	4	1670	1584	0.002525	232	0	1656	0	0	0	nan	0	0	0	0	0	0	nan	0	0	0	0.002525	0.001263	nan	nan
170	U	1	1670	1574	0.000635	232	0	1656	0	0	0	nan	0	0	0	0	0	0	nan	0	0	0	0.000635	0.000635	nan	nan
171	A	1	1670	1530	0.000654	232	0	1656	0	0	0	nan	0	0	0	0	0	0	nan	0	0	0	0.000654	0.000654	nan	nan
172	U	7	1670	1514	0.004624	232	0	1656	0	0	0	nan	0	0	0	0	0	0	nan	0	0	0	0.004624	0.001748	nan	nan
173	G	0	1670	1511	0.000000	232	0	1656	0	0	0	nan	0	0	0	0	0	0	nan	0	0	0	0.000000	0.000000	nan	nan
174	G	8	1670	1546	0.005175	232	0	1656	0	0	0	nan	0	0	0	0	0	0	nan	0	0	0	0.005175	0.001830	nan	nan
175	A	5	1670	1495	0.003344	232	0	1656	0	0	0	nan	0	0	0	0	0	0	nan	0	0	0	0.003344	0.001496	nan	nan
176	U	0	1670	1486	0.000000	232	0	1656	0	0	0	nan	0	0	0	0	0	0	nan	0	0	0	0.000000	0.000000	nan	nan
177	G	4	1670	1490	0.002685	232	0	1656	0	0	0	nan	0	0	0	0	0	0	nan	0	0	0	0.002685	0.001342	nan	nan
178	C	164	1670	1560	0.105128	232	0	1656	0	0	0	nan	0	0	0	0	0	0	nan	0	0	0	0.105128	0.008209	nan	nan
179	A	64	1670	1561	0.040999	232	0	1656	0	0	0	nan	0	0	0	0	0	0	nan	0	0	0	0.040999	0.005125	nan	nan
180	G	5	1670	1488	0.003360	232	0	1657	0	0	0	nan	0	0	0	0	0	0	nan	0	0	0	0.003360	0.001503	nan	nan
181	U	3	1670	1476	0.002033	232	0	1658	0	0	0	nan	0	0	0	0	0	0	nan	0	0	0	0.002033	0.001173	nan	nan
182	U	4	1670	1459	0.002742	232	0	1659	0	0	0	nan	0	0	0	0	0	0	nan	0	0	0	0.002742	0.001371	nan	nan
183	C	72	1670	1521	0.047337	232	0	1659	0	0	0	nan	0	0	0	0	0	0	nan	0	0	0	0.047337	0.005579	nan	nan
184	A	47	1670	1571	0.029917	232	0	1659	0	0	0	nan	0	0	0	0	0	0	nan	0	0	0	0.029917	0.004364	nan	nan
185	A	32	1670	1586	0.020177	232	0	1659	0	0	0	nan	0	0	0	0	0	0	nan	0	0	0	0.020177	0.003567	nan	nan
186	C	45	1670	1555	0.028939	232	0	1659	0	0	0	nan	0	0	0	0	0	0	nan	0	0	0	0.028939	0.004314	nan	nan
187	C	26	1670	1553	0.016742	232	0	1659	0	0	0	nan	0	0	0	0	0	0	nan	0	0	0	0.016742	0.003283	nan	nan
188	A	25	1670	1535	0.016287	232	0	1659	0	0	0	nan	0	0	0	0	0	0	nan	0	0	0	0.016287	0.003257	nan	nan
189	A	40	1670	1547	0.025856	232	0	1659	0	0	0	nan	0	0	0	0	0	0	nan	0	0	0	0.025856	0.004088	nan	nan
190	A	23	1670	1493	0.015405	232	0	1659	0	0	0	nan	0	0	0	0	0	0	nan	0	0	0	0.015405	0.003212	nan	nan
191	U	17	1670	1473	0.011541	232	0	1659	0	0	0	nan	0	0	0	0	0	0	nan	0	0	0	0.011541	0.002799	nan	nan
192	C	57	1670	1473	0.038697	232	0	1659	0	0	0	nan	0	0	0	0	0	0	nan	0	0	0	0.038697	0.005125	nan	nan
193	A	4	1670	1560	0.002564	232	0	1659	0	0	0	nan	0	0	0	0	0	0	nan	0	0	0	0.002564	0.001282	nan	nan
194	A	27	1670	1592	0.016960	232	0	1659	0	0	0	nan	0	0	0	0	0	0	nan	0	0	0	0.016960	0.003264	nan	nan
195	A	39	1670	1590	0.024528	232	0	1659	0	0	0	nan	0	0	0	0	0	0	nan	0	0	0	0.024528	0.003928	nan	nan
196	A	13	1670	1555	0.008360	229	0	1659	0	0	0	nan	0	0	0	0	0	0	nan	0	0	0	0.008360	0.002319	nan	nan
197	A	35	1670	1522	0.022996	229	0	1659	0	0	0	nan	0	0	0	0	0	0	nan	0	0	0	0.022996	0.003887	nan	nan
198	A	21	1670	1518	0.013834	229	0	1659	0	0	0	nan	0	0	0	0	0	0	nan	0	0	0	0.013834	0.003019	nan	nan
199	C	3	1670	1536	0.001953	229	0	1659	0	0	0	nan	0	0	0	0	0	0	nan	0	0	0	0.001953	0.001128	nan	nan
200	C	3	1670	1507	0.001991	36	0	1660	0	0	0	nan	0	0	0	0	0	0	nan	0	0	0	0.001991	0.001149	nan	nan
201	G	1	1670	1510	0.000662	33	0	1661	0	0	0	nan	0	0	0	0	0	0	nan	0	0	0	0.000662	0.000662	nan	nan
202	C	5	1670	1521	0.003287	33	0	1661	0	0	0	nan	0	0	0	0	0	0	nan	0	0	0	0.003287	0.001470	nan	nan
203	C	3	1670	1539	0.001949	33	0	1661	0	0	0	nan	0	0	0	0	0	0	nan	0	0	0	0.001949	0.001125	nan	nan
204	U	1	1670	1510	0.000662	16	0	1661	0	0	0	nan	0	0	0	0	0	0	nan	0	0	0	0.000662	0.000662	nan	nan
205	A	1	1670	1439	0.000695	0	0	1662	0	0	0	nan	0	0	0	0	0	0	nan	0	0	0	0.000695	0.000695	nan	nan
206	G	2	1670	1382	0.001447	0	0	1666	0	0	0	nan	0	0	0	0	0	0	nan	0	0	0	0.001447	0.001023	nan	nan
207	U	11	1670	1378	0.007983	0	0	1667	0	0	0	nan	0	0	0	0	0	0	nan	0	0	0	0.007983	0.002407	nan	nan
208	U	13	1670	1438	0.009040	0	0	1667	0	0	0	nan	0	0	0	0	0	0	nan	0	0	0	0.009040	0.002507	nan	nan
209	C	71	1670	1511	0.046989	0	0	1668	0	0	0	nan	0	0	0	0	0	0	nan	0	0	0	0.046989	0.005577	nan	nan
210	G	3	1670	1526	0.001966	0	0	1668	0	0	0	nan	0	0	0	0	0	0	nan	0	0	0	0.001966	0.001135	nan	nan
211	C	3	1670	1412	0.002125	0	0	1668	0	0	0	nan	0	0	0	0	0	0	nan	0	0	0	0.002125	0.001227	nan	nan
212	U	3	1670	1410	0.002128	0	0	1668	0	0	0	nan	0	0	0	0	0	0	nan	0	0	0	0.002128	0.001228	nan	nan
213	A	4	1670	1372	0.002915	0	0	1668	0	0	0	nan	0	0	0	0	0	0	nan	0	0	0	0.002915	0.001458	nan	nan
214	G	4	1670	353	0.011331	0	0	1668	0	0	0	nan	0	0	0	0	0	0	nan	0	0	0	0.011331	0.005666	nan	nan
215	G	0	1670	338	0.000000	0	0	1668	0	0	0	nan	0	0	0	0	0	0	nan	0	0	0	0.000000	0.000000	nan	nan
216	C	3	1670	370	0.008108	0	0	1668	0	0	0	nan	0	0	0	0	0	0	nan	0	0	0	0.008108	0.004681	nan	nan
217	G	8	1671	1559	0.005131	0	0	1670	0	0	0	nan	0	0	0	0	0	0	nan	0	0	0	0.005131	0.001814	nan	nan
218	G	4	1671	1593	0.002511	0	0	1670	0	0	0	nan	0	0	0	0	0	0	nan	0	0	0	0.002511	0.001255	nan	nan
219	A	0	1671	1583	0.000000	0	0	1671	0	0	0	nan	0	0	0	0	0	0	nan	0	0	0	0.000000	0.000000	nan	nan
220	A	0	1671	0	nan	0	0	1671	0	0	0	nan	0	0	0	0	0	0	nan	0	0	0	nan	nan	nan	nan
221	A	0	1671	0	nan	0	0	1671	0	0	0	nan	0	0	0	0	0	0	nan	0	0	0	nan	nan	nan	nan
222	A	0	1671	0	nan	0	0	1671	0	0	0	nan	0	0	0	0	0	0	nan	0	0	0	nan	nan	nan	nan
223	c	0	1671	0	nan	0	0	1671	0	0	0	nan	0	0	0	0	0	0	nan	0	0	0	nan	nan	nan	nan
224	c	0	1671	0	nan	0	0	1671	0	0	0	nan	0	0	0	0	0	0	nan	0	0	0	nan	nan	nan	nan
225	a	0	1671	0	nan	0	0	1671	0	0	0	nan	0	0	0	0	0	0	nan	0	0	0	nan	nan	nan	nan
226	a	0	1671	0	nan	0	0	1671	0	0	0	nan	0	0	0	0	0	0	nan	0	0	0	nan	nan	nan	nan
227	a	0	1671	0	nan	0	0	1671	0	0	0	nan	0	0	0	0	0	0	nan	0	0	0	nan	nan	nan	nan
228	c	0	1671	0	nan	0	0	1671	0	0	0	nan	0	0	0	0	0	0	nan	0	0	0	nan	nan	nan	nan
229	c	0	1671	0	nan	0	0	1671	0	0	0	nan	0	0	0	0	0	0	nan	0	0	0	nan	nan	nan	nan
230	a	0	1671	0	nan	0	0	1671	0	0	0	nan	0	0	0	0	0	0	nan	0	0	0	nan	nan	nan	nan
231	a	0	1671	0	nan	0	0	1671	0	0	0	nan	0	0	0	0	0	0	nan	0	0	0	nan	nan	nan	nan
232	a	0	1671	0	nan	0	0	1671	0	0	0	nan	0	0	0	0	0	0	nan	0	0	0	nan	nan	nan	nan
233	g	0	1671	0	nan	0	0	1671	0	0	0	nan	0	0	0	0	0	0	nan	0	0	0	nan	nan	nan	nan
234	a	0	1671	0	nan	0	0	1671	0	0	0	nan	0	0	0	0	0	0	nan	0	0	0	nan	nan	nan	nan
235	a	0	1671	0	nan	0	0	1671	0	0	0	nan	0	0	0	0	0	0	nan	0	0	0	nan	nan	nan	nan
236	a	0	1671	0	nan	0	0	1671	0	0	0	nan	0	0	0	0	0	0	nan	0	0	0	nan	nan	nan	nan
237	c	0	1671	0	nan	0	0	1671	0	0	0	nan	0	0	0	0	0	0	nan	0	0	0	nan	nan	nan	nan
238	a	0	1671	0	nan	0	0	1671	0	0	0	nan	0	0	0	0	0	0	nan	0	0	0	nan	nan	nan	nan
239	a	0	1671	0	nan	0	0	1671	0	0	0	nan	0	0	0	0	0	0	nan	0	0	0	nan	nan	nan	nan
240	c	0	1671	0	nan	0	0	1671	0	0	0	nan	0	0	0	0	0	0	nan	0	0	0	nan	nan	nan	nan
241	c	0	1670	0	nan	0	0	1670	0	0	0	nan	0	0	0	0	0	0	nan	0	0	0	nan	nan	nan	nan