Nucleotide	Sequence	Modified_mutations	Modified_read_depth	Modified_effective_depth	Modified_rate	Modified_off_target_mapped_depth	Modified_low_mapq_mapped_depth	Modified_primer_pair_1_mapped_depth	Untreated_mutations	Untreated_read_depth	Untreated_effective_depth	Untreated_rate	Untreated_off_target_mapped_depth	Untreated_low_mapq_mapped_depth	Untreated_primer_pair_1_mapped_depth	Denatured_mutations	Denatured_read_depth	Denatured_effective_depth	Denatured_rate	Denatured_off_target_mapped_depth	Denatured_low_mapq_mapped_depth	Denatured_primer_pair_1_mapped_depth	Reactivity_profile	Std_err	HQ_profile	HQ_stderr	Norm_profile	Norm_stderr
1	g	0	213173	0	nan	22	0	213173	0	0	0	nan	0	0	0	0	0	0	nan	0	0	0	nan	nan	nan	nan	nan	nan
2	g	0	213594	0	nan	22	0	213594	0	0	0	nan	0	0	0	0	0	0	nan	0	0	0	nan	nan	nan	nan	nan	nan
3	c	0	213746	0	nan	22	0	213746	0	0	0	nan	0	0	0	0	0	0	nan	0	0	0	nan	nan	nan	nan	nan	nan
4	a	0	219050	0	nan	48	0	219050	0	0	0	nan	0	0	0	0	0	0	nan	0	0	0	nan	nan	nan	nan	nan	nan
5	c	0	219175	0	nan	49	0	219175	0	0	0	nan	0	0	0	0	0	0	nan	0	0	0	nan	nan	nan	nan	nan	nan
6	c	0	219203	0	nan	49	0	219203	0	0	0	nan	0	0	0	0	0	0	nan	0	0	0	nan	nan	nan	nan	nan	nan
7	u	0	219209	0	nan	49	0	219209	0	0	0	nan	0	0	0	0	0	0	nan	0	0	0	nan	nan	nan	nan	nan	nan
8	c	0	219212	0	nan	49	0	219212	0	0	0	nan	0	0	0	0	0	0	nan	0	0	0	nan	nan	nan	nan	nan	nan
9	a	0	219212	0	nan	49	0	219212	0	0	0	nan	0	0	0	0	0	0	nan	0	0	0	nan	nan	nan	nan	nan	nan
10	u	0	219246	0	nan	49	0	219246	0	0	0	nan	0	0	0	0	0	0	nan	0	0	0	nan	nan	nan	nan	nan	nan
11	a	0	219272	0	nan	49	0	219272	0	0	0	nan	0	0	0	0	0	0	nan	0	0	0	nan	nan	nan	nan	nan	nan
12	a	0	219283	0	nan	49	0	219283	0	0	0	nan	0	0	0	0	0	0	nan	0	0	0	nan	nan	nan	nan	nan	nan
13	c	0	219284	0	nan	49	0	219284	0	0	0	nan	0	0	0	0	0	0	nan	0	0	0	nan	nan	nan	nan	nan	nan
14	a	0	219288	0	nan	49	0	219288	0	0	0	nan	0	0	0	0	0	0	nan	0	0	0	nan	nan	nan	nan	nan	nan
15	u	0	219289	0	nan	49	0	219289	0	0	0	nan	0	0	0	0	0	0	nan	0	0	0	nan	nan	nan	nan	nan	nan
16	a	0	219291	0	nan	49	0	219291	0	0	0	nan	0	0	0	0	0	0	nan	0	0	0	nan	nan	nan	nan	nan	nan
17	a	0	219294	0	nan	49	0	219294	0	0	0	nan	0	0	0	0	0	0	nan	0	0	0	nan	nan	nan	nan	nan	nan
18	c	0	219299	0	nan	49	0	219299	0	0	0	nan	0	0	0	0	0	0	nan	0	0	0	nan	nan	nan	nan	nan	nan
19	U	0	219300	0	nan	49	0	219300	0	0	0	nan	0	0	0	0	0	0	nan	0	0	0	nan	nan	nan	nan	nan	nan
20	A	0	219310	6	0.000000	49	0	219310	0	0	0	nan	0	0	0	0	0	0	nan	0	0	0	0.000000	0.000000	nan	nan	nan	nan
21	A	0	219319	10	0.000000	49	0	219319	0	0	0	nan	0	0	0	0	0	0	nan	0	0	0	0.000000	0.000000	nan	nan	nan	nan
22	G	0	219323	216976	0.000000	49	0	219323	0	0	0	nan	0	0	0	0	0	0	nan	0	0	0	0.000000	0.000000	0.000000	0.000000	nan	nan
23	G	176	219326	215526	0.000817	49	0	219326	0	0	0	nan	0	0	0	0	0	0	nan	0	0	0	0.000817	0.000062	0.000817	0.000062	nan	nan
24	C	7534	219340	215964	0.034885	49	0	219340	0	0	0	nan	0	0	0	0	0	0	nan	0	0	0	0.034885	0.000402	0.034885	0.000402	0.949536	0.010942
25	A	5537	219365	216439	0.025582	49	0	219365	0	0	0	nan	0	0	0	0	0	0	nan	0	0	0	0.025582	0.000344	0.025582	0.000344	1.000000	0.013447
26	G	226	219375	216268	0.001045	49	0	219375	0	0	0	nan	0	0	0	0	0	0	nan	0	0	0	0.001045	0.000070	0.001045	0.000070	nan	nan
27	A	4907	219385	216955	0.022618	49	0	219385	0	0	0	nan	0	0	0	0	0	0	nan	0	0	0	0.022618	0.000323	0.022618	0.000323	0.884137	0.012626
28	U	421	219396	216350	0.001946	49	0	219396	0	0	0	nan	0	0	0	0	0	0	nan	0	0	0	0.001946	0.000095	0.001946	0.000095	nan	nan
29	C	7000	219399	216897	0.032273	49	0	219395	0	0	0	nan	0	0	0	0	0	0	nan	0	0	0	0.032273	0.000386	0.032273	0.000386	0.878440	0.010507
30	U	427	219400	216860	0.001969	49	0	219397	0	0	0	nan	0	0	0	0	0	0	nan	0	0	0	0.001969	0.000095	0.001969	0.000095	nan	nan
31	G	213	219405	216582	0.000983	49	0	219398	0	0	0	nan	0	0	0	0	0	0	nan	0	0	0	0.000983	0.000067	0.000983	0.000067	nan	nan
32	A	5295	219409	217001	0.024401	49	0	219404	0	0	0	nan	0	0	0	0	0	0	nan	0	0	0	0.024401	0.000335	0.024401	0.000335	0.953835	0.013095
33	G	177	219419	215613	0.000821	49	0	219415	0	0	0	nan	0	0	0	0	0	0	nan	0	0	0	0.000821	0.000062	0.000821	0.000062	nan	nan
34	C	7039	219423	216152	0.032565	49	0	219412	0	0	0	nan	0	0	0	0	0	0	nan	0	0	0	0.032565	0.000388	0.032565	0.000388	0.886388	0.010561
35	U	568	219431	215932	0.002630	49	0	219421	0	0	0	nan	0	0	0	0	0	0	nan	0	0	0	0.002630	0.000110	0.002630	0.000110	nan	nan
36	U	435	219433	215957	0.002014	49	0	219409	0	0	0	nan	0	0	0	0	0	0	nan	0	0	0	0.002014	0.000097	0.002014	0.000097	nan	nan
37	G	243	219441	215493	0.001128	49	0	219394	0	0	0	nan	0	0	0	0	0	0	nan	0	0	0	0.001128	0.000072	0.001128	0.000072	nan	nan
38	G	239	219444	210149	0.001137	49	0	219398	0	0	0	nan	0	0	0	0	0	0	nan	0	0	0	0.001137	0.000074	0.001137	0.000074	nan	nan
39	G	246	219448	209411	0.001175	49	0	219408	0	0	0	nan	0	0	0	0	0	0	nan	0	0	0	0.001175	0.000075	0.001175	0.000075	nan	nan
40	A	6002	219451	210572	0.028503	49	0	219419	0	0	0	nan	0	0	0	0	0	0	nan	0	0	0	0.028503	0.000368	0.028503	0.000368	1.114182	0.014385
41	G	275	219458	215086	0.001279	49	0	219438	0	0	0	nan	0	0	0	0	0	0	nan	0	0	0	0.001279	0.000077	0.001279	0.000077	nan	nan
42	C	7499	219461	216168	0.034691	29	0	219450	0	0	0	nan	0	0	0	0	0	0	nan	0	0	0	0.034691	0.000401	0.034691	0.000401	0.944255	0.010915
43	U	324	219463	216062	0.001500	29	0	219454	0	0	0	nan	0	0	0	0	0	0	nan	0	0	0	0.001500	0.000083	0.001500	0.000083	nan	nan
44	C	6769	219465	216247	0.031302	29	0	219456	0	0	0	nan	0	0	0	0	0	0	nan	0	0	0	0.031302	0.000380	0.031302	0.000380	0.852010	0.010343
45	U	322	219468	216120	0.001490	29	0	219459	0	0	0	nan	0	0	0	0	0	0	nan	0	0	0	0.001490	0.000083	0.001490	0.000083	nan	nan
46	C	7523	219466	215439	0.034919	29	0	219457	0	0	0	nan	0	0	0	0	0	0	nan	0	0	0	0.034919	0.000403	0.034919	0.000403	0.950461	0.010969
47	U	388	219468	215497	0.001800	29	0	219461	0	0	0	nan	0	0	0	0	0	0	nan	0	0	0	0.001800	0.000091	0.001800	0.000091	nan	nan
48	G	198	219468	214500	0.000923	29	0	219462	0	0	0	nan	0	0	0	0	0	0	nan	0	0	0	0.000923	0.000066	0.000923	0.000066	nan	nan
49	C	9115	219470	216000	0.042199	29	0	219465	0	0	0	nan	0	0	0	0	0	0	nan	0	0	0	0.042199	0.000442	0.042199	0.000442	1.148616	0.012031
50	C	9257	219473	216807	0.042697	29	0	219470	0	0	0	nan	0	0	0	0	0	0	nan	0	0	0	0.042697	0.000444	0.042697	0.000444	1.162171	0.012085
51	A	4567	219475	217393	0.021008	29	0	219474	0	0	0	nan	0	0	0	0	0	0	nan	0	0	0	0.021008	0.000311	0.021008	0.000311	0.821202	0.012157
52	A	0	219476	217011	0.000000	29	0	219476	0	0	0	nan	0	0	0	0	0	0	nan	0	0	0	0.000000	0.000000	0.000000	0.000000	0.000000	0.000000
53	U	0	219474	185	0.000000	22	0	219474	0	0	0	nan	0	0	0	0	0	0	nan	0	0	0	0.000000	0.000000	nan	nan	nan	nan
54	C	0	219254	1	0.000000	17	0	219254	0	0	0	nan	0	0	0	0	0	0	nan	0	0	0	0.000000	0.000000	nan	nan	nan	nan
55	C	0	219252	0	nan	17	0	219252	0	0	0	nan	0	0	0	0	0	0	nan	0	0	0	nan	nan	nan	nan	nan	nan
56	a	0	219251	0	nan	17	0	219251	0	0	0	nan	0	0	0	0	0	0	nan	0	0	0	nan	nan	nan	nan	nan	nan
57	c	0	219251	0	nan	17	0	219251	0	0	0	nan	0	0	0	0	0	0	nan	0	0	0	nan	nan	nan	nan	nan	nan
58	u	0	219251	0	nan	17	0	219251	0	0	0	nan	0	0	0	0	0	0	nan	0	0	0	nan	nan	nan	nan	nan	nan
59	a	0	219251	0	nan	17	0	219251	0	0	0	nan	0	0	0	0	0	0	nan	0	0	0	nan	nan	nan	nan	nan	nan
60	a	0	219251	0	nan	17	0	219251	0	0	0	nan	0	0	0	0	0	0	nan	0	0	0	nan	nan	nan	nan	nan	nan
61	c	0	219251	0	nan	10	0	219251	0	0	0	nan	0	0	0	0	0	0	nan	0	0	0	nan	nan	nan	nan	nan	nan
62	c	0	219251	0	nan	10	0	219251	0	0	0	nan	0	0	0	0	0	0	nan	0	0	0	nan	nan	nan	nan	nan	nan
63	u	0	219251	0	nan	0	0	219251	0	0	0	nan	0	0	0	0	0	0	nan	0	0	0	nan	nan	nan	nan	nan	nan
64	c	0	219251	0	nan	0	0	219251	0	0	0	nan	0	0	0	0	0	0	nan	0	0	0	nan	nan	nan	nan	nan	nan
65	a	0	219251	0	nan	0	0	219251	0	0	0	nan	0	0	0	0	0	0	nan	0	0	0	nan	nan	nan	nan	nan	nan
66	c	0	219250	0	nan	0	0	219250	0	0	0	nan	0	0	0	0	0	0	nan	0	0	0	nan	nan	nan	nan	nan	nan
67	u	0	219250	0	nan	0	0	219250	0	0	0	nan	0	0	0	0	0	0	nan	0	0	0	nan	nan	nan	nan	nan	nan
68	c	0	219250	0	nan	0	0	219250	0	0	0	nan	0	0	0	0	0	0	nan	0	0	0	nan	nan	nan	nan	nan	nan
69	a	0	219250	0	nan	0	0	219250	0	0	0	nan	0	0	0	0	0	0	nan	0	0	0	nan	nan	nan	nan	nan	nan
70	c	0	219239	0	nan	0	0	219239	0	0	0	nan	0	0	0	0	0	0	nan	0	0	0	nan	nan	nan	nan	nan	nan
71	a	0	219235	0	nan	0	0	219235	0	0	0	nan	0	0	0	0	0	0	nan	0	0	0	nan	nan	nan	nan	nan	nan
72	a	0	219163	0	nan	0	0	219163	0	0	0	nan	0	0	0	0	0	0	nan	0	0	0	nan	nan	nan	nan	nan	nan
73	u	0	219066	0	nan	0	0	219066	0	0	0	nan	0	0	0	0	0	0	nan	0	0	0	nan	nan	nan	nan	nan	nan
74	c	0	218717	0	nan	0	0	218717	0	0	0	nan	0	0	0	0	0	0	nan	0	0	0	nan	nan	nan	nan	nan	nan