Nucleotide	Sequence	Modified_mutations	Modified_read_depth	Modified_effective_depth	Modified_rate	Modified_off_target_mapped_depth	Modified_low_mapq_mapped_depth	Modified_primer_pair_1_mapped_depth	Untreated_mutations	Untreated_read_depth	Untreated_effective_depth	Untreated_rate	Untreated_off_target_mapped_depth	Untreated_low_mapq_mapped_depth	Untreated_primer_pair_1_mapped_depth	Denatured_mutations	Denatured_read_depth	Denatured_effective_depth	Denatured_rate	Denatured_off_target_mapped_depth	Denatured_low_mapq_mapped_depth	Denatured_primer_pair_1_mapped_depth	Reactivity_profile	Std_err	HQ_profile	HQ_stderr	Norm_profile	Norm_stderr
1	g	0	6725	0	nan	0	0	6725	0	0	0	nan	0	0	0	0	0	0	nan	0	0	0	nan	nan	nan	nan	nan	nan
2	g	0	6731	0	nan	0	0	6731	0	0	0	nan	0	0	0	0	0	0	nan	0	0	0	nan	nan	nan	nan	nan	nan
3	a	0	6736	0	nan	0	0	6736	0	0	0	nan	0	0	0	0	0	0	nan	0	0	0	nan	nan	nan	nan	nan	nan
4	u	0	6741	0	nan	0	0	6741	0	0	0	nan	0	0	0	0	0	0	nan	0	0	0	nan	nan	nan	nan	nan	nan
5	a	0	6741	0	nan	0	0	6741	0	0	0	nan	0	0	0	0	0	0	nan	0	0	0	nan	nan	nan	nan	nan	nan
6	a	0	6741	0	nan	0	0	6741	0	0	0	nan	0	0	0	0	0	0	nan	0	0	0	nan	nan	nan	nan	nan	nan
7	u	0	6741	0	nan	0	0	6741	0	0	0	nan	0	0	0	0	0	0	nan	0	0	0	nan	nan	nan	nan	nan	nan
8	c	0	6741	0	nan	0	0	6741	0	0	0	nan	0	0	0	0	0	0	nan	0	0	0	nan	nan	nan	nan	nan	nan
9	c	0	6741	0	nan	0	0	6741	0	0	0	nan	0	0	0	0	0	0	nan	0	0	0	nan	nan	nan	nan	nan	nan
10	a	0	6741	0	nan	0	0	6741	0	0	0	nan	0	0	0	0	0	0	nan	0	0	0	nan	nan	nan	nan	nan	nan
11	a	0	6741	0	nan	0	0	6741	0	0	0	nan	0	0	0	0	0	0	nan	0	0	0	nan	nan	nan	nan	nan	nan
12	a	0	6741	0	nan	0	0	6741	0	0	0	nan	0	0	0	0	0	0	nan	0	0	0	nan	nan	nan	nan	nan	nan
13	a	0	6741	0	nan	0	0	6741	0	0	0	nan	0	0	0	0	0	0	nan	0	0	0	nan	nan	nan	nan	nan	nan
14	c	0	6741	0	nan	0	0	6741	0	0	0	nan	0	0	0	0	0	0	nan	0	0	0	nan	nan	nan	nan	nan	nan
15	a	0	6741	0	nan	0	0	6741	0	0	0	nan	0	0	0	0	0	0	nan	0	0	0	nan	nan	nan	nan	nan	nan
16	a	0	6741	0	nan	0	0	6741	0	0	0	nan	0	0	0	0	0	0	nan	0	0	0	nan	nan	nan	nan	nan	nan
17	c	0	6741	0	nan	0	0	6741	0	0	0	nan	0	0	0	0	0	0	nan	0	0	0	nan	nan	nan	nan	nan	nan
18	a	0	6741	0	nan	0	0	6741	0	0	0	nan	0	0	0	0	0	0	nan	0	0	0	nan	nan	nan	nan	nan	nan
19	a	0	6741	0	nan	0	0	6741	0	0	0	nan	0	0	0	0	0	0	nan	0	0	0	nan	nan	nan	nan	nan	nan
20	c	0	6741	0	nan	0	0	6741	0	0	0	nan	0	0	0	0	0	0	nan	0	0	0	nan	nan	nan	nan	nan	nan
21	c	0	6741	0	nan	0	0	6741	0	0	0	nan	0	0	0	0	0	0	nan	0	0	0	nan	nan	nan	nan	nan	nan
22	A	0	6741	0	nan	0	0	6741	0	0	0	nan	0	0	0	0	0	0	nan	0	0	0	nan	nan	nan	nan	nan	nan
23	A	0	6741	0	nan	0	0	6741	0	0	0	nan	0	0	0	0	0	0	nan	0	0	0	nan	nan	nan	nan	nan	nan
24	A	0	6741	0	nan	0	0	6741	0	0	0	nan	0	0	0	0	0	0	nan	0	0	0	nan	nan	nan	nan	nan	nan
25	G	0	6741	5945	0.000000	0	0	6741	0	0	0	nan	0	0	0	0	0	0	nan	0	0	0	0.000000	0.000000	0.000000	0.000000	nan	nan
26	G	1	6741	5354	0.000187	0	0	6741	0	0	0	nan	0	0	0	0	0	0	nan	0	0	0	0.000187	0.000187	0.000187	0.000187	nan	nan
27	A	56	6741	5305	0.010556	0	0	6740	0	0	0	nan	0	0	0	0	0	0	nan	0	0	0	0.010556	0.001411	0.010556	0.001411	0.543899	0.072702
28	A	23	6741	5195	0.004427	0	0	6740	0	0	0	nan	0	0	0	0	0	0	nan	0	0	0	0.004427	0.000923	0.004427	0.000923	0.228102	0.047558
29	U	11	6741	6105	0.001802	0	0	6740	0	0	0	nan	0	0	0	0	0	0	nan	0	0	0	0.001802	0.000543	0.001802	0.000543	0.831564	0.250577
30	U	12	6739	6188	0.001939	0	0	6735	0	0	0	nan	0	0	0	0	0	0	nan	0	0	0	0.001939	0.000560	0.001939	0.000560	0.894785	0.258422
31	G	0	6739	6331	0.000000	0	0	6735	0	0	0	nan	0	0	0	0	0	0	nan	0	0	0	0.000000	0.000000	0.000000	0.000000	nan	nan
32	C	64	6739	6404	0.009994	0	0	6734	0	0	0	nan	0	0	0	0	0	0	nan	0	0	0	0.009994	0.001249	0.009994	0.001249	0.831067	0.103863
33	G	7	6739	6341	0.001104	0	0	6734	0	0	0	nan	0	0	0	0	0	0	nan	0	0	0	0.001104	0.000417	0.001104	0.000417	nan	nan
34	G	0	6739	6374	0.000000	0	0	6733	0	0	0	nan	0	0	0	0	0	0	nan	0	0	0	0.000000	0.000000	0.000000	0.000000	nan	nan
35	G	4	6739	5737	0.000697	0	0	6732	0	0	0	nan	0	0	0	0	0	0	nan	0	0	0	0.000697	0.000349	0.000697	0.000349	nan	nan
36	A	46	6739	5401	0.008517	0	0	6732	0	0	0	nan	0	0	0	0	0	0	nan	0	0	0	0.008517	0.001256	0.008517	0.001256	0.438840	0.064716
37	A	110	6739	5169	0.021281	0	0	6731	0	0	0	nan	0	0	0	0	0	0	nan	0	0	0	0.021281	0.002029	0.021281	0.002029	1.096507	0.104545
38	A	106	6739	5707	0.018574	0	0	6730	0	0	0	nan	0	0	0	0	0	0	nan	0	0	0	0.018574	0.001804	0.018574	0.001804	0.957028	0.092951
39	G	1	6739	6032	0.000166	0	0	6730	0	0	0	nan	0	0	0	0	0	0	nan	0	0	0	0.000166	0.000166	0.000166	0.000166	nan	nan
40	G	1	6739	6222	0.000161	0	0	6730	0	0	0	nan	0	0	0	0	0	0	nan	0	0	0	0.000161	0.000161	0.000161	0.000161	nan	nan
41	G	0	6739	6194	0.000000	0	0	6730	0	0	0	nan	0	0	0	0	0	0	nan	0	0	0	0.000000	0.000000	0.000000	0.000000	nan	nan
42	G	5	6739	6296	0.000794	0	0	6729	0	0	0	nan	0	0	0	0	0	0	nan	0	0	0	0.000794	0.000355	0.000794	0.000355	nan	nan
43	U	10	6739	6357	0.001573	0	0	6729	0	0	0	nan	0	0	0	0	0	0	nan	0	0	0	0.001573	0.000497	0.001573	0.000497	0.725888	0.229349
44	C	24	6739	5973	0.004018	0	0	6728	0	0	0	nan	0	0	0	0	0	0	nan	0	0	0	0.004018	0.000820	0.004018	0.000820	0.334123	0.068188
45	A	58	6739	5583	0.010389	0	0	6727	0	0	0	nan	0	0	0	0	0	0	nan	0	0	0	0.010389	0.001364	0.010389	0.001364	0.535295	0.070280
46	A	91	6739	5630	0.016163	0	0	6727	0	0	0	nan	0	0	0	0	0	0	nan	0	0	0	0.016163	0.001694	0.016163	0.001694	0.832801	0.087284
47	C	172	6739	5903	0.029138	0	0	6726	0	0	0	nan	0	0	0	0	0	0	nan	0	0	0	0.029138	0.002222	0.029138	0.002222	2.423018	0.184774
48	A	120	6739	6278	0.019114	0	0	6726	0	0	0	nan	0	0	0	0	0	0	nan	0	0	0	0.019114	0.001745	0.019114	0.001745	0.984852	0.089911
49	G	6	6739	6246	0.000961	0	0	6726	0	0	0	nan	0	0	0	0	0	0	nan	0	0	0	0.000961	0.000392	0.000961	0.000392	nan	nan
50	C	11	6739	6031	0.001824	0	0	6726	0	0	0	nan	0	0	0	0	0	0	nan	0	0	0	0.001824	0.000550	0.001824	0.000550	0.151678	0.045736
51	C	14	6739	6013	0.002328	0	0	6726	0	0	0	nan	0	0	0	0	0	0	nan	0	0	0	0.002328	0.000622	0.002328	0.000622	0.193589	0.051723
52	G	3	6739	5822	0.000515	0	0	6726	0	0	0	nan	0	0	0	0	0	0	nan	0	0	0	0.000515	0.000298	0.000515	0.000298	nan	nan
53	U	9	6739	6098	0.001476	0	0	6726	0	0	0	nan	0	0	0	0	0	0	nan	0	0	0	0.001476	0.000492	0.001476	0.000492	0.681126	0.227042
54	U	12	6739	6020	0.001993	0	0	6725	0	0	0	nan	0	0	0	0	0	0	nan	0	0	0	0.001993	0.000575	0.001993	0.000575	0.919705	0.265344
55	C	26	6739	6224	0.004177	0	0	6725	0	0	0	nan	0	0	0	0	0	0	nan	0	0	0	0.004177	0.000819	0.004177	0.000819	0.347345	0.068105
56	A	15	6739	6256	0.002398	0	0	6724	0	0	0	nan	0	0	0	0	0	0	nan	0	0	0	0.002398	0.000619	0.002398	0.000619	0.123557	0.031894
57	G	1	6739	6323	0.000158	0	0	6724	0	0	0	nan	0	0	0	0	0	0	nan	0	0	0	0.000158	0.000158	0.000158	0.000158	nan	nan
58	U	5	6739	6314	0.000792	0	0	6722	0	0	0	nan	0	0	0	0	0	0	nan	0	0	0	0.000792	0.000354	0.000792	0.000354	0.365482	0.163359
59	A	43	6739	6288	0.006838	0	0	6722	0	0	0	nan	0	0	0	0	0	0	nan	0	0	0	0.006838	0.001043	0.006838	0.001043	0.352329	0.053741
60	C	19	6739	6318	0.003007	0	0	6721	0	0	0	nan	0	0	0	0	0	0	nan	0	0	0	0.003007	0.000690	0.003007	0.000690	0.250052	0.057378
61	C	14	6739	6344	0.002207	0	0	6721	0	0	0	nan	0	0	0	0	0	0	nan	0	0	0	0.002207	0.000590	0.002207	0.000590	0.183527	0.049062
62	A	135	6739	6238	0.021642	0	0	6721	0	0	0	nan	0	0	0	0	0	0	nan	0	0	0	0.021642	0.001863	0.021642	0.001863	1.115107	0.095991
63	A	123	6739	6243	0.019702	0	0	6720	0	0	0	nan	0	0	0	0	0	0	nan	0	0	0	0.019702	0.001776	0.019702	0.001776	1.015148	0.091509
64	G	0	6737	6326	0.000000	0	0	6718	0	0	0	nan	0	0	0	0	0	0	nan	0	0	0	0.000000	0.000000	0.000000	0.000000	nan	nan
65	U	9	6737	5896	0.001526	0	0	6717	0	0	0	nan	0	0	0	0	0	0	nan	0	0	0	0.001526	0.000509	0.001526	0.000509	0.704199	0.234887
66	C	7	6737	5930	0.001180	0	0	6715	0	0	0	nan	0	0	0	0	0	0	nan	0	0	0	0.001180	0.000446	0.001180	0.000446	0.098125	0.037088
67	U	4	6804	5973	0.000670	0	0	6802	0	0	0	nan	0	0	0	0	0	0	nan	0	0	0	0.000670	0.000335	0.000670	0.000335	0.309183	0.154592
68	C	8	6806	6587	0.001215	0	0	6803	0	0	0	nan	0	0	0	0	0	0	nan	0	0	0	0.001215	0.000429	0.001215	0.000429	0.101035	0.035674
69	A	19	6806	6508	0.002919	0	0	6803	0	0	0	nan	0	0	0	0	0	0	nan	0	0	0	0.002919	0.000670	0.002919	0.000670	0.150402	0.034522
70	G	4	6806	6451	0.000620	0	0	6803	0	0	0	nan	0	0	0	0	0	0	nan	0	0	0	0.000620	0.000310	0.000620	0.000310	nan	nan
71	G	4	6806	6459	0.000619	0	0	6803	0	0	0	nan	0	0	0	0	0	0	nan	0	0	0	0.000619	0.000310	0.000619	0.000310	nan	nan
72	G	1	6806	6519	0.000153	0	0	6803	0	0	0	nan	0	0	0	0	0	0	nan	0	0	0	0.000153	0.000153	0.000153	0.000153	nan	nan
73	G	10	6806	6698	0.001493	0	0	6803	0	0	0	nan	0	0	0	0	0	0	nan	0	0	0	0.001493	0.000472	0.001493	0.000472	nan	nan
74	A	70	6807	6711	0.010431	0	0	6804	0	0	0	nan	0	0	0	0	0	0	nan	0	0	0	0.010431	0.001247	0.010431	0.001247	0.537459	0.064252
75	A	76	6807	6734	0.011286	0	0	6803	0	0	0	nan	0	0	0	0	0	0	nan	0	0	0	0.011286	0.001295	0.011286	0.001295	0.581513	0.066725
76	A	96	6807	6721	0.014284	0	0	6803	0	0	0	nan	0	0	0	0	0	0	nan	0	0	0	0.014284	0.001458	0.014284	0.001458	0.735985	0.075124
77	C	8	6807	6720	0.001190	0	0	6803	0	0	0	nan	0	0	0	0	0	0	nan	0	0	0	0.001190	0.000421	0.001190	0.000421	0.098956	0.035009
78	U	9	6807	6705	0.001342	0	0	6803	0	0	0	nan	0	0	0	0	0	0	nan	0	0	0	0.001342	0.000447	0.001342	0.000447	0.619289	0.206276
79	U	18	6806	6712	0.002682	0	0	6802	0	0	0	nan	0	0	0	0	0	0	nan	0	0	0	0.002682	0.000632	0.002682	0.000632	1.237656	0.291647
80	U	3	6806	6631	0.000452	0	0	6802	0	0	0	nan	0	0	0	0	0	0	nan	0	0	0	0.000452	0.000261	0.000452	0.000261	0.208583	0.120443
81	G	3	6805	6621	0.000453	0	0	6800	0	0	0	nan	0	0	0	0	0	0	nan	0	0	0	0.000453	0.000262	0.000453	0.000262	nan	nan
82	A	3	6805	6641	0.000452	0	0	6800	0	0	0	nan	0	0	0	0	0	0	nan	0	0	0	0.000452	0.000261	0.000452	0.000261	0.023289	0.013448
83	G	9	6805	6721	0.001339	0	0	6800	0	0	0	nan	0	0	0	0	0	0	nan	0	0	0	0.001339	0.000446	0.001339	0.000446	nan	nan
84	A	11	6806	6747	0.001630	0	0	6801	0	0	0	nan	0	0	0	0	0	0	nan	0	0	0	0.001630	0.000492	0.001630	0.000492	0.083986	0.025350
85	U	9	6806	6741	0.001335	0	0	6801	0	0	0	nan	0	0	0	0	0	0	nan	0	0	0	0.001335	0.000445	0.001335	0.000445	0.616059	0.205353
86	G	1	6806	6739	0.000148	0	0	6800	0	0	0	nan	0	0	0	0	0	0	nan	0	0	0	0.000148	0.000148	0.000148	0.000148	nan	nan
87	G	2	6806	6738	0.000297	0	0	6800	0	0	0	nan	0	0	0	0	0	0	nan	0	0	0	0.000297	0.000210	0.000297	0.000210	nan	nan
88	C	23	6806	6187	0.003717	0	0	6800	0	0	0	nan	0	0	0	0	0	0	nan	0	0	0	0.003717	0.000775	0.003717	0.000775	0.309093	0.064446
89	C	9	6806	6182	0.001456	0	0	6800	0	0	0	nan	0	0	0	0	0	0	nan	0	0	0	0.001456	0.000485	0.001456	0.000485	0.121076	0.040331
90	U	12	6806	6175	0.001943	0	0	6800	0	0	0	nan	0	0	0	0	0	0	nan	0	0	0	0.001943	0.000561	0.001943	0.000561	0.896631	0.258883
91	U	5	6806	6740	0.000742	0	0	6800	0	0	0	nan	0	0	0	0	0	0	nan	0	0	0	0.000742	0.000332	0.000742	0.000332	0.342409	0.153207
92	G	2	6806	6717	0.000298	0	0	6799	0	0	0	nan	0	0	0	0	0	0	nan	0	0	0	0.000298	0.000211	0.000298	0.000211	nan	nan
93	C	141	6806	6727	0.020960	0	0	6799	0	0	0	nan	0	0	0	0	0	0	nan	0	0	0	0.020960	0.001765	0.020960	0.001765	1.742963	0.146771
94	A	60	6806	6723	0.008925	0	0	6799	0	0	0	nan	0	0	0	0	0	0	nan	0	0	0	0.008925	0.001152	0.008925	0.001152	0.459862	0.059357
95	A	67	6806	6733	0.009951	0	0	6799	0	0	0	nan	0	0	0	0	0	0	nan	0	0	0	0.009951	0.001216	0.009951	0.001216	0.512727	0.062655
96	A	16	6806	6739	0.002374	0	0	6799	0	0	0	nan	0	0	0	0	0	0	nan	0	0	0	0.002374	0.000594	0.002374	0.000594	0.122321	0.030606
97	G	0	6806	6732	0.000000	0	0	6799	0	0	0	nan	0	0	0	0	0	0	nan	0	0	0	0.000000	0.000000	0.000000	0.000000	nan	nan
98	G	4	6806	6734	0.000594	0	0	6799	0	0	0	nan	0	0	0	0	0	0	nan	0	0	0	0.000594	0.000297	0.000594	0.000297	nan	nan
99	G	0	6806	6703	0.000000	0	0	6799	0	0	0	nan	0	0	0	0	0	0	nan	0	0	0	0.000000	0.000000	0.000000	0.000000	nan	nan
100	U	6	6806	6745	0.000890	0	0	6799	0	0	0	nan	0	0	0	0	0	0	nan	0	0	0	0.000890	0.000363	0.000890	0.000363	0.410706	0.167513
101	A	106	6806	6730	0.015750	0	0	6799	0	0	0	nan	0	0	0	0	0	0	nan	0	0	0	0.015750	0.001530	0.015750	0.001530	0.811521	0.078833
102	U	10	6806	6733	0.001485	0	0	6799	0	0	0	nan	0	0	0	0	0	0	nan	0	0	0	0.001485	0.000470	0.001485	0.000470	0.685279	0.216890
103	G	3	6806	6710	0.000447	0	0	6799	0	0	0	nan	0	0	0	0	0	0	nan	0	0	0	0.000447	0.000258	0.000447	0.000258	nan	nan
104	G	3	6806	6681	0.000449	0	0	6799	0	0	0	nan	0	0	0	0	0	0	nan	0	0	0	0.000449	0.000259	0.000449	0.000259	nan	nan
105	U	13	6806	6693	0.001942	0	0	6799	0	0	0	nan	0	0	0	0	0	0	nan	0	0	0	0.001942	0.000539	0.001942	0.000539	0.896170	0.248731
106	A	91	6806	6704	0.013574	0	0	6799	0	0	0	nan	0	0	0	0	0	0	nan	0	0	0	0.013574	0.001423	0.013574	0.001423	0.699402	0.073320
107	A	63	6806	6717	0.009379	0	0	6799	0	0	0	nan	0	0	0	0	0	0	nan	0	0	0	0.009379	0.001182	0.009379	0.001182	0.483254	0.060903
108	U	15	6806	6709	0.002236	0	0	6799	0	0	0	nan	0	0	0	0	0	0	nan	0	0	0	0.002236	0.000577	0.002236	0.000577	1.031841	0.266267
109	A	86	6807	6713	0.012811	0	0	6800	0	0	0	nan	0	0	0	0	0	0	nan	0	0	0	0.012811	0.001381	0.012811	0.001381	0.660089	0.071156
110	A	72	6807	6722	0.010711	0	0	6801	0	0	0	nan	0	0	0	0	0	0	nan	0	0	0	0.010711	0.001262	0.010711	0.001262	0.551886	0.065025
111	G	7	6807	6713	0.001043	0	0	6801	0	0	0	nan	0	0	0	0	0	0	nan	0	0	0	0.001043	0.000394	0.001043	0.000394	nan	nan
112	C	10	6807	6757	0.001480	0	0	6801	0	0	0	nan	0	0	0	0	0	0	nan	0	0	0	0.001480	0.000468	0.001480	0.000468	0.123072	0.038917
113	U	10	6807	6748	0.001482	0	0	6801	0	0	0	nan	0	0	0	0	0	0	nan	0	0	0	0.001482	0.000469	0.001482	0.000469	0.683895	0.216428
114	G	0	6807	6736	0.000000	0	0	6801	0	0	0	nan	0	0	0	0	0	0	nan	0	0	0	0.000000	0.000000	0.000000	0.000000	nan	nan
115	A	14	6807	6725	0.002082	0	0	6801	0	0	0	nan	0	0	0	0	0	0	nan	0	0	0	0.002082	0.000556	0.002082	0.000556	0.107275	0.028648
116	C	13	6807	6725	0.001933	0	0	6801	0	0	0	nan	0	0	0	0	0	0	nan	0	0	0	0.001933	0.000536	0.001933	0.000536	0.160742	0.044572
117	G	7	6807	6690	0.001046	0	0	6801	0	0	0	nan	0	0	0	0	0	0	nan	0	0	0	0.001046	0.000395	0.001046	0.000395	nan	nan
118	G	9	6807	6713	0.001341	0	0	6801	0	0	0	nan	0	0	0	0	0	0	nan	0	0	0	0.001341	0.000447	0.001341	0.000447	nan	nan
119	A	52	6807	6712	0.007747	0	0	6801	0	0	0	nan	0	0	0	0	0	0	nan	0	0	0	0.007747	0.001074	0.007747	0.001074	0.399165	0.055338
120	C	84	6807	6743	0.012457	0	0	6801	0	0	0	nan	0	0	0	0	0	0	nan	0	0	0	0.012457	0.001359	0.012457	0.001359	1.035882	0.113010
121	A	110	6807	6748	0.016301	0	0	6801	0	0	0	nan	0	0	0	0	0	0	nan	0	0	0	0.016301	0.001554	0.016301	0.001554	0.839911	0.080070
122	U	2	6807	6750	0.000296	0	0	6801	0	0	0	nan	0	0	0	0	0	0	nan	0	0	0	0.000296	0.000210	0.000296	0.000210	0.136594	0.096908
123	G	2	6807	6738	0.000297	0	0	6801	0	0	0	nan	0	0	0	0	0	0	nan	0	0	0	0.000297	0.000210	0.000297	0.000210	nan	nan
124	G	4	6808	6730	0.000594	0	0	6802	0	0	0	nan	0	0	0	0	0	0	nan	0	0	0	0.000594	0.000297	0.000594	0.000297	nan	nan
125	U	2	6808	6638	0.000301	0	0	6802	0	0	0	nan	0	0	0	0	0	0	nan	0	0	0	0.000301	0.000213	0.000301	0.000213	0.138902	0.098293
126	C	8	6808	6634	0.001206	0	0	6802	0	0	0	nan	0	0	0	0	0	0	nan	0	0	0	0.001206	0.000426	0.001206	0.000426	0.100287	0.035425
127	C	4	6808	6631	0.000603	0	0	6802	0	0	0	nan	0	0	0	0	0	0	nan	0	0	0	0.000603	0.000302	0.000603	0.000302	0.050143	0.025113
128	U	8	6808	6718	0.001191	0	0	6802	0	0	0	nan	0	0	0	0	0	0	nan	0	0	0	0.001191	0.000421	0.001191	0.000421	0.549608	0.194278
129	A	86	6778	6674	0.012886	0	0	6760	0	0	0	nan	0	0	0	0	0	0	nan	0	0	0	0.012886	0.001390	0.012886	0.001390	0.663953	0.071620
130	A	156	6778	6633	0.023519	0	0	6760	0	0	0	nan	0	0	0	0	0	0	nan	0	0	0	0.023519	0.001883	0.023519	0.001883	1.211820	0.097022
131	C	44	6778	6616	0.006651	0	0	6760	0	0	0	nan	0	0	0	0	0	0	nan	0	0	0	0.006651	0.001003	0.006651	0.001003	0.553075	0.083406
132	C	4	6779	6606	0.000606	0	0	6761	0	0	0	nan	0	0	0	0	0	0	nan	0	0	0	0.000606	0.000303	0.000606	0.000303	0.050393	0.025196
133	A	57	6779	6607	0.008627	0	0	6762	0	0	0	nan	0	0	0	0	0	0	nan	0	0	0	0.008627	0.001143	0.008627	0.001143	0.444507	0.058893
134	C	4	6779	6613	0.000605	0	0	6762	0	0	0	nan	0	0	0	0	0	0	nan	0	0	0	0.000605	0.000302	0.000605	0.000302	0.050310	0.025113
135	G	8	6779	6565	0.001219	0	0	6762	0	0	0	nan	0	0	0	0	0	0	nan	0	0	0	0.001219	0.000431	0.001219	0.000431	nan	nan
136	C	4	6779	6589	0.000607	0	0	6762	0	0	0	nan	0	0	0	0	0	0	nan	0	0	0	0.000607	0.000304	0.000607	0.000304	0.050476	0.025280
137	A	16	6779	6610	0.002421	0	0	6763	0	0	0	nan	0	0	0	0	0	0	nan	0	0	0	0.002421	0.000605	0.002421	0.000605	0.124742	0.031173
138	G	0	6779	6586	0.000000	0	0	6764	0	0	0	nan	0	0	0	0	0	0	nan	0	0	0	0.000000	0.000000	0.000000	0.000000	nan	nan
139	C	42	6779	6588	0.006375	0	0	6764	0	0	0	nan	0	0	0	0	0	0	nan	0	0	0	0.006375	0.000984	0.006375	0.000984	0.530123	0.081826
140	C	30	6779	6569	0.004567	0	0	6764	0	0	0	nan	0	0	0	0	0	0	nan	0	0	0	0.004567	0.000834	0.004567	0.000834	0.379776	0.069353
141	A	65	6779	6548	0.009927	0	0	6764	0	0	0	nan	0	0	0	0	0	0	nan	0	0	0	0.009927	0.001231	0.009927	0.001231	0.511490	0.063427
142	A	35	6779	6554	0.005340	0	0	6765	0	0	0	nan	0	0	0	0	0	0	nan	0	0	0	0.005340	0.000903	0.005340	0.000903	0.275144	0.046527
143	G	3	6779	6513	0.000461	0	0	6765	0	0	0	nan	0	0	0	0	0	0	nan	0	0	0	0.000461	0.000266	0.000461	0.000266	nan	nan
144	U	7	6779	6539	0.001071	0	0	6765	0	0	0	nan	0	0	0	0	0	0	nan	0	0	0	0.001071	0.000405	0.001071	0.000405	0.494232	0.186894
145	C	12	6779	6541	0.001835	0	0	6765	0	0	0	nan	0	0	0	0	0	0	nan	0	0	0	0.001835	0.000530	0.001835	0.000530	0.152592	0.044073
146	C	16	6779	6419	0.002493	0	0	6765	0	0	0	nan	0	0	0	0	0	0	nan	0	0	0	0.002493	0.000623	0.002493	0.000623	0.207309	0.051807
147	U	6	6779	6424	0.000934	0	0	6765	0	0	0	nan	0	0	0	0	0	0	nan	0	0	0	0.000934	0.000381	0.000934	0.000381	0.431011	0.175819
148	A	37	6779	6407	0.005775	0	0	6765	0	0	0	nan	0	0	0	0	0	0	nan	0	0	0	0.005775	0.000949	0.005775	0.000949	0.297558	0.048897
149	A	45	6779	6489	0.006935	0	0	6765	0	0	0	nan	0	0	0	0	0	0	nan	0	0	0	0.006935	0.001034	0.006935	0.001034	0.357327	0.053277
150	G	1	6779	6421	0.000156	0	0	6765	0	0	0	nan	0	0	0	0	0	0	nan	0	0	0	0.000156	0.000156	0.000156	0.000156	nan	nan
151	U	14	6779	6478	0.002161	0	0	6766	0	0	0	nan	0	0	0	0	0	0	nan	0	0	0	0.002161	0.000578	0.002161	0.000578	0.997231	0.266728
152	C	20	6779	6554	0.003052	0	0	6766	0	0	0	nan	0	0	0	0	0	0	nan	0	0	0	0.003052	0.000682	0.003052	0.000682	0.253794	0.056713
153	A	33	6780	6584	0.005012	0	0	6767	0	0	0	nan	0	0	0	0	0	0	nan	0	0	0	0.005012	0.000873	0.005012	0.000873	0.258244	0.044981
154	A	23	6780	6576	0.003498	0	0	6767	0	0	0	nan	0	0	0	0	0	0	nan	0	0	0	0.003498	0.000729	0.003498	0.000729	0.180235	0.037562
155	C	19	6780	6550	0.002901	0	0	6767	0	0	0	nan	0	0	0	0	0	0	nan	0	0	0	0.002901	0.000665	0.002901	0.000665	0.241237	0.055299
156	A	11	6780	6570	0.001674	0	0	6768	0	0	0	nan	0	0	0	0	0	0	nan	0	0	0	0.001674	0.000505	0.001674	0.000505	0.086253	0.026020
157	G	4	6781	6508	0.000615	0	0	6769	0	0	0	nan	0	0	0	0	0	0	nan	0	0	0	0.000615	0.000307	0.000615	0.000307	nan	nan
158	A	85	6781	6419	0.013242	0	0	6769	0	0	0	nan	0	0	0	0	0	0	nan	0	0	0	0.013242	0.001436	0.013242	0.001436	0.682296	0.073990
159	U	9	6781	6405	0.001405	0	0	6769	0	0	0	nan	0	0	0	0	0	0	nan	0	0	0	0.001405	0.000468	0.001405	0.000468	0.648362	0.215967
160	C	74	6781	6406	0.011552	0	0	6770	0	0	0	nan	0	0	0	0	0	0	nan	0	0	0	0.011552	0.001343	0.011552	0.001343	0.960625	0.111679
161	U	7	6781	6431	0.001088	0	0	6770	0	0	0	nan	0	0	0	0	0	0	nan	0	0	0	0.001088	0.000411	0.001088	0.000411	0.502077	0.189663
162	U	14	6783	6443	0.002173	0	0	6772	0	0	0	nan	0	0	0	0	0	0	nan	0	0	0	0.002173	0.000581	0.002173	0.000581	1.002769	0.268113
163	C	7	6783	6468	0.001082	0	0	6773	0	0	0	nan	0	0	0	0	0	0	nan	0	0	0	0.001082	0.000409	0.001082	0.000409	0.089975	0.034011
164	U	6	6783	6456	0.000929	0	0	6773	0	0	0	nan	0	0	0	0	0	0	nan	0	0	0	0.000929	0.000379	0.000929	0.000379	0.428703	0.174896
165	G	2	6783	6248	0.000320	0	0	6773	0	0	0	nan	0	0	0	0	0	0	nan	0	0	0	0.000320	0.000226	0.000320	0.000226	nan	nan
166	U	11	6783	6285	0.001750	0	0	6773	0	0	0	nan	0	0	0	0	0	0	nan	0	0	0	0.001750	0.000528	0.001750	0.000528	0.807568	0.243655
167	U	10	6783	6412	0.001560	0	0	6775	0	0	0	nan	0	0	0	0	0	0	nan	0	0	0	0.001560	0.000493	0.001560	0.000493	0.719889	0.227503
168	G	0	6783	6585	0.000000	0	0	6776	0	0	0	nan	0	0	0	0	0	0	nan	0	0	0	0.000000	0.000000	0.000000	0.000000	nan	nan
169	A	5	6783	6598	0.000758	0	0	6776	0	0	0	nan	0	0	0	0	0	0	nan	0	0	0	0.000758	0.000339	0.000758	0.000339	0.039056	0.017467
170	U	2	6783	6556	0.000305	0	0	6777	0	0	0	nan	0	0	0	0	0	0	nan	0	0	0	0.000305	0.000216	0.000305	0.000216	0.140748	0.099677
171	A	74	6783	6442	0.011487	0	0	6778	0	0	0	nan	0	0	0	0	0	0	nan	0	0	0	0.011487	0.001335	0.011487	0.001335	0.591869	0.068786
172	U	11	6783	6492	0.001694	0	0	6778	0	0	0	nan	0	0	0	0	0	0	nan	0	0	0	0.001694	0.000511	0.001694	0.000511	0.781726	0.235810
173	G	0	6783	6529	0.000000	0	0	6779	0	0	0	nan	0	0	0	0	0	0	nan	0	0	0	0.000000	0.000000	0.000000	0.000000	nan	nan
174	G	3	6783	6621	0.000453	0	0	6780	0	0	0	nan	0	0	0	0	0	0	nan	0	0	0	0.000453	0.000262	0.000453	0.000262	nan	nan
175	A	13	6783	6295	0.002065	0	0	6780	0	0	0	nan	0	0	0	0	0	0	nan	0	0	0	0.002065	0.000573	0.002065	0.000573	0.106399	0.029524
176	U	11	6783	6290	0.001749	0	0	6780	0	0	0	nan	0	0	0	0	0	0	nan	0	0	0	0.001749	0.000527	0.001749	0.000527	0.807107	0.243193
177	G	5	6783	6271	0.000797	0	0	6780	0	0	0	nan	0	0	0	0	0	0	nan	0	0	0	0.000797	0.000357	0.000797	0.000357	nan	nan
178	C	76	6783	6555	0.011594	0	0	6780	0	0	0	nan	0	0	0	0	0	0	nan	0	0	0	0.011594	0.001330	0.011594	0.001330	0.964118	0.110598
179	A	37	6783	6552	0.005647	0	0	6780	0	0	0	nan	0	0	0	0	0	0	nan	0	0	0	0.005647	0.000928	0.005647	0.000928	0.290962	0.047815
180	G	6	6783	6359	0.000944	0	0	6780	0	0	0	nan	0	0	0	0	0	0	nan	0	0	0	0.000944	0.000385	0.000944	0.000385	nan	nan
181	U	6	6783	6248	0.000960	0	0	6780	0	0	0	nan	0	0	0	0	0	0	nan	0	0	0	0.000960	0.000392	0.000960	0.000392	0.443009	0.180895
182	U	8	6783	6178	0.001295	0	0	6780	0	0	0	nan	0	0	0	0	0	0	nan	0	0	0	0.001295	0.000458	0.001295	0.000458	0.597600	0.211352
183	C	20	6783	6373	0.003138	0	0	6780	0	0	0	nan	0	0	0	0	0	0	nan	0	0	0	0.003138	0.000702	0.003138	0.000702	0.260945	0.058376
184	A	39	6783	6530	0.005972	0	0	6780	0	0	0	nan	0	0	0	0	0	0	nan	0	0	0	0.005972	0.000956	0.005972	0.000956	0.307708	0.049258
185	A	52	6783	6548	0.007941	0	0	6780	0	0	0	nan	0	0	0	0	0	0	nan	0	0	0	0.007941	0.001101	0.007941	0.001101	0.409161	0.056729
186	C	12	6783	6502	0.001846	0	0	6780	0	0	0	nan	0	0	0	0	0	0	nan	0	0	0	0.001846	0.000533	0.001846	0.000533	0.153507	0.044322
187	C	13	6783	6498	0.002001	0	0	6780	0	0	0	nan	0	0	0	0	0	0	nan	0	0	0	0.002001	0.000555	0.002001	0.000555	0.166396	0.046152
188	A	14	6783	6515	0.002149	0	0	6781	0	0	0	nan	0	0	0	0	0	0	nan	0	0	0	0.002149	0.000574	0.002149	0.000574	0.110728	0.029575
189	A	29	6783	6504	0.004459	0	0	6781	0	0	0	nan	0	0	0	0	0	0	nan	0	0	0	0.004459	0.000828	0.004459	0.000828	0.229751	0.042663
190	A	0	6783	6250	0.000000	0	0	6783	0	0	0	nan	0	0	0	0	0	0	nan	0	0	0	0.000000	0.000000	0.000000	0.000000	0.000000	0.000000
191	U	0	6783	0	nan	0	0	6783	0	0	0	nan	0	0	0	0	0	0	nan	0	0	0	nan	nan	nan	nan	nan	nan
192	C	0	6783	0	nan	0	0	6783	0	0	0	nan	0	0	0	0	0	0	nan	0	0	0	nan	nan	nan	nan	nan	nan
193	A	0	6783	0	nan	0	0	6783	0	0	0	nan	0	0	0	0	0	0	nan	0	0	0	nan	nan	nan	nan	nan	nan
194	c	0	6783	0	nan	0	0	6783	0	0	0	nan	0	0	0	0	0	0	nan	0	0	0	nan	nan	nan	nan	nan	nan
195	c	0	6783	0	nan	0	0	6783	0	0	0	nan	0	0	0	0	0	0	nan	0	0	0	nan	nan	nan	nan	nan	nan
196	a	0	6783	0	nan	0	0	6783	0	0	0	nan	0	0	0	0	0	0	nan	0	0	0	nan	nan	nan	nan	nan	nan
197	a	0	6783	0	nan	0	0	6783	0	0	0	nan	0	0	0	0	0	0	nan	0	0	0	nan	nan	nan	nan	nan	nan
198	a	0	6783	0	nan	0	0	6783	0	0	0	nan	0	0	0	0	0	0	nan	0	0	0	nan	nan	nan	nan	nan	nan
199	c	0	6783	0	nan	0	0	6783	0	0	0	nan	0	0	0	0	0	0	nan	0	0	0	nan	nan	nan	nan	nan	nan
200	c	0	6783	0	nan	0	0	6783	0	0	0	nan	0	0	0	0	0	0	nan	0	0	0	nan	nan	nan	nan	nan	nan
201	a	0	6783	0	nan	0	0	6783	0	0	0	nan	0	0	0	0	0	0	nan	0	0	0	nan	nan	nan	nan	nan	nan
202	a	0	6783	0	nan	0	0	6783	0	0	0	nan	0	0	0	0	0	0	nan	0	0	0	nan	nan	nan	nan	nan	nan
203	a	0	6783	0	nan	0	0	6783	0	0	0	nan	0	0	0	0	0	0	nan	0	0	0	nan	nan	nan	nan	nan	nan
204	g	0	6783	0	nan	0	0	6783	0	0	0	nan	0	0	0	0	0	0	nan	0	0	0	nan	nan	nan	nan	nan	nan
205	a	0	6783	0	nan	0	0	6783	0	0	0	nan	0	0	0	0	0	0	nan	0	0	0	nan	nan	nan	nan	nan	nan
206	a	0	6783	0	nan	0	0	6783	0	0	0	nan	0	0	0	0	0	0	nan	0	0	0	nan	nan	nan	nan	nan	nan
207	a	0	6783	0	nan	0	0	6783	0	0	0	nan	0	0	0	0	0	0	nan	0	0	0	nan	nan	nan	nan	nan	nan
208	c	0	6783	0	nan	0	0	6783	0	0	0	nan	0	0	0	0	0	0	nan	0	0	0	nan	nan	nan	nan	nan	nan
209	a	0	6782	0	nan	0	0	6782	0	0	0	nan	0	0	0	0	0	0	nan	0	0	0	nan	nan	nan	nan	nan	nan
210	a	0	6782	0	nan	0	0	6782	0	0	0	nan	0	0	0	0	0	0	nan	0	0	0	nan	nan	nan	nan	nan	nan
211	c	0	6779	0	nan	0	0	6779	0	0	0	nan	0	0	0	0	0	0	nan	0	0	0	nan	nan	nan	nan	nan	nan
212	c	0	6776	0	nan	0	0	6776	0	0	0	nan	0	0	0	0	0	0	nan	0	0	0	nan	nan	nan	nan	nan	nan