Nucleotide	Sequence	Modified_mutations	Modified_read_depth	Modified_effective_depth	Modified_rate	Modified_off_target_mapped_depth	Modified_low_mapq_mapped_depth	Modified_primer_pair_1_mapped_depth	Untreated_mutations	Untreated_read_depth	Untreated_effective_depth	Untreated_rate	Untreated_off_target_mapped_depth	Untreated_low_mapq_mapped_depth	Untreated_primer_pair_1_mapped_depth	Denatured_mutations	Denatured_read_depth	Denatured_effective_depth	Denatured_rate	Denatured_off_target_mapped_depth	Denatured_low_mapq_mapped_depth	Denatured_primer_pair_1_mapped_depth	Reactivity_profile	Std_err	HQ_profile	HQ_stderr	Norm_profile	Norm_stderr
1	g	0	38664	0	nan	0	165	38664	0	0	0	nan	0	0	0	0	0	0	nan	0	0	0	nan	nan	nan	nan	nan	nan
2	g	0	38735	0	nan	0	165	38735	0	0	0	nan	0	0	0	0	0	0	nan	0	0	0	nan	nan	nan	nan	nan	nan
3	u	0	38746	0	nan	0	165	38746	0	0	0	nan	0	0	0	0	0	0	nan	0	0	0	nan	nan	nan	nan	nan	nan
4	g	0	38764	0	nan	0	165	38764	0	0	0	nan	0	0	0	0	0	0	nan	0	0	0	nan	nan	nan	nan	nan	nan
5	u	0	38843	0	nan	0	165	38843	0	0	0	nan	0	0	0	0	0	0	nan	0	0	0	nan	nan	nan	nan	nan	nan
6	a	0	38849	0	nan	0	165	38849	0	0	0	nan	0	0	0	0	0	0	nan	0	0	0	nan	nan	nan	nan	nan	nan
7	a	0	38849	0	nan	0	165	38849	0	0	0	nan	0	0	0	0	0	0	nan	0	0	0	nan	nan	nan	nan	nan	nan
8	g	0	38851	0	nan	0	165	38851	0	0	0	nan	0	0	0	0	0	0	nan	0	0	0	nan	nan	nan	nan	nan	nan
9	g	0	38851	0	nan	0	165	38851	0	0	0	nan	0	0	0	0	0	0	nan	0	0	0	nan	nan	nan	nan	nan	nan
10	g	0	38851	0	nan	0	165	38851	0	0	0	nan	0	0	0	0	0	0	nan	0	0	0	nan	nan	nan	nan	nan	nan
11	u	0	38851	0	nan	0	165	38851	0	0	0	nan	0	0	0	0	0	0	nan	0	0	0	nan	nan	nan	nan	nan	nan
12	g	0	38851	0	nan	0	165	38851	0	0	0	nan	0	0	0	0	0	0	nan	0	0	0	nan	nan	nan	nan	nan	nan
13	a	0	38851	0	nan	0	165	38851	0	0	0	nan	0	0	0	0	0	0	nan	0	0	0	nan	nan	nan	nan	nan	nan
14	a	0	38851	0	nan	0	165	38851	0	0	0	nan	0	0	0	0	0	0	nan	0	0	0	nan	nan	nan	nan	nan	nan
15	g	0	38852	0	nan	0	165	38852	0	0	0	nan	0	0	0	0	0	0	nan	0	0	0	nan	nan	nan	nan	nan	nan
16	u	0	38852	0	nan	0	165	38852	0	0	0	nan	0	0	0	0	0	0	nan	0	0	0	nan	nan	nan	nan	nan	nan
17	g	0	38852	0	nan	0	165	38852	0	0	0	nan	0	0	0	0	0	0	nan	0	0	0	nan	nan	nan	nan	nan	nan
18	u	0	38852	0	nan	0	165	38852	0	0	0	nan	0	0	0	0	0	0	nan	0	0	0	nan	nan	nan	nan	nan	nan
19	a	0	38852	0	nan	0	165	38852	0	0	0	nan	0	0	0	0	0	0	nan	0	0	0	nan	nan	nan	nan	nan	nan
20	A	0	38854	1	0.000000	0	165	38854	0	0	0	nan	0	0	0	0	0	0	nan	0	0	0	0.000000	0.000000	nan	nan	nan	nan
21	G	0	38854	1	0.000000	0	165	38854	0	0	0	nan	0	0	0	0	0	0	nan	0	0	0	0.000000	0.000000	nan	nan	nan	nan
22	G	0	38854	1	0.000000	0	165	38854	0	0	0	nan	0	0	0	0	0	0	nan	0	0	0	0.000000	0.000000	nan	nan	nan	nan
23	U	0	38854	38700	0.000000	0	165	38854	0	0	0	nan	0	0	0	0	0	0	nan	0	0	0	0.000000	0.000000	0.000000	0.000000	0.000000	0.000000
24	U	65	38854	38691	0.001680	0	165	38854	0	0	0	nan	0	0	0	0	0	0	nan	0	0	0	0.001680	0.000208	0.001680	0.000208	0.834161	0.103277
25	G	32	38854	38752	0.000826	0	165	38854	0	0	0	nan	0	0	0	0	0	0	nan	0	0	0	0.000826	0.000146	0.000826	0.000146	nan	nan
26	A	15	38854	38747	0.000387	0	165	38854	0	0	0	nan	0	0	0	0	0	0	nan	0	0	0	0.000387	0.000100	0.000387	0.000100	nan	nan
27	A	23	38854	38751	0.000594	0	165	38854	0	0	0	nan	0	0	0	0	0	0	nan	0	0	0	0.000594	0.000124	0.000594	0.000124	nan	nan
28	C	23	38854	38728	0.000594	0	165	38854	0	0	0	nan	0	0	0	0	0	0	nan	0	0	0	0.000594	0.000124	0.000594	0.000124	nan	nan
29	U	49	38854	38724	0.001265	0	165	38854	0	0	0	nan	0	0	0	0	0	0	nan	0	0	0	0.001265	0.000181	0.001265	0.000181	0.628103	0.089871
30	U	78	38854	38723	0.002014	0	165	38854	0	0	0	nan	0	0	0	0	0	0	nan	0	0	0	0.002014	0.000228	0.002014	0.000228	1.000000	0.113208
31	U	79	38854	38730	0.002040	0	165	38854	0	0	0	nan	0	0	0	0	0	0	nan	0	0	0	0.002040	0.000229	0.002040	0.000229	1.012910	0.113704
32	U	40	38855	38760	0.001032	0	165	38855	0	0	0	nan	0	0	0	0	0	0	nan	0	0	0	0.001032	0.000163	0.001032	0.000163	0.512413	0.080933
33	G	30	38855	38741	0.000774	0	165	38855	0	0	0	nan	0	0	0	0	0	0	nan	0	0	0	0.000774	0.000141	0.000774	0.000141	nan	nan
34	A	11	38855	38715	0.000284	0	165	38855	0	0	0	nan	0	0	0	0	0	0	nan	0	0	0	0.000284	0.000086	0.000284	0.000086	nan	nan
35	A	23	38855	38663	0.000595	0	165	38855	0	0	0	nan	0	0	0	0	0	0	nan	0	0	0	0.000595	0.000124	0.000595	0.000124	nan	nan
36	U	26	38855	38668	0.000672	0	165	38855	0	0	0	nan	0	0	0	0	0	0	nan	0	0	0	0.000672	0.000132	0.000672	0.000132	0.333664	0.065541
37	A	32	38855	38741	0.000826	0	165	38855	0	0	0	nan	0	0	0	0	0	0	nan	0	0	0	0.000826	0.000146	0.000826	0.000146	nan	nan
38	G	27	38855	38666	0.000698	0	165	38855	0	0	0	nan	0	0	0	0	0	0	nan	0	0	0	0.000698	0.000134	0.000698	0.000134	nan	nan
39	U	56	38855	38731	0.001446	0	165	38855	0	0	0	nan	0	0	0	0	0	0	nan	0	0	0	0.001446	0.000193	0.001446	0.000193	0.717974	0.095829
40	G	42	38855	38631	0.001087	0	165	38855	0	0	0	nan	0	0	0	0	0	0	nan	0	0	0	0.001087	0.000168	0.001087	0.000168	nan	nan
41	A	56	38855	38664	0.001448	0	165	38855	0	0	0	nan	0	0	0	0	0	0	nan	0	0	0	0.001448	0.000194	0.001448	0.000194	nan	nan
42	U	76	38855	38572	0.001970	0	165	38855	0	0	0	nan	0	0	0	0	0	0	nan	0	0	0	0.001970	0.000226	0.001970	0.000226	0.978153	0.112214
43	U	51	38855	38636	0.001320	0	165	38855	0	0	0	nan	0	0	0	0	0	0	nan	0	0	0	0.001320	0.000185	0.001320	0.000185	0.655412	0.091857
44	C	75	38855	38681	0.001939	0	165	38855	0	0	0	nan	0	0	0	0	0	0	nan	0	0	0	0.001939	0.000224	0.001939	0.000224	nan	nan
45	A	30	38855	38773	0.000774	0	165	38855	0	0	0	nan	0	0	0	0	0	0	nan	0	0	0	0.000774	0.000141	0.000774	0.000141	nan	nan
46	G	28	38855	38713	0.000723	0	165	38855	0	0	0	nan	0	0	0	0	0	0	nan	0	0	0	0.000723	0.000137	0.000723	0.000137	nan	nan
47	G	19	38855	38689	0.000491	0	165	38855	0	0	0	nan	0	0	0	0	0	0	nan	0	0	0	0.000491	0.000113	0.000491	0.000113	nan	nan
48	A	32	38855	38711	0.000827	0	165	38855	0	0	0	nan	0	0	0	0	0	0	nan	0	0	0	0.000827	0.000146	0.000827	0.000146	nan	nan
49	G	23	38855	38673	0.000595	0	165	38855	0	0	0	nan	0	0	0	0	0	0	nan	0	0	0	0.000595	0.000124	0.000595	0.000124	nan	nan
50	G	15	38855	38544	0.000389	0	165	38855	0	0	0	nan	0	0	0	0	0	0	nan	0	0	0	0.000389	0.000100	0.000389	0.000100	nan	nan
51	U	71	38855	38480	0.001845	0	165	38855	0	0	0	nan	0	0	0	0	0	0	nan	0	0	0	0.001845	0.000219	0.001845	0.000219	0.916087	0.108739
52	U	42	38855	38460	0.001092	0	165	38855	0	0	0	nan	0	0	0	0	0	0	nan	0	0	0	0.001092	0.000169	0.001092	0.000169	0.542205	0.083913
53	A	19	38855	38498	0.000494	0	165	38855	0	0	0	nan	0	0	0	0	0	0	nan	0	0	0	0.000494	0.000113	0.000494	0.000113	nan	nan
54	A	33	38855	38553	0.000856	0	165	38855	0	0	0	nan	0	0	0	0	0	0	nan	0	0	0	0.000856	0.000149	0.000856	0.000149	nan	nan
55	U	57	38855	38581	0.001477	0	165	38855	0	0	0	nan	0	0	0	0	0	0	nan	0	0	0	0.001477	0.000196	0.001477	0.000196	0.733366	0.097319
56	G	19	38855	38718	0.000491	0	165	38855	0	0	0	nan	0	0	0	0	0	0	nan	0	0	0	0.000491	0.000113	0.000491	0.000113	nan	nan
57	G	0	38855	38757	0.000000	0	165	38855	0	0	0	nan	0	0	0	0	0	0	nan	0	0	0	0.000000	0.000000	0.000000	0.000000	nan	nan
58	A	0	38855	0	nan	0	165	38855	0	0	0	nan	0	0	0	0	0	0	nan	0	0	0	nan	nan	nan	nan	nan	nan
59	A	0	38855	0	nan	0	165	38855	0	0	0	nan	0	0	0	0	0	0	nan	0	0	0	nan	nan	nan	nan	nan	nan
60	G	0	38855	0	nan	0	165	38855	0	0	0	nan	0	0	0	0	0	0	nan	0	0	0	nan	nan	nan	nan	nan	nan
61	u	0	38855	0	nan	0	165	38855	0	0	0	nan	0	0	0	0	0	0	nan	0	0	0	nan	nan	nan	nan	nan	nan
62	a	0	38855	0	nan	0	165	38855	0	0	0	nan	0	0	0	0	0	0	nan	0	0	0	nan	nan	nan	nan	nan	nan
63	a	0	38855	0	nan	0	165	38855	0	0	0	nan	0	0	0	0	0	0	nan	0	0	0	nan	nan	nan	nan	nan	nan
64	a	0	38855	0	nan	0	165	38855	0	0	0	nan	0	0	0	0	0	0	nan	0	0	0	nan	nan	nan	nan	nan	nan
65	g	0	38855	0	nan	0	165	38855	0	0	0	nan	0	0	0	0	0	0	nan	0	0	0	nan	nan	nan	nan	nan	nan
66	g	0	38855	0	nan	0	165	38855	0	0	0	nan	0	0	0	0	0	0	nan	0	0	0	nan	nan	nan	nan	nan	nan
67	u	0	38855	0	nan	0	165	38855	0	0	0	nan	0	0	0	0	0	0	nan	0	0	0	nan	nan	nan	nan	nan	nan
68	a	0	38855	0	nan	0	165	38855	0	0	0	nan	0	0	0	0	0	0	nan	0	0	0	nan	nan	nan	nan	nan	nan
69	a	0	38855	0	nan	0	165	38855	0	0	0	nan	0	0	0	0	0	0	nan	0	0	0	nan	nan	nan	nan	nan	nan
70	u	0	38855	0	nan	0	165	38855	0	0	0	nan	0	0	0	0	0	0	nan	0	0	0	nan	nan	nan	nan	nan	nan
71	g	0	38855	0	nan	0	165	38855	0	0	0	nan	0	0	0	0	0	0	nan	0	0	0	nan	nan	nan	nan	nan	nan
72	a	0	38855	0	nan	0	165	38855	0	0	0	nan	0	0	0	0	0	0	nan	0	0	0	nan	nan	nan	nan	nan	nan
73	a	0	38854	0	nan	0	165	38854	0	0	0	nan	0	0	0	0	0	0	nan	0	0	0	nan	nan	nan	nan	nan	nan
74	g	0	38854	0	nan	0	165	38854	0	0	0	nan	0	0	0	0	0	0	nan	0	0	0	nan	nan	nan	nan	nan	nan
75	g	0	38849	0	nan	0	164	38849	0	0	0	nan	0	0	0	0	0	0	nan	0	0	0	nan	nan	nan	nan	nan	nan
76	u	0	38848	0	nan	0	164	38848	0	0	0	nan	0	0	0	0	0	0	nan	0	0	0	nan	nan	nan	nan	nan	nan
77	g	0	38846	0	nan	0	164	38846	0	0	0	nan	0	0	0	0	0	0	nan	0	0	0	nan	nan	nan	nan	nan	nan
78	a	0	38843	0	nan	0	164	38843	0	0	0	nan	0	0	0	0	0	0	nan	0	0	0	nan	nan	nan	nan	nan	nan
79	a	0	38807	0	nan	0	163	38807	0	0	0	nan	0	0	0	0	0	0	nan	0	0	0	nan	nan	nan	nan	nan	nan
80	g	0	38774	0	nan	0	157	38774	0	0	0	nan	0	0	0	0	0	0	nan	0	0	0	nan	nan	nan	nan	nan	nan