Nucleotide	Sequence	Modified_mutations	Modified_read_depth	Modified_effective_depth	Modified_rate	Modified_off_target_mapped_depth	Modified_low_mapq_mapped_depth	Modified_primer_pair_1_mapped_depth	Untreated_mutations	Untreated_read_depth	Untreated_effective_depth	Untreated_rate	Untreated_off_target_mapped_depth	Untreated_low_mapq_mapped_depth	Untreated_primer_pair_1_mapped_depth	Denatured_mutations	Denatured_read_depth	Denatured_effective_depth	Denatured_rate	Denatured_off_target_mapped_depth	Denatured_low_mapq_mapped_depth	Denatured_primer_pair_1_mapped_depth	Reactivity_profile	Std_err	HQ_profile	HQ_stderr	Norm_profile	Norm_stderr
1	g	0	1045870	0	nan	9	14	1045870	0	0	0	nan	0	0	0	0	0	0	nan	0	0	0	nan	nan	nan	nan	nan	nan
2	g	0	1046462	0	nan	9	14	1046462	0	0	0	nan	0	0	0	0	0	0	nan	0	0	0	nan	nan	nan	nan	nan	nan
3	u	0	1046731	0	nan	9	14	1046731	0	0	0	nan	0	0	0	0	0	0	nan	0	0	0	nan	nan	nan	nan	nan	nan
4	g	0	1046820	0	nan	9	14	1046820	0	0	0	nan	0	0	0	0	0	0	nan	0	0	0	nan	nan	nan	nan	nan	nan
5	u	0	1046897	0	nan	9	14	1046897	0	0	0	nan	0	0	0	0	0	0	nan	0	0	0	nan	nan	nan	nan	nan	nan
6	a	0	1046901	0	nan	9	14	1046901	0	0	0	nan	0	0	0	0	0	0	nan	0	0	0	nan	nan	nan	nan	nan	nan
7	a	0	1046906	0	nan	9	14	1046906	0	0	0	nan	0	0	0	0	0	0	nan	0	0	0	nan	nan	nan	nan	nan	nan
8	g	0	1046917	0	nan	9	14	1046917	0	0	0	nan	0	0	0	0	0	0	nan	0	0	0	nan	nan	nan	nan	nan	nan
9	g	0	1047054	0	nan	9	14	1047054	0	0	0	nan	0	0	0	0	0	0	nan	0	0	0	nan	nan	nan	nan	nan	nan
10	g	0	1062802	0	nan	9	14	1062802	0	0	0	nan	0	0	0	0	0	0	nan	0	0	0	nan	nan	nan	nan	nan	nan
11	u	0	1063032	0	nan	9	14	1063032	0	0	0	nan	0	0	0	0	0	0	nan	0	0	0	nan	nan	nan	nan	nan	nan
12	g	0	1063156	0	nan	9	14	1063156	0	0	0	nan	0	0	0	0	0	0	nan	0	0	0	nan	nan	nan	nan	nan	nan
13	a	0	1063162	0	nan	16	14	1063162	0	0	0	nan	0	0	0	0	0	0	nan	0	0	0	nan	nan	nan	nan	nan	nan
14	a	0	1063166	0	nan	16	14	1063166	0	0	0	nan	0	0	0	0	0	0	nan	0	0	0	nan	nan	nan	nan	nan	nan
15	g	0	1063167	0	nan	152	14	1063167	0	0	0	nan	0	0	0	0	0	0	nan	0	0	0	nan	nan	nan	nan	nan	nan
16	u	0	1063171	0	nan	167	14	1063171	0	0	0	nan	0	0	0	0	0	0	nan	0	0	0	nan	nan	nan	nan	nan	nan
17	g	0	1063175	0	nan	167	14	1063175	0	0	0	nan	0	0	0	0	0	0	nan	0	0	0	nan	nan	nan	nan	nan	nan
18	u	0	1063176	0	nan	169	14	1063176	0	0	0	nan	0	0	0	0	0	0	nan	0	0	0	nan	nan	nan	nan	nan	nan
19	a	0	1063202	0	nan	169	14	1063202	0	0	0	nan	0	0	0	0	0	0	nan	0	0	0	nan	nan	nan	nan	nan	nan
20	A	0	1063231	17	0.000000	175	14	1063231	0	0	0	nan	0	0	0	0	0	0	nan	0	0	0	0.000000	0.000000	nan	nan	nan	nan
21	G	0	1063253	33	0.000000	196	14	1063253	0	0	0	nan	0	0	0	0	0	0	nan	0	0	0	0.000000	0.000000	nan	nan	nan	nan
22	G	0	1063265	36	0.000000	196	14	1063265	0	0	0	nan	0	0	0	0	0	0	nan	0	0	0	0.000000	0.000000	nan	nan	nan	nan
23	U	0	1063270	1060314	0.000000	219	14	1063270	0	0	0	nan	0	0	0	0	0	0	nan	0	0	0	0.000000	0.000000	0.000000	0.000000	nan	nan
24	U	1390	1063273	1060158	0.001311	219	14	1063273	0	0	0	nan	0	0	0	0	0	0	nan	0	0	0	0.001311	0.000035	0.001311	0.000035	nan	nan
25	G	723	1063279	1058431	0.000683	219	14	1063279	0	0	0	nan	0	0	0	0	0	0	nan	0	0	0	0.000683	0.000025	0.000683	0.000025	nan	nan
26	A	15971	1063281	1059537	0.015074	219	14	1063274	0	0	0	nan	0	0	0	0	0	0	nan	0	0	0	0.015074	0.000119	0.015074	0.000119	0.930465	0.007345
27	A	17257	1063282	1058559	0.016302	219	14	1063275	0	0	0	nan	0	0	0	0	0	0	nan	0	0	0	0.016302	0.000124	0.016302	0.000124	1.006265	0.007654
28	C	21829	1063282	1054666	0.020698	219	14	1063275	0	0	0	nan	0	0	0	0	0	0	nan	0	0	0	0.020698	0.000140	0.020698	0.000140	1.003017	0.006784
29	U	1285	1063284	1057128	0.001216	219	14	1063274	0	0	0	nan	0	0	0	0	0	0	nan	0	0	0	0.001216	0.000034	0.001216	0.000034	nan	nan
30	U	1459	1063288	1058011	0.001379	219	14	1063277	0	0	0	nan	0	0	0	0	0	0	nan	0	0	0	0.001379	0.000036	0.001379	0.000036	nan	nan
31	U	1884	1063300	1058752	0.001779	219	14	1063287	0	0	0	nan	0	0	0	0	0	0	nan	0	0	0	0.001779	0.000041	0.001779	0.000041	nan	nan
32	U	1149	1063328	1059740	0.001084	219	14	1063308	0	0	0	nan	0	0	0	0	0	0	nan	0	0	0	0.001084	0.000032	0.001084	0.000032	nan	nan
33	G	570	1063539	1057632	0.000539	219	14	1063514	0	0	0	nan	0	0	0	0	0	0	nan	0	0	0	0.000539	0.000023	0.000539	0.000023	nan	nan
34	A	17040	1063637	1058974	0.016091	219	14	1063611	0	0	0	nan	0	0	0	0	0	0	nan	0	0	0	0.016091	0.000123	0.016091	0.000123	0.993241	0.007592
35	A	15491	1063655	1057985	0.014642	219	14	1063628	0	0	0	nan	0	0	0	0	0	0	nan	0	0	0	0.014642	0.000118	0.014642	0.000118	0.903799	0.007284
36	U	996	1063657	1058321	0.000941	219	14	1063628	0	0	0	nan	0	0	0	0	0	0	nan	0	0	0	0.000941	0.000030	0.000941	0.000030	nan	nan
37	A	15790	1063660	1058810	0.014913	219	14	1063629	0	0	0	nan	0	0	0	0	0	0	nan	0	0	0	0.014913	0.000119	0.014913	0.000119	0.920527	0.007345
38	G	912	1063668	1054934	0.000865	221	14	1063640	0	0	0	nan	0	0	0	0	0	0	nan	0	0	0	0.000865	0.000029	0.000865	0.000029	nan	nan
39	U	1517	1063668	1059318	0.001432	221	14	1063635	0	0	0	nan	0	0	0	0	0	0	nan	0	0	0	0.001432	0.000037	0.001432	0.000037	nan	nan
40	G	1305	1063670	1056368	0.001235	221	14	1063637	0	0	0	nan	0	0	0	0	0	0	nan	0	0	0	0.001235	0.000034	0.001235	0.000034	nan	nan
41	A	19965	1063670	1057568	0.018878	221	14	1063636	0	0	0	nan	0	0	0	0	0	0	nan	0	0	0	0.018878	0.000134	0.018878	0.000134	1.165273	0.008271
42	U	2172	1063672	1056904	0.002055	220	14	1063647	0	0	0	nan	0	0	0	0	0	0	nan	0	0	0	0.002055	0.000044	0.002055	0.000044	nan	nan
43	U	1640	1063673	1057350	0.001551	220	14	1063645	0	0	0	nan	0	0	0	0	0	0	nan	0	0	0	0.001551	0.000038	0.001551	0.000038	nan	nan
44	C	21605	1063689	1056553	0.020449	220	14	1063662	0	0	0	nan	0	0	0	0	0	0	nan	0	0	0	0.020449	0.000139	0.020449	0.000139	0.990950	0.006736
45	A	17171	1063701	1057553	0.016237	221	14	1063675	0	0	0	nan	0	0	0	0	0	0	nan	0	0	0	0.016237	0.000124	0.016237	0.000124	1.002253	0.007654
46	G	804	1063733	1056028	0.000761	221	14	1063711	0	0	0	nan	0	0	0	0	0	0	nan	0	0	0	0.000761	0.000027	0.000761	0.000027	nan	nan
47	G	727	1063753	1056317	0.000688	221	14	1063731	0	0	0	nan	0	0	0	0	0	0	nan	0	0	0	0.000688	0.000026	0.000688	0.000026	nan	nan
48	A	15052	1063755	1058233	0.014224	221	14	1063726	0	0	0	nan	0	0	0	0	0	0	nan	0	0	0	0.014224	0.000116	0.014224	0.000116	0.877998	0.007160
49	G	728	1063769	1056837	0.000689	221	14	1063747	0	0	0	nan	0	0	0	0	0	0	nan	0	0	0	0.000689	0.000026	0.000689	0.000026	nan	nan
50	G	1005	1063775	1037904	0.000968	221	14	1063758	0	0	0	nan	0	0	0	0	0	0	nan	0	0	0	0.000968	0.000031	0.000968	0.000031	nan	nan
51	U	1512	1063786	1039527	0.001455	221	14	1063772	0	0	0	nan	0	0	0	0	0	0	nan	0	0	0	0.001455	0.000037	0.001455	0.000037	nan	nan
52	U	1222	1063790	1038547	0.001177	221	14	1063777	0	0	0	nan	0	0	0	0	0	0	nan	0	0	0	0.001177	0.000034	0.001177	0.000034	nan	nan
53	A	15208	1063782	1055842	0.014404	218	14	1063743	0	0	0	nan	0	0	0	0	0	0	nan	0	0	0	0.014404	0.000117	0.014404	0.000117	0.889108	0.007222
54	A	13423	1062872	1053319	0.012744	116	14	1061859	0	0	0	nan	0	0	0	0	0	0	nan	0	0	0	0.012744	0.000110	0.012744	0.000110	0.786642	0.006790
55	U	1541	1062876	1052914	0.001464	116	14	1062013	0	0	0	nan	0	0	0	0	0	0	nan	0	0	0	0.001464	0.000037	0.001464	0.000037	nan	nan
56	G	1147	1062883	1053216	0.001089	115	14	1062130	0	0	0	nan	0	0	0	0	0	0	nan	0	0	0	0.001089	0.000032	0.001089	0.000032	nan	nan
57	G	0	1062918	1052630	0.000000	115	14	1062846	0	0	0	nan	0	0	0	0	0	0	nan	0	0	0	0.000000	0.000000	0.000000	0.000000	nan	nan
58	A	0	1062924	0	nan	115	14	1062924	0	0	0	nan	0	0	0	0	0	0	nan	0	0	0	nan	nan	nan	nan	nan	nan
59	A	0	1062924	0	nan	114	14	1062924	0	0	0	nan	0	0	0	0	0	0	nan	0	0	0	nan	nan	nan	nan	nan	nan
60	G	0	1062924	0	nan	113	14	1062924	0	0	0	nan	0	0	0	0	0	0	nan	0	0	0	nan	nan	nan	nan	nan	nan
61	u	0	1062924	0	nan	113	14	1062924	0	0	0	nan	0	0	0	0	0	0	nan	0	0	0	nan	nan	nan	nan	nan	nan
62	a	0	1062924	0	nan	112	14	1062924	0	0	0	nan	0	0	0	0	0	0	nan	0	0	0	nan	nan	nan	nan	nan	nan
63	a	0	1062924	0	nan	112	14	1062924	0	0	0	nan	0	0	0	0	0	0	nan	0	0	0	nan	nan	nan	nan	nan	nan
64	a	0	1062924	0	nan	112	14	1062924	0	0	0	nan	0	0	0	0	0	0	nan	0	0	0	nan	nan	nan	nan	nan	nan
65	g	0	1062924	0	nan	109	14	1062924	0	0	0	nan	0	0	0	0	0	0	nan	0	0	0	nan	nan	nan	nan	nan	nan
66	g	0	1062924	0	nan	109	14	1062924	0	0	0	nan	0	0	0	0	0	0	nan	0	0	0	nan	nan	nan	nan	nan	nan
67	u	0	1062924	0	nan	109	14	1062924	0	0	0	nan	0	0	0	0	0	0	nan	0	0	0	nan	nan	nan	nan	nan	nan
68	a	0	1062924	0	nan	108	14	1062924	0	0	0	nan	0	0	0	0	0	0	nan	0	0	0	nan	nan	nan	nan	nan	nan
69	a	0	1062924	0	nan	108	14	1062924	0	0	0	nan	0	0	0	0	0	0	nan	0	0	0	nan	nan	nan	nan	nan	nan
70	u	0	1062924	0	nan	108	14	1062924	0	0	0	nan	0	0	0	0	0	0	nan	0	0	0	nan	nan	nan	nan	nan	nan
71	g	0	1062923	0	nan	108	14	1062923	0	0	0	nan	0	0	0	0	0	0	nan	0	0	0	nan	nan	nan	nan	nan	nan
72	a	0	1062917	0	nan	108	14	1062917	0	0	0	nan	0	0	0	0	0	0	nan	0	0	0	nan	nan	nan	nan	nan	nan
73	a	0	1062917	0	nan	108	14	1062917	0	0	0	nan	0	0	0	0	0	0	nan	0	0	0	nan	nan	nan	nan	nan	nan
74	g	0	1062916	0	nan	108	14	1062916	0	0	0	nan	0	0	0	0	0	0	nan	0	0	0	nan	nan	nan	nan	nan	nan
75	g	0	1062911	0	nan	108	14	1062911	0	0	0	nan	0	0	0	0	0	0	nan	0	0	0	nan	nan	nan	nan	nan	nan
76	u	0	1062879	0	nan	107	14	1062879	0	0	0	nan	0	0	0	0	0	0	nan	0	0	0	nan	nan	nan	nan	nan	nan
77	g	0	1062852	0	nan	107	14	1062852	0	0	0	nan	0	0	0	0	0	0	nan	0	0	0	nan	nan	nan	nan	nan	nan
78	a	0	1062832	0	nan	107	14	1062832	0	0	0	nan	0	0	0	0	0	0	nan	0	0	0	nan	nan	nan	nan	nan	nan
79	a	0	1062582	0	nan	107	14	1062582	0	0	0	nan	0	0	0	0	0	0	nan	0	0	0	nan	nan	nan	nan	nan	nan
80	g	0	1062144	0	nan	107	14	1062144	0	0	0	nan	0	0	0	0	0	0	nan	0	0	0	nan	nan	nan	nan	nan	nan