Nucleotide	Sequence	Modified_mutations	Modified_read_depth	Modified_effective_depth	Modified_rate	Modified_off_target_mapped_depth	Modified_low_mapq_mapped_depth	Modified_primer_pair_1_mapped_depth	Untreated_mutations	Untreated_read_depth	Untreated_effective_depth	Untreated_rate	Untreated_off_target_mapped_depth	Untreated_low_mapq_mapped_depth	Untreated_primer_pair_1_mapped_depth	Denatured_mutations	Denatured_read_depth	Denatured_effective_depth	Denatured_rate	Denatured_off_target_mapped_depth	Denatured_low_mapq_mapped_depth	Denatured_primer_pair_1_mapped_depth	Reactivity_profile	Std_err	HQ_profile	HQ_stderr	Norm_profile	Norm_stderr
1	g	0	125782	0	nan	18	0	125782	0	0	0	nan	0	0	0	0	0	0	nan	0	0	0	nan	nan	nan	nan	nan	nan
2	g	0	135422	0	nan	40	0	135422	0	0	0	nan	0	0	0	0	0	0	nan	0	0	0	nan	nan	nan	nan	nan	nan
3	c	0	135682	0	nan	40	0	135682	0	0	0	nan	0	0	0	0	0	0	nan	0	0	0	nan	nan	nan	nan	nan	nan
4	a	0	135742	0	nan	40	0	135742	0	0	0	nan	0	0	0	0	0	0	nan	0	0	0	nan	nan	nan	nan	nan	nan
5	c	0	135753	0	nan	40	0	135753	0	0	0	nan	0	0	0	0	0	0	nan	0	0	0	nan	nan	nan	nan	nan	nan
6	c	0	135753	0	nan	40	0	135753	0	0	0	nan	0	0	0	0	0	0	nan	0	0	0	nan	nan	nan	nan	nan	nan
7	u	0	135754	0	nan	40	0	135754	0	0	0	nan	0	0	0	0	0	0	nan	0	0	0	nan	nan	nan	nan	nan	nan
8	c	0	135775	0	nan	40	0	135775	0	0	0	nan	0	0	0	0	0	0	nan	0	0	0	nan	nan	nan	nan	nan	nan
9	a	0	135786	0	nan	40	0	135786	0	0	0	nan	0	0	0	0	0	0	nan	0	0	0	nan	nan	nan	nan	nan	nan
10	u	0	135806	0	nan	40	0	135806	0	0	0	nan	0	0	0	0	0	0	nan	0	0	0	nan	nan	nan	nan	nan	nan
11	a	0	135844	0	nan	40	0	135844	0	0	0	nan	0	0	0	0	0	0	nan	0	0	0	nan	nan	nan	nan	nan	nan
12	a	0	135857	0	nan	40	0	135857	0	0	0	nan	0	0	0	0	0	0	nan	0	0	0	nan	nan	nan	nan	nan	nan
13	c	0	135862	0	nan	40	0	135862	0	0	0	nan	0	0	0	0	0	0	nan	0	0	0	nan	nan	nan	nan	nan	nan
14	a	0	135862	0	nan	40	0	135862	0	0	0	nan	0	0	0	0	0	0	nan	0	0	0	nan	nan	nan	nan	nan	nan
15	u	0	135869	0	nan	40	0	135869	0	0	0	nan	0	0	0	0	0	0	nan	0	0	0	nan	nan	nan	nan	nan	nan
16	a	0	135871	0	nan	40	0	135871	0	0	0	nan	0	0	0	0	0	0	nan	0	0	0	nan	nan	nan	nan	nan	nan
17	a	0	135871	0	nan	40	1	135871	0	0	0	nan	0	0	0	0	0	0	nan	0	0	0	nan	nan	nan	nan	nan	nan
18	c	0	135874	0	nan	40	1	135874	0	0	0	nan	0	0	0	0	0	0	nan	0	0	0	nan	nan	nan	nan	nan	nan
19	U	0	135874	0	nan	40	2	135874	0	0	0	nan	0	0	0	0	0	0	nan	0	0	0	nan	nan	nan	nan	nan	nan
20	A	0	135892	14	0.000000	40	2	135892	0	0	0	nan	0	0	0	0	0	0	nan	0	0	0	0.000000	0.000000	nan	nan	nan	nan
21	A	0	135899	17	0.000000	40	2	135899	0	0	0	nan	0	0	0	0	0	0	nan	0	0	0	0.000000	0.000000	nan	nan	nan	nan
22	G	0	135910	133079	0.000000	40	2	135910	0	0	0	nan	0	0	0	0	0	0	nan	0	0	0	0.000000	0.000000	0.000000	0.000000	nan	nan
23	G	111	135916	131211	0.000846	40	2	135916	0	0	0	nan	0	0	0	0	0	0	nan	0	0	0	0.000846	0.000080	0.000846	0.000080	nan	nan
24	C	507	135959	133201	0.003806	40	2	135959	0	0	0	nan	0	0	0	0	0	0	nan	0	0	0	0.003806	0.000169	0.003806	0.000169	0.766875	0.034052
25	A	595	136026	134706	0.004417	40	2	136026	0	0	0	nan	0	0	0	0	0	0	nan	0	0	0	0.004417	0.000181	0.004417	0.000181	0.542679	0.022238
26	G	68	136042	134473	0.000506	40	2	136041	0	0	0	nan	0	0	0	0	0	0	nan	0	0	0	0.000506	0.000061	0.000506	0.000061	nan	nan
27	A	1069	136052	134767	0.007932	40	2	136050	0	0	0	nan	0	0	0	0	0	0	nan	0	0	0	0.007932	0.000243	0.007932	0.000243	0.974537	0.029855
28	U	702	136062	134349	0.005225	40	2	136057	0	0	0	nan	0	0	0	0	0	0	nan	0	0	0	0.005225	0.000197	0.005225	0.000197	1.058228	0.039899
29	C	1996	136067	134393	0.014852	39	2	136062	0	0	0	nan	0	0	0	0	0	0	nan	0	0	0	0.014852	0.000332	0.014852	0.000332	2.992545	0.066895
30	U	476	136071	134415	0.003541	39	2	136065	0	0	0	nan	0	0	0	0	0	0	nan	0	0	0	0.003541	0.000162	0.003541	0.000162	0.717165	0.032810
31	G	99	136080	133937	0.000739	39	2	136071	0	0	0	nan	0	0	0	0	0	0	nan	0	0	0	0.000739	0.000074	0.000739	0.000074	nan	nan
32	A	339	136082	134559	0.002519	39	2	136071	0	0	0	nan	0	0	0	0	0	0	nan	0	0	0	0.002519	0.000137	0.002519	0.000137	0.309488	0.016832
33	G	111	136086	132562	0.000837	38	2	136061	0	0	0	nan	0	0	0	0	0	0	nan	0	0	0	0.000837	0.000079	0.000837	0.000079	nan	nan
34	C	655	136094	131987	0.004963	31	2	136063	0	0	0	nan	0	0	0	0	0	0	nan	0	0	0	0.004963	0.000194	0.004963	0.000194	1.000000	0.039089
35	U	711	136109	131708	0.005398	31	2	136053	0	0	0	nan	0	0	0	0	0	0	nan	0	0	0	0.005398	0.000202	0.005398	0.000202	1.093266	0.040911
36	U	612	136114	131613	0.004650	31	2	136051	0	0	0	nan	0	0	0	0	0	0	nan	0	0	0	0.004650	0.000188	0.004650	0.000188	0.941772	0.038076
37	C	1540	136138	132221	0.011647	31	2	135931	0	0	0	nan	0	0	0	0	0	0	nan	0	0	0	0.011647	0.000297	0.011647	0.000297	2.346766	0.059843
38	G	106	136178	131966	0.000803	31	2	135981	0	0	0	nan	0	0	0	0	0	0	nan	0	0	0	0.000803	0.000078	0.000803	0.000078	nan	nan
39	G	102	136388	133337	0.000765	31	2	136309	0	0	0	nan	0	0	0	0	0	0	nan	0	0	0	0.000765	0.000076	0.000765	0.000076	nan	nan
40	C	247	136510	135477	0.001823	28	2	136505	0	0	0	nan	0	0	0	0	0	0	nan	0	0	0	0.001823	0.000116	0.001823	0.000116	0.367318	0.023373
41	U	401	136527	135663	0.002956	27	2	136525	0	0	0	nan	0	0	0	0	0	0	nan	0	0	0	0.002956	0.000148	0.002956	0.000148	0.598684	0.029975
42	C	183	136529	135755	0.001348	25	2	136527	0	0	0	nan	0	0	0	0	0	0	nan	0	0	0	0.001348	0.000100	0.001348	0.000100	0.271610	0.020149
43	U	616	136530	135908	0.004532	25	2	136528	0	0	0	nan	0	0	0	0	0	0	nan	0	0	0	0.004532	0.000183	0.004532	0.000183	0.917873	0.037063
44	C	356	136533	135904	0.002619	25	2	136530	0	0	0	nan	0	0	0	0	0	0	nan	0	0	0	0.002619	0.000139	0.002619	0.000139	0.527705	0.028007
45	U	391	136534	135811	0.002879	25	2	136527	0	0	0	nan	0	0	0	0	0	0	nan	0	0	0	0.002879	0.000146	0.002879	0.000146	0.583089	0.029570
46	G	112	136529	134529	0.000833	25	2	136520	0	0	0	nan	0	0	0	0	0	0	nan	0	0	0	0.000833	0.000079	0.000833	0.000079	nan	nan
47	C	438	136529	135103	0.003242	25	2	136525	0	0	0	nan	0	0	0	0	0	0	nan	0	0	0	0.003242	0.000155	0.003242	0.000155	0.653234	0.031231
48	C	284	136532	135081	0.002102	25	2	136530	0	0	0	nan	0	0	0	0	0	0	nan	0	0	0	0.002102	0.000125	0.002102	0.000125	0.423534	0.025186
49	A	1186	136537	135366	0.008761	25	2	136537	0	0	0	nan	0	0	0	0	0	0	nan	0	0	0	0.008761	0.000254	0.008761	0.000254	1.076389	0.031207
50	A	0	136537	135775	0.000000	25	2	136537	0	0	0	nan	0	0	0	0	0	0	nan	0	0	0	0.000000	0.000000	0.000000	0.000000	0.000000	0.000000
51	U	0	136536	88	0.000000	17	2	136536	0	0	0	nan	0	0	0	0	0	0	nan	0	0	0	0.000000	0.000000	nan	nan	nan	nan
52	C	0	136536	90	0.000000	17	2	136536	0	0	0	nan	0	0	0	0	0	0	nan	0	0	0	0.000000	0.000000	nan	nan	nan	nan
53	C	0	136534	94	0.000000	17	2	136534	0	0	0	nan	0	0	0	0	0	0	nan	0	0	0	0.000000	0.000000	nan	nan	nan	nan
54	a	0	136426	0	nan	17	2	136426	0	0	0	nan	0	0	0	0	0	0	nan	0	0	0	nan	nan	nan	nan	nan	nan
55	c	0	136425	0	nan	17	2	136425	0	0	0	nan	0	0	0	0	0	0	nan	0	0	0	nan	nan	nan	nan	nan	nan
56	u	0	136420	0	nan	17	2	136420	0	0	0	nan	0	0	0	0	0	0	nan	0	0	0	nan	nan	nan	nan	nan	nan
57	a	0	136419	0	nan	17	2	136419	0	0	0	nan	0	0	0	0	0	0	nan	0	0	0	nan	nan	nan	nan	nan	nan
58	a	0	136419	0	nan	16	2	136419	0	0	0	nan	0	0	0	0	0	0	nan	0	0	0	nan	nan	nan	nan	nan	nan
59	c	0	136419	0	nan	9	2	136419	0	0	0	nan	0	0	0	0	0	0	nan	0	0	0	nan	nan	nan	nan	nan	nan
60	c	0	136418	0	nan	7	2	136418	0	0	0	nan	0	0	0	0	0	0	nan	0	0	0	nan	nan	nan	nan	nan	nan
61	u	0	136418	0	nan	0	2	136418	0	0	0	nan	0	0	0	0	0	0	nan	0	0	0	nan	nan	nan	nan	nan	nan
62	c	0	136418	0	nan	0	2	136418	0	0	0	nan	0	0	0	0	0	0	nan	0	0	0	nan	nan	nan	nan	nan	nan
63	a	0	136418	0	nan	0	2	136418	0	0	0	nan	0	0	0	0	0	0	nan	0	0	0	nan	nan	nan	nan	nan	nan
64	c	0	136417	0	nan	0	2	136417	0	0	0	nan	0	0	0	0	0	0	nan	0	0	0	nan	nan	nan	nan	nan	nan
65	u	0	136413	0	nan	0	2	136413	0	0	0	nan	0	0	0	0	0	0	nan	0	0	0	nan	nan	nan	nan	nan	nan
66	c	0	136413	0	nan	0	2	136413	0	0	0	nan	0	0	0	0	0	0	nan	0	0	0	nan	nan	nan	nan	nan	nan
67	a	0	136410	0	nan	0	2	136410	0	0	0	nan	0	0	0	0	0	0	nan	0	0	0	nan	nan	nan	nan	nan	nan
68	c	0	136403	0	nan	0	2	136403	0	0	0	nan	0	0	0	0	0	0	nan	0	0	0	nan	nan	nan	nan	nan	nan
69	a	0	136397	0	nan	0	2	136397	0	0	0	nan	0	0	0	0	0	0	nan	0	0	0	nan	nan	nan	nan	nan	nan
70	a	0	136353	0	nan	0	2	136353	0	0	0	nan	0	0	0	0	0	0	nan	0	0	0	nan	nan	nan	nan	nan	nan
71	u	0	136295	0	nan	0	2	136295	0	0	0	nan	0	0	0	0	0	0	nan	0	0	0	nan	nan	nan	nan	nan	nan
72	c	0	136104	0	nan	0	2	136104	0	0	0	nan	0	0	0	0	0	0	nan	0	0	0	nan	nan	nan	nan	nan	nan