Nucleotide	Sequence	Modified_mutations	Modified_read_depth	Modified_effective_depth	Modified_rate	Modified_off_target_mapped_depth	Modified_low_mapq_mapped_depth	Modified_primer_pair_1_mapped_depth	Untreated_mutations	Untreated_read_depth	Untreated_effective_depth	Untreated_rate	Untreated_off_target_mapped_depth	Untreated_low_mapq_mapped_depth	Untreated_primer_pair_1_mapped_depth	Denatured_mutations	Denatured_read_depth	Denatured_effective_depth	Denatured_rate	Denatured_off_target_mapped_depth	Denatured_low_mapq_mapped_depth	Denatured_primer_pair_1_mapped_depth	Reactivity_profile	Std_err	HQ_profile	HQ_stderr	Norm_profile	Norm_stderr
1	g	0	379923	0	nan	0	4	379923	0	0	0	nan	0	0	0	0	0	0	nan	0	0	0	nan	nan	nan	nan	nan	nan
2	g	0	380095	0	nan	0	4	380095	0	0	0	nan	0	0	0	0	0	0	nan	0	0	0	nan	nan	nan	nan	nan	nan
3	u	0	380196	0	nan	0	4	380196	0	0	0	nan	0	0	0	0	0	0	nan	0	0	0	nan	nan	nan	nan	nan	nan
4	g	0	380225	0	nan	0	4	380225	0	0	0	nan	0	0	0	0	0	0	nan	0	0	0	nan	nan	nan	nan	nan	nan
5	u	0	380247	0	nan	0	4	380247	0	0	0	nan	0	0	0	0	0	0	nan	0	0	0	nan	nan	nan	nan	nan	nan
6	a	0	380251	0	nan	0	4	380251	0	0	0	nan	0	0	0	0	0	0	nan	0	0	0	nan	nan	nan	nan	nan	nan
7	a	0	380266	0	nan	0	4	380266	0	0	0	nan	0	0	0	0	0	0	nan	0	0	0	nan	nan	nan	nan	nan	nan
8	g	0	380303	0	nan	0	4	380303	0	0	0	nan	0	0	0	0	0	0	nan	0	0	0	nan	nan	nan	nan	nan	nan
9	g	0	380845	0	nan	0	4	380845	0	0	0	nan	0	0	0	0	0	0	nan	0	0	0	nan	nan	nan	nan	nan	nan
10	g	0	453732	0	nan	0	4	453732	0	0	0	nan	0	0	0	0	0	0	nan	0	0	0	nan	nan	nan	nan	nan	nan
11	u	0	454489	0	nan	0	4	454489	0	0	0	nan	0	0	0	0	0	0	nan	0	0	0	nan	nan	nan	nan	nan	nan
12	g	0	454813	0	nan	0	4	454813	0	0	0	nan	0	0	0	0	0	0	nan	0	0	0	nan	nan	nan	nan	nan	nan
13	a	0	454832	0	nan	1	4	454832	0	0	0	nan	0	0	0	0	0	0	nan	0	0	0	nan	nan	nan	nan	nan	nan
14	a	0	454835	0	nan	1	4	454835	0	0	0	nan	0	0	0	0	0	0	nan	0	0	0	nan	nan	nan	nan	nan	nan
15	g	0	454840	0	nan	2	4	454840	0	0	0	nan	0	0	0	0	0	0	nan	0	0	0	nan	nan	nan	nan	nan	nan
16	u	0	454866	0	nan	2	4	454866	0	0	0	nan	0	0	0	0	0	0	nan	0	0	0	nan	nan	nan	nan	nan	nan
17	g	0	454903	0	nan	2	4	454903	0	0	0	nan	0	0	0	0	0	0	nan	0	0	0	nan	nan	nan	nan	nan	nan
18	u	0	454974	0	nan	2	4	454974	0	0	0	nan	0	0	0	0	0	0	nan	0	0	0	nan	nan	nan	nan	nan	nan
19	a	0	455109	0	nan	2	4	455109	0	0	0	nan	0	0	0	0	0	0	nan	0	0	0	nan	nan	nan	nan	nan	nan
20	A	0	455344	226	0.000000	2	4	455344	0	0	0	nan	0	0	0	0	0	0	nan	0	0	0	0.000000	0.000000	nan	nan	nan	nan
21	G	0	455584	449	0.000000	2	4	455584	0	0	0	nan	0	0	0	0	0	0	nan	0	0	0	0.000000	0.000000	nan	nan	nan	nan
22	G	0	455752	603	0.000000	3	4	455752	0	0	0	nan	0	0	0	0	0	0	nan	0	0	0	0.000000	0.000000	nan	nan	nan	nan
23	U	0	455787	454503	0.000000	3	4	455787	0	0	0	nan	0	0	0	0	0	0	nan	0	0	0	0.000000	0.000000	0.000000	0.000000	nan	nan
24	U	496	455788	454586	0.001091	3	4	455788	0	0	0	nan	0	0	0	0	0	0	nan	0	0	0	0.001091	0.000049	0.001091	0.000049	nan	nan
25	G	519	455789	453742	0.001144	3	4	455789	0	0	0	nan	0	0	0	0	0	0	nan	0	0	0	0.001144	0.000050	0.001144	0.000050	nan	nan
26	A	787	455790	445643	0.001766	3	4	455790	0	0	0	nan	0	0	0	0	0	0	nan	0	0	0	0.001766	0.000063	0.001766	0.000063	0.356552	0.012720
27	C	3277	455791	445294	0.007359	3	4	455791	0	0	0	nan	0	0	0	0	0	0	nan	0	0	0	0.007359	0.000129	0.007359	0.000129	1.260103	0.022089
28	C	278	455792	445033	0.000625	3	4	455791	0	0	0	nan	0	0	0	0	0	0	nan	0	0	0	0.000625	0.000037	0.000625	0.000037	0.107021	0.006336
29	U	401	455803	452960	0.000885	4	4	455802	0	0	0	nan	0	0	0	0	0	0	nan	0	0	0	0.000885	0.000044	0.000885	0.000044	nan	nan
30	U	532	455819	453552	0.001173	4	4	455817	0	0	0	nan	0	0	0	0	0	0	nan	0	0	0	0.001173	0.000051	0.001173	0.000051	nan	nan
31	U	726	455853	454159	0.001599	4	4	455852	0	0	0	nan	0	0	0	0	0	0	nan	0	0	0	0.001599	0.000059	0.001599	0.000059	nan	nan
32	U	481	455949	454616	0.001058	4	4	455949	0	0	0	nan	0	0	0	0	0	0	nan	0	0	0	0.001058	0.000048	0.001058	0.000048	nan	nan
33	G	231	456029	452966	0.000510	4	4	456024	0	0	0	nan	0	0	0	0	0	0	nan	0	0	0	0.000510	0.000034	0.000510	0.000034	nan	nan
34	A	2250	456067	454264	0.004953	4	4	456062	0	0	0	nan	0	0	0	0	0	0	nan	0	0	0	0.004953	0.000104	0.004953	0.000104	1.000000	0.020997
35	A	1913	456068	453913	0.004214	4	4	456062	0	0	0	nan	0	0	0	0	0	0	nan	0	0	0	0.004214	0.000096	0.004214	0.000096	0.850797	0.019382
36	U	331	456069	451783	0.000733	4	4	456060	0	0	0	nan	0	0	0	0	0	0	nan	0	0	0	0.000733	0.000040	0.000733	0.000040	nan	nan
37	A	38451	456071	451220	0.085216	6	4	456058	0	0	0	nan	0	0	0	0	0	0	nan	0	0	0	0.085216	0.000435	0.085216	0.000435	17.204926	0.087826
38	G	515	456081	448018	0.001150	6	4	456072	0	0	0	nan	0	0	0	0	0	0	nan	0	0	0	0.001150	0.000051	0.001150	0.000051	nan	nan
39	U	905	456084	453814	0.001994	6	4	456077	0	0	0	nan	0	0	0	0	0	0	nan	0	0	0	0.001994	0.000066	0.001994	0.000066	nan	nan
40	G	889	456092	452419	0.001965	6	4	456086	0	0	0	nan	0	0	0	0	0	0	nan	0	0	0	0.001965	0.000066	0.001965	0.000066	nan	nan
41	A	7295	456094	453927	0.016071	6	4	456088	0	0	0	nan	0	0	0	0	0	0	nan	0	0	0	0.016071	0.000188	0.016071	0.000188	3.244700	0.037957
42	U	807	456110	453754	0.001778	6	4	456105	0	0	0	nan	0	0	0	0	0	0	nan	0	0	0	0.001778	0.000063	0.001778	0.000063	nan	nan
43	U	552	456115	454252	0.001215	6	4	456111	0	0	0	nan	0	0	0	0	0	0	nan	0	0	0	0.001215	0.000052	0.001215	0.000052	nan	nan
44	C	583	456119	454281	0.001283	6	4	456116	0	0	0	nan	0	0	0	0	0	0	nan	0	0	0	0.001283	0.000053	0.001283	0.000053	0.219692	0.009075
45	A	1866	456131	454666	0.004104	6	4	456129	0	0	0	nan	0	0	0	0	0	0	nan	0	0	0	0.004104	0.000095	0.004104	0.000095	0.828589	0.019180
46	G	416	456148	453786	0.000917	6	4	456147	0	0	0	nan	0	0	0	0	0	0	nan	0	0	0	0.000917	0.000045	0.000917	0.000045	nan	nan
47	G	350	456156	454232	0.000771	6	4	456155	0	0	0	nan	0	0	0	0	0	0	nan	0	0	0	0.000771	0.000041	0.000771	0.000041	nan	nan
48	A	875	456156	454959	0.001923	6	4	456154	0	0	0	nan	0	0	0	0	0	0	nan	0	0	0	0.001923	0.000065	0.001923	0.000065	0.388250	0.013123
49	G	505	456174	453244	0.001114	6	4	456172	0	0	0	nan	0	0	0	0	0	0	nan	0	0	0	0.001114	0.000050	0.001114	0.000050	nan	nan
50	G	448	456178	452305	0.000990	7	4	456178	0	0	0	nan	0	0	0	0	0	0	nan	0	0	0	0.000990	0.000047	0.000990	0.000047	nan	nan
51	U	512	456179	454536	0.001126	7	4	456179	0	0	0	nan	0	0	0	0	0	0	nan	0	0	0	0.001126	0.000050	0.001126	0.000050	nan	nan
52	U	556	456181	454377	0.001224	7	4	456181	0	0	0	nan	0	0	0	0	0	0	nan	0	0	0	0.001224	0.000052	0.001224	0.000052	nan	nan
53	A	1536	456183	454268	0.003381	7	4	456183	0	0	0	nan	0	0	0	0	0	0	nan	0	0	0	0.003381	0.000086	0.003381	0.000086	0.682617	0.017363
54	A	2000	456082	453813	0.004407	6	4	456080	0	0	0	nan	0	0	0	0	0	0	nan	0	0	0	0.004407	0.000099	0.004407	0.000099	0.889764	0.019988
55	U	677	456084	453732	0.001492	6	4	456082	0	0	0	nan	0	0	0	0	0	0	nan	0	0	0	0.001492	0.000057	0.001492	0.000057	nan	nan
56	G	504	456086	453324	0.001112	6	4	456085	0	0	0	nan	0	0	0	0	0	0	nan	0	0	0	0.001112	0.000050	0.001112	0.000050	nan	nan
57	G	0	456089	454469	0.000000	6	4	456089	0	0	0	nan	0	0	0	0	0	0	nan	0	0	0	0.000000	0.000000	0.000000	0.000000	nan	nan
58	A	0	456089	0	nan	6	4	456089	0	0	0	nan	0	0	0	0	0	0	nan	0	0	0	nan	nan	nan	nan	nan	nan
59	A	0	456089	0	nan	6	4	456089	0	0	0	nan	0	0	0	0	0	0	nan	0	0	0	nan	nan	nan	nan	nan	nan
60	G	0	456089	0	nan	6	4	456089	0	0	0	nan	0	0	0	0	0	0	nan	0	0	0	nan	nan	nan	nan	nan	nan
61	u	0	456089	0	nan	6	4	456089	0	0	0	nan	0	0	0	0	0	0	nan	0	0	0	nan	nan	nan	nan	nan	nan
62	a	0	456089	0	nan	6	4	456089	0	0	0	nan	0	0	0	0	0	0	nan	0	0	0	nan	nan	nan	nan	nan	nan
63	a	0	456089	0	nan	6	4	456089	0	0	0	nan	0	0	0	0	0	0	nan	0	0	0	nan	nan	nan	nan	nan	nan
64	a	0	456089	0	nan	6	4	456089	0	0	0	nan	0	0	0	0	0	0	nan	0	0	0	nan	nan	nan	nan	nan	nan
65	g	0	456089	0	nan	6	4	456089	0	0	0	nan	0	0	0	0	0	0	nan	0	0	0	nan	nan	nan	nan	nan	nan
66	g	0	456089	0	nan	6	4	456089	0	0	0	nan	0	0	0	0	0	0	nan	0	0	0	nan	nan	nan	nan	nan	nan
67	u	0	456089	0	nan	6	4	456089	0	0	0	nan	0	0	0	0	0	0	nan	0	0	0	nan	nan	nan	nan	nan	nan
68	a	0	456089	0	nan	6	4	456089	0	0	0	nan	0	0	0	0	0	0	nan	0	0	0	nan	nan	nan	nan	nan	nan
69	a	0	456089	0	nan	6	4	456089	0	0	0	nan	0	0	0	0	0	0	nan	0	0	0	nan	nan	nan	nan	nan	nan
70	u	0	456089	0	nan	6	4	456089	0	0	0	nan	0	0	0	0	0	0	nan	0	0	0	nan	nan	nan	nan	nan	nan
71	g	0	456089	0	nan	6	4	456089	0	0	0	nan	0	0	0	0	0	0	nan	0	0	0	nan	nan	nan	nan	nan	nan
72	a	0	456089	0	nan	6	4	456089	0	0	0	nan	0	0	0	0	0	0	nan	0	0	0	nan	nan	nan	nan	nan	nan
73	a	0	456088	0	nan	6	4	456088	0	0	0	nan	0	0	0	0	0	0	nan	0	0	0	nan	nan	nan	nan	nan	nan
74	g	0	456088	0	nan	6	4	456088	0	0	0	nan	0	0	0	0	0	0	nan	0	0	0	nan	nan	nan	nan	nan	nan
75	g	0	456085	0	nan	6	4	456085	0	0	0	nan	0	0	0	0	0	0	nan	0	0	0	nan	nan	nan	nan	nan	nan
76	u	0	456071	0	nan	6	4	456071	0	0	0	nan	0	0	0	0	0	0	nan	0	0	0	nan	nan	nan	nan	nan	nan
77	g	0	456070	0	nan	6	4	456070	0	0	0	nan	0	0	0	0	0	0	nan	0	0	0	nan	nan	nan	nan	nan	nan
78	a	0	456062	0	nan	6	4	456062	0	0	0	nan	0	0	0	0	0	0	nan	0	0	0	nan	nan	nan	nan	nan	nan
79	a	0	455979	0	nan	6	4	455979	0	0	0	nan	0	0	0	0	0	0	nan	0	0	0	nan	nan	nan	nan	nan	nan
80	g	0	455749	0	nan	6	4	455749	0	0	0	nan	0	0	0	0	0	0	nan	0	0	0	nan	nan	nan	nan	nan	nan