Nucleotide	Sequence	Modified_mutations	Modified_read_depth	Modified_effective_depth	Modified_rate	Modified_off_target_mapped_depth	Modified_low_mapq_mapped_depth	Modified_primer_pair_1_mapped_depth	Untreated_mutations	Untreated_read_depth	Untreated_effective_depth	Untreated_rate	Untreated_off_target_mapped_depth	Untreated_low_mapq_mapped_depth	Untreated_primer_pair_1_mapped_depth	Denatured_mutations	Denatured_read_depth	Denatured_effective_depth	Denatured_rate	Denatured_off_target_mapped_depth	Denatured_low_mapq_mapped_depth	Denatured_primer_pair_1_mapped_depth	Reactivity_profile	Std_err	HQ_profile	HQ_stderr	Norm_profile	Norm_stderr
1	g	0	177568	0	nan	0	1	177568	0	0	0	nan	0	0	0	0	0	0	nan	0	0	0	nan	nan	nan	nan	nan	nan
2	g	0	177712	0	nan	0	1	177712	0	0	0	nan	0	0	0	0	0	0	nan	0	0	0	nan	nan	nan	nan	nan	nan
3	u	0	177773	0	nan	0	1	177773	0	0	0	nan	0	0	0	0	0	0	nan	0	0	0	nan	nan	nan	nan	nan	nan
4	g	0	177788	0	nan	0	1	177788	0	0	0	nan	0	0	0	0	0	0	nan	0	0	0	nan	nan	nan	nan	nan	nan
5	u	0	177800	0	nan	0	1	177800	0	0	0	nan	0	0	0	0	0	0	nan	0	0	0	nan	nan	nan	nan	nan	nan
6	a	0	177801	0	nan	0	1	177801	0	0	0	nan	0	0	0	0	0	0	nan	0	0	0	nan	nan	nan	nan	nan	nan
7	a	0	177801	0	nan	0	1	177801	0	0	0	nan	0	0	0	0	0	0	nan	0	0	0	nan	nan	nan	nan	nan	nan
8	g	0	177803	0	nan	0	1	177803	0	0	0	nan	0	0	0	0	0	0	nan	0	0	0	nan	nan	nan	nan	nan	nan
9	g	0	177814	0	nan	0	1	177814	0	0	0	nan	0	0	0	0	0	0	nan	0	0	0	nan	nan	nan	nan	nan	nan
10	g	0	178893	0	nan	0	1	178893	0	0	0	nan	0	0	0	0	0	0	nan	0	0	0	nan	nan	nan	nan	nan	nan
11	u	0	178917	0	nan	0	1	178917	0	0	0	nan	0	0	0	0	0	0	nan	0	0	0	nan	nan	nan	nan	nan	nan
12	g	0	178927	0	nan	0	1	178927	0	0	0	nan	0	0	0	0	0	0	nan	0	0	0	nan	nan	nan	nan	nan	nan
13	a	0	178928	0	nan	0	1	178928	0	0	0	nan	0	0	0	0	0	0	nan	0	0	0	nan	nan	nan	nan	nan	nan
14	a	0	178928	0	nan	2	1	178928	0	0	0	nan	0	0	0	0	0	0	nan	0	0	0	nan	nan	nan	nan	nan	nan
15	g	0	178928	0	nan	18	1	178928	0	0	0	nan	0	0	0	0	0	0	nan	0	0	0	nan	nan	nan	nan	nan	nan
16	u	0	178930	0	nan	18	1	178930	0	0	0	nan	0	0	0	0	0	0	nan	0	0	0	nan	nan	nan	nan	nan	nan
17	g	0	178931	0	nan	18	1	178931	0	0	0	nan	0	0	0	0	0	0	nan	0	0	0	nan	nan	nan	nan	nan	nan
18	u	0	178933	0	nan	18	1	178933	0	0	0	nan	0	0	0	0	0	0	nan	0	0	0	nan	nan	nan	nan	nan	nan
19	a	0	178936	0	nan	18	1	178936	0	0	0	nan	0	0	0	0	0	0	nan	0	0	0	nan	nan	nan	nan	nan	nan
20	A	0	178947	9	0.000000	18	1	178947	0	0	0	nan	0	0	0	0	0	0	nan	0	0	0	0.000000	0.000000	nan	nan	nan	nan
21	G	0	178950	12	0.000000	18	1	178950	0	0	0	nan	0	0	0	0	0	0	nan	0	0	0	0.000000	0.000000	nan	nan	nan	nan
22	G	0	178954	16	0.000000	18	1	178954	0	0	0	nan	0	0	0	0	0	0	nan	0	0	0	0.000000	0.000000	nan	nan	nan	nan
23	U	0	178959	178730	0.000000	18	1	178959	0	0	0	nan	0	0	0	0	0	0	nan	0	0	0	0.000000	0.000000	0.000000	0.000000	0.000000	0.000000
24	U	333	178966	178713	0.001863	18	1	178966	0	0	0	nan	0	0	0	0	0	0	nan	0	0	0	0.001863	0.000102	0.001863	0.000102	0.720975	0.039474
25	G	108	178967	178128	0.000606	18	1	178967	0	0	0	nan	0	0	0	0	0	0	nan	0	0	0	0.000606	0.000058	0.000606	0.000058	nan	nan
26	A	4328	178970	178317	0.024271	18	1	178970	0	0	0	nan	0	0	0	0	0	0	nan	0	0	0	0.024271	0.000369	0.024271	0.000369	0.946727	0.014393
27	A	4103	178971	178207	0.023024	18	1	178971	0	0	0	nan	0	0	0	0	0	0	nan	0	0	0	0.023024	0.000359	0.023024	0.000359	0.898086	0.014003
28	C	5213	178971	177453	0.029377	18	1	178971	0	0	0	nan	0	0	0	0	0	0	nan	0	0	0	0.029377	0.000407	0.029377	0.000407	0.919633	0.012741
29	U	257	178971	178144	0.001443	18	1	178971	0	0	0	nan	0	0	0	0	0	0	nan	0	0	0	0.001443	0.000090	0.001443	0.000090	0.558437	0.034830
30	U	355	178972	178308	0.001991	18	1	178972	0	0	0	nan	0	0	0	0	0	0	nan	0	0	0	0.001991	0.000106	0.001991	0.000106	0.770511	0.041022
31	U	461	178976	178387	0.002584	18	1	178975	0	0	0	nan	0	0	0	0	0	0	nan	0	0	0	0.002584	0.000120	0.002584	0.000120	1.000000	0.046440
32	U	329	178978	178375	0.001844	18	1	178959	0	0	0	nan	0	0	0	0	0	0	nan	0	0	0	0.001844	0.000102	0.001844	0.000102	0.713622	0.039474
33	G	135	178988	177686	0.000760	18	1	178959	0	0	0	nan	0	0	0	0	0	0	nan	0	0	0	0.000760	0.000065	0.000760	0.000065	nan	nan
34	A	4568	178992	178081	0.025651	18	1	178953	0	0	0	nan	0	0	0	0	0	0	nan	0	0	0	0.025651	0.000380	0.025651	0.000380	1.000556	0.014822
35	A	3823	178993	177984	0.021479	18	1	178954	0	0	0	nan	0	0	0	0	0	0	nan	0	0	0	0.021479	0.000347	0.021479	0.000347	0.837821	0.013535
36	U	244	178993	177902	0.001372	18	1	178954	0	0	0	nan	0	0	0	0	0	0	nan	0	0	0	0.001372	0.000088	0.001372	0.000088	0.530960	0.034056
37	A	3839	178994	177952	0.021573	18	1	178955	0	0	0	nan	0	0	0	0	0	0	nan	0	0	0	0.021573	0.000348	0.021573	0.000348	0.841487	0.013574
38	G	147	179017	177003	0.000830	19	1	179003	0	0	0	nan	0	0	0	0	0	0	nan	0	0	0	0.000830	0.000068	0.000830	0.000068	nan	nan
39	U	374	179018	178258	0.002098	19	1	179006	0	0	0	nan	0	0	0	0	0	0	nan	0	0	0	0.002098	0.000108	0.002098	0.000108	0.811920	0.041796
40	G	212	179022	177605	0.001194	19	1	179010	0	0	0	nan	0	0	0	0	0	0	nan	0	0	0	0.001194	0.000082	0.001194	0.000082	nan	nan
41	A	4838	179023	177961	0.027186	19	1	179015	0	0	0	nan	0	0	0	0	0	0	nan	0	0	0	0.027186	0.000391	0.027186	0.000391	1.060431	0.015252
42	U	529	179024	177958	0.002973	19	1	179018	0	0	0	nan	0	0	0	0	0	0	nan	0	0	0	0.002973	0.000129	0.002973	0.000129	1.150542	0.049923
43	U	424	179027	177963	0.002383	19	1	179022	0	0	0	nan	0	0	0	0	0	0	nan	0	0	0	0.002383	0.000116	0.002383	0.000116	0.922214	0.044892
44	C	5826	179039	177624	0.032800	19	1	179033	0	0	0	nan	0	0	0	0	0	0	nan	0	0	0	0.032800	0.000430	0.032800	0.000430	1.026789	0.013461
45	A	4765	179059	177757	0.026806	19	1	179053	0	0	0	nan	0	0	0	0	0	0	nan	0	0	0	0.026806	0.000388	0.026806	0.000388	1.045608	0.015135
46	G	183	179073	177268	0.001032	19	1	179070	0	0	0	nan	0	0	0	0	0	0	nan	0	0	0	0.001032	0.000076	0.001032	0.000076	nan	nan
47	G	149	179078	177284	0.000840	19	1	179074	0	0	0	nan	0	0	0	0	0	0	nan	0	0	0	0.000840	0.000069	0.000840	0.000069	nan	nan
48	A	4554	179080	177929	0.025594	19	1	179076	0	0	0	nan	0	0	0	0	0	0	nan	0	0	0	0.025594	0.000379	0.025594	0.000379	0.998332	0.014783
49	G	184	179083	177589	0.001036	19	1	179080	0	0	0	nan	0	0	0	0	0	0	nan	0	0	0	0.001036	0.000076	0.001036	0.000076	nan	nan
50	G	204	179086	177565	0.001149	19	1	179083	0	0	0	nan	0	0	0	0	0	0	nan	0	0	0	0.001149	0.000080	0.001149	0.000080	nan	nan
51	U	398	179087	178202	0.002233	19	1	179084	0	0	0	nan	0	0	0	0	0	0	nan	0	0	0	0.002233	0.000112	0.002233	0.000112	0.864164	0.043344
52	U	363	179089	177941	0.002040	19	1	179087	0	0	0	nan	0	0	0	0	0	0	nan	0	0	0	0.002040	0.000107	0.002040	0.000107	0.789474	0.041409
53	A	4365	179079	177415	0.024603	19	1	179076	0	0	0	nan	0	0	0	0	0	0	nan	0	0	0	0.024603	0.000372	0.024603	0.000372	0.959677	0.014510
54	A	3585	178960	177253	0.020225	17	1	178950	0	0	0	nan	0	0	0	0	0	0	nan	0	0	0	0.020225	0.000338	0.020225	0.000338	0.788907	0.013184
55	U	435	178966	177245	0.002454	17	1	178958	0	0	0	nan	0	0	0	0	0	0	nan	0	0	0	0.002454	0.000118	0.002454	0.000118	0.949690	0.045666
56	G	262	178969	177102	0.001479	17	1	178965	0	0	0	nan	0	0	0	0	0	0	nan	0	0	0	0.001479	0.000091	0.001479	0.000091	nan	nan
57	G	0	178986	176923	0.000000	17	1	178984	0	0	0	nan	0	0	0	0	0	0	nan	0	0	0	0.000000	0.000000	0.000000	0.000000	nan	nan
58	A	0	178992	0	nan	17	1	178992	0	0	0	nan	0	0	0	0	0	0	nan	0	0	0	nan	nan	nan	nan	nan	nan
59	A	0	178992	0	nan	17	1	178992	0	0	0	nan	0	0	0	0	0	0	nan	0	0	0	nan	nan	nan	nan	nan	nan
60	G	0	178992	0	nan	17	1	178992	0	0	0	nan	0	0	0	0	0	0	nan	0	0	0	nan	nan	nan	nan	nan	nan
61	u	0	178992	0	nan	17	1	178992	0	0	0	nan	0	0	0	0	0	0	nan	0	0	0	nan	nan	nan	nan	nan	nan
62	a	0	178992	0	nan	17	1	178992	0	0	0	nan	0	0	0	0	0	0	nan	0	0	0	nan	nan	nan	nan	nan	nan
63	a	0	178992	0	nan	17	1	178992	0	0	0	nan	0	0	0	0	0	0	nan	0	0	0	nan	nan	nan	nan	nan	nan
64	a	0	178992	0	nan	17	1	178992	0	0	0	nan	0	0	0	0	0	0	nan	0	0	0	nan	nan	nan	nan	nan	nan
65	g	0	178992	0	nan	17	1	178992	0	0	0	nan	0	0	0	0	0	0	nan	0	0	0	nan	nan	nan	nan	nan	nan
66	g	0	178992	0	nan	17	1	178992	0	0	0	nan	0	0	0	0	0	0	nan	0	0	0	nan	nan	nan	nan	nan	nan
67	u	0	178992	0	nan	17	1	178992	0	0	0	nan	0	0	0	0	0	0	nan	0	0	0	nan	nan	nan	nan	nan	nan
68	a	0	178992	0	nan	17	1	178992	0	0	0	nan	0	0	0	0	0	0	nan	0	0	0	nan	nan	nan	nan	nan	nan
69	a	0	178992	0	nan	17	1	178992	0	0	0	nan	0	0	0	0	0	0	nan	0	0	0	nan	nan	nan	nan	nan	nan
70	u	0	178992	0	nan	17	1	178992	0	0	0	nan	0	0	0	0	0	0	nan	0	0	0	nan	nan	nan	nan	nan	nan
71	g	0	178991	0	nan	17	1	178991	0	0	0	nan	0	0	0	0	0	0	nan	0	0	0	nan	nan	nan	nan	nan	nan
72	a	0	178991	0	nan	17	1	178991	0	0	0	nan	0	0	0	0	0	0	nan	0	0	0	nan	nan	nan	nan	nan	nan
73	a	0	178991	0	nan	17	1	178991	0	0	0	nan	0	0	0	0	0	0	nan	0	0	0	nan	nan	nan	nan	nan	nan
74	g	0	178991	0	nan	17	1	178991	0	0	0	nan	0	0	0	0	0	0	nan	0	0	0	nan	nan	nan	nan	nan	nan
75	g	0	178991	0	nan	17	1	178991	0	0	0	nan	0	0	0	0	0	0	nan	0	0	0	nan	nan	nan	nan	nan	nan
76	u	0	178986	0	nan	17	1	178986	0	0	0	nan	0	0	0	0	0	0	nan	0	0	0	nan	nan	nan	nan	nan	nan
77	g	0	178981	0	nan	17	1	178981	0	0	0	nan	0	0	0	0	0	0	nan	0	0	0	nan	nan	nan	nan	nan	nan
78	a	0	178981	0	nan	17	1	178981	0	0	0	nan	0	0	0	0	0	0	nan	0	0	0	nan	nan	nan	nan	nan	nan
79	a	0	178951	0	nan	17	0	178951	0	0	0	nan	0	0	0	0	0	0	nan	0	0	0	nan	nan	nan	nan	nan	nan
80	g	0	178874	0	nan	17	0	178874	0	0	0	nan	0	0	0	0	0	0	nan	0	0	0	nan	nan	nan	nan	nan	nan