Nucleotide	Sequence	Modified_mutations	Modified_read_depth	Modified_effective_depth	Modified_rate	Modified_off_target_mapped_depth	Modified_low_mapq_mapped_depth	Modified_primer_pair_1_mapped_depth	Untreated_mutations	Untreated_read_depth	Untreated_effective_depth	Untreated_rate	Untreated_off_target_mapped_depth	Untreated_low_mapq_mapped_depth	Untreated_primer_pair_1_mapped_depth	Denatured_mutations	Denatured_read_depth	Denatured_effective_depth	Denatured_rate	Denatured_off_target_mapped_depth	Denatured_low_mapq_mapped_depth	Denatured_primer_pair_1_mapped_depth	Reactivity_profile	Std_err	HQ_profile	HQ_stderr	Norm_profile	Norm_stderr
1	g	0	196691	0	nan	3	0	196691	0	0	0	nan	0	0	0	0	0	0	nan	0	0	0	nan	nan	nan	nan	nan	nan
2	g	0	196842	0	nan	3	0	196842	0	0	0	nan	0	0	0	0	0	0	nan	0	0	0	nan	nan	nan	nan	nan	nan
3	u	0	196903	0	nan	3	0	196903	0	0	0	nan	0	0	0	0	0	0	nan	0	0	0	nan	nan	nan	nan	nan	nan
4	g	0	196924	0	nan	3	0	196924	0	0	0	nan	0	0	0	0	0	0	nan	0	0	0	nan	nan	nan	nan	nan	nan
5	u	0	196937	0	nan	3	0	196937	0	0	0	nan	0	0	0	0	0	0	nan	0	0	0	nan	nan	nan	nan	nan	nan
6	a	0	196937	0	nan	3	0	196937	0	0	0	nan	0	0	0	0	0	0	nan	0	0	0	nan	nan	nan	nan	nan	nan
7	a	0	196937	0	nan	3	0	196937	0	0	0	nan	0	0	0	0	0	0	nan	0	0	0	nan	nan	nan	nan	nan	nan
8	g	0	196939	0	nan	3	0	196939	0	0	0	nan	0	0	0	0	0	0	nan	0	0	0	nan	nan	nan	nan	nan	nan
9	g	0	196948	0	nan	3	0	196948	0	0	0	nan	0	0	0	0	0	0	nan	0	0	0	nan	nan	nan	nan	nan	nan
10	g	0	197950	0	nan	4	0	197950	0	0	0	nan	0	0	0	0	0	0	nan	0	0	0	nan	nan	nan	nan	nan	nan
11	u	0	197974	0	nan	4	0	197974	0	0	0	nan	0	0	0	0	0	0	nan	0	0	0	nan	nan	nan	nan	nan	nan
12	g	0	197991	0	nan	4	0	197991	0	0	0	nan	0	0	0	0	0	0	nan	0	0	0	nan	nan	nan	nan	nan	nan
13	a	0	197991	0	nan	4	0	197991	0	0	0	nan	0	0	0	0	0	0	nan	0	0	0	nan	nan	nan	nan	nan	nan
14	a	0	197991	0	nan	4	0	197991	0	0	0	nan	0	0	0	0	0	0	nan	0	0	0	nan	nan	nan	nan	nan	nan
15	g	0	197991	0	nan	20	0	197991	0	0	0	nan	0	0	0	0	0	0	nan	0	0	0	nan	nan	nan	nan	nan	nan
16	u	0	197995	0	nan	20	0	197995	0	0	0	nan	0	0	0	0	0	0	nan	0	0	0	nan	nan	nan	nan	nan	nan
17	g	0	197997	0	nan	20	0	197997	0	0	0	nan	0	0	0	0	0	0	nan	0	0	0	nan	nan	nan	nan	nan	nan
18	u	0	198000	0	nan	20	0	198000	0	0	0	nan	0	0	0	0	0	0	nan	0	0	0	nan	nan	nan	nan	nan	nan
19	a	0	198001	0	nan	20	0	198001	0	0	0	nan	0	0	0	0	0	0	nan	0	0	0	nan	nan	nan	nan	nan	nan
20	A	0	198007	4	0.000000	20	0	198007	0	0	0	nan	0	0	0	0	0	0	nan	0	0	0	0.000000	0.000000	nan	nan	nan	nan
21	G	0	198010	7	0.000000	20	0	198010	0	0	0	nan	0	0	0	0	0	0	nan	0	0	0	0.000000	0.000000	nan	nan	nan	nan
22	G	0	198013	9	0.000000	20	0	198013	0	0	0	nan	0	0	0	0	0	0	nan	0	0	0	0.000000	0.000000	nan	nan	nan	nan
23	U	0	198018	197759	0.000000	20	0	198018	0	0	0	nan	0	0	0	0	0	0	nan	0	0	0	0.000000	0.000000	0.000000	0.000000	nan	nan
24	U	274	198025	197747	0.001386	20	0	198025	0	0	0	nan	0	0	0	0	0	0	nan	0	0	0	0.001386	0.000084	0.001386	0.000084	nan	nan
25	G	164	198025	196597	0.000834	20	0	198025	0	0	0	nan	0	0	0	0	0	0	nan	0	0	0	0.000834	0.000065	0.000834	0.000065	nan	nan
26	A	6498	198025	197214	0.032949	20	0	198025	0	0	0	nan	0	0	0	0	0	0	nan	0	0	0	0.032949	0.000409	0.032949	0.000409	1.259121	0.015630
27	A	5280	198026	197140	0.026783	20	0	198026	0	0	0	nan	0	0	0	0	0	0	nan	0	0	0	0.026783	0.000369	0.026783	0.000369	1.023492	0.014101
28	C	3486	198027	196613	0.017730	20	0	198027	0	0	0	nan	0	0	0	0	0	0	nan	0	0	0	0.017730	0.000300	0.017730	0.000300	1.292745	0.021874
29	U	198	198027	197235	0.001004	20	0	198027	0	0	0	nan	0	0	0	0	0	0	nan	0	0	0	0.001004	0.000071	0.001004	0.000071	nan	nan
30	U	262	198028	197440	0.001327	20	0	198028	0	0	0	nan	0	0	0	0	0	0	nan	0	0	0	0.001327	0.000082	0.001327	0.000082	nan	nan
31	U	300	198032	197528	0.001519	20	0	198032	0	0	0	nan	0	0	0	0	0	0	nan	0	0	0	0.001519	0.000088	0.001519	0.000088	nan	nan
32	U	237	198035	197410	0.001201	20	0	198015	0	0	0	nan	0	0	0	0	0	0	nan	0	0	0	0.001201	0.000078	0.001201	0.000078	nan	nan
33	G	168	198053	195974	0.000857	20	0	198027	0	0	0	nan	0	0	0	0	0	0	nan	0	0	0	0.000857	0.000066	0.000857	0.000066	nan	nan
34	A	2437	198065	197045	0.012368	20	0	198036	0	0	0	nan	0	0	0	0	0	0	nan	0	0	0	0.012368	0.000251	0.012368	0.000251	0.472634	0.009592
35	A	1738	198067	196964	0.008824	20	0	198037	0	0	0	nan	0	0	0	0	0	0	nan	0	0	0	0.008824	0.000212	0.008824	0.000212	0.337203	0.008101
36	U	166	198068	196396	0.000845	20	0	198037	0	0	0	nan	0	0	0	0	0	0	nan	0	0	0	0.000845	0.000066	0.000845	0.000066	nan	nan
37	A	19381	198073	196132	0.098816	20	0	198041	0	0	0	nan	0	0	0	0	0	0	nan	0	0	0	0.098816	0.000710	0.098816	0.000710	3.776179	0.027132
38	G	259	198098	193704	0.001337	20	0	198080	0	0	0	nan	0	0	0	0	0	0	nan	0	0	0	0.001337	0.000083	0.001337	0.000083	nan	nan
39	U	342	198100	197109	0.001735	20	0	198082	0	0	0	nan	0	0	0	0	0	0	nan	0	0	0	0.001735	0.000094	0.001735	0.000094	nan	nan
40	G	299	198108	196287	0.001523	20	0	198091	0	0	0	nan	0	0	0	0	0	0	nan	0	0	0	0.001523	0.000088	0.001523	0.000088	nan	nan
41	A	4798	198112	197253	0.024324	20	0	198097	0	0	0	nan	0	0	0	0	0	0	nan	0	0	0	0.024324	0.000351	0.024324	0.000351	0.929523	0.013413
42	U	374	198116	197318	0.001895	20	0	198106	0	0	0	nan	0	0	0	0	0	0	nan	0	0	0	0.001895	0.000098	0.001895	0.000098	nan	nan
43	U	303	198124	197569	0.001534	20	0	198115	0	0	0	nan	0	0	0	0	0	0	nan	0	0	0	0.001534	0.000088	0.001534	0.000088	nan	nan
44	C	330	198136	197549	0.001670	20	0	198127	0	0	0	nan	0	0	0	0	0	0	nan	0	0	0	0.001670	0.000092	0.001670	0.000092	0.121764	0.006708
45	A	1273	198145	197515	0.006445	20	0	198135	0	0	0	nan	0	0	0	0	0	0	nan	0	0	0	0.006445	0.000181	0.006445	0.000181	0.246291	0.006917
46	G	229	198170	196535	0.001165	20	0	198162	0	0	0	nan	0	0	0	0	0	0	nan	0	0	0	0.001165	0.000077	0.001165	0.000077	nan	nan
47	G	187	198171	196648	0.000951	20	0	198163	0	0	0	nan	0	0	0	0	0	0	nan	0	0	0	0.000951	0.000070	0.000951	0.000070	nan	nan
48	A	1053	198171	197545	0.005330	20	0	198162	0	0	0	nan	0	0	0	0	0	0	nan	0	0	0	0.005330	0.000164	0.005330	0.000164	0.203682	0.006267
49	G	284	198173	196490	0.001445	20	0	198165	0	0	0	nan	0	0	0	0	0	0	nan	0	0	0	0.001445	0.000086	0.001445	0.000086	nan	nan
50	G	284	198176	196459	0.001446	20	0	198169	0	0	0	nan	0	0	0	0	0	0	nan	0	0	0	0.001446	0.000086	0.001446	0.000086	nan	nan
51	U	262	198182	197481	0.001327	20	0	198173	0	0	0	nan	0	0	0	0	0	0	nan	0	0	0	0.001327	0.000082	0.001327	0.000082	nan	nan
52	U	225	198183	197334	0.001140	20	0	198175	0	0	0	nan	0	0	0	0	0	0	nan	0	0	0	0.001140	0.000076	0.001140	0.000076	nan	nan
53	A	1869	198181	196830	0.009496	19	0	198173	0	0	0	nan	0	0	0	0	0	0	nan	0	0	0	0.009496	0.000220	0.009496	0.000220	0.362883	0.008407
54	A	1840	198040	196383	0.009369	19	0	198019	0	0	0	nan	0	0	0	0	0	0	nan	0	0	0	0.009369	0.000218	0.009369	0.000218	0.358029	0.008331
55	U	314	198040	196134	0.001601	19	0	198027	0	0	0	nan	0	0	0	0	0	0	nan	0	0	0	0.001601	0.000090	0.001601	0.000090	nan	nan
56	G	300	198051	195497	0.001535	19	0	198041	0	0	0	nan	0	0	0	0	0	0	nan	0	0	0	0.001535	0.000089	0.001535	0.000089	nan	nan
57	G	0	198063	194746	0.000000	19	0	198062	0	0	0	nan	0	0	0	0	0	0	nan	0	0	0	0.000000	0.000000	0.000000	0.000000	nan	nan
58	A	0	198075	0	nan	19	0	198075	0	0	0	nan	0	0	0	0	0	0	nan	0	0	0	nan	nan	nan	nan	nan	nan
59	A	0	198075	0	nan	19	0	198075	0	0	0	nan	0	0	0	0	0	0	nan	0	0	0	nan	nan	nan	nan	nan	nan
60	G	0	198075	0	nan	19	0	198075	0	0	0	nan	0	0	0	0	0	0	nan	0	0	0	nan	nan	nan	nan	nan	nan
61	u	0	198075	0	nan	19	0	198075	0	0	0	nan	0	0	0	0	0	0	nan	0	0	0	nan	nan	nan	nan	nan	nan
62	a	0	198075	0	nan	19	0	198075	0	0	0	nan	0	0	0	0	0	0	nan	0	0	0	nan	nan	nan	nan	nan	nan
63	a	0	198075	0	nan	19	0	198075	0	0	0	nan	0	0	0	0	0	0	nan	0	0	0	nan	nan	nan	nan	nan	nan
64	a	0	198075	0	nan	17	0	198075	0	0	0	nan	0	0	0	0	0	0	nan	0	0	0	nan	nan	nan	nan	nan	nan
65	g	0	198075	0	nan	17	0	198075	0	0	0	nan	0	0	0	0	0	0	nan	0	0	0	nan	nan	nan	nan	nan	nan
66	g	0	198075	0	nan	17	0	198075	0	0	0	nan	0	0	0	0	0	0	nan	0	0	0	nan	nan	nan	nan	nan	nan
67	u	0	198075	0	nan	17	0	198075	0	0	0	nan	0	0	0	0	0	0	nan	0	0	0	nan	nan	nan	nan	nan	nan
68	a	0	198075	0	nan	17	0	198075	0	0	0	nan	0	0	0	0	0	0	nan	0	0	0	nan	nan	nan	nan	nan	nan
69	a	0	198075	0	nan	17	0	198075	0	0	0	nan	0	0	0	0	0	0	nan	0	0	0	nan	nan	nan	nan	nan	nan
70	u	0	198075	0	nan	16	0	198075	0	0	0	nan	0	0	0	0	0	0	nan	0	0	0	nan	nan	nan	nan	nan	nan
71	g	0	198075	0	nan	16	0	198075	0	0	0	nan	0	0	0	0	0	0	nan	0	0	0	nan	nan	nan	nan	nan	nan
72	a	0	198075	0	nan	16	0	198075	0	0	0	nan	0	0	0	0	0	0	nan	0	0	0	nan	nan	nan	nan	nan	nan
73	a	0	198075	0	nan	16	0	198075	0	0	0	nan	0	0	0	0	0	0	nan	0	0	0	nan	nan	nan	nan	nan	nan
74	g	0	198075	0	nan	16	0	198075	0	0	0	nan	0	0	0	0	0	0	nan	0	0	0	nan	nan	nan	nan	nan	nan
75	g	0	198074	0	nan	16	0	198074	0	0	0	nan	0	0	0	0	0	0	nan	0	0	0	nan	nan	nan	nan	nan	nan
76	u	0	198069	0	nan	16	0	198069	0	0	0	nan	0	0	0	0	0	0	nan	0	0	0	nan	nan	nan	nan	nan	nan
77	g	0	198062	0	nan	16	0	198062	0	0	0	nan	0	0	0	0	0	0	nan	0	0	0	nan	nan	nan	nan	nan	nan
78	a	0	198059	0	nan	16	0	198059	0	0	0	nan	0	0	0	0	0	0	nan	0	0	0	nan	nan	nan	nan	nan	nan
79	a	0	198028	0	nan	16	0	198028	0	0	0	nan	0	0	0	0	0	0	nan	0	0	0	nan	nan	nan	nan	nan	nan
80	g	0	197947	0	nan	16	0	197947	0	0	0	nan	0	0	0	0	0	0	nan	0	0	0	nan	nan	nan	nan	nan	nan