Nucleotide	Sequence	Modified_mutations	Modified_read_depth	Modified_effective_depth	Modified_rate	Modified_off_target_mapped_depth	Modified_low_mapq_mapped_depth	Modified_primer_pair_1_mapped_depth	Untreated_mutations	Untreated_read_depth	Untreated_effective_depth	Untreated_rate	Untreated_off_target_mapped_depth	Untreated_low_mapq_mapped_depth	Untreated_primer_pair_1_mapped_depth	Denatured_mutations	Denatured_read_depth	Denatured_effective_depth	Denatured_rate	Denatured_off_target_mapped_depth	Denatured_low_mapq_mapped_depth	Denatured_primer_pair_1_mapped_depth	Reactivity_profile	Std_err	HQ_profile	HQ_stderr	Norm_profile	Norm_stderr
1	g	0	301864	0	nan	21	0	301864	0	0	0	nan	0	0	0	0	0	0	nan	0	0	0	nan	nan	nan	nan	nan	nan
2	g	0	302472	0	nan	23	0	302472	0	0	0	nan	0	0	0	0	0	0	nan	0	0	0	nan	nan	nan	nan	nan	nan
3	c	0	302634	0	nan	23	0	302634	0	0	0	nan	0	0	0	0	0	0	nan	0	0	0	nan	nan	nan	nan	nan	nan
4	a	0	308675	0	nan	70	0	308675	0	0	0	nan	0	0	0	0	0	0	nan	0	0	0	nan	nan	nan	nan	nan	nan
5	c	0	308799	0	nan	70	0	308799	0	0	0	nan	0	0	0	0	0	0	nan	0	0	0	nan	nan	nan	nan	nan	nan
6	c	0	308826	0	nan	70	0	308826	0	0	0	nan	0	0	0	0	0	0	nan	0	0	0	nan	nan	nan	nan	nan	nan
7	u	0	308829	0	nan	70	0	308829	0	0	0	nan	0	0	0	0	0	0	nan	0	0	0	nan	nan	nan	nan	nan	nan
8	c	0	308832	0	nan	70	0	308832	0	0	0	nan	0	0	0	0	0	0	nan	0	0	0	nan	nan	nan	nan	nan	nan
9	a	0	308832	0	nan	70	0	308832	0	0	0	nan	0	0	0	0	0	0	nan	0	0	0	nan	nan	nan	nan	nan	nan
10	u	0	308884	0	nan	70	0	308884	0	0	0	nan	0	0	0	0	0	0	nan	0	0	0	nan	nan	nan	nan	nan	nan
11	a	0	308924	0	nan	70	0	308924	0	0	0	nan	0	0	0	0	0	0	nan	0	0	0	nan	nan	nan	nan	nan	nan
12	a	0	308937	0	nan	70	0	308937	0	0	0	nan	0	0	0	0	0	0	nan	0	0	0	nan	nan	nan	nan	nan	nan
13	c	0	308940	0	nan	70	0	308940	0	0	0	nan	0	0	0	0	0	0	nan	0	0	0	nan	nan	nan	nan	nan	nan
14	a	0	308942	0	nan	70	0	308942	0	0	0	nan	0	0	0	0	0	0	nan	0	0	0	nan	nan	nan	nan	nan	nan
15	u	0	308943	0	nan	70	0	308943	0	0	0	nan	0	0	0	0	0	0	nan	0	0	0	nan	nan	nan	nan	nan	nan
16	a	0	308950	0	nan	70	0	308950	0	0	0	nan	0	0	0	0	0	0	nan	0	0	0	nan	nan	nan	nan	nan	nan
17	a	0	308952	0	nan	70	0	308952	0	0	0	nan	0	0	0	0	0	0	nan	0	0	0	nan	nan	nan	nan	nan	nan
18	c	0	308957	0	nan	70	0	308957	0	0	0	nan	0	0	0	0	0	0	nan	0	0	0	nan	nan	nan	nan	nan	nan
19	U	0	308961	0	nan	70	0	308961	0	0	0	nan	0	0	0	0	0	0	nan	0	0	0	nan	nan	nan	nan	nan	nan
20	A	0	308971	6	0.000000	70	0	308971	0	0	0	nan	0	0	0	0	0	0	nan	0	0	0	0.000000	0.000000	nan	nan	nan	nan
21	A	0	308987	19	0.000000	70	0	308987	0	0	0	nan	0	0	0	0	0	0	nan	0	0	0	0.000000	0.000000	nan	nan	nan	nan
22	G	0	308992	306546	0.000000	70	0	308992	0	0	0	nan	0	0	0	0	0	0	nan	0	0	0	0.000000	0.000000	0.000000	0.000000	nan	nan
23	G	128	308998	306240	0.000418	70	0	308998	0	0	0	nan	0	0	0	0	0	0	nan	0	0	0	0.000418	0.000037	0.000418	0.000037	nan	nan
24	C	240	309007	307039	0.000782	70	0	309007	0	0	0	nan	0	0	0	0	0	0	nan	0	0	0	0.000782	0.000050	0.000782	0.000050	nan	nan
25	A	174	309023	307783	0.000565	70	0	309023	0	0	0	nan	0	0	0	0	0	0	nan	0	0	0	0.000565	0.000043	0.000565	0.000043	0.243115	0.018503
26	G	101	309028	308093	0.000328	70	0	309028	0	0	0	nan	0	0	0	0	0	0	nan	0	0	0	0.000328	0.000033	0.000328	0.000033	nan	nan
27	A	158	309040	308076	0.000513	70	0	309040	0	0	0	nan	0	0	0	0	0	0	nan	0	0	0	0.000513	0.000041	0.000513	0.000041	0.220740	0.017642
28	U	435	309052	307803	0.001413	70	0	309051	0	0	0	nan	0	0	0	0	0	0	nan	0	0	0	0.001413	0.000068	0.001413	0.000068	nan	nan
29	C	426	309061	307903	0.001384	70	0	309060	0	0	0	nan	0	0	0	0	0	0	nan	0	0	0	0.001384	0.000067	0.001384	0.000067	nan	nan
30	U	407	309063	307695	0.001323	70	0	309062	0	0	0	nan	0	0	0	0	0	0	nan	0	0	0	0.001323	0.000066	0.001323	0.000066	nan	nan
31	G	95	309072	307613	0.000309	70	0	309067	0	0	0	nan	0	0	0	0	0	0	nan	0	0	0	0.000309	0.000032	0.000309	0.000032	nan	nan
32	A	111	309074	307806	0.000361	70	0	309070	0	0	0	nan	0	0	0	0	0	0	nan	0	0	0	0.000361	0.000034	0.000361	0.000034	0.155336	0.014630
33	G	102	309078	307605	0.000332	70	0	309075	0	0	0	nan	0	0	0	0	0	0	nan	0	0	0	0.000332	0.000033	0.000332	0.000033	nan	nan
34	C	376	309079	306725	0.001226	70	0	309072	0	0	0	nan	0	0	0	0	0	0	nan	0	0	0	0.001226	0.000063	0.001226	0.000063	nan	nan
35	U	568	309082	306044	0.001856	70	0	309068	0	0	0	nan	0	0	0	0	0	0	nan	0	0	0	0.001856	0.000078	0.001856	0.000078	nan	nan
36	U	359	309090	305309	0.001176	70	0	309063	0	0	0	nan	0	0	0	0	0	0	nan	0	0	0	0.001176	0.000062	0.001176	0.000062	nan	nan
37	G	176	309097	305578	0.000576	70	0	309028	0	0	0	nan	0	0	0	0	0	0	nan	0	0	0	0.000576	0.000043	0.000576	0.000043	nan	nan
38	G	205	309097	297830	0.000688	70	0	309028	0	0	0	nan	0	0	0	0	0	0	nan	0	0	0	0.000688	0.000048	0.000688	0.000048	nan	nan
39	G	170	309105	297355	0.000572	70	0	309044	0	0	0	nan	0	0	0	0	0	0	nan	0	0	0	0.000572	0.000044	0.000572	0.000044	nan	nan
40	A	695	309106	299076	0.002324	70	0	309061	0	0	0	nan	0	0	0	0	0	0	nan	0	0	0	0.002324	0.000088	0.002324	0.000088	1.000000	0.037866
41	G	186	309114	306785	0.000606	70	0	309089	0	0	0	nan	0	0	0	0	0	0	nan	0	0	0	0.000606	0.000044	0.000606	0.000044	nan	nan
42	C	202	309122	307773	0.000656	36	0	309112	0	0	0	nan	0	0	0	0	0	0	nan	0	0	0	0.000656	0.000046	0.000656	0.000046	nan	nan
43	U	301	309122	308052	0.000977	36	0	309113	0	0	0	nan	0	0	0	0	0	0	nan	0	0	0	0.000977	0.000056	0.000977	0.000056	nan	nan
44	C	165	309123	308152	0.000535	36	0	309116	0	0	0	nan	0	0	0	0	0	0	nan	0	0	0	0.000535	0.000042	0.000535	0.000042	nan	nan
45	U	332	309124	308419	0.001076	36	0	309117	0	0	0	nan	0	0	0	0	0	0	nan	0	0	0	0.001076	0.000059	0.001076	0.000059	nan	nan
46	C	270	309126	308486	0.000875	35	0	309119	0	0	0	nan	0	0	0	0	0	0	nan	0	0	0	0.000875	0.000053	0.000875	0.000053	nan	nan
47	U	293	309128	308383	0.000950	35	0	309123	0	0	0	nan	0	0	0	0	0	0	nan	0	0	0	0.000950	0.000056	0.000950	0.000056	nan	nan
48	G	104	309126	307718	0.000338	35	0	309121	0	0	0	nan	0	0	0	0	0	0	nan	0	0	0	0.000338	0.000033	0.000338	0.000033	nan	nan
49	C	349	309130	307437	0.001135	35	0	309127	0	0	0	nan	0	0	0	0	0	0	nan	0	0	0	0.001135	0.000061	0.001135	0.000061	nan	nan
50	C	352	309132	307590	0.001144	35	0	309129	0	0	0	nan	0	0	0	0	0	0	nan	0	0	0	0.001144	0.000061	0.001144	0.000061	nan	nan
51	A	109	309137	307867	0.000354	35	0	309136	0	0	0	nan	0	0	0	0	0	0	nan	0	0	0	0.000354	0.000034	0.000354	0.000034	0.152324	0.014630
52	A	0	309139	306757	0.000000	35	0	309139	0	0	0	nan	0	0	0	0	0	0	nan	0	0	0	0.000000	0.000000	0.000000	0.000000	0.000000	0.000000
53	U	0	309136	297	0.000000	22	0	309136	0	0	0	nan	0	0	0	0	0	0	nan	0	0	0	0.000000	0.000000	nan	nan	nan	nan
54	C	0	308784	1	0.000000	20	0	308784	0	0	0	nan	0	0	0	0	0	0	nan	0	0	0	0.000000	0.000000	nan	nan	nan	nan
55	C	0	308783	0	nan	20	0	308783	0	0	0	nan	0	0	0	0	0	0	nan	0	0	0	nan	nan	nan	nan	nan	nan
56	a	0	308783	0	nan	20	0	308783	0	0	0	nan	0	0	0	0	0	0	nan	0	0	0	nan	nan	nan	nan	nan	nan
57	c	0	308783	0	nan	20	0	308783	0	0	0	nan	0	0	0	0	0	0	nan	0	0	0	nan	nan	nan	nan	nan	nan
58	u	0	308783	0	nan	20	0	308783	0	0	0	nan	0	0	0	0	0	0	nan	0	0	0	nan	nan	nan	nan	nan	nan
59	a	0	308783	0	nan	20	0	308783	0	0	0	nan	0	0	0	0	0	0	nan	0	0	0	nan	nan	nan	nan	nan	nan
60	a	0	308783	0	nan	20	0	308783	0	0	0	nan	0	0	0	0	0	0	nan	0	0	0	nan	nan	nan	nan	nan	nan
61	c	0	308783	0	nan	10	0	308783	0	0	0	nan	0	0	0	0	0	0	nan	0	0	0	nan	nan	nan	nan	nan	nan
62	c	0	308783	0	nan	10	0	308783	0	0	0	nan	0	0	0	0	0	0	nan	0	0	0	nan	nan	nan	nan	nan	nan
63	u	0	308783	0	nan	0	0	308783	0	0	0	nan	0	0	0	0	0	0	nan	0	0	0	nan	nan	nan	nan	nan	nan
64	c	0	308783	0	nan	0	0	308783	0	0	0	nan	0	0	0	0	0	0	nan	0	0	0	nan	nan	nan	nan	nan	nan
65	a	0	308783	0	nan	0	0	308783	0	0	0	nan	0	0	0	0	0	0	nan	0	0	0	nan	nan	nan	nan	nan	nan
66	c	0	308781	0	nan	0	0	308781	0	0	0	nan	0	0	0	0	0	0	nan	0	0	0	nan	nan	nan	nan	nan	nan
67	u	0	308778	0	nan	0	0	308778	0	0	0	nan	0	0	0	0	0	0	nan	0	0	0	nan	nan	nan	nan	nan	nan
68	c	0	308778	0	nan	0	0	308778	0	0	0	nan	0	0	0	0	0	0	nan	0	0	0	nan	nan	nan	nan	nan	nan
69	a	0	308778	0	nan	0	0	308778	0	0	0	nan	0	0	0	0	0	0	nan	0	0	0	nan	nan	nan	nan	nan	nan
70	c	0	308767	0	nan	0	0	308767	0	0	0	nan	0	0	0	0	0	0	nan	0	0	0	nan	nan	nan	nan	nan	nan
71	a	0	308763	0	nan	0	0	308763	0	0	0	nan	0	0	0	0	0	0	nan	0	0	0	nan	nan	nan	nan	nan	nan
72	a	0	308677	0	nan	0	0	308677	0	0	0	nan	0	0	0	0	0	0	nan	0	0	0	nan	nan	nan	nan	nan	nan
73	u	0	308511	0	nan	0	0	308511	0	0	0	nan	0	0	0	0	0	0	nan	0	0	0	nan	nan	nan	nan	nan	nan
74	c	0	308101	0	nan	0	0	308101	0	0	0	nan	0	0	0	0	0	0	nan	0	0	0	nan	nan	nan	nan	nan	nan