Nucleotide	Sequence	Modified_mutations	Modified_read_depth	Modified_effective_depth	Modified_rate	Modified_off_target_mapped_depth	Modified_low_mapq_mapped_depth	Modified_primer_pair_1_mapped_depth	Untreated_mutations	Untreated_read_depth	Untreated_effective_depth	Untreated_rate	Untreated_off_target_mapped_depth	Untreated_low_mapq_mapped_depth	Untreated_primer_pair_1_mapped_depth	Denatured_mutations	Denatured_read_depth	Denatured_effective_depth	Denatured_rate	Denatured_off_target_mapped_depth	Denatured_low_mapq_mapped_depth	Denatured_primer_pair_1_mapped_depth	Reactivity_profile	Std_err	HQ_profile	HQ_stderr	Norm_profile	Norm_stderr
1	g	0	40442	0	nan	2	1	40442	0	0	0	nan	0	0	0	0	0	0	nan	0	0	0	nan	nan	nan	nan	nan	nan
2	g	0	40474	0	nan	2	1	40474	0	0	0	nan	0	0	0	0	0	0	nan	0	0	0	nan	nan	nan	nan	nan	nan
3	u	0	40489	0	nan	2	1	40489	0	0	0	nan	0	0	0	0	0	0	nan	0	0	0	nan	nan	nan	nan	nan	nan
4	g	0	40503	0	nan	2	1	40503	0	0	0	nan	0	0	0	0	0	0	nan	0	0	0	nan	nan	nan	nan	nan	nan
5	u	0	40516	0	nan	2	1	40516	0	0	0	nan	0	0	0	0	0	0	nan	0	0	0	nan	nan	nan	nan	nan	nan
6	a	0	40526	0	nan	2	1	40526	0	0	0	nan	0	0	0	0	0	0	nan	0	0	0	nan	nan	nan	nan	nan	nan
7	a	0	40554	0	nan	2	1	40554	0	0	0	nan	0	0	0	0	0	0	nan	0	0	0	nan	nan	nan	nan	nan	nan
8	g	0	40666	0	nan	2	1	40666	0	0	0	nan	0	0	0	0	0	0	nan	0	0	0	nan	nan	nan	nan	nan	nan
9	g	0	42228	0	nan	2	1	42228	0	0	0	nan	0	0	0	0	0	0	nan	0	0	0	nan	nan	nan	nan	nan	nan
10	g	0	250771	0	nan	2	1	250771	0	0	0	nan	0	0	0	0	0	0	nan	0	0	0	nan	nan	nan	nan	nan	nan
11	u	0	259270	0	nan	2	1	259270	0	0	0	nan	0	0	0	0	0	0	nan	0	0	0	nan	nan	nan	nan	nan	nan
12	g	0	259492	0	nan	2	1	259492	0	0	0	nan	0	0	0	0	0	0	nan	0	0	0	nan	nan	nan	nan	nan	nan
13	a	0	259517	0	nan	2	1	259517	0	0	0	nan	0	0	0	0	0	0	nan	0	0	0	nan	nan	nan	nan	nan	nan
14	a	0	259524	0	nan	2	1	259524	0	0	0	nan	0	0	0	0	0	0	nan	0	0	0	nan	nan	nan	nan	nan	nan
15	g	0	259553	0	nan	4	1	259553	0	0	0	nan	0	0	0	0	0	0	nan	0	0	0	nan	nan	nan	nan	nan	nan
16	u	0	259567	0	nan	4	1	259567	0	0	0	nan	0	0	0	0	0	0	nan	0	0	0	nan	nan	nan	nan	nan	nan
17	g	0	259586	0	nan	4	1	259586	0	0	0	nan	0	0	0	0	0	0	nan	0	0	0	nan	nan	nan	nan	nan	nan
18	u	0	259599	0	nan	4	1	259599	0	0	0	nan	0	0	0	0	0	0	nan	0	0	0	nan	nan	nan	nan	nan	nan
19	a	0	259673	0	nan	4	1	259673	0	0	0	nan	0	0	0	0	0	0	nan	0	0	0	nan	nan	nan	nan	nan	nan
20	A	0	259698	11	0.000000	4	1	259698	0	0	0	nan	0	0	0	0	0	0	nan	0	0	0	0.000000	0.000000	nan	nan	nan	nan
21	G	0	259735	24	0.000000	4	1	259735	0	0	0	nan	0	0	0	0	0	0	nan	0	0	0	0.000000	0.000000	nan	nan	nan	nan
22	G	0	259744	27	0.000000	4	1	259744	0	0	0	nan	0	0	0	0	0	0	nan	0	0	0	0.000000	0.000000	nan	nan	nan	nan
23	U	0	259758	249476	0.000000	4	1	259758	0	0	0	nan	0	0	0	0	0	0	nan	0	0	0	0.000000	0.000000	0.000000	0.000000	nan	nan
24	U	244	259778	256563	0.000951	4	1	259778	0	0	0	nan	0	0	0	0	0	0	nan	0	0	0	0.000951	0.000061	0.000951	0.000061	nan	nan
25	G	203	259787	256788	0.000791	4	1	259787	0	0	0	nan	0	0	0	0	0	0	nan	0	0	0	0.000791	0.000055	0.000791	0.000055	nan	nan
26	A	2986	259795	255489	0.011687	4	1	259793	0	0	0	nan	0	0	0	0	0	0	nan	0	0	0	0.011687	0.000214	0.011687	0.000214	0.826550	0.015135
27	A	3617	259800	253827	0.014250	4	1	259798	0	0	0	nan	0	0	0	0	0	0	nan	0	0	0	0.014250	0.000237	0.014250	0.000237	1.007815	0.016762
28	C	5035	259807	252576	0.019935	4	1	259805	0	0	0	nan	0	0	0	0	0	0	nan	0	0	0	0.019935	0.000281	0.019935	0.000281	1.048714	0.014782
29	U	178	259822	253073	0.000703	4	1	259820	0	0	0	nan	0	0	0	0	0	0	nan	0	0	0	0.000703	0.000053	0.000703	0.000053	nan	nan
30	U	177	259842	253633	0.000698	4	1	259835	0	0	0	nan	0	0	0	0	0	0	nan	0	0	0	0.000698	0.000052	0.000698	0.000052	nan	nan
31	U	222	259855	255085	0.000870	4	1	259849	0	0	0	nan	0	0	0	0	0	0	nan	0	0	0	0.000870	0.000058	0.000870	0.000058	nan	nan
32	U	175	259894	256688	0.000682	4	1	259888	0	0	0	nan	0	0	0	0	0	0	nan	0	0	0	0.000682	0.000052	0.000682	0.000052	nan	nan
33	G	368	259941	256600	0.001434	4	1	259935	0	0	0	nan	0	0	0	0	0	0	nan	0	0	0	0.001434	0.000075	0.001434	0.000075	nan	nan
34	A	3439	259961	256455	0.013410	4	1	259955	0	0	0	nan	0	0	0	0	0	0	nan	0	0	0	0.013410	0.000229	0.013410	0.000229	0.948407	0.016196
35	A	3275	259964	255045	0.012841	4	1	259958	0	0	0	nan	0	0	0	0	0	0	nan	0	0	0	0.012841	0.000224	0.012841	0.000224	0.908165	0.015842
36	U	203	259966	255220	0.000795	4	1	259960	0	0	0	nan	0	0	0	0	0	0	nan	0	0	0	0.000795	0.000056	0.000795	0.000056	nan	nan
37	A	4037	259971	255987	0.015770	4	1	259965	0	0	0	nan	0	0	0	0	0	0	nan	0	0	0	0.015770	0.000248	0.015770	0.000248	1.115315	0.017540
38	G	218	259986	255978	0.000852	4	2	259981	0	0	0	nan	0	0	0	0	0	0	nan	0	0	0	0.000852	0.000058	0.000852	0.000058	nan	nan
39	U	269	260000	257492	0.001045	4	2	259995	0	0	0	nan	0	0	0	0	0	0	nan	0	0	0	0.001045	0.000064	0.001045	0.000064	nan	nan
40	G	333	260024	255933	0.001301	4	2	260019	0	0	0	nan	0	0	0	0	0	0	nan	0	0	0	0.001301	0.000071	0.001301	0.000071	nan	nan
41	A	4028	260044	256111	0.015728	4	2	260039	0	0	0	nan	0	0	0	0	0	0	nan	0	0	0	0.015728	0.000248	0.015728	0.000248	1.112345	0.017540
42	U	233	260070	254526	0.000915	4	3	260066	0	0	0	nan	0	0	0	0	0	0	nan	0	0	0	0.000915	0.000060	0.000915	0.000060	nan	nan
43	U	196	260109	254621	0.000770	4	3	260105	0	0	0	nan	0	0	0	0	0	0	nan	0	0	0	0.000770	0.000055	0.000770	0.000055	nan	nan
44	C	4134	260132	254695	0.016231	4	3	260128	0	0	0	nan	0	0	0	0	0	0	nan	0	0	0	0.016231	0.000252	0.016231	0.000252	0.853859	0.013257
45	A	3539	260159	256304	0.013808	4	3	260154	0	0	0	nan	0	0	0	0	0	0	nan	0	0	0	0.013808	0.000232	0.013808	0.000232	0.976555	0.016408
46	G	262	260185	257662	0.001017	4	3	260180	0	0	0	nan	0	0	0	0	0	0	nan	0	0	0	0.001017	0.000063	0.001017	0.000063	nan	nan
47	G	245	260195	257027	0.000953	4	3	260192	0	0	0	nan	0	0	0	0	0	0	nan	0	0	0	0.000953	0.000061	0.000953	0.000061	nan	nan
48	A	3044	260202	250793	0.012137	4	3	260199	0	0	0	nan	0	0	0	0	0	0	nan	0	0	0	0.012137	0.000220	0.012137	0.000220	0.858375	0.015559
49	G	264	260244	250707	0.001053	4	3	260242	0	0	0	nan	0	0	0	0	0	0	nan	0	0	0	0.001053	0.000065	0.001053	0.000065	nan	nan
50	G	301	260259	251249	0.001198	4	3	260258	0	0	0	nan	0	0	0	0	0	0	nan	0	0	0	0.001198	0.000069	0.001198	0.000069	nan	nan
51	U	169	260265	250821	0.000674	4	3	260264	0	0	0	nan	0	0	0	0	0	0	nan	0	0	0	0.000674	0.000052	0.000674	0.000052	nan	nan
52	U	229	260268	256600	0.000892	4	3	260267	0	0	0	nan	0	0	0	0	0	0	nan	0	0	0	0.000892	0.000059	0.000892	0.000059	nan	nan
53	A	2653	260270	256639	0.010337	2	3	260269	0	0	0	nan	0	0	0	0	0	0	nan	0	0	0	0.010337	0.000201	0.010337	0.000201	0.731073	0.014215
54	A	2539	260260	256954	0.009881	2	3	260260	0	0	0	nan	0	0	0	0	0	0	nan	0	0	0	0.009881	0.000196	0.009881	0.000196	0.698822	0.013862
55	U	228	260262	257623	0.000885	2	3	260262	0	0	0	nan	0	0	0	0	0	0	nan	0	0	0	0.000885	0.000059	0.000885	0.000059	nan	nan
56	G	378	260264	258093	0.001465	2	3	260264	0	0	0	nan	0	0	0	0	0	0	nan	0	0	0	0.001465	0.000075	0.001465	0.000075	nan	nan
57	G	0	260265	257338	0.000000	2	3	260265	0	0	0	nan	0	0	0	0	0	0	nan	0	0	0	0.000000	0.000000	0.000000	0.000000	nan	nan
58	A	0	260265	0	nan	2	3	260265	0	0	0	nan	0	0	0	0	0	0	nan	0	0	0	nan	nan	nan	nan	nan	nan
59	A	0	260265	0	nan	2	3	260265	0	0	0	nan	0	0	0	0	0	0	nan	0	0	0	nan	nan	nan	nan	nan	nan
60	G	0	260265	0	nan	2	3	260265	0	0	0	nan	0	0	0	0	0	0	nan	0	0	0	nan	nan	nan	nan	nan	nan
61	u	0	260265	0	nan	2	3	260265	0	0	0	nan	0	0	0	0	0	0	nan	0	0	0	nan	nan	nan	nan	nan	nan
62	a	0	260265	0	nan	2	3	260265	0	0	0	nan	0	0	0	0	0	0	nan	0	0	0	nan	nan	nan	nan	nan	nan
63	a	0	260265	0	nan	2	3	260265	0	0	0	nan	0	0	0	0	0	0	nan	0	0	0	nan	nan	nan	nan	nan	nan
64	a	0	260265	0	nan	2	3	260265	0	0	0	nan	0	0	0	0	0	0	nan	0	0	0	nan	nan	nan	nan	nan	nan
65	g	0	260265	0	nan	2	3	260265	0	0	0	nan	0	0	0	0	0	0	nan	0	0	0	nan	nan	nan	nan	nan	nan
66	g	0	260265	0	nan	2	3	260265	0	0	0	nan	0	0	0	0	0	0	nan	0	0	0	nan	nan	nan	nan	nan	nan
67	u	0	260265	0	nan	2	3	260265	0	0	0	nan	0	0	0	0	0	0	nan	0	0	0	nan	nan	nan	nan	nan	nan
68	a	0	260265	0	nan	2	3	260265	0	0	0	nan	0	0	0	0	0	0	nan	0	0	0	nan	nan	nan	nan	nan	nan
69	a	0	260265	0	nan	2	3	260265	0	0	0	nan	0	0	0	0	0	0	nan	0	0	0	nan	nan	nan	nan	nan	nan
70	u	0	260265	0	nan	2	3	260265	0	0	0	nan	0	0	0	0	0	0	nan	0	0	0	nan	nan	nan	nan	nan	nan
71	g	0	260265	0	nan	2	3	260265	0	0	0	nan	0	0	0	0	0	0	nan	0	0	0	nan	nan	nan	nan	nan	nan
72	a	0	260260	0	nan	2	3	260260	0	0	0	nan	0	0	0	0	0	0	nan	0	0	0	nan	nan	nan	nan	nan	nan
73	a	0	260260	0	nan	2	3	260260	0	0	0	nan	0	0	0	0	0	0	nan	0	0	0	nan	nan	nan	nan	nan	nan
74	g	0	260260	0	nan	2	3	260260	0	0	0	nan	0	0	0	0	0	0	nan	0	0	0	nan	nan	nan	nan	nan	nan
75	g	0	260260	0	nan	2	3	260260	0	0	0	nan	0	0	0	0	0	0	nan	0	0	0	nan	nan	nan	nan	nan	nan
76	u	0	260253	0	nan	2	3	260253	0	0	0	nan	0	0	0	0	0	0	nan	0	0	0	nan	nan	nan	nan	nan	nan
77	g	0	260243	0	nan	2	3	260243	0	0	0	nan	0	0	0	0	0	0	nan	0	0	0	nan	nan	nan	nan	nan	nan
78	a	0	260232	0	nan	2	3	260232	0	0	0	nan	0	0	0	0	0	0	nan	0	0	0	nan	nan	nan	nan	nan	nan
79	a	0	260204	0	nan	2	3	260204	0	0	0	nan	0	0	0	0	0	0	nan	0	0	0	nan	nan	nan	nan	nan	nan
80	g	0	260016	0	nan	2	3	260016	0	0	0	nan	0	0	0	0	0	0	nan	0	0	0	nan	nan	nan	nan	nan	nan