Nucleotide	Sequence	Modified_mutations	Modified_read_depth	Modified_effective_depth	Modified_rate	Modified_off_target_mapped_depth	Modified_low_mapq_mapped_depth	Modified_primer_pair_1_mapped_depth	Untreated_mutations	Untreated_read_depth	Untreated_effective_depth	Untreated_rate	Untreated_off_target_mapped_depth	Untreated_low_mapq_mapped_depth	Untreated_primer_pair_1_mapped_depth	Denatured_mutations	Denatured_read_depth	Denatured_effective_depth	Denatured_rate	Denatured_off_target_mapped_depth	Denatured_low_mapq_mapped_depth	Denatured_primer_pair_1_mapped_depth	Reactivity_profile	Std_err	HQ_profile	HQ_stderr	Norm_profile	Norm_stderr
1	g	0	650433	0	nan	3	10	650433	0	0	0	nan	0	0	0	0	0	0	nan	0	0	0	nan	nan	nan	nan	nan	nan
2	g	0	650750	0	nan	3	10	650750	0	0	0	nan	0	0	0	0	0	0	nan	0	0	0	nan	nan	nan	nan	nan	nan
3	u	0	650925	0	nan	3	10	650925	0	0	0	nan	0	0	0	0	0	0	nan	0	0	0	nan	nan	nan	nan	nan	nan
4	g	0	651012	0	nan	3	10	651012	0	0	0	nan	0	0	0	0	0	0	nan	0	0	0	nan	nan	nan	nan	nan	nan
5	u	0	651091	0	nan	3	10	651091	0	0	0	nan	0	0	0	0	0	0	nan	0	0	0	nan	nan	nan	nan	nan	nan
6	a	0	651094	0	nan	3	10	651094	0	0	0	nan	0	0	0	0	0	0	nan	0	0	0	nan	nan	nan	nan	nan	nan
7	a	0	651101	0	nan	3	10	651101	0	0	0	nan	0	0	0	0	0	0	nan	0	0	0	nan	nan	nan	nan	nan	nan
8	g	0	651106	0	nan	3	10	651106	0	0	0	nan	0	0	0	0	0	0	nan	0	0	0	nan	nan	nan	nan	nan	nan
9	g	0	651153	0	nan	3	10	651153	0	0	0	nan	0	0	0	0	0	0	nan	0	0	0	nan	nan	nan	nan	nan	nan
10	g	0	660130	0	nan	3	10	660130	0	0	0	nan	0	0	0	0	0	0	nan	0	0	0	nan	nan	nan	nan	nan	nan
11	u	0	660243	0	nan	3	10	660243	0	0	0	nan	0	0	0	0	0	0	nan	0	0	0	nan	nan	nan	nan	nan	nan
12	g	0	660427	0	nan	3	10	660427	0	0	0	nan	0	0	0	0	0	0	nan	0	0	0	nan	nan	nan	nan	nan	nan
13	a	0	660430	0	nan	9	10	660430	0	0	0	nan	0	0	0	0	0	0	nan	0	0	0	nan	nan	nan	nan	nan	nan
14	a	0	660431	0	nan	10	10	660431	0	0	0	nan	0	0	0	0	0	0	nan	0	0	0	nan	nan	nan	nan	nan	nan
15	g	0	660436	0	nan	128	10	660436	0	0	0	nan	0	0	0	0	0	0	nan	0	0	0	nan	nan	nan	nan	nan	nan
16	u	0	660438	0	nan	137	10	660438	0	0	0	nan	0	0	0	0	0	0	nan	0	0	0	nan	nan	nan	nan	nan	nan
17	g	0	660444	0	nan	137	10	660444	0	0	0	nan	0	0	0	0	0	0	nan	0	0	0	nan	nan	nan	nan	nan	nan
18	u	0	660444	0	nan	146	10	660444	0	0	0	nan	0	0	0	0	0	0	nan	0	0	0	nan	nan	nan	nan	nan	nan
19	a	0	660451	0	nan	146	10	660451	0	0	0	nan	0	0	0	0	0	0	nan	0	0	0	nan	nan	nan	nan	nan	nan
20	A	0	660463	10	0.000000	156	10	660463	0	0	0	nan	0	0	0	0	0	0	nan	0	0	0	0.000000	0.000000	nan	nan	nan	nan
21	G	0	660472	16	0.000000	188	10	660472	0	0	0	nan	0	0	0	0	0	0	nan	0	0	0	0.000000	0.000000	nan	nan	nan	nan
22	G	0	660474	15	0.000000	188	10	660474	0	0	0	nan	0	0	0	0	0	0	nan	0	0	0	0.000000	0.000000	nan	nan	nan	nan
23	U	0	660479	658818	0.000000	219	10	660479	0	0	0	nan	0	0	0	0	0	0	nan	0	0	0	0.000000	0.000000	0.000000	0.000000	nan	nan
24	U	511	660480	658740	0.000776	219	10	660480	0	0	0	nan	0	0	0	0	0	0	nan	0	0	0	0.000776	0.000034	0.000776	0.000034	nan	nan
25	G	203	660481	658802	0.000308	219	10	660481	0	0	0	nan	0	0	0	0	0	0	nan	0	0	0	0.000308	0.000022	0.000308	0.000022	nan	nan
26	A	275	660482	659125	0.000417	219	10	660481	0	0	0	nan	0	0	0	0	0	0	nan	0	0	0	0.000417	0.000025	0.000417	0.000025	nan	nan
27	A	376	660483	658569	0.000571	219	10	660481	0	0	0	nan	0	0	0	0	0	0	nan	0	0	0	0.000571	0.000029	0.000571	0.000029	nan	nan
28	C	705	660485	658182	0.001071	219	10	660481	0	0	0	nan	0	0	0	0	0	0	nan	0	0	0	0.001071	0.000040	0.001071	0.000040	nan	nan
29	U	721	660487	657437	0.001097	219	10	660481	0	0	0	nan	0	0	0	0	0	0	nan	0	0	0	0.001097	0.000041	0.001097	0.000041	nan	nan
30	U	687	660491	657839	0.001044	219	10	660485	0	0	0	nan	0	0	0	0	0	0	nan	0	0	0	0.001044	0.000040	0.001044	0.000040	nan	nan
31	U	844	660498	658225	0.001282	219	10	660492	0	0	0	nan	0	0	0	0	0	0	nan	0	0	0	0.001282	0.000044	0.001282	0.000044	nan	nan
32	U	473	660515	658936	0.000718	219	10	660504	0	0	0	nan	0	0	0	0	0	0	nan	0	0	0	0.000718	0.000033	0.000718	0.000033	nan	nan
33	G	139	660722	659119	0.000211	219	10	660705	0	0	0	nan	0	0	0	0	0	0	nan	0	0	0	0.000211	0.000018	0.000211	0.000018	nan	nan
34	A	342	660858	659255	0.000519	219	10	660837	0	0	0	nan	0	0	0	0	0	0	nan	0	0	0	0.000519	0.000028	0.000519	0.000028	nan	nan
35	A	409	660864	658578	0.000621	219	10	660840	0	0	0	nan	0	0	0	0	0	0	nan	0	0	0	0.000621	0.000031	0.000621	0.000031	nan	nan
36	U	364	660869	658667	0.000553	219	10	660844	0	0	0	nan	0	0	0	0	0	0	nan	0	0	0	0.000553	0.000029	0.000553	0.000029	nan	nan
37	A	426	660871	659043	0.000646	219	10	660844	0	0	0	nan	0	0	0	0	0	0	nan	0	0	0	0.000646	0.000031	0.000646	0.000031	nan	nan
38	G	297	660878	658604	0.000451	222	10	660853	0	0	0	nan	0	0	0	0	0	0	nan	0	0	0	0.000451	0.000026	0.000451	0.000026	nan	nan
39	U	541	660879	659381	0.000820	222	10	660853	0	0	0	nan	0	0	0	0	0	0	nan	0	0	0	0.000820	0.000035	0.000820	0.000035	nan	nan
40	G	396	660882	658790	0.000601	222	10	660857	0	0	0	nan	0	0	0	0	0	0	nan	0	0	0	0.000601	0.000030	0.000601	0.000030	nan	nan
41	A	607	660884	659190	0.000921	222	10	660856	0	0	0	nan	0	0	0	0	0	0	nan	0	0	0	0.000921	0.000037	0.000921	0.000037	nan	nan
42	U	1004	660885	658639	0.001524	222	10	660857	0	0	0	nan	0	0	0	0	0	0	nan	0	0	0	0.001524	0.000048	0.001524	0.000048	nan	nan
43	U	719	660890	658775	0.001091	224	10	660862	0	0	0	nan	0	0	0	0	0	0	nan	0	0	0	0.001091	0.000041	0.001091	0.000041	nan	nan
44	C	915	660900	658939	0.001389	224	10	660877	0	0	0	nan	0	0	0	0	0	0	nan	0	0	0	0.001389	0.000046	0.001389	0.000046	nan	nan
45	A	550	660908	659473	0.000834	224	10	660888	0	0	0	nan	0	0	0	0	0	0	nan	0	0	0	0.000834	0.000036	0.000834	0.000036	nan	nan
46	G	246	660922	659252	0.000373	225	10	660907	0	0	0	nan	0	0	0	0	0	0	nan	0	0	0	0.000373	0.000024	0.000373	0.000024	nan	nan
47	G	177	660926	659265	0.000268	225	10	660908	0	0	0	nan	0	0	0	0	0	0	nan	0	0	0	0.000268	0.000020	0.000268	0.000020	nan	nan
48	A	392	660926	659481	0.000594	225	10	660909	0	0	0	nan	0	0	0	0	0	0	nan	0	0	0	0.000594	0.000030	0.000594	0.000030	nan	nan
49	G	214	660933	659182	0.000325	225	10	660919	0	0	0	nan	0	0	0	0	0	0	nan	0	0	0	0.000325	0.000022	0.000325	0.000022	nan	nan
50	G	416	660936	645721	0.000644	225	10	660923	0	0	0	nan	0	0	0	0	0	0	nan	0	0	0	0.000644	0.000032	0.000644	0.000032	nan	nan
51	U	598	660943	645598	0.000926	225	10	660930	0	0	0	nan	0	0	0	0	0	0	nan	0	0	0	0.000926	0.000038	0.000926	0.000038	nan	nan
52	U	534	660943	645366	0.000827	225	10	660930	0	0	0	nan	0	0	0	0	0	0	nan	0	0	0	0.000827	0.000036	0.000827	0.000036	nan	nan
53	A	303	660944	658638	0.000460	225	10	660926	0	0	0	nan	0	0	0	0	0	0	nan	0	0	0	0.000460	0.000026	0.000460	0.000026	nan	nan
54	A	307	660566	656655	0.000468	99	10	659908	0	0	0	nan	0	0	0	0	0	0	nan	0	0	0	0.000468	0.000027	0.000468	0.000027	nan	nan
55	U	602	660566	656032	0.000918	97	10	659991	0	0	0	nan	0	0	0	0	0	0	nan	0	0	0	0.000918	0.000037	0.000918	0.000037	nan	nan
56	G	404	660569	656129	0.000616	97	10	660048	0	0	0	nan	0	0	0	0	0	0	nan	0	0	0	0.000616	0.000031	0.000616	0.000031	nan	nan
57	G	0	660581	656258	0.000000	97	10	660541	0	0	0	nan	0	0	0	0	0	0	nan	0	0	0	0.000000	0.000000	0.000000	0.000000	nan	nan
58	A	0	660589	0	nan	97	10	660589	0	0	0	nan	0	0	0	0	0	0	nan	0	0	0	nan	nan	nan	nan	nan	nan
59	A	0	660589	0	nan	97	10	660589	0	0	0	nan	0	0	0	0	0	0	nan	0	0	0	nan	nan	nan	nan	nan	nan
60	G	0	660589	0	nan	96	10	660589	0	0	0	nan	0	0	0	0	0	0	nan	0	0	0	nan	nan	nan	nan	nan	nan
61	u	0	660589	0	nan	96	10	660589	0	0	0	nan	0	0	0	0	0	0	nan	0	0	0	nan	nan	nan	nan	nan	nan
62	a	0	660589	0	nan	96	10	660589	0	0	0	nan	0	0	0	0	0	0	nan	0	0	0	nan	nan	nan	nan	nan	nan
63	a	0	660589	0	nan	96	10	660589	0	0	0	nan	0	0	0	0	0	0	nan	0	0	0	nan	nan	nan	nan	nan	nan
64	a	0	660589	0	nan	96	10	660589	0	0	0	nan	0	0	0	0	0	0	nan	0	0	0	nan	nan	nan	nan	nan	nan
65	g	0	660589	0	nan	95	10	660589	0	0	0	nan	0	0	0	0	0	0	nan	0	0	0	nan	nan	nan	nan	nan	nan
66	g	0	660589	0	nan	95	10	660589	0	0	0	nan	0	0	0	0	0	0	nan	0	0	0	nan	nan	nan	nan	nan	nan
67	u	0	660589	0	nan	94	10	660589	0	0	0	nan	0	0	0	0	0	0	nan	0	0	0	nan	nan	nan	nan	nan	nan
68	a	0	660589	0	nan	94	10	660589	0	0	0	nan	0	0	0	0	0	0	nan	0	0	0	nan	nan	nan	nan	nan	nan
69	a	0	660589	0	nan	94	10	660589	0	0	0	nan	0	0	0	0	0	0	nan	0	0	0	nan	nan	nan	nan	nan	nan
70	u	0	660589	0	nan	93	10	660589	0	0	0	nan	0	0	0	0	0	0	nan	0	0	0	nan	nan	nan	nan	nan	nan
71	g	0	660589	0	nan	93	10	660589	0	0	0	nan	0	0	0	0	0	0	nan	0	0	0	nan	nan	nan	nan	nan	nan
72	a	0	660589	0	nan	93	10	660589	0	0	0	nan	0	0	0	0	0	0	nan	0	0	0	nan	nan	nan	nan	nan	nan
73	a	0	660589	0	nan	93	10	660589	0	0	0	nan	0	0	0	0	0	0	nan	0	0	0	nan	nan	nan	nan	nan	nan
74	g	0	660587	0	nan	93	10	660587	0	0	0	nan	0	0	0	0	0	0	nan	0	0	0	nan	nan	nan	nan	nan	nan
75	g	0	660584	0	nan	93	10	660584	0	0	0	nan	0	0	0	0	0	0	nan	0	0	0	nan	nan	nan	nan	nan	nan
76	u	0	660567	0	nan	93	10	660567	0	0	0	nan	0	0	0	0	0	0	nan	0	0	0	nan	nan	nan	nan	nan	nan
77	g	0	660554	0	nan	93	10	660554	0	0	0	nan	0	0	0	0	0	0	nan	0	0	0	nan	nan	nan	nan	nan	nan
78	a	0	660538	0	nan	93	10	660538	0	0	0	nan	0	0	0	0	0	0	nan	0	0	0	nan	nan	nan	nan	nan	nan
79	a	0	660365	0	nan	93	10	660365	0	0	0	nan	0	0	0	0	0	0	nan	0	0	0	nan	nan	nan	nan	nan	nan
80	g	0	660075	0	nan	93	10	660075	0	0	0	nan	0	0	0	0	0	0	nan	0	0	0	nan	nan	nan	nan	nan	nan