Nucleotide	Sequence	Modified_mutations	Modified_read_depth	Modified_effective_depth	Modified_rate	Modified_off_target_mapped_depth	Modified_low_mapq_mapped_depth	Modified_primer_pair_1_mapped_depth	Untreated_mutations	Untreated_read_depth	Untreated_effective_depth	Untreated_rate	Untreated_off_target_mapped_depth	Untreated_low_mapq_mapped_depth	Untreated_primer_pair_1_mapped_depth	Denatured_mutations	Denatured_read_depth	Denatured_effective_depth	Denatured_rate	Denatured_off_target_mapped_depth	Denatured_low_mapq_mapped_depth	Denatured_primer_pair_1_mapped_depth	Reactivity_profile	Std_err	HQ_profile	HQ_stderr	Norm_profile	Norm_stderr
1	g	0	416914	0	nan	10	1	416914	0	0	0	nan	0	0	0	0	0	0	nan	0	0	0	nan	nan	nan	nan	nan	nan
2	g	0	417132	0	nan	10	1	417132	0	0	0	nan	0	0	0	0	0	0	nan	0	0	0	nan	nan	nan	nan	nan	nan
3	u	0	417229	0	nan	10	1	417229	0	0	0	nan	0	0	0	0	0	0	nan	0	0	0	nan	nan	nan	nan	nan	nan
4	g	0	417283	0	nan	10	1	417283	0	0	0	nan	0	0	0	0	0	0	nan	0	0	0	nan	nan	nan	nan	nan	nan
5	u	0	417323	0	nan	10	1	417323	0	0	0	nan	0	0	0	0	0	0	nan	0	0	0	nan	nan	nan	nan	nan	nan
6	a	0	417328	0	nan	10	1	417328	0	0	0	nan	0	0	0	0	0	0	nan	0	0	0	nan	nan	nan	nan	nan	nan
7	a	0	417330	0	nan	10	1	417330	0	0	0	nan	0	0	0	0	0	0	nan	0	0	0	nan	nan	nan	nan	nan	nan
8	g	0	417337	0	nan	10	1	417337	0	0	0	nan	0	0	0	0	0	0	nan	0	0	0	nan	nan	nan	nan	nan	nan
9	g	0	417393	0	nan	10	1	417393	0	0	0	nan	0	0	0	0	0	0	nan	0	0	0	nan	nan	nan	nan	nan	nan
10	g	0	424171	0	nan	10	1	424171	0	0	0	nan	0	0	0	0	0	0	nan	0	0	0	nan	nan	nan	nan	nan	nan
11	u	0	424255	0	nan	10	1	424255	0	0	0	nan	0	0	0	0	0	0	nan	0	0	0	nan	nan	nan	nan	nan	nan
12	g	0	424296	0	nan	10	1	424296	0	0	0	nan	0	0	0	0	0	0	nan	0	0	0	nan	nan	nan	nan	nan	nan
13	a	0	424300	0	nan	14	1	424300	0	0	0	nan	0	0	0	0	0	0	nan	0	0	0	nan	nan	nan	nan	nan	nan
14	a	0	424300	0	nan	14	1	424300	0	0	0	nan	0	0	0	0	0	0	nan	0	0	0	nan	nan	nan	nan	nan	nan
15	g	0	424306	0	nan	163	1	424306	0	0	0	nan	0	0	0	0	0	0	nan	0	0	0	nan	nan	nan	nan	nan	nan
16	u	0	424309	0	nan	170	1	424309	0	0	0	nan	0	0	0	0	0	0	nan	0	0	0	nan	nan	nan	nan	nan	nan
17	g	0	424313	0	nan	170	1	424313	0	0	0	nan	0	0	0	0	0	0	nan	0	0	0	nan	nan	nan	nan	nan	nan
18	u	0	424314	0	nan	172	1	424314	0	0	0	nan	0	0	0	0	0	0	nan	0	0	0	nan	nan	nan	nan	nan	nan
19	a	0	424326	0	nan	172	1	424326	0	0	0	nan	0	0	0	0	0	0	nan	0	0	0	nan	nan	nan	nan	nan	nan
20	A	0	424339	4	0.000000	175	1	424339	0	0	0	nan	0	0	0	0	0	0	nan	0	0	0	0.000000	0.000000	nan	nan	nan	nan
21	G	0	424345	9	0.000000	185	1	424345	0	0	0	nan	0	0	0	0	0	0	nan	0	0	0	0.000000	0.000000	nan	nan	nan	nan
22	G	0	424347	11	0.000000	185	1	424347	0	0	0	nan	0	0	0	0	0	0	nan	0	0	0	0.000000	0.000000	nan	nan	nan	nan
23	U	0	424351	423185	0.000000	190	1	424351	0	0	0	nan	0	0	0	0	0	0	nan	0	0	0	0.000000	0.000000	0.000000	0.000000	nan	nan
24	U	454	424352	423168	0.001073	190	1	424352	0	0	0	nan	0	0	0	0	0	0	nan	0	0	0	0.001073	0.000050	0.001073	0.000050	nan	nan
25	G	214	424354	422472	0.000507	190	1	424354	0	0	0	nan	0	0	0	0	0	0	nan	0	0	0	0.000507	0.000035	0.000507	0.000035	nan	nan
26	A	9173	424355	422613	0.021705	190	1	424355	0	0	0	nan	0	0	0	0	0	0	nan	0	0	0	0.021705	0.000227	0.021705	0.000227	0.947755	0.009912
27	A	9473	424356	422120	0.022441	190	1	424356	0	0	0	nan	0	0	0	0	0	0	nan	0	0	0	0.022441	0.000231	0.022441	0.000231	0.979892	0.010087
28	C	9600	424356	420953	0.022805	190	1	424355	0	0	0	nan	0	0	0	0	0	0	nan	0	0	0	0.022805	0.000233	0.022805	0.000233	0.841482	0.008597
29	U	480	424358	421774	0.001138	190	1	424357	0	0	0	nan	0	0	0	0	0	0	nan	0	0	0	0.001138	0.000052	0.001138	0.000052	nan	nan
30	U	587	424358	422156	0.001390	190	1	424356	0	0	0	nan	0	0	0	0	0	0	nan	0	0	0	0.001390	0.000057	0.001390	0.000057	nan	nan
31	U	722	424362	422420	0.001709	190	1	424359	0	0	0	nan	0	0	0	0	0	0	nan	0	0	0	0.001709	0.000064	0.001709	0.000064	nan	nan
32	U	474	424372	422751	0.001121	190	1	424363	0	0	0	nan	0	0	0	0	0	0	nan	0	0	0	0.001121	0.000051	0.001121	0.000051	nan	nan
33	G	121	424472	421925	0.000287	190	1	424456	0	0	0	nan	0	0	0	0	0	0	nan	0	0	0	0.000287	0.000026	0.000287	0.000026	nan	nan
34	A	9737	424520	422343	0.023055	190	1	424503	0	0	0	nan	0	0	0	0	0	0	nan	0	0	0	0.023055	0.000234	0.023055	0.000234	1.006703	0.010218
35	A	8807	424531	421910	0.020874	190	1	424515	0	0	0	nan	0	0	0	0	0	0	nan	0	0	0	0.020874	0.000222	0.020874	0.000222	0.911469	0.009694
36	U	339	424534	422040	0.000803	190	1	424518	0	0	0	nan	0	0	0	0	0	0	nan	0	0	0	0.000803	0.000044	0.000803	0.000044	nan	nan
37	A	8890	424536	422251	0.021054	190	1	424518	0	0	0	nan	0	0	0	0	0	0	nan	0	0	0	0.021054	0.000223	0.021054	0.000223	0.919328	0.009737
38	G	324	424539	420670	0.000770	193	1	424521	0	0	0	nan	0	0	0	0	0	0	nan	0	0	0	0.000770	0.000043	0.000770	0.000043	nan	nan
39	U	502	424540	422646	0.001188	193	1	424521	0	0	0	nan	0	0	0	0	0	0	nan	0	0	0	0.001188	0.000053	0.001188	0.000053	nan	nan
40	G	371	424543	421394	0.000880	193	1	424523	0	0	0	nan	0	0	0	0	0	0	nan	0	0	0	0.000880	0.000046	0.000880	0.000046	nan	nan
41	A	11008	424544	421947	0.026089	193	1	424520	0	0	0	nan	0	0	0	0	0	0	nan	0	0	0	0.026089	0.000249	0.026089	0.000249	1.139183	0.010873
42	U	747	424545	421638	0.001772	193	1	424527	0	0	0	nan	0	0	0	0	0	0	nan	0	0	0	0.001772	0.000065	0.001772	0.000065	nan	nan
43	U	572	424546	421783	0.001356	194	1	424527	0	0	0	nan	0	0	0	0	0	0	nan	0	0	0	0.001356	0.000057	0.001356	0.000057	nan	nan
44	C	12016	424551	421129	0.028533	194	1	424532	0	0	0	nan	0	0	0	0	0	0	nan	0	0	0	0.028533	0.000260	0.028533	0.000260	1.052839	0.009594
45	A	9893	424555	421534	0.023469	194	1	424536	0	0	0	nan	0	0	0	0	0	0	nan	0	0	0	0.023469	0.000236	0.023469	0.000236	1.024780	0.010305
46	G	266	424564	421038	0.000632	195	1	424549	0	0	0	nan	0	0	0	0	0	0	nan	0	0	0	0.000632	0.000039	0.000632	0.000039	nan	nan
47	G	268	424568	421084	0.000636	195	1	424554	0	0	0	nan	0	0	0	0	0	0	nan	0	0	0	0.000636	0.000039	0.000636	0.000039	nan	nan
48	A	9049	424570	421987	0.021444	196	1	424555	0	0	0	nan	0	0	0	0	0	0	nan	0	0	0	0.021444	0.000225	0.021444	0.000225	0.936358	0.009825
49	G	330	424579	421457	0.000783	196	1	424568	0	0	0	nan	0	0	0	0	0	0	nan	0	0	0	0.000783	0.000043	0.000783	0.000043	nan	nan
50	G	328	424579	414371	0.000792	196	1	424570	0	0	0	nan	0	0	0	0	0	0	nan	0	0	0	0.000792	0.000044	0.000792	0.000044	nan	nan
51	U	492	424581	415205	0.001185	196	1	424572	0	0	0	nan	0	0	0	0	0	0	nan	0	0	0	0.001185	0.000053	0.001185	0.000053	nan	nan
52	U	552	424581	414639	0.001331	196	1	424573	0	0	0	nan	0	0	0	0	0	0	nan	0	0	0	0.001331	0.000057	0.001331	0.000057	nan	nan
53	A	8657	424582	420813	0.020572	195	1	424558	0	0	0	nan	0	0	0	0	0	0	nan	0	0	0	0.020572	0.000221	0.020572	0.000221	0.898282	0.009650
54	A	7952	424309	419883	0.018939	160	1	423917	0	0	0	nan	0	0	0	0	0	0	nan	0	0	0	0.018939	0.000212	0.018939	0.000212	0.826976	0.009257
55	U	641	424309	419821	0.001527	160	1	423978	0	0	0	nan	0	0	0	0	0	0	nan	0	0	0	0.001527	0.000060	0.001527	0.000060	nan	nan
56	G	406	424312	420112	0.000966	159	1	424013	0	0	0	nan	0	0	0	0	0	0	nan	0	0	0	0.000966	0.000048	0.000966	0.000048	nan	nan
57	G	0	424329	419436	0.000000	159	1	424305	0	0	0	nan	0	0	0	0	0	0	nan	0	0	0	0.000000	0.000000	0.000000	0.000000	nan	nan
58	A	0	424335	0	nan	158	1	424335	0	0	0	nan	0	0	0	0	0	0	nan	0	0	0	nan	nan	nan	nan	nan	nan
59	A	0	424335	0	nan	157	1	424335	0	0	0	nan	0	0	0	0	0	0	nan	0	0	0	nan	nan	nan	nan	nan	nan
60	G	0	424335	0	nan	154	1	424335	0	0	0	nan	0	0	0	0	0	0	nan	0	0	0	nan	nan	nan	nan	nan	nan
61	u	0	424335	0	nan	154	1	424335	0	0	0	nan	0	0	0	0	0	0	nan	0	0	0	nan	nan	nan	nan	nan	nan
62	a	0	424335	0	nan	154	1	424335	0	0	0	nan	0	0	0	0	0	0	nan	0	0	0	nan	nan	nan	nan	nan	nan
63	a	0	424335	0	nan	154	1	424335	0	0	0	nan	0	0	0	0	0	0	nan	0	0	0	nan	nan	nan	nan	nan	nan
64	a	0	424335	0	nan	152	1	424335	0	0	0	nan	0	0	0	0	0	0	nan	0	0	0	nan	nan	nan	nan	nan	nan
65	g	0	424335	0	nan	149	1	424335	0	0	0	nan	0	0	0	0	0	0	nan	0	0	0	nan	nan	nan	nan	nan	nan
66	g	0	424335	0	nan	149	1	424335	0	0	0	nan	0	0	0	0	0	0	nan	0	0	0	nan	nan	nan	nan	nan	nan
67	u	0	424335	0	nan	147	1	424335	0	0	0	nan	0	0	0	0	0	0	nan	0	0	0	nan	nan	nan	nan	nan	nan
68	a	0	424335	0	nan	147	1	424335	0	0	0	nan	0	0	0	0	0	0	nan	0	0	0	nan	nan	nan	nan	nan	nan
69	a	0	424335	0	nan	147	1	424335	0	0	0	nan	0	0	0	0	0	0	nan	0	0	0	nan	nan	nan	nan	nan	nan
70	u	0	424335	0	nan	147	1	424335	0	0	0	nan	0	0	0	0	0	0	nan	0	0	0	nan	nan	nan	nan	nan	nan
71	g	0	424335	0	nan	147	1	424335	0	0	0	nan	0	0	0	0	0	0	nan	0	0	0	nan	nan	nan	nan	nan	nan
72	a	0	424334	0	nan	147	1	424334	0	0	0	nan	0	0	0	0	0	0	nan	0	0	0	nan	nan	nan	nan	nan	nan
73	a	0	424333	0	nan	147	1	424333	0	0	0	nan	0	0	0	0	0	0	nan	0	0	0	nan	nan	nan	nan	nan	nan
74	g	0	424333	0	nan	147	1	424333	0	0	0	nan	0	0	0	0	0	0	nan	0	0	0	nan	nan	nan	nan	nan	nan
75	g	0	424332	0	nan	147	1	424332	0	0	0	nan	0	0	0	0	0	0	nan	0	0	0	nan	nan	nan	nan	nan	nan
76	u	0	424329	0	nan	147	1	424329	0	0	0	nan	0	0	0	0	0	0	nan	0	0	0	nan	nan	nan	nan	nan	nan
77	g	0	424321	0	nan	147	1	424321	0	0	0	nan	0	0	0	0	0	0	nan	0	0	0	nan	nan	nan	nan	nan	nan
78	a	0	424313	0	nan	147	1	424313	0	0	0	nan	0	0	0	0	0	0	nan	0	0	0	nan	nan	nan	nan	nan	nan
79	a	0	424184	0	nan	147	1	424184	0	0	0	nan	0	0	0	0	0	0	nan	0	0	0	nan	nan	nan	nan	nan	nan
80	g	0	423995	0	nan	147	1	423995	0	0	0	nan	0	0	0	0	0	0	nan	0	0	0	nan	nan	nan	nan	nan	nan