Nucleotide	Sequence	Modified_mutations	Modified_read_depth	Modified_effective_depth	Modified_rate	Modified_off_target_mapped_depth	Modified_low_mapq_mapped_depth	Modified_primer_pair_1_mapped_depth	Untreated_mutations	Untreated_read_depth	Untreated_effective_depth	Untreated_rate	Untreated_off_target_mapped_depth	Untreated_low_mapq_mapped_depth	Untreated_primer_pair_1_mapped_depth	Denatured_mutations	Denatured_read_depth	Denatured_effective_depth	Denatured_rate	Denatured_off_target_mapped_depth	Denatured_low_mapq_mapped_depth	Denatured_primer_pair_1_mapped_depth	Reactivity_profile	Std_err	HQ_profile	HQ_stderr	Norm_profile	Norm_stderr
1	g	0	155259	0	nan	9	0	155259	0	0	0	nan	0	0	0	0	0	0	nan	0	0	0	nan	nan	nan	nan	nan	nan
2	g	0	155634	0	nan	9	0	155634	0	0	0	nan	0	0	0	0	0	0	nan	0	0	0	nan	nan	nan	nan	nan	nan
3	c	0	155732	0	nan	12	0	155732	0	0	0	nan	0	0	0	0	0	0	nan	0	0	0	nan	nan	nan	nan	nan	nan
4	a	0	155755	0	nan	12	0	155755	0	0	0	nan	0	0	0	0	0	0	nan	0	0	0	nan	nan	nan	nan	nan	nan
5	c	0	155771	0	nan	12	0	155771	0	0	0	nan	0	0	0	0	0	0	nan	0	0	0	nan	nan	nan	nan	nan	nan
6	c	0	156853	0	nan	13	0	156853	0	0	0	nan	0	0	0	0	0	0	nan	0	0	0	nan	nan	nan	nan	nan	nan
7	u	0	156920	0	nan	13	0	156920	0	0	0	nan	0	0	0	0	0	0	nan	0	0	0	nan	nan	nan	nan	nan	nan
8	c	0	156922	0	nan	13	0	156922	0	0	0	nan	0	0	0	0	0	0	nan	0	0	0	nan	nan	nan	nan	nan	nan
9	a	0	156925	0	nan	13	0	156925	0	0	0	nan	0	0	0	0	0	0	nan	0	0	0	nan	nan	nan	nan	nan	nan
10	u	0	156925	0	nan	13	0	156925	0	0	0	nan	0	0	0	0	0	0	nan	0	0	0	nan	nan	nan	nan	nan	nan
11	a	0	156927	0	nan	13	0	156927	0	0	0	nan	0	0	0	0	0	0	nan	0	0	0	nan	nan	nan	nan	nan	nan
12	a	0	156933	0	nan	13	0	156933	0	0	0	nan	0	0	0	0	0	0	nan	0	0	0	nan	nan	nan	nan	nan	nan
13	c	0	156939	0	nan	13	0	156939	0	0	0	nan	0	0	0	0	0	0	nan	0	0	0	nan	nan	nan	nan	nan	nan
14	a	0	156940	0	nan	13	0	156940	0	0	0	nan	0	0	0	0	0	0	nan	0	0	0	nan	nan	nan	nan	nan	nan
15	u	0	156943	0	nan	13	0	156943	0	0	0	nan	0	0	0	0	0	0	nan	0	0	0	nan	nan	nan	nan	nan	nan
16	a	0	156943	0	nan	13	0	156943	0	0	0	nan	0	0	0	0	0	0	nan	0	0	0	nan	nan	nan	nan	nan	nan
17	a	0	156943	0	nan	13	0	156943	0	0	0	nan	0	0	0	0	0	0	nan	0	0	0	nan	nan	nan	nan	nan	nan
18	c	0	156950	0	nan	13	0	156950	0	0	0	nan	0	0	0	0	0	0	nan	0	0	0	nan	nan	nan	nan	nan	nan
19	U	0	156951	1	0.000000	13	0	156951	0	0	0	nan	0	0	0	0	0	0	nan	0	0	0	0.000000	0.000000	nan	nan	nan	nan
20	A	0	156958	5	0.000000	13	0	156958	0	0	0	nan	0	0	0	0	0	0	nan	0	0	0	0.000000	0.000000	nan	nan	nan	nan
21	A	0	156961	6	0.000000	13	0	156961	0	0	0	nan	0	0	0	0	0	0	nan	0	0	0	0.000000	0.000000	nan	nan	nan	nan
22	G	0	156968	155360	0.000000	13	0	156968	0	0	0	nan	0	0	0	0	0	0	nan	0	0	0	0.000000	0.000000	0.000000	0.000000	0.000000	0.000000
23	G	448	156975	153277	0.002923	13	0	156975	0	0	0	nan	0	0	0	0	0	0	nan	0	0	0	0.002923	0.000138	0.002923	0.000138	1.030677	0.048660
24	C	4906	156978	154849	0.031682	13	0	156978	0	0	0	nan	0	0	0	0	0	0	nan	0	0	0	0.031682	0.000452	0.031682	0.000452	1.031533	0.014717
25	A	3182	156983	155298	0.020490	13	0	156983	0	0	0	nan	0	0	0	0	0	0	nan	0	0	0	0.020490	0.000363	0.020490	0.000363	0.976551	0.017301
26	G	305	156992	151083	0.002019	13	0	156992	0	0	0	nan	0	0	0	0	0	0	nan	0	0	0	0.002019	0.000116	0.002019	0.000116	0.711918	0.040903
27	A	2596	157005	151822	0.017099	13	0	157003	0	0	0	nan	0	0	0	0	0	0	nan	0	0	0	0.017099	0.000336	0.017099	0.000336	0.814937	0.016014
28	U	703	157007	151695	0.004634	13	0	157005	0	0	0	nan	0	0	0	0	0	0	nan	0	0	0	0.004634	0.000175	0.004634	0.000175	1.085754	0.041003
29	C	4026	157013	155401	0.025907	13	0	157009	0	0	0	nan	0	0	0	0	0	0	nan	0	0	0	0.025907	0.000408	0.025907	0.000408	0.843505	0.013284
30	U	606	157014	155300	0.003902	13	0	157009	0	0	0	nan	0	0	0	0	0	0	nan	0	0	0	0.003902	0.000159	0.003902	0.000159	0.914246	0.037254
31	G	382	157014	154571	0.002471	13	0	157008	0	0	0	nan	0	0	0	0	0	0	nan	0	0	0	0.002471	0.000126	0.002471	0.000126	0.871298	0.044429
32	A	3443	157015	154867	0.022232	13	0	157010	0	0	0	nan	0	0	0	0	0	0	nan	0	0	0	0.022232	0.000379	0.022232	0.000379	1.059575	0.018063
33	G	367	157019	152858	0.002401	13	0	157013	0	0	0	nan	0	0	0	0	0	0	nan	0	0	0	0.002401	0.000125	0.002401	0.000125	0.846615	0.044076
34	C	4089	157019	150604	0.027151	13	0	157011	0	0	0	nan	0	0	0	0	0	0	nan	0	0	0	0.027151	0.000425	0.027151	0.000425	0.884009	0.013838
35	C	3820	157020	144086	0.026512	13	0	157007	0	0	0	nan	0	0	0	0	0	0	nan	0	0	0	0.026512	0.000429	0.026512	0.000429	0.863203	0.013968
36	U	548	157029	143552	0.003817	13	0	157014	0	0	0	nan	0	0	0	0	0	0	nan	0	0	0	0.003817	0.000163	0.003817	0.000163	0.894330	0.038191
37	U	673	157036	144710	0.004651	13	0	157015	0	0	0	nan	0	0	0	0	0	0	nan	0	0	0	0.004651	0.000179	0.004651	0.000179	1.089738	0.041940
38	C	3881	157036	151306	0.025650	13	0	157012	0	0	0	nan	0	0	0	0	0	0	nan	0	0	0	0.025650	0.000412	0.025650	0.000412	0.835138	0.013414
39	G	353	157059	151383	0.002332	13	0	157043	0	0	0	nan	0	0	0	0	0	0	nan	0	0	0	0.002332	0.000124	0.002332	0.000124	0.822285	0.043724
40	G	508	157076	152411	0.003333	13	0	157069	0	0	0	nan	0	0	0	0	0	0	nan	0	0	0	0.003333	0.000148	0.003333	0.000148	1.175247	0.052186
41	G	313	157076	151335	0.002068	13	0	157072	0	0	0	nan	0	0	0	0	0	0	nan	0	0	0	0.002068	0.000117	0.002068	0.000117	0.729196	0.041255
42	A	3188	157076	151942	0.020982	13	0	157071	0	0	0	nan	0	0	0	0	0	0	nan	0	0	0	0.020982	0.000372	0.020982	0.000372	1.000000	0.017729
43	G	314	157078	152759	0.002056	13	0	157074	0	0	0	nan	0	0	0	0	0	0	nan	0	0	0	0.002056	0.000116	0.002056	0.000116	0.724965	0.040903
44	C	4317	157078	155242	0.027808	13	0	157075	0	0	0	nan	0	0	0	0	0	0	nan	0	0	0	0.027808	0.000423	0.027808	0.000423	0.905400	0.013772
45	U	487	157077	155477	0.003132	13	0	157073	0	0	0	nan	0	0	0	0	0	0	nan	0	0	0	0.003132	0.000142	0.003132	0.000142	0.733833	0.033271
46	C	3777	157077	155517	0.024287	13	0	157073	0	0	0	nan	0	0	0	0	0	0	nan	0	0	0	0.024287	0.000395	0.024287	0.000395	0.790760	0.012861
47	U	484	157074	155413	0.003114	13	0	157066	0	0	0	nan	0	0	0	0	0	0	nan	0	0	0	0.003114	0.000142	0.003114	0.000142	0.729616	0.033271
48	C	4142	157074	155002	0.026722	13	0	157061	0	0	0	nan	0	0	0	0	0	0	nan	0	0	0	0.026722	0.000415	0.026722	0.000415	0.870041	0.013512
49	U	552	157075	155046	0.003560	13	0	157065	0	0	0	nan	0	0	0	0	0	0	nan	0	0	0	0.003560	0.000152	0.003560	0.000152	0.834114	0.035614
50	G	435	157077	153396	0.002836	13	0	157066	0	0	0	nan	0	0	0	0	0	0	nan	0	0	0	0.002836	0.000136	0.002836	0.000136	1.000000	0.047955
51	C	5827	157078	154842	0.037632	13	0	157068	0	0	0	nan	0	0	0	0	0	0	nan	0	0	0	0.037632	0.000493	0.037632	0.000493	1.225259	0.016052
52	C	5314	157079	155255	0.034228	13	0	157071	0	0	0	nan	0	0	0	0	0	0	nan	0	0	0	0.034228	0.000470	0.034228	0.000470	1.114429	0.015303
53	A	2117	157078	155550	0.013610	13	0	157075	0	0	0	nan	0	0	0	0	0	0	nan	0	0	0	0.013610	0.000296	0.013610	0.000296	0.648651	0.014107
54	A	0	157006	155475	0.000000	13	0	157006	0	0	0	nan	0	0	0	0	0	0	nan	0	0	0	0.000000	0.000000	0.000000	0.000000	0.000000	0.000000
55	U	0	157005	1	0.000000	9	0	157005	0	0	0	nan	0	0	0	0	0	0	nan	0	0	0	0.000000	0.000000	nan	nan	nan	nan
56	C	0	157004	0	nan	8	0	157004	0	0	0	nan	0	0	0	0	0	0	nan	0	0	0	nan	nan	nan	nan	nan	nan
57	C	0	157004	0	nan	8	0	157004	0	0	0	nan	0	0	0	0	0	0	nan	0	0	0	nan	nan	nan	nan	nan	nan
58	a	0	157004	0	nan	8	0	157004	0	0	0	nan	0	0	0	0	0	0	nan	0	0	0	nan	nan	nan	nan	nan	nan
59	c	0	157004	0	nan	8	0	157004	0	0	0	nan	0	0	0	0	0	0	nan	0	0	0	nan	nan	nan	nan	nan	nan
60	u	0	157004	0	nan	8	0	157004	0	0	0	nan	0	0	0	0	0	0	nan	0	0	0	nan	nan	nan	nan	nan	nan
61	a	0	157004	0	nan	8	0	157004	0	0	0	nan	0	0	0	0	0	0	nan	0	0	0	nan	nan	nan	nan	nan	nan
62	a	0	157004	0	nan	8	0	157004	0	0	0	nan	0	0	0	0	0	0	nan	0	0	0	nan	nan	nan	nan	nan	nan
63	c	0	157004	0	nan	0	0	157004	0	0	0	nan	0	0	0	0	0	0	nan	0	0	0	nan	nan	nan	nan	nan	nan
64	c	0	157004	0	nan	0	0	157004	0	0	0	nan	0	0	0	0	0	0	nan	0	0	0	nan	nan	nan	nan	nan	nan
65	u	0	157004	0	nan	0	0	157004	0	0	0	nan	0	0	0	0	0	0	nan	0	0	0	nan	nan	nan	nan	nan	nan
66	c	0	157004	0	nan	0	0	157004	0	0	0	nan	0	0	0	0	0	0	nan	0	0	0	nan	nan	nan	nan	nan	nan
67	a	0	157004	0	nan	0	0	157004	0	0	0	nan	0	0	0	0	0	0	nan	0	0	0	nan	nan	nan	nan	nan	nan
68	c	0	157004	0	nan	0	0	157004	0	0	0	nan	0	0	0	0	0	0	nan	0	0	0	nan	nan	nan	nan	nan	nan
69	u	0	157004	0	nan	0	0	157004	0	0	0	nan	0	0	0	0	0	0	nan	0	0	0	nan	nan	nan	nan	nan	nan
70	c	0	157004	0	nan	0	0	157004	0	0	0	nan	0	0	0	0	0	0	nan	0	0	0	nan	nan	nan	nan	nan	nan
71	a	0	157003	0	nan	0	0	157003	0	0	0	nan	0	0	0	0	0	0	nan	0	0	0	nan	nan	nan	nan	nan	nan
72	c	0	156999	0	nan	0	0	156999	0	0	0	nan	0	0	0	0	0	0	nan	0	0	0	nan	nan	nan	nan	nan	nan
73	a	0	156987	0	nan	0	0	156987	0	0	0	nan	0	0	0	0	0	0	nan	0	0	0	nan	nan	nan	nan	nan	nan
74	a	0	156938	0	nan	0	0	156938	0	0	0	nan	0	0	0	0	0	0	nan	0	0	0	nan	nan	nan	nan	nan	nan
75	u	0	156858	0	nan	0	0	156858	0	0	0	nan	0	0	0	0	0	0	nan	0	0	0	nan	nan	nan	nan	nan	nan
76	c	0	156645	0	nan	0	0	156645	0	0	0	nan	0	0	0	0	0	0	nan	0	0	0	nan	nan	nan	nan	nan	nan