Nucleotide	Sequence	Modified_mutations	Modified_read_depth	Modified_effective_depth	Modified_rate	Modified_off_target_mapped_depth	Modified_low_mapq_mapped_depth	Modified_primer_pair_1_mapped_depth	Untreated_mutations	Untreated_read_depth	Untreated_effective_depth	Untreated_rate	Untreated_off_target_mapped_depth	Untreated_low_mapq_mapped_depth	Untreated_primer_pair_1_mapped_depth	Denatured_mutations	Denatured_read_depth	Denatured_effective_depth	Denatured_rate	Denatured_off_target_mapped_depth	Denatured_low_mapq_mapped_depth	Denatured_primer_pair_1_mapped_depth	Reactivity_profile	Std_err	HQ_profile	HQ_stderr	Norm_profile	Norm_stderr
1	g	0	260171	0	nan	7	1	260171	0	0	0	nan	0	0	0	0	0	0	nan	0	0	0	nan	nan	nan	nan	nan	nan
2	g	0	260700	0	nan	7	1	260700	0	0	0	nan	0	0	0	0	0	0	nan	0	0	0	nan	nan	nan	nan	nan	nan
3	c	0	260832	0	nan	12	1	260832	0	0	0	nan	0	0	0	0	0	0	nan	0	0	0	nan	nan	nan	nan	nan	nan
4	a	0	260852	0	nan	12	1	260852	0	0	0	nan	0	0	0	0	0	0	nan	0	0	0	nan	nan	nan	nan	nan	nan
5	c	0	260886	0	nan	12	1	260886	0	0	0	nan	0	0	0	0	0	0	nan	0	0	0	nan	nan	nan	nan	nan	nan
6	c	0	262555	0	nan	12	1	262555	0	0	0	nan	0	0	0	0	0	0	nan	0	0	0	nan	nan	nan	nan	nan	nan
7	u	0	262649	0	nan	12	1	262649	0	0	0	nan	0	0	0	0	0	0	nan	0	0	0	nan	nan	nan	nan	nan	nan
8	c	0	262654	0	nan	12	1	262654	0	0	0	nan	0	0	0	0	0	0	nan	0	0	0	nan	nan	nan	nan	nan	nan
9	a	0	262659	0	nan	12	1	262659	0	0	0	nan	0	0	0	0	0	0	nan	0	0	0	nan	nan	nan	nan	nan	nan
10	u	0	262661	0	nan	12	1	262661	0	0	0	nan	0	0	0	0	0	0	nan	0	0	0	nan	nan	nan	nan	nan	nan
11	a	0	262661	0	nan	12	1	262661	0	0	0	nan	0	0	0	0	0	0	nan	0	0	0	nan	nan	nan	nan	nan	nan
12	a	0	262668	0	nan	12	1	262668	0	0	0	nan	0	0	0	0	0	0	nan	0	0	0	nan	nan	nan	nan	nan	nan
13	c	0	262682	0	nan	12	1	262682	0	0	0	nan	0	0	0	0	0	0	nan	0	0	0	nan	nan	nan	nan	nan	nan
14	a	0	262689	0	nan	12	1	262689	0	0	0	nan	0	0	0	0	0	0	nan	0	0	0	nan	nan	nan	nan	nan	nan
15	u	0	262692	0	nan	12	1	262692	0	0	0	nan	0	0	0	0	0	0	nan	0	0	0	nan	nan	nan	nan	nan	nan
16	a	0	262697	0	nan	12	1	262697	0	0	0	nan	0	0	0	0	0	0	nan	0	0	0	nan	nan	nan	nan	nan	nan
17	a	0	262699	0	nan	12	1	262699	0	0	0	nan	0	0	0	0	0	0	nan	0	0	0	nan	nan	nan	nan	nan	nan
18	c	0	262701	0	nan	12	1	262701	0	0	0	nan	0	0	0	0	0	0	nan	0	0	0	nan	nan	nan	nan	nan	nan
19	U	0	262706	2	0.000000	12	1	262706	0	0	0	nan	0	0	0	0	0	0	nan	0	0	0	0.000000	0.000000	nan	nan	nan	nan
20	A	0	262709	5	0.000000	12	1	262709	0	0	0	nan	0	0	0	0	0	0	nan	0	0	0	0.000000	0.000000	nan	nan	nan	nan
21	A	0	262721	17	0.000000	12	1	262721	0	0	0	nan	0	0	0	0	0	0	nan	0	0	0	0.000000	0.000000	nan	nan	nan	nan
22	G	0	262726	260396	0.000000	12	1	262726	0	0	0	nan	0	0	0	0	0	0	nan	0	0	0	0.000000	0.000000	0.000000	0.000000	nan	nan
23	G	210	262730	257237	0.000816	12	1	262730	0	0	0	nan	0	0	0	0	0	0	nan	0	0	0	0.000816	0.000056	0.000816	0.000056	nan	nan
24	C	4432	262737	260276	0.017028	12	1	262737	0	0	0	nan	0	0	0	0	0	0	nan	0	0	0	0.017028	0.000256	0.017028	0.000256	0.864772	0.013001
25	A	3006	262744	261028	0.011516	12	1	262744	0	0	0	nan	0	0	0	0	0	0	nan	0	0	0	0.011516	0.000210	0.011516	0.000210	0.876408	0.015982
26	G	150	262749	253940	0.000591	12	1	262749	0	0	0	nan	0	0	0	0	0	0	nan	0	0	0	0.000591	0.000048	0.000591	0.000048	nan	nan
27	A	2717	262761	254793	0.010664	12	1	262759	0	0	0	nan	0	0	0	0	0	0	nan	0	0	0	0.010664	0.000205	0.010664	0.000205	0.811568	0.015601
28	U	1340	262761	254595	0.005263	12	1	262760	0	0	0	nan	0	0	0	0	0	0	nan	0	0	0	0.005263	0.000144	0.005263	0.000144	1.120622	0.030661
29	C	4465	262764	261042	0.017105	12	1	262761	0	0	0	nan	0	0	0	0	0	0	nan	0	0	0	0.017105	0.000256	0.017105	0.000256	0.868682	0.013001
30	U	918	262768	260864	0.003519	12	1	262764	0	0	0	nan	0	0	0	0	0	0	nan	0	0	0	0.003519	0.000116	0.003519	0.000116	0.749281	0.024699
31	G	210	262769	259764	0.000808	12	1	262761	0	0	0	nan	0	0	0	0	0	0	nan	0	0	0	0.000808	0.000056	0.000808	0.000056	nan	nan
32	A	3672	262769	260405	0.014101	12	1	262761	0	0	0	nan	0	0	0	0	0	0	nan	0	0	0	0.014101	0.000233	0.014101	0.000233	1.073135	0.017732
33	G	210	262776	257077	0.000817	12	1	262767	0	0	0	nan	0	0	0	0	0	0	nan	0	0	0	0.000817	0.000056	0.000817	0.000056	nan	nan
34	C	4320	262776	253425	0.017046	12	1	262763	0	0	0	nan	0	0	0	0	0	0	nan	0	0	0	0.017046	0.000259	0.017046	0.000259	0.865686	0.013153
35	C	4171	262778	242091	0.017229	12	1	262764	0	0	0	nan	0	0	0	0	0	0	nan	0	0	0	0.017229	0.000267	0.017229	0.000267	0.874979	0.013560
36	U	1012	262786	241800	0.004185	12	1	262771	0	0	0	nan	0	0	0	0	0	0	nan	0	0	0	0.004185	0.000132	0.004185	0.000132	0.891089	0.028106
37	U	1286	262800	246907	0.005208	12	1	262780	0	0	0	nan	0	0	0	0	0	0	nan	0	0	0	0.005208	0.000145	0.005208	0.000145	1.108911	0.030874
38	C	5168	262803	258530	0.019990	12	1	262771	0	0	0	nan	0	0	0	0	0	0	nan	0	0	0	0.019990	0.000278	0.019990	0.000278	1.015197	0.014118
39	G	172	262846	257952	0.000667	12	1	262821	0	0	0	nan	0	0	0	0	0	0	nan	0	0	0	0.000667	0.000051	0.000667	0.000051	nan	nan
40	G	167	262878	258742	0.000645	12	1	262871	0	0	0	nan	0	0	0	0	0	0	nan	0	0	0	0.000645	0.000050	0.000645	0.000050	nan	nan
41	G	158	262881	257760	0.000613	12	1	262873	0	0	0	nan	0	0	0	0	0	0	nan	0	0	0	0.000613	0.000049	0.000613	0.000049	nan	nan
42	A	3399	262882	258677	0.013140	12	1	262873	0	0	0	nan	0	0	0	0	0	0	nan	0	0	0	0.013140	0.000225	0.013140	0.000225	1.000000	0.017123
43	G	251	262885	257338	0.000975	12	1	262880	0	0	0	nan	0	0	0	0	0	0	nan	0	0	0	0.000975	0.000062	0.000975	0.000062	nan	nan
44	C	4454	262887	261063	0.017061	12	1	262882	0	0	0	nan	0	0	0	0	0	0	nan	0	0	0	0.017061	0.000256	0.017061	0.000256	0.866447	0.013001
45	U	732	262888	261330	0.002801	12	1	262882	0	0	0	nan	0	0	0	0	0	0	nan	0	0	0	0.002801	0.000104	0.002801	0.000104	0.596402	0.022144
46	C	4240	262888	261493	0.016215	12	1	262882	0	0	0	nan	0	0	0	0	0	0	nan	0	0	0	0.016215	0.000249	0.016215	0.000249	0.823483	0.012646
47	U	1010	262887	261298	0.003865	12	1	262880	0	0	0	nan	0	0	0	0	0	0	nan	0	0	0	0.003865	0.000122	0.003865	0.000122	0.822953	0.025977
48	C	5210	262880	261255	0.019942	12	1	262868	0	0	0	nan	0	0	0	0	0	0	nan	0	0	0	0.019942	0.000276	0.019942	0.000276	1.012760	0.014017
49	U	808	262885	261243	0.003093	12	1	262873	0	0	0	nan	0	0	0	0	0	0	nan	0	0	0	0.003093	0.000109	0.003093	0.000109	0.658576	0.023209
50	G	270	262895	259150	0.001042	12	1	262886	0	0	0	nan	0	0	0	0	0	0	nan	0	0	0	0.001042	0.000063	0.001042	0.000063	nan	nan
51	C	4949	262896	260515	0.018997	12	1	262888	0	0	0	nan	0	0	0	0	0	0	nan	0	0	0	0.018997	0.000270	0.018997	0.000270	0.964768	0.013712
52	C	5193	262898	260669	0.019922	12	1	262893	0	0	0	nan	0	0	0	0	0	0	nan	0	0	0	0.019922	0.000276	0.019922	0.000276	1.011744	0.014017
53	A	2672	262902	260874	0.010242	12	1	262902	0	0	0	nan	0	0	0	0	0	0	nan	0	0	0	0.010242	0.000198	0.010242	0.000198	0.779452	0.015068
54	A	0	262752	260495	0.000000	12	1	262752	0	0	0	nan	0	0	0	0	0	0	nan	0	0	0	0.000000	0.000000	0.000000	0.000000	0.000000	0.000000
55	U	0	262752	0	nan	11	1	262752	0	0	0	nan	0	0	0	0	0	0	nan	0	0	0	nan	nan	nan	nan	nan	nan
56	C	0	262752	0	nan	10	1	262752	0	0	0	nan	0	0	0	0	0	0	nan	0	0	0	nan	nan	nan	nan	nan	nan
57	C	0	262752	0	nan	10	1	262752	0	0	0	nan	0	0	0	0	0	0	nan	0	0	0	nan	nan	nan	nan	nan	nan
58	a	0	262752	0	nan	10	1	262752	0	0	0	nan	0	0	0	0	0	0	nan	0	0	0	nan	nan	nan	nan	nan	nan
59	c	0	262752	0	nan	10	1	262752	0	0	0	nan	0	0	0	0	0	0	nan	0	0	0	nan	nan	nan	nan	nan	nan
60	u	0	262752	0	nan	10	1	262752	0	0	0	nan	0	0	0	0	0	0	nan	0	0	0	nan	nan	nan	nan	nan	nan
61	a	0	262752	0	nan	10	1	262752	0	0	0	nan	0	0	0	0	0	0	nan	0	0	0	nan	nan	nan	nan	nan	nan
62	a	0	262752	0	nan	10	1	262752	0	0	0	nan	0	0	0	0	0	0	nan	0	0	0	nan	nan	nan	nan	nan	nan
63	c	0	262752	0	nan	0	1	262752	0	0	0	nan	0	0	0	0	0	0	nan	0	0	0	nan	nan	nan	nan	nan	nan
64	c	0	262752	0	nan	0	1	262752	0	0	0	nan	0	0	0	0	0	0	nan	0	0	0	nan	nan	nan	nan	nan	nan
65	u	0	262752	0	nan	0	1	262752	0	0	0	nan	0	0	0	0	0	0	nan	0	0	0	nan	nan	nan	nan	nan	nan
66	c	0	262752	0	nan	0	1	262752	0	0	0	nan	0	0	0	0	0	0	nan	0	0	0	nan	nan	nan	nan	nan	nan
67	a	0	262752	0	nan	0	1	262752	0	0	0	nan	0	0	0	0	0	0	nan	0	0	0	nan	nan	nan	nan	nan	nan
68	c	0	262752	0	nan	0	1	262752	0	0	0	nan	0	0	0	0	0	0	nan	0	0	0	nan	nan	nan	nan	nan	nan
69	u	0	262749	0	nan	0	1	262749	0	0	0	nan	0	0	0	0	0	0	nan	0	0	0	nan	nan	nan	nan	nan	nan
70	c	0	262748	0	nan	0	1	262748	0	0	0	nan	0	0	0	0	0	0	nan	0	0	0	nan	nan	nan	nan	nan	nan
71	a	0	262745	0	nan	0	1	262745	0	0	0	nan	0	0	0	0	0	0	nan	0	0	0	nan	nan	nan	nan	nan	nan
72	c	0	262732	0	nan	0	1	262732	0	0	0	nan	0	0	0	0	0	0	nan	0	0	0	nan	nan	nan	nan	nan	nan
73	a	0	262725	0	nan	0	1	262725	0	0	0	nan	0	0	0	0	0	0	nan	0	0	0	nan	nan	nan	nan	nan	nan
74	a	0	262635	0	nan	0	1	262635	0	0	0	nan	0	0	0	0	0	0	nan	0	0	0	nan	nan	nan	nan	nan	nan
75	u	0	262493	0	nan	0	1	262493	0	0	0	nan	0	0	0	0	0	0	nan	0	0	0	nan	nan	nan	nan	nan	nan
76	c	0	262103	0	nan	0	1	262103	0	0	0	nan	0	0	0	0	0	0	nan	0	0	0	nan	nan	nan	nan	nan	nan