Nucleotide	Sequence	Modified_mutations	Modified_read_depth	Modified_effective_depth	Modified_rate	Modified_off_target_mapped_depth	Modified_low_mapq_mapped_depth	Modified_primer_pair_1_mapped_depth	Untreated_mutations	Untreated_read_depth	Untreated_effective_depth	Untreated_rate	Untreated_off_target_mapped_depth	Untreated_low_mapq_mapped_depth	Untreated_primer_pair_1_mapped_depth	Denatured_mutations	Denatured_read_depth	Denatured_effective_depth	Denatured_rate	Denatured_off_target_mapped_depth	Denatured_low_mapq_mapped_depth	Denatured_primer_pair_1_mapped_depth	Reactivity_profile	Std_err	HQ_profile	HQ_stderr	Norm_profile	Norm_stderr
1	g	0	485241	0	nan	6	8	485241	0	0	0	nan	0	0	0	0	0	0	nan	0	0	0	nan	nan	nan	nan	nan	nan
2	g	0	485538	0	nan	6	8	485538	0	0	0	nan	0	0	0	0	0	0	nan	0	0	0	nan	nan	nan	nan	nan	nan
3	u	0	485672	0	nan	6	8	485672	0	0	0	nan	0	0	0	0	0	0	nan	0	0	0	nan	nan	nan	nan	nan	nan
4	g	0	485719	0	nan	6	8	485719	0	0	0	nan	0	0	0	0	0	0	nan	0	0	0	nan	nan	nan	nan	nan	nan
5	u	0	485765	0	nan	6	8	485765	0	0	0	nan	0	0	0	0	0	0	nan	0	0	0	nan	nan	nan	nan	nan	nan
6	a	0	485768	0	nan	6	8	485768	0	0	0	nan	0	0	0	0	0	0	nan	0	0	0	nan	nan	nan	nan	nan	nan
7	a	0	485771	0	nan	6	8	485771	0	0	0	nan	0	0	0	0	0	0	nan	0	0	0	nan	nan	nan	nan	nan	nan
8	g	0	485781	0	nan	6	8	485781	0	0	0	nan	0	0	0	0	0	0	nan	0	0	0	nan	nan	nan	nan	nan	nan
9	g	0	485868	0	nan	6	8	485868	0	0	0	nan	0	0	0	0	0	0	nan	0	0	0	nan	nan	nan	nan	nan	nan
10	g	0	493259	0	nan	6	8	493259	0	0	0	nan	0	0	0	0	0	0	nan	0	0	0	nan	nan	nan	nan	nan	nan
11	u	0	493391	0	nan	6	8	493391	0	0	0	nan	0	0	0	0	0	0	nan	0	0	0	nan	nan	nan	nan	nan	nan
12	g	0	493449	0	nan	6	8	493449	0	0	0	nan	0	0	0	0	0	0	nan	0	0	0	nan	nan	nan	nan	nan	nan
13	a	0	493451	0	nan	9	8	493451	0	0	0	nan	0	0	0	0	0	0	nan	0	0	0	nan	nan	nan	nan	nan	nan
14	a	0	493454	0	nan	9	8	493454	0	0	0	nan	0	0	0	0	0	0	nan	0	0	0	nan	nan	nan	nan	nan	nan
15	g	0	493455	0	nan	86	8	493455	0	0	0	nan	0	0	0	0	0	0	nan	0	0	0	nan	nan	nan	nan	nan	nan
16	u	0	493458	0	nan	95	8	493458	0	0	0	nan	0	0	0	0	0	0	nan	0	0	0	nan	nan	nan	nan	nan	nan
17	g	0	493459	0	nan	95	8	493459	0	0	0	nan	0	0	0	0	0	0	nan	0	0	0	nan	nan	nan	nan	nan	nan
18	u	0	493460	0	nan	97	8	493460	0	0	0	nan	0	0	0	0	0	0	nan	0	0	0	nan	nan	nan	nan	nan	nan
19	a	0	493474	0	nan	97	8	493474	0	0	0	nan	0	0	0	0	0	0	nan	0	0	0	nan	nan	nan	nan	nan	nan
20	A	0	493492	9	0.000000	102	8	493492	0	0	0	nan	0	0	0	0	0	0	nan	0	0	0	0.000000	0.000000	nan	nan	nan	nan
21	G	0	493505	17	0.000000	112	8	493505	0	0	0	nan	0	0	0	0	0	0	nan	0	0	0	0.000000	0.000000	nan	nan	nan	nan
22	G	0	493512	20	0.000000	112	8	493512	0	0	0	nan	0	0	0	0	0	0	nan	0	0	0	0.000000	0.000000	nan	nan	nan	nan
23	U	0	493515	492000	0.000000	117	8	493515	0	0	0	nan	0	0	0	0	0	0	nan	0	0	0	0.000000	0.000000	0.000000	0.000000	nan	nan
24	U	780	493517	491916	0.001586	117	8	493517	0	0	0	nan	0	0	0	0	0	0	nan	0	0	0	0.001586	0.000057	0.001586	0.000057	nan	nan
25	G	453	493521	490466	0.000924	117	8	493521	0	0	0	nan	0	0	0	0	0	0	nan	0	0	0	0.000924	0.000043	0.000924	0.000043	nan	nan
26	A	13748	493522	491072	0.027996	117	8	493519	0	0	0	nan	0	0	0	0	0	0	nan	0	0	0	0.027996	0.000239	0.027996	0.000239	0.944781	0.008066
27	A	14716	493522	490391	0.030009	117	8	493519	0	0	0	nan	0	0	0	0	0	0	nan	0	0	0	0.030009	0.000247	0.030009	0.000247	1.012714	0.008336
28	C	18132	493522	487210	0.037216	117	8	493519	0	0	0	nan	0	0	0	0	0	0	nan	0	0	0	0.037216	0.000276	0.037216	0.000276	0.996266	0.007388
29	U	586	493525	489837	0.001196	117	8	493521	0	0	0	nan	0	0	0	0	0	0	nan	0	0	0	0.001196	0.000049	0.001196	0.000049	nan	nan
30	U	691	493528	490467	0.001409	117	8	493523	0	0	0	nan	0	0	0	0	0	0	nan	0	0	0	0.001409	0.000054	0.001409	0.000054	nan	nan
31	U	833	493534	490801	0.001697	117	8	493528	0	0	0	nan	0	0	0	0	0	0	nan	0	0	0	0.001697	0.000059	0.001697	0.000059	nan	nan
32	U	637	493548	491223	0.001297	117	8	493538	0	0	0	nan	0	0	0	0	0	0	nan	0	0	0	0.001297	0.000051	0.001297	0.000051	nan	nan
33	G	378	493664	489511	0.000772	117	8	493651	0	0	0	nan	0	0	0	0	0	0	nan	0	0	0	0.000772	0.000040	0.000772	0.000040	nan	nan
34	A	14508	493724	490475	0.029579	117	8	493710	0	0	0	nan	0	0	0	0	0	0	nan	0	0	0	0.029579	0.000246	0.029579	0.000246	0.998203	0.008302
35	A	13071	493739	489862	0.026683	117	8	493723	0	0	0	nan	0	0	0	0	0	0	nan	0	0	0	0.026683	0.000233	0.026683	0.000233	0.900472	0.007863
36	U	525	493739	490034	0.001071	117	8	493723	0	0	0	nan	0	0	0	0	0	0	nan	0	0	0	0.001071	0.000047	0.001071	0.000047	nan	nan
37	A	13128	493742	490267	0.026777	117	8	493726	0	0	0	nan	0	0	0	0	0	0	nan	0	0	0	0.026777	0.000234	0.026777	0.000234	0.903644	0.007897
38	G	553	493745	487476	0.001134	118	8	493731	0	0	0	nan	0	0	0	0	0	0	nan	0	0	0	0.001134	0.000048	0.001134	0.000048	nan	nan
39	U	782	493746	490708	0.001594	118	8	493730	0	0	0	nan	0	0	0	0	0	0	nan	0	0	0	0.001594	0.000057	0.001594	0.000057	nan	nan
40	G	795	493747	488661	0.001627	118	8	493731	0	0	0	nan	0	0	0	0	0	0	nan	0	0	0	0.001627	0.000058	0.001627	0.000058	nan	nan
41	A	16753	493748	489565	0.034220	118	8	493730	0	0	0	nan	0	0	0	0	0	0	nan	0	0	0	0.034220	0.000264	0.034220	0.000264	1.154823	0.008909
42	U	1069	493749	489273	0.002185	117	8	493737	0	0	0	nan	0	0	0	0	0	0	nan	0	0	0	0.002185	0.000067	0.002185	0.000067	nan	nan
43	U	805	493750	489468	0.001645	117	8	493735	0	0	0	nan	0	0	0	0	0	0	nan	0	0	0	0.001645	0.000058	0.001645	0.000058	nan	nan
44	C	18272	493752	488533	0.037402	117	8	493737	0	0	0	nan	0	0	0	0	0	0	nan	0	0	0	0.037402	0.000277	0.037402	0.000277	1.001245	0.007415
45	A	14501	493756	489078	0.029650	117	8	493741	0	0	0	nan	0	0	0	0	0	0	nan	0	0	0	0.029650	0.000246	0.029650	0.000246	1.000599	0.008302
46	G	564	493769	488337	0.001155	117	8	493757	0	0	0	nan	0	0	0	0	0	0	nan	0	0	0	0.001155	0.000049	0.001155	0.000049	nan	nan
47	G	485	493777	488390	0.000993	117	8	493765	0	0	0	nan	0	0	0	0	0	0	nan	0	0	0	0.000993	0.000045	0.000993	0.000045	nan	nan
48	A	12673	493778	489790	0.025874	117	8	493759	0	0	0	nan	0	0	0	0	0	0	nan	0	0	0	0.025874	0.000230	0.025874	0.000230	0.873170	0.007762
49	G	518	493784	488993	0.001059	117	8	493771	0	0	0	nan	0	0	0	0	0	0	nan	0	0	0	0.001059	0.000047	0.001059	0.000047	nan	nan
50	G	544	493787	481363	0.001130	117	8	493777	0	0	0	nan	0	0	0	0	0	0	nan	0	0	0	0.001130	0.000048	0.001130	0.000048	nan	nan
51	U	691	493790	482809	0.001431	117	8	493781	0	0	0	nan	0	0	0	0	0	0	nan	0	0	0	0.001431	0.000054	0.001431	0.000054	nan	nan
52	U	697	493790	482013	0.001446	117	8	493782	0	0	0	nan	0	0	0	0	0	0	nan	0	0	0	0.001446	0.000055	0.001446	0.000055	nan	nan
53	A	13256	493786	488508	0.027136	115	8	493761	0	0	0	nan	0	0	0	0	0	0	nan	0	0	0	0.027136	0.000236	0.027136	0.000236	0.915759	0.007964
54	A	11524	493454	487874	0.023621	68	8	493007	0	0	0	nan	0	0	0	0	0	0	nan	0	0	0	0.023621	0.000220	0.023621	0.000220	0.797138	0.007424
55	U	811	493453	488005	0.001662	68	8	493077	0	0	0	nan	0	0	0	0	0	0	nan	0	0	0	0.001662	0.000058	0.001662	0.000058	nan	nan
56	G	652	493457	488369	0.001335	67	8	493128	0	0	0	nan	0	0	0	0	0	0	nan	0	0	0	0.001335	0.000052	0.001335	0.000052	nan	nan
57	G	0	493470	487641	0.000000	67	8	493431	0	0	0	nan	0	0	0	0	0	0	nan	0	0	0	0.000000	0.000000	0.000000	0.000000	nan	nan
58	A	0	493471	0	nan	67	8	493471	0	0	0	nan	0	0	0	0	0	0	nan	0	0	0	nan	nan	nan	nan	nan	nan
59	A	0	493471	0	nan	66	8	493471	0	0	0	nan	0	0	0	0	0	0	nan	0	0	0	nan	nan	nan	nan	nan	nan
60	G	0	493471	0	nan	65	8	493471	0	0	0	nan	0	0	0	0	0	0	nan	0	0	0	nan	nan	nan	nan	nan	nan
61	u	0	493471	0	nan	65	8	493471	0	0	0	nan	0	0	0	0	0	0	nan	0	0	0	nan	nan	nan	nan	nan	nan
62	a	0	493471	0	nan	65	8	493471	0	0	0	nan	0	0	0	0	0	0	nan	0	0	0	nan	nan	nan	nan	nan	nan
63	a	0	493471	0	nan	65	8	493471	0	0	0	nan	0	0	0	0	0	0	nan	0	0	0	nan	nan	nan	nan	nan	nan
64	a	0	493471	0	nan	65	8	493471	0	0	0	nan	0	0	0	0	0	0	nan	0	0	0	nan	nan	nan	nan	nan	nan
65	g	0	493471	0	nan	62	8	493471	0	0	0	nan	0	0	0	0	0	0	nan	0	0	0	nan	nan	nan	nan	nan	nan
66	g	0	493471	0	nan	62	8	493471	0	0	0	nan	0	0	0	0	0	0	nan	0	0	0	nan	nan	nan	nan	nan	nan
67	u	0	493471	0	nan	62	8	493471	0	0	0	nan	0	0	0	0	0	0	nan	0	0	0	nan	nan	nan	nan	nan	nan
68	a	0	493471	0	nan	62	8	493471	0	0	0	nan	0	0	0	0	0	0	nan	0	0	0	nan	nan	nan	nan	nan	nan
69	a	0	493471	0	nan	62	8	493471	0	0	0	nan	0	0	0	0	0	0	nan	0	0	0	nan	nan	nan	nan	nan	nan
70	u	0	493471	0	nan	62	8	493471	0	0	0	nan	0	0	0	0	0	0	nan	0	0	0	nan	nan	nan	nan	nan	nan
71	g	0	493471	0	nan	62	8	493471	0	0	0	nan	0	0	0	0	0	0	nan	0	0	0	nan	nan	nan	nan	nan	nan
72	a	0	493470	0	nan	62	8	493470	0	0	0	nan	0	0	0	0	0	0	nan	0	0	0	nan	nan	nan	nan	nan	nan
73	a	0	493470	0	nan	62	8	493470	0	0	0	nan	0	0	0	0	0	0	nan	0	0	0	nan	nan	nan	nan	nan	nan
74	g	0	493470	0	nan	62	8	493470	0	0	0	nan	0	0	0	0	0	0	nan	0	0	0	nan	nan	nan	nan	nan	nan
75	g	0	493466	0	nan	62	8	493466	0	0	0	nan	0	0	0	0	0	0	nan	0	0	0	nan	nan	nan	nan	nan	nan
76	u	0	493452	0	nan	61	8	493452	0	0	0	nan	0	0	0	0	0	0	nan	0	0	0	nan	nan	nan	nan	nan	nan
77	g	0	493446	0	nan	61	8	493446	0	0	0	nan	0	0	0	0	0	0	nan	0	0	0	nan	nan	nan	nan	nan	nan
78	a	0	493436	0	nan	61	8	493436	0	0	0	nan	0	0	0	0	0	0	nan	0	0	0	nan	nan	nan	nan	nan	nan
79	a	0	493298	0	nan	61	8	493298	0	0	0	nan	0	0	0	0	0	0	nan	0	0	0	nan	nan	nan	nan	nan	nan
80	g	0	493072	0	nan	61	8	493072	0	0	0	nan	0	0	0	0	0	0	nan	0	0	0	nan	nan	nan	nan	nan	nan