Nucleotide	Sequence	Modified_mutations	Modified_read_depth	Modified_effective_depth	Modified_rate	Modified_off_target_mapped_depth	Modified_low_mapq_mapped_depth	Modified_primer_pair_1_mapped_depth	Untreated_mutations	Untreated_read_depth	Untreated_effective_depth	Untreated_rate	Untreated_off_target_mapped_depth	Untreated_low_mapq_mapped_depth	Untreated_primer_pair_1_mapped_depth	Denatured_mutations	Denatured_read_depth	Denatured_effective_depth	Denatured_rate	Denatured_off_target_mapped_depth	Denatured_low_mapq_mapped_depth	Denatured_primer_pair_1_mapped_depth	Reactivity_profile	Std_err	HQ_profile	HQ_stderr	Norm_profile	Norm_stderr
1	g	0	43530	0	nan	13	0	43530	0	0	0	nan	0	0	0	0	0	0	nan	0	0	0	nan	nan	nan	nan	nan	nan
2	g	0	43565	0	nan	13	0	43565	0	0	0	nan	0	0	0	0	0	0	nan	0	0	0	nan	nan	nan	nan	nan	nan
3	u	0	43599	0	nan	13	0	43599	0	0	0	nan	0	0	0	0	0	0	nan	0	0	0	nan	nan	nan	nan	nan	nan
4	g	0	43622	0	nan	13	0	43622	0	0	0	nan	0	0	0	0	0	0	nan	0	0	0	nan	nan	nan	nan	nan	nan
5	u	0	43652	0	nan	13	0	43652	0	0	0	nan	0	0	0	0	0	0	nan	0	0	0	nan	nan	nan	nan	nan	nan
6	a	0	43692	0	nan	13	0	43692	0	0	0	nan	0	0	0	0	0	0	nan	0	0	0	nan	nan	nan	nan	nan	nan
7	a	0	43809	0	nan	13	0	43809	0	0	0	nan	0	0	0	0	0	0	nan	0	0	0	nan	nan	nan	nan	nan	nan
8	g	0	44086	0	nan	13	0	44086	0	0	0	nan	0	0	0	0	0	0	nan	0	0	0	nan	nan	nan	nan	nan	nan
9	g	0	46597	0	nan	13	0	46597	0	0	0	nan	0	0	0	0	0	0	nan	0	0	0	nan	nan	nan	nan	nan	nan
10	g	0	264530	0	nan	13	0	264530	0	0	0	nan	0	0	0	0	0	0	nan	0	0	0	nan	nan	nan	nan	nan	nan
11	u	0	273943	0	nan	13	0	273943	0	0	0	nan	0	0	0	0	0	0	nan	0	0	0	nan	nan	nan	nan	nan	nan
12	g	0	274290	0	nan	13	0	274290	0	0	0	nan	0	0	0	0	0	0	nan	0	0	0	nan	nan	nan	nan	nan	nan
13	a	0	274318	0	nan	13	0	274318	0	0	0	nan	0	0	0	0	0	0	nan	0	0	0	nan	nan	nan	nan	nan	nan
14	a	0	274327	0	nan	13	0	274327	0	0	0	nan	0	0	0	0	0	0	nan	0	0	0	nan	nan	nan	nan	nan	nan
15	g	0	274401	0	nan	18	0	274401	0	0	0	nan	0	0	0	0	0	0	nan	0	0	0	nan	nan	nan	nan	nan	nan
16	u	0	274428	0	nan	18	0	274428	0	0	0	nan	0	0	0	0	0	0	nan	0	0	0	nan	nan	nan	nan	nan	nan
17	g	0	274451	0	nan	18	0	274451	0	0	0	nan	0	0	0	0	0	0	nan	0	0	0	nan	nan	nan	nan	nan	nan
18	u	0	274458	0	nan	18	0	274458	0	0	0	nan	0	0	0	0	0	0	nan	0	0	0	nan	nan	nan	nan	nan	nan
19	a	0	274554	0	nan	18	0	274554	0	0	0	nan	0	0	0	0	0	0	nan	0	0	0	nan	nan	nan	nan	nan	nan
20	A	0	274594	23	0.000000	18	0	274594	0	0	0	nan	0	0	0	0	0	0	nan	0	0	0	0.000000	0.000000	nan	nan	nan	nan
21	G	0	274675	55	0.000000	18	0	274675	0	0	0	nan	0	0	0	0	0	0	nan	0	0	0	0.000000	0.000000	nan	nan	nan	nan
22	G	0	274702	54	0.000000	18	0	274702	0	0	0	nan	0	0	0	0	0	0	nan	0	0	0	0.000000	0.000000	nan	nan	nan	nan
23	U	0	274734	263579	0.000000	18	0	274734	0	0	0	nan	0	0	0	0	0	0	nan	0	0	0	0.000000	0.000000	0.000000	0.000000	nan	nan
24	U	225	274744	270648	0.000831	18	0	274744	0	0	0	nan	0	0	0	0	0	0	nan	0	0	0	0.000831	0.000055	0.000831	0.000055	nan	nan
25	G	208	274760	269767	0.000771	18	0	274760	0	0	0	nan	0	0	0	0	0	0	nan	0	0	0	0.000771	0.000053	0.000771	0.000053	nan	nan
26	A	7581	274763	267655	0.028324	18	0	274763	0	0	0	nan	0	0	0	0	0	0	nan	0	0	0	0.028324	0.000325	0.028324	0.000325	0.859827	0.009866
27	A	8755	274769	265529	0.032972	18	0	274769	0	0	0	nan	0	0	0	0	0	0	nan	0	0	0	0.032972	0.000352	0.032972	0.000352	1.000926	0.010686
28	C	11552	274775	264465	0.043681	18	0	274775	0	0	0	nan	0	0	0	0	0	0	nan	0	0	0	0.043681	0.000406	0.043681	0.000406	1.036366	0.009633
29	U	186	274798	266757	0.000697	18	0	274797	0	0	0	nan	0	0	0	0	0	0	nan	0	0	0	0.000697	0.000051	0.000697	0.000051	nan	nan
30	U	156	274832	268099	0.000582	17	0	274823	0	0	0	nan	0	0	0	0	0	0	nan	0	0	0	0.000582	0.000047	0.000582	0.000047	nan	nan
31	U	252	274859	269266	0.000936	18	0	274850	0	0	0	nan	0	0	0	0	0	0	nan	0	0	0	0.000936	0.000059	0.000936	0.000059	nan	nan
32	U	238	274897	270634	0.000879	18	0	274888	0	0	0	nan	0	0	0	0	0	0	nan	0	0	0	0.000879	0.000057	0.000879	0.000057	nan	nan
33	G	368	274948	269509	0.001365	18	0	274939	0	0	0	nan	0	0	0	0	0	0	nan	0	0	0	0.001365	0.000071	0.001365	0.000071	nan	nan
34	A	8821	274966	268520	0.032850	18	0	274957	0	0	0	nan	0	0	0	0	0	0	nan	0	0	0	0.032850	0.000350	0.032850	0.000350	0.997222	0.010625
35	A	8033	274976	266891	0.030098	18	0	274967	0	0	0	nan	0	0	0	0	0	0	nan	0	0	0	0.030098	0.000336	0.030098	0.000336	0.913680	0.010200
36	U	272	274980	266735	0.001020	18	0	274970	0	0	0	nan	0	0	0	0	0	0	nan	0	0	0	0.001020	0.000062	0.001020	0.000062	nan	nan
37	A	8899	274990	268301	0.033168	18	0	274980	0	0	0	nan	0	0	0	0	0	0	nan	0	0	0	0.033168	0.000352	0.033168	0.000352	1.006876	0.010686
38	G	272	275014	268168	0.001014	18	0	275003	0	0	0	nan	0	0	0	0	0	0	nan	0	0	0	0.001014	0.000062	0.001014	0.000062	nan	nan
39	U	273	275024	270884	0.001008	18	0	275013	0	0	0	nan	0	0	0	0	0	0	nan	0	0	0	0.001008	0.000061	0.001008	0.000061	nan	nan
40	G	360	275049	268238	0.001342	18	0	275037	0	0	0	nan	0	0	0	0	0	0	nan	0	0	0	0.001342	0.000071	0.001342	0.000071	nan	nan
41	A	9385	275073	268453	0.034960	18	0	275061	0	0	0	nan	0	0	0	0	0	0	nan	0	0	0	0.034960	0.000361	0.034960	0.000361	1.061275	0.010959
42	U	290	275132	266669	0.001087	11	0	275125	0	0	0	nan	0	0	0	0	0	0	nan	0	0	0	0.001087	0.000064	0.001087	0.000064	nan	nan
43	U	231	275178	267100	0.000865	11	1	275170	0	0	0	nan	0	0	0	0	0	0	nan	0	0	0	0.000865	0.000057	0.000865	0.000057	nan	nan
44	C	9977	275214	265697	0.037550	11	1	275207	0	0	0	nan	0	0	0	0	0	0	nan	0	0	0	0.037550	0.000376	0.037550	0.000376	0.890903	0.008921
45	A	8724	275248	267831	0.032573	11	1	275242	0	0	0	nan	0	0	0	0	0	0	nan	0	0	0	0.032573	0.000349	0.032573	0.000349	0.988814	0.010595
46	G	260	275316	269473	0.000965	11	1	275311	0	0	0	nan	0	0	0	0	0	0	nan	0	0	0	0.000965	0.000060	0.000965	0.000060	nan	nan
47	G	254	275337	269077	0.000944	11	1	275330	0	0	0	nan	0	0	0	0	0	0	nan	0	0	0	0.000944	0.000059	0.000944	0.000059	nan	nan
48	A	7585	275344	263662	0.028768	11	1	275338	0	0	0	nan	0	0	0	0	0	0	nan	0	0	0	0.028768	0.000330	0.028768	0.000330	0.873306	0.010018
49	G	240	275445	263620	0.000910	11	1	275443	0	0	0	nan	0	0	0	0	0	0	nan	0	0	0	0.000910	0.000059	0.000910	0.000059	nan	nan
50	G	365	275472	265023	0.001377	10	1	275470	0	0	0	nan	0	0	0	0	0	0	nan	0	0	0	0.001377	0.000072	0.001377	0.000072	nan	nan
51	U	233	275488	264684	0.000880	10	1	275486	0	0	0	nan	0	0	0	0	0	0	nan	0	0	0	0.000880	0.000058	0.000880	0.000058	nan	nan
52	U	318	275491	269023	0.001182	8	1	275490	0	0	0	nan	0	0	0	0	0	0	nan	0	0	0	0.001182	0.000066	0.001182	0.000066	nan	nan
53	A	8184	275496	268571	0.030472	8	1	275495	0	0	0	nan	0	0	0	0	0	0	nan	0	0	0	0.030472	0.000337	0.030472	0.000337	0.925034	0.010230
54	A	6862	275485	269532	0.025459	8	1	275482	0	0	0	nan	0	0	0	0	0	0	nan	0	0	0	0.025459	0.000307	0.025459	0.000307	0.772855	0.009320
55	U	344	275490	271223	0.001268	8	1	275487	0	0	0	nan	0	0	0	0	0	0	nan	0	0	0	0.001268	0.000068	0.001268	0.000068	nan	nan
56	G	344	275498	272298	0.001263	8	1	275498	0	0	0	nan	0	0	0	0	0	0	nan	0	0	0	0.001263	0.000068	0.001263	0.000068	nan	nan
57	G	0	275503	270597	0.000000	8	1	275503	0	0	0	nan	0	0	0	0	0	0	nan	0	0	0	0.000000	0.000000	0.000000	0.000000	nan	nan
58	A	0	275507	0	nan	8	1	275507	0	0	0	nan	0	0	0	0	0	0	nan	0	0	0	nan	nan	nan	nan	nan	nan
59	A	0	275507	0	nan	8	1	275507	0	0	0	nan	0	0	0	0	0	0	nan	0	0	0	nan	nan	nan	nan	nan	nan
60	G	0	275507	0	nan	8	1	275507	0	0	0	nan	0	0	0	0	0	0	nan	0	0	0	nan	nan	nan	nan	nan	nan
61	u	0	275507	0	nan	8	1	275507	0	0	0	nan	0	0	0	0	0	0	nan	0	0	0	nan	nan	nan	nan	nan	nan
62	a	0	275507	0	nan	8	1	275507	0	0	0	nan	0	0	0	0	0	0	nan	0	0	0	nan	nan	nan	nan	nan	nan
63	a	0	275507	0	nan	8	1	275507	0	0	0	nan	0	0	0	0	0	0	nan	0	0	0	nan	nan	nan	nan	nan	nan
64	a	0	275507	0	nan	8	1	275507	0	0	0	nan	0	0	0	0	0	0	nan	0	0	0	nan	nan	nan	nan	nan	nan
65	g	0	275507	0	nan	8	1	275507	0	0	0	nan	0	0	0	0	0	0	nan	0	0	0	nan	nan	nan	nan	nan	nan
66	g	0	275507	0	nan	7	1	275507	0	0	0	nan	0	0	0	0	0	0	nan	0	0	0	nan	nan	nan	nan	nan	nan
67	u	0	275507	0	nan	7	1	275507	0	0	0	nan	0	0	0	0	0	0	nan	0	0	0	nan	nan	nan	nan	nan	nan
68	a	0	275507	0	nan	6	1	275507	0	0	0	nan	0	0	0	0	0	0	nan	0	0	0	nan	nan	nan	nan	nan	nan
69	a	0	275507	0	nan	6	1	275507	0	0	0	nan	0	0	0	0	0	0	nan	0	0	0	nan	nan	nan	nan	nan	nan
70	u	0	275507	0	nan	5	1	275507	0	0	0	nan	0	0	0	0	0	0	nan	0	0	0	nan	nan	nan	nan	nan	nan
71	g	0	275507	0	nan	5	1	275507	0	0	0	nan	0	0	0	0	0	0	nan	0	0	0	nan	nan	nan	nan	nan	nan
72	a	0	275507	0	nan	5	1	275507	0	0	0	nan	0	0	0	0	0	0	nan	0	0	0	nan	nan	nan	nan	nan	nan
73	a	0	275506	0	nan	5	1	275506	0	0	0	nan	0	0	0	0	0	0	nan	0	0	0	nan	nan	nan	nan	nan	nan
74	g	0	275506	0	nan	5	1	275506	0	0	0	nan	0	0	0	0	0	0	nan	0	0	0	nan	nan	nan	nan	nan	nan
75	g	0	275503	0	nan	5	1	275503	0	0	0	nan	0	0	0	0	0	0	nan	0	0	0	nan	nan	nan	nan	nan	nan
76	u	0	275495	0	nan	5	1	275495	0	0	0	nan	0	0	0	0	0	0	nan	0	0	0	nan	nan	nan	nan	nan	nan
77	g	0	275486	0	nan	5	1	275486	0	0	0	nan	0	0	0	0	0	0	nan	0	0	0	nan	nan	nan	nan	nan	nan
78	a	0	275469	0	nan	5	1	275469	0	0	0	nan	0	0	0	0	0	0	nan	0	0	0	nan	nan	nan	nan	nan	nan
79	a	0	275432	0	nan	5	1	275432	0	0	0	nan	0	0	0	0	0	0	nan	0	0	0	nan	nan	nan	nan	nan	nan
80	g	0	275239	0	nan	5	1	275239	0	0	0	nan	0	0	0	0	0	0	nan	0	0	0	nan	nan	nan	nan	nan	nan