Nucleotide	Sequence	Modified_mutations	Modified_read_depth	Modified_effective_depth	Modified_rate	Modified_off_target_mapped_depth	Modified_low_mapq_mapped_depth	Modified_primer_pair_1_mapped_depth	Untreated_mutations	Untreated_read_depth	Untreated_effective_depth	Untreated_rate	Untreated_off_target_mapped_depth	Untreated_low_mapq_mapped_depth	Untreated_primer_pair_1_mapped_depth	Denatured_mutations	Denatured_read_depth	Denatured_effective_depth	Denatured_rate	Denatured_off_target_mapped_depth	Denatured_low_mapq_mapped_depth	Denatured_primer_pair_1_mapped_depth	Reactivity_profile	Std_err	HQ_profile	HQ_stderr	Norm_profile	Norm_stderr
1	g	0	1114153	0	nan	7	9	1114153	0	0	0	nan	0	0	0	0	0	0	nan	0	0	0	nan	nan	nan	nan	nan	nan
2	g	0	1114767	0	nan	7	9	1114767	0	0	0	nan	0	0	0	0	0	0	nan	0	0	0	nan	nan	nan	nan	nan	nan
3	u	0	1115052	0	nan	7	9	1115052	0	0	0	nan	0	0	0	0	0	0	nan	0	0	0	nan	nan	nan	nan	nan	nan
4	g	0	1115215	0	nan	7	9	1115215	0	0	0	nan	0	0	0	0	0	0	nan	0	0	0	nan	nan	nan	nan	nan	nan
5	u	0	1115340	0	nan	7	9	1115340	0	0	0	nan	0	0	0	0	0	0	nan	0	0	0	nan	nan	nan	nan	nan	nan
6	a	0	1115349	0	nan	7	9	1115349	0	0	0	nan	0	0	0	0	0	0	nan	0	0	0	nan	nan	nan	nan	nan	nan
7	a	0	1115355	0	nan	7	9	1115355	0	0	0	nan	0	0	0	0	0	0	nan	0	0	0	nan	nan	nan	nan	nan	nan
8	g	0	1115362	0	nan	7	9	1115362	0	0	0	nan	0	0	0	0	0	0	nan	0	0	0	nan	nan	nan	nan	nan	nan
9	g	0	1115510	0	nan	7	10	1115510	0	0	0	nan	0	0	0	0	0	0	nan	0	0	0	nan	nan	nan	nan	nan	nan
10	g	0	1132175	0	nan	7	10	1132175	0	0	0	nan	0	0	0	0	0	0	nan	0	0	0	nan	nan	nan	nan	nan	nan
11	u	0	1132426	0	nan	7	10	1132426	0	0	0	nan	0	0	0	0	0	0	nan	0	0	0	nan	nan	nan	nan	nan	nan
12	g	0	1132680	0	nan	7	10	1132680	0	0	0	nan	0	0	0	0	0	0	nan	0	0	0	nan	nan	nan	nan	nan	nan
13	a	0	1132687	0	nan	15	10	1132687	0	0	0	nan	0	0	0	0	0	0	nan	0	0	0	nan	nan	nan	nan	nan	nan
14	a	0	1132688	0	nan	17	10	1132688	0	0	0	nan	0	0	0	0	0	0	nan	0	0	0	nan	nan	nan	nan	nan	nan
15	g	0	1132698	0	nan	325	10	1132698	0	0	0	nan	0	0	0	0	0	0	nan	0	0	0	nan	nan	nan	nan	nan	nan
16	u	0	1132702	0	nan	340	10	1132702	0	0	0	nan	0	0	0	0	0	0	nan	0	0	0	nan	nan	nan	nan	nan	nan
17	g	0	1132708	0	nan	340	10	1132708	0	0	0	nan	0	0	0	0	0	0	nan	0	0	0	nan	nan	nan	nan	nan	nan
18	u	0	1132709	0	nan	350	10	1132709	0	0	0	nan	0	0	0	0	0	0	nan	0	0	0	nan	nan	nan	nan	nan	nan
19	a	0	1132729	0	nan	350	10	1132729	0	0	0	nan	0	0	0	0	0	0	nan	0	0	0	nan	nan	nan	nan	nan	nan
20	A	0	1132760	10	0.000000	361	10	1132760	0	0	0	nan	0	0	0	0	0	0	nan	0	0	0	0.000000	0.000000	nan	nan	nan	nan
21	G	0	1132787	24	0.000000	399	10	1132787	0	0	0	nan	0	0	0	0	0	0	nan	0	0	0	0.000000	0.000000	nan	nan	nan	nan
22	G	0	1132794	27	0.000000	399	10	1132794	0	0	0	nan	0	0	0	0	0	0	nan	0	0	0	0.000000	0.000000	nan	nan	nan	nan
23	U	0	1132800	1129295	0.000000	436	10	1132800	0	0	0	nan	0	0	0	0	0	0	nan	0	0	0	0.000000	0.000000	0.000000	0.000000	nan	nan
24	U	1310	1132801	1129146	0.001160	436	10	1132801	0	0	0	nan	0	0	0	0	0	0	nan	0	0	0	0.001160	0.000032	0.001160	0.000032	nan	nan
25	G	619	1132802	1127618	0.000549	436	10	1132802	0	0	0	nan	0	0	0	0	0	0	nan	0	0	0	0.000549	0.000022	0.000549	0.000022	nan	nan
26	A	21353	1132803	1128353	0.018924	436	10	1132797	0	0	0	nan	0	0	0	0	0	0	nan	0	0	0	0.018924	0.000130	0.018924	0.000130	0.935627	0.006427
27	A	22267	1132805	1126959	0.019758	436	10	1132798	0	0	0	nan	0	0	0	0	0	0	nan	0	0	0	0.019758	0.000132	0.019758	0.000132	0.976861	0.006526
28	C	23559	1132809	1123764	0.020964	435	10	1132800	0	0	0	nan	0	0	0	0	0	0	nan	0	0	0	0.020964	0.000137	0.020964	0.000137	0.852143	0.005569
29	U	1293	1132816	1125686	0.001149	435	10	1132806	0	0	0	nan	0	0	0	0	0	0	nan	0	0	0	0.001149	0.000032	0.001149	0.000032	nan	nan
30	U	1464	1132825	1126704	0.001299	435	10	1132814	0	0	0	nan	0	0	0	0	0	0	nan	0	0	0	0.001299	0.000034	0.001299	0.000034	nan	nan
31	U	1836	1132852	1127473	0.001628	435	10	1132841	0	0	0	nan	0	0	0	0	0	0	nan	0	0	0	0.001628	0.000038	0.001628	0.000038	nan	nan
32	U	1191	1132886	1128640	0.001055	435	10	1132869	0	0	0	nan	0	0	0	0	0	0	nan	0	0	0	0.001055	0.000031	0.001055	0.000031	nan	nan
33	G	399	1133208	1126764	0.000354	435	10	1133191	0	0	0	nan	0	0	0	0	0	0	nan	0	0	0	0.000354	0.000018	0.000354	0.000018	nan	nan
34	A	22990	1133424	1127981	0.020382	435	10	1133399	0	0	0	nan	0	0	0	0	0	0	nan	0	0	0	0.020382	0.000134	0.020382	0.000134	1.007713	0.006625
35	A	20235	1133453	1126626	0.017961	435	10	1133426	0	0	0	nan	0	0	0	0	0	0	nan	0	0	0	0.017961	0.000126	0.017961	0.000126	0.888015	0.006230
36	U	1037	1133454	1126862	0.000920	435	10	1133425	0	0	0	nan	0	0	0	0	0	0	nan	0	0	0	0.000920	0.000029	0.000920	0.000029	nan	nan
37	A	21488	1133458	1127559	0.019057	435	10	1133422	0	0	0	nan	0	0	0	0	0	0	nan	0	0	0	0.019057	0.000130	0.019057	0.000130	0.942203	0.006427
38	G	805	1133465	1123643	0.000716	443	10	1133430	0	0	0	nan	0	0	0	0	0	0	nan	0	0	0	0.000716	0.000025	0.000716	0.000025	nan	nan
39	U	1436	1133466	1128510	0.001272	443	10	1133427	0	0	0	nan	0	0	0	0	0	0	nan	0	0	0	0.001272	0.000034	0.001272	0.000034	nan	nan
40	G	1052	1133468	1125307	0.000935	444	10	1133424	0	0	0	nan	0	0	0	0	0	0	nan	0	0	0	0.000935	0.000029	0.000935	0.000029	nan	nan
41	A	26148	1133474	1126472	0.023212	444	10	1133427	0	0	0	nan	0	0	0	0	0	0	nan	0	0	0	0.023212	0.000144	0.023212	0.000144	1.147632	0.007120
42	U	1960	1133480	1125465	0.001742	445	10	1133443	0	0	0	nan	0	0	0	0	0	0	nan	0	0	0	0.001742	0.000039	0.001742	0.000039	nan	nan
43	U	1515	1133483	1125839	0.001346	445	10	1133444	0	0	0	nan	0	0	0	0	0	0	nan	0	0	0	0.001346	0.000035	0.001346	0.000035	nan	nan
44	C	29028	1133504	1124514	0.025814	444	10	1133464	0	0	0	nan	0	0	0	0	0	0	nan	0	0	0	0.025814	0.000152	0.025814	0.000152	1.049286	0.006178
45	A	23170	1133523	1125849	0.020580	444	10	1133480	0	0	0	nan	0	0	0	0	0	0	nan	0	0	0	0.020580	0.000135	0.020580	0.000135	1.017502	0.006675
46	G	845	1133564	1124618	0.000751	444	10	1133528	0	0	0	nan	0	0	0	0	0	0	nan	0	0	0	0.000751	0.000026	0.000751	0.000026	nan	nan
47	G	799	1133575	1124543	0.000711	444	10	1133541	0	0	0	nan	0	0	0	0	0	0	nan	0	0	0	0.000711	0.000025	0.000711	0.000025	nan	nan
48	A	21946	1133578	1126774	0.019477	444	10	1133538	0	0	0	nan	0	0	0	0	0	0	nan	0	0	0	0.019477	0.000131	0.019477	0.000131	0.962968	0.006477
49	G	849	1133591	1125414	0.000754	445	10	1133565	0	0	0	nan	0	0	0	0	0	0	nan	0	0	0	0.000754	0.000026	0.000754	0.000026	nan	nan
50	G	904	1133598	1105284	0.000818	445	10	1133578	0	0	0	nan	0	0	0	0	0	0	nan	0	0	0	0.000818	0.000027	0.000818	0.000027	nan	nan
51	U	1387	1133603	1107429	0.001252	445	10	1133584	0	0	0	nan	0	0	0	0	0	0	nan	0	0	0	0.001252	0.000034	0.001252	0.000034	nan	nan
52	U	1362	1133606	1106071	0.001231	445	10	1133588	0	0	0	nan	0	0	0	0	0	0	nan	0	0	0	0.001231	0.000033	0.001231	0.000033	nan	nan
53	A	21244	1133586	1123965	0.018901	441	10	1133530	0	0	0	nan	0	0	0	0	0	0	nan	0	0	0	0.018901	0.000130	0.018901	0.000130	0.934490	0.006427
54	A	19224	1132639	1121490	0.017141	275	10	1131577	0	0	0	nan	0	0	0	0	0	0	nan	0	0	0	0.017141	0.000124	0.017141	0.000124	0.847474	0.006131
55	U	1604	1132642	1121196	0.001431	274	10	1131744	0	0	0	nan	0	0	0	0	0	0	nan	0	0	0	0.001431	0.000036	0.001431	0.000036	nan	nan
56	G	1334	1132657	1121861	0.001189	274	10	1131881	0	0	0	nan	0	0	0	0	0	0	nan	0	0	0	0.001189	0.000033	0.001189	0.000033	nan	nan
57	G	0	1132686	1120358	0.000000	274	10	1132613	0	0	0	nan	0	0	0	0	0	0	nan	0	0	0	0.000000	0.000000	0.000000	0.000000	nan	nan
58	A	0	1132694	0	nan	273	10	1132694	0	0	0	nan	0	0	0	0	0	0	nan	0	0	0	nan	nan	nan	nan	nan	nan
59	A	0	1132694	0	nan	272	10	1132694	0	0	0	nan	0	0	0	0	0	0	nan	0	0	0	nan	nan	nan	nan	nan	nan
60	G	0	1132694	0	nan	272	10	1132694	0	0	0	nan	0	0	0	0	0	0	nan	0	0	0	nan	nan	nan	nan	nan	nan
61	u	0	1132694	0	nan	272	10	1132694	0	0	0	nan	0	0	0	0	0	0	nan	0	0	0	nan	nan	nan	nan	nan	nan
62	a	0	1132694	0	nan	269	10	1132694	0	0	0	nan	0	0	0	0	0	0	nan	0	0	0	nan	nan	nan	nan	nan	nan
63	a	0	1132694	0	nan	269	10	1132694	0	0	0	nan	0	0	0	0	0	0	nan	0	0	0	nan	nan	nan	nan	nan	nan
64	a	0	1132694	0	nan	269	10	1132694	0	0	0	nan	0	0	0	0	0	0	nan	0	0	0	nan	nan	nan	nan	nan	nan
65	g	0	1132694	0	nan	267	10	1132694	0	0	0	nan	0	0	0	0	0	0	nan	0	0	0	nan	nan	nan	nan	nan	nan
66	g	0	1132694	0	nan	266	10	1132694	0	0	0	nan	0	0	0	0	0	0	nan	0	0	0	nan	nan	nan	nan	nan	nan
67	u	0	1132694	0	nan	264	10	1132694	0	0	0	nan	0	0	0	0	0	0	nan	0	0	0	nan	nan	nan	nan	nan	nan
68	a	0	1132694	0	nan	264	10	1132694	0	0	0	nan	0	0	0	0	0	0	nan	0	0	0	nan	nan	nan	nan	nan	nan
69	a	0	1132694	0	nan	264	10	1132694	0	0	0	nan	0	0	0	0	0	0	nan	0	0	0	nan	nan	nan	nan	nan	nan
70	u	0	1132694	0	nan	264	10	1132694	0	0	0	nan	0	0	0	0	0	0	nan	0	0	0	nan	nan	nan	nan	nan	nan
71	g	0	1132694	0	nan	264	10	1132694	0	0	0	nan	0	0	0	0	0	0	nan	0	0	0	nan	nan	nan	nan	nan	nan
72	a	0	1132692	0	nan	264	10	1132692	0	0	0	nan	0	0	0	0	0	0	nan	0	0	0	nan	nan	nan	nan	nan	nan
73	a	0	1132691	0	nan	264	10	1132691	0	0	0	nan	0	0	0	0	0	0	nan	0	0	0	nan	nan	nan	nan	nan	nan
74	g	0	1132691	0	nan	264	10	1132691	0	0	0	nan	0	0	0	0	0	0	nan	0	0	0	nan	nan	nan	nan	nan	nan
75	g	0	1132689	0	nan	264	10	1132689	0	0	0	nan	0	0	0	0	0	0	nan	0	0	0	nan	nan	nan	nan	nan	nan
76	u	0	1132663	0	nan	264	10	1132663	0	0	0	nan	0	0	0	0	0	0	nan	0	0	0	nan	nan	nan	nan	nan	nan
77	g	0	1132641	0	nan	264	10	1132641	0	0	0	nan	0	0	0	0	0	0	nan	0	0	0	nan	nan	nan	nan	nan	nan
78	a	0	1132615	0	nan	264	10	1132615	0	0	0	nan	0	0	0	0	0	0	nan	0	0	0	nan	nan	nan	nan	nan	nan
79	a	0	1132314	0	nan	262	10	1132314	0	0	0	nan	0	0	0	0	0	0	nan	0	0	0	nan	nan	nan	nan	nan	nan
80	g	0	1131863	0	nan	262	10	1131863	0	0	0	nan	0	0	0	0	0	0	nan	0	0	0	nan	nan	nan	nan	nan	nan