Nucleotide	Sequence	Modified_mutations	Modified_read_depth	Modified_effective_depth	Modified_rate	Modified_off_target_mapped_depth	Modified_low_mapq_mapped_depth	Modified_primer_pair_1_mapped_depth	Untreated_mutations	Untreated_read_depth	Untreated_effective_depth	Untreated_rate	Untreated_off_target_mapped_depth	Untreated_low_mapq_mapped_depth	Untreated_primer_pair_1_mapped_depth	Denatured_mutations	Denatured_read_depth	Denatured_effective_depth	Denatured_rate	Denatured_off_target_mapped_depth	Denatured_low_mapq_mapped_depth	Denatured_primer_pair_1_mapped_depth	Reactivity_profile	Std_err	HQ_profile	HQ_stderr	Norm_profile	Norm_stderr
1	g	0	175942	0	nan	0	3	175942	0	0	0	nan	0	0	0	0	0	0	nan	0	0	0	nan	nan	nan	nan	nan	nan
2	g	0	176092	0	nan	0	3	176092	0	0	0	nan	0	0	0	0	0	0	nan	0	0	0	nan	nan	nan	nan	nan	nan
3	u	0	176162	0	nan	0	3	176162	0	0	0	nan	0	0	0	0	0	0	nan	0	0	0	nan	nan	nan	nan	nan	nan
4	g	0	176175	0	nan	0	3	176175	0	0	0	nan	0	0	0	0	0	0	nan	0	0	0	nan	nan	nan	nan	nan	nan
5	u	0	176185	0	nan	0	3	176185	0	0	0	nan	0	0	0	0	0	0	nan	0	0	0	nan	nan	nan	nan	nan	nan
6	a	0	176185	0	nan	0	3	176185	0	0	0	nan	0	0	0	0	0	0	nan	0	0	0	nan	nan	nan	nan	nan	nan
7	a	0	176186	0	nan	0	3	176186	0	0	0	nan	0	0	0	0	0	0	nan	0	0	0	nan	nan	nan	nan	nan	nan
8	g	0	176189	0	nan	0	3	176189	0	0	0	nan	0	0	0	0	0	0	nan	0	0	0	nan	nan	nan	nan	nan	nan
9	g	0	176197	0	nan	0	3	176197	0	0	0	nan	0	0	0	0	0	0	nan	0	0	0	nan	nan	nan	nan	nan	nan
10	g	0	177057	0	nan	0	3	177057	0	0	0	nan	0	0	0	0	0	0	nan	0	0	0	nan	nan	nan	nan	nan	nan
11	u	0	177067	0	nan	0	3	177067	0	0	0	nan	0	0	0	0	0	0	nan	0	0	0	nan	nan	nan	nan	nan	nan
12	g	0	177073	0	nan	0	3	177073	0	0	0	nan	0	0	0	0	0	0	nan	0	0	0	nan	nan	nan	nan	nan	nan
13	a	0	177073	0	nan	0	3	177073	0	0	0	nan	0	0	0	0	0	0	nan	0	0	0	nan	nan	nan	nan	nan	nan
14	a	0	177073	0	nan	0	3	177073	0	0	0	nan	0	0	0	0	0	0	nan	0	0	0	nan	nan	nan	nan	nan	nan
15	g	0	177073	0	nan	9	3	177073	0	0	0	nan	0	0	0	0	0	0	nan	0	0	0	nan	nan	nan	nan	nan	nan
16	u	0	177073	0	nan	9	3	177073	0	0	0	nan	0	0	0	0	0	0	nan	0	0	0	nan	nan	nan	nan	nan	nan
17	g	0	177074	0	nan	9	3	177074	0	0	0	nan	0	0	0	0	0	0	nan	0	0	0	nan	nan	nan	nan	nan	nan
18	u	0	177076	0	nan	9	3	177076	0	0	0	nan	0	0	0	0	0	0	nan	0	0	0	nan	nan	nan	nan	nan	nan
19	a	0	177080	0	nan	9	3	177080	0	0	0	nan	0	0	0	0	0	0	nan	0	0	0	nan	nan	nan	nan	nan	nan
20	A	0	177082	2	0.000000	9	3	177082	0	0	0	nan	0	0	0	0	0	0	nan	0	0	0	0.000000	0.000000	nan	nan	nan	nan
21	G	0	177086	6	0.000000	9	3	177086	0	0	0	nan	0	0	0	0	0	0	nan	0	0	0	0.000000	0.000000	nan	nan	nan	nan
22	G	0	177091	11	0.000000	9	3	177091	0	0	0	nan	0	0	0	0	0	0	nan	0	0	0	0.000000	0.000000	nan	nan	nan	nan
23	U	0	177094	176917	0.000000	9	3	177094	0	0	0	nan	0	0	0	0	0	0	nan	0	0	0	0.000000	0.000000	0.000000	0.000000	0.000000	0.000000
24	U	300	177099	176900	0.001696	9	3	177099	0	0	0	nan	0	0	0	0	0	0	nan	0	0	0	0.001696	0.000098	0.001696	0.000098	0.653565	0.037765
25	G	86	177099	176560	0.000487	9	3	177099	0	0	0	nan	0	0	0	0	0	0	nan	0	0	0	0.000487	0.000053	0.000487	0.000053	nan	nan
26	A	1383	177099	176739	0.007825	9	3	177099	0	0	0	nan	0	0	0	0	0	0	nan	0	0	0	0.007825	0.000210	0.007825	0.000210	0.942289	0.025288
27	A	1295	177099	176692	0.007329	9	3	177099	0	0	0	nan	0	0	0	0	0	0	nan	0	0	0	0.007329	0.000204	0.007329	0.000204	0.882560	0.024566
28	C	1785	177100	176534	0.010111	9	3	177100	0	0	0	nan	0	0	0	0	0	0	nan	0	0	0	0.010111	0.000239	0.010111	0.000239	0.930175	0.021987
29	U	293	177101	176673	0.001658	9	3	177101	0	0	0	nan	0	0	0	0	0	0	nan	0	0	0	0.001658	0.000097	0.001658	0.000097	0.638921	0.037380
30	U	368	177103	176785	0.002082	9	3	177103	0	0	0	nan	0	0	0	0	0	0	nan	0	0	0	0.002082	0.000109	0.002082	0.000109	0.802312	0.042004
31	U	459	177104	176850	0.002595	9	3	177096	0	0	0	nan	0	0	0	0	0	0	nan	0	0	0	0.002595	0.000121	0.002595	0.000121	1.000000	0.046628
32	U	248	177105	176813	0.001403	9	3	177066	0	0	0	nan	0	0	0	0	0	0	nan	0	0	0	0.001403	0.000089	0.001403	0.000089	0.540655	0.034297
33	G	140	177115	176386	0.000794	9	3	177066	0	0	0	nan	0	0	0	0	0	0	nan	0	0	0	0.000794	0.000067	0.000794	0.000067	nan	nan
34	A	1525	177123	176628	0.008634	9	3	177069	0	0	0	nan	0	0	0	0	0	0	nan	0	0	0	0.008634	0.000221	0.008634	0.000221	1.039709	0.026613
35	A	1312	177123	176560	0.007431	9	3	177068	0	0	0	nan	0	0	0	0	0	0	nan	0	0	0	0.007431	0.000205	0.007431	0.000205	0.894843	0.024686
36	U	226	177125	176498	0.001280	9	3	177072	0	0	0	nan	0	0	0	0	0	0	nan	0	0	0	0.001280	0.000085	0.001280	0.000085	0.493256	0.032755
37	A	1344	177127	176524	0.007614	9	3	177074	0	0	0	nan	0	0	0	0	0	0	nan	0	0	0	0.007614	0.000208	0.007614	0.000208	0.916880	0.025047
38	G	104	177153	176058	0.000591	9	3	177138	0	0	0	nan	0	0	0	0	0	0	nan	0	0	0	0.000591	0.000058	0.000591	0.000058	nan	nan
39	U	330	177155	176761	0.001867	9	3	177139	0	0	0	nan	0	0	0	0	0	0	nan	0	0	0	0.001867	0.000103	0.001867	0.000103	0.719461	0.039692
40	G	128	177157	176428	0.000726	9	3	177142	0	0	0	nan	0	0	0	0	0	0	nan	0	0	0	0.000726	0.000064	0.000726	0.000064	nan	nan
41	A	1695	177158	176657	0.009595	9	3	177145	0	0	0	nan	0	0	0	0	0	0	nan	0	0	0	0.009595	0.000233	0.009595	0.000233	1.155432	0.028058
42	U	539	177161	176608	0.003052	9	3	177149	0	0	0	nan	0	0	0	0	0	0	nan	0	0	0	0.003052	0.000131	0.003052	0.000131	1.176108	0.050482
43	U	415	177164	176705	0.002349	9	3	177152	0	0	0	nan	0	0	0	0	0	0	nan	0	0	0	0.002349	0.000115	0.002349	0.000115	0.905202	0.044316
44	C	1965	177170	176662	0.011123	9	3	177161	0	0	0	nan	0	0	0	0	0	0	nan	0	0	0	0.011123	0.000251	0.011123	0.000251	1.023275	0.023091
45	A	1496	177182	176748	0.008464	9	3	177175	0	0	0	nan	0	0	0	0	0	0	nan	0	0	0	0.008464	0.000219	0.008464	0.000219	1.019237	0.026372
46	G	80	177198	176387	0.000454	9	3	177191	0	0	0	nan	0	0	0	0	0	0	nan	0	0	0	0.000454	0.000051	0.000454	0.000051	nan	nan
47	G	83	177199	176435	0.000470	9	3	177193	0	0	0	nan	0	0	0	0	0	0	nan	0	0	0	0.000470	0.000052	0.000470	0.000052	nan	nan
48	A	1369	177201	176749	0.007745	9	3	177196	0	0	0	nan	0	0	0	0	0	0	nan	0	0	0	0.007745	0.000209	0.007745	0.000209	0.932655	0.025168
49	G	78	177203	176519	0.000442	9	3	177200	0	0	0	nan	0	0	0	0	0	0	nan	0	0	0	0.000442	0.000050	0.000442	0.000050	nan	nan
50	G	146	177204	176504	0.000827	9	3	177200	0	0	0	nan	0	0	0	0	0	0	nan	0	0	0	0.000827	0.000068	0.000827	0.000068	nan	nan
51	U	336	177209	176728	0.001901	9	3	177206	0	0	0	nan	0	0	0	0	0	0	nan	0	0	0	0.001901	0.000104	0.001901	0.000104	0.732563	0.040077
52	U	241	177210	176567	0.001365	9	3	177207	0	0	0	nan	0	0	0	0	0	0	nan	0	0	0	0.001365	0.000088	0.001365	0.000088	0.526012	0.033911
53	A	1356	177209	176281	0.007692	9	3	177206	0	0	0	nan	0	0	0	0	0	0	nan	0	0	0	0.007692	0.000209	0.007692	0.000209	0.926273	0.025168
54	A	1145	177102	175911	0.006509	9	3	177095	0	0	0	nan	0	0	0	0	0	0	nan	0	0	0	0.006509	0.000192	0.006509	0.000192	0.783816	0.023121
55	U	382	177101	175733	0.002174	9	3	177097	0	0	0	nan	0	0	0	0	0	0	nan	0	0	0	0.002174	0.000111	0.002174	0.000111	0.837765	0.042775
56	G	161	177109	175573	0.000917	9	3	177106	0	0	0	nan	0	0	0	0	0	0	nan	0	0	0	0.000917	0.000072	0.000917	0.000072	nan	nan
57	G	0	177134	175689	0.000000	9	3	177134	0	0	0	nan	0	0	0	0	0	0	nan	0	0	0	0.000000	0.000000	0.000000	0.000000	nan	nan
58	A	0	177140	0	nan	9	3	177140	0	0	0	nan	0	0	0	0	0	0	nan	0	0	0	nan	nan	nan	nan	nan	nan
59	A	0	177140	0	nan	9	3	177140	0	0	0	nan	0	0	0	0	0	0	nan	0	0	0	nan	nan	nan	nan	nan	nan
60	G	0	177140	0	nan	9	3	177140	0	0	0	nan	0	0	0	0	0	0	nan	0	0	0	nan	nan	nan	nan	nan	nan
61	u	0	177140	0	nan	9	3	177140	0	0	0	nan	0	0	0	0	0	0	nan	0	0	0	nan	nan	nan	nan	nan	nan
62	a	0	177140	0	nan	9	3	177140	0	0	0	nan	0	0	0	0	0	0	nan	0	0	0	nan	nan	nan	nan	nan	nan
63	a	0	177140	0	nan	9	3	177140	0	0	0	nan	0	0	0	0	0	0	nan	0	0	0	nan	nan	nan	nan	nan	nan
64	a	0	177140	0	nan	9	3	177140	0	0	0	nan	0	0	0	0	0	0	nan	0	0	0	nan	nan	nan	nan	nan	nan
65	g	0	177140	0	nan	9	3	177140	0	0	0	nan	0	0	0	0	0	0	nan	0	0	0	nan	nan	nan	nan	nan	nan
66	g	0	177140	0	nan	9	3	177140	0	0	0	nan	0	0	0	0	0	0	nan	0	0	0	nan	nan	nan	nan	nan	nan
67	u	0	177140	0	nan	9	3	177140	0	0	0	nan	0	0	0	0	0	0	nan	0	0	0	nan	nan	nan	nan	nan	nan
68	a	0	177140	0	nan	9	3	177140	0	0	0	nan	0	0	0	0	0	0	nan	0	0	0	nan	nan	nan	nan	nan	nan
69	a	0	177140	0	nan	9	3	177140	0	0	0	nan	0	0	0	0	0	0	nan	0	0	0	nan	nan	nan	nan	nan	nan
70	u	0	177140	0	nan	9	3	177140	0	0	0	nan	0	0	0	0	0	0	nan	0	0	0	nan	nan	nan	nan	nan	nan
71	g	0	177140	0	nan	9	3	177140	0	0	0	nan	0	0	0	0	0	0	nan	0	0	0	nan	nan	nan	nan	nan	nan
72	a	0	177140	0	nan	9	3	177140	0	0	0	nan	0	0	0	0	0	0	nan	0	0	0	nan	nan	nan	nan	nan	nan
73	a	0	177140	0	nan	9	3	177140	0	0	0	nan	0	0	0	0	0	0	nan	0	0	0	nan	nan	nan	nan	nan	nan
74	g	0	177140	0	nan	9	3	177140	0	0	0	nan	0	0	0	0	0	0	nan	0	0	0	nan	nan	nan	nan	nan	nan
75	g	0	177140	0	nan	9	3	177140	0	0	0	nan	0	0	0	0	0	0	nan	0	0	0	nan	nan	nan	nan	nan	nan
76	u	0	177138	0	nan	9	3	177138	0	0	0	nan	0	0	0	0	0	0	nan	0	0	0	nan	nan	nan	nan	nan	nan
77	g	0	177131	0	nan	9	3	177131	0	0	0	nan	0	0	0	0	0	0	nan	0	0	0	nan	nan	nan	nan	nan	nan
78	a	0	177125	0	nan	9	3	177125	0	0	0	nan	0	0	0	0	0	0	nan	0	0	0	nan	nan	nan	nan	nan	nan
79	a	0	177094	0	nan	9	3	177094	0	0	0	nan	0	0	0	0	0	0	nan	0	0	0	nan	nan	nan	nan	nan	nan
80	g	0	177001	0	nan	9	3	177001	0	0	0	nan	0	0	0	0	0	0	nan	0	0	0	nan	nan	nan	nan	nan	nan