Nucleotide	Sequence	Modified_mutations	Modified_read_depth	Modified_effective_depth	Modified_rate	Modified_off_target_mapped_depth	Modified_low_mapq_mapped_depth	Modified_primer_pair_1_mapped_depth	Untreated_mutations	Untreated_read_depth	Untreated_effective_depth	Untreated_rate	Untreated_off_target_mapped_depth	Untreated_low_mapq_mapped_depth	Untreated_primer_pair_1_mapped_depth	Denatured_mutations	Denatured_read_depth	Denatured_effective_depth	Denatured_rate	Denatured_off_target_mapped_depth	Denatured_low_mapq_mapped_depth	Denatured_primer_pair_1_mapped_depth	Reactivity_profile	Std_err	HQ_profile	HQ_stderr	Norm_profile	Norm_stderr
1	g	0	403014	0	nan	0	11	403014	0	0	0	nan	0	0	0	0	0	0	nan	0	0	0	nan	nan	nan	nan	nan	nan
2	g	0	403224	0	nan	0	11	403224	0	0	0	nan	0	0	0	0	0	0	nan	0	0	0	nan	nan	nan	nan	nan	nan
3	u	0	403340	0	nan	0	11	403340	0	0	0	nan	0	0	0	0	0	0	nan	0	0	0	nan	nan	nan	nan	nan	nan
4	g	0	403379	0	nan	0	11	403379	0	0	0	nan	0	0	0	0	0	0	nan	0	0	0	nan	nan	nan	nan	nan	nan
5	u	0	403444	0	nan	0	11	403444	0	0	0	nan	0	0	0	0	0	0	nan	0	0	0	nan	nan	nan	nan	nan	nan
6	a	0	403447	0	nan	0	11	403447	0	0	0	nan	0	0	0	0	0	0	nan	0	0	0	nan	nan	nan	nan	nan	nan
7	a	0	403456	0	nan	0	11	403456	0	0	0	nan	0	0	0	0	0	0	nan	0	0	0	nan	nan	nan	nan	nan	nan
8	g	0	403487	0	nan	0	11	403487	0	0	0	nan	0	0	0	0	0	0	nan	0	0	0	nan	nan	nan	nan	nan	nan
9	g	0	403994	0	nan	0	11	403994	0	0	0	nan	0	0	0	0	0	0	nan	0	0	0	nan	nan	nan	nan	nan	nan
10	g	0	481203	0	nan	0	11	481203	0	0	0	nan	0	0	0	0	0	0	nan	0	0	0	nan	nan	nan	nan	nan	nan
11	u	0	481694	0	nan	0	11	481694	0	0	0	nan	0	0	0	0	0	0	nan	0	0	0	nan	nan	nan	nan	nan	nan
12	g	0	481988	0	nan	0	11	481988	0	0	0	nan	0	0	0	0	0	0	nan	0	0	0	nan	nan	nan	nan	nan	nan
13	a	0	482022	0	nan	0	11	482022	0	0	0	nan	0	0	0	0	0	0	nan	0	0	0	nan	nan	nan	nan	nan	nan
14	a	0	482027	0	nan	0	11	482027	0	0	0	nan	0	0	0	0	0	0	nan	0	0	0	nan	nan	nan	nan	nan	nan
15	g	0	482027	0	nan	0	11	482027	0	0	0	nan	0	0	0	0	0	0	nan	0	0	0	nan	nan	nan	nan	nan	nan
16	u	0	482045	0	nan	0	11	482045	0	0	0	nan	0	0	0	0	0	0	nan	0	0	0	nan	nan	nan	nan	nan	nan
17	g	0	482072	0	nan	0	11	482072	0	0	0	nan	0	0	0	0	0	0	nan	0	0	0	nan	nan	nan	nan	nan	nan
18	u	0	482160	0	nan	0	11	482160	0	0	0	nan	0	0	0	0	0	0	nan	0	0	0	nan	nan	nan	nan	nan	nan
19	a	0	482288	0	nan	0	11	482288	0	0	0	nan	0	0	0	0	0	0	nan	0	0	0	nan	nan	nan	nan	nan	nan
20	A	0	482538	245	0.000000	0	11	482538	0	0	0	nan	0	0	0	0	0	0	nan	0	0	0	0.000000	0.000000	nan	nan	nan	nan
21	G	0	482806	501	0.000000	1	11	482806	0	0	0	nan	0	0	0	0	0	0	nan	0	0	0	0.000000	0.000000	nan	nan	nan	nan
22	G	0	482994	681	0.000000	3	11	482994	0	0	0	nan	0	0	0	0	0	0	nan	0	0	0	0.000000	0.000000	nan	nan	nan	nan
23	U	0	483024	482029	0.000000	3	11	483024	0	0	0	nan	0	0	0	0	0	0	nan	0	0	0	0.000000	0.000000	0.000000	0.000000	nan	nan
24	U	442	483025	481997	0.000917	3	11	483025	0	0	0	nan	0	0	0	0	0	0	nan	0	0	0	0.000917	0.000044	0.000917	0.000044	nan	nan
25	G	397	483025	481818	0.000824	3	11	483025	0	0	0	nan	0	0	0	0	0	0	nan	0	0	0	0.000824	0.000041	0.000824	0.000041	nan	nan
26	A	316	483025	473844	0.000667	3	11	483025	0	0	0	nan	0	0	0	0	0	0	nan	0	0	0	0.000667	0.000038	0.000667	0.000038	0.125106	0.007127
27	C	2878	483026	473529	0.006078	3	11	483026	0	0	0	nan	0	0	0	0	0	0	nan	0	0	0	0.006078	0.000113	0.006078	0.000113	1.230053	0.022869
28	C	367	483029	473247	0.000775	3	11	483029	0	0	0	nan	0	0	0	0	0	0	nan	0	0	0	0.000775	0.000040	0.000775	0.000040	0.156843	0.008095
29	U	385	483033	480615	0.000801	3	11	483033	0	0	0	nan	0	0	0	0	0	0	nan	0	0	0	0.000801	0.000041	0.000801	0.000041	nan	nan
30	U	532	483039	481131	0.001106	3	11	483039	0	0	0	nan	0	0	0	0	0	0	nan	0	0	0	0.001106	0.000048	0.001106	0.000048	nan	nan
31	U	688	483072	481742	0.001428	3	11	483071	0	0	0	nan	0	0	0	0	0	0	nan	0	0	0	0.001428	0.000054	0.001428	0.000054	nan	nan
32	U	393	483150	482289	0.000815	3	11	483149	0	0	0	nan	0	0	0	0	0	0	nan	0	0	0	0.000815	0.000041	0.000815	0.000041	nan	nan
33	G	303	483219	482014	0.000629	3	11	483219	0	0	0	nan	0	0	0	0	0	0	nan	0	0	0	0.000629	0.000036	0.000629	0.000036	nan	nan
34	A	514	483251	482312	0.001066	3	11	483251	0	0	0	nan	0	0	0	0	0	0	nan	0	0	0	0.001066	0.000047	0.001066	0.000047	0.199944	0.008816
35	A	480	483251	481975	0.000996	3	11	483249	0	0	0	nan	0	0	0	0	0	0	nan	0	0	0	0.000996	0.000045	0.000996	0.000045	0.186814	0.008440
36	U	310	483251	481301	0.000644	3	11	483247	0	0	0	nan	0	0	0	0	0	0	nan	0	0	0	0.000644	0.000037	0.000644	0.000037	nan	nan
37	A	5066	483251	481430	0.010523	3	11	483246	0	0	0	nan	0	0	0	0	0	0	nan	0	0	0	0.010523	0.000148	0.010523	0.000148	1.973741	0.027760
38	G	335	483254	480718	0.000697	3	11	483253	0	0	0	nan	0	0	0	0	0	0	nan	0	0	0	0.000697	0.000038	0.000697	0.000038	nan	nan
39	U	555	483257	482269	0.001151	3	11	483253	0	0	0	nan	0	0	0	0	0	0	nan	0	0	0	0.001151	0.000049	0.001151	0.000049	nan	nan
40	G	513	483266	481633	0.001065	3	11	483263	0	0	0	nan	0	0	0	0	0	0	nan	0	0	0	0.001065	0.000047	0.001065	0.000047	nan	nan
41	A	1736	483270	482059	0.003601	3	11	483267	0	0	0	nan	0	0	0	0	0	0	nan	0	0	0	0.003601	0.000086	0.003601	0.000086	0.675420	0.016131
42	U	748	483275	481739	0.001553	3	11	483272	0	0	0	nan	0	0	0	0	0	0	nan	0	0	0	0.001553	0.000057	0.001553	0.000057	nan	nan
43	U	635	483283	481857	0.001318	3	11	483281	0	0	0	nan	0	0	0	0	0	0	nan	0	0	0	0.001318	0.000052	0.001318	0.000052	nan	nan
44	C	738	483286	481944	0.001531	3	11	483285	0	0	0	nan	0	0	0	0	0	0	nan	0	0	0	0.001531	0.000056	0.001531	0.000056	0.309841	0.011333
45	A	534	483293	482284	0.001107	3	11	483290	0	0	0	nan	0	0	0	0	0	0	nan	0	0	0	0.001107	0.000048	0.001107	0.000048	0.207634	0.009003
46	G	400	483303	482083	0.000830	3	11	483302	0	0	0	nan	0	0	0	0	0	0	nan	0	0	0	0.000830	0.000041	0.000830	0.000041	nan	nan
47	G	462	483307	482244	0.000958	3	11	483305	0	0	0	nan	0	0	0	0	0	0	nan	0	0	0	0.000958	0.000045	0.000958	0.000045	nan	nan
48	A	320	483312	482442	0.000663	3	11	483308	0	0	0	nan	0	0	0	0	0	0	nan	0	0	0	0.000663	0.000037	0.000663	0.000037	0.124355	0.006940
49	G	483	483323	482153	0.001002	3	11	483321	0	0	0	nan	0	0	0	0	0	0	nan	0	0	0	0.001002	0.000046	0.001002	0.000046	nan	nan
50	G	359	483328	481921	0.000745	5	11	483326	0	0	0	nan	0	0	0	0	0	0	nan	0	0	0	0.000745	0.000039	0.000745	0.000039	nan	nan
51	U	535	483329	482131	0.001110	5	11	483328	0	0	0	nan	0	0	0	0	0	0	nan	0	0	0	0.001110	0.000048	0.001110	0.000048	nan	nan
52	U	612	483329	482017	0.001270	7	11	483327	0	0	0	nan	0	0	0	0	0	0	nan	0	0	0	0.001270	0.000051	0.001270	0.000051	nan	nan
53	A	353	483329	481969	0.000732	7	11	483328	0	0	0	nan	0	0	0	0	0	0	nan	0	0	0	0.000732	0.000039	0.000732	0.000039	0.137297	0.007315
54	A	341	483211	481477	0.000708	7	11	483209	0	0	0	nan	0	0	0	0	0	0	nan	0	0	0	0.000708	0.000038	0.000708	0.000038	0.132796	0.007127
55	U	692	483211	481392	0.001437	7	11	483210	0	0	0	nan	0	0	0	0	0	0	nan	0	0	0	0.001437	0.000055	0.001437	0.000055	nan	nan
56	G	428	483211	481575	0.000889	6	11	483210	0	0	0	nan	0	0	0	0	0	0	nan	0	0	0	0.000889	0.000043	0.000889	0.000043	nan	nan
57	G	0	483212	481848	0.000000	6	11	483212	0	0	0	nan	0	0	0	0	0	0	nan	0	0	0	0.000000	0.000000	0.000000	0.000000	nan	nan
58	A	0	483214	0	nan	6	11	483214	0	0	0	nan	0	0	0	0	0	0	nan	0	0	0	nan	nan	nan	nan	nan	nan
59	A	0	483214	0	nan	6	11	483214	0	0	0	nan	0	0	0	0	0	0	nan	0	0	0	nan	nan	nan	nan	nan	nan
60	G	0	483214	0	nan	6	11	483214	0	0	0	nan	0	0	0	0	0	0	nan	0	0	0	nan	nan	nan	nan	nan	nan
61	u	0	483214	0	nan	6	11	483214	0	0	0	nan	0	0	0	0	0	0	nan	0	0	0	nan	nan	nan	nan	nan	nan
62	a	0	483214	0	nan	6	11	483214	0	0	0	nan	0	0	0	0	0	0	nan	0	0	0	nan	nan	nan	nan	nan	nan
63	a	0	483214	0	nan	6	11	483214	0	0	0	nan	0	0	0	0	0	0	nan	0	0	0	nan	nan	nan	nan	nan	nan
64	a	0	483214	0	nan	6	11	483214	0	0	0	nan	0	0	0	0	0	0	nan	0	0	0	nan	nan	nan	nan	nan	nan
65	g	0	483214	0	nan	6	11	483214	0	0	0	nan	0	0	0	0	0	0	nan	0	0	0	nan	nan	nan	nan	nan	nan
66	g	0	483214	0	nan	6	11	483214	0	0	0	nan	0	0	0	0	0	0	nan	0	0	0	nan	nan	nan	nan	nan	nan
67	u	0	483214	0	nan	6	11	483214	0	0	0	nan	0	0	0	0	0	0	nan	0	0	0	nan	nan	nan	nan	nan	nan
68	a	0	483214	0	nan	6	11	483214	0	0	0	nan	0	0	0	0	0	0	nan	0	0	0	nan	nan	nan	nan	nan	nan
69	a	0	483214	0	nan	6	11	483214	0	0	0	nan	0	0	0	0	0	0	nan	0	0	0	nan	nan	nan	nan	nan	nan
70	u	0	483214	0	nan	6	11	483214	0	0	0	nan	0	0	0	0	0	0	nan	0	0	0	nan	nan	nan	nan	nan	nan
71	g	0	483214	0	nan	6	11	483214	0	0	0	nan	0	0	0	0	0	0	nan	0	0	0	nan	nan	nan	nan	nan	nan
72	a	0	483214	0	nan	6	11	483214	0	0	0	nan	0	0	0	0	0	0	nan	0	0	0	nan	nan	nan	nan	nan	nan
73	a	0	483214	0	nan	6	11	483214	0	0	0	nan	0	0	0	0	0	0	nan	0	0	0	nan	nan	nan	nan	nan	nan
74	g	0	483214	0	nan	6	11	483214	0	0	0	nan	0	0	0	0	0	0	nan	0	0	0	nan	nan	nan	nan	nan	nan
75	g	0	483210	0	nan	5	11	483210	0	0	0	nan	0	0	0	0	0	0	nan	0	0	0	nan	nan	nan	nan	nan	nan
76	u	0	483199	0	nan	5	11	483199	0	0	0	nan	0	0	0	0	0	0	nan	0	0	0	nan	nan	nan	nan	nan	nan
77	g	0	483190	0	nan	5	11	483190	0	0	0	nan	0	0	0	0	0	0	nan	0	0	0	nan	nan	nan	nan	nan	nan
78	a	0	483185	0	nan	5	11	483185	0	0	0	nan	0	0	0	0	0	0	nan	0	0	0	nan	nan	nan	nan	nan	nan
79	a	0	483073	0	nan	5	11	483073	0	0	0	nan	0	0	0	0	0	0	nan	0	0	0	nan	nan	nan	nan	nan	nan
80	g	0	482805	0	nan	5	11	482805	0	0	0	nan	0	0	0	0	0	0	nan	0	0	0	nan	nan	nan	nan	nan	nan