Nucleotide	Sequence	Modified_mutations	Modified_read_depth	Modified_effective_depth	Modified_rate	Modified_off_target_mapped_depth	Modified_low_mapq_mapped_depth	Modified_primer_pair_1_mapped_depth	Untreated_mutations	Untreated_read_depth	Untreated_effective_depth	Untreated_rate	Untreated_off_target_mapped_depth	Untreated_low_mapq_mapped_depth	Untreated_primer_pair_1_mapped_depth	Denatured_mutations	Denatured_read_depth	Denatured_effective_depth	Denatured_rate	Denatured_off_target_mapped_depth	Denatured_low_mapq_mapped_depth	Denatured_primer_pair_1_mapped_depth	Reactivity_profile	Std_err	HQ_profile	HQ_stderr	Norm_profile	Norm_stderr
1	g	0	195533	0	nan	1	2	195533	0	0	0	nan	0	0	0	0	0	0	nan	0	0	0	nan	nan	nan	nan	nan	nan
2	g	0	195710	0	nan	1	2	195710	0	0	0	nan	0	0	0	0	0	0	nan	0	0	0	nan	nan	nan	nan	nan	nan
3	u	0	195819	0	nan	1	2	195819	0	0	0	nan	0	0	0	0	0	0	nan	0	0	0	nan	nan	nan	nan	nan	nan
4	g	0	195825	0	nan	1	2	195825	0	0	0	nan	0	0	0	0	0	0	nan	0	0	0	nan	nan	nan	nan	nan	nan
5	u	0	195836	0	nan	1	2	195836	0	0	0	nan	0	0	0	0	0	0	nan	0	0	0	nan	nan	nan	nan	nan	nan
6	a	0	195837	0	nan	1	2	195837	0	0	0	nan	0	0	0	0	0	0	nan	0	0	0	nan	nan	nan	nan	nan	nan
7	a	0	195837	0	nan	1	2	195837	0	0	0	nan	0	0	0	0	0	0	nan	0	0	0	nan	nan	nan	nan	nan	nan
8	g	0	195839	0	nan	1	2	195839	0	0	0	nan	0	0	0	0	0	0	nan	0	0	0	nan	nan	nan	nan	nan	nan
9	g	0	195849	0	nan	1	2	195849	0	0	0	nan	0	0	0	0	0	0	nan	0	0	0	nan	nan	nan	nan	nan	nan
10	g	0	196820	0	nan	1	2	196820	0	0	0	nan	0	0	0	0	0	0	nan	0	0	0	nan	nan	nan	nan	nan	nan
11	u	0	196837	0	nan	1	2	196837	0	0	0	nan	0	0	0	0	0	0	nan	0	0	0	nan	nan	nan	nan	nan	nan
12	g	0	196862	0	nan	1	2	196862	0	0	0	nan	0	0	0	0	0	0	nan	0	0	0	nan	nan	nan	nan	nan	nan
13	a	0	196864	0	nan	1	2	196864	0	0	0	nan	0	0	0	0	0	0	nan	0	0	0	nan	nan	nan	nan	nan	nan
14	a	0	196864	0	nan	1	2	196864	0	0	0	nan	0	0	0	0	0	0	nan	0	0	0	nan	nan	nan	nan	nan	nan
15	g	0	196864	0	nan	38	2	196864	0	0	0	nan	0	0	0	0	0	0	nan	0	0	0	nan	nan	nan	nan	nan	nan
16	u	0	196864	0	nan	38	2	196864	0	0	0	nan	0	0	0	0	0	0	nan	0	0	0	nan	nan	nan	nan	nan	nan
17	g	0	196864	0	nan	38	2	196864	0	0	0	nan	0	0	0	0	0	0	nan	0	0	0	nan	nan	nan	nan	nan	nan
18	u	0	196867	0	nan	38	2	196867	0	0	0	nan	0	0	0	0	0	0	nan	0	0	0	nan	nan	nan	nan	nan	nan
19	a	0	196872	0	nan	38	2	196872	0	0	0	nan	0	0	0	0	0	0	nan	0	0	0	nan	nan	nan	nan	nan	nan
20	A	0	196879	6	0.000000	38	2	196879	0	0	0	nan	0	0	0	0	0	0	nan	0	0	0	0.000000	0.000000	nan	nan	nan	nan
21	G	0	196887	11	0.000000	38	2	196887	0	0	0	nan	0	0	0	0	0	0	nan	0	0	0	0.000000	0.000000	nan	nan	nan	nan
22	G	0	196892	16	0.000000	38	2	196892	0	0	0	nan	0	0	0	0	0	0	nan	0	0	0	0.000000	0.000000	nan	nan	nan	nan
23	U	0	196896	196667	0.000000	38	2	196896	0	0	0	nan	0	0	0	0	0	0	nan	0	0	0	0.000000	0.000000	0.000000	0.000000	0.000000	0.000000
24	U	406	196899	196625	0.002065	38	2	196899	0	0	0	nan	0	0	0	0	0	0	nan	0	0	0	0.002065	0.000102	0.002065	0.000102	0.740143	0.036559
25	G	162	196899	195740	0.000828	38	2	196899	0	0	0	nan	0	0	0	0	0	0	nan	0	0	0	0.000828	0.000065	0.000828	0.000065	nan	nan
26	A	5827	196900	196122	0.029711	38	2	196900	0	0	0	nan	0	0	0	0	0	0	nan	0	0	0	0.029711	0.000389	0.029711	0.000389	0.970575	0.012708
27	A	5391	196900	195936	0.027514	38	2	196900	0	0	0	nan	0	0	0	0	0	0	nan	0	0	0	0.027514	0.000375	0.027514	0.000375	0.898805	0.012250
28	C	7053	196901	194890	0.036190	38	2	196901	0	0	0	nan	0	0	0	0	0	0	nan	0	0	0	0.036190	0.000431	0.036190	0.000431	0.930932	0.011087
29	U	339	196901	195824	0.001731	38	2	196901	0	0	0	nan	0	0	0	0	0	0	nan	0	0	0	0.001731	0.000094	0.001731	0.000094	0.620430	0.033692
30	U	403	196901	196043	0.002056	38	2	196900	0	0	0	nan	0	0	0	0	0	0	nan	0	0	0	0.002056	0.000102	0.002056	0.000102	0.736918	0.036559
31	U	547	196901	196092	0.002790	38	2	196898	0	0	0	nan	0	0	0	0	0	0	nan	0	0	0	0.002790	0.000119	0.002790	0.000119	1.000000	0.042652
32	U	419	196903	196037	0.002137	38	2	196885	0	0	0	nan	0	0	0	0	0	0	nan	0	0	0	0.002137	0.000104	0.002137	0.000104	0.765950	0.037276
33	G	163	196925	195061	0.000836	38	2	196903	0	0	0	nan	0	0	0	0	0	0	nan	0	0	0	0.000836	0.000065	0.000836	0.000065	nan	nan
34	A	5759	196937	195757	0.029419	38	2	196907	0	0	0	nan	0	0	0	0	0	0	nan	0	0	0	0.029419	0.000388	0.029419	0.000388	0.961036	0.012675
35	A	4879	196938	195585	0.024946	38	2	196907	0	0	0	nan	0	0	0	0	0	0	nan	0	0	0	0.024946	0.000357	0.024946	0.000357	0.814916	0.011662
36	U	350	196942	195477	0.001790	38	2	196912	0	0	0	nan	0	0	0	0	0	0	nan	0	0	0	0.001790	0.000096	0.001790	0.000096	0.641577	0.034409
37	A	4957	196943	195512	0.025354	38	2	196915	0	0	0	nan	0	0	0	0	0	0	nan	0	0	0	0.025354	0.000360	0.025354	0.000360	0.828244	0.011760
38	G	195	196972	194189	0.001004	39	2	196956	0	0	0	nan	0	0	0	0	0	0	nan	0	0	0	0.001004	0.000072	0.001004	0.000072	nan	nan
39	U	397	196974	195776	0.002028	39	2	196959	0	0	0	nan	0	0	0	0	0	0	nan	0	0	0	0.002028	0.000102	0.002028	0.000102	0.726882	0.036559
40	G	316	196978	195055	0.001620	39	2	196963	0	0	0	nan	0	0	0	0	0	0	nan	0	0	0	0.001620	0.000091	0.001620	0.000091	nan	nan
41	A	6298	196980	195542	0.032208	39	2	196964	0	0	0	nan	0	0	0	0	0	0	nan	0	0	0	0.032208	0.000406	0.032208	0.000406	1.052145	0.013263
42	U	578	196981	195564	0.002956	39	2	196970	0	0	0	nan	0	0	0	0	0	0	nan	0	0	0	0.002956	0.000123	0.002956	0.000123	1.059498	0.044086
43	U	508	196988	195524	0.002598	39	2	196978	0	0	0	nan	0	0	0	0	0	0	nan	0	0	0	0.002598	0.000115	0.002598	0.000115	0.931183	0.041219
44	C	7754	197003	194972	0.039770	39	2	196994	0	0	0	nan	0	0	0	0	0	0	nan	0	0	0	0.039770	0.000452	0.039770	0.000452	1.023023	0.011627
45	A	6264	197014	195109	0.032105	39	2	197005	0	0	0	nan	0	0	0	0	0	0	nan	0	0	0	0.032105	0.000406	0.032105	0.000406	1.048780	0.013263
46	G	258	197035	194412	0.001327	39	2	197027	0	0	0	nan	0	0	0	0	0	0	nan	0	0	0	0.001327	0.000083	0.001327	0.000083	nan	nan
47	G	271	197036	194539	0.001393	39	2	197026	0	0	0	nan	0	0	0	0	0	0	nan	0	0	0	0.001393	0.000085	0.001393	0.000085	nan	nan
48	A	6039	197037	195360	0.030912	39	2	197027	0	0	0	nan	0	0	0	0	0	0	nan	0	0	0	0.030912	0.000398	0.030912	0.000398	1.009808	0.013002
49	G	243	197040	194972	0.001246	39	2	197036	0	0	0	nan	0	0	0	0	0	0	nan	0	0	0	0.001246	0.000080	0.001246	0.000080	nan	nan
50	G	266	197041	194970	0.001364	39	2	197037	0	0	0	nan	0	0	0	0	0	0	nan	0	0	0	0.001364	0.000084	0.001364	0.000084	nan	nan
51	U	456	197045	195749	0.002330	39	2	197041	0	0	0	nan	0	0	0	0	0	0	nan	0	0	0	0.002330	0.000109	0.002330	0.000109	0.835125	0.039068
52	U	396	197049	195525	0.002025	39	2	197046	0	0	0	nan	0	0	0	0	0	0	nan	0	0	0	0.002025	0.000102	0.002025	0.000102	0.725806	0.036559
53	A	5611	197046	194874	0.028793	39	2	197042	0	0	0	nan	0	0	0	0	0	0	nan	0	0	0	0.028793	0.000384	0.028793	0.000384	0.940587	0.012544
54	A	4713	196932	194922	0.024179	39	2	196923	0	0	0	nan	0	0	0	0	0	0	nan	0	0	0	0.024179	0.000352	0.024179	0.000352	0.789860	0.011499
55	U	538	196937	194862	0.002761	39	2	196931	0	0	0	nan	0	0	0	0	0	0	nan	0	0	0	0.002761	0.000119	0.002761	0.000119	0.989606	0.042652
56	G	344	196956	194727	0.001767	39	2	196951	0	0	0	nan	0	0	0	0	0	0	nan	0	0	0	0.001767	0.000095	0.001767	0.000095	nan	nan
57	G	0	196985	194483	0.000000	39	2	196984	0	0	0	nan	0	0	0	0	0	0	nan	0	0	0	0.000000	0.000000	0.000000	0.000000	nan	nan
58	A	0	196996	0	nan	39	2	196996	0	0	0	nan	0	0	0	0	0	0	nan	0	0	0	nan	nan	nan	nan	nan	nan
59	A	0	196996	0	nan	39	2	196996	0	0	0	nan	0	0	0	0	0	0	nan	0	0	0	nan	nan	nan	nan	nan	nan
60	G	0	196996	0	nan	39	2	196996	0	0	0	nan	0	0	0	0	0	0	nan	0	0	0	nan	nan	nan	nan	nan	nan
61	u	0	196996	0	nan	39	2	196996	0	0	0	nan	0	0	0	0	0	0	nan	0	0	0	nan	nan	nan	nan	nan	nan
62	a	0	196996	0	nan	39	2	196996	0	0	0	nan	0	0	0	0	0	0	nan	0	0	0	nan	nan	nan	nan	nan	nan
63	a	0	196996	0	nan	38	2	196996	0	0	0	nan	0	0	0	0	0	0	nan	0	0	0	nan	nan	nan	nan	nan	nan
64	a	0	196996	0	nan	38	2	196996	0	0	0	nan	0	0	0	0	0	0	nan	0	0	0	nan	nan	nan	nan	nan	nan
65	g	0	196996	0	nan	38	2	196996	0	0	0	nan	0	0	0	0	0	0	nan	0	0	0	nan	nan	nan	nan	nan	nan
66	g	0	196996	0	nan	38	2	196996	0	0	0	nan	0	0	0	0	0	0	nan	0	0	0	nan	nan	nan	nan	nan	nan
67	u	0	196996	0	nan	38	2	196996	0	0	0	nan	0	0	0	0	0	0	nan	0	0	0	nan	nan	nan	nan	nan	nan
68	a	0	196996	0	nan	38	2	196996	0	0	0	nan	0	0	0	0	0	0	nan	0	0	0	nan	nan	nan	nan	nan	nan
69	a	0	196996	0	nan	38	2	196996	0	0	0	nan	0	0	0	0	0	0	nan	0	0	0	nan	nan	nan	nan	nan	nan
70	u	0	196996	0	nan	38	2	196996	0	0	0	nan	0	0	0	0	0	0	nan	0	0	0	nan	nan	nan	nan	nan	nan
71	g	0	196996	0	nan	38	2	196996	0	0	0	nan	0	0	0	0	0	0	nan	0	0	0	nan	nan	nan	nan	nan	nan
72	a	0	196996	0	nan	38	2	196996	0	0	0	nan	0	0	0	0	0	0	nan	0	0	0	nan	nan	nan	nan	nan	nan
73	a	0	196996	0	nan	38	2	196996	0	0	0	nan	0	0	0	0	0	0	nan	0	0	0	nan	nan	nan	nan	nan	nan
74	g	0	196995	0	nan	38	2	196995	0	0	0	nan	0	0	0	0	0	0	nan	0	0	0	nan	nan	nan	nan	nan	nan
75	g	0	196993	0	nan	38	2	196993	0	0	0	nan	0	0	0	0	0	0	nan	0	0	0	nan	nan	nan	nan	nan	nan
76	u	0	196975	0	nan	38	2	196975	0	0	0	nan	0	0	0	0	0	0	nan	0	0	0	nan	nan	nan	nan	nan	nan
77	g	0	196970	0	nan	38	2	196970	0	0	0	nan	0	0	0	0	0	0	nan	0	0	0	nan	nan	nan	nan	nan	nan
78	a	0	196966	0	nan	38	2	196966	0	0	0	nan	0	0	0	0	0	0	nan	0	0	0	nan	nan	nan	nan	nan	nan
79	a	0	196940	0	nan	38	2	196940	0	0	0	nan	0	0	0	0	0	0	nan	0	0	0	nan	nan	nan	nan	nan	nan
80	g	0	196823	0	nan	38	2	196823	0	0	0	nan	0	0	0	0	0	0	nan	0	0	0	nan	nan	nan	nan	nan	nan