Nucleotide	Sequence	Modified_mutations	Modified_read_depth	Modified_effective_depth	Modified_rate	Modified_off_target_mapped_depth	Modified_low_mapq_mapped_depth	Modified_primer_pair_1_mapped_depth	Untreated_mutations	Untreated_read_depth	Untreated_effective_depth	Untreated_rate	Untreated_off_target_mapped_depth	Untreated_low_mapq_mapped_depth	Untreated_primer_pair_1_mapped_depth	Denatured_mutations	Denatured_read_depth	Denatured_effective_depth	Denatured_rate	Denatured_off_target_mapped_depth	Denatured_low_mapq_mapped_depth	Denatured_primer_pair_1_mapped_depth	Reactivity_profile	Std_err	HQ_profile	HQ_stderr	Norm_profile	Norm_stderr
1	g	0	57490	0	nan	0	3	57490	0	0	0	nan	0	0	0	0	0	0	nan	0	0	0	nan	nan	nan	nan	nan	nan
2	g	0	57538	0	nan	0	3	57538	0	0	0	nan	0	0	0	0	0	0	nan	0	0	0	nan	nan	nan	nan	nan	nan
3	u	0	57560	0	nan	0	3	57560	0	0	0	nan	0	0	0	0	0	0	nan	0	0	0	nan	nan	nan	nan	nan	nan
4	g	0	57579	0	nan	0	3	57579	0	0	0	nan	0	0	0	0	0	0	nan	0	0	0	nan	nan	nan	nan	nan	nan
5	u	0	57607	0	nan	0	3	57607	0	0	0	nan	0	0	0	0	0	0	nan	0	0	0	nan	nan	nan	nan	nan	nan
6	a	0	57638	0	nan	0	3	57638	0	0	0	nan	0	0	0	0	0	0	nan	0	0	0	nan	nan	nan	nan	nan	nan
7	a	0	57704	0	nan	0	3	57704	0	0	0	nan	0	0	0	0	0	0	nan	0	0	0	nan	nan	nan	nan	nan	nan
8	g	0	57879	0	nan	0	3	57879	0	0	0	nan	0	0	0	0	0	0	nan	0	0	0	nan	nan	nan	nan	nan	nan
9	g	0	60012	0	nan	0	3	60012	0	0	0	nan	0	0	0	0	0	0	nan	0	0	0	nan	nan	nan	nan	nan	nan
10	g	0	240928	0	nan	0	3	240928	0	0	0	nan	0	0	0	0	0	0	nan	0	0	0	nan	nan	nan	nan	nan	nan
11	u	0	251943	0	nan	0	3	251943	0	0	0	nan	0	0	0	0	0	0	nan	0	0	0	nan	nan	nan	nan	nan	nan
12	g	0	252402	0	nan	0	3	252402	0	0	0	nan	0	0	0	0	0	0	nan	0	0	0	nan	nan	nan	nan	nan	nan
13	a	0	252467	0	nan	0	3	252467	0	0	0	nan	0	0	0	0	0	0	nan	0	0	0	nan	nan	nan	nan	nan	nan
14	a	0	252505	0	nan	0	3	252505	0	0	0	nan	0	0	0	0	0	0	nan	0	0	0	nan	nan	nan	nan	nan	nan
15	g	0	252541	0	nan	3	3	252541	0	0	0	nan	0	0	0	0	0	0	nan	0	0	0	nan	nan	nan	nan	nan	nan
16	u	0	252547	0	nan	3	3	252547	0	0	0	nan	0	0	0	0	0	0	nan	0	0	0	nan	nan	nan	nan	nan	nan
17	g	0	252574	0	nan	3	3	252574	0	0	0	nan	0	0	0	0	0	0	nan	0	0	0	nan	nan	nan	nan	nan	nan
18	u	0	252585	0	nan	3	3	252585	0	0	0	nan	0	0	0	0	0	0	nan	0	0	0	nan	nan	nan	nan	nan	nan
19	a	0	252703	0	nan	3	3	252703	0	0	0	nan	0	0	0	0	0	0	nan	0	0	0	nan	nan	nan	nan	nan	nan
20	A	0	252753	28	0.000000	3	4	252753	0	0	0	nan	0	0	0	0	0	0	nan	0	0	0	0.000000	0.000000	nan	nan	nan	nan
21	G	0	252836	67	0.000000	3	4	252836	0	0	0	nan	0	0	0	0	0	0	nan	0	0	0	0.000000	0.000000	nan	nan	nan	nan
22	G	0	252847	71	0.000000	3	4	252847	0	0	0	nan	0	0	0	0	0	0	nan	0	0	0	0.000000	0.000000	nan	nan	nan	nan
23	U	0	252865	249699	0.000000	3	4	252865	0	0	0	nan	0	0	0	0	0	0	nan	0	0	0	0.000000	0.000000	0.000000	0.000000	nan	nan
24	U	361	252871	249793	0.001445	3	4	252871	0	0	0	nan	0	0	0	0	0	0	nan	0	0	0	0.001445	0.000076	0.001445	0.000076	nan	nan
25	G	422	252881	248538	0.001698	3	4	252881	0	0	0	nan	0	0	0	0	0	0	nan	0	0	0	0.001698	0.000083	0.001698	0.000083	nan	nan
26	A	1286	252883	244719	0.005255	3	1	252860	0	0	0	nan	0	0	0	0	0	0	nan	0	0	0	0.005255	0.000147	0.005255	0.000147	0.428211	0.011978
27	C	7471	252896	244166	0.030598	3	1	252870	0	0	0	nan	0	0	0	0	0	0	nan	0	0	0	0.030598	0.000354	0.030598	0.000354	1.884926	0.021807
28	C	458	252906	245195	0.001868	3	1	252884	0	0	0	nan	0	0	0	0	0	0	nan	0	0	0	0.001868	0.000087	0.001868	0.000087	0.115074	0.005359
29	U	183	252943	248315	0.000737	3	1	252923	0	0	0	nan	0	0	0	0	0	0	nan	0	0	0	0.000737	0.000054	0.000737	0.000054	nan	nan
30	U	258	252969	249168	0.001035	3	1	252950	0	0	0	nan	0	0	0	0	0	0	nan	0	0	0	0.001035	0.000064	0.001035	0.000064	nan	nan
31	U	292	253004	249650	0.001170	3	1	252985	0	0	0	nan	0	0	0	0	0	0	nan	0	0	0	0.001170	0.000068	0.001170	0.000068	nan	nan
32	U	247	253051	250400	0.000986	3	1	253033	0	0	0	nan	0	0	0	0	0	0	nan	0	0	0	0.000986	0.000063	0.000986	0.000063	nan	nan
33	G	254	253070	248246	0.001023	3	1	253054	0	0	0	nan	0	0	0	0	0	0	nan	0	0	0	0.001023	0.000064	0.001023	0.000064	nan	nan
34	A	1600	253088	249237	0.006420	3	2	253071	0	0	0	nan	0	0	0	0	0	0	nan	0	0	0	0.006420	0.000160	0.006420	0.000160	0.523142	0.013038
35	A	1544	253098	248501	0.006213	3	2	253081	0	0	0	nan	0	0	0	0	0	0	nan	0	0	0	0.006213	0.000158	0.006213	0.000158	0.506274	0.012875
36	U	186	253116	246937	0.000753	3	2	253099	0	0	0	nan	0	0	0	0	0	0	nan	0	0	0	0.000753	0.000055	0.000753	0.000055	nan	nan
37	A	23148	253129	246477	0.093915	3	3	253111	0	0	0	nan	0	0	0	0	0	0	nan	0	0	0	0.093915	0.000617	0.093915	0.000617	7.652787	0.050277
38	G	485	253161	244355	0.001985	3	3	253147	0	0	0	nan	0	0	0	0	0	0	nan	0	0	0	0.001985	0.000090	0.001985	0.000090	nan	nan
39	U	475	253171	249709	0.001902	3	5	253157	0	0	0	nan	0	0	0	0	0	0	nan	0	0	0	0.001902	0.000087	0.001902	0.000087	nan	nan
40	G	667	253189	247463	0.002695	3	8	253174	0	0	0	nan	0	0	0	0	0	0	nan	0	0	0	0.002695	0.000104	0.002695	0.000104	nan	nan
41	A	4642	253212	248766	0.018660	3	8	253200	0	0	0	nan	0	0	0	0	0	0	nan	0	0	0	0.018660	0.000274	0.018660	0.000274	1.520535	0.022327
42	U	444	253243	247813	0.001792	3	8	253232	0	0	0	nan	0	0	0	0	0	0	nan	0	0	0	0.001792	0.000085	0.001792	0.000085	nan	nan
43	U	343	253264	248470	0.001380	3	8	253255	0	0	0	nan	0	0	0	0	0	0	nan	0	0	0	0.001380	0.000075	0.001380	0.000075	nan	nan
44	C	427	253286	248651	0.001717	3	8	253279	0	0	0	nan	0	0	0	0	0	0	nan	0	0	0	0.001717	0.000083	0.001717	0.000083	0.105772	0.005113
45	A	1396	253305	249834	0.005588	3	9	253299	0	0	0	nan	0	0	0	0	0	0	nan	0	0	0	0.005588	0.000150	0.005588	0.000150	0.455346	0.012223
46	G	315	253344	250517	0.001257	3	9	253339	0	0	0	nan	0	0	0	0	0	0	nan	0	0	0	0.001257	0.000071	0.001257	0.000071	nan	nan
47	G	278	253355	249815	0.001113	4	9	253350	0	0	0	nan	0	0	0	0	0	0	nan	0	0	0	0.001113	0.000067	0.001113	0.000067	nan	nan
48	A	717	253357	250321	0.002864	4	9	253351	0	0	0	nan	0	0	0	0	0	0	nan	0	0	0	0.002864	0.000107	0.002864	0.000107	0.233377	0.008719
49	G	390	253405	248680	0.001568	4	9	253400	0	0	0	nan	0	0	0	0	0	0	nan	0	0	0	0.001568	0.000079	0.001568	0.000079	nan	nan
50	G	399	253415	248245	0.001607	4	9	253412	0	0	0	nan	0	0	0	0	0	0	nan	0	0	0	0.001607	0.000080	0.001607	0.000080	nan	nan
51	U	200	253419	249708	0.000801	4	9	253417	0	0	0	nan	0	0	0	0	0	0	nan	0	0	0	0.000801	0.000057	0.000801	0.000057	nan	nan
52	U	314	253427	249219	0.001260	4	9	253426	0	0	0	nan	0	0	0	0	0	0	nan	0	0	0	0.001260	0.000071	0.001260	0.000071	nan	nan
53	A	2800	253429	249965	0.011202	4	9	253429	0	0	0	nan	0	0	0	0	0	0	nan	0	0	0	0.011202	0.000212	0.011202	0.000212	0.912810	0.017275
54	A	3067	253422	249928	0.012272	4	9	253421	0	0	0	nan	0	0	0	0	0	0	nan	0	0	0	0.012272	0.000222	0.012272	0.000222	1.000000	0.018090
55	U	542	253425	250416	0.002164	4	9	253425	0	0	0	nan	0	0	0	0	0	0	nan	0	0	0	0.002164	0.000093	0.002164	0.000093	nan	nan
56	G	523	253429	249465	0.002096	4	9	253429	0	0	0	nan	0	0	0	0	0	0	nan	0	0	0	0.002096	0.000092	0.002096	0.000092	nan	nan
57	G	0	253430	248280	0.000000	4	9	253430	0	0	0	nan	0	0	0	0	0	0	nan	0	0	0	0.000000	0.000000	0.000000	0.000000	nan	nan
58	A	0	253430	0	nan	4	9	253430	0	0	0	nan	0	0	0	0	0	0	nan	0	0	0	nan	nan	nan	nan	nan	nan
59	A	0	253430	0	nan	4	9	253430	0	0	0	nan	0	0	0	0	0	0	nan	0	0	0	nan	nan	nan	nan	nan	nan
60	G	0	253430	0	nan	4	9	253430	0	0	0	nan	0	0	0	0	0	0	nan	0	0	0	nan	nan	nan	nan	nan	nan
61	u	0	253430	0	nan	4	9	253430	0	0	0	nan	0	0	0	0	0	0	nan	0	0	0	nan	nan	nan	nan	nan	nan
62	a	0	253430	0	nan	4	9	253430	0	0	0	nan	0	0	0	0	0	0	nan	0	0	0	nan	nan	nan	nan	nan	nan
63	a	0	253430	0	nan	4	9	253430	0	0	0	nan	0	0	0	0	0	0	nan	0	0	0	nan	nan	nan	nan	nan	nan
64	a	0	253430	0	nan	4	9	253430	0	0	0	nan	0	0	0	0	0	0	nan	0	0	0	nan	nan	nan	nan	nan	nan
65	g	0	253430	0	nan	4	9	253430	0	0	0	nan	0	0	0	0	0	0	nan	0	0	0	nan	nan	nan	nan	nan	nan
66	g	0	253430	0	nan	4	9	253430	0	0	0	nan	0	0	0	0	0	0	nan	0	0	0	nan	nan	nan	nan	nan	nan
67	u	0	253430	0	nan	4	9	253430	0	0	0	nan	0	0	0	0	0	0	nan	0	0	0	nan	nan	nan	nan	nan	nan
68	a	0	253430	0	nan	4	9	253430	0	0	0	nan	0	0	0	0	0	0	nan	0	0	0	nan	nan	nan	nan	nan	nan
69	a	0	253430	0	nan	4	9	253430	0	0	0	nan	0	0	0	0	0	0	nan	0	0	0	nan	nan	nan	nan	nan	nan
70	u	0	253430	0	nan	4	9	253430	0	0	0	nan	0	0	0	0	0	0	nan	0	0	0	nan	nan	nan	nan	nan	nan
71	g	0	253430	0	nan	4	9	253430	0	0	0	nan	0	0	0	0	0	0	nan	0	0	0	nan	nan	nan	nan	nan	nan
72	a	0	253430	0	nan	4	9	253430	0	0	0	nan	0	0	0	0	0	0	nan	0	0	0	nan	nan	nan	nan	nan	nan
73	a	0	253430	0	nan	4	9	253430	0	0	0	nan	0	0	0	0	0	0	nan	0	0	0	nan	nan	nan	nan	nan	nan
74	g	0	253429	0	nan	4	9	253429	0	0	0	nan	0	0	0	0	0	0	nan	0	0	0	nan	nan	nan	nan	nan	nan
75	g	0	253428	0	nan	4	9	253428	0	0	0	nan	0	0	0	0	0	0	nan	0	0	0	nan	nan	nan	nan	nan	nan
76	u	0	253415	0	nan	4	9	253415	0	0	0	nan	0	0	0	0	0	0	nan	0	0	0	nan	nan	nan	nan	nan	nan
77	g	0	253409	0	nan	4	9	253409	0	0	0	nan	0	0	0	0	0	0	nan	0	0	0	nan	nan	nan	nan	nan	nan
78	a	0	253406	0	nan	4	9	253406	0	0	0	nan	0	0	0	0	0	0	nan	0	0	0	nan	nan	nan	nan	nan	nan
79	a	0	253357	0	nan	4	9	253357	0	0	0	nan	0	0	0	0	0	0	nan	0	0	0	nan	nan	nan	nan	nan	nan
80	g	0	253239	0	nan	4	9	253239	0	0	0	nan	0	0	0	0	0	0	nan	0	0	0	nan	nan	nan	nan	nan	nan