Nucleotide	Sequence	Modified_mutations	Modified_read_depth	Modified_effective_depth	Modified_rate	Modified_off_target_mapped_depth	Modified_low_mapq_mapped_depth	Modified_primer_pair_1_mapped_depth	Untreated_mutations	Untreated_read_depth	Untreated_effective_depth	Untreated_rate	Untreated_off_target_mapped_depth	Untreated_low_mapq_mapped_depth	Untreated_primer_pair_1_mapped_depth	Denatured_mutations	Denatured_read_depth	Denatured_effective_depth	Denatured_rate	Denatured_off_target_mapped_depth	Denatured_low_mapq_mapped_depth	Denatured_primer_pair_1_mapped_depth	Reactivity_profile	Std_err	HQ_profile	HQ_stderr	Norm_profile	Norm_stderr
1	g	0	150628	0	nan	8	0	150628	0	0	0	nan	0	0	0	0	0	0	nan	0	0	0	nan	nan	nan	nan	nan	nan
2	g	0	150965	0	nan	8	0	150965	0	0	0	nan	0	0	0	0	0	0	nan	0	0	0	nan	nan	nan	nan	nan	nan
3	c	0	151035	0	nan	8	0	151035	0	0	0	nan	0	0	0	0	0	0	nan	0	0	0	nan	nan	nan	nan	nan	nan
4	a	0	152080	0	nan	13	0	152080	0	0	0	nan	0	0	0	0	0	0	nan	0	0	0	nan	nan	nan	nan	nan	nan
5	c	0	152115	0	nan	13	0	152115	0	0	0	nan	0	0	0	0	0	0	nan	0	0	0	nan	nan	nan	nan	nan	nan
6	c	0	152122	0	nan	13	0	152122	0	0	0	nan	0	0	0	0	0	0	nan	0	0	0	nan	nan	nan	nan	nan	nan
7	u	0	152124	0	nan	13	0	152124	0	0	0	nan	0	0	0	0	0	0	nan	0	0	0	nan	nan	nan	nan	nan	nan
8	c	0	152124	0	nan	13	0	152124	0	0	0	nan	0	0	0	0	0	0	nan	0	0	0	nan	nan	nan	nan	nan	nan
9	a	0	152125	0	nan	13	0	152125	0	0	0	nan	0	0	0	0	0	0	nan	0	0	0	nan	nan	nan	nan	nan	nan
10	u	0	152145	0	nan	13	0	152145	0	0	0	nan	0	0	0	0	0	0	nan	0	0	0	nan	nan	nan	nan	nan	nan
11	a	0	152152	0	nan	13	0	152152	0	0	0	nan	0	0	0	0	0	0	nan	0	0	0	nan	nan	nan	nan	nan	nan
12	a	0	152155	0	nan	13	0	152155	0	0	0	nan	0	0	0	0	0	0	nan	0	0	0	nan	nan	nan	nan	nan	nan
13	c	0	152159	0	nan	13	0	152159	0	0	0	nan	0	0	0	0	0	0	nan	0	0	0	nan	nan	nan	nan	nan	nan
14	a	0	152161	0	nan	13	0	152161	0	0	0	nan	0	0	0	0	0	0	nan	0	0	0	nan	nan	nan	nan	nan	nan
15	u	0	152166	0	nan	13	0	152166	0	0	0	nan	0	0	0	0	0	0	nan	0	0	0	nan	nan	nan	nan	nan	nan
16	a	0	152166	0	nan	13	0	152166	0	0	0	nan	0	0	0	0	0	0	nan	0	0	0	nan	nan	nan	nan	nan	nan
17	a	0	152167	0	nan	13	0	152167	0	0	0	nan	0	0	0	0	0	0	nan	0	0	0	nan	nan	nan	nan	nan	nan
18	c	0	152170	0	nan	13	0	152170	0	0	0	nan	0	0	0	0	0	0	nan	0	0	0	nan	nan	nan	nan	nan	nan
19	U	0	152176	5	0.000000	13	0	152176	0	0	0	nan	0	0	0	0	0	0	nan	0	0	0	0.000000	0.000000	nan	nan	nan	nan
20	A	0	152184	10	0.000000	13	0	152184	0	0	0	nan	0	0	0	0	0	0	nan	0	0	0	0.000000	0.000000	nan	nan	nan	nan
21	A	0	152189	13	0.000000	13	0	152189	0	0	0	nan	0	0	0	0	0	0	nan	0	0	0	0.000000	0.000000	nan	nan	nan	nan
22	G	0	152197	150664	0.000000	13	0	152197	0	0	0	nan	0	0	0	0	0	0	nan	0	0	0	0.000000	0.000000	0.000000	0.000000	nan	nan
23	G	152	152202	148485	0.001024	13	0	152202	0	0	0	nan	0	0	0	0	0	0	nan	0	0	0	0.001024	0.000083	0.001024	0.000083	nan	nan
24	C	2572	152217	146834	0.017516	13	0	152217	0	0	0	nan	0	0	0	0	0	0	nan	0	0	0	0.017516	0.000345	0.017516	0.000345	1.000000	0.019696
25	A	1351	152240	147356	0.009168	13	0	152240	0	0	0	nan	0	0	0	0	0	0	nan	0	0	0	0.009168	0.000249	0.009168	0.000249	1.030518	0.027989
26	G	119	152252	146847	0.000810	13	0	152252	0	0	0	nan	0	0	0	0	0	0	nan	0	0	0	0.000810	0.000074	0.000810	0.000074	nan	nan
27	A	1332	152256	151255	0.008806	13	0	152255	0	0	0	nan	0	0	0	0	0	0	nan	0	0	0	0.008806	0.000241	0.008806	0.000241	0.989827	0.027089
28	U	933	152258	151225	0.006170	13	0	152257	0	0	0	nan	0	0	0	0	0	0	nan	0	0	0	0.006170	0.000202	0.006170	0.000202	1.363084	0.044626
29	C	2234	152258	151353	0.014760	13	0	152254	0	0	0	nan	0	0	0	0	0	0	nan	0	0	0	0.014760	0.000312	0.014760	0.000312	0.842658	0.017812
30	U	642	152260	151193	0.004246	13	0	152256	0	0	0	nan	0	0	0	0	0	0	nan	0	0	0	0.004246	0.000168	0.004246	0.000168	0.938032	0.037115
31	G	141	152261	150635	0.000936	13	0	152257	0	0	0	nan	0	0	0	0	0	0	nan	0	0	0	0.000936	0.000079	0.000936	0.000079	nan	nan
32	A	862	152261	150866	0.005714	13	0	152256	0	0	0	nan	0	0	0	0	0	0	nan	0	0	0	0.005714	0.000195	0.005714	0.000195	0.642275	0.021919
33	G	113	152261	145672	0.000776	13	0	152255	0	0	0	nan	0	0	0	0	0	0	nan	0	0	0	0.000776	0.000073	0.000776	0.000073	nan	nan
34	C	1311	152263	143464	0.009138	13	0	152256	0	0	0	nan	0	0	0	0	0	0	nan	0	0	0	0.009138	0.000252	0.009138	0.000252	0.521694	0.014387
35	C	1234	152272	143538	0.008597	13	0	152259	0	0	0	nan	0	0	0	0	0	0	nan	0	0	0	0.008597	0.000245	0.008597	0.000245	0.490808	0.013987
36	U	580	152273	146148	0.003969	13	0	152244	0	0	0	nan	0	0	0	0	0	0	nan	0	0	0	0.003969	0.000165	0.003969	0.000165	0.876836	0.036452
37	G	234	152296	148309	0.001578	13	0	152260	0	0	0	nan	0	0	0	0	0	0	nan	0	0	0	0.001578	0.000103	0.001578	0.000103	nan	nan
38	G	118	152313	148377	0.000795	13	0	152294	0	0	0	nan	0	0	0	0	0	0	nan	0	0	0	0.000795	0.000073	0.000795	0.000073	nan	nan
39	G	161	152314	148470	0.001084	13	0	152303	0	0	0	nan	0	0	0	0	0	0	nan	0	0	0	0.001084	0.000085	0.001084	0.000085	nan	nan
40	G	132	152313	148923	0.000886	13	0	152303	0	0	0	nan	0	0	0	0	0	0	nan	0	0	0	0.000886	0.000077	0.000886	0.000077	nan	nan
41	G	190	152316	148547	0.001279	13	0	152312	0	0	0	nan	0	0	0	0	0	0	nan	0	0	0	0.001279	0.000093	0.001279	0.000093	nan	nan
42	C	1214	152316	151364	0.008020	13	0	152314	0	0	0	nan	0	0	0	0	0	0	nan	0	0	0	0.008020	0.000230	0.008020	0.000230	0.457867	0.013131
43	U	503	152316	151444	0.003321	13	0	152313	0	0	0	nan	0	0	0	0	0	0	nan	0	0	0	0.003321	0.000148	0.003321	0.000148	0.733679	0.032696
44	C	1257	152316	151530	0.008295	13	0	152313	0	0	0	nan	0	0	0	0	0	0	nan	0	0	0	0.008295	0.000234	0.008295	0.000234	0.473567	0.013359
45	U	700	152317	151511	0.004620	13	0	152317	0	0	0	nan	0	0	0	0	0	0	nan	0	0	0	0.004620	0.000175	0.004620	0.000175	1.020656	0.038661
46	C	2521	152318	151467	0.016644	13	0	152317	0	0	0	nan	0	0	0	0	0	0	nan	0	0	0	0.016644	0.000331	0.016644	0.000331	0.950217	0.018897
47	U	532	152323	151437	0.003513	14	0	152320	0	0	0	nan	0	0	0	0	0	0	nan	0	0	0	0.003513	0.000152	0.003513	0.000152	0.776096	0.033580
48	G	190	152323	149778	0.001269	14	0	152318	0	0	0	nan	0	0	0	0	0	0	nan	0	0	0	0.001269	0.000092	0.001269	0.000092	nan	nan
49	C	3121	152325	150820	0.020694	13	0	152321	0	0	0	nan	0	0	0	0	0	0	nan	0	0	0	0.020694	0.000370	0.020694	0.000370	1.181434	0.021124
50	C	2829	152327	150975	0.018738	13	0	152323	0	0	0	nan	0	0	0	0	0	0	nan	0	0	0	0.018738	0.000352	0.018738	0.000352	1.069765	0.020096
51	A	915	152333	151375	0.006045	13	0	152333	0	0	0	nan	0	0	0	0	0	0	nan	0	0	0	0.006045	0.000200	0.006045	0.000200	0.679481	0.022481
52	A	0	152333	151418	0.000000	13	0	152333	0	0	0	nan	0	0	0	0	0	0	nan	0	0	0	0.000000	0.000000	0.000000	0.000000	0.000000	0.000000
53	U	0	152321	48	0.000000	8	0	152321	0	0	0	nan	0	0	0	0	0	0	nan	0	0	0	0.000000	0.000000	nan	nan	nan	nan
54	C	0	152253	0	nan	7	0	152253	0	0	0	nan	0	0	0	0	0	0	nan	0	0	0	nan	nan	nan	nan	nan	nan
55	C	0	152253	0	nan	7	0	152253	0	0	0	nan	0	0	0	0	0	0	nan	0	0	0	nan	nan	nan	nan	nan	nan
56	a	0	152253	0	nan	7	0	152253	0	0	0	nan	0	0	0	0	0	0	nan	0	0	0	nan	nan	nan	nan	nan	nan
57	c	0	152253	0	nan	7	0	152253	0	0	0	nan	0	0	0	0	0	0	nan	0	0	0	nan	nan	nan	nan	nan	nan
58	u	0	152253	0	nan	7	0	152253	0	0	0	nan	0	0	0	0	0	0	nan	0	0	0	nan	nan	nan	nan	nan	nan
59	a	0	152253	0	nan	7	0	152253	0	0	0	nan	0	0	0	0	0	0	nan	0	0	0	nan	nan	nan	nan	nan	nan
60	a	0	152253	0	nan	7	0	152253	0	0	0	nan	0	0	0	0	0	0	nan	0	0	0	nan	nan	nan	nan	nan	nan
61	c	0	152253	0	nan	1	0	152253	0	0	0	nan	0	0	0	0	0	0	nan	0	0	0	nan	nan	nan	nan	nan	nan
62	c	0	152253	0	nan	1	0	152253	0	0	0	nan	0	0	0	0	0	0	nan	0	0	0	nan	nan	nan	nan	nan	nan
63	u	0	152253	0	nan	1	0	152253	0	0	0	nan	0	0	0	0	0	0	nan	0	0	0	nan	nan	nan	nan	nan	nan
64	c	0	152253	0	nan	1	0	152253	0	0	0	nan	0	0	0	0	0	0	nan	0	0	0	nan	nan	nan	nan	nan	nan
65	a	0	152253	0	nan	1	0	152253	0	0	0	nan	0	0	0	0	0	0	nan	0	0	0	nan	nan	nan	nan	nan	nan
66	c	0	152253	0	nan	1	0	152253	0	0	0	nan	0	0	0	0	0	0	nan	0	0	0	nan	nan	nan	nan	nan	nan
67	u	0	152253	0	nan	1	0	152253	0	0	0	nan	0	0	0	0	0	0	nan	0	0	0	nan	nan	nan	nan	nan	nan
68	c	0	152253	0	nan	1	0	152253	0	0	0	nan	0	0	0	0	0	0	nan	0	0	0	nan	nan	nan	nan	nan	nan
69	a	0	152253	0	nan	1	0	152253	0	0	0	nan	0	0	0	0	0	0	nan	0	0	0	nan	nan	nan	nan	nan	nan
70	c	0	152245	0	nan	1	0	152245	0	0	0	nan	0	0	0	0	0	0	nan	0	0	0	nan	nan	nan	nan	nan	nan
71	a	0	152238	0	nan	1	0	152238	0	0	0	nan	0	0	0	0	0	0	nan	0	0	0	nan	nan	nan	nan	nan	nan
72	a	0	152184	0	nan	1	0	152184	0	0	0	nan	0	0	0	0	0	0	nan	0	0	0	nan	nan	nan	nan	nan	nan
73	u	0	152103	0	nan	1	0	152103	0	0	0	nan	0	0	0	0	0	0	nan	0	0	0	nan	nan	nan	nan	nan	nan
74	c	0	151897	0	nan	1	0	151897	0	0	0	nan	0	0	0	0	0	0	nan	0	0	0	nan	nan	nan	nan	nan	nan