Nucleotide	Sequence	Modified_mutations	Modified_read_depth	Modified_effective_depth	Modified_rate	Modified_off_target_mapped_depth	Modified_low_mapq_mapped_depth	Modified_primer_pair_1_mapped_depth	Untreated_mutations	Untreated_read_depth	Untreated_effective_depth	Untreated_rate	Untreated_off_target_mapped_depth	Untreated_low_mapq_mapped_depth	Untreated_primer_pair_1_mapped_depth	Denatured_mutations	Denatured_read_depth	Denatured_effective_depth	Denatured_rate	Denatured_off_target_mapped_depth	Denatured_low_mapq_mapped_depth	Denatured_primer_pair_1_mapped_depth	Reactivity_profile	Std_err	HQ_profile	HQ_stderr	Norm_profile	Norm_stderr
1	g	0	1188585	0	nan	6	14	1188585	0	0	0	nan	0	0	0	0	0	0	nan	0	0	0	nan	nan	nan	nan	nan	nan
2	g	0	1189372	0	nan	6	14	1189372	0	0	0	nan	0	0	0	0	0	0	nan	0	0	0	nan	nan	nan	nan	nan	nan
3	u	0	1189666	0	nan	6	14	1189666	0	0	0	nan	0	0	0	0	0	0	nan	0	0	0	nan	nan	nan	nan	nan	nan
4	g	0	1189777	0	nan	6	14	1189777	0	0	0	nan	0	0	0	0	0	0	nan	0	0	0	nan	nan	nan	nan	nan	nan
5	u	0	1189913	0	nan	6	14	1189913	0	0	0	nan	0	0	0	0	0	0	nan	0	0	0	nan	nan	nan	nan	nan	nan
6	a	0	1189917	0	nan	6	14	1189917	0	0	0	nan	0	0	0	0	0	0	nan	0	0	0	nan	nan	nan	nan	nan	nan
7	a	0	1189930	0	nan	6	14	1189930	0	0	0	nan	0	0	0	0	0	0	nan	0	0	0	nan	nan	nan	nan	nan	nan
8	g	0	1189942	0	nan	6	14	1189942	0	0	0	nan	0	0	0	0	0	0	nan	0	0	0	nan	nan	nan	nan	nan	nan
9	g	0	1190063	0	nan	6	14	1190063	0	0	0	nan	0	0	0	0	0	0	nan	0	0	0	nan	nan	nan	nan	nan	nan
10	g	0	1210470	0	nan	6	14	1210470	0	0	0	nan	0	0	0	0	0	0	nan	0	0	0	nan	nan	nan	nan	nan	nan
11	u	0	1210766	0	nan	6	14	1210766	0	0	0	nan	0	0	0	0	0	0	nan	0	0	0	nan	nan	nan	nan	nan	nan
12	g	0	1211449	0	nan	6	14	1211449	0	0	0	nan	0	0	0	0	0	0	nan	0	0	0	nan	nan	nan	nan	nan	nan
13	a	0	1211457	0	nan	26	14	1211457	0	0	0	nan	0	0	0	0	0	0	nan	0	0	0	nan	nan	nan	nan	nan	nan
14	a	0	1211458	0	nan	27	14	1211458	0	0	0	nan	0	0	0	0	0	0	nan	0	0	0	nan	nan	nan	nan	nan	nan
15	g	0	1211464	0	nan	249	14	1211464	0	0	0	nan	0	0	0	0	0	0	nan	0	0	0	nan	nan	nan	nan	nan	nan
16	u	0	1211470	0	nan	285	14	1211470	0	0	0	nan	0	0	0	0	0	0	nan	0	0	0	nan	nan	nan	nan	nan	nan
17	g	0	1211476	0	nan	285	14	1211476	0	0	0	nan	0	0	0	0	0	0	nan	0	0	0	nan	nan	nan	nan	nan	nan
18	u	0	1211481	0	nan	300	14	1211481	0	0	0	nan	0	0	0	0	0	0	nan	0	0	0	nan	nan	nan	nan	nan	nan
19	a	0	1211497	0	nan	300	14	1211497	0	0	0	nan	0	0	0	0	0	0	nan	0	0	0	nan	nan	nan	nan	nan	nan
20	A	0	1211524	14	0.000000	336	14	1211524	0	0	0	nan	0	0	0	0	0	0	nan	0	0	0	0.000000	0.000000	nan	nan	nan	nan
21	G	0	1211549	30	0.000000	443	14	1211549	0	0	0	nan	0	0	0	0	0	0	nan	0	0	0	0.000000	0.000000	nan	nan	nan	nan
22	G	0	1211559	36	0.000000	443	14	1211559	0	0	0	nan	0	0	0	0	0	0	nan	0	0	0	0.000000	0.000000	nan	nan	nan	nan
23	U	0	1211563	1207912	0.000000	509	14	1211563	0	0	0	nan	0	0	0	0	0	0	nan	0	0	0	0.000000	0.000000	0.000000	0.000000	nan	nan
24	U	1392	1211565	1207622	0.001153	509	14	1211565	0	0	0	nan	0	0	0	0	0	0	nan	0	0	0	0.001153	0.000031	0.001153	0.000031	nan	nan
25	G	782	1211569	1207944	0.000647	509	14	1211569	0	0	0	nan	0	0	0	0	0	0	nan	0	0	0	0.000647	0.000023	0.000647	0.000023	nan	nan
26	A	564	1211574	1209000	0.000467	509	14	1211572	0	0	0	nan	0	0	0	0	0	0	nan	0	0	0	0.000467	0.000020	0.000467	0.000020	nan	nan
27	A	756	1211575	1207993	0.000626	509	14	1211571	0	0	0	nan	0	0	0	0	0	0	nan	0	0	0	0.000626	0.000023	0.000626	0.000023	nan	nan
28	C	1412	1211577	1206969	0.001170	509	14	1211570	0	0	0	nan	0	0	0	0	0	0	nan	0	0	0	0.001170	0.000031	0.001170	0.000031	nan	nan
29	U	1525	1211582	1205511	0.001265	509	14	1211574	0	0	0	nan	0	0	0	0	0	0	nan	0	0	0	0.001265	0.000032	0.001265	0.000032	nan	nan
30	U	1623	1211585	1206166	0.001346	509	14	1211576	0	0	0	nan	0	0	0	0	0	0	nan	0	0	0	0.001346	0.000033	0.001346	0.000033	nan	nan
31	U	2163	1211608	1207096	0.001792	509	14	1211597	0	0	0	nan	0	0	0	0	0	0	nan	0	0	0	0.001792	0.000039	0.001792	0.000039	nan	nan
32	U	1209	1211644	1208720	0.001000	509	14	1211632	0	0	0	nan	0	0	0	0	0	0	nan	0	0	0	0.001000	0.000029	0.001000	0.000029	nan	nan
33	G	647	1212157	1209319	0.000535	509	14	1212137	0	0	0	nan	0	0	0	0	0	0	nan	0	0	0	0.000535	0.000021	0.000535	0.000021	nan	nan
34	A	739	1212532	1209954	0.000611	509	14	1212508	0	0	0	nan	0	0	0	0	0	0	nan	0	0	0	0.000611	0.000022	0.000611	0.000022	nan	nan
35	A	784	1212541	1208604	0.000649	509	14	1212510	0	0	0	nan	0	0	0	0	0	0	nan	0	0	0	0.000649	0.000023	0.000649	0.000023	nan	nan
36	U	986	1212544	1208901	0.000816	510	14	1212511	0	0	0	nan	0	0	0	0	0	0	nan	0	0	0	0.000816	0.000026	0.000816	0.000026	nan	nan
37	A	875	1212546	1209411	0.000723	510	14	1212510	0	0	0	nan	0	0	0	0	0	0	nan	0	0	0	0.000723	0.000024	0.000723	0.000024	nan	nan
38	G	991	1212550	1208253	0.000820	511	14	1212515	0	0	0	nan	0	0	0	0	0	0	nan	0	0	0	0.000820	0.000026	0.000820	0.000026	nan	nan
39	U	1318	1212557	1209673	0.001090	511	14	1212525	0	0	0	nan	0	0	0	0	0	0	nan	0	0	0	0.001090	0.000030	0.001090	0.000030	nan	nan
40	G	1464	1212564	1208305	0.001212	511	14	1212531	0	0	0	nan	0	0	0	0	0	0	nan	0	0	0	0.001212	0.000032	0.001212	0.000032	nan	nan
41	A	1285	1212569	1208923	0.001063	511	14	1212535	0	0	0	nan	0	0	0	0	0	0	nan	0	0	0	0.001063	0.000030	0.001063	0.000030	nan	nan
42	U	2391	1212577	1207831	0.001980	512	14	1212545	0	0	0	nan	0	0	0	0	0	0	nan	0	0	0	0.001980	0.000040	0.001980	0.000040	nan	nan
43	U	1723	1212584	1208255	0.001426	512	14	1212553	0	0	0	nan	0	0	0	0	0	0	nan	0	0	0	0.001426	0.000034	0.001426	0.000034	nan	nan
44	C	1874	1212612	1208787	0.001550	512	14	1212582	0	0	0	nan	0	0	0	0	0	0	nan	0	0	0	0.001550	0.000036	0.001550	0.000036	nan	nan
45	A	1099	1212636	1210063	0.000908	512	14	1212607	0	0	0	nan	0	0	0	0	0	0	nan	0	0	0	0.000908	0.000027	0.000908	0.000027	nan	nan
46	G	1092	1212674	1209418	0.000903	512	14	1212651	0	0	0	nan	0	0	0	0	0	0	nan	0	0	0	0.000903	0.000027	0.000903	0.000027	nan	nan
47	G	1269	1212682	1209608	0.001049	512	14	1212660	0	0	0	nan	0	0	0	0	0	0	nan	0	0	0	0.001049	0.000029	0.001049	0.000029	nan	nan
48	A	834	1212689	1210087	0.000689	512	14	1212668	0	0	0	nan	0	0	0	0	0	0	nan	0	0	0	0.000689	0.000024	0.000689	0.000024	nan	nan
49	G	1110	1212697	1209301	0.000918	512	14	1212679	0	0	0	nan	0	0	0	0	0	0	nan	0	0	0	0.000918	0.000028	0.000918	0.000028	nan	nan
50	G	1240	1212702	1184884	0.001047	512	14	1212687	0	0	0	nan	0	0	0	0	0	0	nan	0	0	0	0.001047	0.000030	0.001047	0.000030	nan	nan
51	U	1402	1212709	1184679	0.001183	512	14	1212696	0	0	0	nan	0	0	0	0	0	0	nan	0	0	0	0.001183	0.000032	0.001183	0.000032	nan	nan
52	U	1479	1212720	1184399	0.001249	512	14	1212707	0	0	0	nan	0	0	0	0	0	0	nan	0	0	0	0.001249	0.000032	0.001249	0.000032	nan	nan
53	A	669	1212725	1208325	0.000554	506	14	1212705	0	0	0	nan	0	0	0	0	0	0	nan	0	0	0	0.000554	0.000021	0.000554	0.000021	nan	nan
54	A	744	1211728	1204094	0.000618	129	14	1210536	0	0	0	nan	0	0	0	0	0	0	nan	0	0	0	0.000618	0.000023	0.000618	0.000023	nan	nan
55	U	1589	1211728	1202698	0.001321	126	14	1210712	0	0	0	nan	0	0	0	0	0	0	nan	0	0	0	0.001321	0.000033	0.001321	0.000033	nan	nan
56	G	1590	1211738	1202631	0.001322	127	14	1210845	0	0	0	nan	0	0	0	0	0	0	nan	0	0	0	0.001322	0.000033	0.001322	0.000033	nan	nan
57	G	0	1211775	1203399	0.000000	127	14	1211678	0	0	0	nan	0	0	0	0	0	0	nan	0	0	0	0.000000	0.000000	0.000000	0.000000	nan	nan
58	A	0	1211778	0	nan	127	14	1211778	0	0	0	nan	0	0	0	0	0	0	nan	0	0	0	nan	nan	nan	nan	nan	nan
59	A	0	1211778	0	nan	127	14	1211778	0	0	0	nan	0	0	0	0	0	0	nan	0	0	0	nan	nan	nan	nan	nan	nan
60	G	0	1211778	0	nan	127	14	1211778	0	0	0	nan	0	0	0	0	0	0	nan	0	0	0	nan	nan	nan	nan	nan	nan
61	u	0	1211778	0	nan	127	14	1211778	0	0	0	nan	0	0	0	0	0	0	nan	0	0	0	nan	nan	nan	nan	nan	nan
62	a	0	1211778	0	nan	127	14	1211778	0	0	0	nan	0	0	0	0	0	0	nan	0	0	0	nan	nan	nan	nan	nan	nan
63	a	0	1211778	0	nan	127	14	1211778	0	0	0	nan	0	0	0	0	0	0	nan	0	0	0	nan	nan	nan	nan	nan	nan
64	a	0	1211778	0	nan	127	14	1211778	0	0	0	nan	0	0	0	0	0	0	nan	0	0	0	nan	nan	nan	nan	nan	nan
65	g	0	1211778	0	nan	124	14	1211778	0	0	0	nan	0	0	0	0	0	0	nan	0	0	0	nan	nan	nan	nan	nan	nan
66	g	0	1211778	0	nan	122	14	1211778	0	0	0	nan	0	0	0	0	0	0	nan	0	0	0	nan	nan	nan	nan	nan	nan
67	u	0	1211778	0	nan	118	14	1211778	0	0	0	nan	0	0	0	0	0	0	nan	0	0	0	nan	nan	nan	nan	nan	nan
68	a	0	1211778	0	nan	117	14	1211778	0	0	0	nan	0	0	0	0	0	0	nan	0	0	0	nan	nan	nan	nan	nan	nan
69	a	0	1211778	0	nan	117	14	1211778	0	0	0	nan	0	0	0	0	0	0	nan	0	0	0	nan	nan	nan	nan	nan	nan
70	u	0	1211778	0	nan	117	14	1211778	0	0	0	nan	0	0	0	0	0	0	nan	0	0	0	nan	nan	nan	nan	nan	nan
71	g	0	1211778	0	nan	117	14	1211778	0	0	0	nan	0	0	0	0	0	0	nan	0	0	0	nan	nan	nan	nan	nan	nan
72	a	0	1211775	0	nan	117	14	1211775	0	0	0	nan	0	0	0	0	0	0	nan	0	0	0	nan	nan	nan	nan	nan	nan
73	a	0	1211775	0	nan	117	14	1211775	0	0	0	nan	0	0	0	0	0	0	nan	0	0	0	nan	nan	nan	nan	nan	nan
74	g	0	1211774	0	nan	117	14	1211774	0	0	0	nan	0	0	0	0	0	0	nan	0	0	0	nan	nan	nan	nan	nan	nan
75	g	0	1211769	0	nan	117	14	1211769	0	0	0	nan	0	0	0	0	0	0	nan	0	0	0	nan	nan	nan	nan	nan	nan
76	u	0	1211735	0	nan	117	14	1211735	0	0	0	nan	0	0	0	0	0	0	nan	0	0	0	nan	nan	nan	nan	nan	nan
77	g	0	1211700	0	nan	117	14	1211700	0	0	0	nan	0	0	0	0	0	0	nan	0	0	0	nan	nan	nan	nan	nan	nan
78	a	0	1211679	0	nan	117	14	1211679	0	0	0	nan	0	0	0	0	0	0	nan	0	0	0	nan	nan	nan	nan	nan	nan
79	a	0	1211433	0	nan	116	14	1211433	0	0	0	nan	0	0	0	0	0	0	nan	0	0	0	nan	nan	nan	nan	nan	nan
80	g	0	1210989	0	nan	116	14	1210989	0	0	0	nan	0	0	0	0	0	0	nan	0	0	0	nan	nan	nan	nan	nan	nan