Nucleotide	Sequence	Modified_mutations	Modified_read_depth	Modified_effective_depth	Modified_rate	Modified_off_target_mapped_depth	Modified_low_mapq_mapped_depth	Modified_primer_pair_1_mapped_depth	Untreated_mutations	Untreated_read_depth	Untreated_effective_depth	Untreated_rate	Untreated_off_target_mapped_depth	Untreated_low_mapq_mapped_depth	Untreated_primer_pair_1_mapped_depth	Denatured_mutations	Denatured_read_depth	Denatured_effective_depth	Denatured_rate	Denatured_off_target_mapped_depth	Denatured_low_mapq_mapped_depth	Denatured_primer_pair_1_mapped_depth	Reactivity_profile	Std_err	HQ_profile	HQ_stderr	Norm_profile	Norm_stderr
1	g	0	64119	0	nan	0	11	64119	0	0	0	nan	0	0	0	0	0	0	nan	0	0	0	nan	nan	nan	nan	nan	nan
2	g	0	64166	0	nan	0	11	64166	0	0	0	nan	0	0	0	0	0	0	nan	0	0	0	nan	nan	nan	nan	nan	nan
3	u	0	64182	0	nan	0	11	64182	0	0	0	nan	0	0	0	0	0	0	nan	0	0	0	nan	nan	nan	nan	nan	nan
4	g	0	64195	0	nan	0	11	64195	0	0	0	nan	0	0	0	0	0	0	nan	0	0	0	nan	nan	nan	nan	nan	nan
5	u	0	64207	0	nan	0	11	64207	0	0	0	nan	0	0	0	0	0	0	nan	0	0	0	nan	nan	nan	nan	nan	nan
6	a	0	64215	0	nan	0	11	64215	0	0	0	nan	0	0	0	0	0	0	nan	0	0	0	nan	nan	nan	nan	nan	nan
7	a	0	64234	0	nan	0	11	64234	0	0	0	nan	0	0	0	0	0	0	nan	0	0	0	nan	nan	nan	nan	nan	nan
8	g	0	64348	0	nan	0	11	64348	0	0	0	nan	0	0	0	0	0	0	nan	0	0	0	nan	nan	nan	nan	nan	nan
9	g	0	65886	0	nan	0	11	65886	0	0	0	nan	0	0	0	0	0	0	nan	0	0	0	nan	nan	nan	nan	nan	nan
10	g	0	264042	0	nan	0	11	264042	0	0	0	nan	0	0	0	0	0	0	nan	0	0	0	nan	nan	nan	nan	nan	nan
11	u	0	274809	0	nan	0	11	274809	0	0	0	nan	0	0	0	0	0	0	nan	0	0	0	nan	nan	nan	nan	nan	nan
12	g	0	275290	0	nan	1	11	275290	0	0	0	nan	0	0	0	0	0	0	nan	0	0	0	nan	nan	nan	nan	nan	nan
13	a	0	275334	0	nan	1	11	275334	0	0	0	nan	0	0	0	0	0	0	nan	0	0	0	nan	nan	nan	nan	nan	nan
14	a	0	275352	0	nan	1	11	275352	0	0	0	nan	0	0	0	0	0	0	nan	0	0	0	nan	nan	nan	nan	nan	nan
15	g	0	275371	0	nan	2	11	275371	0	0	0	nan	0	0	0	0	0	0	nan	0	0	0	nan	nan	nan	nan	nan	nan
16	u	0	275387	0	nan	2	11	275387	0	0	0	nan	0	0	0	0	0	0	nan	0	0	0	nan	nan	nan	nan	nan	nan
17	g	0	275428	0	nan	2	11	275428	0	0	0	nan	0	0	0	0	0	0	nan	0	0	0	nan	nan	nan	nan	nan	nan
18	u	0	275444	0	nan	2	11	275444	0	0	0	nan	0	0	0	0	0	0	nan	0	0	0	nan	nan	nan	nan	nan	nan
19	a	0	275561	0	nan	2	11	275561	0	0	0	nan	0	0	0	0	0	0	nan	0	0	0	nan	nan	nan	nan	nan	nan
20	A	0	275607	36	0.000000	2	13	275607	0	0	0	nan	0	0	0	0	0	0	nan	0	0	0	0.000000	0.000000	nan	nan	nan	nan
21	G	0	275680	64	0.000000	2	13	275680	0	0	0	nan	0	0	0	0	0	0	nan	0	0	0	0.000000	0.000000	nan	nan	nan	nan
22	G	0	275688	60	0.000000	2	13	275688	0	0	0	nan	0	0	0	0	0	0	nan	0	0	0	0.000000	0.000000	nan	nan	nan	nan
23	U	0	275702	272892	0.000000	2	13	275702	0	0	0	nan	0	0	0	0	0	0	nan	0	0	0	0.000000	0.000000	0.000000	0.000000	nan	nan
24	U	467	275710	272648	0.001713	2	13	275710	0	0	0	nan	0	0	0	0	0	0	nan	0	0	0	0.001713	0.000079	0.001713	0.000079	nan	nan
25	G	731	275718	271835	0.002689	2	13	275718	0	0	0	nan	0	0	0	0	0	0	nan	0	0	0	0.002689	0.000099	0.002689	0.000099	0.625785	0.023039
26	A	1478	275717	266869	0.005538	2	10	275681	0	0	0	nan	0	0	0	0	0	0	nan	0	0	0	0.005538	0.000144	0.005538	0.000144	0.919170	0.023900
27	C	2802	275729	265997	0.010534	2	9	275681	0	0	0	nan	0	0	0	0	0	0	nan	0	0	0	0.010534	0.000199	0.010534	0.000199	1.134762	0.021437
28	C	1359	275748	266456	0.005100	2	9	275704	0	0	0	nan	0	0	0	0	0	0	nan	0	0	0	0.005100	0.000138	0.005100	0.000138	0.549391	0.014866
29	U	256	275797	270171	0.000948	2	9	275758	0	0	0	nan	0	0	0	0	0	0	nan	0	0	0	0.000948	0.000059	0.000948	0.000059	nan	nan
30	U	314	275829	271036	0.001159	2	9	275795	0	0	0	nan	0	0	0	0	0	0	nan	0	0	0	0.001159	0.000065	0.001159	0.000065	nan	nan
31	U	402	275857	271920	0.001478	2	9	275827	0	0	0	nan	0	0	0	0	0	0	nan	0	0	0	0.001478	0.000074	0.001478	0.000074	nan	nan
32	U	258	275943	273273	0.000944	2	9	275917	0	0	0	nan	0	0	0	0	0	0	nan	0	0	0	0.000944	0.000059	0.000944	0.000059	nan	nan
33	G	1393	275990	272522	0.005112	2	9	275968	0	0	0	nan	0	0	0	0	0	0	nan	0	0	0	0.005112	0.000137	0.005112	0.000137	1.189667	0.031883
34	A	1739	276025	272337	0.006385	2	9	276004	0	0	0	nan	0	0	0	0	0	0	nan	0	0	0	0.006385	0.000153	0.006385	0.000153	1.059751	0.025394
35	A	1366	276035	271150	0.005038	2	9	276014	0	0	0	nan	0	0	0	0	0	0	nan	0	0	0	0.005038	0.000136	0.005038	0.000136	0.836183	0.022573
36	U	238	276049	270633	0.000879	2	9	276028	0	0	0	nan	0	0	0	0	0	0	nan	0	0	0	0.000879	0.000057	0.000879	0.000057	nan	nan
37	A	1562	276086	271336	0.005757	2	14	276066	0	0	0	nan	0	0	0	0	0	0	nan	0	0	0	0.005757	0.000146	0.005757	0.000146	0.955519	0.024232
38	G	492	276111	270899	0.001816	2	14	276091	0	0	0	nan	0	0	0	0	0	0	nan	0	0	0	0.001816	0.000082	0.001816	0.000082	0.422620	0.019083
39	U	480	276138	273099	0.001758	2	18	276120	0	0	0	nan	0	0	0	0	0	0	nan	0	0	0	0.001758	0.000080	0.001758	0.000080	nan	nan
40	G	1168	276172	271807	0.004297	2	19	276156	0	0	0	nan	0	0	0	0	0	0	nan	0	0	0	0.004297	0.000126	0.004297	0.000126	1.000000	0.029323
41	A	1939	276192	272679	0.007111	2	20	276178	0	0	0	nan	0	0	0	0	0	0	nan	0	0	0	0.007111	0.000161	0.007111	0.000161	1.180249	0.026722
42	U	509	276228	271734	0.001873	2	21	276214	0	0	0	nan	0	0	0	0	0	0	nan	0	0	0	0.001873	0.000083	0.001873	0.000083	nan	nan
43	U	463	276252	271419	0.001706	2	21	276242	0	0	0	nan	0	0	0	0	0	0	nan	0	0	0	0.001706	0.000079	0.001706	0.000079	nan	nan
44	C	2180	276261	271411	0.008032	2	22	276251	0	0	0	nan	0	0	0	0	0	0	nan	0	0	0	0.008032	0.000172	0.008032	0.000172	0.865238	0.018528
45	A	1641	276278	272347	0.006025	2	22	276271	0	0	0	nan	0	0	0	0	0	0	nan	0	0	0	0.006025	0.000149	0.006025	0.000149	1.000000	0.024730
46	G	877	276304	273826	0.003203	2	22	276298	0	0	0	nan	0	0	0	0	0	0	nan	0	0	0	0.003203	0.000108	0.003203	0.000108	0.745404	0.025134
47	G	856	276320	273333	0.003132	2	22	276314	0	0	0	nan	0	0	0	0	0	0	nan	0	0	0	0.003132	0.000107	0.003132	0.000107	0.728881	0.024901
48	A	1388	276323	273389	0.005077	2	22	276317	0	0	0	nan	0	0	0	0	0	0	nan	0	0	0	0.005077	0.000136	0.005077	0.000136	0.842656	0.022573
49	G	2428	276367	273181	0.008888	2	22	276364	0	0	0	nan	0	0	0	0	0	0	nan	0	0	0	0.008888	0.000180	0.008888	0.000180	2.068420	0.041890
50	G	552	276385	273151	0.002021	2	22	276383	0	0	0	nan	0	0	0	0	0	0	nan	0	0	0	0.002021	0.000086	0.002021	0.000086	0.470328	0.020014
51	U	290	276389	273018	0.001062	2	22	276389	0	0	0	nan	0	0	0	0	0	0	nan	0	0	0	0.001062	0.000062	0.001062	0.000062	nan	nan
52	U	520	276395	272213	0.001910	2	22	276394	0	0	0	nan	0	0	0	0	0	0	nan	0	0	0	0.001910	0.000084	0.001910	0.000084	nan	nan
53	A	1330	276396	273267	0.004867	2	22	276395	0	0	0	nan	0	0	0	0	0	0	nan	0	0	0	0.004867	0.000133	0.004867	0.000133	0.807801	0.022075
54	A	1106	276396	273170	0.004049	2	22	276395	0	0	0	nan	0	0	0	0	0	0	nan	0	0	0	0.004049	0.000122	0.004049	0.000122	0.672033	0.020249
55	U	1412	276397	273655	0.005160	2	22	276397	0	0	0	nan	0	0	0	0	0	0	nan	0	0	0	0.005160	0.000137	0.005160	0.000137	nan	nan
56	G	1140	276398	273635	0.004166	2	22	276398	0	0	0	nan	0	0	0	0	0	0	nan	0	0	0	0.004166	0.000123	0.004166	0.000123	0.969514	0.028625
57	G	0	276398	273215	0.000000	2	22	276398	0	0	0	nan	0	0	0	0	0	0	nan	0	0	0	0.000000	0.000000	0.000000	0.000000	0.000000	0.000000
58	A	0	276399	0	nan	2	22	276399	0	0	0	nan	0	0	0	0	0	0	nan	0	0	0	nan	nan	nan	nan	nan	nan
59	A	0	276399	0	nan	2	22	276399	0	0	0	nan	0	0	0	0	0	0	nan	0	0	0	nan	nan	nan	nan	nan	nan
60	G	0	276399	0	nan	2	22	276399	0	0	0	nan	0	0	0	0	0	0	nan	0	0	0	nan	nan	nan	nan	nan	nan
61	u	0	276399	0	nan	2	22	276399	0	0	0	nan	0	0	0	0	0	0	nan	0	0	0	nan	nan	nan	nan	nan	nan
62	a	0	276399	0	nan	2	22	276399	0	0	0	nan	0	0	0	0	0	0	nan	0	0	0	nan	nan	nan	nan	nan	nan
63	a	0	276399	0	nan	2	22	276399	0	0	0	nan	0	0	0	0	0	0	nan	0	0	0	nan	nan	nan	nan	nan	nan
64	a	0	276399	0	nan	2	22	276399	0	0	0	nan	0	0	0	0	0	0	nan	0	0	0	nan	nan	nan	nan	nan	nan
65	g	0	276399	0	nan	2	22	276399	0	0	0	nan	0	0	0	0	0	0	nan	0	0	0	nan	nan	nan	nan	nan	nan
66	g	0	276399	0	nan	2	22	276399	0	0	0	nan	0	0	0	0	0	0	nan	0	0	0	nan	nan	nan	nan	nan	nan
67	u	0	276399	0	nan	2	22	276399	0	0	0	nan	0	0	0	0	0	0	nan	0	0	0	nan	nan	nan	nan	nan	nan
68	a	0	276399	0	nan	2	22	276399	0	0	0	nan	0	0	0	0	0	0	nan	0	0	0	nan	nan	nan	nan	nan	nan
69	a	0	276399	0	nan	2	22	276399	0	0	0	nan	0	0	0	0	0	0	nan	0	0	0	nan	nan	nan	nan	nan	nan
70	u	0	276399	0	nan	2	22	276399	0	0	0	nan	0	0	0	0	0	0	nan	0	0	0	nan	nan	nan	nan	nan	nan
71	g	0	276399	0	nan	2	22	276399	0	0	0	nan	0	0	0	0	0	0	nan	0	0	0	nan	nan	nan	nan	nan	nan
72	a	0	276399	0	nan	2	22	276399	0	0	0	nan	0	0	0	0	0	0	nan	0	0	0	nan	nan	nan	nan	nan	nan
73	a	0	276399	0	nan	2	22	276399	0	0	0	nan	0	0	0	0	0	0	nan	0	0	0	nan	nan	nan	nan	nan	nan
74	g	0	276399	0	nan	2	22	276399	0	0	0	nan	0	0	0	0	0	0	nan	0	0	0	nan	nan	nan	nan	nan	nan
75	g	0	276399	0	nan	2	22	276399	0	0	0	nan	0	0	0	0	0	0	nan	0	0	0	nan	nan	nan	nan	nan	nan
76	u	0	276386	0	nan	2	22	276386	0	0	0	nan	0	0	0	0	0	0	nan	0	0	0	nan	nan	nan	nan	nan	nan
77	g	0	276381	0	nan	2	22	276381	0	0	0	nan	0	0	0	0	0	0	nan	0	0	0	nan	nan	nan	nan	nan	nan
78	a	0	276377	0	nan	2	22	276377	0	0	0	nan	0	0	0	0	0	0	nan	0	0	0	nan	nan	nan	nan	nan	nan
79	a	0	276317	0	nan	2	22	276317	0	0	0	nan	0	0	0	0	0	0	nan	0	0	0	nan	nan	nan	nan	nan	nan
80	g	0	276209	0	nan	2	22	276209	0	0	0	nan	0	0	0	0	0	0	nan	0	0	0	nan	nan	nan	nan	nan	nan