Nucleotide	Sequence	Modified_mutations	Modified_read_depth	Modified_effective_depth	Modified_rate	Modified_off_target_mapped_depth	Modified_low_mapq_mapped_depth	Modified_primer_pair_1_mapped_depth	Untreated_mutations	Untreated_read_depth	Untreated_effective_depth	Untreated_rate	Untreated_off_target_mapped_depth	Untreated_low_mapq_mapped_depth	Untreated_primer_pair_1_mapped_depth	Denatured_mutations	Denatured_read_depth	Denatured_effective_depth	Denatured_rate	Denatured_off_target_mapped_depth	Denatured_low_mapq_mapped_depth	Denatured_primer_pair_1_mapped_depth	Reactivity_profile	Std_err	HQ_profile	HQ_stderr	Norm_profile	Norm_stderr
1	g	0	826258	0	nan	1	18	826258	0	0	0	nan	0	0	0	0	0	0	nan	0	0	0	nan	nan	nan	nan	nan	nan
2	g	0	826692	0	nan	1	18	826692	0	0	0	nan	0	0	0	0	0	0	nan	0	0	0	nan	nan	nan	nan	nan	nan
3	u	0	826970	0	nan	1	18	826970	0	0	0	nan	0	0	0	0	0	0	nan	0	0	0	nan	nan	nan	nan	nan	nan
4	g	0	827050	0	nan	1	18	827050	0	0	0	nan	0	0	0	0	0	0	nan	0	0	0	nan	nan	nan	nan	nan	nan
5	u	0	827139	0	nan	1	18	827139	0	0	0	nan	0	0	0	0	0	0	nan	0	0	0	nan	nan	nan	nan	nan	nan
6	a	0	827147	0	nan	1	18	827147	0	0	0	nan	0	0	0	0	0	0	nan	0	0	0	nan	nan	nan	nan	nan	nan
7	a	0	827172	0	nan	1	18	827172	0	0	0	nan	0	0	0	0	0	0	nan	0	0	0	nan	nan	nan	nan	nan	nan
8	g	0	827239	0	nan	1	18	827239	0	0	0	nan	0	0	0	0	0	0	nan	0	0	0	nan	nan	nan	nan	nan	nan
9	g	0	828257	0	nan	1	18	828257	0	0	0	nan	0	0	0	0	0	0	nan	0	0	0	nan	nan	nan	nan	nan	nan
10	g	0	988057	0	nan	1	18	988057	0	0	0	nan	0	0	0	0	0	0	nan	0	0	0	nan	nan	nan	nan	nan	nan
11	u	0	989407	0	nan	1	18	989407	0	0	0	nan	0	0	0	0	0	0	nan	0	0	0	nan	nan	nan	nan	nan	nan
12	g	0	990247	0	nan	1	18	990247	0	0	0	nan	0	0	0	0	0	0	nan	0	0	0	nan	nan	nan	nan	nan	nan
13	a	0	990308	0	nan	2	18	990308	0	0	0	nan	0	0	0	0	0	0	nan	0	0	0	nan	nan	nan	nan	nan	nan
14	a	0	990314	0	nan	2	18	990314	0	0	0	nan	0	0	0	0	0	0	nan	0	0	0	nan	nan	nan	nan	nan	nan
15	g	0	990320	0	nan	6	18	990320	0	0	0	nan	0	0	0	0	0	0	nan	0	0	0	nan	nan	nan	nan	nan	nan
16	u	0	990368	0	nan	6	18	990368	0	0	0	nan	0	0	0	0	0	0	nan	0	0	0	nan	nan	nan	nan	nan	nan
17	g	0	990453	0	nan	6	18	990453	0	0	0	nan	0	0	0	0	0	0	nan	0	0	0	nan	nan	nan	nan	nan	nan
18	u	0	990634	0	nan	6	18	990634	0	0	0	nan	0	0	0	0	0	0	nan	0	0	0	nan	nan	nan	nan	nan	nan
19	a	0	990922	0	nan	7	18	990922	0	0	0	nan	0	0	0	0	0	0	nan	0	0	0	nan	nan	nan	nan	nan	nan
20	A	0	991473	538	0.000000	7	18	991473	0	0	0	nan	0	0	0	0	0	0	nan	0	0	0	0.000000	0.000000	nan	nan	nan	nan
21	G	0	992000	1041	0.000000	7	18	992000	0	0	0	nan	0	0	0	0	0	0	nan	0	0	0	0.000000	0.000000	nan	nan	nan	nan
22	G	0	992396	1412	0.000000	8	18	992396	0	0	0	nan	0	0	0	0	0	0	nan	0	0	0	0.000000	0.000000	nan	nan	nan	nan
23	U	0	992461	989740	0.000000	9	18	992461	0	0	0	nan	0	0	0	0	0	0	nan	0	0	0	0.000000	0.000000	0.000000	0.000000	nan	nan
24	U	959	992465	989732	0.000969	9	18	992465	0	0	0	nan	0	0	0	0	0	0	nan	0	0	0	0.000969	0.000031	0.000969	0.000031	nan	nan
25	G	805	992470	988839	0.000814	9	18	992470	0	0	0	nan	0	0	0	0	0	0	nan	0	0	0	0.000814	0.000029	0.000814	0.000029	nan	nan
26	A	1061	992474	968995	0.001095	9	18	992473	0	0	0	nan	0	0	0	0	0	0	nan	0	0	0	0.001095	0.000034	0.001095	0.000034	0.430425	0.013365
27	C	8308	992475	968185	0.008581	9	18	992473	0	0	0	nan	0	0	0	0	0	0	nan	0	0	0	0.008581	0.000094	0.008581	0.000094	1.266896	0.013878
28	C	661	992479	967509	0.000683	9	18	992476	0	0	0	nan	0	0	0	0	0	0	nan	0	0	0	0.000683	0.000027	0.000683	0.000027	0.100838	0.003986
29	U	810	992496	986254	0.000821	10	18	992492	0	0	0	nan	0	0	0	0	0	0	nan	0	0	0	0.000821	0.000029	0.000821	0.000029	nan	nan
30	U	1119	992529	987473	0.001133	10	18	992525	0	0	0	nan	0	0	0	0	0	0	nan	0	0	0	0.001133	0.000034	0.001133	0.000034	nan	nan
31	U	1494	992592	988965	0.001511	11	18	992590	0	0	0	nan	0	0	0	0	0	0	nan	0	0	0	0.001511	0.000039	0.001511	0.000039	nan	nan
32	U	863	992803	990329	0.000871	11	18	992801	0	0	0	nan	0	0	0	0	0	0	nan	0	0	0	0.000871	0.000030	0.000871	0.000030	nan	nan
33	G	416	992985	988666	0.000421	11	18	992977	0	0	0	nan	0	0	0	0	0	0	nan	0	0	0	0.000421	0.000021	0.000421	0.000021	nan	nan
34	A	2519	993076	990217	0.002544	11	18	993066	0	0	0	nan	0	0	0	0	0	0	nan	0	0	0	0.002544	0.000051	0.002544	0.000051	1.000000	0.020047
35	A	2159	993077	989273	0.002182	11	18	993066	0	0	0	nan	0	0	0	0	0	0	nan	0	0	0	0.002182	0.000047	0.002182	0.000047	0.857704	0.018475
36	U	670	993081	987011	0.000679	11	18	993068	0	0	0	nan	0	0	0	0	0	0	nan	0	0	0	0.000679	0.000026	0.000679	0.000026	nan	nan
37	A	39095	993083	986646	0.039624	13	18	993065	0	0	0	nan	0	0	0	0	0	0	nan	0	0	0	0.039624	0.000200	0.039624	0.000200	15.575472	0.078616
38	G	768	993094	982869	0.000781	13	18	993081	0	0	0	nan	0	0	0	0	0	0	nan	0	0	0	0.000781	0.000028	0.000781	0.000028	nan	nan
39	U	1406	993101	989481	0.001421	13	18	993090	0	0	0	nan	0	0	0	0	0	0	nan	0	0	0	0.001421	0.000038	0.001421	0.000038	nan	nan
40	G	1212	993113	987586	0.001227	13	18	993103	0	0	0	nan	0	0	0	0	0	0	nan	0	0	0	0.001227	0.000035	0.001227	0.000035	nan	nan
41	A	7902	993120	989279	0.007988	13	19	993109	0	0	0	nan	0	0	0	0	0	0	nan	0	0	0	0.007988	0.000090	0.007988	0.000090	3.139937	0.035377
42	U	1702	993148	988477	0.001722	13	19	993139	0	0	0	nan	0	0	0	0	0	0	nan	0	0	0	0.001722	0.000042	0.001722	0.000042	nan	nan
43	U	1256	993156	988984	0.001270	13	19	993148	0	0	0	nan	0	0	0	0	0	0	nan	0	0	0	0.001270	0.000036	0.001270	0.000036	nan	nan
44	C	1336	993165	989283	0.001350	13	19	993157	0	0	0	nan	0	0	0	0	0	0	nan	0	0	0	0.001350	0.000037	0.001350	0.000037	0.199313	0.005463
45	A	2226	993186	990322	0.002248	13	19	993180	0	0	0	nan	0	0	0	0	0	0	nan	0	0	0	0.002248	0.000048	0.002248	0.000048	0.883648	0.018868
46	G	688	993233	989568	0.000695	13	19	993229	0	0	0	nan	0	0	0	0	0	0	nan	0	0	0	0.000695	0.000027	0.000695	0.000027	nan	nan
47	G	586	993243	990202	0.000592	13	19	993238	0	0	0	nan	0	0	0	0	0	0	nan	0	0	0	0.000592	0.000024	0.000592	0.000024	nan	nan
48	A	1134	993246	991126	0.001144	13	19	993240	0	0	0	nan	0	0	0	0	0	0	nan	0	0	0	0.001144	0.000034	0.001144	0.000034	0.449686	0.013365
49	G	726	993273	989208	0.000734	13	19	993268	0	0	0	nan	0	0	0	0	0	0	nan	0	0	0	0.000734	0.000027	0.000734	0.000027	nan	nan
50	G	690	993281	987758	0.000699	14	19	993279	0	0	0	nan	0	0	0	0	0	0	nan	0	0	0	0.000699	0.000027	0.000699	0.000027	nan	nan
51	U	1076	993284	989711	0.001087	14	19	993282	0	0	0	nan	0	0	0	0	0	0	nan	0	0	0	0.001087	0.000033	0.001087	0.000033	nan	nan
52	U	1151	993291	989358	0.001163	14	19	993289	0	0	0	nan	0	0	0	0	0	0	nan	0	0	0	0.001163	0.000034	0.001163	0.000034	nan	nan
53	A	1733	993290	989583	0.001751	14	19	993288	0	0	0	nan	0	0	0	0	0	0	nan	0	0	0	0.001751	0.000042	0.001751	0.000042	0.688286	0.016509
54	A	2225	992658	988119	0.002252	12	19	992650	0	0	0	nan	0	0	0	0	0	0	nan	0	0	0	0.002252	0.000048	0.002252	0.000048	0.885220	0.018868
55	U	1250	992662	987946	0.001265	13	19	992655	0	0	0	nan	0	0	0	0	0	0	nan	0	0	0	0.001265	0.000036	0.001265	0.000036	nan	nan
56	G	790	992666	987649	0.000800	13	19	992662	0	0	0	nan	0	0	0	0	0	0	nan	0	0	0	0.000800	0.000028	0.000800	0.000028	nan	nan
57	G	0	992671	989256	0.000000	13	19	992671	0	0	0	nan	0	0	0	0	0	0	nan	0	0	0	0.000000	0.000000	0.000000	0.000000	nan	nan
58	A	0	992673	0	nan	13	19	992673	0	0	0	nan	0	0	0	0	0	0	nan	0	0	0	nan	nan	nan	nan	nan	nan
59	A	0	992673	0	nan	13	19	992673	0	0	0	nan	0	0	0	0	0	0	nan	0	0	0	nan	nan	nan	nan	nan	nan
60	G	0	992673	0	nan	13	19	992673	0	0	0	nan	0	0	0	0	0	0	nan	0	0	0	nan	nan	nan	nan	nan	nan
61	u	0	992673	0	nan	13	19	992673	0	0	0	nan	0	0	0	0	0	0	nan	0	0	0	nan	nan	nan	nan	nan	nan
62	a	0	992673	0	nan	13	19	992673	0	0	0	nan	0	0	0	0	0	0	nan	0	0	0	nan	nan	nan	nan	nan	nan
63	a	0	992673	0	nan	13	19	992673	0	0	0	nan	0	0	0	0	0	0	nan	0	0	0	nan	nan	nan	nan	nan	nan
64	a	0	992673	0	nan	13	19	992673	0	0	0	nan	0	0	0	0	0	0	nan	0	0	0	nan	nan	nan	nan	nan	nan
65	g	0	992673	0	nan	13	19	992673	0	0	0	nan	0	0	0	0	0	0	nan	0	0	0	nan	nan	nan	nan	nan	nan
66	g	0	992673	0	nan	13	19	992673	0	0	0	nan	0	0	0	0	0	0	nan	0	0	0	nan	nan	nan	nan	nan	nan
67	u	0	992673	0	nan	13	19	992673	0	0	0	nan	0	0	0	0	0	0	nan	0	0	0	nan	nan	nan	nan	nan	nan
68	a	0	992673	0	nan	12	19	992673	0	0	0	nan	0	0	0	0	0	0	nan	0	0	0	nan	nan	nan	nan	nan	nan
69	a	0	992673	0	nan	12	19	992673	0	0	0	nan	0	0	0	0	0	0	nan	0	0	0	nan	nan	nan	nan	nan	nan
70	u	0	992673	0	nan	12	19	992673	0	0	0	nan	0	0	0	0	0	0	nan	0	0	0	nan	nan	nan	nan	nan	nan
71	g	0	992672	0	nan	12	19	992672	0	0	0	nan	0	0	0	0	0	0	nan	0	0	0	nan	nan	nan	nan	nan	nan
72	a	0	992671	0	nan	12	19	992671	0	0	0	nan	0	0	0	0	0	0	nan	0	0	0	nan	nan	nan	nan	nan	nan
73	a	0	992670	0	nan	12	19	992670	0	0	0	nan	0	0	0	0	0	0	nan	0	0	0	nan	nan	nan	nan	nan	nan
74	g	0	992665	0	nan	12	19	992665	0	0	0	nan	0	0	0	0	0	0	nan	0	0	0	nan	nan	nan	nan	nan	nan
75	g	0	992661	0	nan	12	19	992661	0	0	0	nan	0	0	0	0	0	0	nan	0	0	0	nan	nan	nan	nan	nan	nan
76	u	0	992637	0	nan	12	19	992637	0	0	0	nan	0	0	0	0	0	0	nan	0	0	0	nan	nan	nan	nan	nan	nan
77	g	0	992629	0	nan	12	19	992629	0	0	0	nan	0	0	0	0	0	0	nan	0	0	0	nan	nan	nan	nan	nan	nan
78	a	0	992563	0	nan	12	19	992563	0	0	0	nan	0	0	0	0	0	0	nan	0	0	0	nan	nan	nan	nan	nan	nan
79	a	0	992363	0	nan	12	19	992363	0	0	0	nan	0	0	0	0	0	0	nan	0	0	0	nan	nan	nan	nan	nan	nan
80	g	0	991800	0	nan	12	19	991800	0	0	0	nan	0	0	0	0	0	0	nan	0	0	0	nan	nan	nan	nan	nan	nan