Nucleotide	Sequence	Modified_mutations	Modified_read_depth	Modified_effective_depth	Modified_rate	Modified_off_target_mapped_depth	Modified_low_mapq_mapped_depth	Modified_primer_pair_1_mapped_depth	Untreated_mutations	Untreated_read_depth	Untreated_effective_depth	Untreated_rate	Untreated_off_target_mapped_depth	Untreated_low_mapq_mapped_depth	Untreated_primer_pair_1_mapped_depth	Denatured_mutations	Denatured_read_depth	Denatured_effective_depth	Denatured_rate	Denatured_off_target_mapped_depth	Denatured_low_mapq_mapped_depth	Denatured_primer_pair_1_mapped_depth	Reactivity_profile	Std_err	HQ_profile	HQ_stderr	Norm_profile	Norm_stderr
1	g	0	52096	0	nan	0	0	52096	0	0	0	nan	0	0	0	0	0	0	nan	0	0	0	nan	nan	nan	nan	nan	nan
2	g	0	52131	0	nan	0	0	52131	0	0	0	nan	0	0	0	0	0	0	nan	0	0	0	nan	nan	nan	nan	nan	nan
3	u	0	52166	0	nan	0	0	52166	0	0	0	nan	0	0	0	0	0	0	nan	0	0	0	nan	nan	nan	nan	nan	nan
4	g	0	52187	0	nan	0	0	52187	0	0	0	nan	0	0	0	0	0	0	nan	0	0	0	nan	nan	nan	nan	nan	nan
5	u	0	52207	0	nan	0	0	52207	0	0	0	nan	0	0	0	0	0	0	nan	0	0	0	nan	nan	nan	nan	nan	nan
6	a	0	52236	0	nan	0	0	52236	0	0	0	nan	0	0	0	0	0	0	nan	0	0	0	nan	nan	nan	nan	nan	nan
7	a	0	52287	0	nan	0	0	52287	0	0	0	nan	0	0	0	0	0	0	nan	0	0	0	nan	nan	nan	nan	nan	nan
8	g	0	52418	0	nan	0	0	52418	0	0	0	nan	0	0	0	0	0	0	nan	0	0	0	nan	nan	nan	nan	nan	nan
9	g	0	54335	0	nan	0	0	54335	0	0	0	nan	0	0	0	0	0	0	nan	0	0	0	nan	nan	nan	nan	nan	nan
10	g	0	220135	0	nan	0	0	220135	0	0	0	nan	0	0	0	0	0	0	nan	0	0	0	nan	nan	nan	nan	nan	nan
11	u	0	229811	0	nan	0	0	229811	0	0	0	nan	0	0	0	0	0	0	nan	0	0	0	nan	nan	nan	nan	nan	nan
12	g	0	230225	0	nan	0	0	230225	0	0	0	nan	0	0	0	0	0	0	nan	0	0	0	nan	nan	nan	nan	nan	nan
13	a	0	230280	0	nan	0	0	230280	0	0	0	nan	0	0	0	0	0	0	nan	0	0	0	nan	nan	nan	nan	nan	nan
14	a	0	230293	0	nan	0	0	230293	0	0	0	nan	0	0	0	0	0	0	nan	0	0	0	nan	nan	nan	nan	nan	nan
15	g	0	230327	0	nan	6	0	230327	0	0	0	nan	0	0	0	0	0	0	nan	0	0	0	nan	nan	nan	nan	nan	nan
16	u	0	230341	0	nan	6	0	230341	0	0	0	nan	0	0	0	0	0	0	nan	0	0	0	nan	nan	nan	nan	nan	nan
17	g	0	230368	0	nan	6	0	230368	0	0	0	nan	0	0	0	0	0	0	nan	0	0	0	nan	nan	nan	nan	nan	nan
18	u	0	230381	0	nan	6	0	230381	0	0	0	nan	0	0	0	0	0	0	nan	0	0	0	nan	nan	nan	nan	nan	nan
19	a	0	230457	0	nan	6	0	230457	0	0	0	nan	0	0	0	0	0	0	nan	0	0	0	nan	nan	nan	nan	nan	nan
20	A	0	230496	21	0.000000	6	0	230496	0	0	0	nan	0	0	0	0	0	0	nan	0	0	0	0.000000	0.000000	nan	nan	nan	nan
21	G	0	230561	47	0.000000	6	0	230561	0	0	0	nan	0	0	0	0	0	0	nan	0	0	0	0.000000	0.000000	nan	nan	nan	nan
22	G	0	230575	50	0.000000	6	0	230575	0	0	0	nan	0	0	0	0	0	0	nan	0	0	0	0.000000	0.000000	nan	nan	nan	nan
23	U	0	230597	227739	0.000000	6	0	230597	0	0	0	nan	0	0	0	0	0	0	nan	0	0	0	0.000000	0.000000	0.000000	0.000000	nan	nan
24	U	243	230604	227739	0.001067	6	0	230604	0	0	0	nan	0	0	0	0	0	0	nan	0	0	0	0.001067	0.000068	0.001067	0.000068	nan	nan
25	G	283	230612	226626	0.001249	6	0	230612	0	0	0	nan	0	0	0	0	0	0	nan	0	0	0	0.001249	0.000074	0.001249	0.000074	nan	nan
26	A	1775	230610	222440	0.007980	6	0	230577	0	0	0	nan	0	0	0	0	0	0	nan	0	0	0	0.007980	0.000189	0.007980	0.000189	0.418722	0.009917
27	C	7070	230616	221634	0.031899	6	0	230579	0	0	0	nan	0	0	0	0	0	0	nan	0	0	0	0.031899	0.000379	0.031899	0.000379	1.803069	0.021423
28	C	636	230640	222356	0.002860	6	0	230605	0	0	0	nan	0	0	0	0	0	0	nan	0	0	0	0.002860	0.000113	0.002860	0.000113	0.161660	0.006387
29	U	152	230689	225571	0.000674	6	0	230656	0	0	0	nan	0	0	0	0	0	0	nan	0	0	0	0.000674	0.000055	0.000674	0.000055	nan	nan
30	U	187	230723	226308	0.000826	6	0	230692	0	0	0	nan	0	0	0	0	0	0	nan	0	0	0	0.000826	0.000060	0.000826	0.000060	nan	nan
31	U	241	230750	227092	0.001061	6	0	230722	0	0	0	nan	0	0	0	0	0	0	nan	0	0	0	0.001061	0.000068	0.001061	0.000068	nan	nan
32	U	197	230817	228073	0.000864	6	0	230788	0	0	0	nan	0	0	0	0	0	0	nan	0	0	0	0.000864	0.000062	0.000864	0.000062	nan	nan
33	G	113	230856	226292	0.000499	6	0	230828	0	0	0	nan	0	0	0	0	0	0	nan	0	0	0	0.000499	0.000047	0.000499	0.000047	nan	nan
34	A	1723	230879	226611	0.007603	6	0	230851	0	0	0	nan	0	0	0	0	0	0	nan	0	0	0	0.007603	0.000183	0.007603	0.000183	0.398940	0.009602
35	A	1719	230893	225681	0.007617	6	0	230865	0	0	0	nan	0	0	0	0	0	0	nan	0	0	0	0.007617	0.000184	0.007617	0.000184	0.399675	0.009655
36	U	147	230902	224224	0.000656	6	0	230874	0	0	0	nan	0	0	0	0	0	0	nan	0	0	0	0.000656	0.000054	0.000656	0.000054	nan	nan
37	A	17682	230920	224265	0.078844	6	0	230892	0	0	0	nan	0	0	0	0	0	0	nan	0	0	0	0.078844	0.000593	0.078844	0.000593	4.137055	0.031116
38	G	351	230945	223003	0.001574	6	0	230919	0	0	0	nan	0	0	0	0	0	0	nan	0	0	0	0.001574	0.000084	0.001574	0.000084	nan	nan
39	U	382	230959	227577	0.001679	6	0	230933	0	0	0	nan	0	0	0	0	0	0	nan	0	0	0	0.001679	0.000086	0.001679	0.000086	nan	nan
40	G	526	230984	225855	0.002329	6	0	230959	0	0	0	nan	0	0	0	0	0	0	nan	0	0	0	0.002329	0.000102	0.002329	0.000102	nan	nan
41	A	4299	231004	227057	0.018934	6	0	230983	0	0	0	nan	0	0	0	0	0	0	nan	0	0	0	0.018934	0.000289	0.018934	0.000289	0.993494	0.015164
42	U	288	231039	226414	0.001272	6	0	231021	0	0	0	nan	0	0	0	0	0	0	nan	0	0	0	0.001272	0.000075	0.001272	0.000075	nan	nan
43	U	221	231063	226665	0.000975	6	0	231047	0	0	0	nan	0	0	0	0	0	0	nan	0	0	0	0.000975	0.000066	0.000975	0.000066	nan	nan
44	C	790	231072	226724	0.003484	6	0	231058	0	0	0	nan	0	0	0	0	0	0	nan	0	0	0	0.003484	0.000124	0.003484	0.000124	0.196931	0.007009
45	A	1658	231089	227499	0.007288	6	0	231078	0	0	0	nan	0	0	0	0	0	0	nan	0	0	0	0.007288	0.000179	0.007288	0.000179	0.382412	0.009392
46	G	167	231122	228459	0.000731	6	0	231114	0	0	0	nan	0	0	0	0	0	0	nan	0	0	0	0.000731	0.000057	0.000731	0.000057	nan	nan
47	G	137	231130	227912	0.000601	6	0	231122	0	0	0	nan	0	0	0	0	0	0	nan	0	0	0	0.000601	0.000051	0.000601	0.000051	nan	nan
48	A	900	231137	228356	0.003941	6	0	231129	0	0	0	nan	0	0	0	0	0	0	nan	0	0	0	0.003941	0.000131	0.003941	0.000131	0.206790	0.006874
49	G	182	231201	227329	0.000801	6	0	231199	0	0	0	nan	0	0	0	0	0	0	nan	0	0	0	0.000801	0.000059	0.000801	0.000059	nan	nan
50	G	244	231214	226868	0.001076	6	0	231212	0	0	0	nan	0	0	0	0	0	0	nan	0	0	0	0.001076	0.000069	0.001076	0.000069	nan	nan
51	U	160	231220	227772	0.000702	6	0	231219	0	0	0	nan	0	0	0	0	0	0	nan	0	0	0	0.000702	0.000056	0.000702	0.000056	nan	nan
52	U	240	231222	226945	0.001058	6	0	231222	0	0	0	nan	0	0	0	0	0	0	nan	0	0	0	0.001058	0.000068	0.001058	0.000068	nan	nan
53	A	4332	231228	227302	0.019058	6	0	231228	0	0	0	nan	0	0	0	0	0	0	nan	0	0	0	0.019058	0.000290	0.019058	0.000290	1.000000	0.015217
54	A	4583	231223	227404	0.020154	6	0	231220	0	0	0	nan	0	0	0	0	0	0	nan	0	0	0	0.020154	0.000298	0.020154	0.000298	1.057509	0.015636
55	U	380	231226	228057	0.001666	6	0	231224	0	0	0	nan	0	0	0	0	0	0	nan	0	0	0	0.001666	0.000085	0.001666	0.000085	nan	nan
56	G	325	231228	227825	0.001427	6	0	231226	0	0	0	nan	0	0	0	0	0	0	nan	0	0	0	0.001427	0.000079	0.001427	0.000079	nan	nan
57	G	0	231228	226170	0.000000	6	0	231226	0	0	0	nan	0	0	0	0	0	0	nan	0	0	0	0.000000	0.000000	0.000000	0.000000	nan	nan
58	A	0	231229	0	nan	6	0	231229	0	0	0	nan	0	0	0	0	0	0	nan	0	0	0	nan	nan	nan	nan	nan	nan
59	A	0	231229	0	nan	6	0	231229	0	0	0	nan	0	0	0	0	0	0	nan	0	0	0	nan	nan	nan	nan	nan	nan
60	G	0	231229	0	nan	6	0	231229	0	0	0	nan	0	0	0	0	0	0	nan	0	0	0	nan	nan	nan	nan	nan	nan
61	u	0	231229	0	nan	6	0	231229	0	0	0	nan	0	0	0	0	0	0	nan	0	0	0	nan	nan	nan	nan	nan	nan
62	a	0	231229	0	nan	6	0	231229	0	0	0	nan	0	0	0	0	0	0	nan	0	0	0	nan	nan	nan	nan	nan	nan
63	a	0	231229	0	nan	6	0	231229	0	0	0	nan	0	0	0	0	0	0	nan	0	0	0	nan	nan	nan	nan	nan	nan
64	a	0	231229	0	nan	6	0	231229	0	0	0	nan	0	0	0	0	0	0	nan	0	0	0	nan	nan	nan	nan	nan	nan
65	g	0	231229	0	nan	6	0	231229	0	0	0	nan	0	0	0	0	0	0	nan	0	0	0	nan	nan	nan	nan	nan	nan
66	g	0	231229	0	nan	6	0	231229	0	0	0	nan	0	0	0	0	0	0	nan	0	0	0	nan	nan	nan	nan	nan	nan
67	u	0	231229	0	nan	6	0	231229	0	0	0	nan	0	0	0	0	0	0	nan	0	0	0	nan	nan	nan	nan	nan	nan
68	a	0	231229	0	nan	6	0	231229	0	0	0	nan	0	0	0	0	0	0	nan	0	0	0	nan	nan	nan	nan	nan	nan
69	a	0	231229	0	nan	6	0	231229	0	0	0	nan	0	0	0	0	0	0	nan	0	0	0	nan	nan	nan	nan	nan	nan
70	u	0	231229	0	nan	6	0	231229	0	0	0	nan	0	0	0	0	0	0	nan	0	0	0	nan	nan	nan	nan	nan	nan
71	g	0	231229	0	nan	6	0	231229	0	0	0	nan	0	0	0	0	0	0	nan	0	0	0	nan	nan	nan	nan	nan	nan
72	a	0	231229	0	nan	6	0	231229	0	0	0	nan	0	0	0	0	0	0	nan	0	0	0	nan	nan	nan	nan	nan	nan
73	a	0	231229	0	nan	6	0	231229	0	0	0	nan	0	0	0	0	0	0	nan	0	0	0	nan	nan	nan	nan	nan	nan
74	g	0	231228	0	nan	6	0	231228	0	0	0	nan	0	0	0	0	0	0	nan	0	0	0	nan	nan	nan	nan	nan	nan
75	g	0	231228	0	nan	6	0	231228	0	0	0	nan	0	0	0	0	0	0	nan	0	0	0	nan	nan	nan	nan	nan	nan
76	u	0	231224	0	nan	6	0	231224	0	0	0	nan	0	0	0	0	0	0	nan	0	0	0	nan	nan	nan	nan	nan	nan
77	g	0	231219	0	nan	6	0	231219	0	0	0	nan	0	0	0	0	0	0	nan	0	0	0	nan	nan	nan	nan	nan	nan
78	a	0	231215	0	nan	6	0	231215	0	0	0	nan	0	0	0	0	0	0	nan	0	0	0	nan	nan	nan	nan	nan	nan
79	a	0	231165	0	nan	6	0	231165	0	0	0	nan	0	0	0	0	0	0	nan	0	0	0	nan	nan	nan	nan	nan	nan
80	g	0	231066	0	nan	6	0	231066	0	0	0	nan	0	0	0	0	0	0	nan	0	0	0	nan	nan	nan	nan	nan	nan