Nucleotide	Sequence	Modified_mutations	Modified_read_depth	Modified_effective_depth	Modified_rate	Modified_off_target_mapped_depth	Modified_low_mapq_mapped_depth	Modified_primer_pair_1_mapped_depth	Untreated_mutations	Untreated_read_depth	Untreated_effective_depth	Untreated_rate	Untreated_off_target_mapped_depth	Untreated_low_mapq_mapped_depth	Untreated_primer_pair_1_mapped_depth	Denatured_mutations	Denatured_read_depth	Denatured_effective_depth	Denatured_rate	Denatured_off_target_mapped_depth	Denatured_low_mapq_mapped_depth	Denatured_primer_pair_1_mapped_depth	Reactivity_profile	Std_err	HQ_profile	HQ_stderr	Norm_profile	Norm_stderr
1	g	0	195270	0	nan	7	0	195270	0	0	0	nan	0	0	0	0	0	0	nan	0	0	0	nan	nan	nan	nan	nan	nan
2	g	0	195660	0	nan	7	0	195660	0	0	0	nan	0	0	0	0	0	0	nan	0	0	0	nan	nan	nan	nan	nan	nan
3	c	0	195736	0	nan	8	0	195736	0	0	0	nan	0	0	0	0	0	0	nan	0	0	0	nan	nan	nan	nan	nan	nan
4	a	0	195757	0	nan	8	0	195757	0	0	0	nan	0	0	0	0	0	0	nan	0	0	0	nan	nan	nan	nan	nan	nan
5	c	0	195790	0	nan	8	0	195790	0	0	0	nan	0	0	0	0	0	0	nan	0	0	0	nan	nan	nan	nan	nan	nan
6	c	0	197360	0	nan	8	0	197360	0	0	0	nan	0	0	0	0	0	0	nan	0	0	0	nan	nan	nan	nan	nan	nan
7	u	0	197450	0	nan	8	0	197450	0	0	0	nan	0	0	0	0	0	0	nan	0	0	0	nan	nan	nan	nan	nan	nan
8	c	0	197459	0	nan	8	0	197459	0	0	0	nan	0	0	0	0	0	0	nan	0	0	0	nan	nan	nan	nan	nan	nan
9	a	0	197464	0	nan	8	0	197464	0	0	0	nan	0	0	0	0	0	0	nan	0	0	0	nan	nan	nan	nan	nan	nan
10	u	0	197464	0	nan	8	0	197464	0	0	0	nan	0	0	0	0	0	0	nan	0	0	0	nan	nan	nan	nan	nan	nan
11	a	0	197468	0	nan	8	0	197468	0	0	0	nan	0	0	0	0	0	0	nan	0	0	0	nan	nan	nan	nan	nan	nan
12	a	0	197477	0	nan	8	0	197477	0	0	0	nan	0	0	0	0	0	0	nan	0	0	0	nan	nan	nan	nan	nan	nan
13	c	0	197478	0	nan	8	0	197478	0	0	0	nan	0	0	0	0	0	0	nan	0	0	0	nan	nan	nan	nan	nan	nan
14	a	0	197479	0	nan	8	0	197479	0	0	0	nan	0	0	0	0	0	0	nan	0	0	0	nan	nan	nan	nan	nan	nan
15	u	0	197481	0	nan	8	0	197481	0	0	0	nan	0	0	0	0	0	0	nan	0	0	0	nan	nan	nan	nan	nan	nan
16	a	0	197484	0	nan	8	0	197484	0	0	0	nan	0	0	0	0	0	0	nan	0	0	0	nan	nan	nan	nan	nan	nan
17	a	0	197487	0	nan	8	0	197487	0	0	0	nan	0	0	0	0	0	0	nan	0	0	0	nan	nan	nan	nan	nan	nan
18	c	0	197490	0	nan	8	0	197490	0	0	0	nan	0	0	0	0	0	0	nan	0	0	0	nan	nan	nan	nan	nan	nan
19	U	0	197490	0	nan	8	0	197490	0	0	0	nan	0	0	0	0	0	0	nan	0	0	0	nan	nan	nan	nan	nan	nan
20	A	0	197499	2	0.000000	8	0	197499	0	0	0	nan	0	0	0	0	0	0	nan	0	0	0	0.000000	0.000000	nan	nan	nan	nan
21	A	0	197501	3	0.000000	8	0	197501	0	0	0	nan	0	0	0	0	0	0	nan	0	0	0	0.000000	0.000000	nan	nan	nan	nan
22	G	0	197503	195387	0.000000	8	0	197503	0	0	0	nan	0	0	0	0	0	0	nan	0	0	0	0.000000	0.000000	0.000000	0.000000	nan	nan
23	G	213	197506	191846	0.001110	8	0	197506	0	0	0	nan	0	0	0	0	0	0	nan	0	0	0	0.001110	0.000076	0.001110	0.000076	nan	nan
24	C	5175	197515	194954	0.026545	8	0	197515	0	0	0	nan	0	0	0	0	0	0	nan	0	0	0	0.026545	0.000369	0.026545	0.000369	0.891580	0.012394
25	A	3560	197518	195573	0.018203	8	0	197518	0	0	0	nan	0	0	0	0	0	0	nan	0	0	0	0.018203	0.000305	0.018203	0.000305	0.919529	0.015407
26	G	174	197521	190118	0.000915	8	0	197521	0	0	0	nan	0	0	0	0	0	0	nan	0	0	0	0.000915	0.000069	0.000915	0.000069	nan	nan
27	A	2977	197526	190972	0.015589	8	0	197525	0	0	0	nan	0	0	0	0	0	0	nan	0	0	0	0.015589	0.000286	0.015589	0.000286	0.787482	0.014447
28	U	1076	197532	190773	0.005640	8	0	197532	0	0	0	nan	0	0	0	0	0	0	nan	0	0	0	0.005640	0.000172	0.005640	0.000172	1.089750	0.033234
29	C	4906	197534	195415	0.025106	8	0	197530	0	0	0	nan	0	0	0	0	0	0	nan	0	0	0	0.025106	0.000358	0.025106	0.000358	0.843247	0.012024
30	U	837	197536	195261	0.004287	8	0	197530	0	0	0	nan	0	0	0	0	0	0	nan	0	0	0	0.004287	0.000148	0.004287	0.000148	0.828326	0.028596
31	G	193	197537	194061	0.000995	8	0	197528	0	0	0	nan	0	0	0	0	0	0	nan	0	0	0	0.000995	0.000072	0.000995	0.000072	nan	nan
32	A	4134	197540	194717	0.021231	8	0	197531	0	0	0	nan	0	0	0	0	0	0	nan	0	0	0	0.021231	0.000330	0.021231	0.000330	1.072489	0.016670
33	G	199	197548	191444	0.001039	8	0	197540	0	0	0	nan	0	0	0	0	0	0	nan	0	0	0	0.001039	0.000074	0.001039	0.000074	nan	nan
34	C	5236	197549	189499	0.027631	8	0	197540	0	0	0	nan	0	0	0	0	0	0	nan	0	0	0	0.027631	0.000382	0.027631	0.000382	0.928056	0.012830
35	C	4680	197549	181458	0.025791	8	0	197539	0	0	0	nan	0	0	0	0	0	0	nan	0	0	0	0.025791	0.000377	0.025791	0.000377	0.866255	0.012662
36	U	853	197561	181069	0.004711	8	0	197546	0	0	0	nan	0	0	0	0	0	0	nan	0	0	0	0.004711	0.000161	0.004711	0.000161	0.910250	0.031108
37	U	1115	197580	184667	0.006038	8	0	197547	0	0	0	nan	0	0	0	0	0	0	nan	0	0	0	0.006038	0.000181	0.006038	0.000181	1.166651	0.034972
38	C	5482	197579	192977	0.028408	8	0	197526	0	0	0	nan	0	0	0	0	0	0	nan	0	0	0	0.028408	0.000384	0.028408	0.000384	0.954153	0.012898
39	G	177	197607	192419	0.000920	8	0	197570	0	0	0	nan	0	0	0	0	0	0	nan	0	0	0	0.000920	0.000069	0.000920	0.000069	nan	nan
40	G	142	197633	193130	0.000735	8	1	197611	0	0	0	nan	0	0	0	0	0	0	nan	0	0	0	0.000735	0.000062	0.000735	0.000062	nan	nan
41	G	160	197635	191970	0.000833	8	1	197617	0	0	0	nan	0	0	0	0	0	0	nan	0	0	0	0.000833	0.000066	0.000833	0.000066	nan	nan
42	A	3821	197635	193017	0.019796	8	1	197620	0	0	0	nan	0	0	0	0	0	0	nan	0	0	0	0.019796	0.000320	0.019796	0.000320	1.000000	0.016165
43	G	270	197636	191419	0.001411	8	1	197624	0	0	0	nan	0	0	0	0	0	0	nan	0	0	0	0.001411	0.000086	0.001411	0.000086	nan	nan
44	C	5363	197636	195203	0.027474	8	1	197625	0	0	0	nan	0	0	0	0	0	0	nan	0	0	0	0.027474	0.000375	0.027474	0.000375	0.922782	0.012595
45	U	657	197637	195495	0.003361	8	1	197626	0	0	0	nan	0	0	0	0	0	0	nan	0	0	0	0.003361	0.000131	0.003361	0.000131	0.649406	0.025312
46	C	5067	197638	195653	0.025898	8	1	197626	0	0	0	nan	0	0	0	0	0	0	nan	0	0	0	0.025898	0.000364	0.025898	0.000364	0.869849	0.012226
47	U	807	197639	195556	0.004127	8	1	197624	0	0	0	nan	0	0	0	0	0	0	nan	0	0	0	0.004127	0.000145	0.004127	0.000145	0.797411	0.028017
48	C	5910	197638	195514	0.030228	8	1	197622	0	0	0	nan	0	0	0	0	0	0	nan	0	0	0	0.030228	0.000393	0.030228	0.000393	1.015282	0.013200
49	U	715	197640	195562	0.003656	8	1	197626	0	0	0	nan	0	0	0	0	0	0	nan	0	0	0	0.003656	0.000137	0.003656	0.000137	0.706405	0.026471
50	G	251	197645	193152	0.001299	8	1	197633	0	0	0	nan	0	0	0	0	0	0	nan	0	0	0	0.001299	0.000082	0.001299	0.000082	nan	nan
51	C	6110	197649	194936	0.031344	8	1	197637	0	0	0	nan	0	0	0	0	0	0	nan	0	0	0	0.031344	0.000401	0.031344	0.000401	1.052766	0.013469
52	C	6144	197650	195285	0.031462	8	1	197639	0	0	0	nan	0	0	0	0	0	0	nan	0	0	0	0.031462	0.000401	0.031462	0.000401	1.056729	0.013469
53	A	3130	197650	195781	0.015987	8	1	197649	0	0	0	nan	0	0	0	0	0	0	nan	0	0	0	0.015987	0.000286	0.015987	0.000286	0.807587	0.014447
54	A	0	197560	195711	0.000000	8	1	197560	0	0	0	nan	0	0	0	0	0	0	nan	0	0	0	0.000000	0.000000	0.000000	0.000000	0.000000	0.000000
55	U	0	197560	1	0.000000	6	1	197560	0	0	0	nan	0	0	0	0	0	0	nan	0	0	0	0.000000	0.000000	nan	nan	nan	nan
56	C	0	197560	1	0.000000	6	1	197560	0	0	0	nan	0	0	0	0	0	0	nan	0	0	0	0.000000	0.000000	nan	nan	nan	nan
57	C	0	197560	1	0.000000	6	1	197560	0	0	0	nan	0	0	0	0	0	0	nan	0	0	0	0.000000	0.000000	nan	nan	nan	nan
58	a	0	197559	0	nan	6	1	197559	0	0	0	nan	0	0	0	0	0	0	nan	0	0	0	nan	nan	nan	nan	nan	nan
59	c	0	197559	0	nan	6	1	197559	0	0	0	nan	0	0	0	0	0	0	nan	0	0	0	nan	nan	nan	nan	nan	nan
60	u	0	197559	0	nan	6	1	197559	0	0	0	nan	0	0	0	0	0	0	nan	0	0	0	nan	nan	nan	nan	nan	nan
61	a	0	197559	0	nan	6	1	197559	0	0	0	nan	0	0	0	0	0	0	nan	0	0	0	nan	nan	nan	nan	nan	nan
62	a	0	197559	0	nan	6	1	197559	0	0	0	nan	0	0	0	0	0	0	nan	0	0	0	nan	nan	nan	nan	nan	nan
63	c	0	197559	0	nan	0	1	197559	0	0	0	nan	0	0	0	0	0	0	nan	0	0	0	nan	nan	nan	nan	nan	nan
64	c	0	197559	0	nan	0	1	197559	0	0	0	nan	0	0	0	0	0	0	nan	0	0	0	nan	nan	nan	nan	nan	nan
65	u	0	197559	0	nan	0	1	197559	0	0	0	nan	0	0	0	0	0	0	nan	0	0	0	nan	nan	nan	nan	nan	nan
66	c	0	197559	0	nan	0	1	197559	0	0	0	nan	0	0	0	0	0	0	nan	0	0	0	nan	nan	nan	nan	nan	nan
67	a	0	197559	0	nan	0	1	197559	0	0	0	nan	0	0	0	0	0	0	nan	0	0	0	nan	nan	nan	nan	nan	nan
68	c	0	197559	0	nan	0	1	197559	0	0	0	nan	0	0	0	0	0	0	nan	0	0	0	nan	nan	nan	nan	nan	nan
69	u	0	197559	0	nan	0	1	197559	0	0	0	nan	0	0	0	0	0	0	nan	0	0	0	nan	nan	nan	nan	nan	nan
70	c	0	197559	0	nan	0	1	197559	0	0	0	nan	0	0	0	0	0	0	nan	0	0	0	nan	nan	nan	nan	nan	nan
71	a	0	197558	0	nan	0	1	197558	0	0	0	nan	0	0	0	0	0	0	nan	0	0	0	nan	nan	nan	nan	nan	nan
72	c	0	197551	0	nan	0	1	197551	0	0	0	nan	0	0	0	0	0	0	nan	0	0	0	nan	nan	nan	nan	nan	nan
73	a	0	197545	0	nan	0	1	197545	0	0	0	nan	0	0	0	0	0	0	nan	0	0	0	nan	nan	nan	nan	nan	nan
74	a	0	197483	0	nan	0	1	197483	0	0	0	nan	0	0	0	0	0	0	nan	0	0	0	nan	nan	nan	nan	nan	nan
75	u	0	197376	0	nan	0	1	197376	0	0	0	nan	0	0	0	0	0	0	nan	0	0	0	nan	nan	nan	nan	nan	nan
76	c	0	197122	0	nan	0	1	197122	0	0	0	nan	0	0	0	0	0	0	nan	0	0	0	nan	nan	nan	nan	nan	nan