Nucleotide	Sequence	Modified_mutations	Modified_read_depth	Modified_effective_depth	Modified_rate	Modified_off_target_mapped_depth	Modified_low_mapq_mapped_depth	Modified_primer_pair_1_mapped_depth	Untreated_mutations	Untreated_read_depth	Untreated_effective_depth	Untreated_rate	Untreated_off_target_mapped_depth	Untreated_low_mapq_mapped_depth	Untreated_primer_pair_1_mapped_depth	Denatured_mutations	Denatured_read_depth	Denatured_effective_depth	Denatured_rate	Denatured_off_target_mapped_depth	Denatured_low_mapq_mapped_depth	Denatured_primer_pair_1_mapped_depth	Reactivity_profile	Std_err	HQ_profile	HQ_stderr	Norm_profile	Norm_stderr
1	g	0	766198	0	nan	5	26	766198	0	0	0	nan	0	0	0	0	0	0	nan	0	0	0	nan	nan	nan	nan	nan	nan
2	g	0	767546	0	nan	5	26	767546	0	0	0	nan	0	0	0	0	0	0	nan	0	0	0	nan	nan	nan	nan	nan	nan
3	u	0	767996	0	nan	5	26	767996	0	0	0	nan	0	0	0	0	0	0	nan	0	0	0	nan	nan	nan	nan	nan	nan
4	g	0	768200	0	nan	5	26	768200	0	0	0	nan	0	0	0	0	0	0	nan	0	0	0	nan	nan	nan	nan	nan	nan
5	u	0	768489	0	nan	6	26	768489	0	0	0	nan	0	0	0	0	0	0	nan	0	0	0	nan	nan	nan	nan	nan	nan
6	a	0	768516	0	nan	6	26	768516	0	0	0	nan	0	0	0	0	0	0	nan	0	0	0	nan	nan	nan	nan	nan	nan
7	a	0	768560	0	nan	6	26	768560	0	0	0	nan	0	0	0	0	0	0	nan	0	0	0	nan	nan	nan	nan	nan	nan
8	g	0	768579	0	nan	6	26	768579	0	0	0	nan	0	0	0	0	0	0	nan	0	0	0	nan	nan	nan	nan	nan	nan
9	g	0	768722	0	nan	6	26	768722	0	0	0	nan	0	0	0	0	0	0	nan	0	0	0	nan	nan	nan	nan	nan	nan
10	g	0	793351	0	nan	6	26	793351	0	0	0	nan	0	0	0	0	0	0	nan	0	0	0	nan	nan	nan	nan	nan	nan
11	u	0	793705	0	nan	6	26	793705	0	0	0	nan	0	0	0	0	0	0	nan	0	0	0	nan	nan	nan	nan	nan	nan
12	g	0	794085	0	nan	8	26	794085	0	0	0	nan	0	0	0	0	0	0	nan	0	0	0	nan	nan	nan	nan	nan	nan
13	a	0	794118	0	nan	21	26	794118	0	0	0	nan	0	0	0	0	0	0	nan	0	0	0	nan	nan	nan	nan	nan	nan
14	a	0	794137	0	nan	34	26	794137	0	0	0	nan	0	0	0	0	0	0	nan	0	0	0	nan	nan	nan	nan	nan	nan
15	g	0	794140	0	nan	139	26	794140	0	0	0	nan	0	0	0	0	0	0	nan	0	0	0	nan	nan	nan	nan	nan	nan
16	u	0	794270	0	nan	143	26	794270	0	0	0	nan	0	0	0	0	0	0	nan	0	0	0	nan	nan	nan	nan	nan	nan
17	g	0	794317	0	nan	143	26	794317	0	0	0	nan	0	0	0	0	0	0	nan	0	0	0	nan	nan	nan	nan	nan	nan
18	u	0	794442	0	nan	146	26	794442	0	0	0	nan	0	0	0	0	0	0	nan	0	0	0	nan	nan	nan	nan	nan	nan
19	a	0	794609	0	nan	160	26	794609	0	0	0	nan	0	0	0	0	0	0	nan	0	0	0	nan	nan	nan	nan	nan	nan
20	A	0	794708	78	0.000000	173	26	794708	0	0	0	nan	0	0	0	0	0	0	nan	0	0	0	0.000000	0.000000	nan	nan	nan	nan
21	G	0	794809	136	0.000000	182	26	794809	0	0	0	nan	0	0	0	0	0	0	nan	0	0	0	0.000000	0.000000	nan	nan	nan	nan
22	G	0	794864	148	0.000000	187	26	794864	0	0	0	nan	0	0	0	0	0	0	nan	0	0	0	0.000000	0.000000	nan	nan	nan	nan
23	U	0	794957	791973	0.000000	201	26	794957	0	0	0	nan	0	0	0	0	0	0	nan	0	0	0	0.000000	0.000000	0.000000	0.000000	nan	nan
24	U	1206	795029	791065	0.001525	201	26	795029	0	0	0	nan	0	0	0	0	0	0	nan	0	0	0	0.001525	0.000044	0.001525	0.000044	nan	nan
25	G	722	795063	788247	0.000916	201	26	795063	0	0	0	nan	0	0	0	0	0	0	nan	0	0	0	0.000916	0.000034	0.000916	0.000034	nan	nan
26	A	20513	795089	784930	0.026134	202	26	795072	0	0	0	nan	0	0	0	0	0	0	nan	0	0	0	0.026134	0.000182	0.026134	0.000182	1.039125	0.007237
27	A	19157	795117	784363	0.024424	206	26	795091	0	0	0	nan	0	0	0	0	0	0	nan	0	0	0	0.024424	0.000176	0.024424	0.000176	0.971133	0.006998
28	C	17252	795187	781467	0.022076	211	26	795155	0	0	0	nan	0	0	0	0	0	0	nan	0	0	0	0.022076	0.000168	0.022076	0.000168	1.044832	0.007951
29	U	823	795285	787775	0.001045	214	26	795244	0	0	0	nan	0	0	0	0	0	0	nan	0	0	0	0.001045	0.000036	0.001045	0.000036	nan	nan
30	U	1113	795433	789029	0.001411	214	26	795381	0	0	0	nan	0	0	0	0	0	0	nan	0	0	0	0.001411	0.000042	0.001411	0.000042	nan	nan
31	U	1360	795563	789847	0.001722	216	26	795507	0	0	0	nan	0	0	0	0	0	0	nan	0	0	0	0.001722	0.000047	0.001722	0.000047	nan	nan
32	U	1012	795738	790423	0.001280	223	26	795674	0	0	0	nan	0	0	0	0	0	0	nan	0	0	0	0.001280	0.000040	0.001280	0.000040	nan	nan
33	G	655	795922	787760	0.000831	225	26	795856	0	0	0	nan	0	0	0	0	0	0	nan	0	0	0	0.000831	0.000032	0.000831	0.000032	nan	nan
34	A	12770	796049	789433	0.016176	225	26	795989	0	0	0	nan	0	0	0	0	0	0	nan	0	0	0	0.016176	0.000143	0.016176	0.000143	0.643181	0.005686
35	A	10251	796145	788549	0.013000	231	26	796082	0	0	0	nan	0	0	0	0	0	0	nan	0	0	0	0.013000	0.000128	0.013000	0.000128	0.516899	0.005089
36	U	720	796233	788285	0.000913	231	26	796173	0	0	0	nan	0	0	0	0	0	0	nan	0	0	0	0.000913	0.000034	0.000913	0.000034	nan	nan
37	A	21547	796302	788476	0.027327	239	26	796230	0	0	0	nan	0	0	0	0	0	0	nan	0	0	0	0.027327	0.000186	0.027327	0.000186	1.086561	0.007396
38	G	720	796507	785206	0.000917	240	26	796437	0	0	0	nan	0	0	0	0	0	0	nan	0	0	0	0.000917	0.000034	0.000917	0.000034	nan	nan
39	U	1074	796700	791051	0.001358	241	26	796627	0	0	0	nan	0	0	0	0	0	0	nan	0	0	0	0.001358	0.000041	0.001358	0.000041	nan	nan
40	G	938	796776	788826	0.001189	241	26	796711	0	0	0	nan	0	0	0	0	0	0	nan	0	0	0	0.001189	0.000039	0.001189	0.000039	nan	nan
41	A	15024	796993	790142	0.019014	246	26	796931	0	0	0	nan	0	0	0	0	0	0	nan	0	0	0	0.019014	0.000155	0.019014	0.000155	0.756024	0.006163
42	U	1544	797155	789699	0.001955	253	26	797099	0	0	0	nan	0	0	0	0	0	0	nan	0	0	0	0.001955	0.000050	0.001955	0.000050	nan	nan
43	U	1207	797317	789888	0.001528	254	26	797273	0	0	0	nan	0	0	0	0	0	0	nan	0	0	0	0.001528	0.000044	0.001528	0.000044	nan	nan
44	C	14422	797440	788645	0.018287	256	26	797399	0	0	0	nan	0	0	0	0	0	0	nan	0	0	0	0.018287	0.000152	0.018287	0.000152	0.865503	0.007194
45	A	14329	797576	789478	0.018150	256	26	797540	0	0	0	nan	0	0	0	0	0	0	nan	0	0	0	0.018150	0.000152	0.018150	0.000152	0.721670	0.006044
46	G	908	797718	789022	0.001151	256	26	797699	0	0	0	nan	0	0	0	0	0	0	nan	0	0	0	0.001151	0.000038	0.001151	0.000038	nan	nan
47	G	795	797841	789648	0.001007	254	26	797824	0	0	0	nan	0	0	0	0	0	0	nan	0	0	0	0.001007	0.000036	0.001007	0.000036	nan	nan
48	A	14703	797887	791287	0.018581	258	26	797869	0	0	0	nan	0	0	0	0	0	0	nan	0	0	0	0.018581	0.000153	0.018581	0.000153	0.738807	0.006083
49	G	540	797951	789763	0.000684	260	26	797942	0	0	0	nan	0	0	0	0	0	0	nan	0	0	0	0.000684	0.000029	0.000684	0.000029	nan	nan
50	G	685	797983	788765	0.000868	261	26	797977	0	0	0	nan	0	0	0	0	0	0	nan	0	0	0	0.000868	0.000033	0.000868	0.000033	nan	nan
51	U	1097	798021	790999	0.001387	265	26	798018	0	0	0	nan	0	0	0	0	0	0	nan	0	0	0	0.001387	0.000042	0.001387	0.000042	nan	nan
52	U	1017	798048	789514	0.001288	267	26	798044	0	0	0	nan	0	0	0	0	0	0	nan	0	0	0	0.001288	0.000040	0.001288	0.000040	nan	nan
53	A	20054	798065	789771	0.025392	271	26	798055	0	0	0	nan	0	0	0	0	0	0	nan	0	0	0	0.025392	0.000179	0.025392	0.000179	1.009622	0.007117
54	A	17235	797538	790577	0.021801	251	26	797521	0	0	0	nan	0	0	0	0	0	0	nan	0	0	0	0.021801	0.000166	0.021801	0.000166	0.866839	0.006600
55	U	1211	797581	791595	0.001530	250	26	797572	0	0	0	nan	0	0	0	0	0	0	nan	0	0	0	0.001530	0.000044	0.001530	0.000044	nan	nan
56	G	1000	797601	791850	0.001263	247	26	797596	0	0	0	nan	0	0	0	0	0	0	nan	0	0	0	0.001263	0.000040	0.001263	0.000040	nan	nan
57	G	0	797614	792197	0.000000	247	26	797610	0	0	0	nan	0	0	0	0	0	0	nan	0	0	0	0.000000	0.000000	0.000000	0.000000	nan	nan
58	A	0	797629	0	nan	247	26	797629	0	0	0	nan	0	0	0	0	0	0	nan	0	0	0	nan	nan	nan	nan	nan	nan
59	A	0	797629	0	nan	247	26	797629	0	0	0	nan	0	0	0	0	0	0	nan	0	0	0	nan	nan	nan	nan	nan	nan
60	G	0	797629	0	nan	247	26	797629	0	0	0	nan	0	0	0	0	0	0	nan	0	0	0	nan	nan	nan	nan	nan	nan
61	u	0	797629	0	nan	247	26	797629	0	0	0	nan	0	0	0	0	0	0	nan	0	0	0	nan	nan	nan	nan	nan	nan
62	a	0	797629	0	nan	247	26	797629	0	0	0	nan	0	0	0	0	0	0	nan	0	0	0	nan	nan	nan	nan	nan	nan
63	a	0	797629	0	nan	247	26	797629	0	0	0	nan	0	0	0	0	0	0	nan	0	0	0	nan	nan	nan	nan	nan	nan
64	a	0	797629	0	nan	246	26	797629	0	0	0	nan	0	0	0	0	0	0	nan	0	0	0	nan	nan	nan	nan	nan	nan
65	g	0	797629	0	nan	246	26	797629	0	0	0	nan	0	0	0	0	0	0	nan	0	0	0	nan	nan	nan	nan	nan	nan
66	g	0	797629	0	nan	246	26	797629	0	0	0	nan	0	0	0	0	0	0	nan	0	0	0	nan	nan	nan	nan	nan	nan
67	u	0	797629	0	nan	242	26	797629	0	0	0	nan	0	0	0	0	0	0	nan	0	0	0	nan	nan	nan	nan	nan	nan
68	a	0	797629	0	nan	238	26	797629	0	0	0	nan	0	0	0	0	0	0	nan	0	0	0	nan	nan	nan	nan	nan	nan
69	a	0	797629	0	nan	238	26	797629	0	0	0	nan	0	0	0	0	0	0	nan	0	0	0	nan	nan	nan	nan	nan	nan
70	u	0	797629	0	nan	236	26	797629	0	0	0	nan	0	0	0	0	0	0	nan	0	0	0	nan	nan	nan	nan	nan	nan
71	g	0	797624	0	nan	236	26	797624	0	0	0	nan	0	0	0	0	0	0	nan	0	0	0	nan	nan	nan	nan	nan	nan
72	a	0	797618	0	nan	236	26	797618	0	0	0	nan	0	0	0	0	0	0	nan	0	0	0	nan	nan	nan	nan	nan	nan
73	a	0	797610	0	nan	235	26	797610	0	0	0	nan	0	0	0	0	0	0	nan	0	0	0	nan	nan	nan	nan	nan	nan
74	g	0	797603	0	nan	234	26	797603	0	0	0	nan	0	0	0	0	0	0	nan	0	0	0	nan	nan	nan	nan	nan	nan
75	g	0	797578	0	nan	234	26	797578	0	0	0	nan	0	0	0	0	0	0	nan	0	0	0	nan	nan	nan	nan	nan	nan
76	u	0	797540	0	nan	234	26	797540	0	0	0	nan	0	0	0	0	0	0	nan	0	0	0	nan	nan	nan	nan	nan	nan
77	g	0	797507	0	nan	234	26	797507	0	0	0	nan	0	0	0	0	0	0	nan	0	0	0	nan	nan	nan	nan	nan	nan
78	a	0	797426	0	nan	234	26	797426	0	0	0	nan	0	0	0	0	0	0	nan	0	0	0	nan	nan	nan	nan	nan	nan
79	a	0	797177	0	nan	234	26	797177	0	0	0	nan	0	0	0	0	0	0	nan	0	0	0	nan	nan	nan	nan	nan	nan
80	g	0	796573	0	nan	234	26	796573	0	0	0	nan	0	0	0	0	0	0	nan	0	0	0	nan	nan	nan	nan	nan	nan