Nucleotide	Sequence	Modified_mutations	Modified_read_depth	Modified_effective_depth	Modified_rate	Modified_off_target_mapped_depth	Modified_low_mapq_mapped_depth	Modified_primer_pair_1_mapped_depth	Untreated_mutations	Untreated_read_depth	Untreated_effective_depth	Untreated_rate	Untreated_off_target_mapped_depth	Untreated_low_mapq_mapped_depth	Untreated_primer_pair_1_mapped_depth	Denatured_mutations	Denatured_read_depth	Denatured_effective_depth	Denatured_rate	Denatured_off_target_mapped_depth	Denatured_low_mapq_mapped_depth	Denatured_primer_pair_1_mapped_depth	Reactivity_profile	Std_err	HQ_profile	HQ_stderr	Norm_profile	Norm_stderr
1	g	0	183696	0	nan	13	0	183696	0	0	0	nan	0	0	0	0	0	0	nan	0	0	0	nan	nan	nan	nan	nan	nan
2	g	0	198118	0	nan	45	0	198118	0	0	0	nan	0	0	0	0	0	0	nan	0	0	0	nan	nan	nan	nan	nan	nan
3	c	0	198551	0	nan	45	0	198551	0	0	0	nan	0	0	0	0	0	0	nan	0	0	0	nan	nan	nan	nan	nan	nan
4	a	0	198649	0	nan	45	0	198649	0	0	0	nan	0	0	0	0	0	0	nan	0	0	0	nan	nan	nan	nan	nan	nan
5	c	0	198674	0	nan	45	0	198674	0	0	0	nan	0	0	0	0	0	0	nan	0	0	0	nan	nan	nan	nan	nan	nan
6	c	0	198681	0	nan	45	0	198681	0	0	0	nan	0	0	0	0	0	0	nan	0	0	0	nan	nan	nan	nan	nan	nan
7	u	0	198682	0	nan	45	0	198682	0	0	0	nan	0	0	0	0	0	0	nan	0	0	0	nan	nan	nan	nan	nan	nan
8	c	0	198702	0	nan	45	0	198702	0	0	0	nan	0	0	0	0	0	0	nan	0	0	0	nan	nan	nan	nan	nan	nan
9	a	0	198723	0	nan	45	0	198723	0	0	0	nan	0	0	0	0	0	0	nan	0	0	0	nan	nan	nan	nan	nan	nan
10	u	0	198752	0	nan	45	0	198752	0	0	0	nan	0	0	0	0	0	0	nan	0	0	0	nan	nan	nan	nan	nan	nan
11	a	0	198805	0	nan	45	0	198805	0	0	0	nan	0	0	0	0	0	0	nan	0	0	0	nan	nan	nan	nan	nan	nan
12	a	0	198826	0	nan	45	0	198826	0	0	0	nan	0	0	0	0	0	0	nan	0	0	0	nan	nan	nan	nan	nan	nan
13	c	0	198835	0	nan	45	0	198835	0	0	0	nan	0	0	0	0	0	0	nan	0	0	0	nan	nan	nan	nan	nan	nan
14	a	0	198838	0	nan	45	0	198838	0	0	0	nan	0	0	0	0	0	0	nan	0	0	0	nan	nan	nan	nan	nan	nan
15	u	0	198854	0	nan	45	0	198854	0	0	0	nan	0	0	0	0	0	0	nan	0	0	0	nan	nan	nan	nan	nan	nan
16	a	0	198858	0	nan	45	0	198858	0	0	0	nan	0	0	0	0	0	0	nan	0	0	0	nan	nan	nan	nan	nan	nan
17	a	0	198864	0	nan	45	0	198864	0	0	0	nan	0	0	0	0	0	0	nan	0	0	0	nan	nan	nan	nan	nan	nan
18	c	0	198870	0	nan	45	0	198870	0	0	0	nan	0	0	0	0	0	0	nan	0	0	0	nan	nan	nan	nan	nan	nan
19	U	0	198872	0	nan	45	0	198872	0	0	0	nan	0	0	0	0	0	0	nan	0	0	0	nan	nan	nan	nan	nan	nan
20	A	0	198882	7	0.000000	45	0	198882	0	0	0	nan	0	0	0	0	0	0	nan	0	0	0	0.000000	0.000000	nan	nan	nan	nan
21	A	0	198898	15	0.000000	45	0	198898	0	0	0	nan	0	0	0	0	0	0	nan	0	0	0	0.000000	0.000000	nan	nan	nan	nan
22	G	0	198910	194566	0.000000	45	0	198910	0	0	0	nan	0	0	0	0	0	0	nan	0	0	0	0.000000	0.000000	0.000000	0.000000	nan	nan
23	G	219	198915	191818	0.001142	45	0	198915	0	0	0	nan	0	0	0	0	0	0	nan	0	0	0	0.001142	0.000077	0.001142	0.000077	nan	nan
24	C	3377	198961	194513	0.017361	45	0	198961	0	0	0	nan	0	0	0	0	0	0	nan	0	0	0	0.017361	0.000299	0.017361	0.000299	0.963109	0.016587
25	A	1886	199060	196682	0.009589	45	0	199060	0	0	0	nan	0	0	0	0	0	0	nan	0	0	0	0.009589	0.000221	0.009589	0.000221	0.855492	0.019717
26	G	142	199086	196214	0.000724	45	0	199085	0	0	0	nan	0	0	0	0	0	0	nan	0	0	0	0.000724	0.000061	0.000724	0.000061	nan	nan
27	A	2152	199096	196895	0.010930	45	0	199094	0	0	0	nan	0	0	0	0	0	0	nan	0	0	0	0.010930	0.000236	0.010930	0.000236	0.975131	0.021055
28	U	1177	199106	196332	0.005995	45	0	199100	0	0	0	nan	0	0	0	0	0	0	nan	0	0	0	0.005995	0.000175	0.005995	0.000175	1.063886	0.031056
29	C	3304	199110	196306	0.016831	45	0	199101	0	0	0	nan	0	0	0	0	0	0	nan	0	0	0	0.016831	0.000293	0.016831	0.000293	0.933707	0.016254
30	U	822	199116	196423	0.004185	45	0	199102	0	0	0	nan	0	0	0	0	0	0	nan	0	0	0	0.004185	0.000146	0.004185	0.000146	0.742680	0.025909
31	G	153	199137	195556	0.000782	45	0	199113	0	0	0	nan	0	0	0	0	0	0	nan	0	0	0	0.000782	0.000063	0.000782	0.000063	nan	nan
32	A	2364	199142	196271	0.012045	45	0	199116	0	0	0	nan	0	0	0	0	0	0	nan	0	0	0	0.012045	0.000248	0.012045	0.000248	1.074607	0.022126
33	G	182	199148	193114	0.000942	45	0	199103	0	0	0	nan	0	0	0	0	0	0	nan	0	0	0	0.000942	0.000070	0.000942	0.000070	nan	nan
34	C	3116	199154	191774	0.016248	35	0	199088	0	0	0	nan	0	0	0	0	0	0	nan	0	0	0	0.016248	0.000291	0.016248	0.000291	0.901365	0.016143
35	U	1156	199188	191397	0.006040	35	0	199090	0	0	0	nan	0	0	0	0	0	0	nan	0	0	0	0.006040	0.000178	0.006040	0.000178	1.071872	0.031588
36	U	1010	199193	191487	0.005275	35	0	199081	0	0	0	nan	0	0	0	0	0	0	nan	0	0	0	0.005275	0.000166	0.005275	0.000166	0.936114	0.029459
37	C	3472	199229	192615	0.018026	35	0	198944	0	0	0	nan	0	0	0	0	0	0	nan	0	0	0	0.018026	0.000306	0.018026	0.000306	1.000000	0.016975
38	G	168	199295	192359	0.000873	35	0	199025	0	0	0	nan	0	0	0	0	0	0	nan	0	0	0	0.000873	0.000067	0.000873	0.000067	nan	nan
39	G	169	199644	194222	0.000870	35	0	199525	0	0	0	nan	0	0	0	0	0	0	nan	0	0	0	0.000870	0.000067	0.000870	0.000067	nan	nan
40	C	2328	199825	197813	0.011769	26	0	199801	0	0	0	nan	0	0	0	0	0	0	nan	0	0	0	0.011769	0.000244	0.011769	0.000244	0.652890	0.013536
41	U	654	199849	197929	0.003304	25	0	199840	0	0	0	nan	0	0	0	0	0	0	nan	0	0	0	0.003304	0.000129	0.003304	0.000129	0.586335	0.022893
42	C	2691	199853	198197	0.013577	21	0	199845	0	0	0	nan	0	0	0	0	0	0	nan	0	0	0	0.013577	0.000262	0.013577	0.000262	0.753190	0.014535
43	U	1018	199855	198271	0.005134	21	0	199848	0	0	0	nan	0	0	0	0	0	0	nan	0	0	0	0.005134	0.000161	0.005134	0.000161	0.911091	0.028571
44	C	3191	199859	198424	0.016082	18	0	199853	0	0	0	nan	0	0	0	0	0	0	nan	0	0	0	0.016082	0.000285	0.016082	0.000285	0.892156	0.015810
45	U	723	199866	198250	0.003647	18	0	199853	0	0	0	nan	0	0	0	0	0	0	nan	0	0	0	0.003647	0.000136	0.003647	0.000136	0.647205	0.024135
46	G	178	199864	195858	0.000909	18	0	199849	0	0	0	nan	0	0	0	0	0	0	nan	0	0	0	0.000909	0.000068	0.000909	0.000068	nan	nan
47	C	4185	199868	197180	0.021224	18	0	199854	0	0	0	nan	0	0	0	0	0	0	nan	0	0	0	0.021224	0.000328	0.021224	0.000328	1.177410	0.018196
48	C	4201	199871	197481	0.021273	18	0	199861	0	0	0	nan	0	0	0	0	0	0	nan	0	0	0	0.021273	0.000328	0.021273	0.000328	1.180129	0.018196
49	A	1702	199876	198232	0.008586	18	0	199873	0	0	0	nan	0	0	0	0	0	0	nan	0	0	0	0.008586	0.000208	0.008586	0.000208	0.766009	0.018557
50	A	0	199879	198852	0.000000	18	0	199879	0	0	0	nan	0	0	0	0	0	0	nan	0	0	0	0.000000	0.000000	0.000000	0.000000	0.000000	0.000000
51	U	0	199879	129	0.000000	15	0	199879	0	0	0	nan	0	0	0	0	0	0	nan	0	0	0	0.000000	0.000000	nan	nan	nan	nan
52	C	0	199878	129	0.000000	14	0	199878	0	0	0	nan	0	0	0	0	0	0	nan	0	0	0	0.000000	0.000000	nan	nan	nan	nan
53	C	0	199877	135	0.000000	14	0	199877	0	0	0	nan	0	0	0	0	0	0	nan	0	0	0	0.000000	0.000000	nan	nan	nan	nan
54	a	0	199724	0	nan	14	0	199724	0	0	0	nan	0	0	0	0	0	0	nan	0	0	0	nan	nan	nan	nan	nan	nan
55	c	0	199720	0	nan	14	0	199720	0	0	0	nan	0	0	0	0	0	0	nan	0	0	0	nan	nan	nan	nan	nan	nan
56	u	0	199713	0	nan	14	0	199713	0	0	0	nan	0	0	0	0	0	0	nan	0	0	0	nan	nan	nan	nan	nan	nan
57	a	0	199711	0	nan	14	0	199711	0	0	0	nan	0	0	0	0	0	0	nan	0	0	0	nan	nan	nan	nan	nan	nan
58	a	0	199711	0	nan	14	0	199711	0	0	0	nan	0	0	0	0	0	0	nan	0	0	0	nan	nan	nan	nan	nan	nan
59	c	0	199711	0	nan	7	0	199711	0	0	0	nan	0	0	0	0	0	0	nan	0	0	0	nan	nan	nan	nan	nan	nan
60	c	0	199710	0	nan	5	0	199710	0	0	0	nan	0	0	0	0	0	0	nan	0	0	0	nan	nan	nan	nan	nan	nan
61	u	0	199710	0	nan	0	0	199710	0	0	0	nan	0	0	0	0	0	0	nan	0	0	0	nan	nan	nan	nan	nan	nan
62	c	0	199710	0	nan	0	0	199710	0	0	0	nan	0	0	0	0	0	0	nan	0	0	0	nan	nan	nan	nan	nan	nan
63	a	0	199710	0	nan	0	0	199710	0	0	0	nan	0	0	0	0	0	0	nan	0	0	0	nan	nan	nan	nan	nan	nan
64	c	0	199709	0	nan	0	0	199709	0	0	0	nan	0	0	0	0	0	0	nan	0	0	0	nan	nan	nan	nan	nan	nan
65	u	0	199709	0	nan	0	0	199709	0	0	0	nan	0	0	0	0	0	0	nan	0	0	0	nan	nan	nan	nan	nan	nan
66	c	0	199708	0	nan	0	0	199708	0	0	0	nan	0	0	0	0	0	0	nan	0	0	0	nan	nan	nan	nan	nan	nan
67	a	0	199704	0	nan	0	0	199704	0	0	0	nan	0	0	0	0	0	0	nan	0	0	0	nan	nan	nan	nan	nan	nan
68	c	0	199700	0	nan	0	0	199700	0	0	0	nan	0	0	0	0	0	0	nan	0	0	0	nan	nan	nan	nan	nan	nan
69	a	0	199692	0	nan	0	0	199692	0	0	0	nan	0	0	0	0	0	0	nan	0	0	0	nan	nan	nan	nan	nan	nan
70	a	0	199629	0	nan	0	0	199629	0	0	0	nan	0	0	0	0	0	0	nan	0	0	0	nan	nan	nan	nan	nan	nan
71	u	0	199517	0	nan	0	0	199517	0	0	0	nan	0	0	0	0	0	0	nan	0	0	0	nan	nan	nan	nan	nan	nan
72	c	0	199276	0	nan	0	0	199276	0	0	0	nan	0	0	0	0	0	0	nan	0	0	0	nan	nan	nan	nan	nan	nan