Nucleotide	Sequence	Modified_mutations	Modified_read_depth	Modified_effective_depth	Modified_rate	Modified_off_target_mapped_depth	Modified_low_mapq_mapped_depth	Modified_primer_pair_1_mapped_depth	Untreated_mutations	Untreated_read_depth	Untreated_effective_depth	Untreated_rate	Untreated_off_target_mapped_depth	Untreated_low_mapq_mapped_depth	Untreated_primer_pair_1_mapped_depth	Denatured_mutations	Denatured_read_depth	Denatured_effective_depth	Denatured_rate	Denatured_off_target_mapped_depth	Denatured_low_mapq_mapped_depth	Denatured_primer_pair_1_mapped_depth	Reactivity_profile	Std_err	HQ_profile	HQ_stderr	Norm_profile	Norm_stderr
1	g	0	42460	0	nan	13	0	42460	0	0	0	nan	0	0	0	0	0	0	nan	0	0	0	nan	nan	nan	nan	nan	nan
2	g	0	42507	0	nan	13	0	42507	0	0	0	nan	0	0	0	0	0	0	nan	0	0	0	nan	nan	nan	nan	nan	nan
3	u	0	42537	0	nan	13	0	42537	0	0	0	nan	0	0	0	0	0	0	nan	0	0	0	nan	nan	nan	nan	nan	nan
4	g	0	42577	0	nan	13	0	42577	0	0	0	nan	0	0	0	0	0	0	nan	0	0	0	nan	nan	nan	nan	nan	nan
5	u	0	42637	0	nan	13	0	42637	0	0	0	nan	0	0	0	0	0	0	nan	0	0	0	nan	nan	nan	nan	nan	nan
6	a	0	42691	0	nan	13	0	42691	0	0	0	nan	0	0	0	0	0	0	nan	0	0	0	nan	nan	nan	nan	nan	nan
7	a	0	42842	0	nan	13	0	42842	0	0	0	nan	0	0	0	0	0	0	nan	0	0	0	nan	nan	nan	nan	nan	nan
8	g	0	43263	0	nan	13	0	43263	0	0	0	nan	0	0	0	0	0	0	nan	0	0	0	nan	nan	nan	nan	nan	nan
9	g	0	46187	0	nan	13	0	46187	0	0	0	nan	0	0	0	0	0	0	nan	0	0	0	nan	nan	nan	nan	nan	nan
10	g	0	259894	0	nan	13	0	259894	0	0	0	nan	0	0	0	0	0	0	nan	0	0	0	nan	nan	nan	nan	nan	nan
11	u	0	269936	0	nan	13	0	269936	0	0	0	nan	0	0	0	0	0	0	nan	0	0	0	nan	nan	nan	nan	nan	nan
12	g	0	270332	0	nan	13	0	270332	0	0	0	nan	0	0	0	0	0	0	nan	0	0	0	nan	nan	nan	nan	nan	nan
13	a	0	270367	0	nan	13	0	270367	0	0	0	nan	0	0	0	0	0	0	nan	0	0	0	nan	nan	nan	nan	nan	nan
14	a	0	270389	0	nan	13	0	270389	0	0	0	nan	0	0	0	0	0	0	nan	0	0	0	nan	nan	nan	nan	nan	nan
15	g	0	270477	0	nan	31	0	270477	0	0	0	nan	0	0	0	0	0	0	nan	0	0	0	nan	nan	nan	nan	nan	nan
16	u	0	270494	0	nan	31	0	270494	0	0	0	nan	0	0	0	0	0	0	nan	0	0	0	nan	nan	nan	nan	nan	nan
17	g	0	270520	0	nan	31	0	270520	0	0	0	nan	0	0	0	0	0	0	nan	0	0	0	nan	nan	nan	nan	nan	nan
18	u	0	270528	0	nan	31	0	270528	0	0	0	nan	0	0	0	0	0	0	nan	0	0	0	nan	nan	nan	nan	nan	nan
19	a	0	270641	0	nan	31	0	270641	0	0	0	nan	0	0	0	0	0	0	nan	0	0	0	nan	nan	nan	nan	nan	nan
20	A	0	270682	17	0.000000	31	0	270682	0	0	0	nan	0	0	0	0	0	0	nan	0	0	0	0.000000	0.000000	nan	nan	nan	nan
21	G	0	270741	35	0.000000	31	0	270741	0	0	0	nan	0	0	0	0	0	0	nan	0	0	0	0.000000	0.000000	nan	nan	nan	nan
22	G	0	270769	38	0.000000	31	0	270769	0	0	0	nan	0	0	0	0	0	0	nan	0	0	0	0.000000	0.000000	nan	nan	nan	nan
23	U	0	270790	259946	0.000000	31	0	270790	0	0	0	nan	0	0	0	0	0	0	nan	0	0	0	0.000000	0.000000	0.000000	0.000000	nan	nan
24	U	297	270810	266786	0.001113	31	0	270810	0	0	0	nan	0	0	0	0	0	0	nan	0	0	0	0.001113	0.000065	0.001113	0.000065	nan	nan
25	G	277	270832	265380	0.001044	31	0	270832	0	0	0	nan	0	0	0	0	0	0	nan	0	0	0	0.001044	0.000063	0.001044	0.000063	nan	nan
26	A	10383	270841	263311	0.039432	31	0	270840	0	0	0	nan	0	0	0	0	0	0	nan	0	0	0	0.039432	0.000387	0.039432	0.000387	0.922391	0.009053
27	A	11516	270847	261064	0.044112	31	0	270846	0	0	0	nan	0	0	0	0	0	0	nan	0	0	0	0.044112	0.000411	0.044112	0.000411	1.031866	0.009614
28	C	15380	270853	259065	0.059367	31	0	270852	0	0	0	nan	0	0	0	0	0	0	nan	0	0	0	0.059367	0.000479	0.059367	0.000479	1.060295	0.008555
29	U	184	270885	261764	0.000703	31	0	270882	0	0	0	nan	0	0	0	0	0	0	nan	0	0	0	0.000703	0.000052	0.000703	0.000052	nan	nan
30	U	209	270906	262930	0.000795	30	0	270891	0	0	0	nan	0	0	0	0	0	0	nan	0	0	0	0.000795	0.000055	0.000795	0.000055	nan	nan
31	U	288	270929	264189	0.001090	30	0	270913	0	0	0	nan	0	0	0	0	0	0	nan	0	0	0	0.001090	0.000064	0.001090	0.000064	nan	nan
32	U	280	270968	265548	0.001054	30	0	270952	0	0	0	nan	0	0	0	0	0	0	nan	0	0	0	0.001054	0.000063	0.001054	0.000063	nan	nan
33	G	315	271020	264180	0.001192	30	0	271004	0	0	0	nan	0	0	0	0	0	0	nan	0	0	0	0.001192	0.000067	0.001192	0.000067	nan	nan
34	A	11014	271040	263076	0.041866	30	0	271024	0	0	0	nan	0	0	0	0	0	0	nan	0	0	0	0.041866	0.000399	0.041866	0.000399	0.979327	0.009333
35	A	9856	271049	261191	0.037735	30	0	271033	0	0	0	nan	0	0	0	0	0	0	nan	0	0	0	0.037735	0.000380	0.037735	0.000380	0.882695	0.008889
36	U	275	271062	260886	0.001054	30	0	271046	0	0	0	nan	0	0	0	0	0	0	nan	0	0	0	0.001054	0.000064	0.001054	0.000064	nan	nan
37	A	11444	271075	262649	0.043571	30	0	271059	0	0	0	nan	0	0	0	0	0	0	nan	0	0	0	0.043571	0.000407	0.043571	0.000407	1.019211	0.009521
38	G	349	271107	262458	0.001330	30	1	271092	0	0	0	nan	0	0	0	0	0	0	nan	0	0	0	0.001330	0.000071	0.001330	0.000071	nan	nan
39	U	359	271118	265999	0.001350	30	1	271101	0	0	0	nan	0	0	0	0	0	0	nan	0	0	0	0.001350	0.000071	0.001350	0.000071	nan	nan
40	G	451	271162	263206	0.001713	30	2	271146	0	0	0	nan	0	0	0	0	0	0	nan	0	0	0	0.001713	0.000081	0.001713	0.000081	nan	nan
41	A	11332	271196	263740	0.042967	30	2	271181	0	0	0	nan	0	0	0	0	0	0	nan	0	0	0	0.042967	0.000404	0.042967	0.000404	1.005082	0.009450
42	U	280	271249	262080	0.001068	22	2	271239	0	0	0	nan	0	0	0	0	0	0	nan	0	0	0	0.001068	0.000064	0.001068	0.000064	nan	nan
43	U	257	271293	262315	0.000980	22	2	271283	0	0	0	nan	0	0	0	0	0	0	nan	0	0	0	0.000980	0.000061	0.000980	0.000061	nan	nan
44	C	11930	271309	260124	0.045863	22	3	271299	0	0	0	nan	0	0	0	0	0	0	nan	0	0	0	0.045863	0.000420	0.045863	0.000420	0.819114	0.007501
45	A	11033	271356	262080	0.042098	22	3	271346	0	0	0	nan	0	0	0	0	0	0	nan	0	0	0	0.042098	0.000401	0.042098	0.000401	0.984754	0.009380
46	G	342	271428	263857	0.001296	22	3	271418	0	0	0	nan	0	0	0	0	0	0	nan	0	0	0	0.001296	0.000070	0.001296	0.000070	nan	nan
47	G	306	271458	263738	0.001160	22	3	271448	0	0	0	nan	0	0	0	0	0	0	nan	0	0	0	0.001160	0.000066	0.001160	0.000066	nan	nan
48	A	9294	271469	258874	0.035902	22	3	271461	0	0	0	nan	0	0	0	0	0	0	nan	0	0	0	0.035902	0.000372	0.035902	0.000372	0.839818	0.008702
49	G	373	271559	258845	0.001441	22	3	271554	0	0	0	nan	0	0	0	0	0	0	nan	0	0	0	0.001441	0.000075	0.001441	0.000075	nan	nan
50	G	478	271584	260594	0.001834	22	3	271582	0	0	0	nan	0	0	0	0	0	0	nan	0	0	0	0.001834	0.000084	0.001834	0.000084	nan	nan
51	U	236	271600	260507	0.000906	22	3	271600	0	0	0	nan	0	0	0	0	0	0	nan	0	0	0	0.000906	0.000059	0.000906	0.000059	nan	nan
52	U	323	271606	264110	0.001223	21	3	271606	0	0	0	nan	0	0	0	0	0	0	nan	0	0	0	0.001223	0.000068	0.001223	0.000068	nan	nan
53	A	9761	271608	263598	0.037030	21	3	271606	0	0	0	nan	0	0	0	0	0	0	nan	0	0	0	0.037030	0.000375	0.037030	0.000375	0.866204	0.008772
54	A	8530	271595	265037	0.032184	21	3	271592	0	0	0	nan	0	0	0	0	0	0	nan	0	0	0	0.032184	0.000348	0.032184	0.000348	0.752847	0.008140
55	U	337	271603	267133	0.001262	21	3	271600	0	0	0	nan	0	0	0	0	0	0	nan	0	0	0	0.001262	0.000069	0.001262	0.000069	nan	nan
56	G	452	271610	268202	0.001685	21	3	271610	0	0	0	nan	0	0	0	0	0	0	nan	0	0	0	0.001685	0.000079	0.001685	0.000079	nan	nan
57	G	0	271613	266256	0.000000	21	3	271613	0	0	0	nan	0	0	0	0	0	0	nan	0	0	0	0.000000	0.000000	0.000000	0.000000	nan	nan
58	A	0	271615	0	nan	21	3	271615	0	0	0	nan	0	0	0	0	0	0	nan	0	0	0	nan	nan	nan	nan	nan	nan
59	A	0	271615	0	nan	21	3	271615	0	0	0	nan	0	0	0	0	0	0	nan	0	0	0	nan	nan	nan	nan	nan	nan
60	G	0	271615	0	nan	21	3	271615	0	0	0	nan	0	0	0	0	0	0	nan	0	0	0	nan	nan	nan	nan	nan	nan
61	u	0	271615	0	nan	21	3	271615	0	0	0	nan	0	0	0	0	0	0	nan	0	0	0	nan	nan	nan	nan	nan	nan
62	a	0	271615	0	nan	21	3	271615	0	0	0	nan	0	0	0	0	0	0	nan	0	0	0	nan	nan	nan	nan	nan	nan
63	a	0	271615	0	nan	21	3	271615	0	0	0	nan	0	0	0	0	0	0	nan	0	0	0	nan	nan	nan	nan	nan	nan
64	a	0	271615	0	nan	21	3	271615	0	0	0	nan	0	0	0	0	0	0	nan	0	0	0	nan	nan	nan	nan	nan	nan
65	g	0	271615	0	nan	21	3	271615	0	0	0	nan	0	0	0	0	0	0	nan	0	0	0	nan	nan	nan	nan	nan	nan
66	g	0	271615	0	nan	21	3	271615	0	0	0	nan	0	0	0	0	0	0	nan	0	0	0	nan	nan	nan	nan	nan	nan
67	u	0	271615	0	nan	20	3	271615	0	0	0	nan	0	0	0	0	0	0	nan	0	0	0	nan	nan	nan	nan	nan	nan
68	a	0	271615	0	nan	18	3	271615	0	0	0	nan	0	0	0	0	0	0	nan	0	0	0	nan	nan	nan	nan	nan	nan
69	a	0	271615	0	nan	18	3	271615	0	0	0	nan	0	0	0	0	0	0	nan	0	0	0	nan	nan	nan	nan	nan	nan
70	u	0	271615	0	nan	18	3	271615	0	0	0	nan	0	0	0	0	0	0	nan	0	0	0	nan	nan	nan	nan	nan	nan
71	g	0	271614	0	nan	18	3	271614	0	0	0	nan	0	0	0	0	0	0	nan	0	0	0	nan	nan	nan	nan	nan	nan
72	a	0	271614	0	nan	18	3	271614	0	0	0	nan	0	0	0	0	0	0	nan	0	0	0	nan	nan	nan	nan	nan	nan
73	a	0	271614	0	nan	18	3	271614	0	0	0	nan	0	0	0	0	0	0	nan	0	0	0	nan	nan	nan	nan	nan	nan
74	g	0	271613	0	nan	18	3	271613	0	0	0	nan	0	0	0	0	0	0	nan	0	0	0	nan	nan	nan	nan	nan	nan
75	g	0	271611	0	nan	18	3	271611	0	0	0	nan	0	0	0	0	0	0	nan	0	0	0	nan	nan	nan	nan	nan	nan
76	u	0	271605	0	nan	18	3	271605	0	0	0	nan	0	0	0	0	0	0	nan	0	0	0	nan	nan	nan	nan	nan	nan
77	g	0	271595	0	nan	18	3	271595	0	0	0	nan	0	0	0	0	0	0	nan	0	0	0	nan	nan	nan	nan	nan	nan
78	a	0	271579	0	nan	18	3	271579	0	0	0	nan	0	0	0	0	0	0	nan	0	0	0	nan	nan	nan	nan	nan	nan
79	a	0	271544	0	nan	18	3	271544	0	0	0	nan	0	0	0	0	0	0	nan	0	0	0	nan	nan	nan	nan	nan	nan
80	g	0	271370	0	nan	18	3	271370	0	0	0	nan	0	0	0	0	0	0	nan	0	0	0	nan	nan	nan	nan	nan	nan