Nucleotide	Sequence	Modified_mutations	Modified_read_depth	Modified_effective_depth	Modified_rate	Modified_off_target_mapped_depth	Modified_low_mapq_mapped_depth	Modified_primer_pair_1_mapped_depth	Untreated_mutations	Untreated_read_depth	Untreated_effective_depth	Untreated_rate	Untreated_off_target_mapped_depth	Untreated_low_mapq_mapped_depth	Untreated_primer_pair_1_mapped_depth	Denatured_mutations	Denatured_read_depth	Denatured_effective_depth	Denatured_rate	Denatured_off_target_mapped_depth	Denatured_low_mapq_mapped_depth	Denatured_primer_pair_1_mapped_depth	Reactivity_profile	Std_err	HQ_profile	HQ_stderr	Norm_profile	Norm_stderr
1	g	0	47571	0	nan	0	2	47571	0	0	0	nan	0	0	0	0	0	0	nan	0	0	0	nan	nan	nan	nan	nan	nan
2	g	0	47597	0	nan	0	2	47597	0	0	0	nan	0	0	0	0	0	0	nan	0	0	0	nan	nan	nan	nan	nan	nan
3	u	0	47622	0	nan	0	2	47622	0	0	0	nan	0	0	0	0	0	0	nan	0	0	0	nan	nan	nan	nan	nan	nan
4	g	0	47631	0	nan	0	2	47631	0	0	0	nan	0	0	0	0	0	0	nan	0	0	0	nan	nan	nan	nan	nan	nan
5	u	0	47649	0	nan	0	2	47649	0	0	0	nan	0	0	0	0	0	0	nan	0	0	0	nan	nan	nan	nan	nan	nan
6	a	0	47660	0	nan	0	2	47660	0	0	0	nan	0	0	0	0	0	0	nan	0	0	0	nan	nan	nan	nan	nan	nan
7	a	0	47683	0	nan	0	2	47683	0	0	0	nan	0	0	0	0	0	0	nan	0	0	0	nan	nan	nan	nan	nan	nan
8	g	0	47768	0	nan	0	2	47768	0	0	0	nan	0	0	0	0	0	0	nan	0	0	0	nan	nan	nan	nan	nan	nan
9	g	0	49092	0	nan	0	2	49092	0	0	0	nan	0	0	0	0	0	0	nan	0	0	0	nan	nan	nan	nan	nan	nan
10	g	0	196802	0	nan	0	2	196802	0	0	0	nan	0	0	0	0	0	0	nan	0	0	0	nan	nan	nan	nan	nan	nan
11	u	0	205665	0	nan	0	2	205665	0	0	0	nan	0	0	0	0	0	0	nan	0	0	0	nan	nan	nan	nan	nan	nan
12	g	0	206008	0	nan	0	2	206008	0	0	0	nan	0	0	0	0	0	0	nan	0	0	0	nan	nan	nan	nan	nan	nan
13	a	0	206035	0	nan	0	2	206035	0	0	0	nan	0	0	0	0	0	0	nan	0	0	0	nan	nan	nan	nan	nan	nan
14	a	0	206052	0	nan	0	2	206052	0	0	0	nan	0	0	0	0	0	0	nan	0	0	0	nan	nan	nan	nan	nan	nan
15	g	0	206061	0	nan	1	2	206061	0	0	0	nan	0	0	0	0	0	0	nan	0	0	0	nan	nan	nan	nan	nan	nan
16	u	0	206074	0	nan	1	2	206074	0	0	0	nan	0	0	0	0	0	0	nan	0	0	0	nan	nan	nan	nan	nan	nan
17	g	0	206096	0	nan	1	2	206096	0	0	0	nan	0	0	0	0	0	0	nan	0	0	0	nan	nan	nan	nan	nan	nan
18	u	0	206101	0	nan	1	2	206101	0	0	0	nan	0	0	0	0	0	0	nan	0	0	0	nan	nan	nan	nan	nan	nan
19	a	0	206199	0	nan	1	2	206199	0	0	0	nan	0	0	0	0	0	0	nan	0	0	0	nan	nan	nan	nan	nan	nan
20	A	0	206248	20	0.000000	1	6	206248	0	0	0	nan	0	0	0	0	0	0	nan	0	0	0	0.000000	0.000000	nan	nan	nan	nan
21	G	0	206311	37	0.000000	1	6	206311	0	0	0	nan	0	0	0	0	0	0	nan	0	0	0	0.000000	0.000000	nan	nan	nan	nan
22	G	0	206321	38	0.000000	1	6	206321	0	0	0	nan	0	0	0	0	0	0	nan	0	0	0	0.000000	0.000000	nan	nan	nan	nan
23	U	0	206339	203654	0.000000	1	6	206339	0	0	0	nan	0	0	0	0	0	0	nan	0	0	0	0.000000	0.000000	0.000000	0.000000	nan	nan
24	U	293	206344	203507	0.001440	1	6	206344	0	0	0	nan	0	0	0	0	0	0	nan	0	0	0	0.001440	0.000084	0.001440	0.000084	nan	nan
25	G	312	206348	202333	0.001542	1	6	206348	0	0	0	nan	0	0	0	0	0	0	nan	0	0	0	0.001542	0.000087	0.001542	0.000087	nan	nan
26	A	3547	206347	197921	0.017921	1	5	206307	0	0	0	nan	0	0	0	0	0	0	nan	0	0	0	0.017921	0.000301	0.017921	0.000301	0.974709	0.016371
27	C	10974	206355	196919	0.055728	1	4	206308	0	0	0	nan	0	0	0	0	0	0	nan	0	0	0	0.055728	0.000532	0.055728	0.000532	1.394769	0.013315
28	C	3116	206369	197547	0.015773	1	4	206325	0	0	0	nan	0	0	0	0	0	0	nan	0	0	0	0.015773	0.000283	0.015773	0.000283	0.394769	0.007083
29	U	200	206433	200980	0.000995	1	4	206403	0	0	0	nan	0	0	0	0	0	0	nan	0	0	0	0.000995	0.000070	0.000995	0.000070	nan	nan
30	U	293	206464	201918	0.001451	1	4	206438	0	0	0	nan	0	0	0	0	0	0	nan	0	0	0	0.001451	0.000085	0.001451	0.000085	nan	nan
31	U	367	206484	202815	0.001810	1	4	206460	0	0	0	nan	0	0	0	0	0	0	nan	0	0	0	0.001810	0.000094	0.001810	0.000094	nan	nan
32	U	285	206540	204006	0.001397	1	4	206521	0	0	0	nan	0	0	0	0	0	0	nan	0	0	0	0.001397	0.000083	0.001397	0.000083	nan	nan
33	G	298	206572	202904	0.001469	1	5	206554	0	0	0	nan	0	0	0	0	0	0	nan	0	0	0	0.001469	0.000085	0.001469	0.000085	nan	nan
34	A	3778	206604	202794	0.018630	1	5	206585	0	0	0	nan	0	0	0	0	0	0	nan	0	0	0	0.018630	0.000303	0.018630	0.000303	1.013271	0.016480
35	A	3015	206617	201968	0.014928	1	5	206598	0	0	0	nan	0	0	0	0	0	0	nan	0	0	0	0.014928	0.000272	0.014928	0.000272	0.811922	0.014794
36	U	232	206631	202095	0.001148	1	5	206612	0	0	0	nan	0	0	0	0	0	0	nan	0	0	0	0.001148	0.000075	0.001148	0.000075	nan	nan
37	A	3146	206644	202738	0.015518	1	7	206626	0	0	0	nan	0	0	0	0	0	0	nan	0	0	0	0.015518	0.000277	0.015518	0.000277	0.844012	0.015066
38	G	241	206658	202283	0.001191	1	9	206640	0	0	0	nan	0	0	0	0	0	0	nan	0	0	0	0.001191	0.000077	0.001191	0.000077	nan	nan
39	U	274	206668	204237	0.001342	1	10	206650	0	0	0	nan	0	0	0	0	0	0	nan	0	0	0	0.001342	0.000081	0.001342	0.000081	nan	nan
40	G	345	206687	202604	0.001703	1	13	206670	0	0	0	nan	0	0	0	0	0	0	nan	0	0	0	0.001703	0.000092	0.001703	0.000092	nan	nan
41	A	3803	206697	202946	0.018739	1	13	206681	0	0	0	nan	0	0	0	0	0	0	nan	0	0	0	0.018739	0.000304	0.018739	0.000304	1.019199	0.016534
42	U	381	206732	202039	0.001886	1	13	206719	0	0	0	nan	0	0	0	0	0	0	nan	0	0	0	0.001886	0.000097	0.001886	0.000097	nan	nan
43	U	367	206754	202049	0.001816	1	13	206742	0	0	0	nan	0	0	0	0	0	0	nan	0	0	0	0.001816	0.000095	0.001816	0.000095	nan	nan
44	C	4876	206772	201636	0.024182	1	13	206760	0	0	0	nan	0	0	0	0	0	0	nan	0	0	0	0.024182	0.000346	0.024182	0.000346	0.605231	0.008660
45	A	3725	206787	202598	0.018386	1	13	206775	0	0	0	nan	0	0	0	0	0	0	nan	0	0	0	0.018386	0.000301	0.018386	0.000301	1.000000	0.016371
46	G	294	206822	203820	0.001442	1	13	206811	0	0	0	nan	0	0	0	0	0	0	nan	0	0	0	0.001442	0.000084	0.001442	0.000084	nan	nan
47	G	259	206834	203491	0.001273	1	13	206823	0	0	0	nan	0	0	0	0	0	0	nan	0	0	0	0.001273	0.000079	0.001273	0.000079	nan	nan
48	A	3519	206838	203804	0.017267	1	13	206827	0	0	0	nan	0	0	0	0	0	0	nan	0	0	0	0.017267	0.000291	0.017267	0.000291	0.939138	0.015827
49	G	598	206889	203618	0.002937	1	13	206882	0	0	0	nan	0	0	0	0	0	0	nan	0	0	0	0.002937	0.000120	0.002937	0.000120	nan	nan
50	G	235	206902	203669	0.001154	1	13	206897	0	0	0	nan	0	0	0	0	0	0	nan	0	0	0	0.001154	0.000075	0.001154	0.000075	nan	nan
51	U	258	206905	203728	0.001266	1	13	206903	0	0	0	nan	0	0	0	0	0	0	nan	0	0	0	0.001266	0.000079	0.001266	0.000079	nan	nan
52	U	300	206911	202924	0.001478	1	13	206909	0	0	0	nan	0	0	0	0	0	0	nan	0	0	0	0.001478	0.000085	0.001478	0.000085	nan	nan
53	A	3014	206913	203534	0.014808	1	13	206911	0	0	0	nan	0	0	0	0	0	0	nan	0	0	0	0.014808	0.000270	0.014808	0.000270	0.805395	0.014685
54	A	2492	206910	203676	0.012235	1	13	206906	0	0	0	nan	0	0	0	0	0	0	nan	0	0	0	0.012235	0.000245	0.012235	0.000245	0.665452	0.013325
55	U	353	206910	204350	0.001727	1	13	206906	0	0	0	nan	0	0	0	0	0	0	nan	0	0	0	0.001727	0.000092	0.001727	0.000092	nan	nan
56	G	353	206914	204637	0.001725	1	13	206911	0	0	0	nan	0	0	0	0	0	0	nan	0	0	0	0.001725	0.000092	0.001725	0.000092	nan	nan
57	G	0	206914	203710	0.000000	1	13	206914	0	0	0	nan	0	0	0	0	0	0	nan	0	0	0	0.000000	0.000000	0.000000	0.000000	nan	nan
58	A	0	206915	0	nan	1	13	206915	0	0	0	nan	0	0	0	0	0	0	nan	0	0	0	nan	nan	nan	nan	nan	nan
59	A	0	206915	0	nan	1	13	206915	0	0	0	nan	0	0	0	0	0	0	nan	0	0	0	nan	nan	nan	nan	nan	nan
60	G	0	206915	0	nan	1	13	206915	0	0	0	nan	0	0	0	0	0	0	nan	0	0	0	nan	nan	nan	nan	nan	nan
61	u	0	206915	0	nan	1	13	206915	0	0	0	nan	0	0	0	0	0	0	nan	0	0	0	nan	nan	nan	nan	nan	nan
62	a	0	206915	0	nan	1	13	206915	0	0	0	nan	0	0	0	0	0	0	nan	0	0	0	nan	nan	nan	nan	nan	nan
63	a	0	206915	0	nan	1	13	206915	0	0	0	nan	0	0	0	0	0	0	nan	0	0	0	nan	nan	nan	nan	nan	nan
64	a	0	206915	0	nan	1	13	206915	0	0	0	nan	0	0	0	0	0	0	nan	0	0	0	nan	nan	nan	nan	nan	nan
65	g	0	206915	0	nan	1	13	206915	0	0	0	nan	0	0	0	0	0	0	nan	0	0	0	nan	nan	nan	nan	nan	nan
66	g	0	206915	0	nan	1	13	206915	0	0	0	nan	0	0	0	0	0	0	nan	0	0	0	nan	nan	nan	nan	nan	nan
67	u	0	206915	0	nan	0	13	206915	0	0	0	nan	0	0	0	0	0	0	nan	0	0	0	nan	nan	nan	nan	nan	nan
68	a	0	206915	0	nan	0	13	206915	0	0	0	nan	0	0	0	0	0	0	nan	0	0	0	nan	nan	nan	nan	nan	nan
69	a	0	206915	0	nan	0	13	206915	0	0	0	nan	0	0	0	0	0	0	nan	0	0	0	nan	nan	nan	nan	nan	nan
70	u	0	206915	0	nan	0	13	206915	0	0	0	nan	0	0	0	0	0	0	nan	0	0	0	nan	nan	nan	nan	nan	nan
71	g	0	206914	0	nan	0	13	206914	0	0	0	nan	0	0	0	0	0	0	nan	0	0	0	nan	nan	nan	nan	nan	nan
72	a	0	206914	0	nan	0	13	206914	0	0	0	nan	0	0	0	0	0	0	nan	0	0	0	nan	nan	nan	nan	nan	nan
73	a	0	206913	0	nan	0	13	206913	0	0	0	nan	0	0	0	0	0	0	nan	0	0	0	nan	nan	nan	nan	nan	nan
74	g	0	206913	0	nan	0	13	206913	0	0	0	nan	0	0	0	0	0	0	nan	0	0	0	nan	nan	nan	nan	nan	nan
75	g	0	206913	0	nan	0	13	206913	0	0	0	nan	0	0	0	0	0	0	nan	0	0	0	nan	nan	nan	nan	nan	nan
76	u	0	206911	0	nan	0	13	206911	0	0	0	nan	0	0	0	0	0	0	nan	0	0	0	nan	nan	nan	nan	nan	nan
77	g	0	206906	0	nan	0	13	206906	0	0	0	nan	0	0	0	0	0	0	nan	0	0	0	nan	nan	nan	nan	nan	nan
78	a	0	206904	0	nan	0	13	206904	0	0	0	nan	0	0	0	0	0	0	nan	0	0	0	nan	nan	nan	nan	nan	nan
79	a	0	206872	0	nan	0	13	206872	0	0	0	nan	0	0	0	0	0	0	nan	0	0	0	nan	nan	nan	nan	nan	nan
80	g	0	206774	0	nan	0	13	206774	0	0	0	nan	0	0	0	0	0	0	nan	0	0	0	nan	nan	nan	nan	nan	nan