Nucleotide	Sequence	Modified_mutations	Modified_read_depth	Modified_effective_depth	Modified_rate	Modified_off_target_mapped_depth	Modified_low_mapq_mapped_depth	Modified_primer_pair_1_mapped_depth	Untreated_mutations	Untreated_read_depth	Untreated_effective_depth	Untreated_rate	Untreated_off_target_mapped_depth	Untreated_low_mapq_mapped_depth	Untreated_primer_pair_1_mapped_depth	Denatured_mutations	Denatured_read_depth	Denatured_effective_depth	Denatured_rate	Denatured_off_target_mapped_depth	Denatured_low_mapq_mapped_depth	Denatured_primer_pair_1_mapped_depth	Reactivity_profile	Std_err	HQ_profile	HQ_stderr	Norm_profile	Norm_stderr
1	g	0	331292	0	nan	18	0	331292	0	0	0	nan	0	0	0	0	0	0	nan	0	0	0	nan	nan	nan	nan	nan	nan
2	g	0	333779	0	nan	20	0	333779	0	0	0	nan	0	0	0	0	0	0	nan	0	0	0	nan	nan	nan	nan	nan	nan
3	u	0	335459	0	nan	20	0	335459	0	0	0	nan	0	0	0	0	0	0	nan	0	0	0	nan	nan	nan	nan	nan	nan
4	g	0	337266	0	nan	20	0	337266	0	0	0	nan	0	0	0	0	0	0	nan	0	0	0	nan	nan	nan	nan	nan	nan
5	u	0	339879	0	nan	20	0	339879	0	0	0	nan	0	0	0	0	0	0	nan	0	0	0	nan	nan	nan	nan	nan	nan
6	a	0	355128	0	nan	22	0	355128	0	0	0	nan	0	0	0	0	0	0	nan	0	0	0	nan	nan	nan	nan	nan	nan
7	a	0	363616	0	nan	22	0	363616	0	0	0	nan	0	0	0	0	0	0	nan	0	0	0	nan	nan	nan	nan	nan	nan
8	g	0	365883	0	nan	22	0	365883	0	0	0	nan	0	0	0	0	0	0	nan	0	0	0	nan	nan	nan	nan	nan	nan
9	g	0	376038	0	nan	22	0	376038	0	0	0	nan	0	0	0	0	0	0	nan	0	0	0	nan	nan	nan	nan	nan	nan
10	g	0	1438708	0	nan	22	0	1438708	0	0	0	nan	0	0	0	0	0	0	nan	0	0	0	nan	nan	nan	nan	nan	nan
11	u	0	1453034	0	nan	22	0	1453034	0	0	0	nan	0	0	0	0	0	0	nan	0	0	0	nan	nan	nan	nan	nan	nan
12	g	0	1457814	0	nan	733	1	1457814	0	0	0	nan	0	0	0	0	0	0	nan	0	0	0	nan	nan	nan	nan	nan	nan
13	a	0	1482465	0	nan	9960	1	1482465	0	0	0	nan	0	0	0	0	0	0	nan	0	0	0	nan	nan	nan	nan	nan	nan
14	a	0	1514571	0	nan	21271	1	1514571	0	0	0	nan	0	0	0	0	0	0	nan	0	0	0	nan	nan	nan	nan	nan	nan
15	g	0	1515424	0	nan	21442	1	1515424	0	0	0	nan	0	0	0	0	0	0	nan	0	0	0	nan	nan	nan	nan	nan	nan
16	u	0	1522424	0	nan	22985	1	1522424	0	0	0	nan	0	0	0	0	0	0	nan	0	0	0	nan	nan	nan	nan	nan	nan
17	g	0	1528447	0	nan	24475	1	1528447	0	0	0	nan	0	0	0	0	0	0	nan	0	0	0	nan	nan	nan	nan	nan	nan
18	u	0	1543434	0	nan	28759	1	1543434	0	0	0	nan	0	0	0	0	0	0	nan	0	0	0	nan	nan	nan	nan	nan	nan
19	a	0	1622838	0	nan	54633	1	1622838	0	0	0	nan	0	0	0	0	0	0	nan	0	0	0	nan	nan	nan	nan	nan	nan
20	A	0	1640603	17207	0.000000	61013	1	1640603	0	0	0	nan	0	0	0	0	0	0	nan	0	0	0	0.000000	0.000000	0.000000	0.000000	0.000000	0.000000
21	G	0	1648425	24431	0.000000	63520	1	1648425	0	0	0	nan	0	0	0	0	0	0	nan	0	0	0	0.000000	0.000000	0.000000	0.000000	nan	nan
22	G	0	1652219	27670	0.000000	64657	1	1652219	0	0	0	nan	0	0	0	0	0	0	nan	0	0	0	0.000000	0.000000	0.000000	0.000000	nan	nan
23	U	0	1661160	1636554	0.000000	67372	1	1661160	0	0	0	nan	0	0	0	0	0	0	nan	0	0	0	0.000000	0.000000	0.000000	0.000000	0.000000	0.000000
24	U	639	1663560	1633055	0.000391	67816	1	1663560	0	0	0	nan	0	0	0	0	0	0	nan	0	0	0	0.000391	0.000015	0.000391	0.000015	0.120549	0.004625
25	G	1821	1664840	1629662	0.001117	68040	1	1664840	0	0	0	nan	0	0	0	0	0	0	nan	0	0	0	0.001117	0.000026	0.001117	0.000026	nan	nan
26	A	862	1667715	1545964	0.000558	68914	1	1667700	0	0	0	nan	0	0	0	0	0	0	nan	0	0	0	0.000558	0.000019	0.000558	0.000019	0.266158	0.009063
27	C	26391	1670194	1538593	0.017153	69636	1	1670174	0	0	0	nan	0	0	0	0	0	0	nan	0	0	0	0.017153	0.000106	0.017153	0.000106	1.730616	0.010695
28	C	4134	1684580	1548332	0.002670	71886	1	1684557	0	0	0	nan	0	0	0	0	0	0	nan	0	0	0	0.002670	0.000042	0.002670	0.000042	0.269384	0.004238
29	U	1723	1690757	1632446	0.001055	73424	1	1690732	0	0	0	nan	0	0	0	0	0	0	nan	0	0	0	0.001055	0.000025	0.001055	0.000025	0.325266	0.007708
30	U	461	1694161	1639673	0.000281	73592	1	1694133	0	0	0	nan	0	0	0	0	0	0	nan	0	0	0	0.000281	0.000013	0.000281	0.000013	0.086635	0.004008
31	U	367	1755633	1706354	0.000215	75725	1	1755608	0	0	0	nan	0	0	0	0	0	0	nan	0	0	0	0.000215	0.000011	0.000215	0.000011	0.066286	0.003391
32	U	3589	1761487	1722640	0.002083	85955	1	1761459	0	0	0	nan	0	0	0	0	0	0	nan	0	0	0	0.002083	0.000035	0.002083	0.000035	0.642207	0.010791
33	G	202	1763860	1717939	0.000118	86336	1	1763832	0	0	0	nan	0	0	0	0	0	0	nan	0	0	0	0.000118	0.000008	0.000118	0.000008	nan	nan
34	A	2287	1767834	1725898	0.001325	87516	1	1767804	0	0	0	nan	0	0	0	0	0	0	nan	0	0	0	0.001325	0.000028	0.001325	0.000028	0.632006	0.013356
35	A	2666	1778551	1729651	0.001541	90718	1	1778517	0	0	0	nan	0	0	0	0	0	0	nan	0	0	0	0.001541	0.000030	0.001541	0.000030	0.735035	0.014310
36	U	493	1779496	1684182	0.000293	90740	1	1779457	0	0	0	nan	0	0	0	0	0	0	nan	0	0	0	0.000293	0.000013	0.000293	0.000013	0.090335	0.004008
37	A	13763	1805145	1713449	0.008032	99113	1	1805104	0	0	0	nan	0	0	0	0	0	0	nan	0	0	0	0.008032	0.000068	0.008032	0.000068	3.831147	0.032435
38	G	460	1808665	1721592	0.000267	99368	1	1808624	0	0	0	nan	0	0	0	0	0	0	nan	0	0	0	0.000267	0.000012	0.000267	0.000012	nan	nan
39	U	758	1812199	1733186	0.000437	100241	1	1812159	0	0	0	nan	0	0	0	0	0	0	nan	0	0	0	0.000437	0.000016	0.000437	0.000016	0.134731	0.004933
40	G	644	1815202	1728630	0.000373	100941	1	1815164	0	0	0	nan	0	0	0	0	0	0	nan	0	0	0	0.000373	0.000015	0.000373	0.000015	nan	nan
41	A	2842	1824387	1736419	0.001637	103954	1	1824342	0	0	0	nan	0	0	0	0	0	0	nan	0	0	0	0.001637	0.000031	0.001637	0.000031	0.780825	0.014787
42	U	465	1828787	1736606	0.000268	110289	1	1828743	0	0	0	nan	0	0	0	0	0	0	nan	0	0	0	0.000268	0.000012	0.000268	0.000012	0.082627	0.003700
43	U	448	1830488	1737876	0.000258	110529	2	1830448	0	0	0	nan	0	0	0	0	0	0	nan	0	0	0	0.000258	0.000012	0.000258	0.000012	0.079544	0.003700
44	C	3351	1831900	1742751	0.001923	110825	3	1831864	0	0	0	nan	0	0	0	0	0	0	nan	0	0	0	0.001923	0.000033	0.001923	0.000033	0.194017	0.003329
45	A	3502	1835517	1768079	0.001981	111030	4	1835488	0	0	0	nan	0	0	0	0	0	0	nan	0	0	0	0.001981	0.000033	0.001981	0.000033	0.944908	0.015741
46	G	749	1836884	1782190	0.000420	110986	4	1836860	0	0	0	nan	0	0	0	0	0	0	nan	0	0	0	0.000420	0.000015	0.000420	0.000015	nan	nan
47	G	388	1837394	1780475	0.000218	110998	4	1837372	0	0	0	nan	0	0	0	0	0	0	nan	0	0	0	0.000218	0.000011	0.000218	0.000011	nan	nan
48	A	742	1838543	1790888	0.000414	111443	4	1838524	0	0	0	nan	0	0	0	0	0	0	nan	0	0	0	0.000414	0.000015	0.000414	0.000015	0.197472	0.007155
49	G	213	1839327	1792768	0.000119	111432	4	1839310	0	0	0	nan	0	0	0	0	0	0	nan	0	0	0	0.000119	0.000008	0.000119	0.000008	nan	nan
50	G	149	1840162	1794336	0.000083	111659	4	1840147	0	0	0	nan	0	0	0	0	0	0	nan	0	0	0	0.000083	0.000007	0.000083	0.000007	nan	nan
51	U	399	1843021	1792652	0.000223	111982	4	1843008	0	0	0	nan	0	0	0	0	0	0	nan	0	0	0	0.000223	0.000011	0.000223	0.000011	0.068753	0.003391
52	U	7918	1843893	1797943	0.004404	111978	4	1843881	0	0	0	nan	0	0	0	0	0	0	nan	0	0	0	0.004404	0.000049	0.004404	0.000049	1.357793	0.015107
53	A	1432	1847012	1812531	0.000790	112642	4	1847006	0	0	0	nan	0	0	0	0	0	0	nan	0	0	0	0.000790	0.000021	0.000790	0.000021	0.376819	0.010017
54	A	3899	1847736	1826534	0.002135	112650	4	1847720	0	0	0	nan	0	0	0	0	0	0	nan	0	0	0	0.002135	0.000034	0.002135	0.000034	1.018364	0.016218
55	U	501	1848002	1832639	0.000273	112655	4	1847990	0	0	0	nan	0	0	0	0	0	0	nan	0	0	0	0.000273	0.000012	0.000273	0.000012	0.084168	0.003700
56	G	485	1848435	1836226	0.000264	112645	4	1848425	0	0	0	nan	0	0	0	0	0	0	nan	0	0	0	0.000264	0.000012	0.000264	0.000012	nan	nan
57	G	0	1848759	1837149	0.000000	112631	4	1848752	0	0	0	nan	0	0	0	0	0	0	nan	0	0	0	0.000000	0.000000	0.000000	0.000000	nan	nan
58	A	0	1849430	5	0.000000	112610	4	1849430	0	0	0	nan	0	0	0	0	0	0	nan	0	0	0	0.000000	0.000000	nan	nan	nan	nan
59	A	0	1849426	3	0.000000	112599	4	1849426	0	0	0	nan	0	0	0	0	0	0	nan	0	0	0	0.000000	0.000000	nan	nan	nan	nan
60	G	0	1849424	1	0.000000	112578	4	1849424	0	0	0	nan	0	0	0	0	0	0	nan	0	0	0	0.000000	0.000000	nan	nan	nan	nan
61	u	0	1849421	0	nan	112549	4	1849421	0	0	0	nan	0	0	0	0	0	0	nan	0	0	0	nan	nan	nan	nan	nan	nan
62	a	0	1849421	0	nan	112541	4	1849421	0	0	0	nan	0	0	0	0	0	0	nan	0	0	0	nan	nan	nan	nan	nan	nan
63	a	0	1849420	0	nan	112537	4	1849420	0	0	0	nan	0	0	0	0	0	0	nan	0	0	0	nan	nan	nan	nan	nan	nan
64	a	0	1849412	0	nan	112531	4	1849412	0	0	0	nan	0	0	0	0	0	0	nan	0	0	0	nan	nan	nan	nan	nan	nan
65	g	0	1849412	0	nan	112526	4	1849412	0	0	0	nan	0	0	0	0	0	0	nan	0	0	0	nan	nan	nan	nan	nan	nan
66	g	0	1849412	0	nan	112491	4	1849412	0	0	0	nan	0	0	0	0	0	0	nan	0	0	0	nan	nan	nan	nan	nan	nan
67	u	0	1849412	0	nan	112390	4	1849412	0	0	0	nan	0	0	0	0	0	0	nan	0	0	0	nan	nan	nan	nan	nan	nan
68	a	0	1849412	0	nan	112298	4	1849412	0	0	0	nan	0	0	0	0	0	0	nan	0	0	0	nan	nan	nan	nan	nan	nan
69	a	0	1849412	0	nan	112287	4	1849412	0	0	0	nan	0	0	0	0	0	0	nan	0	0	0	nan	nan	nan	nan	nan	nan
70	u	0	1849412	0	nan	112261	4	1849412	0	0	0	nan	0	0	0	0	0	0	nan	0	0	0	nan	nan	nan	nan	nan	nan
71	g	0	1849403	0	nan	112225	4	1849403	0	0	0	nan	0	0	0	0	0	0	nan	0	0	0	nan	nan	nan	nan	nan	nan
72	a	0	1849398	0	nan	112154	4	1849398	0	0	0	nan	0	0	0	0	0	0	nan	0	0	0	nan	nan	nan	nan	nan	nan
73	a	0	1849377	0	nan	112076	4	1849377	0	0	0	nan	0	0	0	0	0	0	nan	0	0	0	nan	nan	nan	nan	nan	nan
74	g	0	1849356	0	nan	111963	4	1849356	0	0	0	nan	0	0	0	0	0	0	nan	0	0	0	nan	nan	nan	nan	nan	nan
75	g	0	1849317	0	nan	111918	4	1849317	0	0	0	nan	0	0	0	0	0	0	nan	0	0	0	nan	nan	nan	nan	nan	nan
76	u	0	1849246	0	nan	111854	4	1849246	0	0	0	nan	0	0	0	0	0	0	nan	0	0	0	nan	nan	nan	nan	nan	nan
77	g	0	1849145	0	nan	111810	4	1849145	0	0	0	nan	0	0	0	0	0	0	nan	0	0	0	nan	nan	nan	nan	nan	nan
78	a	0	1849076	0	nan	111786	4	1849076	0	0	0	nan	0	0	0	0	0	0	nan	0	0	0	nan	nan	nan	nan	nan	nan
79	a	0	1848539	0	nan	111726	4	1848539	0	0	0	nan	0	0	0	0	0	0	nan	0	0	0	nan	nan	nan	nan	nan	nan
80	g	0	1792693	0	nan	111583	4	1792693	0	0	0	nan	0	0	0	0	0	0	nan	0	0	0	nan	nan	nan	nan	nan	nan