Nucleotide	Sequence	Modified_mutations	Modified_read_depth	Modified_effective_depth	Modified_rate	Modified_off_target_mapped_depth	Modified_low_mapq_mapped_depth	Modified_primer_pair_1_mapped_depth	Untreated_mutations	Untreated_read_depth	Untreated_effective_depth	Untreated_rate	Untreated_off_target_mapped_depth	Untreated_low_mapq_mapped_depth	Untreated_primer_pair_1_mapped_depth	Denatured_mutations	Denatured_read_depth	Denatured_effective_depth	Denatured_rate	Denatured_off_target_mapped_depth	Denatured_low_mapq_mapped_depth	Denatured_primer_pair_1_mapped_depth	Reactivity_profile	Std_err	HQ_profile	HQ_stderr	Norm_profile	Norm_stderr
1	g	0	4963599	0	nan	32	737	4963599	0	0	0	nan	0	0	0	0	0	0	nan	0	0	0	nan	nan	nan	nan	nan	nan
2	g	0	5004677	0	nan	32	750	5004677	0	0	0	nan	0	0	0	0	0	0	nan	0	0	0	nan	nan	nan	nan	nan	nan
3	u	0	5012870	0	nan	32	753	5012870	0	0	0	nan	0	0	0	0	0	0	nan	0	0	0	nan	nan	nan	nan	nan	nan
4	g	0	5017830	0	nan	32	774	5017830	0	0	0	nan	0	0	0	0	0	0	nan	0	0	0	nan	nan	nan	nan	nan	nan
5	u	0	5026959	0	nan	32	776	5026959	0	0	0	nan	0	0	0	0	0	0	nan	0	0	0	nan	nan	nan	nan	nan	nan
6	a	0	5030260	0	nan	32	840	5030260	0	0	0	nan	0	0	0	0	0	0	nan	0	0	0	nan	nan	nan	nan	nan	nan
7	a	0	5031119	0	nan	32	840	5031119	0	0	0	nan	0	0	0	0	0	0	nan	0	0	0	nan	nan	nan	nan	nan	nan
8	g	0	5031595	0	nan	32	840	5031595	0	0	0	nan	0	0	0	0	0	0	nan	0	0	0	nan	nan	nan	nan	nan	nan
9	g	0	5032099	0	nan	32	841	5032099	0	0	0	nan	0	0	0	0	0	0	nan	0	0	0	nan	nan	nan	nan	nan	nan
10	g	0	5033306	0	nan	32	857	5033306	0	0	0	nan	0	0	0	0	0	0	nan	0	0	0	nan	nan	nan	nan	nan	nan
11	u	0	5036031	0	nan	32	858	5036031	0	0	0	nan	0	0	0	0	0	0	nan	0	0	0	nan	nan	nan	nan	nan	nan
12	g	0	5046480	0	nan	102	900	5046480	0	0	0	nan	0	0	0	0	0	0	nan	0	0	0	nan	nan	nan	nan	nan	nan
13	a	0	5057486	0	nan	109	909	5057486	0	0	0	nan	0	0	0	0	0	0	nan	0	0	0	nan	nan	nan	nan	nan	nan
14	a	0	5063408	0	nan	133	909	5063408	0	0	0	nan	0	0	0	0	0	0	nan	0	0	0	nan	nan	nan	nan	nan	nan
15	g	0	5066122	0	nan	283	910	5066122	0	0	0	nan	0	0	0	0	0	0	nan	0	0	0	nan	nan	nan	nan	nan	nan
16	u	0	5069528	0	nan	286	911	5069528	0	0	0	nan	0	0	0	0	0	0	nan	0	0	0	nan	nan	nan	nan	nan	nan
17	g	0	5070821	0	nan	286	922	5070821	0	0	0	nan	0	0	0	0	0	0	nan	0	0	0	nan	nan	nan	nan	nan	nan
18	u	0	5071866	0	nan	286	927	5071866	0	0	0	nan	0	0	0	0	0	0	nan	0	0	0	nan	nan	nan	nan	nan	nan
19	a	0	5072800	0	nan	287	976	5072800	0	0	0	nan	0	0	0	0	0	0	nan	0	0	0	nan	nan	nan	nan	nan	nan
20	A	0	5073862	447	0.000000	287	976	5073862	0	0	0	nan	0	0	0	0	0	0	nan	0	0	0	0.000000	0.000000	nan	nan	nan	nan
21	G	0	5074507	501	0.000000	287	976	5074507	0	0	0	nan	0	0	0	0	0	0	nan	0	0	0	0.000000	0.000000	nan	nan	nan	nan
22	G	0	5074950	461	0.000000	287	976	5074950	0	0	0	nan	0	0	0	0	0	0	nan	0	0	0	0.000000	0.000000	nan	nan	nan	nan
23	U	0	5075912	4578296	0.000000	287	977	5075912	0	0	0	nan	0	0	0	0	0	0	nan	0	0	0	0.000000	0.000000	0.000000	0.000000	0.000000	0.000000
24	U	10728	5076641	4614223	0.002325	287	977	5076641	0	0	0	nan	0	0	0	0	0	0	nan	0	0	0	0.002325	0.000022	0.002325	0.000022	0.610717	0.005779
25	G	4397	5079692	4577517	0.000961	287	977	5079691	0	0	0	nan	0	0	0	0	0	0	nan	0	0	0	0.000961	0.000014	0.000961	0.000014	nan	nan
26	A	29187	5084773	4687852	0.006226	287	977	5084740	0	0	0	nan	0	0	0	0	0	0	nan	0	0	0	0.006226	0.000036	0.006226	0.000036	0.731438	0.004229
27	C	17861	5086843	4518901	0.003953	287	977	5086769	0	0	0	nan	0	0	0	0	0	0	nan	0	0	0	0.003953	0.000030	0.003953	0.000030	0.957027	0.007263
28	C	18412	5087841	4518112	0.004075	287	977	5087749	0	0	0	nan	0	0	0	0	0	0	nan	0	0	0	0.004075	0.000030	0.004075	0.000030	0.986563	0.007263
29	U	17755	5090439	4495810	0.003949	287	977	5090336	0	0	0	nan	0	0	0	0	0	0	nan	0	0	0	0.003949	0.000030	0.003949	0.000030	1.037300	0.007880
30	U	7754	5095283	4575146	0.001695	287	977	5095174	0	0	0	nan	0	0	0	0	0	0	nan	0	0	0	0.001695	0.000019	0.001695	0.000019	0.445232	0.004991
31	U	8809	5099918	4596048	0.001917	287	977	5099796	0	0	0	nan	0	0	0	0	0	0	nan	0	0	0	0.001917	0.000020	0.001917	0.000020	0.503546	0.005253
32	U	10017	5104469	4653259	0.002153	287	977	5104331	0	0	0	nan	0	0	0	0	0	0	nan	0	0	0	0.002153	0.000022	0.002153	0.000022	0.565537	0.005779
33	G	1716	5130157	4722675	0.000363	287	977	5130007	0	0	0	nan	0	0	0	0	0	0	nan	0	0	0	0.000363	0.000009	0.000363	0.000009	nan	nan
34	A	20497	5138427	4991257	0.004107	287	977	5138282	0	0	0	nan	0	0	0	0	0	0	nan	0	0	0	0.004107	0.000029	0.004107	0.000029	0.482495	0.003407
35	A	21137	5140344	4962216	0.004260	287	977	5140193	0	0	0	nan	0	0	0	0	0	0	nan	0	0	0	0.004260	0.000029	0.004260	0.000029	0.500470	0.003407
36	U	3775	5141003	4931891	0.000765	287	977	5140848	0	0	0	nan	0	0	0	0	0	0	nan	0	0	0	0.000765	0.000012	0.000765	0.000012	0.200946	0.003152
37	A	135923	5141435	4708038	0.028870	287	977	5141264	0	0	0	nan	0	0	0	0	0	0	nan	0	0	0	0.028870	0.000078	0.028870	0.000078	3.391682	0.009164
38	G	7444	5141738	4649258	0.001601	294	977	5141568	0	0	0	nan	0	0	0	0	0	0	nan	0	0	0	0.001601	0.000019	0.001601	0.000019	nan	nan
39	U	8570	5142187	4666573	0.001836	294	977	5142012	0	0	0	nan	0	0	0	0	0	0	nan	0	0	0	0.001836	0.000020	0.001836	0.000020	0.482270	0.005253
40	G	5729	5142647	4803523	0.001193	298	977	5142463	0	0	0	nan	0	0	0	0	0	0	nan	0	0	0	0.001193	0.000016	0.001193	0.000016	nan	nan
41	A	40760	5145219	4788635	0.008512	298	977	5145031	0	0	0	nan	0	0	0	0	0	0	nan	0	0	0	0.008512	0.000042	0.008512	0.000042	1.000000	0.004934
42	U	15203	5145910	4759026	0.003195	298	977	5145726	0	0	0	nan	0	0	0	0	0	0	nan	0	0	0	0.003195	0.000026	0.003195	0.000026	0.839243	0.006830
43	U	8046	5147432	4711247	0.001708	299	977	5147234	0	0	0	nan	0	0	0	0	0	0	nan	0	0	0	0.001708	0.000019	0.001708	0.000019	0.448647	0.004991
44	C	19728	5149839	4712606	0.004186	299	977	5149631	0	0	0	nan	0	0	0	0	0	0	nan	0	0	0	0.004186	0.000030	0.004186	0.000030	1.013437	0.007263
45	A	22570	5151629	4729494	0.004772	298	977	5151402	0	0	0	nan	0	0	0	0	0	0	nan	0	0	0	0.004772	0.000032	0.004772	0.000032	0.560620	0.003759
46	G	2845	5153357	4635214	0.000614	294	977	5153125	0	0	0	nan	0	0	0	0	0	0	nan	0	0	0	0.000614	0.000012	0.000614	0.000012	nan	nan
47	G	7377	5156720	4689351	0.001573	290	977	5156491	0	0	0	nan	0	0	0	0	0	0	nan	0	0	0	0.001573	0.000018	0.001573	0.000018	nan	nan
48	A	14188	5161881	4612508	0.003076	291	977	5161646	0	0	0	nan	0	0	0	0	0	0	nan	0	0	0	0.003076	0.000026	0.003076	0.000026	0.361372	0.003055
49	G	12472	5162955	4675884	0.002667	284	977	5162737	0	0	0	nan	0	0	0	0	0	0	nan	0	0	0	0.002667	0.000024	0.002667	0.000024	nan	nan
50	G	2376	5170620	4543070	0.000523	293	977	5170440	0	0	0	nan	0	0	0	0	0	0	nan	0	0	0	0.000523	0.000011	0.000523	0.000011	nan	nan
51	U	17641	5173007	4633305	0.003807	293	977	5172853	0	0	0	nan	0	0	0	0	0	0	nan	0	0	0	0.003807	0.000029	0.003807	0.000029	1.000000	0.007618
52	U	14321	5177519	4629891	0.003093	293	977	5177385	0	0	0	nan	0	0	0	0	0	0	nan	0	0	0	0.003093	0.000026	0.003093	0.000026	0.812451	0.006830
53	A	29978	5180884	4815737	0.006225	293	977	5180761	0	0	0	nan	0	0	0	0	0	0	nan	0	0	0	0.006225	0.000036	0.006225	0.000036	0.731320	0.004229
54	A	42346	5183036	4936284	0.008579	292	977	5182951	0	0	0	nan	0	0	0	0	0	0	nan	0	0	0	0.008579	0.000042	0.008579	0.000042	1.007871	0.004934
55	U	9101	5183844	4897083	0.001858	292	977	5183777	0	0	0	nan	0	0	0	0	0	0	nan	0	0	0	0.001858	0.000019	0.001858	0.000019	0.488048	0.004991
56	G	4243	5184536	4758724	0.000892	291	977	5184487	0	0	0	nan	0	0	0	0	0	0	nan	0	0	0	0.000892	0.000014	0.000892	0.000014	nan	nan
57	G	0	5185312	4784448	0.000000	291	977	5185283	0	0	0	nan	0	0	0	0	0	0	nan	0	0	0	0.000000	0.000000	0.000000	0.000000	nan	nan
58	A	0	5186765	31	0.000000	291	977	5186765	0	0	0	nan	0	0	0	0	0	0	nan	0	0	0	0.000000	0.000000	nan	nan	nan	nan
59	A	0	5186725	32	0.000000	290	977	5186725	0	0	0	nan	0	0	0	0	0	0	nan	0	0	0	0.000000	0.000000	nan	nan	nan	nan
60	G	0	5186693	20	0.000000	288	977	5186693	0	0	0	nan	0	0	0	0	0	0	nan	0	0	0	0.000000	0.000000	nan	nan	nan	nan
61	u	0	5186656	0	nan	287	977	5186656	0	0	0	nan	0	0	0	0	0	0	nan	0	0	0	nan	nan	nan	nan	nan	nan
62	a	0	5186551	0	nan	286	977	5186551	0	0	0	nan	0	0	0	0	0	0	nan	0	0	0	nan	nan	nan	nan	nan	nan
63	a	0	5186505	0	nan	281	975	5186505	0	0	0	nan	0	0	0	0	0	0	nan	0	0	0	nan	nan	nan	nan	nan	nan
64	a	0	5186480	0	nan	274	974	5186480	0	0	0	nan	0	0	0	0	0	0	nan	0	0	0	nan	nan	nan	nan	nan	nan
65	g	0	5186466	0	nan	262	862	5186466	0	0	0	nan	0	0	0	0	0	0	nan	0	0	0	nan	nan	nan	nan	nan	nan
66	g	0	5186451	0	nan	248	842	5186451	0	0	0	nan	0	0	0	0	0	0	nan	0	0	0	nan	nan	nan	nan	nan	nan
67	u	0	5186428	0	nan	246	842	5186428	0	0	0	nan	0	0	0	0	0	0	nan	0	0	0	nan	nan	nan	nan	nan	nan
68	a	0	5186407	0	nan	244	793	5186407	0	0	0	nan	0	0	0	0	0	0	nan	0	0	0	nan	nan	nan	nan	nan	nan
69	a	0	5186386	0	nan	243	791	5186386	0	0	0	nan	0	0	0	0	0	0	nan	0	0	0	nan	nan	nan	nan	nan	nan
70	u	0	5186356	0	nan	242	775	5186356	0	0	0	nan	0	0	0	0	0	0	nan	0	0	0	nan	nan	nan	nan	nan	nan
71	g	0	5186286	0	nan	240	774	5186286	0	0	0	nan	0	0	0	0	0	0	nan	0	0	0	nan	nan	nan	nan	nan	nan
72	a	0	5186233	0	nan	239	769	5186233	0	0	0	nan	0	0	0	0	0	0	nan	0	0	0	nan	nan	nan	nan	nan	nan
73	a	0	5186199	0	nan	239	766	5186199	0	0	0	nan	0	0	0	0	0	0	nan	0	0	0	nan	nan	nan	nan	nan	nan
74	g	0	5186176	0	nan	239	766	5186176	0	0	0	nan	0	0	0	0	0	0	nan	0	0	0	nan	nan	nan	nan	nan	nan
75	g	0	5186130	0	nan	237	765	5186130	0	0	0	nan	0	0	0	0	0	0	nan	0	0	0	nan	nan	nan	nan	nan	nan
76	u	0	5186046	0	nan	237	764	5186046	0	0	0	nan	0	0	0	0	0	0	nan	0	0	0	nan	nan	nan	nan	nan	nan
77	g	0	5185951	0	nan	237	762	5185951	0	0	0	nan	0	0	0	0	0	0	nan	0	0	0	nan	nan	nan	nan	nan	nan
78	a	0	5185867	0	nan	237	761	5185867	0	0	0	nan	0	0	0	0	0	0	nan	0	0	0	nan	nan	nan	nan	nan	nan
79	a	0	5181767	0	nan	236	755	5181767	0	0	0	nan	0	0	0	0	0	0	nan	0	0	0	nan	nan	nan	nan	nan	nan
80	g	0	5179514	0	nan	235	743	5179514	0	0	0	nan	0	0	0	0	0	0	nan	0	0	0	nan	nan	nan	nan	nan	nan