Nucleotide	Sequence	Modified_mutations	Modified_read_depth	Modified_effective_depth	Modified_rate	Modified_off_target_mapped_depth	Modified_low_mapq_mapped_depth	Modified_primer_pair_1_mapped_depth	Untreated_mutations	Untreated_read_depth	Untreated_effective_depth	Untreated_rate	Untreated_off_target_mapped_depth	Untreated_low_mapq_mapped_depth	Untreated_primer_pair_1_mapped_depth	Denatured_mutations	Denatured_read_depth	Denatured_effective_depth	Denatured_rate	Denatured_off_target_mapped_depth	Denatured_low_mapq_mapped_depth	Denatured_primer_pair_1_mapped_depth	Reactivity_profile	Std_err	HQ_profile	HQ_stderr	Norm_profile	Norm_stderr
1	g	0	640399	0	nan	3	36	640399	0	0	0	nan	0	0	0	0	0	0	nan	0	0	0	nan	nan	nan	nan	nan	nan
2	g	0	640826	0	nan	3	37	640826	0	0	0	nan	0	0	0	0	0	0	nan	0	0	0	nan	nan	nan	nan	nan	nan
3	u	0	640994	0	nan	3	37	640994	0	0	0	nan	0	0	0	0	0	0	nan	0	0	0	nan	nan	nan	nan	nan	nan
4	g	0	641057	0	nan	3	37	641057	0	0	0	nan	0	0	0	0	0	0	nan	0	0	0	nan	nan	nan	nan	nan	nan
5	u	0	641089	0	nan	3	37	641089	0	0	0	nan	0	0	0	0	0	0	nan	0	0	0	nan	nan	nan	nan	nan	nan
6	a	0	641091	0	nan	3	37	641091	0	0	0	nan	0	0	0	0	0	0	nan	0	0	0	nan	nan	nan	nan	nan	nan
7	a	0	641096	0	nan	3	37	641096	0	0	0	nan	0	0	0	0	0	0	nan	0	0	0	nan	nan	nan	nan	nan	nan
8	g	0	641098	0	nan	3	37	641098	0	0	0	nan	0	0	0	0	0	0	nan	0	0	0	nan	nan	nan	nan	nan	nan
9	g	0	641120	0	nan	3	37	641120	0	0	0	nan	0	0	0	0	0	0	nan	0	0	0	nan	nan	nan	nan	nan	nan
10	g	0	647717	0	nan	3	37	647717	0	0	0	nan	0	0	0	0	0	0	nan	0	0	0	nan	nan	nan	nan	nan	nan
11	u	0	647814	0	nan	3	37	647814	0	0	0	nan	0	0	0	0	0	0	nan	0	0	0	nan	nan	nan	nan	nan	nan
12	g	0	647852	0	nan	4	37	647852	0	0	0	nan	0	0	0	0	0	0	nan	0	0	0	nan	nan	nan	nan	nan	nan
13	a	0	647856	0	nan	4	37	647856	0	0	0	nan	0	0	0	0	0	0	nan	0	0	0	nan	nan	nan	nan	nan	nan
14	a	0	647856	0	nan	4	37	647856	0	0	0	nan	0	0	0	0	0	0	nan	0	0	0	nan	nan	nan	nan	nan	nan
15	g	0	647858	0	nan	88	37	647858	0	0	0	nan	0	0	0	0	0	0	nan	0	0	0	nan	nan	nan	nan	nan	nan
16	u	0	647862	0	nan	94	37	647862	0	0	0	nan	0	0	0	0	0	0	nan	0	0	0	nan	nan	nan	nan	nan	nan
17	g	0	647864	0	nan	94	37	647864	0	0	0	nan	0	0	0	0	0	0	nan	0	0	0	nan	nan	nan	nan	nan	nan
18	u	0	647865	0	nan	99	37	647865	0	0	0	nan	0	0	0	0	0	0	nan	0	0	0	nan	nan	nan	nan	nan	nan
19	a	0	647868	0	nan	99	37	647868	0	0	0	nan	0	0	0	0	0	0	nan	0	0	0	nan	nan	nan	nan	nan	nan
20	A	0	647878	7	0.000000	104	37	647878	0	0	0	nan	0	0	0	0	0	0	nan	0	0	0	0.000000	0.000000	nan	nan	nan	nan
21	G	0	647892	19	0.000000	117	37	647892	0	0	0	nan	0	0	0	0	0	0	nan	0	0	0	0.000000	0.000000	nan	nan	nan	nan
22	G	0	647899	22	0.000000	117	37	647899	0	0	0	nan	0	0	0	0	0	0	nan	0	0	0	0.000000	0.000000	nan	nan	nan	nan
23	U	0	647903	646776	0.000000	127	37	647903	0	0	0	nan	0	0	0	0	0	0	nan	0	0	0	0.000000	0.000000	0.000000	0.000000	nan	nan
24	U	338	647904	646697	0.000523	127	37	647904	0	0	0	nan	0	0	0	0	0	0	nan	0	0	0	0.000523	0.000028	0.000523	0.000028	nan	nan
25	G	281	647904	646528	0.000435	127	37	647904	0	0	0	nan	0	0	0	0	0	0	nan	0	0	0	0.000435	0.000026	0.000435	0.000026	nan	nan
26	A	205	647907	646659	0.000317	127	37	647905	0	0	0	nan	0	0	0	0	0	0	nan	0	0	0	0.000317	0.000022	0.000317	0.000022	nan	nan
27	A	1230	647907	646458	0.001903	127	37	647905	0	0	0	nan	0	0	0	0	0	0	nan	0	0	0	0.001903	0.000054	0.001903	0.000054	nan	nan
28	C	509	647915	646076	0.000788	127	37	647912	0	0	0	nan	0	0	0	0	0	0	nan	0	0	0	0.000788	0.000035	0.000788	0.000035	nan	nan
29	U	399	647921	645600	0.000618	127	37	647918	0	0	0	nan	0	0	0	0	0	0	nan	0	0	0	0.000618	0.000031	0.000618	0.000031	nan	nan
30	U	357	647925	645660	0.000553	126	37	647921	0	0	0	nan	0	0	0	0	0	0	nan	0	0	0	0.000553	0.000029	0.000553	0.000029	nan	nan
31	U	516	647962	645883	0.000799	126	37	647956	0	0	0	nan	0	0	0	0	0	0	nan	0	0	0	0.000799	0.000035	0.000799	0.000035	nan	nan
32	U	320	647978	646376	0.000495	126	37	647969	0	0	0	nan	0	0	0	0	0	0	nan	0	0	0	0.000495	0.000028	0.000495	0.000028	nan	nan
33	G	273	648054	646216	0.000422	126	38	648039	0	0	0	nan	0	0	0	0	0	0	nan	0	0	0	0.000422	0.000026	0.000422	0.000026	nan	nan
34	A	246	648091	646325	0.000381	126	38	648076	0	0	0	nan	0	0	0	0	0	0	nan	0	0	0	0.000381	0.000024	0.000381	0.000024	nan	nan
35	A	238	648095	645567	0.000369	126	38	648080	0	0	0	nan	0	0	0	0	0	0	nan	0	0	0	0.000369	0.000024	0.000369	0.000024	nan	nan
36	U	329	648093	645553	0.000510	126	38	648078	0	0	0	nan	0	0	0	0	0	0	nan	0	0	0	0.000510	0.000028	0.000510	0.000028	nan	nan
37	A	306	648101	645803	0.000474	126	38	648086	0	0	0	nan	0	0	0	0	0	0	nan	0	0	0	0.000474	0.000027	0.000474	0.000027	nan	nan
38	G	318	648108	645505	0.000493	130	38	648092	0	0	0	nan	0	0	0	0	0	0	nan	0	0	0	0.000493	0.000028	0.000493	0.000028	nan	nan
39	U	401	648109	645935	0.000621	130	38	648090	0	0	0	nan	0	0	0	0	0	0	nan	0	0	0	0.000621	0.000031	0.000621	0.000031	nan	nan
40	G	405	648110	645409	0.000628	131	38	648091	0	0	0	nan	0	0	0	0	0	0	nan	0	0	0	0.000628	0.000031	0.000628	0.000031	nan	nan
41	A	376	648111	645518	0.000582	131	38	648092	0	0	0	nan	0	0	0	0	0	0	nan	0	0	0	0.000582	0.000030	0.000582	0.000030	nan	nan
42	U	588	648118	645161	0.000911	167	38	648101	0	0	0	nan	0	0	0	0	0	0	nan	0	0	0	0.000911	0.000038	0.000911	0.000038	nan	nan
43	U	511	648122	645370	0.000792	168	38	648105	0	0	0	nan	0	0	0	0	0	0	nan	0	0	0	0.000792	0.000035	0.000792	0.000035	nan	nan
44	C	806	648143	645663	0.001248	168	38	648127	0	0	0	nan	0	0	0	0	0	0	nan	0	0	0	0.001248	0.000044	0.001248	0.000044	nan	nan
45	A	381	648171	646067	0.000590	170	38	648157	0	0	0	nan	0	0	0	0	0	0	nan	0	0	0	0.000590	0.000030	0.000590	0.000030	nan	nan
46	G	251	648200	645961	0.000389	170	38	648186	0	0	0	nan	0	0	0	0	0	0	nan	0	0	0	0.000389	0.000025	0.000389	0.000025	nan	nan
47	G	219	648219	645895	0.000339	170	38	648205	0	0	0	nan	0	0	0	0	0	0	nan	0	0	0	0.000339	0.000023	0.000339	0.000023	nan	nan
48	A	267	648229	645933	0.000413	170	38	648215	0	0	0	nan	0	0	0	0	0	0	nan	0	0	0	0.000413	0.000025	0.000413	0.000025	nan	nan
49	G	328	648247	645755	0.000508	171	38	648236	0	0	0	nan	0	0	0	0	0	0	nan	0	0	0	0.000508	0.000028	0.000508	0.000028	nan	nan
50	G	338	648255	632460	0.000534	171	38	648244	0	0	0	nan	0	0	0	0	0	0	nan	0	0	0	0.000534	0.000029	0.000534	0.000029	nan	nan
51	U	382	648260	632119	0.000604	171	38	648249	0	0	0	nan	0	0	0	0	0	0	nan	0	0	0	0.000604	0.000031	0.000604	0.000031	nan	nan
52	U	368	648263	631915	0.000582	322	38	648252	0	0	0	nan	0	0	0	0	0	0	nan	0	0	0	0.000582	0.000030	0.000582	0.000030	nan	nan
53	A	233	648266	645016	0.000361	320	38	648248	0	0	0	nan	0	0	0	0	0	0	nan	0	0	0	0.000361	0.000024	0.000361	0.000024	nan	nan
54	A	193	648027	643136	0.000300	269	38	647465	0	0	0	nan	0	0	0	0	0	0	nan	0	0	0	0.000300	0.000022	0.000300	0.000022	nan	nan
55	U	398	648030	642625	0.000619	269	38	647541	0	0	0	nan	0	0	0	0	0	0	nan	0	0	0	0.000619	0.000031	0.000619	0.000031	nan	nan
56	G	373	648042	642716	0.000580	269	38	647593	0	0	0	nan	0	0	0	0	0	0	nan	0	0	0	0.000580	0.000030	0.000580	0.000030	nan	nan
57	G	0	648141	642887	0.000000	269	38	648102	0	0	0	nan	0	0	0	0	0	0	nan	0	0	0	0.000000	0.000000	0.000000	0.000000	nan	nan
58	A	0	648167	0	nan	269	38	648167	0	0	0	nan	0	0	0	0	0	0	nan	0	0	0	nan	nan	nan	nan	nan	nan
59	A	0	648167	0	nan	269	38	648167	0	0	0	nan	0	0	0	0	0	0	nan	0	0	0	nan	nan	nan	nan	nan	nan
60	G	0	648167	0	nan	269	38	648167	0	0	0	nan	0	0	0	0	0	0	nan	0	0	0	nan	nan	nan	nan	nan	nan
61	u	0	648167	0	nan	269	38	648167	0	0	0	nan	0	0	0	0	0	0	nan	0	0	0	nan	nan	nan	nan	nan	nan
62	a	0	648167	0	nan	268	38	648167	0	0	0	nan	0	0	0	0	0	0	nan	0	0	0	nan	nan	nan	nan	nan	nan
63	a	0	648167	0	nan	268	38	648167	0	0	0	nan	0	0	0	0	0	0	nan	0	0	0	nan	nan	nan	nan	nan	nan
64	a	0	648167	0	nan	268	38	648167	0	0	0	nan	0	0	0	0	0	0	nan	0	0	0	nan	nan	nan	nan	nan	nan
65	g	0	648167	0	nan	268	38	648167	0	0	0	nan	0	0	0	0	0	0	nan	0	0	0	nan	nan	nan	nan	nan	nan
66	g	0	648167	0	nan	268	38	648167	0	0	0	nan	0	0	0	0	0	0	nan	0	0	0	nan	nan	nan	nan	nan	nan
67	u	0	648167	0	nan	268	38	648167	0	0	0	nan	0	0	0	0	0	0	nan	0	0	0	nan	nan	nan	nan	nan	nan
68	a	0	648167	0	nan	268	38	648167	0	0	0	nan	0	0	0	0	0	0	nan	0	0	0	nan	nan	nan	nan	nan	nan
69	a	0	648167	0	nan	268	38	648167	0	0	0	nan	0	0	0	0	0	0	nan	0	0	0	nan	nan	nan	nan	nan	nan
70	u	0	648167	0	nan	268	38	648167	0	0	0	nan	0	0	0	0	0	0	nan	0	0	0	nan	nan	nan	nan	nan	nan
71	g	0	648167	0	nan	268	38	648167	0	0	0	nan	0	0	0	0	0	0	nan	0	0	0	nan	nan	nan	nan	nan	nan
72	a	0	648167	0	nan	268	38	648167	0	0	0	nan	0	0	0	0	0	0	nan	0	0	0	nan	nan	nan	nan	nan	nan
73	a	0	648165	0	nan	268	38	648165	0	0	0	nan	0	0	0	0	0	0	nan	0	0	0	nan	nan	nan	nan	nan	nan
74	g	0	648164	0	nan	268	38	648164	0	0	0	nan	0	0	0	0	0	0	nan	0	0	0	nan	nan	nan	nan	nan	nan
75	g	0	648160	0	nan	268	38	648160	0	0	0	nan	0	0	0	0	0	0	nan	0	0	0	nan	nan	nan	nan	nan	nan
76	u	0	648142	0	nan	268	38	648142	0	0	0	nan	0	0	0	0	0	0	nan	0	0	0	nan	nan	nan	nan	nan	nan
77	g	0	648130	0	nan	268	38	648130	0	0	0	nan	0	0	0	0	0	0	nan	0	0	0	nan	nan	nan	nan	nan	nan
78	a	0	648121	0	nan	268	38	648121	0	0	0	nan	0	0	0	0	0	0	nan	0	0	0	nan	nan	nan	nan	nan	nan
79	a	0	647990	0	nan	268	38	647990	0	0	0	nan	0	0	0	0	0	0	nan	0	0	0	nan	nan	nan	nan	nan	nan
80	g	0	647763	0	nan	268	37	647763	0	0	0	nan	0	0	0	0	0	0	nan	0	0	0	nan	nan	nan	nan	nan	nan