Nucleotide	Sequence	Modified_mutations	Modified_read_depth	Modified_effective_depth	Modified_rate	Modified_off_target_mapped_depth	Modified_low_mapq_mapped_depth	Modified_primer_pair_1_mapped_depth	Untreated_mutations	Untreated_read_depth	Untreated_effective_depth	Untreated_rate	Untreated_off_target_mapped_depth	Untreated_low_mapq_mapped_depth	Untreated_primer_pair_1_mapped_depth	Denatured_mutations	Denatured_read_depth	Denatured_effective_depth	Denatured_rate	Denatured_off_target_mapped_depth	Denatured_low_mapq_mapped_depth	Denatured_primer_pair_1_mapped_depth	Reactivity_profile	Std_err	HQ_profile	HQ_stderr	Norm_profile	Norm_stderr
1	g	0	383858	0	nan	2	3	383858	0	0	0	nan	0	0	0	0	0	0	nan	0	0	0	nan	nan	nan	nan	nan	nan
2	g	0	384134	0	nan	2	3	384134	0	0	0	nan	0	0	0	0	0	0	nan	0	0	0	nan	nan	nan	nan	nan	nan
3	u	0	384351	0	nan	2	3	384351	0	0	0	nan	0	0	0	0	0	0	nan	0	0	0	nan	nan	nan	nan	nan	nan
4	g	0	384444	0	nan	2	3	384444	0	0	0	nan	0	0	0	0	0	0	nan	0	0	0	nan	nan	nan	nan	nan	nan
5	u	0	384490	0	nan	2	3	384490	0	0	0	nan	0	0	0	0	0	0	nan	0	0	0	nan	nan	nan	nan	nan	nan
6	a	0	384496	0	nan	2	3	384496	0	0	0	nan	0	0	0	0	0	0	nan	0	0	0	nan	nan	nan	nan	nan	nan
7	a	0	384504	0	nan	2	3	384504	0	0	0	nan	0	0	0	0	0	0	nan	0	0	0	nan	nan	nan	nan	nan	nan
8	g	0	384511	0	nan	2	3	384511	0	0	0	nan	0	0	0	0	0	0	nan	0	0	0	nan	nan	nan	nan	nan	nan
9	g	0	384512	0	nan	2	3	384512	0	0	0	nan	0	0	0	0	0	0	nan	0	0	0	nan	nan	nan	nan	nan	nan
10	g	0	384515	0	nan	2	3	384515	0	0	0	nan	0	0	0	0	0	0	nan	0	0	0	nan	nan	nan	nan	nan	nan
11	u	0	384518	0	nan	2	3	384518	0	0	0	nan	0	0	0	0	0	0	nan	0	0	0	nan	nan	nan	nan	nan	nan
12	g	0	384518	0	nan	2	3	384518	0	0	0	nan	0	0	0	0	0	0	nan	0	0	0	nan	nan	nan	nan	nan	nan
13	a	0	384519	0	nan	2	3	384519	0	0	0	nan	0	0	0	0	0	0	nan	0	0	0	nan	nan	nan	nan	nan	nan
14	a	0	384519	0	nan	2	3	384519	0	0	0	nan	0	0	0	0	0	0	nan	0	0	0	nan	nan	nan	nan	nan	nan
15	g	0	384521	0	nan	65	3	384521	0	0	0	nan	0	0	0	0	0	0	nan	0	0	0	nan	nan	nan	nan	nan	nan
16	u	0	384521	0	nan	65	3	384521	0	0	0	nan	0	0	0	0	0	0	nan	0	0	0	nan	nan	nan	nan	nan	nan
17	g	0	384522	0	nan	65	3	384522	0	0	0	nan	0	0	0	0	0	0	nan	0	0	0	nan	nan	nan	nan	nan	nan
18	u	0	384522	0	nan	65	3	384522	0	0	0	nan	0	0	0	0	0	0	nan	0	0	0	nan	nan	nan	nan	nan	nan
19	a	0	384523	0	nan	65	3	384523	0	0	0	nan	0	0	0	0	0	0	nan	0	0	0	nan	nan	nan	nan	nan	nan
20	A	0	384524	1	0.000000	65	3	384524	0	0	0	nan	0	0	0	0	0	0	nan	0	0	0	0.000000	0.000000	nan	nan	nan	nan
21	G	0	384525	2	0.000000	65	3	384525	0	0	0	nan	0	0	0	0	0	0	nan	0	0	0	0.000000	0.000000	nan	nan	nan	nan
22	G	0	384526	2	0.000000	66	3	384526	0	0	0	nan	0	0	0	0	0	0	nan	0	0	0	0.000000	0.000000	nan	nan	nan	nan
23	U	0	384527	383957	0.000000	66	3	384527	0	0	0	nan	0	0	0	0	0	0	nan	0	0	0	0.000000	0.000000	0.000000	0.000000	0.000000	0.000000
24	U	498	384528	383925	0.001297	66	3	384528	0	0	0	nan	0	0	0	0	0	0	nan	0	0	0	0.001297	0.000058	0.001297	0.000058	0.491660	0.021986
25	G	188	384528	383082	0.000491	66	3	384528	0	0	0	nan	0	0	0	0	0	0	nan	0	0	0	0.000491	0.000036	0.000491	0.000036	nan	nan
26	A	5764	384528	383486	0.015031	66	3	384528	0	0	0	nan	0	0	0	0	0	0	nan	0	0	0	0.015031	0.000198	0.015031	0.000198	0.905237	0.011924
27	A	6005	384528	383243	0.015669	66	3	384528	0	0	0	nan	0	0	0	0	0	0	nan	0	0	0	0.015669	0.000202	0.015669	0.000202	0.943660	0.012165
28	C	6076	384528	382662	0.015878	67	3	384528	0	0	0	nan	0	0	0	0	0	0	nan	0	0	0	0.015878	0.000204	0.015878	0.000204	0.792029	0.010176
29	U	434	384529	383201	0.001133	68	3	384529	0	0	0	nan	0	0	0	0	0	0	nan	0	0	0	0.001133	0.000054	0.001133	0.000054	0.429492	0.020470
30	U	557	384529	383494	0.001452	68	3	384529	0	0	0	nan	0	0	0	0	0	0	nan	0	0	0	0.001452	0.000062	0.001452	0.000062	0.550417	0.023503
31	U	674	384530	383457	0.001758	68	3	384530	0	0	0	nan	0	0	0	0	0	0	nan	0	0	0	0.001758	0.000068	0.001758	0.000068	0.666414	0.025777
32	U	740	384532	383531	0.001929	68	3	384532	0	0	0	nan	0	0	0	0	0	0	nan	0	0	0	0.001929	0.000071	0.001929	0.000071	0.731236	0.026914
33	G	177	384538	382593	0.000463	68	3	384538	0	0	0	nan	0	0	0	0	0	0	nan	0	0	0	0.000463	0.000035	0.000463	0.000035	nan	nan
34	A	6381	384539	383142	0.016654	68	3	384538	0	0	0	nan	0	0	0	0	0	0	nan	0	0	0	0.016654	0.000208	0.016654	0.000208	1.002981	0.012527
35	A	5484	384538	382894	0.014323	68	3	384537	0	0	0	nan	0	0	0	0	0	0	nan	0	0	0	0.014323	0.000193	0.014323	0.000193	0.862597	0.011623
36	U	777	384537	382852	0.002030	68	3	384536	0	0	0	nan	0	0	0	0	0	0	nan	0	0	0	0.002030	0.000073	0.002030	0.000073	0.769522	0.027672
37	A	6303	384536	383019	0.016456	68	3	384535	0	0	0	nan	0	0	0	0	0	0	nan	0	0	0	0.016456	0.000207	0.016456	0.000207	0.991057	0.012467
38	G	272	384536	381829	0.000712	69	3	384535	0	0	0	nan	0	0	0	0	0	0	nan	0	0	0	0.000712	0.000043	0.000712	0.000043	nan	nan
39	U	1011	384537	383257	0.002638	69	3	384536	0	0	0	nan	0	0	0	0	0	0	nan	0	0	0	0.002638	0.000083	0.002638	0.000083	1.000000	0.031463
40	G	529	384537	382450	0.001383	69	3	384536	0	0	0	nan	0	0	0	0	0	0	nan	0	0	0	0.001383	0.000060	0.001383	0.000060	nan	nan
41	A	7269	384537	382958	0.018981	69	3	384536	0	0	0	nan	0	0	0	0	0	0	nan	0	0	0	0.018981	0.000223	0.018981	0.000223	1.143124	0.013430
42	U	584	384537	382799	0.001526	69	3	384536	0	0	0	nan	0	0	0	0	0	0	nan	0	0	0	0.001526	0.000063	0.001526	0.000063	0.578469	0.023882
43	U	837	384537	382935	0.002186	69	3	384536	0	0	0	nan	0	0	0	0	0	0	nan	0	0	0	0.002186	0.000076	0.002186	0.000076	0.828658	0.028810
44	C	8200	384538	382511	0.021437	69	3	384537	0	0	0	nan	0	0	0	0	0	0	nan	0	0	0	0.021437	0.000237	0.021437	0.000237	1.069324	0.011822
45	A	6537	384538	382623	0.017085	69	3	384536	0	0	0	nan	0	0	0	0	0	0	nan	0	0	0	0.017085	0.000211	0.017085	0.000211	1.028938	0.012707
46	G	457	384538	382184	0.001196	69	3	384536	0	0	0	nan	0	0	0	0	0	0	nan	0	0	0	0.001196	0.000056	0.001196	0.000056	nan	nan
47	G	356	384537	382193	0.000931	69	3	384535	0	0	0	nan	0	0	0	0	0	0	nan	0	0	0	0.000931	0.000049	0.000931	0.000049	nan	nan
48	A	5793	384537	382786	0.015134	69	3	384534	0	0	0	nan	0	0	0	0	0	0	nan	0	0	0	0.015134	0.000199	0.015134	0.000199	0.911440	0.011985
49	G	359	384541	382438	0.000939	69	3	384541	0	0	0	nan	0	0	0	0	0	0	nan	0	0	0	0.000939	0.000050	0.000939	0.000050	nan	nan
50	G	355	384541	382403	0.000928	69	3	384541	0	0	0	nan	0	0	0	0	0	0	nan	0	0	0	0.000928	0.000049	0.000928	0.000049	nan	nan
51	U	482	384542	382490	0.001260	69	3	384541	0	0	0	nan	0	0	0	0	0	0	nan	0	0	0	0.001260	0.000057	0.001260	0.000057	0.477635	0.021607
52	U	346	384542	382730	0.000904	69	3	384541	0	0	0	nan	0	0	0	0	0	0	nan	0	0	0	0.000904	0.000049	0.000904	0.000049	0.342684	0.018575
53	A	5728	384542	382389	0.014980	69	3	384541	0	0	0	nan	0	0	0	0	0	0	nan	0	0	0	0.014980	0.000198	0.014980	0.000198	0.902165	0.011924
54	A	5027	384542	340044	0.014783	69	3	384541	0	0	0	nan	0	0	0	0	0	0	nan	0	0	0	0.014783	0.000209	0.014783	0.000209	0.890301	0.012587
55	U	950	384542	340103	0.002793	69	3	384541	0	0	0	nan	0	0	0	0	0	0	nan	0	0	0	0.002793	0.000091	0.002793	0.000091	1.058757	0.034496
56	G	548	384542	339861	0.001612	69	3	384541	0	0	0	nan	0	0	0	0	0	0	nan	0	0	0	0.001612	0.000069	0.001612	0.000069	nan	nan
57	G	0	384545	383148	0.000000	69	3	384545	0	0	0	nan	0	0	0	0	0	0	nan	0	0	0	0.000000	0.000000	0.000000	0.000000	nan	nan
58	A	0	384546	0	nan	69	3	384546	0	0	0	nan	0	0	0	0	0	0	nan	0	0	0	nan	nan	nan	nan	nan	nan
59	A	0	384546	0	nan	69	3	384546	0	0	0	nan	0	0	0	0	0	0	nan	0	0	0	nan	nan	nan	nan	nan	nan
60	G	0	384546	0	nan	68	3	384546	0	0	0	nan	0	0	0	0	0	0	nan	0	0	0	nan	nan	nan	nan	nan	nan
61	u	0	384546	0	nan	67	3	384546	0	0	0	nan	0	0	0	0	0	0	nan	0	0	0	nan	nan	nan	nan	nan	nan
62	a	0	384546	0	nan	66	3	384546	0	0	0	nan	0	0	0	0	0	0	nan	0	0	0	nan	nan	nan	nan	nan	nan
63	a	0	384546	0	nan	66	3	384546	0	0	0	nan	0	0	0	0	0	0	nan	0	0	0	nan	nan	nan	nan	nan	nan
64	a	0	384546	0	nan	66	3	384546	0	0	0	nan	0	0	0	0	0	0	nan	0	0	0	nan	nan	nan	nan	nan	nan
65	g	0	384546	0	nan	65	3	384546	0	0	0	nan	0	0	0	0	0	0	nan	0	0	0	nan	nan	nan	nan	nan	nan
66	g	0	384546	0	nan	65	3	384546	0	0	0	nan	0	0	0	0	0	0	nan	0	0	0	nan	nan	nan	nan	nan	nan
67	u	0	384545	0	nan	65	3	384545	0	0	0	nan	0	0	0	0	0	0	nan	0	0	0	nan	nan	nan	nan	nan	nan
68	a	0	384545	0	nan	65	3	384545	0	0	0	nan	0	0	0	0	0	0	nan	0	0	0	nan	nan	nan	nan	nan	nan
69	a	0	384545	0	nan	65	3	384545	0	0	0	nan	0	0	0	0	0	0	nan	0	0	0	nan	nan	nan	nan	nan	nan
70	u	0	384545	0	nan	65	3	384545	0	0	0	nan	0	0	0	0	0	0	nan	0	0	0	nan	nan	nan	nan	nan	nan
71	g	0	384544	0	nan	65	3	384544	0	0	0	nan	0	0	0	0	0	0	nan	0	0	0	nan	nan	nan	nan	nan	nan
72	a	0	384544	0	nan	65	3	384544	0	0	0	nan	0	0	0	0	0	0	nan	0	0	0	nan	nan	nan	nan	nan	nan
73	a	0	384543	0	nan	65	3	384543	0	0	0	nan	0	0	0	0	0	0	nan	0	0	0	nan	nan	nan	nan	nan	nan
74	g	0	384543	0	nan	64	2	384543	0	0	0	nan	0	0	0	0	0	0	nan	0	0	0	nan	nan	nan	nan	nan	nan
75	g	0	384540	0	nan	64	2	384540	0	0	0	nan	0	0	0	0	0	0	nan	0	0	0	nan	nan	nan	nan	nan	nan
76	u	0	384474	0	nan	64	2	384474	0	0	0	nan	0	0	0	0	0	0	nan	0	0	0	nan	nan	nan	nan	nan	nan
77	g	0	384458	0	nan	64	2	384458	0	0	0	nan	0	0	0	0	0	0	nan	0	0	0	nan	nan	nan	nan	nan	nan
78	a	0	384453	0	nan	64	2	384453	0	0	0	nan	0	0	0	0	0	0	nan	0	0	0	nan	nan	nan	nan	nan	nan
79	a	0	384107	0	nan	63	2	384107	0	0	0	nan	0	0	0	0	0	0	nan	0	0	0	nan	nan	nan	nan	nan	nan
80	g	0	383848	0	nan	63	1	383848	0	0	0	nan	0	0	0	0	0	0	nan	0	0	0	nan	nan	nan	nan	nan	nan