Nucleotide	Sequence	Modified_mutations	Modified_read_depth	Modified_effective_depth	Modified_rate	Modified_off_target_mapped_depth	Modified_low_mapq_mapped_depth	Modified_primer_pair_1_mapped_depth	Untreated_mutations	Untreated_read_depth	Untreated_effective_depth	Untreated_rate	Untreated_off_target_mapped_depth	Untreated_low_mapq_mapped_depth	Untreated_primer_pair_1_mapped_depth	Denatured_mutations	Denatured_read_depth	Denatured_effective_depth	Denatured_rate	Denatured_off_target_mapped_depth	Denatured_low_mapq_mapped_depth	Denatured_primer_pair_1_mapped_depth	Reactivity_profile	Std_err	HQ_profile	HQ_stderr	Norm_profile	Norm_stderr
1	g	0	250249	0	nan	28	0	250249	0	0	0	nan	0	0	0	0	0	0	nan	0	0	0	nan	nan	nan	nan	nan	nan
2	g	0	250748	0	nan	28	0	250748	0	0	0	nan	0	0	0	0	0	0	nan	0	0	0	nan	nan	nan	nan	nan	nan
3	c	0	250907	0	nan	28	0	250907	0	0	0	nan	0	0	0	0	0	0	nan	0	0	0	nan	nan	nan	nan	nan	nan
4	a	0	255636	0	nan	50	0	255636	0	0	0	nan	0	0	0	0	0	0	nan	0	0	0	nan	nan	nan	nan	nan	nan
5	c	0	255750	0	nan	50	0	255750	0	0	0	nan	0	0	0	0	0	0	nan	0	0	0	nan	nan	nan	nan	nan	nan
6	c	0	255783	0	nan	50	0	255783	0	0	0	nan	0	0	0	0	0	0	nan	0	0	0	nan	nan	nan	nan	nan	nan
7	u	0	255783	0	nan	50	0	255783	0	0	0	nan	0	0	0	0	0	0	nan	0	0	0	nan	nan	nan	nan	nan	nan
8	c	0	255784	0	nan	50	0	255784	0	0	0	nan	0	0	0	0	0	0	nan	0	0	0	nan	nan	nan	nan	nan	nan
9	a	0	255785	0	nan	50	0	255785	0	0	0	nan	0	0	0	0	0	0	nan	0	0	0	nan	nan	nan	nan	nan	nan
10	u	0	255845	0	nan	50	0	255845	0	0	0	nan	0	0	0	0	0	0	nan	0	0	0	nan	nan	nan	nan	nan	nan
11	a	0	255886	0	nan	50	0	255886	0	0	0	nan	0	0	0	0	0	0	nan	0	0	0	nan	nan	nan	nan	nan	nan
12	a	0	255897	0	nan	50	0	255897	0	0	0	nan	0	0	0	0	0	0	nan	0	0	0	nan	nan	nan	nan	nan	nan
13	c	0	255905	0	nan	50	0	255905	0	0	0	nan	0	0	0	0	0	0	nan	0	0	0	nan	nan	nan	nan	nan	nan
14	a	0	255906	0	nan	50	0	255906	0	0	0	nan	0	0	0	0	0	0	nan	0	0	0	nan	nan	nan	nan	nan	nan
15	u	0	255908	0	nan	50	0	255908	0	0	0	nan	0	0	0	0	0	0	nan	0	0	0	nan	nan	nan	nan	nan	nan
16	a	0	255914	0	nan	50	0	255914	0	0	0	nan	0	0	0	0	0	0	nan	0	0	0	nan	nan	nan	nan	nan	nan
17	a	0	255918	0	nan	50	0	255918	0	0	0	nan	0	0	0	0	0	0	nan	0	0	0	nan	nan	nan	nan	nan	nan
18	c	0	255924	0	nan	50	0	255924	0	0	0	nan	0	0	0	0	0	0	nan	0	0	0	nan	nan	nan	nan	nan	nan
19	U	0	255929	2	0.000000	50	0	255929	0	0	0	nan	0	0	0	0	0	0	nan	0	0	0	0.000000	0.000000	nan	nan	nan	nan
20	A	0	255950	19	0.000000	50	0	255950	0	0	0	nan	0	0	0	0	0	0	nan	0	0	0	0.000000	0.000000	nan	nan	nan	nan
21	A	0	255960	29	0.000000	50	0	255960	0	0	0	nan	0	0	0	0	0	0	nan	0	0	0	0.000000	0.000000	nan	nan	nan	nan
22	G	0	255963	253487	0.000000	50	0	255963	0	0	0	nan	0	0	0	0	0	0	nan	0	0	0	0.000000	0.000000	0.000000	0.000000	0.000000	0.000000
23	G	1198	255969	252154	0.004751	50	0	255969	0	0	0	nan	0	0	0	0	0	0	nan	0	0	0	0.004751	0.000137	0.004751	0.000137	1.813359	0.052290
24	C	5519	255974	253045	0.021810	50	0	255974	0	0	0	nan	0	0	0	0	0	0	nan	0	0	0	0.021810	0.000294	0.021810	0.000294	0.925005	0.012469
25	A	3462	255991	253727	0.013645	50	0	255991	0	0	0	nan	0	0	0	0	0	0	nan	0	0	0	0.013645	0.000232	0.013645	0.000232	1.000000	0.017003
26	G	577	256003	253809	0.002273	50	0	256003	0	0	0	nan	0	0	0	0	0	0	nan	0	0	0	0.002273	0.000095	0.002273	0.000095	0.867557	0.036260
27	A	3034	256015	254349	0.011928	50	0	256014	0	0	0	nan	0	0	0	0	0	0	nan	0	0	0	0.011928	0.000217	0.011928	0.000217	0.874166	0.015903
28	U	707	256024	253765	0.002786	50	0	256023	0	0	0	nan	0	0	0	0	0	0	nan	0	0	0	0.002786	0.000105	0.002786	0.000105	0.941375	0.035479
29	C	4351	256027	254227	0.017115	50	0	256025	0	0	0	nan	0	0	0	0	0	0	nan	0	0	0	0.017115	0.000259	0.017115	0.000259	0.725881	0.010985
30	U	640	256031	254103	0.002519	50	0	256029	0	0	0	nan	0	0	0	0	0	0	nan	0	0	0	0.002519	0.000100	0.002519	0.000100	0.851157	0.033789
31	G	589	256033	254055	0.002318	50	0	256031	0	0	0	nan	0	0	0	0	0	0	nan	0	0	0	0.002318	0.000096	0.002318	0.000096	0.884733	0.036641
32	A	3211	256034	254326	0.012626	50	0	256030	0	0	0	nan	0	0	0	0	0	0	nan	0	0	0	0.012626	0.000223	0.012626	0.000223	0.925321	0.016343
33	G	471	256037	253179	0.001860	50	0	256033	0	0	0	nan	0	0	0	0	0	0	nan	0	0	0	0.001860	0.000086	0.001860	0.000086	0.709924	0.032824
34	C	4644	256042	253134	0.018346	50	0	256033	0	0	0	nan	0	0	0	0	0	0	nan	0	0	0	0.018346	0.000269	0.018346	0.000269	0.778090	0.011409
35	U	774	256044	252606	0.003064	50	0	256031	0	0	0	nan	0	0	0	0	0	0	nan	0	0	0	0.003064	0.000110	0.003064	0.000110	1.035310	0.037168
36	U	628	256047	252285	0.002489	50	0	256018	0	0	0	nan	0	0	0	0	0	0	nan	0	0	0	0.002489	0.000099	0.002489	0.000099	0.841020	0.033452
37	G	538	256047	252196	0.002133	50	0	255990	0	0	0	nan	0	0	0	0	0	0	nan	0	0	0	0.002133	0.000092	0.002133	0.000092	0.814122	0.035115
38	G	483	256049	246039	0.001963	50	0	255994	0	0	0	nan	0	0	0	0	0	0	nan	0	0	0	0.001963	0.000089	0.001963	0.000089	0.749237	0.033969
39	G	593	256054	245405	0.002416	50	0	256001	0	0	0	nan	0	0	0	0	0	0	nan	0	0	0	0.002416	0.000099	0.002416	0.000099	0.922137	0.037786
40	A	3897	256058	246765	0.015792	50	0	256023	0	0	0	nan	0	0	0	0	0	0	nan	0	0	0	0.015792	0.000253	0.015792	0.000253	1.157347	0.018542
41	G	661	256069	252270	0.002620	50	0	256054	0	0	0	nan	0	0	0	0	0	0	nan	0	0	0	0.002620	0.000102	0.002620	0.000102	1.000000	0.038931
42	C	5048	256076	253373	0.019923	33	0	256068	0	0	0	nan	0	0	0	0	0	0	nan	0	0	0	0.019923	0.000280	0.019923	0.000280	0.844974	0.011875
43	U	617	256078	253362	0.002435	33	0	256073	0	0	0	nan	0	0	0	0	0	0	nan	0	0	0	0.002435	0.000098	0.002435	0.000098	0.822774	0.033114
44	C	4372	256079	253508	0.017246	32	0	256073	0	0	0	nan	0	0	0	0	0	0	nan	0	0	0	0.017246	0.000261	0.017246	0.000261	0.731437	0.011070
45	U	724	256078	253577	0.002855	32	0	256072	0	0	0	nan	0	0	0	0	0	0	nan	0	0	0	0.002855	0.000106	0.002855	0.000106	0.964690	0.035817
46	C	4829	256077	253617	0.019041	32	0	256072	0	0	0	nan	0	0	0	0	0	0	nan	0	0	0	0.019041	0.000274	0.019041	0.000274	0.807566	0.011621
47	U	1030	256078	253464	0.004064	32	0	256075	0	0	0	nan	0	0	0	0	0	0	nan	0	0	0	0.004064	0.000127	0.004064	0.000127	1.373205	0.042913
48	G	1383	256075	252292	0.005482	32	0	256072	0	0	0	nan	0	0	0	0	0	0	nan	0	0	0	0.005482	0.000147	0.005482	0.000147	2.092366	0.056107
49	C	7897	256077	253096	0.031202	32	0	256074	0	0	0	nan	0	0	0	0	0	0	nan	0	0	0	0.031202	0.000351	0.031202	0.000351	1.323338	0.014887
50	C	7330	256081	253779	0.028883	32	0	256078	0	0	0	nan	0	0	0	0	0	0	nan	0	0	0	0.028883	0.000337	0.028883	0.000337	1.224985	0.014293
51	A	2540	256085	254303	0.009988	32	0	256085	0	0	0	nan	0	0	0	0	0	0	nan	0	0	0	0.009988	0.000198	0.009988	0.000198	0.731990	0.014511
52	A	0	256091	253477	0.000000	32	0	256091	0	0	0	nan	0	0	0	0	0	0	nan	0	0	0	0.000000	0.000000	0.000000	0.000000	0.000000	0.000000
53	U	0	256084	216	0.000000	29	0	256084	0	0	0	nan	0	0	0	0	0	0	nan	0	0	0	0.000000	0.000000	nan	nan	nan	nan
54	C	0	255831	0	nan	28	0	255831	0	0	0	nan	0	0	0	0	0	0	nan	0	0	0	nan	nan	nan	nan	nan	nan
55	C	0	255830	0	nan	28	0	255830	0	0	0	nan	0	0	0	0	0	0	nan	0	0	0	nan	nan	nan	nan	nan	nan
56	a	0	255830	0	nan	28	0	255830	0	0	0	nan	0	0	0	0	0	0	nan	0	0	0	nan	nan	nan	nan	nan	nan
57	c	0	255830	0	nan	28	0	255830	0	0	0	nan	0	0	0	0	0	0	nan	0	0	0	nan	nan	nan	nan	nan	nan
58	u	0	255830	0	nan	28	0	255830	0	0	0	nan	0	0	0	0	0	0	nan	0	0	0	nan	nan	nan	nan	nan	nan
59	a	0	255830	0	nan	28	0	255830	0	0	0	nan	0	0	0	0	0	0	nan	0	0	0	nan	nan	nan	nan	nan	nan
60	a	0	255830	0	nan	28	0	255830	0	0	0	nan	0	0	0	0	0	0	nan	0	0	0	nan	nan	nan	nan	nan	nan
61	c	0	255830	0	nan	11	0	255830	0	0	0	nan	0	0	0	0	0	0	nan	0	0	0	nan	nan	nan	nan	nan	nan
62	c	0	255830	0	nan	10	0	255830	0	0	0	nan	0	0	0	0	0	0	nan	0	0	0	nan	nan	nan	nan	nan	nan
63	u	0	255830	0	nan	0	0	255830	0	0	0	nan	0	0	0	0	0	0	nan	0	0	0	nan	nan	nan	nan	nan	nan
64	c	0	255830	0	nan	0	0	255830	0	0	0	nan	0	0	0	0	0	0	nan	0	0	0	nan	nan	nan	nan	nan	nan
65	a	0	255830	0	nan	0	0	255830	0	0	0	nan	0	0	0	0	0	0	nan	0	0	0	nan	nan	nan	nan	nan	nan
66	c	0	255827	0	nan	0	0	255827	0	0	0	nan	0	0	0	0	0	0	nan	0	0	0	nan	nan	nan	nan	nan	nan
67	u	0	255827	0	nan	0	0	255827	0	0	0	nan	0	0	0	0	0	0	nan	0	0	0	nan	nan	nan	nan	nan	nan
68	c	0	255827	0	nan	0	0	255827	0	0	0	nan	0	0	0	0	0	0	nan	0	0	0	nan	nan	nan	nan	nan	nan
69	a	0	255827	0	nan	0	0	255827	0	0	0	nan	0	0	0	0	0	0	nan	0	0	0	nan	nan	nan	nan	nan	nan
70	c	0	255820	0	nan	0	0	255820	0	0	0	nan	0	0	0	0	0	0	nan	0	0	0	nan	nan	nan	nan	nan	nan
71	a	0	255814	0	nan	0	0	255814	0	0	0	nan	0	0	0	0	0	0	nan	0	0	0	nan	nan	nan	nan	nan	nan
72	a	0	255738	0	nan	0	0	255738	0	0	0	nan	0	0	0	0	0	0	nan	0	0	0	nan	nan	nan	nan	nan	nan
73	u	0	255627	0	nan	0	0	255627	0	0	0	nan	0	0	0	0	0	0	nan	0	0	0	nan	nan	nan	nan	nan	nan
74	c	0	255283	0	nan	0	0	255283	0	0	0	nan	0	0	0	0	0	0	nan	0	0	0	nan	nan	nan	nan	nan	nan