Nucleotide	Sequence	Modified_mutations	Modified_read_depth	Modified_effective_depth	Modified_rate	Modified_off_target_mapped_depth	Modified_low_mapq_mapped_depth	Modified_primer_pair_1_mapped_depth	Untreated_mutations	Untreated_read_depth	Untreated_effective_depth	Untreated_rate	Untreated_off_target_mapped_depth	Untreated_low_mapq_mapped_depth	Untreated_primer_pair_1_mapped_depth	Denatured_mutations	Denatured_read_depth	Denatured_effective_depth	Denatured_rate	Denatured_off_target_mapped_depth	Denatured_low_mapq_mapped_depth	Denatured_primer_pair_1_mapped_depth	Reactivity_profile	Std_err	HQ_profile	HQ_stderr	Norm_profile	Norm_stderr
1	g	0	8966	0	nan	0	2	8966	0	0	0	nan	0	0	0	0	0	0	nan	0	0	0	nan	nan	nan	nan	nan	nan
2	g	0	8970	0	nan	0	2	8970	0	0	0	nan	0	0	0	0	0	0	nan	0	0	0	nan	nan	nan	nan	nan	nan
3	a	0	8976	0	nan	0	2	8976	0	0	0	nan	0	0	0	0	0	0	nan	0	0	0	nan	nan	nan	nan	nan	nan
4	u	0	8978	0	nan	0	2	8978	0	0	0	nan	0	0	0	0	0	0	nan	0	0	0	nan	nan	nan	nan	nan	nan
5	a	0	8978	0	nan	0	2	8978	0	0	0	nan	0	0	0	0	0	0	nan	0	0	0	nan	nan	nan	nan	nan	nan
6	a	0	8978	0	nan	0	2	8978	0	0	0	nan	0	0	0	0	0	0	nan	0	0	0	nan	nan	nan	nan	nan	nan
7	u	0	8978	0	nan	0	2	8978	0	0	0	nan	0	0	0	0	0	0	nan	0	0	0	nan	nan	nan	nan	nan	nan
8	c	0	8978	0	nan	0	2	8978	0	0	0	nan	0	0	0	0	0	0	nan	0	0	0	nan	nan	nan	nan	nan	nan
9	c	0	8978	0	nan	0	2	8978	0	0	0	nan	0	0	0	0	0	0	nan	0	0	0	nan	nan	nan	nan	nan	nan
10	a	0	8978	0	nan	0	2	8978	0	0	0	nan	0	0	0	0	0	0	nan	0	0	0	nan	nan	nan	nan	nan	nan
11	a	0	8978	0	nan	0	2	8978	0	0	0	nan	0	0	0	0	0	0	nan	0	0	0	nan	nan	nan	nan	nan	nan
12	a	0	8978	0	nan	0	2	8978	0	0	0	nan	0	0	0	0	0	0	nan	0	0	0	nan	nan	nan	nan	nan	nan
13	a	0	8978	0	nan	0	2	8978	0	0	0	nan	0	0	0	0	0	0	nan	0	0	0	nan	nan	nan	nan	nan	nan
14	c	0	8978	0	nan	0	2	8978	0	0	0	nan	0	0	0	0	0	0	nan	0	0	0	nan	nan	nan	nan	nan	nan
15	a	0	8978	0	nan	0	2	8978	0	0	0	nan	0	0	0	0	0	0	nan	0	0	0	nan	nan	nan	nan	nan	nan
16	a	0	8978	0	nan	0	2	8978	0	0	0	nan	0	0	0	0	0	0	nan	0	0	0	nan	nan	nan	nan	nan	nan
17	c	0	8978	0	nan	0	2	8978	0	0	0	nan	0	0	0	0	0	0	nan	0	0	0	nan	nan	nan	nan	nan	nan
18	a	0	8978	0	nan	0	2	8978	0	0	0	nan	0	0	0	0	0	0	nan	0	0	0	nan	nan	nan	nan	nan	nan
19	a	0	8978	0	nan	0	2	8978	0	0	0	nan	0	0	0	0	0	0	nan	0	0	0	nan	nan	nan	nan	nan	nan
20	c	0	8978	0	nan	0	2	8978	0	0	0	nan	0	0	0	0	0	0	nan	0	0	0	nan	nan	nan	nan	nan	nan
21	c	0	8978	0	nan	0	2	8978	0	0	0	nan	0	0	0	0	0	0	nan	0	0	0	nan	nan	nan	nan	nan	nan
22	A	0	8978	0	nan	0	2	8978	0	0	0	nan	0	0	0	0	0	0	nan	0	0	0	nan	nan	nan	nan	nan	nan
23	A	0	8978	0	nan	0	2	8978	0	0	0	nan	0	0	0	0	0	0	nan	0	0	0	nan	nan	nan	nan	nan	nan
24	A	0	8978	0	nan	0	2	8978	0	0	0	nan	0	0	0	0	0	0	nan	0	0	0	nan	nan	nan	nan	nan	nan
25	G	0	8978	7688	0.000000	0	2	8978	0	0	0	nan	0	0	0	0	0	0	nan	0	0	0	0.000000	0.000000	0.000000	0.000000	nan	nan
26	G	4	8978	6927	0.000577	0	2	8978	0	0	0	nan	0	0	0	0	0	0	nan	0	0	0	0.000577	0.000289	0.000577	0.000289	nan	nan
27	A	82	8978	6894	0.011894	0	2	8978	0	0	0	nan	0	0	0	0	0	0	nan	0	0	0	0.011894	0.001314	0.011894	0.001314	0.687972	0.076004
28	A	54	8978	6767	0.007980	0	2	8978	0	0	0	nan	0	0	0	0	0	0	nan	0	0	0	0.007980	0.001086	0.007980	0.001086	0.461579	0.062816
29	U	23	8978	8005	0.002873	0	2	8978	0	0	0	nan	0	0	0	0	0	0	nan	0	0	0	0.002873	0.000599	0.002873	0.000599	1.284884	0.267889
30	U	18	8978	8121	0.002216	0	2	8976	0	0	0	nan	0	0	0	0	0	0	nan	0	0	0	0.002216	0.000522	0.002216	0.000522	0.991055	0.233453
31	G	4	8978	8394	0.000477	0	2	8975	0	0	0	nan	0	0	0	0	0	0	nan	0	0	0	0.000477	0.000238	0.000477	0.000238	nan	nan
32	C	71	8978	8483	0.008370	0	2	8975	0	0	0	nan	0	0	0	0	0	0	nan	0	0	0	0.008370	0.000993	0.008370	0.000993	0.711735	0.084439
33	G	5	8978	8414	0.000594	0	2	8974	0	0	0	nan	0	0	0	0	0	0	nan	0	0	0	0.000594	0.000266	0.000594	0.000266	nan	nan
34	G	1	8978	8421	0.000119	0	2	8973	0	0	0	nan	0	0	0	0	0	0	nan	0	0	0	0.000119	0.000119	0.000119	0.000119	nan	nan
35	G	0	8978	7508	0.000000	0	2	8971	0	0	0	nan	0	0	0	0	0	0	nan	0	0	0	0.000000	0.000000	0.000000	0.000000	nan	nan
36	A	50	8978	7059	0.007083	0	2	8968	0	0	0	nan	0	0	0	0	0	0	nan	0	0	0	0.007083	0.001002	0.007083	0.001002	0.409694	0.057958
37	A	107	8978	6735	0.015887	0	2	8967	0	0	0	nan	0	0	0	0	0	0	nan	0	0	0	0.015887	0.001536	0.015887	0.001536	0.918935	0.088845
38	A	138	8978	7476	0.018459	0	2	8967	0	0	0	nan	0	0	0	0	0	0	nan	0	0	0	0.018459	0.001571	0.018459	0.001571	1.067704	0.090870
39	G	4	8978	7993	0.000500	0	2	8967	0	0	0	nan	0	0	0	0	0	0	nan	0	0	0	0.000500	0.000250	0.000500	0.000250	nan	nan
40	G	1	8978	8260	0.000121	0	2	8966	0	0	0	nan	0	0	0	0	0	0	nan	0	0	0	0.000121	0.000121	0.000121	0.000121	nan	nan
41	G	8	8978	8236	0.000971	0	2	8966	0	0	0	nan	0	0	0	0	0	0	nan	0	0	0	0.000971	0.000343	0.000971	0.000343	nan	nan
42	G	2	8978	8346	0.000240	0	2	8965	0	0	0	nan	0	0	0	0	0	0	nan	0	0	0	0.000240	0.000169	0.000240	0.000169	nan	nan
43	U	7	8978	8439	0.000829	0	2	8963	0	0	0	nan	0	0	0	0	0	0	nan	0	0	0	0.000829	0.000314	0.000829	0.000314	0.370751	0.140429
44	C	42	8978	7797	0.005387	0	2	8962	0	0	0	nan	0	0	0	0	0	0	nan	0	0	0	0.005387	0.000831	0.005387	0.000831	0.458078	0.070663
45	A	88	8978	7310	0.012038	0	2	8961	0	0	0	nan	0	0	0	0	0	0	nan	0	0	0	0.012038	0.001283	0.012038	0.001283	0.696301	0.074211
46	A	86	8978	7351	0.011699	0	2	8961	0	0	0	nan	0	0	0	0	0	0	nan	0	0	0	0.011699	0.001262	0.011699	0.001262	0.676693	0.072997
47	C	254	8978	7774	0.032673	0	2	8961	0	0	0	nan	0	0	0	0	0	0	nan	0	0	0	0.032673	0.002050	0.032673	0.002050	2.778316	0.174320
48	A	148	8978	8284	0.017866	0	2	8961	0	0	0	nan	0	0	0	0	0	0	nan	0	0	0	0.017866	0.001469	0.017866	0.001469	1.033404	0.084970
49	G	1	8977	8241	0.000121	0	2	8958	0	0	0	nan	0	0	0	0	0	0	nan	0	0	0	0.000121	0.000121	0.000121	0.000121	nan	nan
50	C	13	8977	7899	0.001646	0	2	8958	0	0	0	nan	0	0	0	0	0	0	nan	0	0	0	0.001646	0.000456	0.001646	0.000456	0.139966	0.038776
51	C	6	8977	7860	0.000763	0	2	8956	0	0	0	nan	0	0	0	0	0	0	nan	0	0	0	0.000763	0.000312	0.000763	0.000312	0.064881	0.026531
52	G	1	8977	7613	0.000131	0	2	8955	0	0	0	nan	0	0	0	0	0	0	nan	0	0	0	0.000131	0.000131	0.000131	0.000131	nan	nan
53	U	19	8977	8090	0.002349	0	2	8954	0	0	0	nan	0	0	0	0	0	0	nan	0	0	0	0.002349	0.000539	0.002349	0.000539	1.050537	0.241055
54	U	18	8977	7980	0.002256	0	2	8952	0	0	0	nan	0	0	0	0	0	0	nan	0	0	0	0.002256	0.000532	0.002256	0.000532	1.008945	0.237925
55	C	17	8978	8252	0.002060	0	2	8952	0	0	0	nan	0	0	0	0	0	0	nan	0	0	0	0.002060	0.000500	0.002060	0.000500	0.175170	0.042517
56	A	29	8978	8282	0.003502	0	0	8949	0	0	0	nan	0	0	0	0	0	0	nan	0	0	0	0.003502	0.000650	0.003502	0.000650	0.202562	0.037597
57	G	6	8978	8416	0.000713	0	0	8948	0	0	0	nan	0	0	0	0	0	0	nan	0	0	0	0.000713	0.000291	0.000713	0.000291	nan	nan
58	U	5	8978	8347	0.000599	0	0	8948	0	0	0	nan	0	0	0	0	0	0	nan	0	0	0	0.000599	0.000268	0.000599	0.000268	0.267889	0.119857
59	A	49	8978	8310	0.005897	0	0	8949	0	0	0	nan	0	0	0	0	0	0	nan	0	0	0	0.005897	0.000842	0.005897	0.000842	0.341094	0.048703
60	C	7	8978	8362	0.000837	0	0	8949	0	0	0	nan	0	0	0	0	0	0	nan	0	0	0	0.000837	0.000316	0.000837	0.000316	0.071173	0.026871
61	C	4	8978	8425	0.000475	0	0	8949	0	0	0	nan	0	0	0	0	0	0	nan	0	0	0	0.000475	0.000237	0.000475	0.000237	0.040391	0.020153
62	A	140	8978	8295	0.016878	0	0	8947	0	0	0	nan	0	0	0	0	0	0	nan	0	0	0	0.016878	0.001426	0.016878	0.001426	0.976256	0.082483
63	A	119	8978	8305	0.014329	0	0	8947	0	0	0	nan	0	0	0	0	0	0	nan	0	0	0	0.014329	0.001314	0.014329	0.001314	0.828817	0.076004
64	G	4	8978	8413	0.000475	0	0	8947	0	0	0	nan	0	0	0	0	0	0	nan	0	0	0	0.000475	0.000238	0.000475	0.000238	nan	nan
65	U	7	8978	7815	0.000896	0	0	8946	0	0	0	nan	0	0	0	0	0	0	nan	0	0	0	0.000896	0.000339	0.000896	0.000339	0.400716	0.151610
66	C	2	8980	7876	0.000254	0	2	8950	0	0	0	nan	0	0	0	0	0	0	nan	0	0	0	0.000254	0.000180	0.000254	0.000180	0.021599	0.015306
67	U	13	9080	7899	0.001646	0	2	9070	0	0	0	nan	0	0	0	0	0	0	nan	0	0	0	0.001646	0.000456	0.001646	0.000456	0.736136	0.203936
68	C	11	9081	8750	0.001257	0	2	9069	0	0	0	nan	0	0	0	0	0	0	nan	0	0	0	0.001257	0.000379	0.001257	0.000379	0.106888	0.032228
69	A	21	9081	8652	0.002427	0	2	9070	0	0	0	nan	0	0	0	0	0	0	nan	0	0	0	0.002427	0.000530	0.002427	0.000530	0.140382	0.030656
70	G	9	9081	8566	0.001051	0	2	9070	0	0	0	nan	0	0	0	0	0	0	nan	0	0	0	0.001051	0.000350	0.001051	0.000350	nan	nan
71	G	2	9081	8568	0.000233	0	2	9070	0	0	0	nan	0	0	0	0	0	0	nan	0	0	0	0.000233	0.000165	0.000233	0.000165	nan	nan
72	G	4	9081	8627	0.000464	0	2	9070	0	0	0	nan	0	0	0	0	0	0	nan	0	0	0	0.000464	0.000232	0.000464	0.000232	nan	nan
73	G	7	9081	8904	0.000786	0	2	9070	0	0	0	nan	0	0	0	0	0	0	nan	0	0	0	0.000786	0.000297	0.000786	0.000297	nan	nan
74	A	68	9081	8931	0.007614	0	2	9071	0	0	0	nan	0	0	0	0	0	0	nan	0	0	0	0.007614	0.000923	0.007614	0.000923	0.440408	0.053388
75	A	82	9081	8979	0.009132	0	2	9071	0	0	0	nan	0	0	0	0	0	0	nan	0	0	0	0.009132	0.001009	0.009132	0.001009	0.528212	0.058362
76	A	99	9082	8967	0.011040	0	2	9073	0	0	0	nan	0	0	0	0	0	0	nan	0	0	0	0.011040	0.001110	0.011040	0.001110	0.638575	0.064205
77	C	6	9082	8948	0.000671	0	2	9073	0	0	0	nan	0	0	0	0	0	0	nan	0	0	0	0.000671	0.000274	0.000671	0.000274	0.057058	0.023299
78	U	8	9082	8920	0.000897	0	2	9073	0	0	0	nan	0	0	0	0	0	0	nan	0	0	0	0.000897	0.000317	0.000897	0.000317	0.401163	0.141771
79	U	13	9082	8943	0.001454	0	2	9073	0	0	0	nan	0	0	0	0	0	0	nan	0	0	0	0.001454	0.000403	0.001454	0.000403	0.650268	0.180233
80	U	4	9081	8796	0.000455	0	2	9072	0	0	0	nan	0	0	0	0	0	0	nan	0	0	0	0.000455	0.000227	0.000455	0.000227	0.203488	0.101521
81	G	6	9080	8764	0.000685	0	2	9069	0	0	0	nan	0	0	0	0	0	0	nan	0	0	0	0.000685	0.000279	0.000685	0.000279	nan	nan
82	A	23	9078	8794	0.002615	0	2	9067	0	0	0	nan	0	0	0	0	0	0	nan	0	0	0	0.002615	0.000545	0.002615	0.000545	0.151257	0.031524
83	G	9	9078	8917	0.001009	0	2	9067	0	0	0	nan	0	0	0	0	0	0	nan	0	0	0	0.001009	0.000336	0.001009	0.000336	nan	nan
84	A	23	9078	8967	0.002565	0	2	9065	0	0	0	nan	0	0	0	0	0	0	nan	0	0	0	0.002565	0.000535	0.002565	0.000535	0.148365	0.030945
85	U	7	9078	8968	0.000781	0	2	9065	0	0	0	nan	0	0	0	0	0	0	nan	0	0	0	0.000781	0.000295	0.000781	0.000295	0.349284	0.131932
86	G	3	9078	8962	0.000335	0	2	9065	0	0	0	nan	0	0	0	0	0	0	nan	0	0	0	0.000335	0.000193	0.000335	0.000193	nan	nan
87	G	1	9078	8962	0.000112	0	2	9065	0	0	0	nan	0	0	0	0	0	0	nan	0	0	0	0.000112	0.000112	0.000112	0.000112	nan	nan
88	C	25	9078	8181	0.003056	0	2	9065	0	0	0	nan	0	0	0	0	0	0	nan	0	0	0	0.003056	0.000611	0.003056	0.000611	0.259864	0.051956
89	C	0	9078	8181	0.000000	0	2	9065	0	0	0	nan	0	0	0	0	0	0	nan	0	0	0	0.000000	0.000000	0.000000	0.000000	0.000000	0.000000
90	U	8	9078	8173	0.000979	0	2	9065	0	0	0	nan	0	0	0	0	0	0	nan	0	0	0	0.000979	0.000346	0.000979	0.000346	0.437835	0.154741
91	U	12	9078	8955	0.001340	0	2	9065	0	0	0	nan	0	0	0	0	0	0	nan	0	0	0	0.001340	0.000387	0.001340	0.000387	0.599284	0.173077
92	G	9	9079	8935	0.001007	0	2	9067	0	0	0	nan	0	0	0	0	0	0	nan	0	0	0	0.001007	0.000336	0.001007	0.000336	nan	nan
93	C	140	9079	8931	0.015676	0	2	9067	0	0	0	nan	0	0	0	0	0	0	nan	0	0	0	0.015676	0.001325	0.015676	0.001325	1.332993	0.112670
94	A	39	9078	8926	0.004369	0	2	9066	0	0	0	nan	0	0	0	0	0	0	nan	0	0	0	0.004369	0.000700	0.004369	0.000700	0.252711	0.040489
95	A	75	9078	8941	0.008388	0	2	9066	0	0	0	nan	0	0	0	0	0	0	nan	0	0	0	0.008388	0.000969	0.008388	0.000969	0.485178	0.056049
96	A	31	9078	8977	0.003453	0	2	9066	0	0	0	nan	0	0	0	0	0	0	nan	0	0	0	0.003453	0.000620	0.003453	0.000620	0.199728	0.035862
97	G	4	9078	8977	0.000446	0	2	9066	0	0	0	nan	0	0	0	0	0	0	nan	0	0	0	0.000446	0.000223	0.000446	0.000223	nan	nan
98	G	0	9077	9001	0.000000	0	2	9065	0	0	0	nan	0	0	0	0	0	0	nan	0	0	0	0.000000	0.000000	0.000000	0.000000	nan	nan
99	G	3	9077	8948	0.000335	0	2	9065	0	0	0	nan	0	0	0	0	0	0	nan	0	0	0	0.000335	0.000194	0.000335	0.000194	nan	nan
100	U	4	9077	8971	0.000446	0	2	9065	0	0	0	nan	0	0	0	0	0	0	nan	0	0	0	0.000446	0.000223	0.000446	0.000223	0.199463	0.099732
101	A	125	9077	8955	0.013959	0	2	9065	0	0	0	nan	0	0	0	0	0	0	nan	0	0	0	0.013959	0.001249	0.013959	0.001249	0.807415	0.072245
102	U	19	9077	8971	0.002118	0	2	9065	0	0	0	nan	0	0	0	0	0	0	nan	0	0	0	0.002118	0.000486	0.002118	0.000486	0.947227	0.217352
103	G	0	9077	8907	0.000000	0	2	9065	0	0	0	nan	0	0	0	0	0	0	nan	0	0	0	0.000000	0.000000	0.000000	0.000000	nan	nan
104	G	4	9077	8872	0.000451	0	2	9065	0	0	0	nan	0	0	0	0	0	0	nan	0	0	0	0.000451	0.000225	0.000451	0.000225	nan	nan
105	U	9	9077	8911	0.001010	0	2	9066	0	0	0	nan	0	0	0	0	0	0	nan	0	0	0	0.001010	0.000337	0.001010	0.000337	0.451699	0.150716
106	A	105	9077	8937	0.011749	0	2	9066	0	0	0	nan	0	0	0	0	0	0	nan	0	0	0	0.011749	0.001147	0.011749	0.001147	0.679585	0.066345
107	A	67	9077	8923	0.007509	0	2	9067	0	0	0	nan	0	0	0	0	0	0	nan	0	0	0	0.007509	0.000917	0.007509	0.000917	0.434335	0.053041
108	U	12	9077	8898	0.001349	0	2	9067	0	0	0	nan	0	0	0	0	0	0	nan	0	0	0	0.001349	0.000389	0.001349	0.000389	0.603309	0.173971
109	A	77	9077	8894	0.008658	0	2	9067	0	0	0	nan	0	0	0	0	0	0	nan	0	0	0	0.008658	0.000987	0.008658	0.000987	0.500795	0.057090
110	A	86	9077	8932	0.009628	0	2	9067	0	0	0	nan	0	0	0	0	0	0	nan	0	0	0	0.009628	0.001038	0.009628	0.001038	0.556902	0.060040
111	G	1	9077	8936	0.000112	0	2	9068	0	0	0	nan	0	0	0	0	0	0	nan	0	0	0	0.000112	0.000112	0.000112	0.000112	nan	nan
112	C	5	9077	8988	0.000556	0	2	9068	0	0	0	nan	0	0	0	0	0	0	nan	0	0	0	0.000556	0.000249	0.000556	0.000249	0.047279	0.021173
113	U	17	9077	8966	0.001896	0	2	9067	0	0	0	nan	0	0	0	0	0	0	nan	0	0	0	0.001896	0.000460	0.001896	0.000460	0.847943	0.205725
114	G	0	9077	8936	0.000000	0	2	9067	0	0	0	nan	0	0	0	0	0	0	nan	0	0	0	0.000000	0.000000	0.000000	0.000000	nan	nan
115	A	15	9077	8948	0.001676	0	2	9067	0	0	0	nan	0	0	0	0	0	0	nan	0	0	0	0.001676	0.000433	0.001676	0.000433	0.096943	0.025046
116	C	19	9077	8956	0.002121	0	2	9067	0	0	0	nan	0	0	0	0	0	0	nan	0	0	0	0.002121	0.000487	0.002121	0.000487	0.180357	0.041412
117	G	2	9077	8910	0.000224	0	2	9067	0	0	0	nan	0	0	0	0	0	0	nan	0	0	0	0.000224	0.000159	0.000224	0.000159	nan	nan
118	G	2	9077	8932	0.000224	0	2	9067	0	0	0	nan	0	0	0	0	0	0	nan	0	0	0	0.000224	0.000158	0.000224	0.000158	nan	nan
119	A	41	9077	8923	0.004595	0	2	9067	0	0	0	nan	0	0	0	0	0	0	nan	0	0	0	0.004595	0.000718	0.004595	0.000718	0.265784	0.041530
120	C	91	9077	8981	0.010133	0	2	9067	0	0	0	nan	0	0	0	0	0	0	nan	0	0	0	0.010133	0.001062	0.010133	0.001062	0.861650	0.090306
121	A	120	9077	8982	0.013360	0	2	9067	0	0	0	nan	0	0	0	0	0	0	nan	0	0	0	0.013360	0.001220	0.013360	0.001220	0.772768	0.070567
122	U	5	9077	8986	0.000556	0	2	9067	0	0	0	nan	0	0	0	0	0	0	nan	0	0	0	0.000556	0.000249	0.000556	0.000249	0.248658	0.111360
123	G	1	9077	8972	0.000111	0	2	9067	0	0	0	nan	0	0	0	0	0	0	nan	0	0	0	0.000111	0.000111	0.000111	0.000111	nan	nan
124	G	4	9077	8960	0.000446	0	2	9067	0	0	0	nan	0	0	0	0	0	0	nan	0	0	0	0.000446	0.000223	0.000446	0.000223	nan	nan
125	U	7	9077	8762	0.000799	0	2	9067	0	0	0	nan	0	0	0	0	0	0	nan	0	0	0	0.000799	0.000302	0.000799	0.000302	0.357335	0.135063
126	C	7	9077	8759	0.000799	0	2	9067	0	0	0	nan	0	0	0	0	0	0	nan	0	0	0	0.000799	0.000302	0.000799	0.000302	0.067942	0.025680
127	C	3	9077	8754	0.000343	0	2	9067	0	0	0	nan	0	0	0	0	0	0	nan	0	0	0	0.000343	0.000198	0.000343	0.000198	0.029167	0.016837
128	U	14	9077	8909	0.001571	0	2	9065	0	0	0	nan	0	0	0	0	0	0	nan	0	0	0	0.001571	0.000420	0.001571	0.000420	0.702594	0.187835
129	A	161	9037	8830	0.018233	0	2	9005	0	0	0	nan	0	0	0	0	0	0	nan	0	0	0	0.018233	0.001437	0.018233	0.001437	1.054632	0.083119
130	A	156	9037	8814	0.017699	0	2	9006	0	0	0	nan	0	0	0	0	0	0	nan	0	0	0	0.017699	0.001417	0.017699	0.001417	1.023744	0.081962
131	C	24	9037	8816	0.002722	0	2	9006	0	0	0	nan	0	0	0	0	0	0	nan	0	0	0	0.002722	0.000556	0.002722	0.000556	0.231463	0.047279
132	C	12	9037	8816	0.001361	0	2	9007	0	0	0	nan	0	0	0	0	0	0	nan	0	0	0	0.001361	0.000393	0.001361	0.000393	0.115731	0.033418
133	A	67	9037	8808	0.007607	0	2	9007	0	0	0	nan	0	0	0	0	0	0	nan	0	0	0	0.007607	0.000929	0.007607	0.000929	0.440003	0.053735
134	C	17	9037	8794	0.001933	0	2	9007	0	0	0	nan	0	0	0	0	0	0	nan	0	0	0	0.001933	0.000469	0.001933	0.000469	0.164371	0.039881
135	G	4	9037	8728	0.000458	0	2	9009	0	0	0	nan	0	0	0	0	0	0	nan	0	0	0	0.000458	0.000229	0.000458	0.000229	nan	nan
136	C	11	9037	8743	0.001258	0	2	9009	0	0	0	nan	0	0	0	0	0	0	nan	0	0	0	0.001258	0.000379	0.001258	0.000379	0.106973	0.032228
137	A	32	9037	8756	0.003655	0	2	9009	0	0	0	nan	0	0	0	0	0	0	nan	0	0	0	0.003655	0.000646	0.003655	0.000646	0.211412	0.037366
138	G	3	9037	8732	0.000344	0	2	9010	0	0	0	nan	0	0	0	0	0	0	nan	0	0	0	0.000344	0.000198	0.000344	0.000198	nan	nan
139	C	40	9037	8772	0.004560	0	2	9010	0	0	0	nan	0	0	0	0	0	0	nan	0	0	0	0.004560	0.000721	0.004560	0.000721	0.387755	0.061310
140	C	32	9037	8764	0.003651	0	2	9011	0	0	0	nan	0	0	0	0	0	0	nan	0	0	0	0.003651	0.000645	0.003651	0.000645	0.310459	0.054847
141	A	79	9037	8725	0.009054	0	2	9012	0	0	0	nan	0	0	0	0	0	0	nan	0	0	0	0.009054	0.001019	0.009054	0.001019	0.523701	0.058941
142	A	41	9037	8717	0.004703	0	2	9013	0	0	0	nan	0	0	0	0	0	0	nan	0	0	0	0.004703	0.000735	0.004703	0.000735	0.272031	0.042514
143	G	0	9037	8667	0.000000	0	2	9013	0	0	0	nan	0	0	0	0	0	0	nan	0	0	0	0.000000	0.000000	0.000000	0.000000	nan	nan
144	U	13	9037	8706	0.001493	0	2	9013	0	0	0	nan	0	0	0	0	0	0	nan	0	0	0	0.001493	0.000414	0.001493	0.000414	0.667710	0.185152
145	C	11	9037	8736	0.001259	0	2	9013	0	0	0	nan	0	0	0	0	0	0	nan	0	0	0	0.001259	0.000380	0.001259	0.000380	0.107058	0.032313
146	C	12	9037	8611	0.001394	0	2	9014	0	0	0	nan	0	0	0	0	0	0	nan	0	0	0	0.001394	0.000402	0.001394	0.000402	0.118537	0.034184
147	U	11	9037	8596	0.001280	0	2	9014	0	0	0	nan	0	0	0	0	0	0	nan	0	0	0	0.001280	0.000386	0.001280	0.000386	0.572451	0.172630
148	A	59	9037	8539	0.006909	0	2	9014	0	0	0	nan	0	0	0	0	0	0	nan	0	0	0	0.006909	0.000900	0.006909	0.000900	0.399630	0.052058
149	A	49	9037	8598	0.005699	0	2	9014	0	0	0	nan	0	0	0	0	0	0	nan	0	0	0	0.005699	0.000814	0.005699	0.000814	0.329641	0.047083
150	G	7	9037	8474	0.000826	0	2	9015	0	0	0	nan	0	0	0	0	0	0	nan	0	0	0	0.000826	0.000312	0.000826	0.000312	nan	nan
151	U	7	9037	8541	0.000820	0	2	9016	0	0	0	nan	0	0	0	0	0	0	nan	0	0	0	0.000820	0.000310	0.000820	0.000310	0.366726	0.138640
152	C	24	9037	8691	0.002761	0	2	9016	0	0	0	nan	0	0	0	0	0	0	nan	0	0	0	0.002761	0.000564	0.002761	0.000564	0.234779	0.047959
153	A	36	9037	8760	0.004110	0	2	9016	0	0	0	nan	0	0	0	0	0	0	nan	0	0	0	0.004110	0.000685	0.004110	0.000685	0.237730	0.039622
154	A	34	9037	8718	0.003900	0	2	9018	0	0	0	nan	0	0	0	0	0	0	nan	0	0	0	0.003900	0.000669	0.003900	0.000669	0.225583	0.038696
155	C	28	9037	8690	0.003222	0	2	9018	0	0	0	nan	0	0	0	0	0	0	nan	0	0	0	0.003222	0.000609	0.003222	0.000609	0.273980	0.051786
156	A	19	9037	8708	0.002182	0	2	9018	0	0	0	nan	0	0	0	0	0	0	nan	0	0	0	0.002182	0.000501	0.002182	0.000501	0.126211	0.028979
157	G	4	9037	8663	0.000462	0	2	9018	0	0	0	nan	0	0	0	0	0	0	nan	0	0	0	0.000462	0.000231	0.000462	0.000231	nan	nan
158	A	70	9037	8531	0.008205	0	2	9018	0	0	0	nan	0	0	0	0	0	0	nan	0	0	0	0.008205	0.000981	0.008205	0.000981	0.474593	0.056743
159	U	15	9037	8520	0.001761	0	2	9018	0	0	0	nan	0	0	0	0	0	0	nan	0	0	0	0.001761	0.000455	0.001761	0.000455	0.787567	0.203488
160	C	114	9037	8516	0.013387	0	2	9019	0	0	0	nan	0	0	0	0	0	0	nan	0	0	0	0.013387	0.001254	0.013387	0.001254	1.138350	0.106633
161	U	8	9037	8506	0.000941	0	2	9020	0	0	0	nan	0	0	0	0	0	0	nan	0	0	0	0.000941	0.000333	0.000941	0.000333	0.420841	0.148927
162	U	14	9037	8515	0.001644	0	2	9020	0	0	0	nan	0	0	0	0	0	0	nan	0	0	0	0.001644	0.000439	0.001644	0.000439	0.735242	0.196333
163	C	8	9037	8561	0.000934	0	2	9023	0	0	0	nan	0	0	0	0	0	0	nan	0	0	0	0.000934	0.000330	0.000934	0.000330	0.079422	0.028061
164	U	5	9037	8535	0.000586	0	2	9024	0	0	0	nan	0	0	0	0	0	0	nan	0	0	0	0.000586	0.000262	0.000586	0.000262	0.262075	0.117174
165	G	0	9037	8222	0.000000	0	2	9025	0	0	0	nan	0	0	0	0	0	0	nan	0	0	0	0.000000	0.000000	0.000000	0.000000	nan	nan
166	U	14	9038	8287	0.001689	0	2	9027	0	0	0	nan	0	0	0	0	0	0	nan	0	0	0	0.001689	0.000452	0.001689	0.000452	0.755367	0.202147
167	U	5	9038	8480	0.000590	0	2	9027	0	0	0	nan	0	0	0	0	0	0	nan	0	0	0	0.000590	0.000264	0.000590	0.000264	0.263864	0.118068
168	G	2	9038	8751	0.000229	0	2	9028	0	0	0	nan	0	0	0	0	0	0	nan	0	0	0	0.000229	0.000162	0.000229	0.000162	nan	nan
169	A	14	9038	8744	0.001601	0	2	9028	0	0	0	nan	0	0	0	0	0	0	nan	0	0	0	0.001601	0.000428	0.001601	0.000428	0.092605	0.024756
170	U	5	9038	8665	0.000577	0	2	9029	0	0	0	nan	0	0	0	0	0	0	nan	0	0	0	0.000577	0.000258	0.000577	0.000258	0.258050	0.115385
171	A	76	9038	8526	0.008914	0	2	9030	0	0	0	nan	0	0	0	0	0	0	nan	0	0	0	0.008914	0.001022	0.008914	0.001022	0.515603	0.059114
172	U	5	9038	8604	0.000581	0	2	9030	0	0	0	nan	0	0	0	0	0	0	nan	0	0	0	0.000581	0.000260	0.000581	0.000260	0.259839	0.116279
173	G	0	9038	8676	0.000000	0	2	9030	0	0	0	nan	0	0	0	0	0	0	nan	0	0	0	0.000000	0.000000	0.000000	0.000000	nan	nan
174	G	3	9038	8785	0.000341	0	2	9030	0	0	0	nan	0	0	0	0	0	0	nan	0	0	0	0.000341	0.000197	0.000341	0.000197	nan	nan
175	A	24	9038	8284	0.002897	0	2	9030	0	0	0	nan	0	0	0	0	0	0	nan	0	0	0	0.002897	0.000591	0.002897	0.000591	0.167568	0.034185
176	U	8	9038	8289	0.000965	0	2	9030	0	0	0	nan	0	0	0	0	0	0	nan	0	0	0	0.000965	0.000341	0.000965	0.000341	0.431574	0.152504
177	G	2	9038	8273	0.000242	0	2	9030	0	0	0	nan	0	0	0	0	0	0	nan	0	0	0	0.000242	0.000171	0.000242	0.000171	nan	nan
178	C	64	9038	8716	0.007343	0	2	9030	0	0	0	nan	0	0	0	0	0	0	nan	0	0	0	0.007343	0.000918	0.007343	0.000918	0.624405	0.078061
179	A	34	9038	8710	0.003904	0	2	9031	0	0	0	nan	0	0	0	0	0	0	nan	0	0	0	0.003904	0.000669	0.003904	0.000669	0.225815	0.038696
180	G	5	9038	8392	0.000596	0	2	9032	0	0	0	nan	0	0	0	0	0	0	nan	0	0	0	0.000596	0.000266	0.000596	0.000266	nan	nan
181	U	6	9038	8238	0.000728	0	2	9032	0	0	0	nan	0	0	0	0	0	0	nan	0	0	0	0.000728	0.000297	0.000728	0.000297	0.325581	0.132826
182	U	11	9038	8132	0.001353	0	2	9034	0	0	0	nan	0	0	0	0	0	0	nan	0	0	0	0.001353	0.000408	0.001353	0.000408	0.605098	0.182469
183	C	23	9038	8392	0.002741	0	2	9034	0	0	0	nan	0	0	0	0	0	0	nan	0	0	0	0.002741	0.000571	0.002741	0.000571	0.233078	0.048554
184	A	24	9038	8613	0.002786	0	2	9035	0	0	0	nan	0	0	0	0	0	0	nan	0	0	0	0.002786	0.000569	0.002786	0.000569	0.161148	0.032912
185	A	67	9039	8657	0.007739	0	2	9037	0	0	0	nan	0	0	0	0	0	0	nan	0	0	0	0.007739	0.000946	0.007739	0.000946	0.447639	0.054718
186	C	20	9040	8575	0.002332	0	2	9038	0	0	0	nan	0	0	0	0	0	0	nan	0	0	0	0.002332	0.000522	0.002332	0.000522	0.198299	0.044388
187	C	7	9040	8566	0.000817	0	2	9039	0	0	0	nan	0	0	0	0	0	0	nan	0	0	0	0.000817	0.000309	0.000817	0.000309	0.069473	0.026276
188	A	12	9041	8588	0.001397	0	2	9040	0	0	0	nan	0	0	0	0	0	0	nan	0	0	0	0.001397	0.000403	0.001397	0.000403	0.080805	0.023310
189	A	6	9042	8560	0.000701	0	2	9042	0	0	0	nan	0	0	0	0	0	0	nan	0	0	0	0.000701	0.000286	0.000701	0.000286	0.040547	0.016543
190	A	0	9042	8189	0.000000	0	2	9042	0	0	0	nan	0	0	0	0	0	0	nan	0	0	0	0.000000	0.000000	0.000000	0.000000	0.000000	0.000000
191	U	0	9042	0	nan	0	2	9042	0	0	0	nan	0	0	0	0	0	0	nan	0	0	0	nan	nan	nan	nan	nan	nan
192	C	0	9042	0	nan	0	2	9042	0	0	0	nan	0	0	0	0	0	0	nan	0	0	0	nan	nan	nan	nan	nan	nan
193	A	0	9042	0	nan	0	2	9042	0	0	0	nan	0	0	0	0	0	0	nan	0	0	0	nan	nan	nan	nan	nan	nan
194	c	0	9042	0	nan	0	2	9042	0	0	0	nan	0	0	0	0	0	0	nan	0	0	0	nan	nan	nan	nan	nan	nan
195	c	0	9042	0	nan	0	2	9042	0	0	0	nan	0	0	0	0	0	0	nan	0	0	0	nan	nan	nan	nan	nan	nan
196	a	0	9042	0	nan	0	2	9042	0	0	0	nan	0	0	0	0	0	0	nan	0	0	0	nan	nan	nan	nan	nan	nan
197	a	0	9042	0	nan	0	2	9042	0	0	0	nan	0	0	0	0	0	0	nan	0	0	0	nan	nan	nan	nan	nan	nan
198	a	0	9042	0	nan	0	2	9042	0	0	0	nan	0	0	0	0	0	0	nan	0	0	0	nan	nan	nan	nan	nan	nan
199	c	0	9042	0	nan	0	2	9042	0	0	0	nan	0	0	0	0	0	0	nan	0	0	0	nan	nan	nan	nan	nan	nan
200	c	0	9042	0	nan	0	2	9042	0	0	0	nan	0	0	0	0	0	0	nan	0	0	0	nan	nan	nan	nan	nan	nan
201	a	0	9042	0	nan	0	2	9042	0	0	0	nan	0	0	0	0	0	0	nan	0	0	0	nan	nan	nan	nan	nan	nan
202	a	0	9042	0	nan	0	2	9042	0	0	0	nan	0	0	0	0	0	0	nan	0	0	0	nan	nan	nan	nan	nan	nan
203	a	0	9042	0	nan	0	2	9042	0	0	0	nan	0	0	0	0	0	0	nan	0	0	0	nan	nan	nan	nan	nan	nan
204	g	0	9042	0	nan	0	2	9042	0	0	0	nan	0	0	0	0	0	0	nan	0	0	0	nan	nan	nan	nan	nan	nan
205	a	0	9042	0	nan	0	2	9042	0	0	0	nan	0	0	0	0	0	0	nan	0	0	0	nan	nan	nan	nan	nan	nan
206	a	0	9042	0	nan	0	2	9042	0	0	0	nan	0	0	0	0	0	0	nan	0	0	0	nan	nan	nan	nan	nan	nan
207	a	0	9042	0	nan	0	2	9042	0	0	0	nan	0	0	0	0	0	0	nan	0	0	0	nan	nan	nan	nan	nan	nan
208	c	0	9042	0	nan	0	2	9042	0	0	0	nan	0	0	0	0	0	0	nan	0	0	0	nan	nan	nan	nan	nan	nan
209	a	0	9042	0	nan	0	2	9042	0	0	0	nan	0	0	0	0	0	0	nan	0	0	0	nan	nan	nan	nan	nan	nan
210	a	0	9041	0	nan	0	2	9041	0	0	0	nan	0	0	0	0	0	0	nan	0	0	0	nan	nan	nan	nan	nan	nan
211	c	0	9039	0	nan	0	2	9039	0	0	0	nan	0	0	0	0	0	0	nan	0	0	0	nan	nan	nan	nan	nan	nan
212	c	0	9038	0	nan	0	2	9038	0	0	0	nan	0	0	0	0	0	0	nan	0	0	0	nan	nan	nan	nan	nan	nan