Nucleotide	Sequence	Modified_mutations	Modified_read_depth	Modified_effective_depth	Modified_rate	Modified_off_target_mapped_depth	Modified_low_mapq_mapped_depth	Modified_primer_pair_1_mapped_depth	Untreated_mutations	Untreated_read_depth	Untreated_effective_depth	Untreated_rate	Untreated_off_target_mapped_depth	Untreated_low_mapq_mapped_depth	Untreated_primer_pair_1_mapped_depth	Denatured_mutations	Denatured_read_depth	Denatured_effective_depth	Denatured_rate	Denatured_off_target_mapped_depth	Denatured_low_mapq_mapped_depth	Denatured_primer_pair_1_mapped_depth	Reactivity_profile	Std_err	HQ_profile	HQ_stderr	Norm_profile	Norm_stderr
1	g	0	4123487	0	nan	3	229	4123487	0	0	0	nan	0	0	0	0	0	0	nan	0	0	0	nan	nan	nan	nan	nan	nan
2	g	0	4182879	0	nan	3	230	4182879	0	0	0	nan	0	0	0	0	0	0	nan	0	0	0	nan	nan	nan	nan	nan	nan
3	u	0	4213241	0	nan	3	234	4213241	0	0	0	nan	0	0	0	0	0	0	nan	0	0	0	nan	nan	nan	nan	nan	nan
4	g	0	4220845	0	nan	3	235	4220845	0	0	0	nan	0	0	0	0	0	0	nan	0	0	0	nan	nan	nan	nan	nan	nan
5	u	0	4225805	0	nan	3	237	4225805	0	0	0	nan	0	0	0	0	0	0	nan	0	0	0	nan	nan	nan	nan	nan	nan
6	a	0	4230302	0	nan	3	239	4230302	0	0	0	nan	0	0	0	0	0	0	nan	0	0	0	nan	nan	nan	nan	nan	nan
7	a	0	4232523	0	nan	3	240	4232523	0	0	0	nan	0	0	0	0	0	0	nan	0	0	0	nan	nan	nan	nan	nan	nan
8	g	0	4233753	0	nan	3	240	4233753	0	0	0	nan	0	0	0	0	0	0	nan	0	0	0	nan	nan	nan	nan	nan	nan
9	g	0	4235159	0	nan	3	240	4235159	0	0	0	nan	0	0	0	0	0	0	nan	0	0	0	nan	nan	nan	nan	nan	nan
10	g	0	4237355	0	nan	3	240	4237355	0	0	0	nan	0	0	0	0	0	0	nan	0	0	0	nan	nan	nan	nan	nan	nan
11	u	0	4241709	0	nan	3	240	4241709	0	0	0	nan	0	0	0	0	0	0	nan	0	0	0	nan	nan	nan	nan	nan	nan
12	g	0	4254680	0	nan	107	242	4254680	0	0	0	nan	0	0	0	0	0	0	nan	0	0	0	nan	nan	nan	nan	nan	nan
13	a	0	4276538	0	nan	120	243	4276538	0	0	0	nan	0	0	0	0	0	0	nan	0	0	0	nan	nan	nan	nan	nan	nan
14	a	0	4300497	0	nan	150	244	4300497	0	0	0	nan	0	0	0	0	0	0	nan	0	0	0	nan	nan	nan	nan	nan	nan
15	g	0	4318212	0	nan	707	244	4318212	0	0	0	nan	0	0	0	0	0	0	nan	0	0	0	nan	nan	nan	nan	nan	nan
16	u	0	4335555	0	nan	709	245	4335555	0	0	0	nan	0	0	0	0	0	0	nan	0	0	0	nan	nan	nan	nan	nan	nan
17	g	0	4343822	0	nan	716	245	4343822	0	0	0	nan	0	0	0	0	0	0	nan	0	0	0	nan	nan	nan	nan	nan	nan
18	u	0	4349025	0	nan	722	245	4349025	0	0	0	nan	0	0	0	0	0	0	nan	0	0	0	nan	nan	nan	nan	nan	nan
19	a	0	4353036	0	nan	722	247	4353036	0	0	0	nan	0	0	0	0	0	0	nan	0	0	0	nan	nan	nan	nan	nan	nan
20	A	0	4355108	494	0.000000	722	247	4355108	0	0	0	nan	0	0	0	0	0	0	nan	0	0	0	0.000000	0.000000	nan	nan	nan	nan
21	G	0	4356123	524	0.000000	722	247	4356123	0	0	0	nan	0	0	0	0	0	0	nan	0	0	0	0.000000	0.000000	nan	nan	nan	nan
22	G	0	4357729	1000	0.000000	722	247	4357729	0	0	0	nan	0	0	0	0	0	0	nan	0	0	0	0.000000	0.000000	nan	nan	nan	nan
23	U	0	4360988	3701959	0.000000	722	247	4360988	0	0	0	nan	0	0	0	0	0	0	nan	0	0	0	0.000000	0.000000	0.000000	0.000000	0.000000	0.000000
24	U	9274	4363060	3759496	0.002467	723	247	4363060	0	0	0	nan	0	0	0	0	0	0	nan	0	0	0	0.002467	0.000026	0.002467	0.000026	0.645305	0.006801
25	G	4098	4371334	3799802	0.001078	723	247	4371334	0	0	0	nan	0	0	0	0	0	0	nan	0	0	0	0.001078	0.000017	0.001078	0.000017	nan	nan
26	A	89544	4386276	3937895	0.022739	723	247	4386224	0	0	0	nan	0	0	0	0	0	0	nan	0	0	0	0.022739	0.000076	0.022739	0.000076	1.117409	0.003735
27	A	97806	4391248	3829612	0.025539	723	247	4391154	0	0	0	nan	0	0	0	0	0	0	nan	0	0	0	0.025539	0.000082	0.025539	0.000082	1.255003	0.004030
28	C	63602	4392866	3712792	0.017131	723	247	4392752	0	0	0	nan	0	0	0	0	0	0	nan	0	0	0	0.017131	0.000068	0.017131	0.000068	1.270940	0.005045
29	U	11255	4395130	3698612	0.003043	723	247	4395002	0	0	0	nan	0	0	0	0	0	0	nan	0	0	0	0.003043	0.000029	0.003043	0.000029	0.795972	0.007586
30	U	5507	4397898	3726226	0.001478	725	247	4397753	0	0	0	nan	0	0	0	0	0	0	nan	0	0	0	0.001478	0.000020	0.001478	0.000020	0.386607	0.005231
31	U	4709	4401009	3686686	0.001277	725	247	4400837	0	0	0	nan	0	0	0	0	0	0	nan	0	0	0	0.001277	0.000019	0.001277	0.000019	0.334031	0.004970
32	U	20394	4404196	3764207	0.005418	725	247	4404004	0	0	0	nan	0	0	0	0	0	0	nan	0	0	0	0.005418	0.000038	0.005418	0.000038	1.417212	0.009940
33	G	2623	4436463	3839446	0.000683	726	247	4436244	0	0	0	nan	0	0	0	0	0	0	nan	0	0	0	0.000683	0.000013	0.000683	0.000013	nan	nan
34	A	30859	4455654	4201406	0.007345	726	247	4455443	0	0	0	nan	0	0	0	0	0	0	nan	0	0	0	0.007345	0.000042	0.007345	0.000042	0.360938	0.002064
35	A	28654	4462471	4187899	0.006842	726	247	4462258	0	0	0	nan	0	0	0	0	0	0	nan	0	0	0	0.006842	0.000040	0.006842	0.000040	0.336220	0.001966
36	U	2294	4463826	4164071	0.000551	726	247	4463604	0	0	0	nan	0	0	0	0	0	0	nan	0	0	0	0.000551	0.000012	0.000551	0.000012	0.144128	0.003139
37	A	232010	4465230	4021249	0.057696	726	247	4464987	0	0	0	nan	0	0	0	0	0	0	nan	0	0	0	0.057696	0.000120	0.057696	0.000120	2.835219	0.005897
38	G	4065	4466464	3900428	0.001042	728	248	4466224	0	0	0	nan	0	0	0	0	0	0	nan	0	0	0	0.001042	0.000016	0.001042	0.000016	nan	nan
39	U	6335	4467225	3838107	0.001651	728	248	4466971	0	0	0	nan	0	0	0	0	0	0	nan	0	0	0	0.001651	0.000021	0.001651	0.000021	0.431860	0.005493
40	G	6301	4468603	3835509	0.001643	728	248	4468324	0	0	0	nan	0	0	0	0	0	0	nan	0	0	0	0.001643	0.000021	0.001643	0.000021	nan	nan
41	A	50273	4473455	3813699	0.013182	728	248	4473161	0	0	0	nan	0	0	0	0	0	0	nan	0	0	0	0.013182	0.000059	0.013182	0.000059	0.647772	0.002899
42	U	13771	4474879	3740055	0.003682	728	248	4474581	0	0	0	nan	0	0	0	0	0	0	nan	0	0	0	0.003682	0.000031	0.003682	0.000031	0.963118	0.008109
43	U	5537	4478335	3743911	0.001479	729	248	4478028	0	0	0	nan	0	0	0	0	0	0	nan	0	0	0	0.001479	0.000020	0.001479	0.000020	0.386869	0.005231
44	C	9552	4490074	3786668	0.002523	727	248	4489751	0	0	0	nan	0	0	0	0	0	0	nan	0	0	0	0.002523	0.000026	0.002523	0.000026	0.187180	0.001929
45	A	19973	4500773	3850022	0.005188	728	248	4500415	0	0	0	nan	0	0	0	0	0	0	nan	0	0	0	0.005188	0.000037	0.005188	0.000037	0.254942	0.001818
46	G	3808	4507261	3724997	0.001022	723	248	4506898	0	0	0	nan	0	0	0	0	0	0	nan	0	0	0	0.001022	0.000017	0.001022	0.000017	nan	nan
47	G	7722	4519203	3777063	0.002044	719	248	4518838	0	0	0	nan	0	0	0	0	0	0	nan	0	0	0	0.002044	0.000023	0.002044	0.000023	nan	nan
48	A	17161	4536678	3624652	0.004735	718	248	4536322	0	0	0	nan	0	0	0	0	0	0	nan	0	0	0	0.004735	0.000036	0.004735	0.000036	0.232681	0.001769
49	G	36937	4539859	3659236	0.010094	718	248	4539502	0	0	0	nan	0	0	0	0	0	0	nan	0	0	0	0.010094	0.000053	0.010094	0.000053	nan	nan
50	G	3866	4552626	3483734	0.001110	717	248	4552281	0	0	0	nan	0	0	0	0	0	0	nan	0	0	0	0.001110	0.000018	0.001110	0.000018	nan	nan
51	U	13803	4558996	3610066	0.003823	717	248	4558683	0	0	0	nan	0	0	0	0	0	0	nan	0	0	0	0.003823	0.000033	0.003823	0.000033	1.000000	0.008632
52	U	7631	4577135	3625182	0.002105	715	248	4576882	0	0	0	nan	0	0	0	0	0	0	nan	0	0	0	0.002105	0.000024	0.002105	0.000024	0.550615	0.006278
53	A	30516	4593380	3950570	0.007724	711	248	4593143	0	0	0	nan	0	0	0	0	0	0	nan	0	0	0	0.007724	0.000044	0.007724	0.000044	0.379562	0.002162
54	A	39807	4608921	4002537	0.009945	711	248	4608801	0	0	0	nan	0	0	0	0	0	0	nan	0	0	0	0.009945	0.000050	0.009945	0.000050	0.488704	0.002457
55	U	9937	4610996	3790628	0.002621	710	248	4610907	0	0	0	nan	0	0	0	0	0	0	nan	0	0	0	0.002621	0.000026	0.002621	0.000026	0.685587	0.006801
56	G	6717	4613875	3586643	0.001873	708	248	4613802	0	0	0	nan	0	0	0	0	0	0	nan	0	0	0	0.001873	0.000023	0.001873	0.000023	nan	nan
57	G	0	4616634	3656653	0.000000	708	248	4616583	0	0	0	nan	0	0	0	0	0	0	nan	0	0	0	0.000000	0.000000	0.000000	0.000000	nan	nan
58	A	0	4623054	87	0.000000	706	248	4623054	0	0	0	nan	0	0	0	0	0	0	nan	0	0	0	0.000000	0.000000	nan	nan	nan	nan
59	A	0	4622953	76	0.000000	706	248	4622953	0	0	0	nan	0	0	0	0	0	0	nan	0	0	0	0.000000	0.000000	nan	nan	nan	nan
60	G	0	4622855	41	0.000000	705	248	4622855	0	0	0	nan	0	0	0	0	0	0	nan	0	0	0	0.000000	0.000000	nan	nan	nan	nan
61	u	0	4622769	0	nan	705	248	4622769	0	0	0	nan	0	0	0	0	0	0	nan	0	0	0	nan	nan	nan	nan	nan	nan
62	a	0	4622626	0	nan	700	248	4622626	0	0	0	nan	0	0	0	0	0	0	nan	0	0	0	nan	nan	nan	nan	nan	nan
63	a	0	4622540	0	nan	697	248	4622540	0	0	0	nan	0	0	0	0	0	0	nan	0	0	0	nan	nan	nan	nan	nan	nan
64	a	0	4622520	0	nan	694	248	4622520	0	0	0	nan	0	0	0	0	0	0	nan	0	0	0	nan	nan	nan	nan	nan	nan
65	g	0	4622476	0	nan	692	246	4622476	0	0	0	nan	0	0	0	0	0	0	nan	0	0	0	nan	nan	nan	nan	nan	nan
66	g	0	4622455	0	nan	692	246	4622455	0	0	0	nan	0	0	0	0	0	0	nan	0	0	0	nan	nan	nan	nan	nan	nan
67	u	0	4622427	0	nan	692	246	4622427	0	0	0	nan	0	0	0	0	0	0	nan	0	0	0	nan	nan	nan	nan	nan	nan
68	a	0	4622392	0	nan	692	246	4622392	0	0	0	nan	0	0	0	0	0	0	nan	0	0	0	nan	nan	nan	nan	nan	nan
69	a	0	4622382	0	nan	692	246	4622382	0	0	0	nan	0	0	0	0	0	0	nan	0	0	0	nan	nan	nan	nan	nan	nan
70	u	0	4622358	0	nan	691	245	4622358	0	0	0	nan	0	0	0	0	0	0	nan	0	0	0	nan	nan	nan	nan	nan	nan
71	g	0	4622260	0	nan	690	245	4622260	0	0	0	nan	0	0	0	0	0	0	nan	0	0	0	nan	nan	nan	nan	nan	nan
72	a	0	4622114	0	nan	675	245	4622114	0	0	0	nan	0	0	0	0	0	0	nan	0	0	0	nan	nan	nan	nan	nan	nan
73	a	0	4622074	0	nan	672	245	4622074	0	0	0	nan	0	0	0	0	0	0	nan	0	0	0	nan	nan	nan	nan	nan	nan
74	g	0	4622043	0	nan	669	245	4622043	0	0	0	nan	0	0	0	0	0	0	nan	0	0	0	nan	nan	nan	nan	nan	nan
75	g	0	4621989	0	nan	667	244	4621989	0	0	0	nan	0	0	0	0	0	0	nan	0	0	0	nan	nan	nan	nan	nan	nan
76	u	0	4621906	0	nan	666	243	4621906	0	0	0	nan	0	0	0	0	0	0	nan	0	0	0	nan	nan	nan	nan	nan	nan
77	g	0	4621824	0	nan	666	243	4621824	0	0	0	nan	0	0	0	0	0	0	nan	0	0	0	nan	nan	nan	nan	nan	nan
78	a	0	4621717	0	nan	647	243	4621717	0	0	0	nan	0	0	0	0	0	0	nan	0	0	0	nan	nan	nan	nan	nan	nan
79	a	0	4619008	0	nan	632	237	4619008	0	0	0	nan	0	0	0	0	0	0	nan	0	0	0	nan	nan	nan	nan	nan	nan
80	g	0	4616988	0	nan	629	233	4616988	0	0	0	nan	0	0	0	0	0	0	nan	0	0	0	nan	nan	nan	nan	nan	nan